150 400
823 0
266 1
799 2
1117 3
154 4
1380 5
892 6
290 7
659 8
231 9
970 10
763 11
1411 12
1166 13
1371 14
979 15
362 16
1446 17
597 18
459 19
807 20
4 21
607 22
725 23
952 24
768 25
887 26
377 27
580 28
5 29
1427 30
1476 31
456 32
1399 33
1396 34
1235 35
1423 36
1166 37
557 38
671 39
1011 40
517 41
1046 42
853 43
170 44
1433 45
340 46
1477 47
348 48
869 49
381 50
92 51
1210 52
254 53
55 54
736 55
164 56
1051 57
1084 58
681 59
297 60
1226 61
939 62
402 63
361 64
257 65
60 66
570 67
762 68
511 69
990 70
189 71
1148 72
931 73
361 74
105 75
1460 76
614 77
1140 78
95 79
985 80
507 81
1481 82
1262 83
340 84
601 85
935 86
929 87
606 88
395 89
762 90
870 91
1148 92
448 93
1404 94
1242 95
1022 96
1011 97
543 98
143 99
705 100
847 101
212 102
567 103
522 104
1081 105
1115 106
290 107
1432 108
1115 109
224 110
1265 111
977 112
1240 113
1203 114
1106 115
618 116
30 117
65 118
620 119
1472 120
950 121
1102 122
418 123
1266 124
774 125
1490 126
818 127
793 128
1150 129
30 130
1248 131
573 132
1412 133
457 134
1347 135
1154 136
360 137
303 138
282 139
514 140
1343 141
160 142
1244 143
481 144
646 145
372 146
863 147
354 148
106 149
