1300 300
532 0
11841 1
3239 2
7406 3
7215 4
2000 5
2337 6
232 7
2884 8
8036 9
1507 10
6915 11
10411 12
2285 13
10277 14
11459 15
11179 16
5710 17
2477 18
3464 19
477 20
4156 21
6088 22
6282 23
3493 24
1762 25
10309 26
10682 27
9500 28
5594 29
11320 30
11726 31
12546 32
5653 33
11426 34
1915 35
1410 36
2839 37
8422 38
10758 39
732 40
8615 41
9540 42
3878 43
1585 44
6623 45
7889 46
7651 47
3847 48
5382 49
11541 50
9917 51
839 52
8237 53
11383 54
1849 55
8348 56
9281 57
6658 58
3937 59
5175 60
4279 61
4225 62
9321 63
7653 64
5037 65
6892 66
10013 67
2220 68
9253 69
7222 70
5444 71
3495 72
7649 73
8441 74
232 75
5295 76
6590 77
5307 78
11861 79
8637 80
8481 81
2146 82
32 83
237 84
5766 85
6250 86
9097 87
12931 88
11909 89
5103 90
10976 91
2342 92
1097 93
3362 94
5042 95
5746 96
10588 97
12876 98
8022 99
2401 100
1455 101
11889 102
1046 103
1315 104
11723 105
1577 106
7610 107
5804 108
2491 109
750 110
11740 111
9650 112
9804 113
5823 114
6229 115
2193 116
9732 117
2700 118
8984 119
11951 120
45 121
11885 122
7802 123
8767 124
2485 125
8502 126
6327 127
6700 128
3110 129
7756 130
10921 131
9383 132
2591 133
11033 134
2502 135
10580 136
11129 137
9712 138
1807 139
12887 140
2891 141
11203 142
5938 143
9352 144
2030 145
6824 146
9586 147
12877 148
6415 149
12025 150
9259 151
700 152
4079 153
722 154
797 155
9676 156
4403 157
7908 158
10715 159
3294 160
11273 161
5588 162
11371 163
767 164
7938 165
3225 166
6192 167
7085 168
2978 169
5040 170
9956 171
2757 172
10489 173
8191 174
10384 175
5793 176
5039 177
427 178
5340 179
12896 180
1086 181
8797 182
11086 183
12888 184
175 185
5109 186
7804 187
10207 188
7141 189
10088 190
11401 191
2040 192
7129 193
10255 194
6487 195
12621 196
3462 197
6719 198
7251 199
2583 200
4823 201
10452 202
8324 203
10598 204
2665 205
5932 206
6622 207
8153 208
4692 209
9800 210
2504 211
4651 212
4849 213
3745 214
2672 215
5804 216
10939 217
12130 218
12915 219
4492 220
6953 221
10280 222
5331 223
4647 224
11953 225
3409 226
41 227
2977 228
6446 229
11011 230
5336 231
1409 232
315 233
3115 234
8353 235
1330 236
1047 237
1598 238
6162 239
7972 240
8434 241
6667 242
11358 243
854 244
6528 245
8954 246
8370 247
11474 248
6377 249
717 250
1805 251
4442 252
11112 253
7038 254
6320 255
781 256
9558 257
11674 258
2748 259
2418 260
12585 261
799 262
2572 263
9011 264
8895 265
5671 266
5411 267
7237 268
1559 269
9256 270
7387 271
2397 272
4190 273
10807 274
12066 275
8561 276
8157 277
7875 278
6739 279
423 280
1271 281
3316 282
1285 283
10442 284
8849 285
2177 286
7327 287
10951 288
1342 289
1816 290
9326 291
6517 292
6534 293
4970 294
10542 295
2633 296
2107 297
5627 298
623 299
1691 300
7418 301
6763 302
5060 303
7493 304
12483 305
7922 306
12517 307
12388 308
565 309
3276 310
6250 311
3928 312
7761 313
110 314
11201 315
10538 316
216 317
2934 318
9530 319
10699 320
12831 321
3935 322
296 323
907 324
10560 325
10417 326
1176 327
7962 328
2043 329
6685 330
10276 331
7719 332
309 333
12560 334
10890 335
795 336
30 337
2951 338
12954 339
1859 340
12803 341
6252 342
12966 343
9793 344
7721 345
3212 346
4551 347
12136 348
12183 349
2872 350
1785 351
11488 352
3443 353
5994 354
10024 355
8294 356
12043 357
1799 358
2427 359
11077 360
9586 361
10766 362
7128 363
11867 364
2524 365
1490 366
8245 367
8941 368
11712 369
10380 370
3770 371
7956 372
9817 373
12122 374
10693 375
12835 376
11038 377
8119 378
6592 379
7241 380
422 381
10799 382
1742 383
8685 384
5010 385
12740 386
11707 387
9526 388
3957 389
5146 390
5603 391
1607 392
6556 393
12307 394
12256 395
12108 396
2480 397
4016 398
3901 399
5618 400
4779 401
11420 402
8157 403
7259 404
1650 405
699 406
2543 407
1097 408
9244 409
8514 410
10377 411
3202 412
2740 413
10479 414
3442 415
7611 416
3172 417
5230 418
4110 419
12152 420
97 421
6227 422
1142 423
6258 424
3197 425
3669 426
4207 427
3875 428
10274 429
10979 430
1985 431
10078 432
261 433
2497 434
364 435
6349 436
9833 437
10906 438
6317 439
1850 440
9013 441
3271 442
9473 443
4853 444
134 445
12457 446
704 447
10308 448
2382 449
10987 450
6407 451
1630 452
5797 453
11851 454
3823 455
8077 456
6275 457
9130 458
2656 459
5504 460
8617 461
4825 462
8431 463
1794 464
12715 465
4830 466
3062 467
12401 468
5207 469
6960 470
265 471
1474 472
10803 473
10965 474
614 475
10607 476
9628 477
12220 478
1951 479
6711 480
137 481
7485 482
4005 483
2036 484
4351 485
5368 486
8807 487
6780 488
6174 489
3276 490
12828 491
7872 492
5935 493
9181 494
3047 495
6702 496
8532 497
695 498
9222 499
2396 500
2105 501
4028 502
8951 503
133 504
6581 505
3496 506
10482 507
5044 508
7065 509
1475 510
2065 511
3678 512
6916 513
11353 514
6613 515
9605 516
12961 517
10995 518
312 519
9711 520
4161 521
3628 522
10001 523
10788 524
9772 525
12205 526
4282 527
2810 528
540 529
4410 530
2042 531
8660 532
9878 533
9078 534
2295 535
3222 536
5410 537
5032 538
3045 539
12821 540
11923 541
4670 542
9874 543
625 544
5084 545
10765 546
4631 547
11330 548
5278 549
4390 550
8028 551
9372 552
12349 553
3268 554
12478 555
11830 556
8310 557
6731 558
8016 559
3878 560
5577 561
7127 562
20 563
7610 564
5170 565
861 566
2795 567
1311 568
6188 569
713 570
2100 571
10243 572
10382 573
4764 574
5688 575
7417 576
6184 577
709 578
4783 579
3755 580
154 581
12295 582
1689 583
1727 584
8055 585
1394 586
11107 587
6416 588
6574 589
6713 590
10795 591
8818 592
5033 593
2237 594
8114 595
12313 596
12911 597
4977 598
818 599
11774 600
6385 601
2657 602
2968 603
11158 604
9785 605
4587 606
2381 607
5680 608
5226 609
6297 610
6274 611
7611 612
2628 613
5136 614
9941 615
2670 616
1853 617
12296 618
6284 619
9135 620
2428 621
11852 622
427 623
2290 624
12149 625
7803 626
4179 627
11532 628
5117 629
9527 630
6332 631
10190 632
3560 633
10330 634
6233 635
12214 636
1591 637
7993 638
4642 639
809 640
11518 641
3630 642
5102 643
8025 644
8879 645
9476 646
7847 647
11106 648
8143 649
4637 650
12336 651
8483 652
8607 653
12236 654
10465 655
3695 656
6920 657
9642 658
7784 659
3107 660
4714 661
2524 662
10212 663
181 664
12185 665
1999 666
481 667
2780 668
3514 669
4587 670
1692 671
6650 672
397 673
2821 674
500 675
9074 676
9015 677
1443 678
1484 679
8618 680
6344 681
981 682
191 683
6912 684
4738 685
10235 686
10557 687
5803 688
8669 689
9315 690
11054 691
7942 692
11587 693
3842 694
8464 695
474 696
9421 697
679 698
10539 699
580 700
3091 701
9376 702
11279 703
10855 704
997 705
10410 706
8152 707
6139 708
7950 709
9601 710
3559 711
12237 712
2422 713
2818 714
10311 715
2644 716
9968 717
5859 718
1533 719
5432 720
5845 721
7652 722
1636 723
3748 724
6960 725
8815 726
384 727
7263 728
1126 729
5326 730
5835 731
3686 732
243 733
7963 734
10049 735
1821 736
5562 737
7804 738
3894 739
3004 740
11366 741
2462 742
11691 743
5914 744
9295 745
8875 746
11325 747
1790 748
3821 749
4918 750
4836 751
6495 752
4763 753
12803 754
6723 755
785 756
10083 757
12013 758
3426 759
4244 760
411 761
11779 762
5422 763
5413 764
2911 765
1166 766
9541 767
2721 768
3469 769
1602 770
5508 771
9077 772
7985 773
6890 774
1130 775
10847 776
8148 777
8845 778
910 779
379 780
298 781
12413 782
12920 783
7520 784
7376 785
10051 786
6282 787
1195 788
10428 789
10891 790
2149 791
5406 792
3170 793
8003 794
3846 795
2898 796
1144 797
11677 798
1956 799
12549 800
723 801
4665 802
437 803
1469 804
1385 805
9231 806
4284 807
181 808
11486 809
38 810
2868 811
6680 812
4131 813
11600 814
5097 815
3711 816
10673 817
6302 818
2566 819
9481 820
4209 821
12481 822
5188 823
12607 824
7933 825
5285 826
8740 827
9439 828
11683 829
10335 830
8707 831
7707 832
11317 833
12951 834
8340 835
3894 836
3969 837
10409 838
2427 839
4750 840
2365 841
6238 842
10638 843
1656 844
6674 845
10498 846
691 847
2834 848
237 849
8494 850
7058 851
1105 852
6750 853
8931 854
6495 855
2677 856
7873 857
7072 858
8532 859
5750 860
10716 861
3029 862
9101 863
5758 864
4773 865
9141 866
5846 867
3834 868
4219 869
2590 870
8378 871
8172 872
3805 873
1799 874
379 875
7352 876
7102 877
6004 878
4111 879
6098 880
6836 881
10019 882
3326 883
1680 884
6862 885
5504 886
8920 887
3864 888
10303 889
9732 890
9974 891
2617 892
12289 893
5774 894
9965 895
8269 896
9015 897
3797 898
9984 899
7475 900
11369 901
10184 902
11457 903
9568 904
11685 905
3391 906
10617 907
9748 908
3798 909
10405 910
10967 911
1735 912
3198 913
4684 914
4873 915
11512 916
3915 917
3540 918
9617 919
5862 920
5390 921
8040 922
9437 923
3030 924
9656 925
2515 926
6945 927
1440 928
5829 929
12144 930
11890 931
9609 932
11152 933
6492 934
1908 935
2956 936
5579 937
3303 938
6891 939
3311 940
3774 941
8363 942
10247 943
12988 944
3576 945
11918 946
1393 947
2456 948
9684 949
9721 950
11188 951
2114 952
4002 953
6637 954
2502 955
8825 956
6340 957
8322 958
820 959
1974 960
7543 961
12961 962
102 963
3736 964
1248 965
4082 966
4222 967
894 968
11415 969
12823 970
3334 971
11806 972
10764 973
9285 974
9209 975
9429 976
2082 977
3097 978
10975 979
6045 980
9649 981
3861 982
12544 983
9388 984
933 985
492 986
1860 987
10752 988
3287 989
10162 990
12520 991
10639 992
9609 993
2912 994
3810 995
9728 996
1248 997
3422 998
461 999
3208 1000
5820 1001
6985 1002
4172 1003
12686 1004
2590 1005
4465 1006
9392 1007
518 1008
1006 1009
715 1010
7898 1011
2921 1012
1028 1013
2603 1014
10488 1015
10238 1016
9595 1017
8382 1018
8195 1019
9957 1020
2615 1021
7187 1022
11183 1023
1272 1024
1332 1025
11082 1026
10561 1027
5909 1028
1187 1029
7601 1030
369 1031
257 1032
2154 1033
10445 1034
6978 1035
587 1036
12845 1037
8789 1038
3928 1039
12573 1040
485 1041
8823 1042
1487 1043
7938 1044
346 1045
10441 1046
11624 1047
4050 1048
6073 1049
3375 1050
3927 1051
2575 1052
413 1053
2070 1054
6795 1055
4049 1056
8421 1057
10508 1058
3896 1059
7124 1060
12691 1061
10895 1062
8518 1063
4802 1064
6786 1065
12689 1066
7788 1067
816 1068
1894 1069
4364 1070
12808 1071
10297 1072
182 1073
6467 1074
8814 1075
2562 1076
11056 1077
3702 1078
4773 1079
4843 1080
1093 1081
1322 1082
2132 1083
5847 1084
2446 1085
9669 1086
9552 1087
3946 1088
1343 1089
1296 1090
5605 1091
4070 1092
384 1093
1751 1094
1288 1095
2766 1096
4679 1097
3223 1098
11709 1099
12884 1100
6407 1101
7225 1102
1543 1103
818 1104
5242 1105
10038 1106
2653 1107
4979 1108
6195 1109
1863 1110
10706 1111
6187 1112
10639 1113
4750 1114
103 1115
9336 1116
7693 1117
7923 1118
12843 1119
2571 1120
10139 1121
2492 1122
2926 1123
5998 1124
12293 1125
6047 1126
5439 1127
2745 1128
5177 1129
6669 1130
1479 1131
11883 1132
6879 1133
10254 1134
12022 1135
9544 1136
8120 1137
6196 1138
7014 1139
6816 1140
5539 1141
9897 1142
3370 1143
4572 1144
2065 1145
211 1146
3805 1147
7920 1148
12047 1149
5644 1150
6702 1151
4345 1152
5315 1153
3920 1154
9855 1155
8977 1156
5957 1157
1551 1158
7127 1159
10915 1160
12573 1161
10441 1162
8741 1163
6658 1164
12971 1165
11036 1166
978 1167
12602 1168
1852 1169
168 1170
5963 1171
12677 1172
805 1173
1997 1174
4489 1175
7707 1176
5831 1177
2322 1178
18 1179
6384 1180
7385 1181
7211 1182
12045 1183
1937 1184
2766 1185
8659 1186
8153 1187
3439 1188
10186 1189
932 1190
10739 1191
485 1192
7205 1193
10406 1194
5298 1195
4177 1196
1351 1197
5697 1198
2669 1199
6174 1200
7123 1201
5741 1202
2056 1203
2961 1204
6855 1205
6506 1206
2547 1207
2084 1208
2613 1209
563 1210
5875 1211
6339 1212
12925 1213
8882 1214
10033 1215
12084 1216
6077 1217
3955 1218
10181 1219
7727 1220
8817 1221
1053 1222
12311 1223
7160 1224
11275 1225
4871 1226
694 1227
6041 1228
9105 1229
3557 1230
10034 1231
9984 1232
851 1233
7213 1234
9275 1235
1820 1236
7325 1237
12709 1238
5332 1239
310 1240
11526 1241
3934 1242
1329 1243
1841 1244
4545 1245
6143 1246
3177 1247
9805 1248
7384 1249
7592 1250
3749 1251
12062 1252
10738 1253
2419 1254
3188 1255
8277 1256
2581 1257
7781 1258
11172 1259
506 1260
910 1261
9608 1262
11293 1263
12764 1264
12584 1265
7327 1266
8401 1267
6976 1268
8652 1269
9526 1270
2686 1271
11308 1272
4089 1273
8446 1274
2298 1275
2961 1276
1830 1277
438 1278
6934 1279
5030 1280
9587 1281
2404 1282
11866 1283
3244 1284
11501 1285
2262 1286
10089 1287
4354 1288
34 1289
11305 1290
2858 1291
10954 1292
7028 1293
3041 1294
8155 1295
8462 1296
10285 1297
3057 1298
4017 1299
