1300 650
12348 0
8945 1
4019 2
5557 3
6815 4
10326 5
3663 6
2216 7
249 8
2805 9
11986 10
5601 11
875 12
11746 13
7361 14
3759 15
3195 16
5178 17
5054 18
8306 19
10445 20
5210 21
7457 22
3484 23
12174 24
1122 25
5089 26
8343 27
6019 28
4228 29
5125 30
12651 31
12224 32
10309 33
2994 34
9110 35
11550 36
12909 37
4510 38
12316 39
2361 40
7203 41
11173 42
8167 43
4913 44
2468 45
2983 46
553 47
4657 48
8082 49
1588 50
9888 51
6900 52
3173 53
10226 54
69 55
11654 56
5012 57
5930 58
11168 59
6531 60
11015 61
7853 62
8086 63
9227 64
7965 65
1761 66
10830 67
1739 68
7347 69
9219 70
2409 71
10560 72
5544 73
9763 74
12995 75
9304 76
1121 77
3058 78
2184 79
2263 80
11745 81
9309 82
803 83
10699 84
8443 85
1587 86
1133 87
3496 88
4445 89
10047 90
11463 91
3207 92
2867 93
4933 94
10253 95
5556 96
10733 97
1496 98
2344 99
541 100
7139 101
1171 102
12023 103
130 104
6019 105
7880 106
4379 107
3557 108
11337 109
7555 110
11293 111
5975 112
6980 113
4767 114
8120 115
11591 116
2268 117
5452 118
1233 119
4374 120
4584 121
8069 122
8268 123
3642 124
9457 125
4257 126
8754 127
1375 128
5901 129
6692 130
5894 131
1931 132
303 133
841 134
11809 135
8606 136
741 137
12094 138
12387 139
12286 140
4435 141
1032 142
5398 143
5032 144
11843 145
8869 146
12020 147
4474 148
10458 149
7561 150
11432 151
9824 152
12600 153
8724 154
9817 155
11831 156
11081 157
3781 158
4806 159
10464 160
65 161
12647 162
8491 163
7821 164
2958 165
10887 166
10049 167
4298 168
892 169
440 170
4475 171
9320 172
5580 173
11838 174
3288 175
7466 176
800 177
7902 178
1746 179
2596 180
12097 181
12325 182
10981 183
7679 184
11214 185
12335 186
12099 187
1051 188
7759 189
2655 190
6838 191
4452 192
1242 193
7759 194
315 195
8623 196
1992 197
8964 198
2470 199
3833 200
1830 201
7322 202
5591 203
1679 204
7025 205
2331 206
11298 207
12022 208
4330 209
2838 210
8699 211
7158 212
4054 213
1755 214
7487 215
8581 216
9067 217
6906 218
9003 219
761 220
2096 221
11260 222
10541 223
1598 224
9115 225
10724 226
1723 227
2 228
11943 229
10626 230
10239 231
7621 232
3122 233
10895 234
10063 235
9416 236
8855 237
8823 238
10258 239
572 240
9239 241
917 242
4039 243
3863 244
11121 245
4799 246
6797 247
132 248
688 249
6907 250
9085 251
3578 252
12132 253
1706 254
345 255
1725 256
8355 257
10524 258
11699 259
3352 260
7530 261
11309 262
10948 263
10259 264
11169 265
8933 266
9666 267
11055 268
3945 269
5120 270
6648 271
683 272
7739 273
6235 274
4436 275
3048 276
7465 277
9976 278
5553 279
307 280
53 281
7695 282
48 283
3080 284
5112 285
9289 286
11005 287
3879 288
6153 289
4830 290
7451 291
9456 292
628 293
3313 294
6031 295
999 296
12585 297
10816 298
7881 299
3472 300
1993 301
4192 302
5857 303
6660 304
453 305
1013 306
7314 307
590 308
2377 309
3366 310
9115 311
5531 312
10762 313
11408 314
7264 315
3260 316
4629 317
408 318
7465 319
7344 320
5166 321
6140 322
8267 323
9723 324
3733 325
8967 326
1317 327
2300 328
1534 329
9193 330
12254 331
8869 332
2316 333
4121 334
7045 335
11447 336
9860 337
489 338
6786 339
7308 340
12467 341
3230 342
10270 343
1360 344
3023 345
1520 346
3552 347
5775 348
1269 349
953 350
1238 351
7157 352
471 353
7624 354
10953 355
6501 356
4105 357
12492 358
1918 359
5895 360
11767 361
7556 362
9398 363
12414 364
8071 365
12495 366
7023 367
200 368
10693 369
5076 370
1346 371
1022 372
9549 373
10758 374
4192 375
3238 376
11299 377
10557 378
4779 379
12665 380
8032 381
855 382
5584 383
6002 384
7901 385
3591 386
1940 387
6296 388
10104 389
146 390
9483 391
1594 392
1927 393
11675 394
12873 395
7112 396
5569 397
9799 398
9021 399
2068 400
6425 401
12868 402
3004 403
12019 404
9288 405
7335 406
5761 407
7085 408
1049 409
5393 410
11411 411
1857 412
5222 413
1090 414
6041 415
10713 416
12024 417
9675 418
3651 419
11720 420
8545 421
1580 422
11371 423
6068 424
12040 425
7403 426
10073 427
5378 428
2609 429
1940 430
6947 431
7858 432
7082 433
5837 434
3115 435
11395 436
6611 437
4217 438
7448 439
8805 440
1490 441
11542 442
1676 443
7377 444
10930 445
9065 446
3457 447
11409 448
4800 449
8224 450
10067 451
666 452
2486 453
7969 454
1435 455
832 456
11245 457
2290 458
8732 459
6210 460
7678 461
4875 462
5203 463
4371 464
3290 465
6235 466
4857 467
9595 468
1803 469
4030 470
2395 471
438 472
688 473
956 474
10963 475
12417 476
767 477
8725 478
2670 479
2152 480
3170 481
8749 482
7175 483
4416 484
12535 485
2764 486
12789 487
556 488
4125 489
7595 490
6433 491
11401 492
434 493
11966 494
10893 495
2539 496
5914 497
3533 498
8389 499
4228 500
1459 501
554 502
12079 503
5664 504
10619 505
4470 506
1120 507
8421 508
256 509
12185 510
5382 511
5992 512
9811 513
9125 514
7814 515
3329 516
4245 517
1690 518
6540 519
12719 520
8802 521
2492 522
9014 523
1345 524
5247 525
5336 526
9955 527
2601 528
7364 529
9109 530
4318 531
338 532
6184 533
10215 534
938 535
4020 536
10613 537
118 538
12093 539
10333 540
6969 541
10822 542
12859 543
7953 544
4660 545
10963 546
2094 547
11662 548
2462 549
5224 550
999 551
8530 552
9953 553
1332 554
69 555
7127 556
7797 557
1431 558
11454 559
3844 560
1791 561
12325 562
5996 563
8073 564
4465 565
7517 566
1385 567
11150 568
2874 569
3379 570
1757 571
437 572
1877 573
8434 574
2055 575
1953 576
12962 577
6338 578
3760 579
2677 580
6840 581
10305 582
9040 583
7552 584
4572 585
12664 586
8995 587
4929 588
4657 589
902 590
8373 591
10449 592
11215 593
7380 594
4425 595
12855 596
6825 597
6871 598
2630 599
4258 600
9209 601
9130 602
7823 603
3478 604
5268 605
10983 606
5918 607
9538 608
4804 609
6058 610
2442 611
1310 612
10686 613
4560 614
2808 615
6760 616
6429 617
7910 618
1677 619
3538 620
646 621
6722 622
9542 623
12837 624
12846 625
12261 626
6272 627
4673 628
6467 629
8581 630
209 631
5342 632
12312 633
7425 634
4052 635
5571 636
12475 637
4829 638
12654 639
10755 640
8070 641
985 642
3654 643
10938 644
2012 645
10365 646
5385 647
8864 648
7345 649
3393 650
7049 651
10512 652
2271 653
9066 654
12957 655
1217 656
12783 657
8795 658
11639 659
11504 660
6602 661
1920 662
5514 663
2559 664
7180 665
12149 666
4290 667
6795 668
6632 669
2777 670
1400 671
1988 672
10885 673
5823 674
1162 675
5898 676
4960 677
7998 678
12581 679
1904 680
9182 681
10095 682
3399 683
10554 684
9093 685
1638 686
3847 687
6088 688
9312 689
11676 690
11739 691
8686 692
1435 693
2848 694
1806 695
3009 696
8212 697
8407 698
5576 699
1972 700
6265 701
12131 702
6171 703
5032 704
5918 705
7764 706
4193 707
3354 708
10750 709
11989 710
8979 711
7958 712
1025 713
9916 714
3095 715
12208 716
1297 717
11377 718
10524 719
3545 720
8640 721
10220 722
959 723
9912 724
10438 725
9117 726
772 727
2767 728
9620 729
11461 730
11505 731
3403 732
2893 733
11752 734
5910 735
6180 736
7245 737
3716 738
11280 739
6962 740
4387 741
6280 742
11313 743
2576 744
5821 745
9694 746
6827 747
11482 748
2592 749
6058 750
11209 751
1572 752
6790 753
99 754
9994 755
10326 756
8215 757
3961 758
12822 759
8286 760
11752 761
5112 762
7514 763
9737 764
8141 765
6111 766
4042 767
12413 768
6804 769
2292 770
8051 771
2416 772
11793 773
2651 774
7735 775
7403 776
6180 777
10358 778
3232 779
12501 780
3144 781
6091 782
5550 783
2303 784
6533 785
9362 786
5874 787
11924 788
3281 789
8602 790
9534 791
10950 792
3572 793
2009 794
11594 795
10531 796
5345 797
8554 798
8651 799
12086 800
3702 801
1735 802
6432 803
8659 804
253 805
1923 806
4342 807
3024 808
9545 809
6664 810
7752 811
5132 812
1894 813
4840 814
3309 815
10520 816
10706 817
3193 818
3702 819
12214 820
12589 821
24 822
11931 823
3985 824
4609 825
11312 826
9516 827
2768 828
12963 829
11349 830
5946 831
1846 832
9921 833
2801 834
4668 835
3015 836
6533 837
7376 838
9363 839
2720 840
3427 841
7864 842
714 843
5059 844
10474 845
10885 846
7927 847
4215 848
1792 849
7732 850
10692 851
10158 852
8451 853
9647 854
12674 855
3325 856
10049 857
9583 858
2843 859
4129 860
8557 861
4387 862
5755 863
2188 864
11786 865
9864 866
10616 867
6040 868
12021 869
6234 870
718 871
5770 872
4121 873
1764 874
5790 875
1106 876
9322 877
9386 878
8215 879
3651 880
2194 881
1924 882
2734 883
8287 884
2439 885
2991 886
10132 887
12188 888
3442 889
10558 890
12136 891
8763 892
7792 893
7078 894
5255 895
185 896
3615 897
12005 898
11941 899
8803 900
8684 901
1582 902
9256 903
9338 904
786 905
12871 906
6423 907
3151 908
972 909
8432 910
3088 911
9852 912
2310 913
3008 914
2892 915
423 916
2166 917
2680 918
5151 919
8141 920
8153 921
9628 922
10239 923
6034 924
8141 925
6970 926
1866 927
4973 928
4651 929
271 930
951 931
6818 932
12221 933
758 934
7812 935
2510 936
10215 937
1280 938
8116 939
4184 940
4423 941
6779 942
6014 943
6572 944
10359 945
5999 946
11295 947
469 948
12936 949
2689 950
1603 951
12849 952
2987 953
6423 954
11090 955
158 956
115 957
1117 958
10147 959
10068 960
9389 961
3085 962
10342 963
11439 964
8252 965
12943 966
12886 967
9249 968
10077 969
6655 970
5611 971
2039 972
396 973
162 974
1389 975
8721 976
10029 977
9504 978
1787 979
9120 980
323 981
9375 982
3185 983
3302 984
12756 985
498 986
4511 987
3969 988
5131 989
6096 990
231 991
1488 992
3786 993
1616 994
11208 995
8158 996
12930 997
3552 998
6191 999
10766 1000
11983 1001
11330 1002
2855 1003
5548 1004
5265 1005
5858 1006
12446 1007
10561 1008
2571 1009
3562 1010
899 1011
4359 1012
10576 1013
8300 1014
627 1015
8793 1016
3901 1017
9815 1018
11172 1019
3633 1020
7087 1021
11749 1022
990 1023
9726 1024
1626 1025
9169 1026
2821 1027
5614 1028
9346 1029
1088 1030
5025 1031
9785 1032
5143 1033
8331 1034
4317 1035
4822 1036
4184 1037
4592 1038
12884 1039
12031 1040
5816 1041
7843 1042
7394 1043
6823 1044
6286 1045
8424 1046
9471 1047
8827 1048
6294 1049
520 1050
8408 1051
3556 1052
8825 1053
516 1054
9508 1055
6970 1056
11881 1057
11377 1058
10397 1059
12026 1060
11407 1061
3345 1062
12069 1063
11952 1064
97 1065
1299 1066
1714 1067
1930 1068
6804 1069
481 1070
1012 1071
1260 1072
8550 1073
12832 1074
2492 1075
3186 1076
5017 1077
8863 1078
11884 1079
1591 1080
710 1081
1320 1082
2866 1083
12686 1084
3524 1085
5667 1086
10034 1087
12134 1088
11254 1089
8038 1090
4347 1091
4007 1092
12768 1093
7079 1094
8401 1095
9 1096
3071 1097
1818 1098
7289 1099
2393 1100
9650 1101
9433 1102
9761 1103
4194 1104
4101 1105
10454 1106
9051 1107
6777 1108
3619 1109
831 1110
10789 1111
12729 1112
12055 1113
35 1114
12363 1115
3288 1116
9701 1117
4450 1118
7787 1119
1507 1120
10577 1121
2588 1122
11815 1123
12065 1124
1987 1125
5112 1126
5043 1127
7716 1128
2346 1129
7033 1130
8683 1131
3766 1132
3134 1133
9646 1134
12450 1135
10561 1136
8710 1137
11513 1138
8862 1139
4998 1140
7175 1141
9551 1142
949 1143
5168 1144
12156 1145
6658 1146
5377 1147
8736 1148
2887 1149
2321 1150
10503 1151
4095 1152
6949 1153
5139 1154
6311 1155
603 1156
6590 1157
4077 1158
6479 1159
9156 1160
9351 1161
1860 1162
4009 1163
12604 1164
4766 1165
1108 1166
899 1167
10628 1168
4330 1169
4810 1170
7621 1171
3764 1172
11802 1173
2292 1174
8042 1175
5662 1176
7571 1177
3102 1178
4062 1179
8064 1180
9271 1181
9274 1182
3939 1183
6422 1184
11361 1185
1478 1186
9500 1187
3477 1188
8784 1189
11592 1190
6255 1191
12700 1192
1147 1193
4624 1194
12225 1195
2094 1196
6123 1197
11472 1198
7225 1199
9077 1200
9093 1201
4116 1202
12148 1203
8383 1204
4896 1205
5463 1206
8068 1207
9071 1208
6539 1209
12643 1210
5347 1211
12436 1212
288 1213
8784 1214
7275 1215
10702 1216
11630 1217
7371 1218
7824 1219
11594 1220
162 1221
7876 1222
9261 1223
3572 1224
1366 1225
11100 1226
3561 1227
4818 1228
4368 1229
3958 1230
2128 1231
7605 1232
11530 1233
2734 1234
11257 1235
1063 1236
6470 1237
1410 1238
2167 1239
10026 1240
6359 1241
958 1242
12101 1243
2101 1244
4320 1245
6950 1246
7001 1247
713 1248
8735 1249
2532 1250
4459 1251
11318 1252
1847 1253
9886 1254
6276 1255
4986 1256
4395 1257
10890 1258
7955 1259
12427 1260
10560 1261
100 1262
10324 1263
3784 1264
1131 1265
8165 1266
9530 1267
638 1268
11971 1269
10614 1270
2497 1271
2694 1272
4053 1273
10053 1274
11168 1275
12338 1276
7668 1277
10332 1278
6370 1279
5527 1280
4151 1281
5244 1282
48 1283
10729 1284
6370 1285
46 1286
9671 1287
8593 1288
3413 1289
9141 1290
9143 1291
6240 1292
12985 1293
1414 1294
5381 1295
5610 1296
3467 1297
12684 1298
6725 1299
