1550 1150
1812 0
774 1
4804 2
7335 3
6569 4
4724 5
7122 6
6133 7
4104 8
6208 9
11510 10
8934 11
6600 12
4706 13
12132 14
9533 15
15445 16
10749 17
12642 18
10745 19
5892 20
9881 21
14188 22
602 23
21 24
11740 25
7687 26
11868 27
7808 28
14859 29
9321 30
13891 31
5440 32
15391 33
14176 34
13071 35
13759 36
8164 37
7172 38
7205 39
6533 40
6034 41
6057 42
4046 43
10476 44
9332 45
1838 46
14974 47
5536 48
2077 49
14204 50
14690 51
10180 52
11679 53
1036 54
11612 55
4275 56
6531 57
1891 58
6045 59
8904 60
13044 61
3267 62
3253 63
10098 64
1588 65
4663 66
1321 67
11963 68
5974 69
4669 70
9939 71
10023 72
765 73
2159 74
15043 75
15315 76
980 77
4404 78
14165 79
9045 80
7664 81
13251 82
3668 83
9485 84
9278 85
10244 86
1733 87
1616 88
7413 89
14045 90
8044 91
8889 92
4582 93
2691 94
6914 95
6039 96
10794 97
4850 98
13272 99
14590 100
7037 101
14531 102
8491 103
3573 104
13204 105
12904 106
11838 107
6878 108
11058 109
11730 110
1653 111
1120 112
7286 113
4334 114
435 115
8492 116
1755 117
3362 118
14523 119
4857 120
12861 121
3150 122
14571 123
6517 124
13730 125
762 126
9412 127
13307 128
15025 129
12187 130
3046 131
9257 132
10627 133
2304 134
2004 135
6293 136
3161 137
7451 138
5951 139
12126 140
3016 141
2290 142
8361 143
553 144
538 145
2582 146
8208 147
3614 148
5138 149
8625 150
362 151
3704 152
2469 153
14158 154
14202 155
93 156
14120 157
5095 158
2868 159
14693 160
8670 161
12496 162
6453 163
12537 164
12488 165
7251 166
1505 167
14388 168
9485 169
8529 170
8404 171
9371 172
8942 173
8767 174
6919 175
7370 176
831 177
4677 178
9872 179
2239 180
7645 181
3860 182
14797 183
13008 184
2090 185
9755 186
10115 187
12532 188
772 189
214 190
5548 191
3740 192
13449 193
4100 194
7835 195
6677 196
5969 197
6511 198
1780 199
254 200
1262 201
7280 202
12912 203
8155 204
3004 205
3286 206
5500 207
11435 208
2853 209
9820 210
4768 211
1558 212
10862 213
8780 214
3562 215
3025 216
8750 217
10508 218
13174 219
5267 220
8549 221
8419 222
8691 223
9287 224
13622 225
904 226
10143 227
13473 228
13100 229
9097 230
5467 231
2391 232
2981 233
8966 234
13803 235
12784 236
6269 237
4613 238
13116 239
8365 240
5899 241
11988 242
7236 243
15495 244
7936 245
6151 246
15093 247
14258 248
13394 249
14160 250
5114 251
5449 252
5206 253
8749 254
4079 255
7314 256
13161 257
11412 258
1873 259
15059 260
13357 261
5303 262
5843 263
7617 264
11290 265
11851 266
13024 267
3233 268
15108 269
9218 270
12432 271
8924 272
4818 273
14326 274
14486 275
6126 276
1098 277
9467 278
12026 279
8664 280
12724 281
14564 282
9216 283
5215 284
10 285
2977 286
14823 287
14609 288
5716 289
8751 290
5492 291
6557 292
12338 293
9110 294
8765 295
15272 296
14545 297
6750 298
11778 299
13064 300
11003 301
11380 302
7400 303
5583 304
7592 305
721 306
2039 307
7811 308
5805 309
1744 310
5429 311
9068 312
2807 313
9738 314
13989 315
10858 316
12033 317
1860 318
6450 319
12605 320
3634 321
6897 322
1113 323
10137 324
6514 325
5218 326
7802 327
10017 328
14887 329
9514 330
3056 331
1548 332
14965 333
15101 334
10772 335
6538 336
6954 337
7813 338
10135 339
5549 340
10704 341
2709 342
4380 343
3014 344
8335 345
6389 346
12964 347
12371 348
1502 349
13447 350
15472 351
8610 352
11960 353
4115 354
10033 355
4247 356
9079 357
3405 358
12375 359
4794 360
8684 361
8542 362
8372 363
12475 364
11994 365
1719 366
14083 367
778 368
14779 369
1156 370
7220 371
15187 372
9287 373
9793 374
13684 375
4333 376
13431 377
12271 378
7528 379
14520 380
13014 381
11879 382
4143 383
10702 384
11602 385
8024 386
11130 387
523 388
10774 389
8644 390
10356 391
5038 392
15138 393
3374 394
10309 395
12481 396
614 397
7269 398
9130 399
3341 400
12119 401
3050 402
1238 403
12479 404
6584 405
6995 406
10517 407
1450 408
13493 409
7521 410
3874 411
155 412
9452 413
5818 414
3272 415
10335 416
11167 417
14205 418
6877 419
15222 420
3024 421
9618 422
1592 423
1390 424
10617 425
7272 426
14372 427
12330 428
2356 429
11041 430
3956 431
8503 432
66 433
7978 434
1663 435
1256 436
12016 437
12408 438
6605 439
9694 440
15367 441
2359 442
14954 443
15244 444
8298 445
9473 446
617 447
67 448
10299 449
1959 450
6435 451
3072 452
10145 453
2516 454
6878 455
13080 456
1404 457
11177 458
4062 459
12414 460
3970 461
9300 462
15253 463
5196 464
8972 465
2600 466
1829 467
474 468
8856 469
14748 470
13739 471
2448 472
3328 473
13573 474
14727 475
15435 476
13175 477
12440 478
5251 479
6925 480
13407 481
277 482
737 483
11166 484
863 485
2565 486
2001 487
15102 488
5117 489
469 490
876 491
470 492
8381 493
7877 494
10210 495
3389 496
4144 497
6981 498
10120 499
3107 500
1477 501
10890 502
10462 503
5972 504
3171 505
15343 506
7638 507
9968 508
11383 509
9479 510
9633 511
5309 512
13408 513
4345 514
14981 515
7860 516
9553 517
1464 518
8698 519
12483 520
3826 521
8797 522
5171 523
6431 524
4403 525
10039 526
8724 527
10623 528
11755 529
6098 530
2856 531
3703 532
5503 533
2353 534
4131 535
636 536
7637 537
72 538
10622 539
2603 540
2785 541
5884 542
7274 543
15455 544
7551 545
2760 546
12883 547
6111 548
4350 549
1125 550
5012 551
4529 552
8866 553
3121 554
8900 555
14500 556
7874 557
3744 558
12255 559
1073 560
9612 561
14874 562
10259 563
5333 564
7480 565
10772 566
1602 567
10529 568
13327 569
2275 570
3231 571
9909 572
10298 573
11808 574
3516 575
12172 576
9236 577
14468 578
11118 579
3109 580
10417 581
1236 582
14665 583
6200 584
14595 585
4859 586
9171 587
3231 588
10599 589
3678 590
15497 591
11651 592
376 593
4734 594
6614 595
7323 596
10374 597
3646 598
7201 599
14682 600
4667 601
13191 602
5857 603
9398 604
11228 605
13731 606
10699 607
760 608
3827 609
7700 610
5396 611
14069 612
6940 613
1773 614
873 615
12615 616
6055 617
14905 618
1619 619
5601 620
6790 621
10878 622
6958 623
14528 624
2120 625
7435 626
5521 627
2730 628
10461 629
13746 630
13027 631
8138 632
12297 633
1837 634
7516 635
5395 636
3017 637
13236 638
9176 639
10881 640
6733 641
5046 642
4549 643
5807 644
8724 645
11707 646
11604 647
11628 648
3351 649
362 650
9 651
12861 652
5199 653
14353 654
4087 655
6527 656
3316 657
1288 658
3780 659
6626 660
10286 661
4288 662
14327 663
12075 664
10254 665
12087 666
2542 667
6544 668
12229 669
5050 670
6824 671
9385 672
12742 673
11557 674
11804 675
5040 676
1155 677
1031 678
10587 679
12128 680
501 681
14228 682
9535 683
8221 684
4757 685
2424 686
6623 687
9608 688
12469 689
14013 690
13829 691
8520 692
11928 693
14304 694
13998 695
8807 696
8534 697
15364 698
7791 699
1946 700
2196 701
7816 702
9205 703
10261 704
2502 705
12741 706
13111 707
5069 708
13973 709
11646 710
14032 711
605 712
3272 713
663 714
15457 715
14772 716
5055 717
13060 718
305 719
14856 720
794 721
3050 722
9243 723
2921 724
15443 725
4902 726
14930 727
3692 728
7605 729
4456 730
14178 731
541 732
8743 733
10515 734
3650 735
4436 736
4951 737
5971 738
1596 739
132 740
15144 741
4628 742
12468 743
7987 744
12478 745
4194 746
14803 747
4496 748
7911 749
2769 750
621 751
11700 752
3419 753
7872 754
1899 755
4913 756
367 757
4997 758
12899 759
14294 760
1624 761
12905 762
9517 763
8864 764
12180 765
4003 766
10347 767
103 768
10572 769
153 770
13419 771
4087 772
6738 773
5534 774
7150 775
11720 776
5919 777
6584 778
5925 779
1082 780
6592 781
11731 782
2606 783
4736 784
9623 785
12469 786
7370 787
879 788
8634 789
6601 790
2601 791
7931 792
12639 793
7568 794
12710 795
11066 796
2424 797
7349 798
1256 799
6558 800
3615 801
8676 802
12075 803
9882 804
2334 805
937 806
13276 807
1512 808
5001 809
2651 810
14702 811
13007 812
7065 813
11049 814
15107 815
11178 816
13651 817
3748 818
393 819
6055 820
4359 821
11926 822
2230 823
7031 824
10207 825
11247 826
565 827
626 828
11797 829
15283 830
5278 831
6541 832
3740 833
8768 834
6372 835
1301 836
4154 837
8383 838
13042 839
5871 840
1197 841
10372 842
7853 843
2127 844
14992 845
1673 846
9722 847
10323 848
12678 849
8606 850
13480 851
7532 852
1606 853
13547 854
10672 855
14951 856
6325 857
13313 858
9520 859
10458 860
7267 861
512 862
9459 863
12332 864
5159 865
7785 866
2938 867
13404 868
6897 869
6913 870
6696 871
7754 872
13560 873
11208 874
7920 875
14442 876
8669 877
5698 878
11199 879
12511 880
2395 881
4167 882
2148 883
8858 884
12180 885
3349 886
876 887
11472 888
13327 889
9646 890
10111 891
1643 892
5506 893
5360 894
5662 895
14510 896
12887 897
1694 898
10647 899
7467 900
6324 901
11087 902
4405 903
4515 904
7725 905
8650 906
13762 907
1268 908
9214 909
7087 910
4305 911
9152 912
4364 913
6782 914
3044 915
3731 916
14359 917
2829 918
7344 919
7557 920
9783 921
13480 922
61 923
6428 924
11619 925
11769 926
8588 927
8675 928
12324 929
13858 930
12526 931
5811 932
6776 933
7554 934
15060 935
4211 936
4305 937
13452 938
10811 939
8874 940
10806 941
6267 942
15010 943
1589 944
6777 945
8710 946
1671 947
3370 948
13407 949
6132 950
589 951
9508 952
1200 953
5781 954
2702 955
14774 956
11699 957
9015 958
4382 959
5189 960
7473 961
4345 962
9963 963
13203 964
7564 965
801 966
252 967
1541 968
3882 969
7902 970
341 971
10203 972
3782 973
11718 974
11495 975
15142 976
12695 977
8847 978
9258 979
4472 980
14947 981
13209 982
5592 983
10605 984
1140 985
2308 986
2724 987
1075 988
3364 989
14542 990
9777 991
1013 992
11582 993
11235 994
14117 995
13849 996
15064 997
10444 998
9761 999
14994 1000
6315 1001
5077 1002
8969 1003
9892 1004
2848 1005
13357 1006
1667 1007
3209 1008
13115 1009
12232 1010
12642 1011
11737 1012
106 1013
8180 1014
10537 1015
11765 1016
13478 1017
8888 1018
8265 1019
8560 1020
3388 1021
13005 1022
2835 1023
8411 1024
4083 1025
14185 1026
9529 1027
1262 1028
14058 1029
6477 1030
3497 1031
15257 1032
10376 1033
1258 1034
8836 1035
5582 1036
10860 1037
4459 1038
2210 1039
1379 1040
3061 1041
11793 1042
3571 1043
9147 1044
1436 1045
345 1046
154 1047
9034 1048
2472 1049
8877 1050
11161 1051
10405 1052
7776 1053
14337 1054
7336 1055
9329 1056
6920 1057
3378 1058
67 1059
1118 1060
12266 1061
9573 1062
728 1063
1890 1064
10935 1065
14764 1066
6301 1067
1907 1068
3474 1069
5392 1070
10312 1071
5271 1072
8206 1073
10139 1074
11273 1075
3981 1076
15447 1077
3578 1078
2657 1079
5868 1080
3320 1081
6855 1082
11018 1083
7365 1084
14225 1085
6619 1086
801 1087
6206 1088
9570 1089
13669 1090
14191 1091
12062 1092
981 1093
10810 1094
7207 1095
5361 1096
12713 1097
2270 1098
8125 1099
637 1100
13398 1101
15417 1102
5605 1103
2488 1104
4419 1105
4851 1106
4 1107
6040 1108
12542 1109
8945 1110
7367 1111
15155 1112
2430 1113
7333 1114
1512 1115
11352 1116
3098 1117
5002 1118
5858 1119
12771 1120
6629 1121
9831 1122
11292 1123
9683 1124
2879 1125
9215 1126
14443 1127
592 1128
6177 1129
127 1130
5484 1131
9064 1132
11079 1133
11523 1134
9750 1135
748 1136
10686 1137
11317 1138
12237 1139
3384 1140
2902 1141
6652 1142
12028 1143
3043 1144
13753 1145
6692 1146
12470 1147
1899 1148
7841 1149
2089 1150
14876 1151
15355 1152
3318 1153
7558 1154
4826 1155
6942 1156
3464 1157
13149 1158
6184 1159
4831 1160
13338 1161
4637 1162
3412 1163
13419 1164
11505 1165
2713 1166
8977 1167
6334 1168
7136 1169
10089 1170
12860 1171
6557 1172
4784 1173
1672 1174
9173 1175
4638 1176
13304 1177
206 1178
5729 1179
12975 1180
3386 1181
14235 1182
1946 1183
11392 1184
14004 1185
4376 1186
4829 1187
1497 1188
3759 1189
11524 1190
15272 1191
13925 1192
7840 1193
6218 1194
3126 1195
13465 1196
13953 1197
821 1198
1497 1199
11653 1200
4075 1201
4991 1202
5812 1203
13010 1204
10391 1205
8354 1206
2529 1207
13698 1208
11725 1209
2889 1210
7613 1211
7904 1212
14363 1213
1657 1214
1929 1215
6830 1216
3374 1217
1787 1218
14092 1219
3240 1220
3832 1221
1499 1222
10426 1223
1008 1224
1129 1225
10288 1226
14349 1227
13369 1228
10024 1229
11069 1230
9078 1231
1401 1232
1610 1233
1221 1234
10566 1235
6940 1236
13604 1237
7367 1238
2023 1239
13791 1240
3377 1241
5305 1242
4707 1243
9637 1244
15018 1245
1145 1246
14789 1247
6622 1248
14509 1249
1600 1250
499 1251
13582 1252
4611 1253
8841 1254
7668 1255
6641 1256
7347 1257
8610 1258
12509 1259
14636 1260
2125 1261
12155 1262
6120 1263
1480 1264
4803 1265
406 1266
3050 1267
7561 1268
8981 1269
11959 1270
7395 1271
11641 1272
10836 1273
10670 1274
9607 1275
14963 1276
4956 1277
10989 1278
9939 1279
10903 1280
1238 1281
871 1282
6313 1283
15500 1284
2843 1285
8710 1286
10939 1287
11934 1288
1330 1289
10530 1290
2611 1291
1643 1292
9704 1293
13363 1294
9443 1295
10848 1296
10110 1297
1234 1298
6485 1299
6762 1300
8290 1301
5600 1302
13892 1303
2846 1304
10346 1305
4615 1306
10462 1307
2832 1308
12402 1309
7036 1310
5600 1311
10429 1312
7505 1313
10770 1314
556 1315
8574 1316
6944 1317
10600 1318
13563 1319
3396 1320
2274 1321
14136 1322
6398 1323
10497 1324
1799 1325
905 1326
10682 1327
10338 1328
13530 1329
8608 1330
4692 1331
11957 1332
11428 1333
1588 1334
3637 1335
9619 1336
9393 1337
15064 1338
6919 1339
4087 1340
6422 1341
333 1342
15396 1343
4321 1344
5741 1345
5315 1346
5091 1347
14655 1348
6444 1349
14454 1350
6095 1351
9729 1352
11464 1353
12216 1354
9395 1355
9071 1356
1371 1357
4163 1358
7339 1359
6691 1360
12581 1361
12842 1362
11098 1363
12837 1364
2420 1365
13817 1366
2568 1367
14266 1368
2716 1369
7951 1370
12715 1371
12501 1372
7241 1373
4673 1374
10746 1375
8969 1376
5035 1377
5380 1378
14025 1379
9618 1380
416 1381
448 1382
3858 1383
10251 1384
2405 1385
5470 1386
3176 1387
6719 1388
3832 1389
8542 1390
3736 1391
10603 1392
4067 1393
15497 1394
10208 1395
4335 1396
7609 1397
13531 1398
3858 1399
6733 1400
5069 1401
12629 1402
9070 1403
13564 1404
1406 1405
564 1406
14610 1407
1697 1408
3132 1409
15206 1410
2151 1411
6906 1412
3883 1413
900 1414
5304 1415
7886 1416
4668 1417
9062 1418
7626 1419
3433 1420
14353 1421
3855 1422
7349 1423
12120 1424
11259 1425
8280 1426
2190 1427
13409 1428
7825 1429
8056 1430
217 1431
9135 1432
10085 1433
3626 1434
6884 1435
4022 1436
6124 1437
4480 1438
7875 1439
1653 1440
4415 1441
3248 1442
3821 1443
14091 1444
395 1445
4720 1446
7482 1447
12669 1448
14173 1449
13077 1450
12070 1451
13988 1452
13333 1453
10544 1454
9 1455
8052 1456
2274 1457
749 1458
1868 1459
9116 1460
12152 1461
13005 1462
9351 1463
8673 1464
333 1465
4537 1466
10001 1467
7675 1468
4920 1469
9888 1470
4746 1471
376 1472
15349 1473
9565 1474
3386 1475
13960 1476
11512 1477
13885 1478
8260 1479
8123 1480
13217 1481
13829 1482
841 1483
5445 1484
12769 1485
11732 1486
6598 1487
8528 1488
11605 1489
11370 1490
13917 1491
12527 1492
9091 1493
183 1494
3616 1495
7728 1496
11380 1497
7315 1498
1559 1499
13256 1500
4388 1501
12750 1502
13189 1503
6646 1504
5230 1505
8020 1506
3421 1507
9433 1508
156 1509
3415 1510
1273 1511
505 1512
10086 1513
408 1514
14976 1515
7289 1516
7572 1517
13120 1518
3167 1519
6854 1520
15076 1521
7778 1522
15493 1523
9605 1524
4017 1525
13156 1526
2560 1527
1669 1528
1315 1529
5468 1530
8034 1531
13049 1532
5984 1533
8707 1534
8341 1535
6376 1536
9844 1537
3778 1538
2670 1539
15408 1540
13734 1541
7760 1542
6631 1543
8105 1544
2381 1545
5414 1546
11772 1547
7368 1548
11231 1549
