1150 850
3184 0
7188 1
10776 2
7371 3
3010 4
8581 5
7189 6
7325 7
3633 8
1605 9
8085 10
488 11
6747 12
3593 13
1096 14
1523 15
746 16
2184 17
321 18
4889 19
2565 20
1128 21
9093 22
2569 23
8295 24
4268 25
6954 26
1041 27
7766 28
5679 29
4752 30
3966 31
9902 32
8008 33
1735 34
10427 35
7340 36
4433 37
2499 38
9192 39
4445 40
2093 41
1256 42
3328 43
8267 44
7306 45
7006 46
11380 47
2955 48
7475 49
1844 50
5375 51
8265 52
3495 53
1584 54
2325 55
11267 56
8615 57
3048 58
7803 59
159 60
9063 61
167 62
1902 63
6294 64
8028 65
7880 66
281 67
11053 68
9340 69
4810 70
4122 71
6650 72
8014 73
1900 74
4778 75
11373 76
7273 77
8129 78
10896 79
3047 80
8353 81
8934 82
3871 83
10806 84
3788 85
2007 86
404 87
3840 88
7017 89
4753 90
7614 91
6562 92
715 93
9116 94
8130 95
11061 96
9708 97
5950 98
4304 99
8630 100
4895 101
705 102
3049 103
10337 104
7417 105
11321 106
4477 107
5200 108
570 109
1990 110
1012 111
3289 112
7617 113
8306 114
1099 115
5077 116
2124 117
7165 118
6324 119
115 120
6246 121
6587 122
3085 123
1592 124
6628 125
452 126
10548 127
50 128
7574 129
5113 130
1415 131
2959 132
1017 133
9370 134
1830 135
6230 136
682 137
5231 138
5271 139
1488 140
6164 141
2783 142
163 143
10281 144
10553 145
9135 146
4417 147
8132 148
8297 149
4352 150
3544 151
757 152
11270 153
11290 154
9271 155
6483 156
416 157
8355 158
10142 159
999 160
9206 161
8227 162
2222 163
1741 164
2348 165
2677 166
5660 167
4935 168
4662 169
8140 170
8127 171
10127 172
10557 173
9094 174
8969 175
1140 176
5382 177
9123 178
1749 179
10308 180
2624 181
7941 182
10580 183
8859 184
7140 185
10613 186
7698 187
9300 188
2281 189
2387 190
72 191
961 192
1951 193
8407 194
2248 195
7157 196
8132 197
7128 198
7094 199
3493 200
1498 201
4015 202
10909 203
8790 204
2777 205
9023 206
4020 207
7350 208
4367 209
3001 210
9924 211
8881 212
11176 213
4882 214
9723 215
4201 216
3181 217
310 218
4717 219
1091 220
9396 221
2359 222
5197 223
2669 224
197 225
3935 226
1669 227
2745 228
8020 229
9741 230
1118 231
6005 232
11190 233
5403 234
8106 235
1227 236
9416 237
2726 238
1043 239
2378 240
3155 241
8124 242
8805 243
940 244
9182 245
10665 246
8989 247
72 248
8301 249
7548 250
1840 251
5564 252
9376 253
1114 254
1578 255
5087 256
6957 257
4857 258
9774 259
10523 260
2777 261
8108 262
4276 263
8856 264
9583 265
704 266
7382 267
5763 268
207 269
1779 270
2256 271
3266 272
6966 273
2707 274
6490 275
11169 276
10546 277
1115 278
6550 279
11097 280
775 281
774 282
3133 283
11124 284
7801 285
5973 286
749 287
6577 288
1223 289
5387 290
3434 291
5662 292
3806 293
10378 294
1024 295
4904 296
7632 297
11140 298
1295 299
8283 300
6526 301
3221 302
8177 303
8967 304
7978 305
9759 306
6167 307
8530 308
10442 309
5325 310
3942 311
7185 312
8674 313
4 314
366 315
1598 316
11043 317
8182 318
11060 319
4973 320
2045 321
3912 322
6795 323
2 324
8357 325
3155 326
5844 327
823 328
2952 329
1118 330
10682 331
3437 332
5298 333
4618 334
10000 335
10614 336
6708 337
8177 338
5602 339
7579 340
9532 341
1929 342
63 343
1122 344
4684 345
2658 346
1413 347
9615 348
9073 349
3314 350
1455 351
9771 352
10208 353
5749 354
1924 355
10564 356
7412 357
6313 358
11421 359
1889 360
6780 361
5277 362
2187 363
2224 364
201 365
7527 366
8034 367
6857 368
5214 369
366 370
982 371
9854 372
8625 373
478 374
919 375
6732 376
6933 377
10697 378
6702 379
10625 380
8726 381
8772 382
4692 383
856 384
8007 385
222 386
9771 387
5596 388
8542 389
3269 390
1628 391
7103 392
2266 393
7913 394
5145 395
8132 396
570 397
1296 398
1740 399
4394 400
4820 401
80 402
797 403
2907 404
7264 405
6490 406
5386 407
3460 408
5314 409
6679 410
5944 411
9602 412
985 413
5634 414
538 415
8985 416
8592 417
9537 418
1882 419
496 420
1583 421
7407 422
3647 423
10800 424
4056 425
8555 426
9859 427
11074 428
6626 429
4762 430
1910 431
2876 432
10881 433
927 434
1685 435
5043 436
5136 437
7728 438
4192 439
3489 440
5972 441
5976 442
5203 443
4508 444
3399 445
5939 446
2333 447
11239 448
6105 449
4886 450
8458 451
2469 452
5772 453
10350 454
9287 455
10089 456
9545 457
935 458
5583 459
1107 460
5856 461
1220 462
7233 463
11057 464
5023 465
2808 466
2706 467
9180 468
8298 469
10815 470
8294 471
5311 472
10571 473
1388 474
4141 475
11182 476
7829 477
1069 478
7334 479
3505 480
5183 481
8814 482
9849 483
9256 484
759 485
11234 486
7877 487
2585 488
10417 489
5706 490
4242 491
7557 492
7184 493
4693 494
5608 495
8054 496
6495 497
9682 498
4260 499
3511 500
10687 501
10840 502
8237 503
10598 504
9655 505
743 506
11347 507
9698 508
2341 509
10313 510
5889 511
8159 512
8124 513
5829 514
10521 515
807 516
253 517
5139 518
7856 519
8618 520
2847 521
3434 522
891 523
11249 524
9682 525
9177 526
9517 527
7824 528
3417 529
9511 530
10078 531
11168 532
3039 533
6530 534
3153 535
1480 536
6966 537
4055 538
11266 539
2335 540
7105 541
4096 542
6205 543
5724 544
9103 545
890 546
831 547
5862 548
253 549
10563 550
4786 551
11275 552
7140 553
7457 554
2978 555
853 556
3378 557
5519 558
9154 559
9862 560
10397 561
10087 562
8328 563
2017 564
3893 565
2818 566
185 567
1982 568
9244 569
5824 570
8782 571
7003 572
3601 573
9837 574
7390 575
8014 576
6373 577
7737 578
3939 579
9972 580
8892 581
9451 582
7018 583
10179 584
6007 585
4962 586
3555 587
6538 588
11011 589
1776 590
6165 591
6494 592
7469 593
1144 594
1914 595
10806 596
9561 597
2104 598
1545 599
9343 600
5445 601
8132 602
4877 603
6874 604
5304 605
8871 606
5150 607
3101 608
9945 609
1285 610
747 611
3345 612
7134 613
1461 614
4158 615
6076 616
8848 617
3212 618
1984 619
4104 620
3123 621
591 622
7065 623
5702 624
1854 625
6026 626
8431 627
10439 628
559 629
11011 630
1928 631
9240 632
850 633
9654 634
738 635
7954 636
9009 637
2201 638
8653 639
6906 640
1207 641
4379 642
1577 643
3208 644
7571 645
4462 646
4909 647
6725 648
1591 649
4843 650
10937 651
3600 652
4025 653
1713 654
6309 655
1903 656
6846 657
7476 658
8077 659
616 660
6987 661
7853 662
1326 663
10986 664
5110 665
5376 666
1738 667
7593 668
7842 669
9593 670
983 671
2990 672
4875 673
7074 674
7612 675
6448 676
3858 677
4647 678
11430 679
396 680
3562 681
2713 682
7022 683
7349 684
8049 685
6916 686
1596 687
10686 688
9061 689
526 690
4686 691
49 692
8139 693
9253 694
917 695
8408 696
1095 697
612 698
25 699
2598 700
8639 701
11045 702
4607 703
7654 704
5071 705
1175 706
2910 707
2494 708
9675 709
8513 710
389 711
2458 712
3914 713
33 714
4357 715
668 716
5181 717
6491 718
8255 719
8754 720
1639 721
5136 722
10431 723
10319 724
4363 725
26 726
5055 727
8062 728
2374 729
9569 730
6218 731
7363 732
4750 733
3658 734
9201 735
1358 736
7973 737
8605 738
7804 739
1002 740
1752 741
3834 742
2010 743
1217 744
6367 745
5680 746
1187 747
9379 748
6675 749
3495 750
8157 751
8611 752
646 753
10215 754
10054 755
10662 756
9502 757
1996 758
11351 759
10871 760
11049 761
11479 762
9397 763
2336 764
1242 765
4667 766
2964 767
5188 768
5640 769
4190 770
8608 771
6086 772
6168 773
3230 774
6713 775
5348 776
9382 777
10404 778
2033 779
680 780
5714 781
8524 782
1797 783
3984 784
4231 785
9927 786
5603 787
2719 788
9629 789
3326 790
7407 791
1506 792
3483 793
9652 794
2764 795
2037 796
3853 797
2328 798
9198 799
7874 800
5584 801
1209 802
9601 803
10733 804
4902 805
7740 806
9902 807
4564 808
8900 809
4136 810
2978 811
1098 812
2272 813
3560 814
7143 815
3504 816
3552 817
6406 818
10584 819
4114 820
8067 821
1097 822
9382 823
2096 824
6858 825
5169 826
1481 827
4675 828
11095 829
11075 830
303 831
2380 832
3408 833
8611 834
10360 835
6430 836
3808 837
1210 838
6297 839
2557 840
6316 841
3900 842
1777 843
8066 844
8928 845
4190 846
5339 847
11197 848
5075 849
7514 850
6640 851
3707 852
10541 853
565 854
3363 855
10282 856
6330 857
2444 858
5628 859
2161 860
9093 861
4940 862
1218 863
6337 864
11483 865
3054 866
4095 867
4271 868
4637 869
10677 870
613 871
2870 872
5970 873
3928 874
10742 875
8444 876
10728 877
8481 878
7364 879
2051 880
5219 881
5763 882
11367 883
4761 884
9566 885
1441 886
7741 887
5148 888
6216 889
10362 890
7323 891
675 892
3603 893
11219 894
6434 895
1634 896
3129 897
10088 898
1640 899
11433 900
7627 901
3298 902
1743 903
7956 904
5432 905
6175 906
4358 907
4487 908
6292 909
4314 910
1959 911
5493 912
9253 913
7227 914
10249 915
7517 916
4374 917
2387 918
6855 919
8495 920
7128 921
2504 922
9042 923
9181 924
6517 925
10813 926
11311 927
3463 928
2823 929
632 930
206 931
3974 932
5079 933
3553 934
7019 935
645 936
196 937
1435 938
106 939
7353 940
9635 941
4083 942
5388 943
11200 944
7827 945
9553 946
10639 947
657 948
9003 949
1340 950
7755 951
8459 952
5167 953
2496 954
6184 955
5688 956
4500 957
7717 958
2852 959
11212 960
7485 961
3811 962
9481 963
6695 964
10176 965
7838 966
1708 967
2955 968
2976 969
1904 970
8009 971
9932 972
916 973
9544 974
9474 975
10548 976
9810 977
5688 978
9534 979
1934 980
8463 981
3220 982
7631 983
1104 984
5739 985
6317 986
6642 987
1529 988
10173 989
818 990
9930 991
5885 992
7931 993
6078 994
5586 995
7783 996
11132 997
4054 998
965 999
10166 1000
5401 1001
3634 1002
4718 1003
8800 1004
3380 1005
7051 1006
6631 1007
4737 1008
9374 1009
5042 1010
9942 1011
5066 1012
2522 1013
6743 1014
917 1015
8846 1016
1020 1017
5789 1018
4292 1019
3499 1020
9242 1021
3213 1022
5533 1023
4793 1024
7908 1025
3959 1026
6314 1027
3627 1028
8976 1029
6260 1030
8371 1031
8323 1032
10645 1033
4472 1034
7431 1035
417 1036
778 1037
5705 1038
3565 1039
8943 1040
3764 1041
2797 1042
10838 1043
2665 1044
10225 1045
9685 1046
1137 1047
5302 1048
8183 1049
4847 1050
3494 1051
5500 1052
4533 1053
3952 1054
2802 1055
10447 1056
2083 1057
2669 1058
3803 1059
958 1060
6023 1061
451 1062
8620 1063
10222 1064
2809 1065
8229 1066
1846 1067
2721 1068
620 1069
10524 1070
11247 1071
5212 1072
5078 1073
7686 1074
7235 1075
6596 1076
6798 1077
1583 1078
5399 1079
4973 1080
6010 1081
3932 1082
10427 1083
7051 1084
1821 1085
9191 1086
3508 1087
4013 1088
283 1089
7204 1090
7778 1091
5085 1092
1748 1093
7335 1094
1703 1095
2730 1096
5817 1097
5151 1098
10766 1099
6955 1100
10216 1101
10732 1102
4348 1103
4773 1104
5029 1105
2227 1106
5050 1107
7591 1108
7662 1109
6984 1110
10104 1111
4672 1112
7482 1113
10682 1114
10747 1115
2171 1116
11145 1117
6995 1118
7742 1119
2389 1120
7718 1121
3469 1122
3001 1123
5835 1124
5510 1125
172 1126
2655 1127
1101 1128
11208 1129
5665 1130
10739 1131
11459 1132
4865 1133
9251 1134
4871 1135
1146 1136
8294 1137
2326 1138
4122 1139
10033 1140
7490 1141
6808 1142
5359 1143
4132 1144
1080 1145
3377 1146
1002 1147
8012 1148
4613 1149
