1450 1650
10029 0
12299 1
9471 2
8069 3
9836 4
4687 5
5257 6
10774 7
14314 8
10018 9
1405 10
589 11
4816 12
6964 13
7338 14
13537 15
12584 16
1221 17
12921 18
12863 19
5628 20
9364 21
7321 22
3652 23
10712 24
11055 25
5595 26
4665 27
3829 28
5559 29
10372 30
7107 31
10621 32
13263 33
5320 34
10186 35
3871 36
3316 37
4539 38
10343 39
3626 40
1509 41
3569 42
7827 43
8402 44
3411 45
13693 46
12201 47
11452 48
2478 49
2321 50
10405 51
8752 52
3142 53
559 54
184 55
4064 56
10682 57
6784 58
11642 59
8781 60
4079 61
1749 62
1973 63
4109 64
5922 65
13503 66
13827 67
8824 68
12174 69
10979 70
7113 71
7411 72
4444 73
5721 74
8763 75
12977 76
2372 77
3585 78
13030 79
1407 80
8112 81
13822 82
9626 83
14106 84
14116 85
6716 86
13809 87
8650 88
263 89
5042 90
10378 91
13604 92
9400 93
2456 94
3293 95
3071 96
3896 97
2417 98
10631 99
2231 100
11739 101
13988 102
8266 103
5786 104
6221 105
9090 106
1706 107
1491 108
11260 109
9814 110
7767 111
2409 112
3014 113
2788 114
6060 115
1606 116
387 117
3927 118
5250 119
2295 120
14077 121
13826 122
2608 123
10368 124
1412 125
1858 126
6054 127
3328 128
14099 129
5935 130
7574 131
530 132
13442 133
6325 134
9965 135
10015 136
4881 137
6364 138
11144 139
1370 140
384 141
13602 142
10816 143
12890 144
12398 145
7783 146
1377 147
6267 148
2425 149
2664 150
11685 151
14097 152
5355 153
11466 154
4767 155
6077 156
1453 157
5072 158
13748 159
1990 160
6410 161
11440 162
9326 163
232 164
10231 165
9826 166
13772 167
10793 168
3543 169
10106 170
6072 171
2261 172
2609 173
7769 174
12627 175
2523 176
13914 177
13490 178
714 179
6711 180
8510 181
5214 182
11702 183
3739 184
1676 185
9351 186
16 187
7862 188
5266 189
11323 190
1920 191
1521 192
13472 193
6654 194
7582 195
7475 196
1041 197
462 198
1745 199
12983 200
2700 201
13859 202
1028 203
7060 204
1829 205
8123 206
10813 207
6340 208
2805 209
11451 210
1367 211
12676 212
891 213
9540 214
2474 215
1880 216
7253 217
2372 218
11485 219
4467 220
9085 221
5845 222
4459 223
8043 224
10989 225
10011 226
13529 227
3789 228
5345 229
8079 230
13879 231
11905 232
4568 233
1782 234
6054 235
4045 236
4581 237
10041 238
315 239
5362 240
11216 241
10554 242
8719 243
149 244
9379 245
6207 246
10890 247
13765 248
4921 249
10205 250
2887 251
12612 252
10539 253
7315 254
2146 255
3636 256
620 257
10252 258
2377 259
7619 260
1262 261
10385 262
2680 263
3429 264
13433 265
11115 266
5803 267
4612 268
12076 269
12879 270
11860 271
13350 272
7012 273
4490 274
14142 275
10922 276
6527 277
8313 278
12372 279
7935 280
11633 281
10501 282
156 283
5958 284
12489 285
11143 286
12162 287
13036 288
6959 289
3047 290
11958 291
4465 292
10044 293
8393 294
2047 295
3666 296
11484 297
12047 298
5354 299
5011 300
8068 301
11923 302
10459 303
5564 304
2935 305
10353 306
12017 307
8866 308
7099 309
1014 310
2089 311
3065 312
1237 313
6573 314
12185 315
10096 316
11580 317
6759 318
10596 319
1017 320
9793 321
10002 322
6345 323
10224 324
12910 325
8347 326
3877 327
6563 328
4877 329
7255 330
9821 331
3141 332
11342 333
4094 334
8517 335
10305 336
9501 337
10220 338
11734 339
10304 340
4331 341
7793 342
11167 343
6943 344
3972 345
7500 346
10206 347
7516 348
13187 349
6415 350
7377 351
5593 352
4281 353
1166 354
1450 355
9553 356
9495 357
4819 358
8411 359
11198 360
14328 361
10722 362
11886 363
953 364
14392 365
5088 366
5429 367
3837 368
7606 369
3316 370
6009 371
4200 372
658 373
3079 374
12844 375
6811 376
1777 377
10565 378
4488 379
11256 380
5538 381
10282 382
4646 383
3687 384
888 385
12590 386
6786 387
12173 388
4664 389
4928 390
3060 391
13385 392
9136 393
3947 394
200 395
11605 396
141 397
12298 398
2422 399
5205 400
14094 401
1944 402
6923 403
9023 404
1359 405
8876 406
10774 407
10737 408
1254 409
1816 410
12553 411
12743 412
263 413
7912 414
11316 415
14048 416
12124 417
9789 418
9809 419
5549 420
7189 421
9815 422
4809 423
1656 424
2984 425
7886 426
14129 427
10398 428
4783 429
11322 430
1040 431
2940 432
7891 433
7042 434
6981 435
3842 436
3503 437
8667 438
7034 439
11675 440
5591 441
6298 442
4335 443
14246 444
11886 445
10991 446
10807 447
12925 448
10540 449
14055 450
224 451
3188 452
12094 453
11966 454
3383 455
2956 456
11675 457
3685 458
8396 459
9432 460
14079 461
821 462
7372 463
13595 464
11265 465
3111 466
14106 467
191 468
6077 469
4804 470
3765 471
7666 472
5914 473
10963 474
540 475
3229 476
2272 477
2703 478
5171 479
11016 480
6365 481
12919 482
11660 483
6355 484
5099 485
13044 486
276 487
6551 488
3359 489
13724 490
5481 491
12790 492
4839 493
1806 494
5821 495
8903 496
6950 497
7929 498
14352 499
7348 500
7810 501
1029 502
3199 503
3281 504
10492 505
1601 506
5640 507
10894 508
12057 509
4795 510
7333 511
5481 512
13509 513
9236 514
4933 515
7660 516
12093 517
4214 518
8379 519
8097 520
13747 521
12392 522
11982 523
1650 524
8007 525
8697 526
1210 527
365 528
6738 529
3186 530
12907 531
12880 532
14217 533
1571 534
1451 535
6815 536
137 537
1989 538
12166 539
4412 540
5689 541
9839 542
3383 543
2538 544
3485 545
5965 546
11893 547
4293 548
10245 549
4615 550
10123 551
12475 552
5533 553
5980 554
94 555
11617 556
341 557
3497 558
9253 559
1002 560
10855 561
8124 562
5429 563
2298 564
10067 565
10337 566
4373 567
14031 568
9232 569
3980 570
6059 571
8686 572
4901 573
2596 574
4232 575
13092 576
720 577
11851 578
11899 579
10473 580
3200 581
4296 582
1251 583
6357 584
9117 585
90 586
10045 587
4020 588
4877 589
8783 590
10637 591
13137 592
496 593
2406 594
13695 595
660 596
9739 597
5531 598
4500 599
11559 600
824 601
14385 602
8085 603
10767 604
14245 605
10854 606
5899 607
10428 608
7045 609
9688 610
12206 611
6750 612
11776 613
8264 614
465 615
7300 616
377 617
4020 618
3458 619
8982 620
13762 621
4402 622
8792 623
14431 624
8160 625
4157 626
6730 627
10904 628
1652 629
8321 630
9178 631
7378 632
12602 633
2572 634
14488 635
2802 636
11444 637
5309 638
8502 639
7574 640
13306 641
1448 642
290 643
2459 644
10020 645
13209 646
7348 647
10662 648
12801 649
7334 650
6656 651
2826 652
5202 653
6957 654
11961 655
12857 656
8318 657
263 658
13945 659
7565 660
11946 661
14249 662
9145 663
7164 664
4778 665
3209 666
4030 667
5964 668
5160 669
6871 670
6164 671
7404 672
4434 673
14033 674
2716 675
9397 676
9938 677
12570 678
5369 679
12179 680
2721 681
12312 682
1646 683
11451 684
11000 685
5027 686
2501 687
6044 688
3898 689
963 690
11747 691
9581 692
11760 693
11236 694
5734 695
1599 696
2332 697
4096 698
9104 699
2073 700
8567 701
5639 702
8917 703
5945 704
9194 705
5982 706
1971 707
12868 708
9500 709
11370 710
907 711
13820 712
1465 713
1538 714
12861 715
3606 716
2261 717
8922 718
283 719
3533 720
9526 721
219 722
5347 723
3135 724
7917 725
9310 726
328 727
12441 728
8474 729
11092 730
5520 731
3306 732
8169 733
4255 734
9519 735
4441 736
1672 737
1779 738
6257 739
12778 740
8086 741
4180 742
13097 743
8307 744
12421 745
3716 746
6825 747
11692 748
13285 749
3251 750
5620 751
14228 752
640 753
11670 754
12043 755
1347 756
3544 757
1549 758
4067 759
3767 760
7319 761
8078 762
5830 763
2610 764
13965 765
10320 766
4432 767
1807 768
1254 769
11918 770
11449 771
2691 772
11714 773
13925 774
14360 775
6515 776
7429 777
14492 778
4030 779
11012 780
3707 781
10282 782
11953 783
7949 784
11083 785
14121 786
10789 787
13139 788
8172 789
604 790
6029 791
322 792
11359 793
5938 794
5133 795
13162 796
1028 797
11806 798
8227 799
3480 800
13680 801
11644 802
5238 803
9649 804
12710 805
1680 806
9543 807
4773 808
4045 809
8627 810
11470 811
4330 812
10264 813
13420 814
10005 815
3729 816
9622 817
6381 818
13157 819
8404 820
14027 821
2539 822
11506 823
1572 824
14465 825
756 826
13081 827
3111 828
13077 829
774 830
11194 831
2677 832
5846 833
1307 834
922 835
8948 836
12881 837
1034 838
11279 839
12035 840
8953 841
6161 842
3771 843
535 844
1342 845
7760 846
4138 847
13974 848
9465 849
6252 850
10565 851
2279 852
8184 853
4560 854
12343 855
2929 856
60 857
13722 858
7923 859
4267 860
9135 861
772 862
1010 863
1617 864
6741 865
6572 866
2718 867
8001 868
12940 869
12583 870
4087 871
6234 872
11948 873
7345 874
10500 875
11916 876
1990 877
3408 878
3535 879
5169 880
14131 881
8733 882
13750 883
7678 884
9171 885
13860 886
12006 887
6772 888
11006 889
8161 890
5762 891
6929 892
5233 893
11515 894
6593 895
12754 896
2661 897
3048 898
3026 899
4351 900
681 901
2040 902
4498 903
5161 904
4747 905
9861 906
4047 907
3854 908
7975 909
4472 910
4597 911
1220 912
168 913
524 914
860 915
6642 916
14253 917
8111 918
959 919
6947 920
2492 921
155 922
8385 923
3507 924
7445 925
1107 926
7880 927
1690 928
9333 929
13759 930
3237 931
459 932
10096 933
1855 934
2127 935
12355 936
3364 937
686 938
6700 939
11882 940
6894 941
3353 942
14102 943
12867 944
5638 945
13004 946
1717 947
7390 948
12731 949
14137 950
9007 951
12996 952
1735 953
1345 954
2649 955
12217 956
6768 957
14263 958
13315 959
10722 960
1780 961
11215 962
910 963
7646 964
9971 965
8690 966
2457 967
5673 968
11084 969
970 970
1712 971
7649 972
2412 973
158 974
5180 975
12769 976
5737 977
1809 978
2207 979
5339 980
4682 981
7242 982
13828 983
1352 984
9979 985
6496 986
291 987
10113 988
13751 989
8870 990
11755 991
6853 992
8897 993
7863 994
2737 995
7533 996
11858 997
3057 998
7240 999
8757 1000
8607 1001
11536 1002
3555 1003
14039 1004
14392 1005
10858 1006
11877 1007
2388 1008
10277 1009
12762 1010
13922 1011
6774 1012
1096 1013
13108 1014
9599 1015
9429 1016
6272 1017
10497 1018
8063 1019
8675 1020
6694 1021
6821 1022
3097 1023
355 1024
5383 1025
11122 1026
6609 1027
6370 1028
9278 1029
3383 1030
2295 1031
12883 1032
3168 1033
4701 1034
3384 1035
7411 1036
9669 1037
4645 1038
9111 1039
6581 1040
286 1041
9318 1042
11246 1043
5454 1044
13203 1045
2593 1046
12852 1047
4875 1048
5959 1049
1600 1050
6133 1051
12182 1052
2880 1053
6017 1054
5127 1055
365 1056
4457 1057
9458 1058
8319 1059
5158 1060
12269 1061
7826 1062
2281 1063
5398 1064
5990 1065
6892 1066
8240 1067
12202 1068
10303 1069
10131 1070
4945 1071
2613 1072
13212 1073
14096 1074
510 1075
6751 1076
9321 1077
13372 1078
13833 1079
10838 1080
2682 1081
828 1082
6688 1083
3836 1084
75 1085
5339 1086
11269 1087
11343 1088
3807 1089
5204 1090
8163 1091
6180 1092
3806 1093
14234 1094
11757 1095
96 1096
5984 1097
12171 1098
13868 1099
11406 1100
9029 1101
10495 1102
5882 1103
749 1104
2622 1105
4681 1106
8813 1107
11133 1108
9870 1109
12273 1110
1587 1111
7631 1112
9635 1113
9381 1114
12097 1115
11214 1116
5355 1117
5413 1118
7617 1119
11008 1120
3078 1121
11565 1122
11055 1123
122 1124
7556 1125
2609 1126
9513 1127
5279 1128
4434 1129
2473 1130
10932 1131
153 1132
14110 1133
9985 1134
1794 1135
2194 1136
7558 1137
302 1138
4347 1139
171 1140
13243 1141
3848 1142
2684 1143
12042 1144
2810 1145
7489 1146
11689 1147
12648 1148
12781 1149
7107 1150
6240 1151
1868 1152
3896 1153
4301 1154
9361 1155
12208 1156
10904 1157
10314 1158
4741 1159
9226 1160
5638 1161
3236 1162
6817 1163
2527 1164
8991 1165
11429 1166
449 1167
10118 1168
796 1169
1314 1170
8526 1171
1943 1172
5898 1173
600 1174
7924 1175
12631 1176
4910 1177
4031 1178
249 1179
10556 1180
4176 1181
4059 1182
12058 1183
5418 1184
13210 1185
14398 1186
7562 1187
3375 1188
10389 1189
889 1190
11109 1191
4842 1192
10680 1193
6905 1194
13112 1195
5001 1196
5326 1197
7587 1198
11449 1199
8079 1200
6725 1201
703 1202
5522 1203
1077 1204
6070 1205
6303 1206
13125 1207
6470 1208
5631 1209
11171 1210
13821 1211
8899 1212
115 1213
2881 1214
10091 1215
14102 1216
6740 1217
10284 1218
2441 1219
5233 1220
9931 1221
11225 1222
1661 1223
1076 1224
4710 1225
14233 1226
9597 1227
714 1228
6513 1229
4246 1230
2434 1231
10042 1232
3210 1233
3242 1234
11754 1235
12745 1236
9716 1237
8026 1238
10542 1239
13350 1240
7499 1241
4141 1242
5359 1243
4632 1244
6260 1245
4319 1246
5492 1247
10185 1248
4194 1249
2251 1250
13388 1251
7399 1252
4587 1253
5003 1254
5039 1255
5888 1256
3874 1257
9363 1258
5898 1259
1515 1260
7958 1261
12279 1262
8812 1263
7392 1264
2476 1265
808 1266
6345 1267
2432 1268
11675 1269
5004 1270
3989 1271
12540 1272
147 1273
13000 1274
4856 1275
10185 1276
5358 1277
9249 1278
9176 1279
14348 1280
7621 1281
12677 1282
1827 1283
14265 1284
12099 1285
6176 1286
737 1287
2329 1288
13489 1289
1672 1290
488 1291
267 1292
8023 1293
4503 1294
8784 1295
5216 1296
6886 1297
11353 1298
1735 1299
6483 1300
804 1301
8935 1302
10621 1303
6448 1304
8039 1305
8901 1306
8740 1307
4820 1308
8947 1309
1024 1310
4601 1311
7222 1312
13132 1313
9105 1314
9460 1315
2414 1316
9547 1317
2901 1318
13271 1319
4440 1320
7645 1321
8539 1322
12063 1323
4532 1324
2138 1325
12342 1326
10411 1327
10346 1328
8872 1329
1710 1330
8505 1331
7358 1332
12043 1333
8548 1334
421 1335
7057 1336
11277 1337
14265 1338
14407 1339
263 1340
14339 1341
8865 1342
5123 1343
2884 1344
9339 1345
5572 1346
1203 1347
12568 1348
12778 1349
12099 1350
13068 1351
2791 1352
4129 1353
11065 1354
13852 1355
13433 1356
9514 1357
6666 1358
10959 1359
6958 1360
12557 1361
3755 1362
3928 1363
6763 1364
10586 1365
6287 1366
4731 1367
5510 1368
3406 1369
1942 1370
13586 1371
11693 1372
9593 1373
8530 1374
3578 1375
5402 1376
6118 1377
1566 1378
13145 1379
6881 1380
728 1381
11641 1382
5284 1383
13391 1384
651 1385
10414 1386
1976 1387
1838 1388
8664 1389
1507 1390
4256 1391
6405 1392
1304 1393
2511 1394
2221 1395
1050 1396
5449 1397
2958 1398
6848 1399
2329 1400
10978 1401
13785 1402
8550 1403
4819 1404
5737 1405
9448 1406
6743 1407
1730 1408
2459 1409
4157 1410
14418 1411
6607 1412
6570 1413
8254 1414
11752 1415
3694 1416
11228 1417
4311 1418
5284 1419
7634 1420
4194 1421
609 1422
10622 1423
10718 1424
8657 1425
13408 1426
7830 1427
4780 1428
9406 1429
13602 1430
3937 1431
9487 1432
220 1433
759 1434
12952 1435
6120 1436
2575 1437
13122 1438
12728 1439
12984 1440
12966 1441
6513 1442
6060 1443
11538 1444
9032 1445
7551 1446
6175 1447
7964 1448
5775 1449
