1550 650
3194 0
7994 1
15439 2
7061 3
3594 4
5338 5
1621 6
10408 7
2429 8
386 9
9948 10
13158 11
322 12
5288 13
9655 14
11545 15
8760 16
7957 17
7560 18
4655 19
905 20
2677 21
3945 22
6725 23
9010 24
7645 25
13370 26
3166 27
13136 28
12037 29
5176 30
348 31
3016 32
759 33
1450 34
11980 35
708 36
10709 37
9299 38
1018 39
8623 40
15172 41
6063 42
8565 43
218 44
9238 45
1093 46
10065 47
3841 48
7589 49
9898 50
1087 51
7813 52
15173 53
12810 54
13786 55
8269 56
5653 57
10317 58
8879 59
1308 60
4015 61
566 62
14287 63
5479 64
9055 65
13322 66
8227 67
2809 68
10101 69
675 70
10539 71
4829 72
3973 73
7463 74
5584 75
8526 76
13247 77
5162 78
3677 79
1207 80
14950 81
14913 82
2799 83
5138 84
10943 85
6661 86
10051 87
3354 88
2319 89
3829 90
7340 91
12699 92
551 93
12931 94
7640 95
4461 96
9624 97
4695 98
11404 99
10251 100
13965 101
1240 102
8689 103
12028 104
9508 105
2439 106
2172 107
6038 108
6925 109
11025 110
7141 111
11409 112
13444 113
11863 114
1073 115
9596 116
7328 117
3545 118
9376 119
11436 120
6863 121
3659 122
6353 123
94 124
7280 125
2115 126
9837 127
2286 128
14412 129
13380 130
4718 131
9488 132
14261 133
12979 134
6059 135
2120 136
2716 137
2284 138
6662 139
4846 140
5562 141
2728 142
281 143
8321 144
7859 145
11475 146
9089 147
7744 148
13774 149
13241 150
12191 151
11813 152
2355 153
13127 154
15070 155
12101 156
11707 157
3539 158
13814 159
8103 160
11014 161
10863 162
3005 163
5679 164
5805 165
3033 166
6462 167
3089 168
12496 169
14283 170
4402 171
2691 172
14073 173
8298 174
5638 175
13601 176
8825 177
14444 178
9397 179
185 180
812 181
8592 182
13715 183
10404 184
3815 185
13260 186
6580 187
13993 188
13833 189
10336 190
1699 191
1650 192
6414 193
11119 194
521 195
1184 196
1355 197
10220 198
10535 199
9499 200
75 201
12880 202
13989 203
3325 204
1973 205
14378 206
4664 207
3775 208
15141 209
4899 210
5086 211
6557 212
10417 213
3015 214
1305 215
5194 216
4744 217
13344 218
37 219
12927 220
9112 221
4675 222
2036 223
7362 224
6125 225
4371 226
8916 227
4575 228
10393 229
14679 230
8791 231
5913 232
8970 233
13541 234
2722 235
8755 236
11948 237
7712 238
4417 239
5356 240
2913 241
10417 242
9081 243
9047 244
6430 245
13192 246
8315 247
2645 248
1431 249
13481 250
8716 251
1394 252
15045 253
1982 254
11497 255
11651 256
2231 257
11046 258
4213 259
2530 260
6778 261
13219 262
14276 263
14009 264
13226 265
15365 266
3309 267
5800 268
11673 269
14224 270
12863 271
13431 272
14803 273
5220 274
13997 275
12556 276
10665 277
9077 278
5770 279
10030 280
13731 281
7343 282
9537 283
14792 284
7979 285
13637 286
7615 287
11306 288
13174 289
10167 290
10058 291
230 292
6085 293
4723 294
4195 295
2749 296
2081 297
11750 298
11701 299
12592 300
10967 301
8096 302
3009 303
4838 304
11734 305
724 306
15093 307
14418 308
1697 309
5048 310
12490 311
6619 312
9471 313
2461 314
5531 315
12534 316
5732 317
14049 318
8723 319
2702 320
13184 321
7402 322
6178 323
15221 324
12808 325
3260 326
1789 327
5282 328
3976 329
14654 330
14327 331
14695 332
6944 333
3493 334
10674 335
1911 336
8691 337
13769 338
14748 339
10118 340
1479 341
1532 342
3835 343
2769 344
8493 345
11024 346
1805 347
14739 348
9877 349
11208 350
6735 351
11213 352
4026 353
5319 354
9942 355
14848 356
7551 357
12587 358
5203 359
256 360
3563 361
8702 362
14201 363
9976 364
12234 365
10772 366
10105 367
9873 368
6160 369
281 370
10643 371
5702 372
12804 373
15114 374
11326 375
14539 376
15318 377
15276 378
8753 379
9542 380
2960 381
13279 382
6178 383
14658 384
13119 385
8750 386
1638 387
12446 388
11755 389
9175 390
8318 391
11475 392
11660 393
14540 394
1127 395
14237 396
1432 397
5409 398
14129 399
11902 400
8110 401
6670 402
4411 403
14383 404
13254 405
6742 406
6586 407
12439 408
4673 409
7965 410
10362 411
13317 412
2496 413
14398 414
10022 415
10203 416
11987 417
12111 418
3574 419
4748 420
2320 421
8638 422
1995 423
1048 424
11008 425
13555 426
1196 427
10457 428
8332 429
5374 430
3111 431
13055 432
1900 433
7472 434
1874 435
9625 436
6499 437
14653 438
1535 439
7371 440
12577 441
14405 442
1222 443
5280 444
7279 445
2719 446
12714 447
440 448
808 449
10484 450
13110 451
11978 452
11459 453
14383 454
5389 455
12999 456
8252 457
12198 458
12073 459
4847 460
11295 461
13559 462
6302 463
12563 464
2954 465
11309 466
9201 467
62 468
4366 469
5131 470
11492 471
2757 472
7690 473
13815 474
3621 475
6327 476
6676 477
6261 478
8947 479
4781 480
13611 481
14508 482
3584 483
5607 484
10168 485
14455 486
12552 487
376 488
13696 489
15221 490
1368 491
5526 492
8766 493
244 494
13298 495
2366 496
12917 497
6261 498
270 499
15267 500
2539 501
13132 502
216 503
9929 504
2965 505
7348 506
11495 507
6039 508
4394 509
8407 510
9334 511
13056 512
12540 513
8493 514
3912 515
1384 516
9741 517
10733 518
4355 519
2888 520
12690 521
2639 522
6010 523
14982 524
3759 525
11055 526
13728 527
3564 528
13672 529
12747 530
986 531
7909 532
14640 533
11811 534
12048 535
9229 536
13872 537
1702 538
2445 539
3846 540
4055 541
5758 542
2513 543
11468 544
6204 545
6084 546
8305 547
5009 548
6421 549
1295 550
1456 551
6394 552
698 553
2499 554
14727 555
8193 556
768 557
15059 558
12431 559
11931 560
7703 561
795 562
4281 563
9589 564
2306 565
10681 566
6822 567
8864 568
2743 569
3449 570
11190 571
2148 572
6954 573
2501 574
9846 575
10917 576
7569 577
3604 578
13399 579
8455 580
1034 581
12123 582
3160 583
9640 584
3786 585
13418 586
3902 587
3924 588
14032 589
15148 590
1553 591
14873 592
13149 593
12222 594
10134 595
3810 596
747 597
11717 598
14158 599
11168 600
1681 601
987 602
12714 603
9859 604
14777 605
13748 606
10244 607
20 608
7306 609
11584 610
3616 611
5471 612
11058 613
3644 614
3151 615
11462 616
13388 617
14113 618
4108 619
2085 620
11832 621
2350 622
7325 623
6549 624
5076 625
13088 626
6572 627
1637 628
12372 629
10824 630
4522 631
7735 632
5355 633
4253 634
14855 635
14121 636
10048 637
10159 638
1961 639
8115 640
3726 641
6281 642
2691 643
13573 644
15431 645
4235 646
6491 647
14470 648
4128 649
11166 650
6096 651
13072 652
11749 653
1979 654
7846 655
644 656
2480 657
15452 658
2215 659
9678 660
4543 661
14673 662
14320 663
9996 664
12720 665
11207 666
11705 667
7163 668
3264 669
9045 670
6875 671
5870 672
12973 673
14179 674
550 675
5698 676
10874 677
5189 678
10227 679
11612 680
5442 681
13389 682
14008 683
10045 684
5580 685
4116 686
7943 687
3847 688
13269 689
7416 690
13988 691
14974 692
3499 693
9644 694
8136 695
4926 696
2765 697
5685 698
3098 699
11809 700
2039 701
6649 702
5520 703
14782 704
15216 705
12153 706
9708 707
7212 708
12043 709
7466 710
14772 711
6950 712
10659 713
5428 714
6790 715
786 716
4771 717
2496 718
7058 719
11536 720
7100 721
15213 722
9012 723
70 724
14205 725
11292 726
12747 727
4214 728
13896 729
318 730
14669 731
2786 732
4783 733
14595 734
14582 735
14932 736
111 737
4277 738
15025 739
13066 740
5767 741
15165 742
1373 743
9831 744
8592 745
5201 746
15196 747
6419 748
12965 749
2426 750
1318 751
5724 752
2207 753
15374 754
8565 755
3835 756
9671 757
587 758
13065 759
15494 760
131 761
8541 762
7802 763
11233 764
8218 765
11522 766
13396 767
483 768
13116 769
2066 770
8486 771
10083 772
3615 773
2582 774
3344 775
3851 776
14541 777
12334 778
7792 779
6666 780
981 781
12595 782
7659 783
5349 784
8258 785
11544 786
2655 787
2578 788
9922 789
8830 790
2905 791
4151 792
4093 793
14325 794
13265 795
6019 796
7384 797
14093 798
2782 799
7669 800
10697 801
1322 802
9063 803
1158 804
2088 805
12582 806
12459 807
8457 808
5860 809
4845 810
10853 811
12784 812
7323 813
9909 814
10759 815
15092 816
2876 817
6505 818
14893 819
293 820
3634 821
13386 822
5828 823
13462 824
8809 825
13940 826
1892 827
7445 828
185 829
11628 830
1182 831
12189 832
8919 833
1711 834
3287 835
15348 836
6340 837
641 838
12629 839
3640 840
1975 841
14212 842
13140 843
3784 844
8035 845
14260 846
8692 847
13922 848
10616 849
5336 850
10571 851
11984 852
1711 853
3245 854
3668 855
7544 856
4879 857
13848 858
13111 859
7947 860
11097 861
10284 862
9215 863
7491 864
12044 865
11276 866
2521 867
3986 868
6508 869
14027 870
9609 871
354 872
10156 873
387 874
14246 875
3145 876
1639 877
14437 878
8972 879
5994 880
14320 881
3304 882
6089 883
4579 884
7856 885
8949 886
15238 887
2476 888
695 889
8754 890
14468 891
15269 892
884 893
9414 894
9185 895
4731 896
15277 897
2781 898
1764 899
10784 900
1763 901
8459 902
4698 903
13234 904
5789 905
2700 906
10225 907
12601 908
9874 909
1829 910
14243 911
9739 912
2879 913
5110 914
13828 915
13156 916
7516 917
14174 918
1528 919
11964 920
87 921
5618 922
2745 923
9156 924
9620 925
14326 926
3045 927
3492 928
14453 929
11301 930
1911 931
1777 932
8309 933
9398 934
6685 935
109 936
4171 937
6122 938
10280 939
11692 940
8232 941
6131 942
12973 943
9125 944
9937 945
12139 946
2233 947
792 948
9578 949
10645 950
10138 951
14343 952
14289 953
4901 954
7894 955
13685 956
6719 957
10523 958
1803 959
5601 960
14641 961
11325 962
14650 963
5020 964
6494 965
5390 966
2027 967
5189 968
5114 969
13515 970
1004 971
4190 972
797 973
3943 974
11623 975
7644 976
13089 977
6195 978
6698 979
8202 980
7053 981
12119 982
6236 983
9253 984
3032 985
13698 986
4362 987
7289 988
3306 989
7509 990
1058 991
14953 992
9106 993
3295 994
14661 995
9250 996
7893 997
14563 998
7440 999
9570 1000
12028 1001
9423 1002
10457 1003
6120 1004
8745 1005
4690 1006
14467 1007
12905 1008
1951 1009
1241 1010
9932 1011
12426 1012
14528 1013
4787 1014
4011 1015
7414 1016
6212 1017
13406 1018
2296 1019
5188 1020
6741 1021
8533 1022
13882 1023
11059 1024
12802 1025
6574 1026
3266 1027
15389 1028
3711 1029
10480 1030
3478 1031
4248 1032
12479 1033
13590 1034
8042 1035
5092 1036
2580 1037
3299 1038
3473 1039
12983 1040
6190 1041
8227 1042
7467 1043
13976 1044
4807 1045
7067 1046
14860 1047
7155 1048
8805 1049
8026 1050
2437 1051
12651 1052
559 1053
563 1054
12973 1055
7462 1056
11361 1057
14578 1058
7839 1059
6101 1060
2747 1061
1844 1062
4310 1063
14507 1064
13325 1065
6926 1066
9837 1067
6681 1068
697 1069
15004 1070
14745 1071
3220 1072
11556 1073
8125 1074
6035 1075
9654 1076
1116 1077
8306 1078
3305 1079
13699 1080
3561 1081
15259 1082
10611 1083
5272 1084
9461 1085
9138 1086
2836 1087
8394 1088
6512 1089
2802 1090
2662 1091
10637 1092
763 1093
5270 1094
8295 1095
12446 1096
9106 1097
13450 1098
3749 1099
9120 1100
6794 1101
7865 1102
13295 1103
13449 1104
1661 1105
282 1106
8087 1107
1092 1108
4996 1109
9479 1110
14265 1111
12520 1112
4119 1113
11611 1114
15176 1115
13065 1116
3709 1117
2049 1118
12204 1119
3994 1120
10599 1121
6911 1122
3624 1123
11519 1124
6210 1125
14041 1126
2384 1127
13881 1128
2105 1129
9116 1130
6334 1131
8455 1132
7139 1133
14130 1134
8529 1135
12650 1136
4880 1137
9373 1138
9016 1139
7464 1140
7027 1141
9946 1142
2916 1143
6195 1144
2298 1145
11394 1146
6785 1147
9468 1148
9746 1149
13764 1150
361 1151
6284 1152
9713 1153
4176 1154
12529 1155
14938 1156
3275 1157
11112 1158
1941 1159
11880 1160
7814 1161
10702 1162
1915 1163
1330 1164
9522 1165
10396 1166
3530 1167
4206 1168
14386 1169
3729 1170
14261 1171
2199 1172
1273 1173
5897 1174
3952 1175
14131 1176
6601 1177
10499 1178
9693 1179
2227 1180
14980 1181
13598 1182
1889 1183
7801 1184
12994 1185
10463 1186
5187 1187
9074 1188
9289 1189
1755 1190
9019 1191
12929 1192
14443 1193
8795 1194
10154 1195
3164 1196
10940 1197
12792 1198
7868 1199
3230 1200
1773 1201
15483 1202
6949 1203
1974 1204
1946 1205
14073 1206
2076 1207
10072 1208
14000 1209
9984 1210
14505 1211
5775 1212
14505 1213
9999 1214
6471 1215
2573 1216
8815 1217
13824 1218
8659 1219
3633 1220
4740 1221
5117 1222
4812 1223
324 1224
13840 1225
5793 1226
11142 1227
3775 1228
2311 1229
5470 1230
7903 1231
3657 1232
2805 1233
10996 1234
9259 1235
1483 1236
21 1237
15388 1238
13935 1239
1052 1240
4776 1241
226 1242
11719 1243
5083 1244
6611 1245
12849 1246
218 1247
12008 1248
744 1249
15233 1250
7933 1251
174 1252
5314 1253
15411 1254
8864 1255
603 1256
3623 1257
7726 1258
11495 1259
7861 1260
7461 1261
11516 1262
2632 1263
12799 1264
12147 1265
7860 1266
14037 1267
1779 1268
6373 1269
4074 1270
3265 1271
112 1272
8031 1273
7409 1274
11054 1275
7640 1276
10596 1277
13219 1278
9681 1279
3642 1280
14411 1281
6241 1282
11371 1283
3268 1284
6081 1285
6726 1286
2168 1287
7800 1288
6828 1289
1249 1290
8271 1291
8952 1292
6406 1293
13188 1294
11694 1295
3314 1296
12135 1297
12932 1298
11737 1299
3405 1300
9265 1301
3250 1302
12112 1303
7148 1304
7286 1305
256 1306
8519 1307
14544 1308
15135 1309
3831 1310
15062 1311
4097 1312
14372 1313
8728 1314
9524 1315
14087 1316
12420 1317
5762 1318
42 1319
7942 1320
7521 1321
7210 1322
1923 1323
5553 1324
71 1325
6688 1326
1957 1327
10 1328
4 1329
9954 1330
2967 1331
2469 1332
12708 1333
11646 1334
8290 1335
11099 1336
12706 1337
3221 1338
11161 1339
9288 1340
6581 1341
8480 1342
15382 1343
10773 1344
5157 1345
10550 1346
15107 1347
14425 1348
8128 1349
10382 1350
15467 1351
767 1352
14069 1353
802 1354
15492 1355
12213 1356
7008 1357
4895 1358
14515 1359
1930 1360
14115 1361
4657 1362
9861 1363
3715 1364
8017 1365
11240 1366
9611 1367
7223 1368
4212 1369
10948 1370
389 1371
1882 1372
5563 1373
14310 1374
547 1375
4025 1376
4227 1377
8044 1378
3361 1379
5087 1380
15154 1381
9810 1382
2611 1383
146 1384
1283 1385
1076 1386
5352 1387
3727 1388
5217 1389
8637 1390
7679 1391
3453 1392
3761 1393
11096 1394
2828 1395
7134 1396
14407 1397
4496 1398
6480 1399
2004 1400
6191 1401
10313 1402
1649 1403
10232 1404
2591 1405
4115 1406
13567 1407
7733 1408
4614 1409
4063 1410
12160 1411
12458 1412
6004 1413
8572 1414
144 1415
14028 1416
3582 1417
4464 1418
7066 1419
13320 1420
2884 1421
6077 1422
1948 1423
12014 1424
9511 1425
5015 1426
10575 1427
15436 1428
5197 1429
15359 1430
2272 1431
1983 1432
9035 1433
1758 1434
823 1435
10858 1436
10316 1437
238 1438
5478 1439
9549 1440
11957 1441
3678 1442
6603 1443
7461 1444
6504 1445
14395 1446
6036 1447
5450 1448
15170 1449
1521 1450
12582 1451
2768 1452
12578 1453
15455 1454
14214 1455
12595 1456
9044 1457
10660 1458
3309 1459
8406 1460
11859 1461
10290 1462
10066 1463
2168 1464
9727 1465
7033 1466
8148 1467
5885 1468
9550 1469
5162 1470
7754 1471
2714 1472
15224 1473
4826 1474
7839 1475
483 1476
13663 1477
1102 1478
15378 1479
1644 1480
7290 1481
362 1482
7022 1483
14412 1484
7022 1485
1124 1486
9524 1487
11436 1488
10678 1489
6355 1490
3454 1491
13717 1492
260 1493
4406 1494
8904 1495
5277 1496
14451 1497
12707 1498
10874 1499
10930 1500
12383 1501
1194 1502
6592 1503
9690 1504
3778 1505
1489 1506
4200 1507
120 1508
2012 1509
15320 1510
5320 1511
2328 1512
13669 1513
2523 1514
13674 1515
10070 1516
13496 1517
10951 1518
2428 1519
13321 1520
341 1521
10793 1522
2517 1523
5880 1524
3960 1525
3455 1526
9027 1527
7383 1528
9182 1529
2521 1530
9646 1531
10900 1532
13221 1533
3310 1534
2096 1535
2887 1536
7232 1537
9324 1538
3073 1539
14384 1540
11177 1541
8575 1542
2032 1543
161 1544
8155 1545
10885 1546
11185 1547
5108 1548
9986 1549
