1450 350
12873 0
2592 1
3197 2
6082 3
9767 4
2205 5
10085 6
6115 7
12082 8
3074 9
392 10
13339 11
14463 12
10907 13
3184 14
8358 15
13740 16
13936 17
8124 18
4197 19
6932 20
1172 21
10887 22
10709 23
4646 24
7674 25
14045 26
9451 27
7853 28
6299 29
6442 30
14023 31
10274 32
12424 33
8445 34
13607 35
55 36
4003 37
5496 38
3666 39
7026 40
10513 41
5779 42
6747 43
8299 44
12836 45
11562 46
13200 47
12799 48
5910 49
9158 50
4830 51
7795 52
9618 53
8266 54
12947 55
10135 56
3565 57
13635 58
14278 59
4652 60
6382 61
7323 62
4473 63
8998 64
10578 65
5483 66
11466 67
6373 68
3242 69
12454 70
12153 71
9062 72
907 73
5329 74
2435 75
127 76
862 77
6157 78
11964 79
13033 80
6002 81
14465 82
14160 83
5910 84
12378 85
3361 86
10569 87
855 88
13649 89
8156 90
4007 91
14384 92
3641 93
4100 94
13266 95
11465 96
13819 97
2672 98
10710 99
6271 100
12389 101
5455 102
2750 103
3146 104
11595 105
10328 106
1608 107
251 108
11075 109
2503 110
7168 111
2635 112
2390 113
4316 114
12099 115
10251 116
7199 117
2973 118
8304 119
4809 120
3531 121
2196 122
7973 123
438 124
6595 125
7018 126
5257 127
12340 128
10579 129
12799 130
429 131
14023 132
1417 133
5093 134
11348 135
13756 136
10050 137
8584 138
13630 139
4194 140
9621 141
2362 142
10818 143
12508 144
7825 145
6820 146
14366 147
5943 148
11870 149
5487 150
8740 151
9629 152
1379 153
1383 154
55 155
4838 156
4309 157
5164 158
2901 159
1709 160
6880 161
4169 162
2418 163
6221 164
3249 165
8651 166
2896 167
9346 168
12284 169
2032 170
13180 171
2148 172
1812 173
8836 174
9589 175
5505 176
4631 177
4350 178
12289 179
8952 180
1615 181
8081 182
8192 183
529 184
4679 185
7337 186
9890 187
2806 188
6868 189
4867 190
2586 191
7756 192
2336 193
1159 194
12952 195
9723 196
3631 197
12538 198
13594 199
12602 200
8674 201
4442 202
11859 203
5969 204
805 205
743 206
534 207
4126 208
6416 209
5142 210
2294 211
3088 212
10486 213
5501 214
8429 215
9251 216
589 217
7764 218
7804 219
724 220
14359 221
11786 222
11948 223
12992 224
12773 225
7515 226
851 227
12713 228
9927 229
4170 230
476 231
6930 232
3877 233
12950 234
10531 235
9933 236
3216 237
3127 238
11018 239
7740 240
5116 241
1564 242
13230 243
14067 244
6785 245
13729 246
5097 247
2348 248
5518 249
2370 250
12939 251
11195 252
6899 253
2013 254
4994 255
7425 256
9008 257
4810 258
5034 259
726 260
5087 261
7872 262
2302 263
8206 264
3089 265
4976 266
7867 267
14130 268
5824 269
8588 270
6457 271
8999 272
13612 273
5444 274
13887 275
5087 276
2269 277
3300 278
12694 279
2261 280
1489 281
888 282
10504 283
4661 284
10042 285
6803 286
11304 287
4668 288
563 289
5732 290
2629 291
1401 292
7020 293
9233 294
3527 295
2506 296
5210 297
11757 298
11827 299
3446 300
10964 301
2185 302
9496 303
8123 304
5669 305
6781 306
13790 307
51 308
13094 309
8170 310
3111 311
8706 312
1647 313
11453 314
2741 315
3627 316
13087 317
1256 318
10093 319
12437 320
2967 321
3470 322
5362 323
3837 324
4781 325
13109 326
639 327
9572 328
879 329
643 330
35 331
6140 332
4430 333
5711 334
10487 335
8584 336
1415 337
5101 338
12156 339
13020 340
9581 341
539 342
8779 343
4050 344
13476 345
2641 346
12472 347
6295 348
4969 349
7473 350
12751 351
9292 352
2426 353
2836 354
7342 355
13194 356
11252 357
1069 358
9945 359
8298 360
13465 361
13795 362
6887 363
6669 364
9010 365
5926 366
4686 367
12941 368
1869 369
14042 370
5467 371
13847 372
2003 373
12109 374
2170 375
9171 376
773 377
8199 378
13509 379
9966 380
13503 381
1113 382
11304 383
9919 384
12372 385
9695 386
5102 387
2489 388
4204 389
6911 390
8172 391
11476 392
1122 393
9903 394
3514 395
2504 396
9256 397
9383 398
7544 399
4491 400
11588 401
6852 402
2464 403
14146 404
9582 405
2428 406
5823 407
4466 408
1112 409
6176 410
10403 411
2903 412
1117 413
2118 414
12880 415
6387 416
9867 417
13817 418
327 419
4314 420
4059 421
6767 422
14067 423
8325 424
5875 425
6288 426
5531 427
9051 428
4318 429
2864 430
12524 431
1107 432
1257 433
995 434
7927 435
5096 436
6133 437
5784 438
8697 439
2877 440
6363 441
1993 442
13097 443
4648 444
5669 445
7042 446
7735 447
11106 448
9126 449
5250 450
2380 451
9992 452
1319 453
6724 454
9673 455
8718 456
1796 457
3386 458
6379 459
1709 460
3292 461
8467 462
1192 463
265 464
8278 465
393 466
1140 467
7518 468
10043 469
6010 470
5683 471
2859 472
14028 473
12650 474
12529 475
9828 476
651 477
13361 478
3612 479
10943 480
446 481
8750 482
11325 483
6884 484
1190 485
4230 486
12684 487
12689 488
10602 489
7935 490
6167 491
13667 492
10427 493
3851 494
12901 495
9958 496
546 497
11361 498
2837 499
6543 500
2501 501
6279 502
6234 503
991 504
10221 505
9172 506
2587 507
2554 508
6546 509
13430 510
10748 511
9123 512
9262 513
7966 514
8973 515
3591 516
9524 517
765 518
10492 519
2877 520
2737 521
8667 522
8866 523
5139 524
7618 525
1476 526
6565 527
7452 528
12285 529
13926 530
13199 531
10451 532
13989 533
7381 534
11903 535
10365 536
12274 537
11382 538
5373 539
221 540
405 541
13464 542
1649 543
6151 544
8531 545
12245 546
8869 547
2350 548
5232 549
8422 550
11565 551
11393 552
13116 553
2211 554
11628 555
10761 556
1221 557
7476 558
12643 559
10282 560
3068 561
8381 562
14126 563
11018 564
8382 565
12673 566
6063 567
12183 568
14492 569
7937 570
1256 571
5973 572
5460 573
12775 574
12873 575
13202 576
3428 577
6752 578
2822 579
12139 580
8728 581
8214 582
13469 583
8044 584
6689 585
3382 586
8036 587
1226 588
7595 589
6000 590
11493 591
7321 592
5208 593
634 594
160 595
1206 596
6954 597
6417 598
1231 599
80 600
12051 601
7834 602
11611 603
7528 604
8261 605
13225 606
14434 607
12631 608
9534 609
12617 610
8841 611
6825 612
5375 613
9869 614
11651 615
3920 616
3557 617
3431 618
4295 619
7472 620
5480 621
6029 622
13680 623
13051 624
77 625
9719 626
7214 627
1706 628
12502 629
1185 630
5656 631
7853 632
11244 633
5178 634
797 635
12494 636
10639 637
5286 638
4720 639
3006 640
4527 641
8041 642
9362 643
11583 644
12281 645
11647 646
13737 647
12618 648
9129 649
73 650
14394 651
13537 652
14419 653
14449 654
14466 655
13999 656
11600 657
1022 658
4236 659
1231 660
13965 661
2228 662
3694 663
11273 664
4688 665
10326 666
3705 667
12894 668
442 669
12114 670
10413 671
11247 672
2329 673
5368 674
9763 675
13465 676
2111 677
10255 678
866 679
1202 680
8848 681
8464 682
157 683
470 684
11416 685
10149 686
7374 687
11992 688
9139 689
13760 690
13193 691
4466 692
1613 693
243 694
6916 695
10443 696
4309 697
4341 698
12176 699
13538 700
5059 701
11819 702
12925 703
3299 704
1858 705
9076 706
8349 707
8045 708
8969 709
1783 710
12409 711
5069 712
10556 713
12869 714
14331 715
9391 716
5717 717
7335 718
7750 719
6453 720
1252 721
12363 722
9094 723
8348 724
13182 725
1962 726
9793 727
6752 728
7101 729
613 730
11214 731
912 732
4900 733
3915 734
6674 735
1252 736
10125 737
5498 738
13900 739
7737 740
6010 741
1388 742
645 743
7313 744
10179 745
11548 746
682 747
10877 748
1623 749
81 750
14366 751
7710 752
431 753
7434 754
2958 755
709 756
1185 757
7121 758
11682 759
8778 760
11378 761
13494 762
12121 763
8900 764
2341 765
11076 766
3522 767
8675 768
6640 769
3732 770
14330 771
13708 772
12944 773
12374 774
7396 775
1050 776
13903 777
3987 778
3356 779
2016 780
1226 781
12948 782
2547 783
2549 784
12129 785
7884 786
13479 787
1146 788
1674 789
2653 790
12607 791
2787 792
4090 793
6983 794
12142 795
11605 796
4158 797
4085 798
11960 799
6486 800
13426 801
1252 802
8431 803
258 804
231 805
11618 806
4004 807
10641 808
6485 809
13100 810
14065 811
11236 812
4074 813
8528 814
12048 815
10 816
4771 817
4976 818
4418 819
11988 820
5467 821
13116 822
10898 823
6491 824
9076 825
3687 826
10358 827
7781 828
5240 829
11604 830
332 831
183 832
3077 833
10141 834
5970 835
4070 836
4025 837
2876 838
5742 839
13437 840
10665 841
6147 842
10204 843
12002 844
8043 845
3127 846
4452 847
6017 848
3370 849
2726 850
60 851
11504 852
12191 853
9413 854
12391 855
548 856
2200 857
8076 858
3592 859
14140 860
11034 861
348 862
2236 863
4277 864
9756 865
10674 866
14105 867
6387 868
8749 869
3581 870
12346 871
2736 872
8309 873
9665 874
8311 875
7031 876
7036 877
12630 878
1751 879
11071 880
14015 881
2178 882
1029 883
6456 884
2111 885
10474 886
2081 887
383 888
12909 889
11719 890
11813 891
8597 892
2852 893
6069 894
1158 895
770 896
5508 897
7450 898
1876 899
3365 900
355 901
6961 902
107 903
5251 904
8876 905
8085 906
2369 907
13667 908
1535 909
7053 910
7984 911
14271 912
5153 913
6301 914
7028 915
11258 916
10123 917
1556 918
2645 919
12383 920
14367 921
9264 922
5510 923
6049 924
13123 925
9899 926
1014 927
751 928
8948 929
13763 930
8661 931
11147 932
10740 933
9177 934
12390 935
5360 936
9946 937
1395 938
2626 939
4263 940
1913 941
3719 942
6085 943
2357 944
13155 945
7765 946
13240 947
10173 948
8602 949
8407 950
334 951
13752 952
12550 953
934 954
7953 955
14358 956
1546 957
11029 958
3841 959
12454 960
11639 961
5207 962
11089 963
13525 964
10751 965
166 966
8286 967
4924 968
2772 969
1937 970
9387 971
4038 972
7582 973
913 974
5207 975
1376 976
4643 977
2466 978
6974 979
9512 980
7271 981
8086 982
8716 983
12463 984
11579 985
4469 986
3043 987
6879 988
2522 989
3899 990
4 991
2728 992
569 993
14008 994
7576 995
2748 996
11277 997
11584 998
3831 999
6234 1000
8514 1001
10166 1002
7742 1003
10078 1004
2595 1005
12888 1006
10732 1007
11376 1008
12332 1009
6846 1010
1639 1011
1014 1012
1383 1013
5707 1014
9448 1015
4583 1016
6763 1017
1359 1018
10324 1019
3105 1020
12782 1021
8076 1022
8934 1023
13607 1024
10872 1025
13035 1026
5799 1027
4660 1028
1323 1029
5919 1030
13045 1031
5402 1032
11561 1033
10716 1034
9378 1035
1207 1036
13929 1037
7476 1038
6257 1039
9082 1040
3815 1041
2746 1042
3963 1043
13257 1044
7794 1045
2826 1046
2316 1047
13694 1048
8836 1049
13418 1050
921 1051
4429 1052
6021 1053
6289 1054
7388 1055
1615 1056
10254 1057
5157 1058
13161 1059
13958 1060
3574 1061
10615 1062
474 1063
14273 1064
5454 1065
2293 1066
9781 1067
12507 1068
3389 1069
3102 1070
13387 1071
11184 1072
8013 1073
4236 1074
7266 1075
9688 1076
4190 1077
13876 1078
12221 1079
12016 1080
3815 1081
6938 1082
11128 1083
9266 1084
7583 1085
9073 1086
2853 1087
13485 1088
4016 1089
2374 1090
2879 1091
755 1092
5145 1093
4656 1094
1074 1095
5657 1096
11551 1097
9479 1098
9949 1099
13051 1100
1219 1101
4978 1102
740 1103
3040 1104
4143 1105
6045 1106
6078 1107
1941 1108
8250 1109
12517 1110
11296 1111
2532 1112
10123 1113
3567 1114
14163 1115
783 1116
2610 1117
7104 1118
1918 1119
488 1120
5837 1121
7288 1122
6421 1123
13720 1124
12877 1125
568 1126
3597 1127
5677 1128
6333 1129
1976 1130
7726 1131
3305 1132
11482 1133
11436 1134
2741 1135
1665 1136
4074 1137
12891 1138
2397 1139
12741 1140
7397 1141
1529 1142
11917 1143
9751 1144
11804 1145
9287 1146
631 1147
13174 1148
6945 1149
8705 1150
3534 1151
7950 1152
13061 1153
7082 1154
2278 1155
5144 1156
5294 1157
7536 1158
2414 1159
7870 1160
9983 1161
3883 1162
9838 1163
12527 1164
7851 1165
4599 1166
13580 1167
7479 1168
5613 1169
2519 1170
3720 1171
2609 1172
12739 1173
14496 1174
430 1175
1900 1176
896 1177
6561 1178
11833 1179
681 1180
1457 1181
1236 1182
13631 1183
9747 1184
6611 1185
3566 1186
9449 1187
13637 1188
1822 1189
6061 1190
5961 1191
9875 1192
13660 1193
7439 1194
3393 1195
5088 1196
3779 1197
7548 1198
1373 1199
12685 1200
11211 1201
5918 1202
12881 1203
11720 1204
12982 1205
6164 1206
8344 1207
11598 1208
7365 1209
8463 1210
11556 1211
7248 1212
9057 1213
5438 1214
9549 1215
840 1216
9511 1217
8586 1218
12588 1219
5321 1220
9799 1221
770 1222
8747 1223
7509 1224
2129 1225
11990 1226
4869 1227
10877 1228
14129 1229
7996 1230
3364 1231
1041 1232
1725 1233
3924 1234
5004 1235
7102 1236
5691 1237
5102 1238
3288 1239
1249 1240
7852 1241
5284 1242
14294 1243
5280 1244
13364 1245
10364 1246
4240 1247
14392 1248
3184 1249
680 1250
11480 1251
6542 1252
4549 1253
13639 1254
6369 1255
1180 1256
13664 1257
11966 1258
8997 1259
14210 1260
12749 1261
12196 1262
12471 1263
12722 1264
496 1265
77 1266
4964 1267
6801 1268
11971 1269
9804 1270
3255 1271
1072 1272
13278 1273
3048 1274
8177 1275
848 1276
4318 1277
10665 1278
2169 1279
5189 1280
14467 1281
11406 1282
4983 1283
4829 1284
13424 1285
6437 1286
12532 1287
1718 1288
6179 1289
11648 1290
4443 1291
3961 1292
9269 1293
7315 1294
10749 1295
12508 1296
1741 1297
7372 1298
2014 1299
12204 1300
8611 1301
13591 1302
1690 1303
1676 1304
13075 1305
12721 1306
11186 1307
12429 1308
11652 1309
10497 1310
7066 1311
6018 1312
12224 1313
5012 1314
13023 1315
8047 1316
11552 1317
11381 1318
9047 1319
4647 1320
13104 1321
1814 1322
4037 1323
3111 1324
4789 1325
12955 1326
7137 1327
13289 1328
7744 1329
12560 1330
8614 1331
12178 1332
6344 1333
11945 1334
1340 1335
6110 1336
8131 1337
10537 1338
9437 1339
378 1340
4854 1341
4269 1342
13268 1343
5675 1344
6586 1345
10313 1346
1748 1347
12482 1348
6977 1349
9558 1350
1051 1351
1049 1352
8029 1353
8061 1354
9905 1355
12125 1356
3136 1357
1167 1358
6086 1359
13266 1360
14485 1361
400 1362
12627 1363
14024 1364
2144 1365
14076 1366
2425 1367
11796 1368
8378 1369
8382 1370
940 1371
10146 1372
11695 1373
413 1374
10011 1375
8028 1376
1403 1377
7122 1378
11329 1379
6799 1380
8052 1381
10492 1382
1803 1383
932 1384
981 1385
3120 1386
4723 1387
9851 1388
12313 1389
11975 1390
106 1391
3994 1392
9834 1393
7429 1394
9723 1395
2479 1396
14398 1397
10395 1398
10744 1399
14300 1400
10562 1401
11678 1402
8972 1403
7770 1404
1945 1405
7016 1406
11794 1407
818 1408
13890 1409
1430 1410
5317 1411
10154 1412
9851 1413
3158 1414
12066 1415
6407 1416
12714 1417
11100 1418
8995 1419
2760 1420
10037 1421
11863 1422
2940 1423
6089 1424
8587 1425
583 1426
2781 1427
4910 1428
3343 1429
11169 1430
2916 1431
13535 1432
4894 1433
14424 1434
3937 1435
2297 1436
13373 1437
8833 1438
3868 1439
3611 1440
13954 1441
1526 1442
7222 1443
14288 1444
2839 1445
3774 1446
5907 1447
10206 1448
11185 1449
