1500 1500
12073 0
11348 1
5652 2
1331 3
14523 4
6678 5
6543 6
10506 7
2800 8
12964 9
6127 10
2750 11
7230 12
3355 13
6353 14
7067 15
1189 16
5652 17
8820 18
9018 19
13403 20
4749 21
1499 22
11210 23
942 24
12690 25
4512 26
6377 27
3131 28
333 29
13574 30
13022 31
763 32
6079 33
179 34
8306 35
14031 36
3641 37
9546 38
4962 39
3782 40
12213 41
1409 42
3795 43
9111 44
1430 45
3496 46
13203 47
14385 48
8958 49
7466 50
4160 51
388 52
8281 53
14965 54
14983 55
2659 56
3064 57
3429 58
5225 59
4940 60
5640 61
4675 62
4651 63
13849 64
6354 65
5524 66
14540 67
5990 68
2630 69
11587 70
699 71
8807 72
9062 73
11997 74
3065 75
5374 76
14017 77
13570 78
9779 79
6099 80
13046 81
7405 82
604 83
699 84
10338 85
14896 86
2315 87
1480 88
6152 89
13943 90
12172 91
7825 92
8358 93
7183 94
10128 95
8882 96
2066 97
13641 98
12688 99
6889 100
9543 101
10826 102
11230 103
14231 104
9502 105
8045 106
13971 107
11677 108
5991 109
8494 110
13652 111
7965 112
9266 113
4598 114
11523 115
13931 116
10269 117
11075 118
5523 119
3862 120
2133 121
8689 122
11875 123
12600 124
14576 125
6592 126
10288 127
1094 128
711 129
1811 130
13495 131
13553 132
9736 133
4429 134
1096 135
5166 136
3591 137
3138 138
13056 139
7779 140
2562 141
9139 142
5616 143
8238 144
13291 145
13266 146
4728 147
11661 148
14287 149
264 150
6143 151
12336 152
11898 153
5815 154
8842 155
3101 156
3203 157
2012 158
9638 159
12403 160
14887 161
2187 162
12671 163
8828 164
11520 165
11108 166
14392 167
6395 168
3676 169
11018 170
7896 171
8924 172
1066 173
13060 174
3044 175
14062 176
6682 177
3661 178
6353 179
10729 180
12643 181
11029 182
4799 183
4663 184
1649 185
1857 186
6572 187
1307 188
4824 189
6400 190
13833 191
3572 192
2640 193
14740 194
5812 195
13646 196
8944 197
9470 198
7317 199
73 200
14183 201
3927 202
13585 203
1008 204
1557 205
13800 206
14220 207
6791 208
1148 209
12324 210
6354 211
2532 212
11721 213
2565 214
11549 215
5095 216
4225 217
8926 218
4745 219
3019 220
11741 221
4255 222
2160 223
11086 224
2672 225
1318 226
8478 227
12055 228
8655 229
10484 230
3641 231
11678 232
6396 233
3140 234
9381 235
6705 236
7235 237
14709 238
5164 239
3111 240
8389 241
6402 242
8467 243
6127 244
10724 245
6107 246
14259 247
7327 248
10888 249
8858 250
706 251
9549 252
1884 253
9760 254
4189 255
8610 256
8629 257
6671 258
14682 259
6192 260
2582 261
1503 262
14220 263
13784 264
14024 265
12520 266
6048 267
10111 268
8323 269
3017 270
12958 271
10296 272
3647 273
5228 274
8553 275
9565 276
4758 277
14807 278
311 279
1255 280
14417 281
11988 282
11134 283
6355 284
6603 285
11546 286
12974 287
260 288
14377 289
4530 290
12203 291
6202 292
13697 293
8960 294
8974 295
7600 296
14239 297
13163 298
2255 299
9655 300
6955 301
9838 302
8811 303
2024 304
7541 305
6998 306
13548 307
12925 308
10831 309
6026 310
11833 311
7672 312
668 313
8541 314
9706 315
4043 316
14969 317
6350 318
12893 319
9412 320
11775 321
7433 322
13111 323
12103 324
9219 325
3900 326
9888 327
12844 328
5888 329
4867 330
4523 331
8661 332
5217 333
9437 334
4974 335
1023 336
2220 337
7252 338
6301 339
378 340
1708 341
11281 342
7385 343
1439 344
752 345
4929 346
10227 347
3290 348
3668 349
13823 350
12856 351
13798 352
9653 353
7880 354
812 355
4833 356
8254 357
3714 358
13699 359
7498 360
5625 361
7442 362
14800 363
10291 364
1766 365
4771 366
7584 367
14349 368
13706 369
8413 370
6476 371
12930 372
2018 373
3185 374
4944 375
7574 376
9479 377
2354 378
2004 379
10660 380
1549 381
1186 382
9743 383
5343 384
6076 385
2887 386
2118 387
8729 388
13427 389
1247 390
14422 391
12590 392
9763 393
836 394
14275 395
7508 396
7233 397
54 398
2370 399
2738 400
2670 401
4168 402
7931 403
3630 404
7038 405
14920 406
10611 407
4611 408
4239 409
10563 410
11065 411
8173 412
10558 413
1857 414
11947 415
13662 416
10283 417
9686 418
12083 419
3968 420
6678 421
13429 422
7513 423
12174 424
13811 425
8082 426
9050 427
12547 428
13559 429
5292 430
11911 431
8155 432
8302 433
5783 434
3839 435
5940 436
6474 437
4319 438
9315 439
10906 440
11537 441
7996 442
11617 443
1718 444
5172 445
7631 446
12926 447
7336 448
4741 449
627 450
5745 451
3755 452
3397 453
13591 454
10345 455
2702 456
5995 457
12062 458
13953 459
5452 460
1927 461
11247 462
11159 463
2159 464
5922 465
1663 466
14741 467
4542 468
14449 469
8741 470
7306 471
1624 472
7849 473
9693 474
11044 475
4812 476
7904 477
9758 478
6209 479
8359 480
8725 481
14192 482
5365 483
1234 484
7168 485
3697 486
3534 487
2741 488
10246 489
3287 490
10981 491
4351 492
8667 493
4349 494
11409 495
11156 496
11711 497
12111 498
10109 499
11147 500
10210 501
4283 502
1332 503
10156 504
3846 505
2302 506
3056 507
8403 508
5901 509
3672 510
11957 511
7206 512
10255 513
10701 514
11569 515
5534 516
7262 517
9058 518
12706 519
1530 520
8437 521
2702 522
9947 523
11586 524
2375 525
12699 526
659 527
13419 528
2441 529
5308 530
9580 531
9810 532
9604 533
10423 534
4388 535
2045 536
9387 537
12606 538
4254 539
14835 540
13571 541
10022 542
10471 543
14011 544
12769 545
3236 546
8619 547
14268 548
1762 549
5704 550
2261 551
3174 552
13509 553
4030 554
5869 555
3331 556
6545 557
2697 558
10419 559
3293 560
13261 561
6289 562
1165 563
4251 564
8626 565
10727 566
10845 567
5697 568
7519 569
732 570
6780 571
6470 572
13082 573
6779 574
10908 575
456 576
2920 577
13009 578
6850 579
8591 580
10526 581
823 582
690 583
12028 584
8157 585
13284 586
10081 587
2542 588
10568 589
9096 590
9180 591
7682 592
10112 593
3840 594
6492 595
8996 596
9787 597
13062 598
12476 599
2284 600
5016 601
2386 602
327 603
13989 604
10095 605
74 606
13011 607
8162 608
8397 609
3922 610
9720 611
14059 612
9276 613
8861 614
463 615
14466 616
13785 617
3192 618
11568 619
2290 620
10437 621
14854 622
5877 623
10816 624
3892 625
6546 626
10295 627
12371 628
4830 629
2693 630
1544 631
7252 632
13452 633
8384 634
12643 635
12267 636
14072 637
5502 638
10012 639
5476 640
9043 641
5685 642
595 643
4540 644
8733 645
623 646
2453 647
1992 648
8799 649
12904 650
7817 651
13535 652
14071 653
475 654
2960 655
10265 656
12769 657
13452 658
10991 659
6129 660
4876 661
4437 662
1302 663
10556 664
3624 665
1688 666
10434 667
7432 668
11694 669
279 670
1006 671
5571 672
7544 673
14742 674
4061 675
13778 676
8652 677
5551 678
14851 679
13616 680
7394 681
9038 682
10630 683
7515 684
7711 685
1520 686
4778 687
13875 688
6322 689
1784 690
14304 691
6572 692
5222 693
8960 694
8906 695
11680 696
3136 697
14458 698
14480 699
3011 700
4427 701
7306 702
3262 703
5892 704
1077 705
2466 706
14579 707
1566 708
2238 709
4156 710
7996 711
4014 712
14880 713
12576 714
4545 715
8556 716
10362 717
8146 718
498 719
4071 720
2720 721
4058 722
11087 723
11581 724
3453 725
12259 726
509 727
6966 728
12794 729
8348 730
270 731
7251 732
7428 733
5291 734
149 735
7056 736
4073 737
6272 738
10085 739
6681 740
12662 741
7 742
5999 743
7577 744
7324 745
100 746
6269 747
12190 748
8388 749
1433 750
3123 751
5944 752
8745 753
10920 754
14226 755
2297 756
576 757
11723 758
5308 759
12482 760
2250 761
4939 762
4961 763
12765 764
11846 765
2976 766
6676 767
7467 768
5238 769
10143 770
13117 771
4762 772
769 773
12545 774
6081 775
9986 776
10539 777
10410 778
7793 779
2019 780
430 781
13468 782
14666 783
14563 784
12137 785
13894 786
14286 787
5212 788
8776 789
7843 790
3127 791
4473 792
10557 793
8098 794
384 795
13391 796
8777 797
14778 798
7970 799
875 800
591 801
11895 802
3101 803
14334 804
12521 805
5532 806
9871 807
5941 808
463 809
2957 810
3961 811
4321 812
14467 813
13623 814
14144 815
3059 816
13268 817
1651 818
11437 819
255 820
455 821
10740 822
14690 823
5593 824
9141 825
397 826
5998 827
14644 828
6398 829
9089 830
7093 831
8988 832
7671 833
11846 834
3855 835
9174 836
2801 837
6126 838
12963 839
13240 840
2943 841
12848 842
7791 843
1519 844
14110 845
6131 846
797 847
6148 848
11595 849
8665 850
14882 851
9155 852
12513 853
2400 854
9602 855
11503 856
12858 857
9705 858
6071 859
2335 860
364 861
1581 862
1802 863
7310 864
3756 865
10811 866
3896 867
5269 868
13093 869
9635 870
11275 871
14507 872
11847 873
6829 874
3332 875
10381 876
13635 877
11406 878
9116 879
12117 880
13903 881
1455 882
11646 883
12234 884
850 885
7652 886
8223 887
3404 888
5813 889
8342 890
5507 891
4557 892
10651 893
14042 894
14031 895
2766 896
14945 897
4309 898
8797 899
10486 900
1061 901
14502 902
9973 903
13668 904
7897 905
9138 906
4798 907
6574 908
9155 909
10223 910
14503 911
11239 912
10273 913
10445 914
12446 915
14178 916
8518 917
13008 918
13255 919
4722 920
1849 921
2512 922
4621 923
4399 924
1281 925
8181 926
4608 927
9607 928
1924 929
1936 930
3719 931
1087 932
4021 933
3915 934
8405 935
10212 936
97 937
3770 938
8779 939
4728 940
14933 941
5933 942
9517 943
3591 944
6385 945
11729 946
11941 947
11624 948
1802 949
3 950
5643 951
2798 952
5608 953
1481 954
10317 955
225 956
10838 957
6017 958
14818 959
9775 960
14779 961
6731 962
11716 963
14731 964
2370 965
7809 966
8692 967
9306 968
9384 969
8622 970
13259 971
7656 972
3343 973
4873 974
12093 975
12029 976
4780 977
10127 978
4619 979
5086 980
6087 981
11019 982
11007 983
7774 984
12044 985
12735 986
4960 987
1033 988
8058 989
1039 990
7386 991
2040 992
8805 993
13515 994
13313 995
12640 996
8292 997
2660 998
8645 999
975 1000
11694 1001
9782 1002
9584 1003
1563 1004
2544 1005
2715 1006
8374 1007
5219 1008
9217 1009
11032 1010
7096 1011
6818 1012
2318 1013
14992 1014
10110 1015
8771 1016
9308 1017
9872 1018
12962 1019
13342 1020
13907 1021
12509 1022
7176 1023
3619 1024
439 1025
7907 1026
13551 1027
109 1028
9755 1029
1001 1030
11020 1031
5884 1032
14153 1033
6317 1034
4572 1035
12920 1036
7522 1037
10954 1038
13508 1039
12507 1040
6468 1041
679 1042
219 1043
14425 1044
4919 1045
11891 1046
13356 1047
1534 1048
8772 1049
7019 1050
3576 1051
3911 1052
13957 1053
11530 1054
12943 1055
5324 1056
10795 1057
3486 1058
156 1059
8182 1060
3936 1061
12786 1062
7381 1063
4154 1064
11305 1065
8841 1066
7882 1067
7630 1068
2884 1069
4137 1070
14948 1071
1723 1072
4707 1073
12749 1074
5904 1075
10269 1076
14116 1077
13445 1078
2572 1079
11543 1080
14398 1081
6528 1082
3136 1083
4370 1084
5933 1085
11221 1086
277 1087
4043 1088
3936 1089
12158 1090
12626 1091
5017 1092
7779 1093
9254 1094
1326 1095
8701 1096
3590 1097
9710 1098
14769 1099
10543 1100
14627 1101
3693 1102
7692 1103
10409 1104
6244 1105
2973 1106
1811 1107
1954 1108
14523 1109
2477 1110
10931 1111
6078 1112
14629 1113
2918 1114
3405 1115
6565 1116
13170 1117
3240 1118
7769 1119
4103 1120
10366 1121
4852 1122
2803 1123
10328 1124
5295 1125
1150 1126
11537 1127
5484 1128
1730 1129
13512 1130
6469 1131
10050 1132
3801 1133
8177 1134
13941 1135
1587 1136
5075 1137
2305 1138
14202 1139
1126 1140
5028 1141
790 1142
886 1143
11099 1144
1160 1145
12637 1146
3668 1147
8883 1148
11018 1149
9985 1150
2 1151
14021 1152
13550 1153
4541 1154
10140 1155
13076 1156
5805 1157
13016 1158
2975 1159
11781 1160
12733 1161
13870 1162
2147 1163
13689 1164
14694 1165
1515 1166
8931 1167
9287 1168
4460 1169
9510 1170
7604 1171
3960 1172
13360 1173
13620 1174
7642 1175
1750 1176
10337 1177
12615 1178
12515 1179
13814 1180
2469 1181
813 1182
5024 1183
14698 1184
10933 1185
859 1186
4070 1187
6701 1188
9042 1189
13257 1190
2378 1191
3230 1192
7598 1193
3465 1194
10653 1195
10468 1196
14732 1197
4946 1198
10771 1199
11527 1200
3423 1201
4163 1202
3625 1203
12046 1204
6755 1205
8791 1206
1292 1207
5645 1208
4776 1209
14358 1210
13486 1211
10485 1212
13791 1213
12647 1214
6181 1215
5452 1216
5862 1217
7249 1218
8184 1219
5413 1220
14283 1221
2231 1222
6077 1223
584 1224
11666 1225
7476 1226
10098 1227
1736 1228
9104 1229
1943 1230
3287 1231
4160 1232
4735 1233
2824 1234
6255 1235
5894 1236
4399 1237
4005 1238
2142 1239
11968 1240
14767 1241
7991 1242
3551 1243
11245 1244
2774 1245
6715 1246
1412 1247
6830 1248
2681 1249
8774 1250
6258 1251
5597 1252
10099 1253
11200 1254
14429 1255
14366 1256
8647 1257
6756 1258
3983 1259
5987 1260
9851 1261
2561 1262
6887 1263
4544 1264
12399 1265
9709 1266
1378 1267
7833 1268
3602 1269
7529 1270
4645 1271
11553 1272
5935 1273
3624 1274
11868 1275
6499 1276
962 1277
9261 1278
9635 1279
2305 1280
12483 1281
5899 1282
12707 1283
2754 1284
13337 1285
2305 1286
13765 1287
14226 1288
7735 1289
627 1290
8854 1291
4075 1292
5140 1293
9305 1294
7106 1295
10909 1296
6437 1297
8780 1298
8461 1299
10302 1300
3323 1301
11193 1302
12925 1303
13258 1304
3053 1305
11448 1306
10656 1307
6350 1308
10082 1309
9105 1310
2346 1311
12934 1312
2118 1313
6966 1314
2342 1315
13408 1316
9952 1317
5723 1318
2779 1319
5290 1320
861 1321
7889 1322
607 1323
1599 1324
3130 1325
7550 1326
8638 1327
5955 1328
14106 1329
5868 1330
7167 1331
7151 1332
12873 1333
6219 1334
4907 1335
11772 1336
7416 1337
14369 1338
4956 1339
13588 1340
9744 1341
3559 1342
8331 1343
11249 1344
5262 1345
12799 1346
12126 1347
10648 1348
11691 1349
10773 1350
10701 1351
1361 1352
10782 1353
11113 1354
11246 1355
14822 1356
12892 1357
10585 1358
9989 1359
11401 1360
1548 1361
14649 1362
9021 1363
11855 1364
5385 1365
13118 1366
7855 1367
10270 1368
978 1369
2719 1370
14714 1371
13220 1372
12755 1373
7551 1374
10087 1375
9366 1376
3420 1377
6851 1378
4135 1379
3218 1380
1822 1381
8150 1382
1441 1383
7175 1384
4908 1385
8063 1386
2267 1387
1572 1388
5102 1389
8532 1390
11949 1391
3182 1392
2047 1393
1884 1394
7759 1395
5185 1396
1962 1397
3931 1398
147 1399
11524 1400
14093 1401
11900 1402
109 1403
11483 1404
11601 1405
4116 1406
1257 1407
3334 1408
3891 1409
13161 1410
1639 1411
3392 1412
14742 1413
3874 1414
11873 1415
244 1416
10205 1417
14894 1418
8885 1419
5063 1420
6061 1421
12021 1422
2858 1423
13320 1424
3005 1425
13621 1426
13035 1427
857 1428
3456 1429
11586 1430
14753 1431
14633 1432
13746 1433
6701 1434
8879 1435
7964 1436
8274 1437
9060 1438
6948 1439
13237 1440
13402 1441
5634 1442
12201 1443
8531 1444
1533 1445
13133 1446
6056 1447
214 1448
13504 1449
2190 1450
12094 1451
436 1452
4702 1453
1234 1454
3106 1455
7080 1456
14720 1457
5475 1458
7291 1459
14507 1460
13460 1461
4029 1462
12485 1463
13340 1464
2945 1465
12924 1466
10276 1467
11986 1468
10612 1469
13265 1470
5076 1471
4461 1472
1342 1473
14195 1474
4965 1475
1793 1476
14684 1477
10471 1478
11927 1479
1093 1480
7187 1481
3565 1482
2973 1483
9225 1484
1608 1485
10952 1486
7975 1487
1570 1488
11948 1489
23 1490
2147 1491
1588 1492
6830 1493
2978 1494
9336 1495
9925 1496
9729 1497
8997 1498
5895 1499
