1100 1650
8710 0
161 1
4116 2
1114 3
4601 4
7235 5
8 6
2876 7
9080 8
4126 9
3370 10
4833 11
3978 12
5453 13
6245 14
2001 15
5272 16
9802 17
7092 18
3264 19
495 20
7917 21
6875 22
7735 23
10165 24
8337 25
2581 26
2753 27
5343 28
1785 29
10038 30
3300 31
2633 32
6218 33
1436 34
5804 35
6753 36
3371 37
2122 38
2749 39
2595 40
6909 41
3358 42
4061 43
4210 44
8478 45
5738 46
7275 47
10843 48
4710 49
1813 50
2857 51
6560 52
1612 53
3192 54
6415 55
10165 56
8774 57
6710 58
7747 59
8077 60
10339 61
5904 62
7150 63
385 64
6839 65
4815 66
10315 67
7030 68
10020 69
8140 70
399 71
756 72
10762 73
4206 74
6233 75
4525 76
5961 77
8074 78
9038 79
2931 80
10372 81
5802 82
9589 83
606 84
1153 85
426 86
3430 87
5650 88
1680 89
7207 90
10609 91
5316 92
2208 93
5441 94
1500 95
369 96
8532 97
3244 98
2291 99
6817 100
425 101
1007 102
8478 103
409 104
2710 105
8228 106
2947 107
451 108
1790 109
8272 110
676 111
2092 112
1409 113
7585 114
8698 115
2273 116
4508 117
8492 118
4007 119
9633 120
997 121
3514 122
873 123
3170 124
9519 125
10338 126
8767 127
2285 128
8272 129
7418 130
3102 131
8947 132
10256 133
8538 134
7342 135
8637 136
2016 137
9113 138
5671 139
7763 140
644 141
5467 142
3332 143
3009 144
4734 145
9877 146
1519 147
6125 148
7796 149
29 150
628 151
2314 152
9958 153
4468 154
6540 155
10896 156
9403 157
6322 158
8672 159
1941 160
8933 161
7338 162
6409 163
3567 164
446 165
5045 166
488 167
1164 168
8040 169
211 170
5518 171
8812 172
4320 173
5476 174
8808 175
3797 176
4990 177
5200 178
4049 179
1115 180
8485 181
9712 182
7388 183
9455 184
382 185
9259 186
3521 187
7342 188
3401 189
10508 190
463 191
5258 192
10225 193
2194 194
8576 195
10878 196
10037 197
5856 198
3806 199
230 200
9639 201
10417 202
10228 203
5212 204
927 205
275 206
3974 207
4539 208
3340 209
5882 210
221 211
9612 212
3438 213
246 214
4846 215
8492 216
6867 217
10910 218
2521 219
476 220
1082 221
5594 222
7250 223
853 224
9707 225
4664 226
2347 227
3583 228
3311 229
520 230
6757 231
10630 232
10134 233
466 234
5746 235
4780 236
2622 237
5093 238
9432 239
6032 240
5300 241
1570 242
1086 243
4311 244
3768 245
9705 246
4200 247
3204 248
1178 249
6083 250
7113 251
10685 252
4808 253
2248 254
7165 255
6732 256
10238 257
1498 258
7153 259
10573 260
6607 261
9317 262
3567 263
8814 264
1337 265
1942 266
3639 267
392 268
4986 269
7051 270
734 271
3567 272
3210 273
9725 274
5191 275
2458 276
6420 277
9546 278
2241 279
7213 280
1945 281
4717 282
6763 283
5592 284
5599 285
7462 286
9759 287
6728 288
491 289
4384 290
10066 291
3437 292
5012 293
4696 294
3523 295
6752 296
4988 297
7889 298
4110 299
232 300
6809 301
1554 302
2551 303
7143 304
9753 305
4390 306
6616 307
7057 308
3338 309
2442 310
8718 311
10417 312
3415 313
2106 314
4288 315
9561 316
6788 317
9233 318
1671 319
4701 320
47 321
1441 322
4259 323
10152 324
10309 325
6817 326
4328 327
5828 328
4381 329
5993 330
1930 331
10839 332
9838 333
1211 334
9703 335
1153 336
6160 337
2360 338
10910 339
3641 340
4478 341
4846 342
8229 343
1595 344
7593 345
1333 346
2571 347
9574 348
10499 349
643 350
10047 351
2498 352
3667 353
645 354
8449 355
3261 356
5703 357
266 358
4186 359
8362 360
10949 361
7097 362
6350 363
10488 364
7999 365
5 366
10106 367
2663 368
6028 369
4777 370
6545 371
4915 372
479 373
7678 374
10265 375
8710 376
4234 377
5121 378
3040 379
4887 380
10366 381
4933 382
8851 383
1935 384
1134 385
1011 386
8105 387
7553 388
4488 389
5520 390
5715 391
759 392
1526 393
35 394
10278 395
4572 396
844 397
5397 398
10745 399
6718 400
9833 401
5011 402
9097 403
6793 404
2299 405
4645 406
6831 407
337 408
2235 409
6507 410
10386 411
9803 412
5286 413
1445 414
9535 415
3842 416
2042 417
7321 418
9641 419
4061 420
6871 421
10730 422
2975 423
8022 424
6439 425
3216 426
9077 427
8446 428
8884 429
6639 430
7694 431
2802 432
4283 433
4973 434
2924 435
5126 436
5966 437
6188 438
3080 439
5686 440
2424 441
7606 442
5774 443
617 444
167 445
9483 446
7395 447
5449 448
7069 449
4165 450
1435 451
2899 452
9963 453
7531 454
3782 455
302 456
9804 457
8340 458
6252 459
3143 460
10222 461
4189 462
5601 463
10384 464
7322 465
2335 466
8015 467
4179 468
2781 469
8947 470
3059 471
9833 472
6986 473
2206 474
4913 475
3609 476
3165 477
9548 478
834 479
9743 480
2547 481
2036 482
453 483
1894 484
5331 485
632 486
10531 487
2095 488
1229 489
8392 490
767 491
4264 492
9480 493
399 494
3768 495
10817 496
2361 497
8743 498
2065 499
2118 500
2497 501
8845 502
3208 503
4580 504
10915 505
7537 506
1701 507
3016 508
2202 509
4728 510
6120 511
5533 512
9347 513
1595 514
3419 515
2941 516
4337 517
7323 518
692 519
5988 520
1793 521
3620 522
8718 523
2299 524
7529 525
646 526
3450 527
10497 528
33 529
8402 530
4759 531
10371 532
10073 533
4488 534
5956 535
2626 536
5267 537
1364 538
9159 539
4458 540
7200 541
2756 542
1092 543
810 544
346 545
2630 546
3377 547
4412 548
5998 549
5654 550
69 551
7256 552
6333 553
2739 554
55 555
3988 556
3334 557
5383 558
6896 559
1564 560
817 561
2648 562
5249 563
5856 564
10525 565
8171 566
332 567
256 568
1234 569
1496 570
378 571
8499 572
5442 573
4969 574
8394 575
2091 576
6817 577
1862 578
6146 579
1462 580
5744 581
6147 582
591 583
2883 584
3868 585
9452 586
743 587
7698 588
1881 589
7779 590
8057 591
1504 592
7017 593
3791 594
2717 595
7693 596
6723 597
8917 598
1575 599
10465 600
1438 601
2066 602
10497 603
10246 604
7310 605
5331 606
2921 607
2101 608
10104 609
8453 610
214 611
4497 612
2157 613
4412 614
325 615
5875 616
6462 617
1316 618
8507 619
5378 620
7604 621
3119 622
6440 623
9078 624
5565 625
8586 626
4130 627
1167 628
5107 629
8865 630
6042 631
5982 632
1529 633
10075 634
10929 635
5775 636
8232 637
2671 638
6970 639
4719 640
10038 641
2008 642
5206 643
3477 644
10148 645
10486 646
4578 647
9818 648
6796 649
6276 650
4418 651
3448 652
6097 653
10907 654
7881 655
2222 656
7862 657
3425 658
10654 659
10512 660
8159 661
7413 662
6321 663
3462 664
4892 665
2594 666
5719 667
1345 668
42 669
586 670
7483 671
1162 672
1201 673
6895 674
3842 675
10030 676
10292 677
2931 678
3698 679
588 680
2306 681
8453 682
3048 683
9043 684
1981 685
10654 686
3716 687
10119 688
2545 689
1699 690
8727 691
5222 692
10748 693
10992 694
10673 695
6472 696
1044 697
2638 698
10457 699
5506 700
2924 701
5769 702
5919 703
5674 704
4175 705
2106 706
5318 707
8623 708
10458 709
2456 710
10959 711
4100 712
5731 713
6030 714
767 715
5041 716
10352 717
10539 718
1059 719
9643 720
3874 721
6562 722
1546 723
7839 724
10917 725
5634 726
5850 727
5048 728
1264 729
1196 730
2321 731
8903 732
2837 733
3612 734
5366 735
3138 736
3042 737
2636 738
680 739
1613 740
10835 741
3423 742
4846 743
2457 744
8821 745
2606 746
10674 747
1705 748
2087 749
9133 750
2459 751
9522 752
9417 753
6411 754
9884 755
6800 756
2460 757
3177 758
3755 759
7370 760
7780 761
1757 762
4396 763
6380 764
5430 765
568 766
991 767
3570 768
8724 769
4325 770
9408 771
4900 772
1923 773
10859 774
2238 775
4857 776
3758 777
8794 778
4671 779
3198 780
1558 781
411 782
3038 783
10918 784
5041 785
2410 786
10502 787
9759 788
7089 789
4167 790
151 791
4501 792
5763 793
6229 794
1424 795
5871 796
3318 797
10650 798
955 799
6852 800
1694 801
6544 802
10060 803
1862 804
4811 805
10834 806
3360 807
9937 808
5352 809
10708 810
8485 811
162 812
952 813
1126 814
5986 815
6140 816
7666 817
1798 818
10379 819
7500 820
10860 821
1675 822
7753 823
3094 824
1101 825
4065 826
10297 827
2825 828
10194 829
398 830
3218 831
2757 832
6360 833
4119 834
9863 835
5279 836
4877 837
10262 838
10471 839
644 840
5791 841
7352 842
5367 843
4414 844
10865 845
4841 846
3832 847
915 848
438 849
10558 850
1863 851
10002 852
116 853
824 854
645 855
10753 856
3233 857
8946 858
6791 859
2779 860
680 861
7015 862
4951 863
4617 864
9608 865
10949 866
10054 867
548 868
5431 869
10906 870
3186 871
3947 872
3481 873
10737 874
2876 875
10122 876
10973 877
1709 878
9495 879
3580 880
2819 881
1145 882
4427 883
7215 884
2409 885
10656 886
9492 887
10095 888
1562 889
2604 890
8532 891
208 892
2007 893
9351 894
9426 895
4866 896
5278 897
6343 898
6299 899
9654 900
28 901
2752 902
3384 903
6170 904
7704 905
2673 906
3258 907
644 908
362 909
6414 910
5477 911
3825 912
3614 913
4968 914
4811 915
4175 916
10795 917
9940 918
8257 919
1162 920
7678 921
7612 922
6502 923
3460 924
700 925
10696 926
2011 927
7945 928
779 929
3541 930
9026 931
7300 932
1418 933
7845 934
3163 935
3678 936
2161 937
2873 938
1800 939
5218 940
266 941
7097 942
6444 943
1923 944
7721 945
39 946
9378 947
9170 948
10251 949
2980 950
4739 951
10456 952
2259 953
1753 954
6545 955
9283 956
955 957
4420 958
5479 959
10082 960
10376 961
3454 962
4536 963
4730 964
3637 965
4055 966
9654 967
9488 968
5551 969
4 970
1832 971
8925 972
10556 973
9043 974
2279 975
6495 976
6754 977
6401 978
9910 979
8212 980
248 981
2558 982
2402 983
2443 984
7399 985
951 986
1884 987
8917 988
5712 989
7224 990
8151 991
5531 992
42 993
3878 994
9791 995
7567 996
7084 997
10007 998
5249 999
5319 1000
6049 1001
6015 1002
10225 1003
4814 1004
3372 1005
7149 1006
555 1007
6727 1008
8278 1009
1666 1010
6446 1011
9405 1012
1434 1013
2399 1014
9769 1015
3274 1016
9768 1017
9538 1018
10935 1019
6634 1020
84 1021
7583 1022
8946 1023
6955 1024
2016 1025
4679 1026
7350 1027
8709 1028
8165 1029
5334 1030
7911 1031
1267 1032
8860 1033
10200 1034
2347 1035
2187 1036
2488 1037
7581 1038
1785 1039
2907 1040
4428 1041
2609 1042
10414 1043
1642 1044
1004 1045
2358 1046
3125 1047
3207 1048
3534 1049
9928 1050
68 1051
1334 1052
10505 1053
7113 1054
6307 1055
10328 1056
266 1057
5096 1058
7290 1059
9620 1060
8234 1061
7656 1062
3271 1063
6086 1064
6992 1065
8422 1066
2360 1067
10775 1068
5503 1069
2866 1070
6165 1071
7663 1072
5201 1073
9641 1074
8897 1075
10171 1076
231 1077
8428 1078
9763 1079
5768 1080
2375 1081
1678 1082
10647 1083
3750 1084
8977 1085
6550 1086
7648 1087
9041 1088
10253 1089
10576 1090
7623 1091
4525 1092
9307 1093
3840 1094
1588 1095
6267 1096
2859 1097
6281 1098
1454 1099
