1100 400
6977 0
4726 1
8193 2
8940 3
1919 4
3694 5
8927 6
7434 7
8240 8
6616 9
10860 10
7023 11
9916 12
4695 13
1167 14
1859 15
616 16
5734 17
2788 18
2913 19
6195 20
1088 21
8395 22
7679 23
4626 24
9356 25
8641 26
2338 27
129 28
1537 29
101 30
3168 31
1982 32
2182 33
10810 34
2594 35
4778 36
1589 37
6778 38
3236 39
1781 40
4918 41
3337 42
5956 43
4518 44
9711 45
6588 46
9422 47
4472 48
2970 49
5222 50
974 51
5426 52
5502 53
3365 54
7501 55
9859 56
4494 57
1224 58
10737 59
1211 60
1751 61
2074 62
10569 63
9030 64
7147 65
10953 66
5091 67
10198 68
4895 69
5877 70
1586 71
9741 72
10518 73
6405 74
8491 75
3388 76
2721 77
1595 78
9761 79
2369 80
3386 81
8917 82
9492 83
6989 84
4578 85
1620 86
2641 87
481 88
5023 89
7668 90
7953 91
211 92
9300 93
3750 94
5175 95
831 96
843 97
5585 98
3988 99
8601 100
2542 101
6998 102
9028 103
9543 104
3400 105
2898 106
1864 107
4999 108
7279 109
1523 110
6665 111
10517 112
10144 113
8440 114
9805 115
8589 116
10607 117
7100 118
7747 119
3466 120
7533 121
9305 122
2519 123
8997 124
2617 125
1471 126
983 127
9196 128
2386 129
6794 130
5703 131
1621 132
8606 133
6972 134
2428 135
2644 136
9112 137
2800 138
3165 139
4096 140
1624 141
9975 142
7127 143
1162 144
6215 145
5134 146
142 147
3553 148
8697 149
9652 150
2353 151
9452 152
1441 153
834 154
1163 155
8864 156
10728 157
4093 158
10359 159
6807 160
5280 161
428 162
10078 163
480 164
2633 165
2236 166
6250 167
5724 168
6242 169
1792 170
1137 171
5370 172
7638 173
5335 174
7094 175
3669 176
10758 177
9446 178
2276 179
5655 180
3569 181
10655 182
5985 183
7277 184
5398 185
10742 186
1788 187
10317 188
1353 189
7120 190
6734 191
9030 192
10466 193
129 194
6469 195
6864 196
10216 197
3119 198
505 199
3124 200
3795 201
502 202
2172 203
9500 204
9899 205
6548 206
7032 207
10674 208
9792 209
3328 210
9672 211
4318 212
1634 213
3669 214
10623 215
10097 216
3324 217
1457 218
9637 219
6831 220
1527 221
789 222
9029 223
9883 224
7647 225
10854 226
2903 227
5471 228
164 229
866 230
6013 231
8249 232
7129 233
3242 234
7637 235
2083 236
7819 237
10769 238
2368 239
10204 240
5042 241
10581 242
6422 243
964 244
3914 245
9793 246
8804 247
5587 248
5845 249
3169 250
7902 251
6306 252
7904 253
3141 254
588 255
1458 256
9601 257
2502 258
1075 259
2664 260
6673 261
10676 262
7174 263
1953 264
6854 265
10014 266
3026 267
7078 268
3462 269
4188 270
10845 271
2807 272
2291 273
6366 274
3530 275
4876 276
8506 277
8654 278
6915 279
6108 280
2106 281
1700 282
8941 283
10568 284
10673 285
5253 286
8328 287
1714 288
6448 289
9035 290
6551 291
3733 292
6300 293
10225 294
1813 295
5304 296
4047 297
6414 298
4822 299
6222 300
7505 301
4020 302
8274 303
5880 304
10160 305
4813 306
5048 307
8460 308
3852 309
1563 310
8028 311
9606 312
10119 313
6584 314
522 315
6307 316
2070 317
1621 318
10578 319
6645 320
601 321
3704 322
1123 323
2772 324
7144 325
6497 326
1477 327
2847 328
10968 329
7388 330
6056 331
9502 332
412 333
5215 334
3677 335
9774 336
9788 337
9306 338
8314 339
9825 340
4563 341
8192 342
6267 343
1590 344
5570 345
4144 346
8807 347
152 348
4704 349
274 350
7117 351
10841 352
8052 353
353 354
1946 355
106 356
7178 357
1845 358
782 359
2338 360
798 361
4250 362
3687 363
7361 364
3025 365
5879 366
4392 367
1344 368
9548 369
5411 370
3086 371
10807 372
6019 373
8553 374
1689 375
9309 376
2354 377
7780 378
5818 379
10300 380
856 381
10482 382
10761 383
1206 384
1203 385
1475 386
6737 387
10752 388
3759 389
3039 390
7312 391
4771 392
10985 393
9938 394
3830 395
2399 396
208 397
1140 398
7587 399
1054 400
3690 401
3882 402
6811 403
10669 404
3099 405
190 406
3040 407
10555 408
1744 409
8877 410
2746 411
9944 412
628 413
9063 414
471 415
5052 416
8465 417
6621 418
6658 419
7456 420
8513 421
3901 422
8951 423
8788 424
2006 425
6612 426
9251 427
5085 428
4390 429
3089 430
10842 431
8310 432
4869 433
1072 434
936 435
1956 436
5704 437
6994 438
8223 439
2417 440
3698 441
3080 442
8091 443
10493 444
5840 445
5446 446
9706 447
9747 448
8577 449
8054 450
10497 451
7315 452
1292 453
2965 454
6263 455
9916 456
5404 457
4926 458
1743 459
1164 460
8262 461
3538 462
9871 463
2522 464
6505 465
7224 466
466 467
10515 468
8995 469
343 470
7235 471
9997 472
3266 473
6732 474
3404 475
6331 476
7779 477
10729 478
6206 479
2641 480
7285 481
5147 482
1189 483
5190 484
813 485
9882 486
2270 487
7379 488
10146 489
8226 490
6507 491
8144 492
6102 493
4688 494
5064 495
10069 496
2037 497
6284 498
1506 499
3466 500
7791 501
2346 502
3033 503
6314 504
1776 505
1144 506
10219 507
2622 508
1824 509
4253 510
6294 511
3458 512
2512 513
4450 514
10215 515
9603 516
7568 517
2833 518
9712 519
9533 520
9706 521
8022 522
5457 523
1190 524
1247 525
7761 526
5235 527
1452 528
1331 529
1433 530
1632 531
810 532
5455 533
10253 534
9707 535
6373 536
6556 537
4896 538
9521 539
1654 540
4872 541
5102 542
10225 543
1605 544
2022 545
5985 546
6730 547
2906 548
9397 549
4665 550
2734 551
5707 552
7560 553
8199 554
4037 555
2267 556
9314 557
7391 558
4701 559
10254 560
6299 561
5051 562
9390 563
9873 564
8273 565
2995 566
5363 567
1322 568
170 569
2581 570
4752 571
213 572
4286 573
8283 574
5377 575
173 576
6441 577
3634 578
3047 579
419 580
2967 581
8343 582
10850 583
6230 584
3211 585
113 586
1246 587
9876 588
7081 589
2390 590
5208 591
4035 592
7338 593
10494 594
6088 595
7521 596
8717 597
2704 598
8859 599
2529 600
2724 601
8217 602
6918 603
369 604
4274 605
4245 606
4453 607
6890 608
2470 609
789 610
6770 611
2051 612
6726 613
8760 614
10283 615
462 616
8081 617
2561 618
9207 619
10250 620
91 621
3543 622
1774 623
8501 624
3669 625
9305 626
917 627
5569 628
5380 629
5984 630
4659 631
7385 632
1227 633
3815 634
1770 635
10788 636
10048 637
1169 638
10872 639
1676 640
3877 641
4476 642
5288 643
3759 644
3377 645
2452 646
10985 647
10265 648
2395 649
3342 650
5044 651
9421 652
6363 653
9697 654
3525 655
2624 656
2869 657
6347 658
2260 659
8182 660
8639 661
9443 662
10423 663
5255 664
8809 665
7435 666
4800 667
6652 668
10400 669
5310 670
7754 671
3111 672
2584 673
7006 674
9223 675
8190 676
9727 677
9116 678
1206 679
6424 680
3101 681
8259 682
5460 683
2826 684
2907 685
313 686
6911 687
1011 688
2293 689
925 690
3412 691
6096 692
2250 693
4249 694
7295 695
5913 696
9447 697
8676 698
1392 699
4368 700
1401 701
10344 702
2444 703
8387 704
8910 705
882 706
9591 707
10445 708
3562 709
7706 710
3290 711
5590 712
8183 713
10247 714
3857 715
2951 716
7745 717
159 718
3598 719
8123 720
7549 721
7874 722
4631 723
7307 724
4913 725
3156 726
2713 727
5571 728
9506 729
8404 730
8995 731
4866 732
10739 733
4722 734
1319 735
3798 736
4208 737
8470 738
3654 739
8534 740
1480 741
2812 742
8266 743
1496 744
3915 745
4111 746
2256 747
6740 748
779 749
3943 750
622 751
4992 752
7076 753
3469 754
2287 755
7686 756
1879 757
9468 758
7781 759
5064 760
6023 761
5800 762
4932 763
3646 764
1380 765
7825 766
9359 767
3419 768
6926 769
8138 770
2790 771
1920 772
7357 773
2112 774
9864 775
6513 776
1688 777
1685 778
4546 779
844 780
10508 781
3433 782
4550 783
10608 784
6304 785
3811 786
2873 787
6437 788
4504 789
9864 790
5532 791
8563 792
10875 793
2598 794
2024 795
646 796
7325 797
4946 798
3753 799
2325 800
10230 801
10145 802
5470 803
6182 804
6724 805
10337 806
5088 807
6484 808
7454 809
9791 810
4118 811
2377 812
8808 813
1285 814
10149 815
6068 816
7324 817
4942 818
7455 819
3870 820
8252 821
5307 822
8517 823
4810 824
9150 825
6154 826
6487 827
3939 828
8188 829
6759 830
3078 831
2446 832
3285 833
8857 834
1423 835
2015 836
8041 837
10753 838
9852 839
10108 840
1426 841
4263 842
5170 843
237 844
7159 845
1997 846
6423 847
8161 848
2152 849
6767 850
9038 851
1255 852
4677 853
1788 854
5976 855
6663 856
6908 857
1627 858
8798 859
7145 860
2069 861
526 862
6642 863
5010 864
2594 865
3025 866
7279 867
3911 868
8247 869
5321 870
7228 871
629 872
4148 873
7434 874
1850 875
758 876
9231 877
1943 878
2858 879
6773 880
6560 881
8280 882
8842 883
6697 884
3412 885
6496 886
8022 887
8903 888
10877 889
4928 890
4564 891
10779 892
7651 893
8589 894
6636 895
1150 896
10085 897
500 898
609 899
3073 900
6924 901
2875 902
4002 903
9992 904
7853 905
1217 906
486 907
3940 908
7786 909
2901 910
359 911
4850 912
7520 913
8132 914
3214 915
4880 916
92 917
531 918
3122 919
7258 920
2860 921
1488 922
203 923
73 924
10944 925
1419 926
9229 927
7398 928
6234 929
10086 930
8494 931
6720 932
8804 933
5870 934
5629 935
5973 936
4196 937
10247 938
7446 939
12 940
4938 941
7217 942
5397 943
1989 944
1160 945
793 946
3764 947
8285 948
3528 949
6955 950
8135 951
5881 952
2712 953
3984 954
2562 955
4082 956
5429 957
2614 958
6872 959
5973 960
1451 961
5849 962
6499 963
9650 964
395 965
6136 966
4924 967
10687 968
4905 969
5982 970
7233 971
7260 972
7842 973
9388 974
5155 975
3706 976
2661 977
7576 978
13 979
7839 980
7430 981
8066 982
1459 983
2622 984
6859 985
587 986
4232 987
1097 988
4057 989
10258 990
8366 991
8389 992
3506 993
4838 994
9187 995
1777 996
873 997
10705 998
8054 999
426 1000
6953 1001
10052 1002
7706 1003
4304 1004
3151 1005
3346 1006
9761 1007
2554 1008
3355 1009
8041 1010
6093 1011
1607 1012
1170 1013
1119 1014
6953 1015
4486 1016
1257 1017
6651 1018
6379 1019
7472 1020
10440 1021
9107 1022
10009 1023
8234 1024
1040 1025
10471 1026
8440 1027
1273 1028
10003 1029
10019 1030
2523 1031
6496 1032
3137 1033
9926 1034
4393 1035
10103 1036
6689 1037
56 1038
3103 1039
2779 1040
5482 1041
3481 1042
3534 1043
6345 1044
4706 1045
10726 1046
5324 1047
4427 1048
7764 1049
7169 1050
4248 1051
682 1052
10058 1053
4840 1054
8014 1055
2695 1056
10585 1057
5667 1058
2664 1059
1902 1060
4003 1061
4045 1062
5944 1063
260 1064
7827 1065
1999 1066
3035 1067
5313 1068
4890 1069
1751 1070
5899 1071
7654 1072
3210 1073
8854 1074
1446 1075
892 1076
3316 1077
2153 1078
9421 1079
3568 1080
9754 1081
5002 1082
5084 1083
9648 1084
1484 1085
1374 1086
5877 1087
8834 1088
9645 1089
3356 1090
3012 1091
1955 1092
2687 1093
4084 1094
5114 1095
10542 1096
4836 1097
6317 1098
2831 1099
