1450 1500
5429 0
9244 1
89 2
10522 3
12430 4
13638 5
13076 6
11403 7
755 8
8967 9
12129 10
9099 11
6196 12
12561 13
13099 14
2782 15
10651 16
5900 17
9548 18
682 19
11404 20
2504 21
12148 22
3941 23
6797 24
10273 25
5331 26
3870 27
1828 28
3403 29
3877 30
441 31
5723 32
8946 33
2925 34
3881 35
8064 36
10993 37
6657 38
1302 39
7475 40
9578 41
12655 42
8228 43
13315 44
11388 45
14335 46
8041 47
7112 48
5093 49
4978 50
1937 51
12143 52
9418 53
11746 54
4599 55
11876 56
4000 57
11025 58
2185 59
2330 60
13199 61
5367 62
6335 63
13545 64
9870 65
1751 66
13092 67
1080 68
9982 69
13660 70
60 71
2468 72
13571 73
13851 74
962 75
1661 76
10900 77
2237 78
4047 79
8394 80
12235 81
8164 82
7069 83
11515 84
6017 85
4191 86
12714 87
3014 88
14102 89
10981 90
870 91
10280 92
9237 93
3385 94
12173 95
12310 96
290 97
7695 98
5303 99
2353 100
13164 101
14294 102
1281 103
9392 104
9806 105
12053 106
5933 107
9037 108
706 109
6323 110
6879 111
1775 112
7194 113
2521 114
8816 115
9035 116
11694 117
11254 118
6683 119
13186 120
11603 121
11156 122
2409 123
14430 124
223 125
4448 126
5295 127
5127 128
6510 129
1280 130
1147 131
13424 132
503 133
12154 134
7135 135
83 136
12218 137
1192 138
5280 139
6662 140
11898 141
659 142
8498 143
13510 144
9765 145
2818 146
10649 147
6950 148
9509 149
6544 150
10209 151
11934 152
3932 153
109 154
13253 155
13416 156
10665 157
14209 158
9958 159
4960 160
87 161
7933 162
3622 163
13316 164
11188 165
9409 166
6591 167
4199 168
2843 169
6063 170
2841 171
1680 172
7616 173
4241 174
12303 175
12288 176
11044 177
3611 178
5654 179
2128 180
1945 181
10614 182
12169 183
6020 184
4119 185
11205 186
11255 187
7692 188
3257 189
8108 190
6799 191
6958 192
9222 193
314 194
13005 195
876 196
8812 197
3095 198
14135 199
7986 200
7224 201
8228 202
10028 203
11609 204
12629 205
3030 206
13487 207
10848 208
12835 209
7003 210
12234 211
12570 212
3518 213
788 214
14418 215
2779 216
7014 217
12353 218
1320 219
7640 220
11237 221
8419 222
3754 223
2762 224
1898 225
2506 226
147 227
7311 228
7799 229
10924 230
3010 231
7506 232
1812 233
10497 234
3584 235
10521 236
4883 237
6932 238
6134 239
3532 240
8233 241
10231 242
5743 243
9655 244
6888 245
8881 246
8843 247
975 248
7282 249
7774 250
10515 251
4558 252
12324 253
13708 254
10032 255
14174 256
12459 257
611 258
6354 259
12210 260
6817 261
6676 262
13744 263
5409 264
7791 265
11129 266
12086 267
4771 268
3263 269
4674 270
10212 271
3967 272
14207 273
13273 274
2300 275
5396 276
11354 277
10080 278
688 279
13386 280
14278 281
1575 282
5559 283
10161 284
2952 285
8796 286
11912 287
2649 288
1185 289
12355 290
11843 291
7942 292
2230 293
8754 294
7679 295
5445 296
1582 297
4211 298
11844 299
11438 300
11049 301
39 302
9923 303
3324 304
4621 305
610 306
5089 307
8925 308
1659 309
5334 310
12573 311
6116 312
3741 313
1023 314
11474 315
13806 316
9026 317
11090 318
10414 319
6714 320
1981 321
7340 322
852 323
13972 324
11953 325
7625 326
10421 327
13754 328
6624 329
10143 330
2540 331
10292 332
5928 333
1425 334
7622 335
3304 336
5150 337
12405 338
263 339
4792 340
1456 341
5416 342
12420 343
590 344
13946 345
12191 346
1707 347
6632 348
534 349
6097 350
4351 351
14195 352
7989 353
7540 354
9554 355
8091 356
13194 357
5738 358
6982 359
3077 360
2885 361
5983 362
5758 363
5001 364
13438 365
11776 366
4681 367
7722 368
5542 369
2798 370
2321 371
2666 372
2318 373
8700 374
8046 375
8106 376
607 377
10747 378
8895 379
6149 380
2652 381
9156 382
7851 383
11103 384
12102 385
7326 386
11116 387
6611 388
7271 389
985 390
9982 391
2877 392
3097 393
14250 394
12267 395
9305 396
1623 397
13641 398
3320 399
8825 400
2575 401
10512 402
10626 403
8036 404
11733 405
12130 406
7569 407
6430 408
1285 409
10543 410
6014 411
155 412
1193 413
250 414
11920 415
4540 416
10991 417
631 418
5244 419
12003 420
14476 421
8243 422
13193 423
6191 424
13019 425
7834 426
13169 427
2325 428
14218 429
10533 430
11416 431
377 432
10237 433
6999 434
3919 435
7814 436
13644 437
1034 438
10582 439
4804 440
12706 441
10799 442
8351 443
2017 444
10066 445
5855 446
11296 447
10585 448
7775 449
6078 450
1037 451
6222 452
3609 453
13732 454
5849 455
2941 456
3063 457
1035 458
2392 459
5349 460
10957 461
13006 462
830 463
10028 464
7722 465
13477 466
7232 467
11345 468
7835 469
8729 470
10703 471
2880 472
11843 473
9407 474
4802 475
13289 476
2808 477
11477 478
8359 479
640 480
5837 481
3585 482
7865 483
8808 484
4543 485
10561 486
12251 487
12466 488
4615 489
3242 490
13987 491
559 492
8170 493
9813 494
14170 495
7170 496
12430 497
10905 498
3525 499
13165 500
8258 501
5346 502
9302 503
9010 504
5032 505
7748 506
2745 507
4871 508
13493 509
391 510
6968 511
12545 512
3880 513
6107 514
2922 515
6140 516
7579 517
9953 518
5470 519
10901 520
511 521
10082 522
4824 523
12840 524
5219 525
14299 526
8205 527
9596 528
12157 529
6975 530
9843 531
7268 532
3212 533
10023 534
4107 535
4198 536
1105 537
13547 538
14495 539
1640 540
9286 541
3264 542
2800 543
13103 544
90 545
14348 546
240 547
37 548
6681 549
461 550
26 551
2452 552
5013 553
7920 554
4196 555
6859 556
6883 557
936 558
7534 559
13771 560
2939 561
9638 562
1326 563
5244 564
5823 565
7546 566
3666 567
6368 568
9614 569
1816 570
13123 571
8238 572
152 573
9691 574
1400 575
8509 576
9318 577
12870 578
533 579
5784 580
5891 581
3799 582
10626 583
8648 584
3114 585
11207 586
10486 587
368 588
11259 589
6907 590
529 591
4316 592
1034 593
6220 594
7419 595
1444 596
2884 597
6466 598
6113 599
1735 600
13194 601
1463 602
13707 603
7519 604
10688 605
14229 606
6689 607
9627 608
5816 609
1886 610
4704 611
11925 612
2282 613
10088 614
5608 615
3768 616
12955 617
5607 618
7402 619
6500 620
12415 621
9746 622
11366 623
3951 624
12022 625
8743 626
7743 627
7287 628
2981 629
153 630
12135 631
2290 632
573 633
1509 634
2096 635
4798 636
8154 637
10810 638
9465 639
6961 640
2487 641
6819 642
799 643
5397 644
1977 645
3619 646
995 647
2273 648
3303 649
2080 650
13520 651
5695 652
12983 653
10613 654
7136 655
8270 656
381 657
9102 658
9172 659
5824 660
12759 661
6245 662
3667 663
2293 664
14016 665
1984 666
7636 667
12165 668
11462 669
7411 670
5999 671
6966 672
11233 673
7440 674
8919 675
4021 676
13605 677
3576 678
12261 679
12268 680
7720 681
14458 682
11889 683
5677 684
9960 685
4475 686
2745 687
5392 688
7556 689
10741 690
7741 691
13692 692
12827 693
10638 694
419 695
8415 696
12367 697
5511 698
430 699
1246 700
10971 701
6901 702
7138 703
11126 704
251 705
368 706
2444 707
598 708
3954 709
191 710
1341 711
12481 712
2702 713
5596 714
11658 715
1293 716
14481 717
5129 718
5019 719
11781 720
8851 721
8914 722
4253 723
3648 724
2632 725
8333 726
3386 727
3701 728
11941 729
3538 730
10038 731
2424 732
14201 733
1686 734
1476 735
11279 736
1245 737
8418 738
1393 739
12331 740
12486 741
8494 742
9576 743
9151 744
11875 745
4561 746
13973 747
9565 748
2643 749
5747 750
12763 751
1307 752
12407 753
9177 754
7802 755
1037 756
7082 757
1671 758
7726 759
1727 760
8736 761
10817 762
13391 763
5068 764
2536 765
13143 766
7127 767
2056 768
1836 769
1916 770
4267 771
9499 772
12145 773
5588 774
9513 775
11610 776
7976 777
11997 778
11381 779
3573 780
12534 781
11389 782
3703 783
4029 784
14372 785
5038 786
13276 787
1124 788
12069 789
8455 790
12395 791
3723 792
1444 793
7419 794
8344 795
521 796
12078 797
7631 798
7514 799
4834 800
11351 801
4910 802
9355 803
3015 804
11715 805
324 806
11823 807
5373 808
9799 809
12066 810
3761 811
10595 812
13563 813
4110 814
4665 815
6541 816
10347 817
10762 818
8882 819
11784 820
3659 821
10707 822
9876 823
7828 824
11352 825
6047 826
1092 827
3285 828
3594 829
13283 830
2855 831
1864 832
11477 833
4881 834
12226 835
618 836
5234 837
11374 838
11583 839
13682 840
4407 841
12118 842
12996 843
347 844
1420 845
8555 846
6014 847
14369 848
10127 849
9935 850
387 851
516 852
10515 853
1585 854
11199 855
7647 856
6540 857
10198 858
2691 859
10534 860
5792 861
3077 862
3300 863
3826 864
14410 865
4791 866
1144 867
13216 868
13179 869
4437 870
12958 871
9996 872
8596 873
3977 874
5708 875
7677 876
8654 877
3151 878
7508 879
422 880
9630 881
7488 882
4292 883
9013 884
4032 885
4288 886
9840 887
3220 888
6066 889
10424 890
10060 891
9246 892
9304 893
2154 894
11637 895
1179 896
1739 897
4693 898
1696 899
5628 900
724 901
6733 902
10779 903
11408 904
8585 905
7072 906
2281 907
10668 908
1907 909
8852 910
5238 911
11303 912
4280 913
5262 914
7408 915
9986 916
7368 917
1092 918
13513 919
11696 920
10680 921
5700 922
7766 923
4649 924
9075 925
13657 926
1984 927
6316 928
10685 929
6691 930
10787 931
13345 932
12012 933
13766 934
4157 935
5623 936
9546 937
13445 938
933 939
12059 940
8725 941
10913 942
7757 943
3964 944
5109 945
7228 946
353 947
14434 948
1222 949
3462 950
3001 951
2944 952
14439 953
6491 954
5843 955
4652 956
9246 957
2379 958
6152 959
5699 960
13181 961
13113 962
10455 963
981 964
7702 965
1590 966
9416 967
12484 968
9045 969
1912 970
2628 971
11127 972
6870 973
6042 974
4035 975
10857 976
14238 977
13579 978
11746 979
12386 980
1509 981
6348 982
8103 983
26 984
7844 985
12320 986
11793 987
9712 988
10799 989
8005 990
288 991
10074 992
654 993
1542 994
13593 995
467 996
12169 997
12030 998
9443 999
5716 1000
5139 1001
2453 1002
9581 1003
1403 1004
2005 1005
11784 1006
2568 1007
9135 1008
14311 1009
8981 1010
3112 1011
12826 1012
8955 1013
6845 1014
1182 1015
3366 1016
718 1017
8205 1018
10926 1019
842 1020
7979 1021
4917 1022
1474 1023
9854 1024
5106 1025
4891 1026
5855 1027
10143 1028
13855 1029
4910 1030
7196 1031
9357 1032
13299 1033
11082 1034
5410 1035
6077 1036
2510 1037
6676 1038
4923 1039
8620 1040
5938 1041
6263 1042
3851 1043
4864 1044
5971 1045
11388 1046
8768 1047
2000 1048
11726 1049
2213 1050
7298 1051
4098 1052
1572 1053
9736 1054
12591 1055
14176 1056
2209 1057
2456 1058
5105 1059
9884 1060
4544 1061
481 1062
1566 1063
5567 1064
11800 1065
14165 1066
1035 1067
9932 1068
13569 1069
10361 1070
2223 1071
6264 1072
133 1073
4106 1074
6186 1075
11763 1076
13266 1077
703 1078
11373 1079
3447 1080
7099 1081
10769 1082
10550 1083
10987 1084
7027 1085
10118 1086
8350 1087
7944 1088
13430 1089
11293 1090
8126 1091
6047 1092
2623 1093
2007 1094
10342 1095
428 1096
3697 1097
7075 1098
8660 1099
10701 1100
3213 1101
14071 1102
2376 1103
10336 1104
8611 1105
849 1106
6320 1107
5 1108
5212 1109
11536 1110
7276 1111
1003 1112
6145 1113
9358 1114
3947 1115
195 1116
6400 1117
14049 1118
3987 1119
6206 1120
315 1121
9815 1122
6755 1123
10285 1124
5017 1125
9777 1126
4599 1127
448 1128
3162 1129
5360 1130
3961 1131
12541 1132
12089 1133
4623 1134
9781 1135
7873 1136
4677 1137
1967 1138
11729 1139
2523 1140
7404 1141
4998 1142
11564 1143
1348 1144
3606 1145
5706 1146
6696 1147
12339 1148
13982 1149
3987 1150
6346 1151
11703 1152
901 1153
25 1154
13530 1155
1504 1156
5198 1157
10854 1158
1954 1159
6863 1160
10169 1161
5796 1162
5674 1163
3639 1164
9987 1165
13075 1166
3342 1167
296 1168
9493 1169
14245 1170
2445 1171
7311 1172
13225 1173
7440 1174
11028 1175
13310 1176
9347 1177
8002 1178
14106 1179
1825 1180
10793 1181
5821 1182
2493 1183
12945 1184
13831 1185
794 1186
2728 1187
13656 1188
5009 1189
5516 1190
10456 1191
7395 1192
9190 1193
722 1194
9324 1195
6176 1196
5633 1197
9583 1198
2939 1199
7659 1200
13131 1201
1174 1202
11187 1203
14367 1204
6099 1205
952 1206
6382 1207
7371 1208
3505 1209
12033 1210
9916 1211
13035 1212
1712 1213
8665 1214
3370 1215
764 1216
13455 1217
3140 1218
6986 1219
9468 1220
366 1221
13958 1222
9386 1223
8089 1224
13094 1225
12513 1226
11751 1227
9844 1228
663 1229
9158 1230
10179 1231
3264 1232
4860 1233
11475 1234
11422 1235
12534 1236
4110 1237
8441 1238
5706 1239
3327 1240
6928 1241
9013 1242
12029 1243
11208 1244
10214 1245
9220 1246
13503 1247
8621 1248
9146 1249
3126 1250
7967 1251
12193 1252
8611 1253
4328 1254
14334 1255
13057 1256
8907 1257
11291 1258
13004 1259
6442 1260
10413 1261
10956 1262
3589 1263
12189 1264
13226 1265
1722 1266
6875 1267
12762 1268
6847 1269
7944 1270
7959 1271
4020 1272
10931 1273
10286 1274
12946 1275
1814 1276
7872 1277
8180 1278
12427 1279
1348 1280
11013 1281
12817 1282
9572 1283
9400 1284
11834 1285
1549 1286
5381 1287
8550 1288
2580 1289
11342 1290
7702 1291
5298 1292
3719 1293
8925 1294
12783 1295
4891 1296
4226 1297
7707 1298
8547 1299
408 1300
725 1301
2015 1302
10188 1303
13689 1304
11221 1305
5057 1306
11911 1307
13226 1308
7949 1309
1420 1310
12416 1311
8579 1312
13705 1313
14446 1314
2820 1315
3861 1316
1758 1317
2675 1318
1649 1319
2714 1320
576 1321
13913 1322
8025 1323
10934 1324
9165 1325
5314 1326
9245 1327
6658 1328
12311 1329
3105 1330
12994 1331
5829 1332
3474 1333
4846 1334
3049 1335
924 1336
5926 1337
9840 1338
14253 1339
8487 1340
5843 1341
9946 1342
8598 1343
8970 1344
12846 1345
11476 1346
4873 1347
6646 1348
3831 1349
8177 1350
9452 1351
5671 1352
11675 1353
523 1354
9485 1355
1242 1356
10018 1357
11048 1358
9199 1359
6868 1360
5679 1361
6064 1362
3639 1363
11154 1364
9285 1365
9095 1366
9115 1367
1967 1368
12707 1369
8245 1370
12414 1371
4744 1372
10189 1373
5678 1374
5690 1375
14434 1376
10625 1377
10556 1378
7148 1379
11776 1380
1620 1381
11612 1382
1170 1383
7561 1384
6861 1385
5043 1386
11804 1387
8052 1388
12616 1389
6553 1390
2249 1391
4409 1392
1868 1393
5568 1394
13798 1395
14194 1396
2305 1397
2118 1398
6770 1399
9231 1400
7386 1401
53 1402
6218 1403
9412 1404
4610 1405
13498 1406
12245 1407
7891 1408
8129 1409
9980 1410
8607 1411
10449 1412
5220 1413
9104 1414
10320 1415
7816 1416
9295 1417
12490 1418
11232 1419
13317 1420
13912 1421
4510 1422
10698 1423
13750 1424
13554 1425
7125 1426
14359 1427
14225 1428
11146 1429
13201 1430
13993 1431
118 1432
1886 1433
6669 1434
1052 1435
1207 1436
5285 1437
13286 1438
1574 1439
7594 1440
13184 1441
10638 1442
4262 1443
8352 1444
8049 1445
8274 1446
12798 1447
1869 1448
13124 1449
