150 100
637 0
830 1
566 2
890 3
416 4
1374 5
619 6
348 7
780 8
1111 9
359 10
732 11
932 12
1433 13
619 14
934 15
610 16
1097 17
220 18
620 19
1248 20
1114 21
378 22
1159 23
1300 24
1121 25
521 26
365 27
1264 28
442 29
1306 30
567 31
329 32
794 33
1083 34
1321 35
433 36
57 37
310 38
118 39
914 40
404 41
146 42
981 43
1343 44
1412 45
428 46
381 47
1310 48
623 49
731 50
1063 51
354 52
1013 53
1098 54
1269 55
614 56
60 57
454 58
705 59
1387 60
369 61
1445 62
1189 63
1338 64
1340 65
230 66
168 67
1096 68
1083 69
794 70
950 71
1272 72
1284 73
361 74
1445 75
852 76
148 77
948 78
1361 79
1372 80
1282 81
179 82
600 83
1132 84
1124 85
1022 86
236 87
59 88
1444 89
1481 90
343 91
963 92
28 93
1147 94
1193 95
163 96
322 97
408 98
1378 99
551 100
559 101
1288 102
401 103
1419 104
78 105
1058 106
849 107
555 108
119 109
871 110
505 111
939 112
427 113
427 114
1306 115
137 116
942 117
1236 118
441 119
1003 120
1198 121
81 122
220 123
1487 124
515 125
930 126
1229 127
622 128
420 129
1110 130
1132 131
317 132
337 133
608 134
26 135
1339 136
538 137
75 138
1305 139
579 140
806 141
1343 142
401 143
450 144
1440 145
1085 146
269 147
152 148
1333 149
