150 700
766 0
1176 1
1464 2
89 3
358 4
1039 5
1292 6
722 7
930 8
14 9
1354 10
828 11
973 12
1265 13
641 14
93 15
1395 16
578 17
809 18
33 19
355 20
1259 21
1415 22
510 23
98 24
1282 25
177 26
978 27
985 28
502 29
744 30
1245 31
129 32
768 33
323 34
160 35
406 36
744 37
137 38
1154 39
222 40
100 41
858 42
1448 43
685 44
735 45
878 46
867 47
427 48
455 49
829 50
12 51
820 52
49 53
90 54
1013 55
1499 56
209 57
2 58
1285 59
1054 60
681 61
1213 62
1409 63
153 64
11 65
222 66
932 67
489 68
157 69
273 70
691 71
141 72
788 73
1180 74
39 75
436 76
661 77
566 78
30 79
1452 80
344 81
1323 82
259 83
810 84
509 85
39 86
125 87
977 88
622 89
1226 90
235 91
1203 92
209 93
1069 94
1458 95
1421 96
171 97
888 98
1444 99
499 100
206 101
995 102
1152 103
1421 104
896 105
319 106
169 107
708 108
159 109
817 110
791 111
690 112
1481 113
374 114
1160 115
84 116
310 117
794 118
1086 119
730 120
151 121
598 122
773 123
149 124
391 125
1143 126
1297 127
1165 128
1349 129
574 130
210 131
1381 132
918 133
477 134
1451 135
1404 136
412 137
146 138
441 139
630 140
1192 141
528 142
472 143
732 144
1446 145
1168 146
139 147
1497 148
705 149
