1450 1050
10025 0
12141 1
5550 2
5147 3
8198 4
13280 5
14444 6
4707 7
529 8
14244 9
9028 10
3546 11
6138 12
5354 13
12623 14
4123 15
1154 16
2111 17
6526 18
13341 19
3463 20
12796 21
293 22
6581 23
13523 24
14237 25
4640 26
13214 27
14096 28
1596 29
14031 30
13716 31
1046 32
1523 33
4089 34
13081 35
7232 36
10741 37
5216 38
8805 39
11638 40
2378 41
11120 42
12352 43
5827 44
13977 45
4467 46
8599 47
1319 48
1498 49
9001 50
12276 51
7576 52
13589 53
10190 54
13096 55
2751 56
10495 57
12419 58
2961 59
14461 60
4953 61
2500 62
9196 63
3463 64
7970 65
11965 66
7333 67
10112 68
12068 69
11878 70
9096 71
8955 72
135 73
9979 74
12236 75
7995 76
13206 77
1313 78
3541 79
1836 80
8591 81
13525 82
2671 83
241 84
3589 85
12344 86
6323 87
10330 88
8094 89
5396 90
4722 91
9405 92
11990 93
7663 94
11407 95
7035 96
9743 97
13474 98
13210 99
13705 100
10225 101
1290 102
8694 103
724 104
9203 105
1329 106
1136 107
3757 108
12370 109
8631 110
11826 111
4334 112
7254 113
9056 114
9186 115
10672 116
641 117
8422 118
8984 119
7094 120
2177 121
2258 122
13132 123
11276 124
11642 125
9698 126
22 127
12609 128
13038 129
6845 130
10890 131
1763 132
13232 133
3010 134
11780 135
8896 136
8792 137
11887 138
13027 139
14473 140
8424 141
12853 142
9311 143
6795 144
8619 145
7636 146
1847 147
7400 148
6327 149
3572 150
6255 151
14068 152
2676 153
9541 154
2315 155
11615 156
11844 157
3981 158
11751 159
789 160
11297 161
4043 162
2013 163
11159 164
9779 165
10187 166
9566 167
2469 168
169 169
14038 170
5726 171
9293 172
12818 173
11400 174
2929 175
12311 176
12942 177
13213 178
1128 179
12608 180
57 181
871 182
9612 183
12071 184
3363 185
6742 186
12831 187
12377 188
5227 189
6033 190
3821 191
5545 192
4688 193
9803 194
3135 195
3458 196
13691 197
6225 198
5854 199
2886 200
9353 201
12667 202
9408 203
2521 204
4040 205
5160 206
5676 207
8248 208
7829 209
4178 210
3014 211
9095 212
2648 213
4944 214
7262 215
10366 216
14180 217
7593 218
8248 219
9528 220
496 221
10790 222
11999 223
5151 224
3901 225
7500 226
10678 227
10337 228
412 229
13542 230
9085 231
11721 232
3693 233
753 234
5395 235
2989 236
281 237
12401 238
8253 239
14361 240
13268 241
6542 242
1785 243
348 244
2529 245
9597 246
1251 247
13607 248
3592 249
2742 250
1421 251
893 252
9654 253
12139 254
3196 255
3727 256
2921 257
10610 258
8301 259
1450 260
480 261
10360 262
3469 263
1394 264
7042 265
12411 266
7231 267
14334 268
2900 269
8136 270
1379 271
8550 272
6506 273
11 274
12600 275
2398 276
8945 277
7046 278
14023 279
9230 280
8924 281
5530 282
13998 283
1483 284
8065 285
11002 286
12654 287
12191 288
4656 289
10537 290
611 291
7605 292
1048 293
10391 294
7449 295
13692 296
14359 297
10936 298
8277 299
2848 300
6701 301
12350 302
10200 303
9463 304
15 305
12549 306
12109 307
1148 308
1347 309
12616 310
2442 311
11312 312
3152 313
3007 314
4243 315
8104 316
4963 317
12524 318
5670 319
2084 320
3062 321
3560 322
1101 323
13201 324
5368 325
2730 326
13256 327
8364 328
35 329
14321 330
4737 331
6134 332
9959 333
2500 334
1158 335
12601 336
4520 337
11695 338
3449 339
13394 340
3147 341
4944 342
11206 343
11205 344
867 345
13768 346
11251 347
151 348
13850 349
3627 350
12642 351
6099 352
8082 353
7545 354
11022 355
4459 356
8185 357
9920 358
533 359
7313 360
14106 361
12035 362
246 363
7276 364
4681 365
1808 366
9200 367
7359 368
7057 369
7330 370
7673 371
11260 372
9666 373
4605 374
8824 375
415 376
14251 377
916 378
2897 379
10346 380
10975 381
12868 382
8738 383
9855 384
200 385
11635 386
14253 387
3797 388
5701 389
2832 390
6324 391
1390 392
12350 393
2590 394
3197 395
9460 396
14335 397
8499 398
6269 399
9548 400
3622 401
3025 402
3346 403
10069 404
14107 405
3116 406
7908 407
10009 408
219 409
11538 410
3502 411
9528 412
4377 413
4115 414
13863 415
10758 416
6242 417
6877 418
9847 419
2925 420
1481 421
12144 422
8687 423
815 424
7573 425
9185 426
3769 427
6662 428
14306 429
8830 430
11019 431
2137 432
5103 433
5746 434
10656 435
819 436
11080 437
10739 438
11477 439
6258 440
13285 441
8310 442
2899 443
7548 444
1704 445
1387 446
14204 447
11599 448
10610 449
5313 450
4602 451
3761 452
12345 453
14470 454
5812 455
7820 456
13163 457
1507 458
10468 459
1525 460
3952 461
14215 462
14340 463
12161 464
3305 465
2750 466
4188 467
12263 468
12276 469
6721 470
5885 471
8449 472
5553 473
11048 474
5347 475
11005 476
5523 477
12803 478
8508 479
1517 480
874 481
7307 482
9428 483
9328 484
9633 485
13361 486
1993 487
3512 488
4439 489
4261 490
6055 491
3252 492
13701 493
11864 494
4519 495
9071 496
5150 497
7362 498
11068 499
8305 500
3707 501
5801 502
14408 503
2107 504
13380 505
4444 506
3302 507
6141 508
2357 509
12743 510
9837 511
10594 512
11479 513
14021 514
11643 515
1378 516
13415 517
4507 518
6906 519
13240 520
182 521
12143 522
11090 523
13865 524
2619 525
11347 526
12426 527
5591 528
2036 529
3810 530
6841 531
11282 532
7680 533
13461 534
2496 535
11754 536
2069 537
1457 538
2051 539
869 540
9716 541
9365 542
8738 543
7597 544
10048 545
12884 546
6704 547
4661 548
8537 549
10787 550
2710 551
4440 552
10239 553
7823 554
13239 555
11950 556
11513 557
5271 558
1080 559
2142 560
4726 561
1516 562
1637 563
1137 564
4569 565
9680 566
13597 567
12922 568
9422 569
6468 570
11175 571
7155 572
11937 573
10324 574
1726 575
8649 576
6711 577
10254 578
9993 579
10475 580
8965 581
9394 582
6030 583
9503 584
8105 585
13532 586
2843 587
10075 588
9394 589
11179 590
11263 591
12430 592
9967 593
9792 594
9836 595
9926 596
10192 597
3790 598
13700 599
6682 600
9244 601
30 602
6200 603
12959 604
3007 605
9672 606
9271 607
4063 608
8989 609
12943 610
9114 611
4128 612
9534 613
9122 614
8637 615
13862 616
11445 617
10552 618
4663 619
173 620
201 621
8914 622
13963 623
2487 624
927 625
2965 626
6856 627
7269 628
11986 629
2218 630
4231 631
5608 632
9732 633
7078 634
12871 635
3092 636
4361 637
13712 638
11095 639
3340 640
3914 641
8371 642
18 643
189 644
5942 645
2697 646
5653 647
1268 648
8776 649
379 650
2984 651
10756 652
4964 653
4745 654
1443 655
11380 656
89 657
4381 658
4355 659
277 660
2088 661
5421 662
4836 663
10184 664
11090 665
3139 666
13615 667
13265 668
12364 669
10603 670
12150 671
12877 672
7338 673
8596 674
13334 675
8292 676
379 677
7866 678
13444 679
1422 680
5954 681
8562 682
813 683
6873 684
2795 685
192 686
3528 687
12139 688
4585 689
7062 690
2863 691
8 692
2088 693
13046 694
10979 695
5430 696
5673 697
853 698
1639 699
8316 700
2225 701
10837 702
7028 703
7968 704
13630 705
10135 706
9112 707
643 708
8239 709
1453 710
13011 711
10279 712
3249 713
8676 714
8362 715
6265 716
4096 717
5349 718
5012 719
8987 720
11305 721
9832 722
5964 723
5511 724
8284 725
10384 726
12832 727
9151 728
11185 729
10343 730
8148 731
7446 732
13667 733
13150 734
12768 735
11892 736
3026 737
1699 738
14395 739
13760 740
4787 741
2789 742
9958 743
2560 744
2493 745
4379 746
9993 747
6453 748
404 749
8438 750
6318 751
7096 752
6250 753
13848 754
5220 755
5395 756
9286 757
1457 758
9015 759
11195 760
5456 761
5121 762
8343 763
10646 764
11479 765
3150 766
8815 767
13541 768
7479 769
2602 770
9878 771
3870 772
2079 773
5058 774
11315 775
3787 776
5092 777
11887 778
11284 779
1224 780
13000 781
4681 782
9720 783
1707 784
9198 785
7632 786
3981 787
7891 788
3375 789
11230 790
6034 791
4340 792
474 793
9669 794
2020 795
10758 796
10331 797
13522 798
3332 799
8103 800
1024 801
13572 802
9664 803
1946 804
9044 805
3454 806
7497 807
1008 808
10694 809
14335 810
11958 811
10700 812
6005 813
7588 814
7789 815
111 816
12284 817
7710 818
2879 819
6407 820
11040 821
7677 822
5452 823
6109 824
10235 825
4580 826
5923 827
865 828
3559 829
10287 830
5985 831
4520 832
14216 833
3730 834
3293 835
8197 836
3110 837
12177 838
343 839
11792 840
14152 841
14370 842
13788 843
2536 844
12517 845
12269 846
9723 847
759 848
9957 849
6554 850
8593 851
4330 852
1309 853
2460 854
7364 855
2392 856
2999 857
11929 858
5620 859
12955 860
2696 861
8944 862
5466 863
7025 864
6139 865
910 866
4422 867
11538 868
13574 869
9231 870
6626 871
10229 872
13860 873
3484 874
9916 875
136 876
5631 877
14082 878
10672 879
3071 880
1146 881
12277 882
3561 883
567 884
243 885
672 886
5574 887
11118 888
2285 889
11379 890
8165 891
10706 892
1284 893
2283 894
8379 895
4439 896
11517 897
13553 898
9635 899
6383 900
5757 901
10189 902
5393 903
11574 904
7895 905
4905 906
6691 907
8951 908
1137 909
5227 910
8006 911
12822 912
8193 913
2786 914
4364 915
11483 916
13436 917
7798 918
4033 919
9184 920
2108 921
9316 922
14302 923
12422 924
13604 925
11605 926
3734 927
3236 928
3999 929
6914 930
5788 931
8688 932
13221 933
2660 934
9670 935
14451 936
14209 937
5067 938
9136 939
9234 940
686 941
10209 942
55 943
11701 944
10446 945
13332 946
12032 947
11906 948
6729 949
5542 950
3278 951
11949 952
573 953
12523 954
7099 955
89 956
7141 957
13053 958
7947 959
14382 960
13512 961
3879 962
13617 963
7302 964
4140 965
7726 966
9144 967
13253 968
12827 969
7890 970
1450 971
993 972
13414 973
11139 974
9837 975
48 976
9243 977
7531 978
7767 979
10509 980
497 981
12602 982
12926 983
10166 984
11804 985
12131 986
13755 987
5898 988
6297 989
13895 990
8863 991
7288 992
11777 993
3096 994
4192 995
40 996
2437 997
803 998
206 999
5194 1000
12876 1001
13868 1002
14174 1003
2120 1004
4054 1005
3190 1006
10070 1007
5999 1008
11520 1009
7002 1010
14083 1011
5896 1012
2035 1013
13014 1014
447 1015
8683 1016
11002 1017
13759 1018
6171 1019
11939 1020
9449 1021
2806 1022
3461 1023
12597 1024
3497 1025
3655 1026
2596 1027
8128 1028
10241 1029
1827 1030
7326 1031
12971 1032
9907 1033
12727 1034
12387 1035
1861 1036
7532 1037
4739 1038
193 1039
2465 1040
7137 1041
5805 1042
8511 1043
9315 1044
849 1045
9901 1046
9214 1047
11906 1048
2900 1049
4523 1050
7359 1051
10526 1052
5965 1053
7859 1054
13107 1055
2897 1056
12763 1057
6593 1058
8813 1059
9641 1060
10990 1061
12714 1062
2721 1063
10515 1064
6446 1065
13702 1066
6899 1067
2902 1068
8936 1069
167 1070
1939 1071
1973 1072
539 1073
4673 1074
13515 1075
3629 1076
7825 1077
1931 1078
2426 1079
14405 1080
13733 1081
14098 1082
9622 1083
13801 1084
7580 1085
8687 1086
8522 1087
2377 1088
9521 1089
7699 1090
5490 1091
14309 1092
5372 1093
8496 1094
9542 1095
2792 1096
12087 1097
13838 1098
10795 1099
5675 1100
9831 1101
4945 1102
2233 1103
14269 1104
13035 1105
8175 1106
7085 1107
3910 1108
12366 1109
3846 1110
8984 1111
2486 1112
6054 1113
11142 1114
11330 1115
5256 1116
11916 1117
2353 1118
7349 1119
605 1120
5643 1121
7053 1122
1233 1123
6298 1124
12564 1125
10140 1126
8907 1127
12956 1128
4718 1129
7138 1130
10354 1131
3754 1132
6828 1133
8248 1134
2730 1135
9684 1136
807 1137
570 1138
12321 1139
7057 1140
10088 1141
6967 1142
2988 1143
10616 1144
3237 1145
7095 1146
10406 1147
849 1148
9841 1149
8785 1150
6608 1151
4852 1152
13365 1153
2082 1154
12386 1155
4545 1156
6455 1157
11741 1158
3878 1159
10897 1160
13320 1161
10797 1162
1155 1163
12798 1164
7461 1165
3709 1166
10021 1167
1520 1168
8931 1169
2176 1170
17 1171
6361 1172
11008 1173
8841 1174
13152 1175
3083 1176
14368 1177
2227 1178
14226 1179
11759 1180
9477 1181
9937 1182
4235 1183
13951 1184
7494 1185
1959 1186
3229 1187
6004 1188
9084 1189
7772 1190
5211 1191
14324 1192
3742 1193
3767 1194
1823 1195
8337 1196
11395 1197
8412 1198
6627 1199
9753 1200
3475 1201
3540 1202
2599 1203
3791 1204
12722 1205
4032 1206
2455 1207
3759 1208
391 1209
11265 1210
5893 1211
5791 1212
1806 1213
11223 1214
3375 1215
4958 1216
5378 1217
352 1218
12773 1219
4148 1220
10475 1221
13877 1222
9903 1223
11401 1224
10279 1225
5043 1226
12701 1227
8602 1228
10112 1229
1081 1230
3696 1231
4165 1232
4504 1233
2930 1234
10776 1235
13630 1236
5028 1237
12467 1238
11458 1239
2785 1240
6311 1241
9716 1242
13055 1243
150 1244
8147 1245
9904 1246
12846 1247
10179 1248
13397 1249
3006 1250
9147 1251
7316 1252
10076 1253
3657 1254
9025 1255
3218 1256
3472 1257
11558 1258
3883 1259
6311 1260
12726 1261
1507 1262
5568 1263
9000 1264
13991 1265
13713 1266
605 1267
3967 1268
11157 1269
1504 1270
3568 1271
3678 1272
12346 1273
93 1274
10029 1275
8683 1276
11711 1277
12058 1278
13484 1279
1410 1280
3039 1281
10257 1282
3282 1283
7198 1284
12869 1285
17 1286
14349 1287
6554 1288
14227 1289
1107 1290
330 1291
982 1292
2507 1293
6427 1294
9838 1295
10258 1296
5948 1297
4980 1298
1359 1299
11885 1300
1433 1301
8677 1302
806 1303
5565 1304
928 1305
14317 1306
7351 1307
11034 1308
6974 1309
8833 1310
6312 1311
454 1312
7056 1313
5855 1314
170 1315
4597 1316
10838 1317
9369 1318
5216 1319
11557 1320
10125 1321
8362 1322
4636 1323
3394 1324
11863 1325
625 1326
3742 1327
10045 1328
9076 1329
990 1330
13672 1331
1565 1332
1028 1333
5804 1334
2236 1335
7243 1336
4140 1337
11741 1338
4340 1339
266 1340
4686 1341
735 1342
11843 1343
12475 1344
12980 1345
4000 1346
1102 1347
4637 1348
11287 1349
2366 1350
10345 1351
7057 1352
1682 1353
6127 1354
12198 1355
6248 1356
1423 1357
8087 1358
10194 1359
2878 1360
12170 1361
152 1362
2126 1363
2696 1364
9102 1365
3863 1366
13792 1367
4063 1368
13600 1369
4284 1370
2919 1371
5432 1372
9879 1373
10048 1374
13362 1375
6861 1376
318 1377
6419 1378
7291 1379
279 1380
11825 1381
7052 1382
9148 1383
9588 1384
10783 1385
5872 1386
1206 1387
10516 1388
10950 1389
229 1390
5094 1391
11198 1392
2204 1393
735 1394
6706 1395
7907 1396
651 1397
10940 1398
5367 1399
937 1400
13551 1401
9145 1402
7764 1403
8014 1404
8698 1405
7943 1406
6118 1407
12782 1408
2469 1409
11288 1410
12715 1411
12811 1412
1336 1413
542 1414
10359 1415
8844 1416
9604 1417
3836 1418
14253 1419
6786 1420
455 1421
6876 1422
13742 1423
1576 1424
1662 1425
4412 1426
10989 1427
7866 1428
7194 1429
7531 1430
5006 1431
10641 1432
14331 1433
2513 1434
11173 1435
2862 1436
1933 1437
5439 1438
49 1439
5711 1440
3211 1441
4833 1442
14266 1443
2316 1444
360 1445
4476 1446
700 1447
4353 1448
8658 1449
