1250 800
2591 0
11722 1
6008 2
11850 3
2535 4
10129 5
1143 6
4302 7
660 8
4081 9
6727 10
11170 11
2865 12
9372 13
2929 14
3395 15
5544 16
2862 17
9868 18
5612 19
8039 20
5814 21
3331 22
10549 23
4630 24
12132 25
8392 26
7569 27
2912 28
9779 29
9376 30
6868 31
4471 32
9900 33
9590 34
3354 35
854 36
5249 37
6375 38
5747 39
12364 40
8368 41
9391 42
3072 43
5316 44
11667 45
3407 46
4848 47
2397 48
5041 49
10989 50
9310 51
11749 52
2452 53
7215 54
11546 55
2602 56
984 57
374 58
5105 59
2229 60
12173 61
2811 62
9759 63
10615 64
9324 65
8517 66
5133 67
2697 68
4595 69
3397 70
5143 71
7187 72
1317 73
3194 74
10885 75
520 76
8223 77
1586 78
6497 79
10621 80
92 81
2923 82
8473 83
10963 84
4874 85
5694 86
12323 87
4986 88
6974 89
2616 90
11764 91
11954 92
3492 93
5853 94
10268 95
4011 96
11836 97
7092 98
2100 99
10011 100
11683 101
2193 102
7432 103
10794 104
3640 105
6721 106
8574 107
11146 108
1110 109
5545 110
7088 111
1740 112
1110 113
4891 114
12000 115
355 116
6282 117
12214 118
11062 119
8362 120
1125 121
2538 122
10935 123
5571 124
1591 125
8638 126
9163 127
8479 128
3240 129
8847 130
11306 131
1647 132
1400 133
10205 134
7096 135
713 136
5470 137
5044 138
3213 139
2776 140
5136 141
6507 142
4331 143
564 144
11085 145
7592 146
10025 147
4726 148
1151 149
1160 150
10921 151
2722 152
11752 153
1191 154
5875 155
10405 156
2483 157
1325 158
136 159
6787 160
6156 161
2445 162
9526 163
7900 164
5235 165
10549 166
4436 167
91 168
9188 169
4828 170
12082 171
7979 172
5362 173
8315 174
9283 175
1748 176
8094 177
3834 178
5797 179
4447 180
1576 181
10391 182
4197 183
1032 184
6095 185
6337 186
931 187
5516 188
7183 189
5413 190
11800 191
5212 192
5060 193
524 194
867 195
1622 196
11041 197
8924 198
9790 199
6902 200
11402 201
2179 202
2381 203
6483 204
8781 205
1877 206
10723 207
7884 208
5801 209
9993 210
7431 211
149 212
9786 213
9960 214
432 215
11533 216
6542 217
7951 218
10277 219
11372 220
3440 221
12271 222
6680 223
8579 224
3228 225
7450 226
7470 227
4514 228
9707 229
3827 230
1767 231
3584 232
12067 233
9799 234
1891 235
9728 236
3795 237
12425 238
10061 239
3206 240
7293 241
6593 242
6533 243
291 244
8298 245
8616 246
4224 247
401 248
39 249
6164 250
9220 251
5446 252
3137 253
11965 254
11706 255
393 256
929 257
612 258
3382 259
11625 260
934 261
9677 262
4936 263
1580 264
9381 265
9743 266
11014 267
11991 268
5418 269
960 270
205 271
10992 272
3670 273
4700 274
954 275
2388 276
2741 277
6850 278
1549 279
2421 280
10338 281
2192 282
10099 283
4695 284
9388 285
11573 286
7648 287
6337 288
12210 289
4544 290
12498 291
9566 292
9379 293
3439 294
7649 295
10983 296
3982 297
2835 298
6463 299
747 300
10372 301
138 302
11894 303
9182 304
486 305
3836 306
12467 307
10118 308
8656 309
5071 310
3062 311
6529 312
8178 313
3148 314
3209 315
9518 316
3211 317
9844 318
9561 319
8528 320
3979 321
12040 322
6467 323
1832 324
8955 325
2245 326
1131 327
7249 328
6333 329
1398 330
750 331
639 332
10008 333
1299 334
5031 335
10552 336
12135 337
6236 338
11806 339
6755 340
7310 341
5628 342
4892 343
10339 344
10692 345
7587 346
6207 347
3600 348
2755 349
5082 350
7422 351
10855 352
10154 353
3212 354
11854 355
4584 356
9009 357
6584 358
2860 359
11698 360
1075 361
9843 362
8247 363
4430 364
11406 365
5900 366
10948 367
9147 368
4084 369
11232 370
2184 371
2402 372
5180 373
7696 374
6997 375
10247 376
9581 377
1495 378
7542 379
5380 380
9780 381
1405 382
5352 383
5241 384
4944 385
11851 386
9388 387
5082 388
10936 389
11676 390
8115 391
7434 392
8011 393
2435 394
3690 395
1964 396
8136 397
2288 398
11166 399
10759 400
2847 401
3020 402
3934 403
9168 404
141 405
1081 406
557 407
5510 408
8244 409
1053 410
10864 411
3377 412
9764 413
2819 414
10787 415
425 416
5485 417
3405 418
8887 419
4673 420
6589 421
2186 422
8954 423
11134 424
452 425
1734 426
1612 427
10313 428
9898 429
738 430
9729 431
3972 432
106 433
9692 434
7378 435
2778 436
6223 437
1291 438
2883 439
5657 440
8167 441
6911 442
3623 443
11861 444
10746 445
244 446
1009 447
10198 448
796 449
7528 450
3347 451
10534 452
6556 453
4378 454
767 455
32 456
7268 457
9062 458
9994 459
7390 460
2816 461
11307 462
213 463
1862 464
5524 465
3877 466
9749 467
3164 468
10766 469
2391 470
8368 471
9721 472
8398 473
11807 474
5288 475
5701 476
1492 477
3429 478
2920 479
5330 480
10282 481
409 482
4321 483
5934 484
6368 485
2526 486
6656 487
7257 488
11400 489
11529 490
5148 491
3576 492
403 493
4190 494
4415 495
2906 496
2319 497
2852 498
8194 499
1347 500
7860 501
12036 502
6591 503
4319 504
8863 505
5531 506
7439 507
6872 508
5439 509
7771 510
7034 511
11182 512
7412 513
11868 514
7499 515
5832 516
5430 517
3591 518
1172 519
2776 520
690 521
10604 522
4828 523
8918 524
12189 525
8892 526
10687 527
3610 528
6356 529
12256 530
73 531
4025 532
708 533
5859 534
11155 535
5105 536
12242 537
4019 538
9220 539
1410 540
1369 541
4576 542
1978 543
9256 544
3316 545
6084 546
6167 547
2689 548
760 549
12435 550
3650 551
795 552
8104 553
5457 554
11855 555
2218 556
5939 557
6034 558
4173 559
961 560
1983 561
4274 562
2427 563
1515 564
9184 565
877 566
1387 567
9339 568
2571 569
4858 570
7179 571
5814 572
1496 573
5254 574
8073 575
7072 576
8112 577
6842 578
11484 579
11438 580
9981 581
2883 582
7156 583
5309 584
2797 585
8507 586
6150 587
7460 588
10926 589
4124 590
7325 591
2251 592
7547 593
1620 594
10787 595
6024 596
494 597
107 598
9265 599
815 600
8948 601
5652 602
10471 603
7635 604
3806 605
6440 606
7713 607
10016 608
1650 609
2799 610
12002 611
12145 612
907 613
3226 614
935 615
6795 616
6976 617
1418 618
12049 619
11727 620
7941 621
10857 622
11489 623
4116 624
2249 625
6230 626
719 627
8697 628
5561 629
521 630
6439 631
9782 632
10984 633
55 634
7423 635
2061 636
2622 637
5903 638
10005 639
1984 640
2129 641
2271 642
12352 643
4890 644
8600 645
3695 646
4527 647
1687 648
12341 649
6801 650
8281 651
3057 652
7226 653
3348 654
8117 655
11532 656
5323 657
1973 658
685 659
10292 660
5058 661
5097 662
6026 663
11023 664
9450 665
569 666
4769 667
10425 668
8170 669
866 670
5048 671
6223 672
10322 673
5302 674
8455 675
7886 676
9449 677
9555 678
4420 679
3559 680
875 681
7838 682
3254 683
1114 684
11264 685
5423 686
6628 687
7633 688
5769 689
6766 690
11861 691
9276 692
4769 693
6896 694
2413 695
9616 696
2288 697
5883 698
3839 699
9116 700
12255 701
6054 702
4730 703
11829 704
8433 705
11031 706
12390 707
6886 708
11271 709
4287 710
8823 711
3492 712
5935 713
8070 714
9428 715
5960 716
5127 717
8551 718
4695 719
5780 720
4395 721
4369 722
6907 723
7510 724
2090 725
445 726
8525 727
932 728
10115 729
7081 730
3923 731
6295 732
4255 733
12478 734
4409 735
11853 736
6962 737
8380 738
3401 739
6116 740
5589 741
10949 742
7364 743
5216 744
3368 745
1852 746
195 747
3263 748
4138 749
7418 750
269 751
11634 752
2743 753
7118 754
2923 755
709 756
8816 757
7396 758
9913 759
6772 760
7809 761
3893 762
7278 763
2472 764
9141 765
10381 766
6142 767
2152 768
7915 769
7273 770
8056 771
5823 772
8885 773
7864 774
11716 775
9180 776
1249 777
3561 778
8122 779
157 780
10134 781
12443 782
136 783
5170 784
10884 785
6723 786
11724 787
7640 788
7432 789
8798 790
2392 791
2318 792
237 793
2747 794
10811 795
6672 796
4034 797
5055 798
4752 799
7352 800
5377 801
10786 802
5884 803
3143 804
6724 805
9408 806
10341 807
1169 808
7586 809
7071 810
7748 811
6009 812
4893 813
925 814
7031 815
6379 816
7453 817
5889 818
4274 819
4709 820
12149 821
10448 822
389 823
6125 824
12410 825
9647 826
12009 827
11726 828
13 829
8138 830
4445 831
4172 832
3735 833
5719 834
9626 835
9136 836
7273 837
3340 838
2200 839
4764 840
9960 841
6345 842
1286 843
2058 844
6414 845
11835 846
5311 847
12249 848
7266 849
9249 850
11620 851
2441 852
820 853
11845 854
9461 855
7098 856
11810 857
7267 858
11122 859
1517 860
3040 861
10008 862
896 863
5923 864
10363 865
7947 866
1925 867
10068 868
8923 869
6101 870
1949 871
11148 872
3777 873
6081 874
2418 875
9967 876
490 877
9464 878
8893 879
3813 880
2252 881
4572 882
5218 883
3972 884
3704 885
4625 886
5485 887
5789 888
10978 889
11520 890
2893 891
3253 892
9013 893
10257 894
2784 895
8109 896
667 897
5859 898
6711 899
5519 900
3772 901
10603 902
9358 903
8292 904
236 905
649 906
6313 907
6502 908
775 909
8968 910
8285 911
3671 912
6241 913
7017 914
9162 915
2280 916
5030 917
10762 918
6612 919
4687 920
6566 921
487 922
8269 923
10445 924
4561 925
4232 926
9367 927
8302 928
2854 929
11069 930
7416 931
4803 932
9789 933
4961 934
6264 935
10706 936
2306 937
8862 938
4986 939
6079 940
5111 941
11774 942
10965 943
11627 944
295 945
34 946
10853 947
6494 948
5885 949
4519 950
772 951
5938 952
1166 953
875 954
801 955
422 956
8602 957
12354 958
7066 959
7334 960
3984 961
7043 962
1603 963
10005 964
9579 965
2788 966
1915 967
11159 968
9474 969
1060 970
262 971
3172 972
6392 973
7289 974
9437 975
1751 976
5748 977
1217 978
5381 979
123 980
4537 981
6148 982
1697 983
4358 984
3066 985
1653 986
3442 987
2706 988
5763 989
7516 990
10181 991
8610 992
8014 993
1087 994
8934 995
8144 996
3283 997
9414 998
417 999
7225 1000
1356 1001
316 1002
7341 1003
11100 1004
500 1005
3267 1006
5636 1007
5521 1008
9375 1009
8768 1010
6265 1011
5745 1012
10583 1013
5871 1014
6924 1015
1728 1016
11972 1017
11734 1018
4365 1019
4595 1020
1130 1021
5082 1022
6789 1023
8105 1024
10131 1025
9029 1026
7789 1027
6463 1028
211 1029
10911 1030
7625 1031
3585 1032
4027 1033
10642 1034
11645 1035
11469 1036
776 1037
3491 1038
2546 1039
10491 1040
9222 1041
2493 1042
9428 1043
9925 1044
8574 1045
10449 1046
6948 1047
8650 1048
12403 1049
12096 1050
8608 1051
9962 1052
10821 1053
12430 1054
8209 1055
6558 1056
8296 1057
8214 1058
298 1059
5407 1060
942 1061
9766 1062
6255 1063
9521 1064
1764 1065
6789 1066
9969 1067
12406 1068
829 1069
3450 1070
4526 1071
8672 1072
8089 1073
10636 1074
9105 1075
218 1076
5461 1077
8490 1078
6676 1079
5267 1080
3446 1081
5164 1082
5983 1083
10034 1084
1553 1085
9455 1086
8320 1087
12229 1088
4617 1089
3655 1090
11811 1091
953 1092
7894 1093
7019 1094
8018 1095
5955 1096
8822 1097
460 1098
4075 1099
2128 1100
8096 1101
2317 1102
157 1103
4188 1104
4137 1105
12036 1106
328 1107
4792 1108
1248 1109
8809 1110
3648 1111
11144 1112
8062 1113
6252 1114
6523 1115
7170 1116
881 1117
8212 1118
5120 1119
10977 1120
12358 1121
6029 1122
7584 1123
2760 1124
4345 1125
5707 1126
8977 1127
5118 1128
3919 1129
6173 1130
11097 1131
1239 1132
5700 1133
11238 1134
7480 1135
11724 1136
1891 1137
6704 1138
8274 1139
7758 1140
7978 1141
6272 1142
12407 1143
6624 1144
7085 1145
3782 1146
2806 1147
7439 1148
2437 1149
5679 1150
8144 1151
7262 1152
1224 1153
1725 1154
8301 1155
2669 1156
9100 1157
10178 1158
5698 1159
6768 1160
7154 1161
12024 1162
1096 1163
7036 1164
12098 1165
11324 1166
2784 1167
3125 1168
2250 1169
6217 1170
4773 1171
3180 1172
9691 1173
9170 1174
2453 1175
11578 1176
336 1177
1852 1178
7657 1179
6463 1180
1346 1181
4138 1182
8790 1183
2939 1184
61 1185
7467 1186
8521 1187
2926 1188
3486 1189
9072 1190
10968 1191
3561 1192
5454 1193
9108 1194
6327 1195
5663 1196
2215 1197
394 1198
2536 1199
5822 1200
5767 1201
1893 1202
1840 1203
1489 1204
3055 1205
10056 1206
10038 1207
1325 1208
9895 1209
3861 1210
4792 1211
7690 1212
4119 1213
11576 1214
8349 1215
11642 1216
5698 1217
8023 1218
5760 1219
3029 1220
6543 1221
5943 1222
4239 1223
4720 1224
269 1225
8611 1226
196 1227
9295 1228
4592 1229
7563 1230
6717 1231
6422 1232
894 1233
7291 1234
6498 1235
1135 1236
11905 1237
6941 1238
11689 1239
8997 1240
12136 1241
7313 1242
12152 1243
144 1244
8829 1245
2854 1246
1024 1247
4362 1248
12292 1249
