1250 750
10248 0
10506 1
2047 2
200 3
7265 4
10143 5
7479 6
10826 7
9362 8
2394 9
4324 10
4838 11
12436 12
2747 13
8401 14
1026 15
7833 16
3502 17
6721 18
10894 19
10220 20
2065 21
8734 22
12278 23
327 24
9802 25
1716 26
7307 27
720 28
3901 29
11138 30
5148 31
3560 32
1691 33
12308 34
8524 35
1924 36
12335 37
3128 38
8783 39
6338 40
9098 41
9298 42
8623 43
11616 44
2814 45
9714 46
6032 47
11107 48
4396 49
10435 50
3206 51
1998 52
7447 53
1434 54
1694 55
11891 56
5739 57
8834 58
4803 59
3766 60
3906 61
10604 62
1477 63
5720 64
1943 65
5004 66
6200 67
10697 68
4322 69
10627 70
1042 71
555 72
1791 73
8114 74
10910 75
5525 76
8044 77
7 78
8107 79
4457 80
6465 81
7540 82
11506 83
716 84
5236 85
5647 86
9045 87
10846 88
5211 89
311 90
3918 91
12006 92
12349 93
4361 94
11412 95
9646 96
5370 97
963 98
5595 99
8081 100
3674 101
2809 102
4035 103
7867 104
4056 105
73 106
2486 107
5671 108
4277 109
3566 110
6880 111
2548 112
2530 113
9450 114
3298 115
124 116
742 117
2422 118
10196 119
5974 120
7091 121
3726 122
1712 123
2670 124
641 125
5388 126
1854 127
2471 128
6862 129
7825 130
6381 131
5197 132
3955 133
899 134
4143 135
6263 136
9469 137
8256 138
10985 139
5864 140
10039 141
6156 142
1908 143
1023 144
4138 145
7534 146
3025 147
749 148
7514 149
7220 150
5995 151
11561 152
146 153
8774 154
4471 155
7473 156
12399 157
10391 158
11553 159
7440 160
2161 161
7645 162
6254 163
4272 164
9871 165
10079 166
2340 167
6322 168
10649 169
817 170
4180 171
10475 172
4221 173
11436 174
3078 175
2298 176
6188 177
3015 178
3440 179
6010 180
2153 181
4394 182
10607 183
9511 184
4877 185
10042 186
1979 187
3638 188
9725 189
2843 190
5005 191
10904 192
3272 193
5326 194
4975 195
6102 196
3993 197
4695 198
10179 199
7926 200
6480 201
878 202
3279 203
2972 204
826 205
2198 206
2415 207
7652 208
1513 209
4532 210
685 211
9352 212
4201 213
10469 214
7420 215
12346 216
3904 217
2017 218
8107 219
3790 220
9687 221
7325 222
6010 223
9014 224
12454 225
11812 226
7154 227
5035 228
10088 229
9065 230
4761 231
4018 232
8398 233
11084 234
11917 235
1832 236
6117 237
10321 238
9853 239
1567 240
1544 241
609 242
4344 243
532 244
288 245
6060 246
9490 247
5375 248
2857 249
8304 250
988 251
9188 252
1362 253
12235 254
7360 255
1514 256
600 257
7457 258
3413 259
5026 260
9206 261
11806 262
6739 263
214 264
4899 265
4981 266
7707 267
3613 268
10850 269
10448 270
5581 271
9827 272
6723 273
9739 274
11174 275
2182 276
2314 277
7683 278
6779 279
4300 280
10436 281
10160 282
9121 283
386 284
6795 285
6293 286
10659 287
1494 288
9154 289
2634 290
10670 291
6075 292
8325 293
10255 294
3050 295
10946 296
5630 297
10916 298
6189 299
1783 300
8985 301
7460 302
4829 303
3825 304
9081 305
6069 306
8808 307
12433 308
10005 309
3499 310
1739 311
6048 312
7249 313
5801 314
9858 315
6914 316
6719 317
5626 318
9067 319
10593 320
5371 321
6936 322
8551 323
4841 324
6868 325
5679 326
8961 327
3479 328
1593 329
138 330
3673 331
6620 332
7658 333
6092 334
302 335
5923 336
8335 337
10611 338
6835 339
2645 340
11840 341
9233 342
6604 343
3555 344
5053 345
8480 346
10383 347
11079 348
3507 349
6369 350
193 351
6481 352
241 353
9722 354
4537 355
4452 356
10610 357
7040 358
2330 359
11940 360
1246 361
2089 362
8264 363
11541 364
5286 365
2619 366
4108 367
765 368
737 369
4554 370
10533 371
9494 372
9044 373
4147 374
4811 375
11046 376
10170 377
6581 378
4141 379
5739 380
9052 381
8691 382
6946 383
9741 384
6780 385
4384 386
7275 387
12209 388
3546 389
1809 390
7869 391
4248 392
3313 393
12048 394
8376 395
8475 396
8514 397
3438 398
9015 399
10692 400
9891 401
660 402
6705 403
8731 404
9085 405
1237 406
4714 407
5886 408
11717 409
2303 410
4056 411
11954 412
744 413
10290 414
5034 415
10874 416
3915 417
11634 418
10335 419
6065 420
8923 421
2632 422
7269 423
1089 424
11693 425
4989 426
7403 427
5711 428
5625 429
1407 430
10563 431
1642 432
9236 433
10138 434
1904 435
6648 436
9933 437
10687 438
8947 439
2911 440
3504 441
2276 442
434 443
6018 444
2849 445
444 446
9659 447
5740 448
2096 449
8008 450
10329 451
7299 452
9458 453
2723 454
9719 455
12119 456
3784 457
10263 458
387 459
4569 460
2767 461
7572 462
7403 463
7778 464
11085 465
3657 466
11520 467
59 468
5596 469
8285 470
6572 471
6683 472
7055 473
3552 474
2286 475
1233 476
8398 477
10410 478
9738 479
4243 480
5257 481
10814 482
1861 483
12204 484
2670 485
1630 486
4327 487
2447 488
9950 489
820 490
5468 491
10288 492
11074 493
6352 494
3699 495
549 496
1331 497
10954 498
2417 499
11788 500
6675 501
4098 502
7590 503
5045 504
11685 505
8097 506
6389 507
9785 508
11601 509
3330 510
3300 511
9929 512
4071 513
10067 514
8302 515
12241 516
2537 517
12218 518
4694 519
2550 520
8547 521
9820 522
3381 523
11313 524
6444 525
12312 526
153 527
6998 528
292 529
4672 530
12311 531
4977 532
7716 533
7895 534
10714 535
4294 536
12356 537
5765 538
2720 539
376 540
11824 541
10020 542
11008 543
10917 544
5030 545
9201 546
2428 547
12059 548
4222 549
757 550
2308 551
4534 552
2500 553
9945 554
921 555
9870 556
6943 557
10794 558
11130 559
6512 560
12054 561
6431 562
2423 563
1223 564
11149 565
10165 566
5932 567
3538 568
7782 569
4999 570
9246 571
11930 572
6842 573
6741 574
1676 575
2639 576
853 577
4322 578
4759 579
3635 580
3206 581
7637 582
2897 583
1092 584
4199 585
4710 586
2724 587
8120 588
7801 589
5504 590
2709 591
2884 592
3432 593
6971 594
6255 595
4439 596
167 597
12443 598
6819 599
11347 600
2530 601
9646 602
2095 603
11172 604
11037 605
8567 606
7492 607
7290 608
1656 609
11222 610
11139 611
4077 612
9464 613
5565 614
7189 615
10282 616
10315 617
1347 618
7524 619
11602 620
6676 621
11230 622
3069 623
6841 624
8114 625
8762 626
7050 627
1207 628
3842 629
7026 630
3252 631
10668 632
10649 633
7310 634
3995 635
7375 636
7839 637
5514 638
11121 639
6260 640
5051 641
9404 642
3831 643
8200 644
2828 645
844 646
10512 647
10597 648
9864 649
4609 650
11039 651
5718 652
5010 653
966 654
5764 655
1259 656
12457 657
3022 658
3172 659
12226 660
1209 661
10676 662
9455 663
11897 664
8804 665
162 666
2704 667
1296 668
7981 669
10402 670
9540 671
6082 672
2539 673
4297 674
2355 675
12002 676
1283 677
5269 678
5825 679
6576 680
4614 681
5489 682
6925 683
11892 684
2500 685
3756 686
12248 687
10016 688
12424 689
407 690
5416 691
5249 692
3098 693
7229 694
1966 695
802 696
3079 697
4240 698
691 699
6740 700
8059 701
2557 702
2240 703
2222 704
578 705
12404 706
7588 707
3359 708
2960 709
2708 710
745 711
2704 712
12452 713
1011 714
1352 715
7142 716
10516 717
468 718
4443 719
2779 720
11081 721
10302 722
12291 723
10264 724
6514 725
7655 726
360 727
7434 728
5848 729
3248 730
2257 731
8749 732
6044 733
9448 734
1391 735
9435 736
8908 737
1866 738
2177 739
1044 740
9762 741
845 742
8785 743
9186 744
2085 745
1961 746
10249 747
9905 748
79 749
6622 750
792 751
10554 752
695 753
3161 754
6703 755
3564 756
3432 757
11027 758
9150 759
3144 760
8929 761
5758 762
679 763
6080 764
4690 765
358 766
3601 767
6144 768
11655 769
11565 770
7810 771
5837 772
10831 773
8039 774
416 775
190 776
2980 777
1374 778
2586 779
11918 780
5847 781
1035 782
3391 783
2591 784
12031 785
12265 786
2403 787
3588 788
10721 789
8825 790
1208 791
3052 792
10273 793
5564 794
10252 795
9678 796
2447 797
5303 798
9567 799
2236 800
12153 801
10821 802
7574 803
1893 804
6591 805
1918 806
10320 807
11613 808
8522 809
6279 810
10018 811
5231 812
11841 813
9283 814
2604 815
11093 816
12065 817
8731 818
3876 819
5268 820
6501 821
6223 822
1719 823
9122 824
2482 825
6731 826
11388 827
6754 828
9390 829
6817 830
2477 831
7947 832
6744 833
8951 834
3256 835
4741 836
5017 837
1234 838
12213 839
2835 840
7030 841
8624 842
1139 843
3555 844
5061 845
1658 846
2750 847
6427 848
9693 849
6249 850
2050 851
8316 852
5332 853
10383 854
8844 855
8533 856
1408 857
4544 858
9679 859
9491 860
10726 861
11456 862
10979 863
1470 864
6725 865
11381 866
2455 867
12449 868
2996 869
720 870
9162 871
7067 872
5460 873
8144 874
811 875
1843 876
8090 877
3739 878
8061 879
4841 880
6903 881
4523 882
6731 883
569 884
3759 885
2887 886
9185 887
9424 888
1486 889
9590 890
4668 891
5372 892
2052 893
11996 894
11371 895
1814 896
1567 897
3344 898
9401 899
3522 900
4906 901
5165 902
9845 903
1828 904
5313 905
9267 906
408 907
12201 908
6694 909
10743 910
8181 911
4536 912
9843 913
2017 914
654 915
5623 916
8619 917
5695 918
1536 919
12324 920
6818 921
9669 922
4140 923
76 924
1050 925
4398 926
6204 927
6355 928
1317 929
5121 930
11154 931
1202 932
1550 933
4398 934
6991 935
9759 936
7656 937
9955 938
6714 939
12220 940
2479 941
1745 942
12397 943
10311 944
11100 945
9843 946
11752 947
2345 948
10587 949
7118 950
6636 951
9012 952
11911 953
8027 954
10054 955
10513 956
10408 957
882 958
3963 959
11721 960
5641 961
3300 962
11953 963
3110 964
11547 965
4463 966
1887 967
10462 968
8650 969
9294 970
3984 971
10708 972
5442 973
9476 974
3234 975
6540 976
2463 977
9715 978
11995 979
8129 980
7277 981
6088 982
6572 983
3475 984
3969 985
12405 986
579 987
8572 988
7028 989
923 990
5637 991
11628 992
6899 993
7524 994
12168 995
1871 996
6085 997
9892 998
6305 999
8617 1000
5292 1001
7053 1002
11814 1003
12052 1004
414 1005
12103 1006
11471 1007
8430 1008
9823 1009
8237 1010
4319 1011
8942 1012
11034 1013
3119 1014
11426 1015
590 1016
5032 1017
1735 1018
5827 1019
4190 1020
9733 1021
1106 1022
2948 1023
4475 1024
9436 1025
7394 1026
6929 1027
6659 1028
8214 1029
2918 1030
2103 1031
4575 1032
11093 1033
2732 1034
11835 1035
1287 1036
2340 1037
582 1038
3448 1039
2359 1040
916 1041
1691 1042
2305 1043
5421 1044
11975 1045
3566 1046
3434 1047
11385 1048
7464 1049
4663 1050
5915 1051
1004 1052
973 1053
10570 1054
1212 1055
3357 1056
110 1057
6827 1058
6333 1059
6186 1060
3325 1061
4266 1062
6742 1063
12065 1064
10976 1065
10001 1066
10664 1067
1369 1068
8983 1069
5662 1070
10394 1071
9278 1072
1427 1073
4021 1074
7311 1075
734 1076
5263 1077
6258 1078
4925 1079
5077 1080
3629 1081
949 1082
12214 1083
3453 1084
6517 1085
4663 1086
948 1087
6967 1088
6699 1089
6222 1090
5360 1091
8589 1092
10691 1093
10035 1094
4808 1095
293 1096
6408 1097
8566 1098
3724 1099
2787 1100
9161 1101
3443 1102
6297 1103
6977 1104
295 1105
1711 1106
11427 1107
12475 1108
8154 1109
7035 1110
1668 1111
10346 1112
10888 1113
11343 1114
2403 1115
12036 1116
2536 1117
6766 1118
10733 1119
9791 1120
2981 1121
2365 1122
3778 1123
2489 1124
9357 1125
2490 1126
10000 1127
4296 1128
9575 1129
7986 1130
2190 1131
5644 1132
2326 1133
2855 1134
6380 1135
10043 1136
7698 1137
10288 1138
4090 1139
12422 1140
2322 1141
3358 1142
10413 1143
3375 1144
11648 1145
2109 1146
11327 1147
792 1148
1543 1149
3979 1150
11109 1151
3099 1152
1054 1153
6674 1154
5148 1155
956 1156
2854 1157
479 1158
4303 1159
5099 1160
11321 1161
4887 1162
7478 1163
10072 1164
11443 1165
6341 1166
4012 1167
4584 1168
6191 1169
8794 1170
11401 1171
6516 1172
4609 1173
8489 1174
11742 1175
8413 1176
7332 1177
1365 1178
5017 1179
3268 1180
5692 1181
1974 1182
294 1183
11542 1184
11429 1185
5308 1186
11842 1187
2214 1188
3761 1189
2015 1190
2991 1191
3065 1192
9225 1193
8116 1194
2433 1195
7285 1196
2415 1197
9814 1198
9239 1199
5447 1200
2126 1201
3100 1202
7079 1203
7058 1204
9310 1205
5671 1206
931 1207
6970 1208
161 1209
1663 1210
3328 1211
9229 1212
6718 1213
13 1214
11598 1215
6576 1216
4344 1217
8134 1218
9814 1219
12055 1220
9964 1221
9001 1222
8953 1223
2414 1224
7354 1225
5493 1226
7854 1227
1288 1228
8124 1229
1620 1230
11810 1231
5729 1232
207 1233
6864 1234
7549 1235
9166 1236
7384 1237
9035 1238
9954 1239
11573 1240
8213 1241
4672 1242
7896 1243
9363 1244
4240 1245
1911 1246
3225 1247
6780 1248
8720 1249
