150 650
195 0
65 1
928 2
74 3
785 4
83 5
190 6
789 7
1067 8
548 9
1368 10
299 11
85 12
1388 13
830 14
342 15
1183 16
161 17
46 18
597 19
891 20
1410 21
598 22
1340 23
489 24
914 25
22 26
967 27
1368 28
489 29
851 30
1241 31
749 32
160 33
622 34
319 35
519 36
1167 37
945 38
737 39
1448 40
190 41
914 42
1469 43
81 44
44 45
1219 46
260 47
824 48
1355 49
1246 50
162 51
484 52
990 53
1050 54
963 55
10 56
641 57
841 58
727 59
949 60
46 61
302 62
875 63
177 64
476 65
116 66
1310 67
629 68
440 69
211 70
959 71
435 72
1198 73
34 74
360 75
444 76
188 77
321 78
723 79
1003 80
1371 81
755 82
269 83
940 84
468 85
114 86
1126 87
1204 88
298 89
19 90
1462 91
1331 92
1189 93
967 94
188 95
91 96
1256 97
1365 98
704 99
129 100
1346 101
513 102
1462 103
646 104
491 105
1357 106
651 107
1068 108
203 109
1063 110
1430 111
204 112
575 113
1208 114
967 115
345 116
1219 117
1014 118
1460 119
386 120
1312 121
313 122
589 123
535 124
190 125
1116 126
858 127
1049 128
559 129
145 130
926 131
1093 132
91 133
1344 134
1323 135
3 136
798 137
803 138
472 139
1408 140
918 141
800 142
298 143
1259 144
624 145
741 146
832 147
741 148
9 149
