1400 1650
9946 0
13567 1
293 2
9030 3
2969 4
11309 5
11335 6
4866 7
13096 8
2718 9
3419 10
8427 11
11645 12
8484 13
8190 14
7703 15
6967 16
11582 17
5301 18
5583 19
6275 20
3731 21
393 22
11994 23
4352 24
8867 25
13666 26
11198 27
603 28
5077 29
127 30
12154 31
7619 32
4979 33
4237 34
4148 35
6429 36
1205 37
1324 38
11608 39
13101 40
10359 41
3345 42
2596 43
7612 44
8331 45
10812 46
9988 47
2741 48
6621 49
11157 50
9456 51
4042 52
4587 53
7581 54
479 55
11955 56
8037 57
13229 58
833 59
11690 60
4043 61
6402 62
6044 63
5252 64
10801 65
6997 66
12555 67
4484 68
5315 69
12650 70
13240 71
3070 72
11363 73
12685 74
12519 75
3495 76
1661 77
3106 78
10377 79
13566 80
7673 81
1121 82
3978 83
8764 84
6190 85
12940 86
10984 87
13239 88
8159 89
13599 90
11482 91
10423 92
13337 93
12076 94
8259 95
11546 96
10718 97
11247 98
854 99
4748 100
50 101
1910 102
12633 103
3084 104
3216 105
130 106
8729 107
243 108
983 109
5813 110
3822 111
7533 112
6662 113
2836 114
13639 115
9436 116
2706 117
8250 118
93 119
11217 120
2220 121
4514 122
5031 123
10167 124
7980 125
12117 126
9717 127
13241 128
6873 129
3689 130
1344 131
9219 132
12992 133
6379 134
324 135
8433 136
827 137
6759 138
9153 139
6033 140
3727 141
11300 142
11115 143
5027 144
5746 145
3403 146
5450 147
9651 148
5857 149
3746 150
12268 151
9586 152
3441 153
8865 154
752 155
10820 156
2681 157
1105 158
3988 159
11914 160
12334 161
13137 162
118 163
10329 164
5252 165
11371 166
1902 167
11265 168
5017 169
4759 170
8039 171
6931 172
502 173
8326 174
10026 175
7578 176
10570 177
8309 178
8888 179
9618 180
10211 181
2493 182
4184 183
13286 184
13042 185
2506 186
6332 187
8479 188
4261 189
6497 190
1617 191
5574 192
12985 193
361 194
3755 195
1861 196
13038 197
8919 198
4212 199
8518 200
4516 201
6837 202
1326 203
10206 204
13339 205
1172 206
10799 207
8457 208
13000 209
6055 210
5205 211
1618 212
11564 213
2713 214
4254 215
6758 216
8670 217
1697 218
1328 219
2940 220
10738 221
899 222
6914 223
7342 224
366 225
1909 226
8510 227
9356 228
2147 229
5522 230
12386 231
2228 232
5009 233
8304 234
2903 235
7238 236
5433 237
5175 238
5432 239
9216 240
2920 241
12513 242
4349 243
7122 244
9800 245
319 246
9195 247
12287 248
4567 249
12282 250
9757 251
7988 252
6500 253
10334 254
13926 255
13053 256
8370 257
71 258
3719 259
219 260
13559 261
8829 262
2344 263
10224 264
6045 265
13873 266
4331 267
6753 268
6066 269
2496 270
8263 271
4511 272
3757 273
9333 274
7560 275
12451 276
7682 277
12236 278
5320 279
10705 280
7488 281
9419 282
10492 283
6617 284
6420 285
13208 286
5151 287
12389 288
13630 289
2854 290
734 291
7361 292
12566 293
2911 294
215 295
1852 296
7624 297
10634 298
4172 299
4074 300
9152 301
9241 302
11971 303
1788 304
10964 305
11612 306
12838 307
11336 308
5113 309
11963 310
11207 311
11786 312
13121 313
12221 314
613 315
11330 316
13676 317
4885 318
1010 319
4917 320
5142 321
2964 322
3507 323
5625 324
9489 325
6219 326
1173 327
2888 328
9284 329
13628 330
182 331
6328 332
1001 333
13498 334
1828 335
4893 336
1676 337
7170 338
7383 339
7399 340
13814 341
9656 342
6542 343
7408 344
11105 345
3256 346
11443 347
1307 348
5892 349
5407 350
609 351
4183 352
7378 353
11439 354
5622 355
8269 356
8231 357
510 358
1580 359
12659 360
3288 361
12543 362
9831 363
12135 364
7283 365
6616 366
3714 367
11102 368
3715 369
7080 370
4107 371
12009 372
2080 373
12725 374
4671 375
1042 376
518 377
3202 378
175 379
12891 380
10391 381
2853 382
7011 383
1377 384
5341 385
4223 386
13970 387
13121 388
13796 389
3545 390
13303 391
11145 392
3930 393
5568 394
9346 395
12308 396
478 397
11666 398
3089 399
2338 400
13957 401
6143 402
3966 403
863 404
12450 405
13251 406
2033 407
3558 408
11578 409
13457 410
2212 411
8654 412
10760 413
13350 414
4898 415
589 416
9273 417
2617 418
5066 419
12003 420
5231 421
3380 422
3794 423
2162 424
9826 425
13730 426
12139 427
12239 428
4138 429
2873 430
8792 431
4264 432
13703 433
3593 434
10468 435
11805 436
8109 437
6896 438
7820 439
11919 440
13802 441
6683 442
10936 443
12938 444
10024 445
4101 446
13911 447
11251 448
7245 449
9604 450
8886 451
246 452
13806 453
12567 454
12604 455
333 456
11708 457
2227 458
13180 459
13390 460
7968 461
5981 462
10755 463
9429 464
4638 465
1495 466
5075 467
4231 468
6612 469
3740 470
11239 471
3717 472
809 473
11780 474
2480 475
7542 476
13364 477
10157 478
616 479
13609 480
10110 481
7369 482
3648 483
6455 484
12939 485
12349 486
10386 487
4406 488
3932 489
5611 490
11513 491
2411 492
636 493
8277 494
12776 495
13994 496
11184 497
6712 498
6713 499
6579 500
11880 501
9865 502
362 503
11361 504
5244 505
8775 506
8602 507
10567 508
11154 509
5684 510
11593 511
8069 512
6755 513
2868 514
1234 515
11629 516
10312 517
4634 518
10292 519
13294 520
11384 521
6349 522
4943 523
8841 524
28 525
6026 526
5393 527
8201 528
8816 529
11786 530
265 531
10645 532
8845 533
13095 534
9830 535
6621 536
7098 537
1050 538
4777 539
2351 540
6356 541
9468 542
1555 543
6258 544
8849 545
11446 546
1316 547
7284 548
1098 549
12739 550
5532 551
5656 552
8914 553
2304 554
1983 555
12918 556
254 557
5911 558
10874 559
2565 560
13230 561
6257 562
6555 563
904 564
488 565
5748 566
10109 567
4806 568
4839 569
13019 570
7711 571
4601 572
6614 573
10171 574
10010 575
9257 576
9856 577
9459 578
12454 579
9517 580
8133 581
4209 582
3260 583
13812 584
7206 585
5997 586
12383 587
7226 588
8421 589
8018 590
5106 591
3776 592
7399 593
9827 594
8884 595
3141 596
13594 597
10652 598
12982 599
6800 600
4530 601
3813 602
10001 603
6844 604
7639 605
12737 606
12454 607
6870 608
6506 609
6193 610
10008 611
6076 612
2550 613
4915 614
10167 615
9661 616
10895 617
12353 618
11462 619
4420 620
784 621
1484 622
7278 623
6893 624
155 625
4814 626
10824 627
4836 628
12259 629
3434 630
9639 631
8600 632
2855 633
5207 634
11228 635
8057 636
1801 637
2233 638
12674 639
3534 640
4565 641
5115 642
2437 643
1839 644
8893 645
2658 646
4943 647
7538 648
3644 649
8289 650
3130 651
10939 652
7817 653
5739 654
4830 655
1090 656
2067 657
4903 658
8840 659
5247 660
2932 661
10677 662
12949 663
3200 664
4127 665
13972 666
1403 667
8978 668
12410 669
5998 670
10229 671
919 672
4147 673
135 674
6254 675
417 676
12102 677
3018 678
434 679
1821 680
13032 681
2986 682
3938 683
5056 684
8437 685
3834 686
10303 687
12535 688
437 689
13710 690
5827 691
11160 692
8759 693
6124 694
8227 695
11761 696
13938 697
2864 698
4426 699
10363 700
11372 701
60 702
401 703
11018 704
13335 705
3011 706
2685 707
2950 708
6275 709
5876 710
9059 711
10363 712
4820 713
7507 714
3072 715
4745 716
8220 717
10887 718
4740 719
7147 720
8457 721
6168 722
5906 723
2478 724
478 725
7817 726
4378 727
2781 728
9100 729
3140 730
4225 731
5779 732
4216 733
12498 734
13307 735
5063 736
2808 737
7037 738
3550 739
13694 740
4595 741
13840 742
5622 743
7006 744
8572 745
12355 746
928 747
2131 748
7376 749
13247 750
7203 751
3944 752
1865 753
6939 754
7804 755
4337 756
6171 757
11665 758
3067 759
7949 760
9747 761
232 762
4601 763
774 764
997 765
13172 766
146 767
5128 768
701 769
13555 770
6239 771
1989 772
1228 773
5458 774
8573 775
2948 776
13679 777
4422 778
12884 779
6520 780
11326 781
6551 782
13289 783
9990 784
3619 785
10964 786
11011 787
12565 788
1277 789
10871 790
2197 791
9449 792
4379 793
9004 794
5070 795
6032 796
11532 797
7846 798
8945 799
13145 800
10920 801
660 802
12365 803
3730 804
13131 805
7013 806
10555 807
9256 808
3656 809
1758 810
6360 811
8637 812
13195 813
431 814
7579 815
7569 816
5931 817
6605 818
4558 819
13057 820
8792 821
4153 822
12565 823
3258 824
8907 825
157 826
12406 827
12764 828
12247 829
2956 830
13601 831
531 832
5397 833
4653 834
3421 835
457 836
9575 837
99 838
7 839
13056 840
1417 841
11897 842
11343 843
3906 844
10764 845
8245 846
1582 847
11684 848
11890 849
6111 850
9520 851
5833 852
11705 853
349 854
12847 855
6651 856
8798 857
4852 858
2261 859
11640 860
12755 861
8022 862
2011 863
12635 864
5137 865
10947 866
6957 867
3794 868
8332 869
9903 870
7474 871
9437 872
12508 873
6231 874
3610 875
13148 876
3994 877
3373 878
2953 879
10629 880
3845 881
7502 882
11555 883
5449 884
12888 885
561 886
922 887
13427 888
8958 889
9863 890
2845 891
2541 892
1787 893
4897 894
12786 895
4056 896
8286 897
13203 898
10511 899
11559 900
13842 901
1894 902
10436 903
4936 904
13439 905
12608 906
5406 907
1156 908
11968 909
10940 910
8200 911
12088 912
10055 913
2216 914
13579 915
6171 916
11195 917
4085 918
5106 919
9611 920
448 921
12062 922
1192 923
4825 924
6046 925
13351 926
3454 927
931 928
8759 929
9614 930
4742 931
3421 932
11031 933
3622 934
3102 935
4253 936
1106 937
9803 938
6410 939
11670 940
7621 941
2929 942
3050 943
9286 944
13192 945
7157 946
11649 947
8291 948
4009 949
7217 950
6140 951
4915 952
10772 953
8204 954
6127 955
2908 956
5723 957
11697 958
1414 959
8278 960
531 961
6062 962
8250 963
3718 964
8525 965
12637 966
3403 967
6816 968
13662 969
10241 970
13049 971
10753 972
2164 973
13063 974
13330 975
13021 976
11300 977
6404 978
6715 979
756 980
8920 981
3093 982
10002 983
3958 984
3665 985
2668 986
13254 987
2524 988
7295 989
2410 990
9079 991
5287 992
5767 993
5745 994
1198 995
10156 996
9685 997
9795 998
7120 999
10474 1000
1353 1001
7247 1002
11136 1003
8455 1004
2743 1005
4377 1006
3300 1007
10946 1008
9867 1009
7128 1010
11963 1011
4786 1012
4390 1013
10120 1014
5429 1015
6907 1016
9754 1017
8396 1018
11662 1019
8799 1020
12980 1021
12042 1022
5530 1023
730 1024
4601 1025
11767 1026
3383 1027
1328 1028
13811 1029
3419 1030
11733 1031
5934 1032
8193 1033
11699 1034
9145 1035
2866 1036
5319 1037
10738 1038
1938 1039
1005 1040
4437 1041
896 1042
13285 1043
1169 1044
3384 1045
12279 1046
8521 1047
3581 1048
4336 1049
5298 1050
1980 1051
4646 1052
2332 1053
9136 1054
4150 1055
10027 1056
13011 1057
4368 1058
8301 1059
11615 1060
2181 1061
7783 1062
6005 1063
11449 1064
1848 1065
8377 1066
10950 1067
11691 1068
7708 1069
1517 1070
2105 1071
7619 1072
9689 1073
4701 1074
13614 1075
214 1076
4559 1077
6354 1078
1341 1079
1511 1080
8098 1081
197 1082
8035 1083
266 1084
10850 1085
7762 1086
1709 1087
195 1088
1561 1089
2006 1090
9558 1091
6044 1092
5387 1093
9999 1094
9121 1095
707 1096
10702 1097
1537 1098
369 1099
10043 1100
3678 1101
665 1102
9200 1103
907 1104
2448 1105
10678 1106
6029 1107
11269 1108
5332 1109
13189 1110
13235 1111
12343 1112
11520 1113
9430 1114
6510 1115
6059 1116
289 1117
8719 1118
786 1119
6829 1120
12477 1121
4430 1122
6018 1123
11351 1124
921 1125
10236 1126
3834 1127
2048 1128
12981 1129
13227 1130
2502 1131
5181 1132
9758 1133
106 1134
2611 1135
2279 1136
4277 1137
11305 1138
6733 1139
2774 1140
7031 1141
6403 1142
5093 1143
13066 1144
8574 1145
2817 1146
1272 1147
11726 1148
11029 1149
7658 1150
7798 1151
13883 1152
3272 1153
1756 1154
11742 1155
9710 1156
100 1157
8949 1158
11054 1159
1611 1160
5062 1161
2056 1162
10664 1163
4256 1164
4072 1165
8097 1166
8300 1167
10056 1168
9744 1169
13967 1170
4762 1171
12968 1172
2149 1173
8865 1174
10341 1175
12514 1176
13799 1177
7964 1178
8420 1179
11491 1180
7569 1181
5099 1182
7055 1183
12572 1184
9082 1185
7064 1186
1393 1187
3091 1188
11491 1189
12023 1190
12663 1191
10138 1192
9765 1193
3113 1194
4965 1195
1982 1196
683 1197
5224 1198
2772 1199
11583 1200
7460 1201
2452 1202
12858 1203
13153 1204
13738 1205
7441 1206
10616 1207
4176 1208
3775 1209
6299 1210
12870 1211
7815 1212
11559 1213
10530 1214
2399 1215
4012 1216
11954 1217
3086 1218
3848 1219
9656 1220
10029 1221
7666 1222
4507 1223
8987 1224
6922 1225
7961 1226
2284 1227
323 1228
11629 1229
2431 1230
7360 1231
11345 1232
2035 1233
8965 1234
3647 1235
120 1236
9220 1237
3800 1238
8723 1239
10727 1240
2321 1241
3933 1242
3472 1243
2732 1244
2445 1245
9201 1246
1807 1247
5243 1248
8293 1249
13322 1250
7167 1251
11152 1252
4983 1253
7618 1254
4300 1255
3188 1256
4525 1257
11822 1258
13572 1259
3906 1260
5137 1261
13826 1262
12690 1263
10235 1264
5537 1265
7997 1266
3484 1267
11972 1268
4329 1269
2926 1270
383 1271
7566 1272
8045 1273
619 1274
13040 1275
1155 1276
9290 1277
8590 1278
4985 1279
13888 1280
11637 1281
6653 1282
10034 1283
8580 1284
10477 1285
1985 1286
12373 1287
9778 1288
546 1289
9470 1290
1434 1291
3862 1292
1450 1293
13442 1294
10373 1295
5917 1296
7435 1297
10894 1298
1521 1299
9645 1300
1067 1301
6836 1302
7323 1303
6200 1304
1703 1305
4628 1306
3113 1307
6398 1308
4719 1309
432 1310
10287 1311
8152 1312
7279 1313
12645 1314
6699 1315
8544 1316
36 1317
11458 1318
2264 1319
2078 1320
4229 1321
12338 1322
2440 1323
326 1324
1858 1325
9937 1326
3828 1327
1342 1328
11104 1329
13215 1330
5853 1331
9470 1332
8839 1333
4245 1334
2646 1335
6301 1336
5508 1337
10954 1338
59 1339
12352 1340
10919 1341
13688 1342
8215 1343
6874 1344
8255 1345
5380 1346
13912 1347
10064 1348
1051 1349
13871 1350
4692 1351
2341 1352
4242 1353
13079 1354
1373 1355
8392 1356
6027 1357
7418 1358
10637 1359
6260 1360
9125 1361
4698 1362
12962 1363
1573 1364
7825 1365
4181 1366
5947 1367
4209 1368
12336 1369
9494 1370
12988 1371
4714 1372
1504 1373
1638 1374
1861 1375
13462 1376
10492 1377
13519 1378
9463 1379
6722 1380
1233 1381
3185 1382
9656 1383
11513 1384
3651 1385
13409 1386
10993 1387
8769 1388
6750 1389
9018 1390
5867 1391
1589 1392
1787 1393
7193 1394
7673 1395
6493 1396
9278 1397
2210 1398
1620 1399
