1050 1350
2154 0
8473 1
7202 2
9596 3
3207 4
10445 5
5804 6
8659 7
4538 8
7668 9
1091 10
605 11
1405 12
7188 13
9875 14
3659 15
4347 16
5819 17
9626 18
4200 19
5884 20
4055 21
3865 22
9386 23
4335 24
1139 25
8198 26
3787 27
1301 28
6808 29
1449 30
9747 31
1767 32
4681 33
1225 34
703 35
4985 36
5496 37
7930 38
7483 39
1706 40
3454 41
9287 42
8208 43
10082 44
9942 45
8715 46
2389 47
3942 48
7685 49
8612 50
2072 51
324 52
5362 53
10308 54
4838 55
8581 56
8971 57
10474 58
2957 59
6927 60
7702 61
6682 62
9272 63
6025 64
10184 65
7995 66
9799 67
7202 68
4982 69
6588 70
6247 71
8863 72
4716 73
3239 74
9736 75
6907 76
7171 77
8975 78
2457 79
3234 80
3966 81
2691 82
3140 83
8552 84
6541 85
2791 86
3042 87
4119 88
2306 89
5667 90
8875 91
10370 92
9929 93
5009 94
8020 95
7487 96
4117 97
7961 98
4434 99
7653 100
3530 101
4790 102
3052 103
5361 104
37 105
9134 106
1236 107
7842 108
9645 109
1114 110
2057 111
1311 112
4849 113
10011 114
10007 115
5741 116
1942 117
8150 118
5071 119
1038 120
6474 121
5361 122
1369 123
3474 124
6048 125
3421 126
1712 127
2645 128
2831 129
3291 130
1688 131
7314 132
2607 133
6520 134
6402 135
4075 136
7538 137
6844 138
591 139
8042 140
6763 141
9083 142
3892 143
1037 144
8118 145
116 146
4169 147
9054 148
5777 149
1731 150
6471 151
790 152
9062 153
10378 154
6323 155
5970 156
5991 157
2011 158
3028 159
8583 160
8804 161
5972 162
2895 163
5768 164
391 165
9790 166
7097 167
2155 168
3305 169
10376 170
8187 171
5764 172
1924 173
3877 174
2611 175
8359 176
8221 177
3358 178
4249 179
9487 180
1387 181
10394 182
3120 183
3709 184
1858 185
10439 186
3447 187
2342 188
1507 189
6757 190
9960 191
9736 192
4559 193
4853 194
6135 195
9187 196
7252 197
2369 198
3896 199
4769 200
5391 201
655 202
8469 203
8007 204
9228 205
5249 206
6759 207
868 208
6124 209
9763 210
1255 211
1509 212
2380 213
797 214
2934 215
8249 216
3633 217
6176 218
9271 219
2758 220
7189 221
10148 222
10299 223
173 224
9639 225
294 226
3811 227
5443 228
2411 229
9941 230
8978 231
283 232
3272 233
2007 234
166 235
1464 236
6840 237
1344 238
7411 239
6966 240
8986 241
7790 242
4540 243
5964 244
4081 245
4198 246
10333 247
10081 248
6076 249
3577 250
6683 251
6005 252
3889 253
4928 254
5510 255
3761 256
5100 257
9696 258
716 259
5826 260
2047 261
120 262
7032 263
4019 264
1612 265
2666 266
5962 267
8005 268
8259 269
5976 270
319 271
8915 272
3822 273
307 274
4516 275
3773 276
3312 277
9530 278
1239 279
1579 280
5312 281
689 282
6278 283
1969 284
6503 285
7935 286
9876 287
3735 288
2437 289
5002 290
8254 291
2136 292
49 293
6522 294
7459 295
9287 296
134 297
6199 298
3766 299
3238 300
3842 301
6484 302
6737 303
10219 304
1310 305
5982 306
948 307
2316 308
19 309
7308 310
3689 311
9266 312
9457 313
7097 314
560 315
9625 316
5746 317
10269 318
6706 319
7735 320
637 321
8352 322
4394 323
1003 324
290 325
5750 326
8812 327
3792 328
9493 329
6275 330
9796 331
6200 332
21 333
7917 334
4940 335
113 336
10122 337
5085 338
9669 339
1578 340
2995 341
4701 342
2159 343
6868 344
872 345
5131 346
4218 347
4222 348
4206 349
9678 350
6649 351
508 352
6141 353
1168 354
6604 355
3881 356
4155 357
1007 358
1117 359
4971 360
866 361
6526 362
6721 363
5025 364
7188 365
7877 366
7331 367
10228 368
2494 369
6180 370
2972 371
671 372
5225 373
10005 374
3780 375
4654 376
9706 377
9969 378
8179 379
3026 380
436 381
6294 382
4041 383
7886 384
201 385
4833 386
9886 387
6745 388
2243 389
535 390
8280 391
182 392
3670 393
5418 394
6238 395
6804 396
8952 397
5941 398
2091 399
7991 400
4466 401
83 402
5015 403
3494 404
284 405
1356 406
8600 407
1168 408
4081 409
4732 410
4788 411
675 412
5807 413
9343 414
1340 415
6262 416
8977 417
10481 418
5963 419
3858 420
5397 421
2052 422
6269 423
2619 424
6782 425
840 426
61 427
848 428
50 429
5609 430
9559 431
8525 432
5505 433
9219 434
331 435
2519 436
1308 437
9168 438
6191 439
9447 440
5965 441
3718 442
2222 443
1032 444
5921 445
7055 446
6468 447
3649 448
9244 449
8562 450
1038 451
4868 452
6454 453
3765 454
9619 455
298 456
6643 457
337 458
7021 459
7162 460
9943 461
9732 462
1190 463
8259 464
7164 465
1761 466
7368 467
123 468
4351 469
2581 470
5380 471
4834 472
7524 473
2500 474
7414 475
8699 476
7695 477
121 478
4904 479
395 480
6398 481
5063 482
3333 483
9653 484
4247 485
4932 486
7397 487
3381 488
4485 489
5098 490
4134 491
9270 492
10392 493
7063 494
118 495
3365 496
6197 497
1139 498
1867 499
3387 500
6350 501
10089 502
4196 503
2683 504
10313 505
2891 506
5645 507
1899 508
2160 509
9046 510
1385 511
6642 512
3512 513
3583 514
8790 515
1823 516
6348 517
821 518
10178 519
8881 520
4234 521
8043 522
9358 523
10034 524
4964 525
2861 526
8012 527
1492 528
2436 529
8365 530
9486 531
1870 532
369 533
6348 534
4245 535
1164 536
4624 537
7793 538
2873 539
9774 540
1092 541
7329 542
7618 543
4177 544
5408 545
4482 546
5761 547
6562 548
5316 549
5119 550
10213 551
6350 552
9275 553
4905 554
2645 555
1661 556
4511 557
4298 558
3317 559
5980 560
8145 561
5820 562
7071 563
2995 564
5132 565
7239 566
350 567
10424 568
5857 569
1775 570
7453 571
9897 572
1243 573
5149 574
1173 575
379 576
5026 577
6388 578
8782 579
8233 580
9138 581
1313 582
300 583
4586 584
1799 585
1563 586
7197 587
3750 588
1310 589
7046 590
1095 591
4988 592
8892 593
10338 594
4712 595
7447 596
5504 597
7999 598
7986 599
9208 600
9842 601
8740 602
2243 603
1564 604
1657 605
7904 606
5247 607
2054 608
8510 609
4160 610
10343 611
5181 612
6871 613
8349 614
3855 615
5480 616
2408 617
6287 618
3906 619
8907 620
1105 621
9440 622
9129 623
8498 624
1809 625
180 626
7465 627
10383 628
2 629
7998 630
2484 631
2613 632
10394 633
8213 634
3309 635
3315 636
1124 637
6183 638
10007 639
7980 640
5378 641
7330 642
4583 643
2602 644
1381 645
9633 646
10144 647
8408 648
10049 649
7977 650
2591 651
7913 652
4435 653
439 654
5722 655
1174 656
2118 657
480 658
2896 659
4941 660
3764 661
4452 662
9605 663
7214 664
9511 665
443 666
6007 667
2448 668
2948 669
5112 670
9026 671
8007 672
7803 673
2498 674
2017 675
7469 676
1918 677
176 678
192 679
7116 680
2691 681
47 682
5552 683
10100 684
3825 685
3241 686
6346 687
773 688
9296 689
9624 690
5739 691
6191 692
373 693
5048 694
4920 695
9419 696
3890 697
2385 698
5089 699
2594 700
7897 701
8526 702
9774 703
583 704
6612 705
5412 706
3674 707
9023 708
7304 709
6348 710
7020 711
5483 712
6033 713
8048 714
10403 715
7514 716
4558 717
497 718
2866 719
3959 720
822 721
2950 722
1161 723
6845 724
7350 725
5555 726
3356 727
3837 728
5864 729
5129 730
2939 731
3063 732
9560 733
6991 734
5519 735
10342 736
1209 737
2013 738
5089 739
9940 740
5573 741
576 742
10050 743
6559 744
6479 745
8159 746
1943 747
8237 748
9618 749
8578 750
1006 751
882 752
3816 753
2962 754
871 755
4532 756
7515 757
7984 758
8486 759
10188 760
5591 761
7112 762
9505 763
8106 764
636 765
351 766
5052 767
3195 768
2894 769
7538 770
7464 771
2091 772
2265 773
5044 774
1295 775
5940 776
6730 777
7645 778
4858 779
7867 780
960 781
6320 782
9345 783
2672 784
7566 785
5279 786
6065 787
4140 788
4488 789
7 790
1908 791
5844 792
4996 793
5213 794
1104 795
1433 796
7247 797
815 798
745 799
3910 800
9238 801
8425 802
7568 803
2382 804
4442 805
1238 806
10005 807
1580 808
7205 809
8690 810
9900 811
9692 812
4606 813
5078 814
479 815
10414 816
2925 817
4835 818
5174 819
3 820
4642 821
4304 822
7303 823
1912 824
5099 825
5107 826
1630 827
244 828
6665 829
10259 830
9839 831
9256 832
4867 833
3162 834
8673 835
9467 836
6718 837
9404 838
3266 839
3398 840
8333 841
9819 842
4600 843
5086 844
5374 845
5653 846
7394 847
6254 848
7651 849
6142 850
2126 851
3706 852
2370 853
5063 854
9998 855
4757 856
6040 857
2087 858
8518 859
6985 860
9435 861
5566 862
9388 863
7445 864
5675 865
4257 866
8813 867
627 868
5228 869
7037 870
1926 871
3180 872
5113 873
6824 874
4074 875
6801 876
786 877
9799 878
9708 879
4600 880
721 881
5391 882
5219 883
8157 884
5306 885
3952 886
7021 887
4230 888
2795 889
2909 890
8665 891
9356 892
5836 893
7114 894
8787 895
2161 896
3682 897
4076 898
8190 899
7154 900
8314 901
2561 902
727 903
585 904
9063 905
10329 906
5188 907
3892 908
6310 909
6729 910
2802 911
1966 912
9898 913
4115 914
9521 915
6760 916
3629 917
4883 918
99 919
1242 920
9927 921
6017 922
2824 923
7765 924
4285 925
1610 926
6996 927
7203 928
9304 929
4084 930
8493 931
7281 932
6111 933
8337 934
5159 935
864 936
3707 937
327 938
4349 939
2851 940
8254 941
442 942
1046 943
9466 944
665 945
6174 946
6147 947
2439 948
2223 949
8394 950
4455 951
1563 952
5266 953
860 954
3420 955
1311 956
4906 957
3549 958
2763 959
572 960
6833 961
4558 962
4151 963
5126 964
2725 965
9513 966
241 967
10387 968
38 969
2875 970
7895 971
3277 972
9126 973
3386 974
6081 975
1495 976
5804 977
2878 978
7079 979
9991 980
4438 981
9362 982
3033 983
1360 984
5587 985
9520 986
6647 987
2389 988
183 989
6144 990
4966 991
7810 992
6424 993
5825 994
6137 995
8404 996
9571 997
8573 998
3656 999
2170 1000
4977 1001
2637 1002
7268 1003
5365 1004
2830 1005
4412 1006
7681 1007
372 1008
2310 1009
10337 1010
4603 1011
1886 1012
1552 1013
3794 1014
2521 1015
9657 1016
4270 1017
4953 1018
4966 1019
9025 1020
8848 1021
1673 1022
3317 1023
9595 1024
8639 1025
5340 1026
3389 1027
3386 1028
3092 1029
7434 1030
540 1031
140 1032
3353 1033
9143 1034
7971 1035
3128 1036
3214 1037
3813 1038
1589 1039
7140 1040
1343 1041
2927 1042
8663 1043
3262 1044
7048 1045
4627 1046
1097 1047
2377 1048
8199 1049
