150 1500
911 0
30 1
694 2
94 3
121 4
780 5
1408 6
731 7
1269 8
1360 9
524 10
660 11
795 12
211 13
465 14
1304 15
1082 16
90 17
264 18
102 19
553 20
1057 21
626 22
1453 23
1124 24
261 25
894 26
250 27
1189 28
614 29
977 30
963 31
912 32
391 33
320 34
1106 35
309 36
1474 37
329 38
981 39
821 40
93 41
1280 42
156 43
782 44
37 45
93 46
416 47
1010 48
545 49
1188 50
1298 51
201 52
215 53
1057 54
12 55
229 56
481 57
1135 58
1071 59
1394 60
643 61
1280 62
146 63
499 64
160 65
210 66
277 67
1424 68
822 69
988 70
615 71
711 72
1055 73
1343 74
1335 75
944 76
76 77
766 78
1412 79
26 80
589 81
33 82
385 83
633 84
980 85
1072 86
108 87
1445 88
1122 89
589 90
1320 91
1176 92
1468 93
395 94
751 95
415 96
970 97
530 98
318 99
311 100
899 101
30 102
186 103
126 104
540 105
1387 106
337 107
364 108
1409 109
890 110
253 111
562 112
32 113
437 114
1160 115
105 116
308 117
1175 118
920 119
872 120
1407 121
345 122
599 123
448 124
855 125
1027 126
161 127
825 128
902 129
52 130
917 131
737 132
460 133
532 134
303 135
780 136
925 137
1257 138
124 139
214 140
1257 141
606 142
702 143
791 144
1082 145
701 146
166 147
235 148
306 149
