1650 1100
2543 0
7684 1
9099 2
1143 3
11018 4
12624 5
2937 6
11874 7
12463 8
5342 9
9899 10
222 11
8229 12
4917 13
1604 14
2856 15
5833 16
11863 17
13773 18
7527 19
9598 20
1148 21
461 22
2382 23
13742 24
13758 25
3415 26
9406 27
9432 28
7916 29
11695 30
8693 31
3668 32
15866 33
5359 34
7178 35
12084 36
11910 37
5657 38
13476 39
3690 40
5137 41
10498 42
2053 43
7805 44
2299 45
2558 46
2643 47
10888 48
4383 49
4779 50
3275 51
3504 52
7427 53
11005 54
4279 55
3625 56
15756 57
6149 58
5171 59
10244 60
2318 61
14437 62
4233 63
15244 64
7789 65
1326 66
15736 67
13695 68
13241 69
11260 70
14187 71
12375 72
7949 73
15372 74
16461 75
4548 76
1204 77
14187 78
9510 79
15424 80
13986 81
2903 82
1792 83
12277 84
1194 85
10041 86
7849 87
10844 88
296 89
14456 90
11107 91
6042 92
10534 93
5432 94
12207 95
1147 96
6013 97
12183 98
5244 99
9703 100
521 101
11687 102
1072 103
6017 104
3881 105
6972 106
1454 107
6522 108
12097 109
2513 110
16451 111
10251 112
6627 113
14106 114
10950 115
9784 116
15888 117
1637 118
13513 119
11100 120
3683 121
6070 122
8928 123
2069 124
8603 125
9621 126
7580 127
7356 128
12465 129
1812 130
13157 131
14889 132
11410 133
6290 134
4508 135
5886 136
2135 137
9576 138
11540 139
1149 140
15936 141
4119 142
529 143
2805 144
8625 145
9913 146
11721 147
12397 148
12845 149
9384 150
3933 151
290 152
9294 153
204 154
4150 155
15519 156
3587 157
5353 158
5473 159
2470 160
13415 161
10546 162
6743 163
16295 164
4536 165
15670 166
5937 167
13194 168
3611 169
3257 170
11298 171
9307 172
15110 173
8019 174
5334 175
9649 176
3194 177
10014 178
2123 179
1616 180
7028 181
2652 182
6478 183
2353 184
5401 185
15952 186
13206 187
15350 188
13580 189
10075 190
13096 191
12946 192
717 193
7775 194
9389 195
15950 196
8571 197
4331 198
13686 199
5492 200
11807 201
12213 202
14877 203
15931 204
2488 205
14547 206
15680 207
3284 208
1266 209
9415 210
12855 211
11640 212
10152 213
10142 214
4212 215
954 216
1259 217
14663 218
12079 219
4117 220
3941 221
14830 222
6157 223
11357 224
1742 225
16159 226
10152 227
12600 228
11703 229
11871 230
15479 231
8019 232
2981 233
4258 234
3437 235
2729 236
9152 237
12460 238
4563 239
14954 240
4038 241
2290 242
5687 243
8535 244
9426 245
13571 246
6953 247
2365 248
4898 249
11102 250
6026 251
10012 252
8663 253
12164 254
4845 255
1632 256
13580 257
1156 258
13304 259
4299 260
12254 261
15105 262
1526 263
13801 264
9678 265
3946 266
9184 267
6324 268
616 269
3767 270
15294 271
4641 272
11324 273
11199 274
11250 275
14463 276
33 277
11533 278
5361 279
16225 280
13781 281
15296 282
12576 283
4813 284
5141 285
2106 286
3086 287
6908 288
15898 289
7769 290
5267 291
10200 292
9348 293
12636 294
897 295
7860 296
7026 297
442 298
14775 299
4258 300
13133 301
4601 302
4369 303
13121 304
14601 305
3152 306
260 307
14793 308
13844 309
194 310
15556 311
6863 312
360 313
5963 314
8447 315
5831 316
1657 317
5087 318
9454 319
13582 320
7942 321
6876 322
7907 323
2773 324
4630 325
15247 326
15303 327
532 328
369 329
10829 330
1971 331
11360 332
13578 333
15021 334
558 335
15438 336
11998 337
8301 338
911 339
14403 340
10318 341
3729 342
14237 343
8051 344
2239 345
3426 346
737 347
3316 348
6425 349
7709 350
14741 351
191 352
16141 353
6086 354
13340 355
10511 356
3083 357
2474 358
10691 359
5367 360
4994 361
14206 362
13712 363
4140 364
7527 365
11619 366
6198 367
13632 368
11836 369
3601 370
10468 371
6567 372
12447 373
10753 374
6145 375
3565 376
5927 377
5441 378
12262 379
10146 380
1714 381
9905 382
9202 383
7252 384
14099 385
1807 386
15660 387
11379 388
4337 389
15645 390
10960 391
13828 392
770 393
7934 394
1914 395
1990 396
14923 397
9889 398
2223 399
11198 400
12642 401
9626 402
4794 403
3736 404
3998 405
744 406
3340 407
6809 408
710 409
676 410
7403 411
10092 412
12584 413
3346 414
4543 415
9030 416
5988 417
632 418
11398 419
1175 420
15506 421
5461 422
11345 423
2915 424
13777 425
15119 426
4709 427
191 428
6800 429
2911 430
5022 431
6483 432
2940 433
5019 434
11686 435
10382 436
3094 437
3524 438
323 439
12834 440
2001 441
11753 442
15573 443
345 444
6136 445
2882 446
9561 447
6439 448
8386 449
15056 450
12603 451
11811 452
4518 453
1575 454
15998 455
7247 456
4053 457
9636 458
14600 459
10920 460
7326 461
14325 462
911 463
11183 464
1419 465
2299 466
10488 467
11210 468
3895 469
6986 470
10191 471
388 472
16308 473
14550 474
3761 475
11621 476
8293 477
9378 478
13175 479
11272 480
5559 481
15774 482
2761 483
2421 484
13200 485
13073 486
8113 487
5479 488
15340 489
5326 490
131 491
1062 492
2559 493
10919 494
5523 495
2858 496
12343 497
16385 498
4879 499
14411 500
788 501
10353 502
6162 503
10603 504
14678 505
8985 506
15702 507
16048 508
4874 509
12017 510
11329 511
887 512
9519 513
7847 514
7825 515
4193 516
9932 517
15801 518
10967 519
2900 520
8842 521
9386 522
1433 523
2627 524
11751 525
10234 526
14835 527
9104 528
14307 529
2414 530
14151 531
8116 532
15213 533
12996 534
6807 535
3942 536
1400 537
15797 538
9502 539
3219 540
12072 541
15845 542
3492 543
13193 544
4852 545
15398 546
9171 547
14020 548
1704 549
12367 550
11864 551
3357 552
2925 553
5402 554
3608 555
1567 556
14618 557
3659 558
1939 559
1360 560
3640 561
4400 562
6510 563
169 564
4774 565
11181 566
1608 567
4551 568
7781 569
11353 570
12162 571
9412 572
16247 573
9217 574
6082 575
12571 576
10271 577
6563 578
12788 579
8240 580
15789 581
11332 582
11558 583
2395 584
5231 585
5830 586
15234 587
14747 588
759 589
3860 590
14127 591
10885 592
5720 593
7237 594
5903 595
14763 596
15596 597
8676 598
1617 599
13363 600
12172 601
11554 602
2276 603
2109 604
15675 605
2433 606
11755 607
15543 608
3626 609
2541 610
5373 611
13352 612
6593 613
16345 614
11817 615
9260 616
8455 617
5031 618
15489 619
1387 620
11650 621
4217 622
13922 623
15369 624
11216 625
5977 626
14770 627
16453 628
691 629
15944 630
8094 631
9089 632
2214 633
14071 634
2673 635
7070 636
12111 637
454 638
8551 639
8243 640
14256 641
16061 642
2680 643
8921 644
14039 645
6138 646
14449 647
5141 648
758 649
6054 650
2538 651
4702 652
11050 653
8589 654
14854 655
14111 656
1979 657
11757 658
14812 659
14401 660
5951 661
9048 662
10274 663
7527 664
11938 665
1928 666
13152 667
13762 668
5740 669
2301 670
6962 671
493 672
13621 673
4252 674
4775 675
16210 676
13559 677
12390 678
1525 679
9385 680
354 681
14410 682
11383 683
11541 684
15743 685
2959 686
6557 687
11158 688
11501 689
1680 690
755 691
1255 692
1347 693
4017 694
14243 695
6608 696
4412 697
8804 698
2496 699
13405 700
12060 701
3773 702
10469 703
12350 704
3126 705
6861 706
4004 707
15800 708
14492 709
10165 710
8215 711
6148 712
14692 713
10398 714
7421 715
8177 716
7015 717
797 718
5330 719
2710 720
13822 721
10041 722
16322 723
15732 724
4598 725
1833 726
3018 727
14214 728
9956 729
3969 730
9987 731
10311 732
799 733
14224 734
8327 735
1116 736
8574 737
7703 738
7667 739
15413 740
11251 741
3054 742
7545 743
187 744
11012 745
12788 746
14051 747
6861 748
3799 749
16061 750
621 751
390 752
4021 753
3067 754
5737 755
12095 756
4127 757
12943 758
11795 759
4274 760
5040 761
6748 762
673 763
7696 764
4589 765
11066 766
12816 767
7795 768
8417 769
7394 770
1183 771
5928 772
12524 773
2570 774
987 775
11492 776
15516 777
5770 778
1084 779
11105 780
3675 781
12300 782
14337 783
4295 784
11243 785
9354 786
579 787
11100 788
7983 789
6342 790
8496 791
1943 792
14604 793
14905 794
526 795
11162 796
5148 797
13794 798
12370 799
3011 800
4476 801
463 802
13046 803
5488 804
6957 805
9766 806
8171 807
2322 808
12042 809
3252 810
6525 811
12100 812
11873 813
9518 814
604 815
14613 816
10655 817
4330 818
11110 819
12328 820
7175 821
1238 822
14808 823
12499 824
11909 825
1396 826
3721 827
1122 828
9661 829
16205 830
10679 831
816 832
15022 833
14178 834
313 835
4262 836
13102 837
5507 838
13419 839
12838 840
7923 841
10788 842
15209 843
7078 844
11014 845
15516 846
6335 847
428 848
9218 849
3526 850
8988 851
13290 852
5993 853
16202 854
2741 855
10168 856
69 857
13881 858
12006 859
4974 860
780 861
8055 862
10072 863
13022 864
6802 865
11670 866
14932 867
3687 868
2203 869
4138 870
10492 871
11484 872
7033 873
5765 874
14171 875
12381 876
7532 877
720 878
13067 879
2863 880
5641 881
16159 882
2523 883
14082 884
8373 885
262 886
15207 887
9092 888
4911 889
6242 890
7240 891
10125 892
14997 893
12794 894
7814 895
10192 896
12789 897
16425 898
15203 899
6522 900
2624 901
9481 902
16424 903
9280 904
11883 905
8953 906
360 907
8418 908
16226 909
1606 910
11659 911
6594 912
7033 913
11044 914
13531 915
12122 916
15393 917
14052 918
11631 919
16213 920
3438 921
7341 922
6383 923
4721 924
4638 925
14457 926
14168 927
3953 928
11682 929
8448 930
3988 931
1680 932
531 933
9041 934
12346 935
12041 936
13229 937
4378 938
3526 939
6832 940
1092 941
9043 942
3880 943
9458 944
14516 945
13744 946
3290 947
7225 948
12691 949
4908 950
12809 951
5024 952
7368 953
2434 954
3499 955
15283 956
1150 957
12382 958
9157 959
3365 960
7438 961
14162 962
11403 963
11323 964
10878 965
6851 966
10936 967
1981 968
8745 969
731 970
10637 971
6041 972
1318 973
9976 974
5963 975
10465 976
6349 977
6716 978
5336 979
16063 980
5240 981
4629 982
6409 983
8662 984
11217 985
2773 986
5195 987
12674 988
2303 989
813 990
15697 991
13185 992
3745 993
14873 994
11298 995
1300 996
1646 997
8207 998
13258 999
11861 1000
12614 1001
15905 1002
3610 1003
14309 1004
7253 1005
2845 1006
7768 1007
11443 1008
9145 1009
5139 1010
7354 1011
11857 1012
455 1013
13422 1014
9797 1015
10634 1016
8806 1017
3971 1018
7976 1019
13037 1020
12952 1021
7094 1022
5939 1023
5473 1024
6482 1025
15862 1026
587 1027
7354 1028
7940 1029
2846 1030
1577 1031
7740 1032
7877 1033
405 1034
15809 1035
73 1036
6936 1037
9127 1038
12873 1039
11543 1040
2725 1041
6612 1042
9339 1043
4812 1044
7629 1045
13463 1046
645 1047
1107 1048
1963 1049
12481 1050
12109 1051
2455 1052
5690 1053
1906 1054
1203 1055
64 1056
7074 1057
11159 1058
14184 1059
1515 1060
13389 1061
12585 1062
13675 1063
1512 1064
13107 1065
2298 1066
11342 1067
12488 1068
5269 1069
15787 1070
16306 1071
8234 1072
11799 1073
5662 1074
11201 1075
6261 1076
10048 1077
16226 1078
24 1079
1932 1080
1835 1081
5409 1082
9357 1083
15849 1084
10982 1085
1942 1086
13011 1087
13454 1088
791 1089
1288 1090
7949 1091
1638 1092
3891 1093
15497 1094
1268 1095
10950 1096
14478 1097
15574 1098
8712 1099
4595 1100
15027 1101
8267 1102
5332 1103
11424 1104
3520 1105
14957 1106
3049 1107
12531 1108
5646 1109
12790 1110
11692 1111
2606 1112
4354 1113
4394 1114
965 1115
3476 1116
13634 1117
2249 1118
13930 1119
11977 1120
221 1121
3809 1122
3146 1123
10257 1124
13302 1125
16318 1126
1650 1127
15107 1128
6941 1129
9050 1130
11779 1131
1201 1132
8560 1133
2256 1134
8132 1135
677 1136
15251 1137
10238 1138
15585 1139
5697 1140
643 1141
3981 1142
16154 1143
13755 1144
4815 1145
15634 1146
10083 1147
12250 1148
8920 1149
1890 1150
5945 1151
16045 1152
13056 1153
11857 1154
12814 1155
6978 1156
12337 1157
3794 1158
11696 1159
1490 1160
56 1161
9415 1162
5630 1163
10676 1164
15045 1165
16487 1166
5083 1167
2459 1168
10394 1169
9850 1170
13753 1171
15669 1172
13263 1173
9822 1174
1222 1175
3745 1176
15290 1177
15874 1178
5944 1179
14318 1180
10957 1181
830 1182
9174 1183
15589 1184
7097 1185
5340 1186
5280 1187
11942 1188
9060 1189
906 1190
11299 1191
13892 1192
8533 1193
2749 1194
2773 1195
16148 1196
16042 1197
7262 1198
1803 1199
3116 1200
949 1201
5574 1202
746 1203
6074 1204
732 1205
5671 1206
14267 1207
11148 1208
4940 1209
8493 1210
5663 1211
12976 1212
7975 1213
5217 1214
2950 1215
6007 1216
4202 1217
7189 1218
5973 1219
9586 1220
2126 1221
13191 1222
6089 1223
12552 1224
10560 1225
15467 1226
5118 1227
875 1228
12136 1229
15926 1230
14243 1231
15814 1232
2381 1233
8221 1234
9402 1235
1531 1236
6991 1237
2501 1238
10148 1239
10956 1240
8562 1241
13603 1242
10368 1243
14297 1244
2119 1245
433 1246
1328 1247
9562 1248
15264 1249
15285 1250
13199 1251
1142 1252
7426 1253
1237 1254
4388 1255
10467 1256
12605 1257
14792 1258
7098 1259
4360 1260
15326 1261
15139 1262
16208 1263
2440 1264
2272 1265
16022 1266
11220 1267
9322 1268
16345 1269
9654 1270
49 1271
10362 1272
4350 1273
1035 1274
513 1275
14452 1276
3916 1277
12526 1278
2425 1279
1901 1280
1635 1281
369 1282
3834 1283
7118 1284
10583 1285
10766 1286
744 1287
9685 1288
10726 1289
10246 1290
4211 1291
14287 1292
7675 1293
8250 1294
13431 1295
10170 1296
15296 1297
8463 1298
12014 1299
11019 1300
14604 1301
11469 1302
13801 1303
15326 1304
3145 1305
16059 1306
8780 1307
7730 1308
7940 1309
10866 1310
8273 1311
6554 1312
3835 1313
12031 1314
8889 1315
773 1316
3119 1317
1215 1318
14611 1319
10512 1320
4593 1321
8372 1322
7440 1323
1243 1324
7233 1325
517 1326
2289 1327
10612 1328
6800 1329
9566 1330
10982 1331
13531 1332
5423 1333
4591 1334
9098 1335
14786 1336
5178 1337
2508 1338
8273 1339
15463 1340
11876 1341
11338 1342
10004 1343
6128 1344
1944 1345
11318 1346
10451 1347
13081 1348
3463 1349
202 1350
9349 1351
4702 1352
15859 1353
7904 1354
10648 1355
3077 1356
13548 1357
7088 1358
8909 1359
11396 1360
13043 1361
11299 1362
12666 1363
13030 1364
14615 1365
3776 1366
7141 1367
4407 1368
1161 1369
2646 1370
2042 1371
7084 1372
4156 1373
9181 1374
5110 1375
5407 1376
4247 1377
14546 1378
1775 1379
9275 1380
15838 1381
1955 1382
10699 1383
3399 1384
11330 1385
5252 1386
7280 1387
15071 1388
2555 1389
13328 1390
10870 1391
13533 1392
12380 1393
13432 1394
14739 1395
8972 1396
1269 1397
14702 1398
13154 1399
13736 1400
16109 1401
14979 1402
498 1403
786 1404
2898 1405
3282 1406
10820 1407
6856 1408
11993 1409
13603 1410
12762 1411
11123 1412
6359 1413
9009 1414
11164 1415
10765 1416
4082 1417
11183 1418
9354 1419
13178 1420
7659 1421
13585 1422
12185 1423
11485 1424
10910 1425
8088 1426
11461 1427
7791 1428
9799 1429
5232 1430
10386 1431
3681 1432
15380 1433
9053 1434
10314 1435
6228 1436
12451 1437
5020 1438
2004 1439
6817 1440
2568 1441
11356 1442
7840 1443
7156 1444
1590 1445
13726 1446
8830 1447
14790 1448
2467 1449
8041 1450
7402 1451
12540 1452
16275 1453
4722 1454
2746 1455
7417 1456
1854 1457
16361 1458
11755 1459
9192 1460
10424 1461
3131 1462
7106 1463
15956 1464
12751 1465
15721 1466
3598 1467
3550 1468
2170 1469
7621 1470
13447 1471
6553 1472
5719 1473
8621 1474
11224 1475
1683 1476
3221 1477
15421 1478
3499 1479
14758 1480
1797 1481
966 1482
7132 1483
9451 1484
6623 1485
7664 1486
2677 1487
12108 1488
16205 1489
7027 1490
4623 1491
7517 1492
8116 1493
9303 1494
4032 1495
6696 1496
13623 1497
9624 1498
12664 1499
2314 1500
608 1501
4982 1502
9807 1503
9233 1504
15645 1505
7397 1506
16435 1507
11468 1508
4250 1509
9248 1510
898 1511
11875 1512
12656 1513
3662 1514
6418 1515
8565 1516
12768 1517
11864 1518
3316 1519
15499 1520
10636 1521
14523 1522
7585 1523
10098 1524
14893 1525
2904 1526
11555 1527
13979 1528
9043 1529
1656 1530
6488 1531
11631 1532
8826 1533
13545 1534
16290 1535
15184 1536
14710 1537
10902 1538
14093 1539
8535 1540
11798 1541
7279 1542
10870 1543
11675 1544
9194 1545
4431 1546
6692 1547
2148 1548
8535 1549
9068 1550
11123 1551
7455 1552
13577 1553
12573 1554
14329 1555
12003 1556
14113 1557
1059 1558
5038 1559
3883 1560
5056 1561
15734 1562
5256 1563
3007 1564
6206 1565
3630 1566
280 1567
7395 1568
8047 1569
123 1570
9211 1571
15089 1572
16188 1573
7985 1574
12956 1575
3670 1576
5546 1577
2602 1578
9085 1579
15015 1580
6089 1581
273 1582
3965 1583
16131 1584
8376 1585
15738 1586
3646 1587
12946 1588
11327 1589
10350 1590
13744 1591
215 1592
9218 1593
14031 1594
16066 1595
15892 1596
14107 1597
6433 1598
10994 1599
14930 1600
5156 1601
15822 1602
16370 1603
4098 1604
1304 1605
12327 1606
12216 1607
9928 1608
4371 1609
14690 1610
4026 1611
13977 1612
12358 1613
1473 1614
4692 1615
965 1616
5508 1617
16398 1618
13489 1619
5974 1620
6639 1621
11377 1622
2245 1623
3897 1624
15271 1625
15333 1626
16353 1627
16416 1628
15209 1629
8860 1630
14129 1631
13251 1632
7684 1633
9235 1634
8003 1635
3778 1636
5494 1637
856 1638
6317 1639
9762 1640
13106 1641
12755 1642
11687 1643
10259 1644
8860 1645
12342 1646
2600 1647
13251 1648
3567 1649
