100 1250
793 0
646 1
913 2
586 3
244 4
95 5
745 6
529 7
780 8
276 9
282 10
379 11
505 12
38 13
933 14
531 15
537 16
937 17
633 18
969 19
669 20
333 21
884 22
415 23
522 24
164 25
702 26
909 27
587 28
278 29
721 30
406 31
821 32
48 33
733 34
17 35
621 36
499 37
491 38
133 39
133 40
631 41
791 42
41 43
243 44
588 45
124 46
786 47
965 48
401 49
476 50
535 51
560 52
191 53
646 54
278 55
383 56
270 57
77 58
782 59
586 60
235 61
761 62
722 63
512 64
129 65
879 66
728 67
87 68
289 69
671 70
144 71
384 72
435 73
725 74
156 75
442 76
229 77
949 78
179 79
513 80
346 81
33 82
486 83
331 84
404 85
693 86
403 87
7 88
286 89
238 90
286 91
345 92
116 93
216 94
817 95
441 96
933 97
851 98
869 99
