1350 1500
13034 0
12546 1
10305 2
9366 3
11040 4
3664 5
6300 6
9716 7
13015 8
13164 9
146 10
4471 11
11432 12
3420 13
3200 14
2815 15
7997 16
1577 17
5965 18
10678 19
4329 20
9468 21
6499 22
8798 23
1160 24
2512 25
3343 26
8914 27
11222 28
5636 29
11582 30
7115 31
11015 32
6755 33
3543 34
13063 35
11954 36
18 37
3799 38
4132 39
4128 40
12006 41
6567 42
1904 43
4251 44
9872 45
5055 46
9848 47
13268 48
7773 49
6619 50
7904 51
3144 52
3301 53
875 54
6756 55
1586 56
7337 57
5443 58
9964 59
3052 60
13488 61
5848 62
2276 63
1906 64
395 65
13156 66
7370 67
3453 68
12454 69
7928 70
5535 71
8012 72
8037 73
1191 74
2862 75
1343 76
9390 77
12093 78
9105 79
7664 80
11167 81
1979 82
13387 83
10029 84
9387 85
5743 86
7637 87
12460 88
2318 89
1331 90
12760 91
8768 92
5933 93
8488 94
3111 95
5599 96
13344 97
9180 98
6090 99
1696 100
9401 101
13363 102
6050 103
5274 104
954 105
2724 106
2092 107
837 108
4826 109
11462 110
11001 111
9249 112
10012 113
6184 114
4701 115
3965 116
2694 117
9566 118
8646 119
2975 120
5896 121
6743 122
916 123
3667 124
11846 125
6995 126
3886 127
8189 128
10679 129
11867 130
189 131
10378 132
1825 133
3139 134
4981 135
11789 136
3345 137
3089 138
9363 139
7831 140
2126 141
6477 142
4854 143
8784 144
7736 145
7454 146
10562 147
5867 148
11911 149
5437 150
7974 151
7206 152
4646 153
12909 154
11514 155
1152 156
43 157
5319 158
12261 159
6574 160
7309 161
3072 162
5363 163
11064 164
6750 165
9842 166
9518 167
4477 168
905 169
3378 170
5555 171
9231 172
6518 173
4022 174
13068 175
7722 176
2959 177
5581 178
12018 179
1991 180
9661 181
613 182
11102 183
3999 184
11442 185
7423 186
9318 187
5216 188
6126 189
2371 190
7752 191
770 192
5614 193
10415 194
12048 195
1015 196
12595 197
9976 198
3463 199
314 200
5915 201
10120 202
5412 203
3822 204
3257 205
10643 206
10302 207
1757 208
2435 209
8726 210
5284 211
9400 212
3152 213
6022 214
12295 215
10471 216
12633 217
789 218
8465 219
2122 220
7366 221
8213 222
10902 223
9541 224
5759 225
12745 226
7551 227
9973 228
8195 229
651 230
6157 231
6526 232
12727 233
6389 234
8839 235
12600 236
3787 237
13002 238
2659 239
7627 240
5270 241
6196 242
9069 243
12873 244
11147 245
2460 246
6622 247
11849 248
8958 249
10580 250
13327 251
9413 252
9941 253
9725 254
11234 255
11072 256
12924 257
2635 258
9609 259
365 260
10506 261
947 262
11511 263
2248 264
2937 265
7808 266
4778 267
8014 268
6404 269
7649 270
5128 271
13343 272
3331 273
7856 274
11456 275
3719 276
4298 277
10224 278
12435 279
8971 280
8779 281
3197 282
7041 283
9623 284
3952 285
13449 286
3021 287
4885 288
6112 289
11455 290
1379 291
12018 292
1735 293
8558 294
3185 295
8042 296
3216 297
638 298
7722 299
7020 300
1460 301
2511 302
8463 303
7384 304
4845 305
1928 306
4524 307
9776 308
11166 309
6440 310
10938 311
8652 312
714 313
12448 314
9142 315
6552 316
12193 317
5184 318
6800 319
9967 320
12583 321
9150 322
653 323
8400 324
9448 325
1098 326
9847 327
673 328
1651 329
8465 330
93 331
3545 332
12702 333
9619 334
12420 335
12136 336
7180 337
5106 338
5924 339
6409 340
9717 341
2018 342
8227 343
12757 344
1063 345
2379 346
2047 347
5650 348
4661 349
12008 350
10146 351
5502 352
9647 353
4899 354
5389 355
3302 356
8984 357
10024 358
11714 359
7269 360
12523 361
6481 362
8111 363
6891 364
5594 365
12474 366
1691 367
5556 368
12809 369
12685 370
5744 371
6428 372
5654 373
5286 374
6998 375
11488 376
9922 377
462 378
197 379
3739 380
13148 381
10725 382
3383 383
560 384
5156 385
13152 386
6717 387
9102 388
2750 389
598 390
5724 391
3384 392
7430 393
8661 394
9479 395
4091 396
6015 397
5204 398
2545 399
5632 400
8298 401
11772 402
5168 403
7103 404
4412 405
9951 406
354 407
6758 408
4393 409
939 410
6601 411
2246 412
733 413
169 414
1172 415
3992 416
10207 417
6091 418
5168 419
4561 420
8045 421
10635 422
10531 423
11180 424
13013 425
8453 426
4713 427
7823 428
10440 429
9598 430
8777 431
6812 432
6014 433
9597 434
11659 435
9321 436
9293 437
11663 438
7386 439
5800 440
9994 441
6054 442
13206 443
5906 444
13405 445
12278 446
4406 447
6413 448
9944 449
993 450
7782 451
3917 452
4783 453
390 454
1568 455
929 456
8088 457
12276 458
9902 459
6896 460
10801 461
8249 462
9888 463
2997 464
4521 465
5754 466
12582 467
5538 468
4723 469
5572 470
13385 471
6848 472
7719 473
7052 474
2084 475
804 476
2630 477
11210 478
3069 479
5611 480
2089 481
11470 482
816 483
1030 484
2412 485
6102 486
3549 487
9716 488
3327 489
3677 490
4001 491
1972 492
1222 493
3031 494
2124 495
4942 496
4293 497
6720 498
9584 499
9992 500
6466 501
8625 502
11439 503
8029 504
8862 505
2473 506
3416 507
4091 508
6304 509
7517 510
13110 511
8851 512
10141 513
2010 514
10007 515
10368 516
9713 517
7958 518
10634 519
9465 520
3665 521
54 522
11224 523
2821 524
10610 525
414 526
8538 527
11581 528
111 529
5652 530
2948 531
10128 532
9129 533
13396 534
6262 535
8082 536
7950 537
8501 538
7370 539
1692 540
1807 541
8661 542
7787 543
12159 544
6974 545
5538 546
5738 547
2185 548
13455 549
7507 550
1108 551
5893 552
6934 553
3942 554
2017 555
5509 556
11271 557
695 558
4280 559
1876 560
7046 561
3444 562
7192 563
10840 564
9500 565
11572 566
12943 567
762 568
4033 569
10169 570
13307 571
13214 572
2899 573
11656 574
13143 575
6806 576
11443 577
8578 578
6298 579
2578 580
5260 581
5502 582
6676 583
6757 584
3662 585
9456 586
4931 587
918 588
7179 589
7908 590
3824 591
4686 592
9475 593
12031 594
8239 595
1916 596
6014 597
7400 598
11809 599
6827 600
1973 601
10577 602
8154 603
5154 604
2505 605
6824 606
4850 607
3651 608
12245 609
12685 610
5006 611
9999 612
11625 613
9442 614
8113 615
8125 616
7686 617
11523 618
730 619
582 620
10955 621
100 622
8148 623
11440 624
11486 625
5448 626
7083 627
3832 628
1361 629
8932 630
9890 631
5732 632
6199 633
54 634
13345 635
11712 636
8791 637
9302 638
6434 639
5998 640
4988 641
8022 642
3145 643
2221 644
970 645
3686 646
8617 647
8398 648
2111 649
5010 650
2281 651
10961 652
2042 653
1870 654
6761 655
6166 656
11843 657
88 658
4868 659
7036 660
13084 661
9091 662
8468 663
7718 664
10666 665
8877 666
1717 667
2990 668
4366 669
1667 670
6448 671
9628 672
6549 673
10016 674
12952 675
12025 676
8470 677
2451 678
3458 679
544 680
10342 681
276 682
9865 683
11039 684
7524 685
4830 686
13404 687
6714 688
7773 689
9721 690
2931 691
2767 692
4207 693
4580 694
12162 695
5106 696
7290 697
9323 698
258 699
5580 700
13269 701
9159 702
9387 703
5175 704
5778 705
11658 706
2208 707
5957 708
2984 709
1085 710
10877 711
10946 712
2967 713
6497 714
16 715
3199 716
1017 717
6088 718
12047 719
11198 720
8857 721
10993 722
10149 723
4656 724
2186 725
6717 726
6463 727
4165 728
11050 729
3132 730
10649 731
9258 732
6189 733
4288 734
12464 735
7964 736
12935 737
6412 738
12577 739
6031 740
9111 741
8943 742
2063 743
362 744
7387 745
9845 746
11876 747
1781 748
13484 749
1641 750
12239 751
4329 752
2556 753
9966 754
4621 755
8219 756
12699 757
2182 758
8284 759
1441 760
8704 761
7120 762
8743 763
12343 764
9776 765
1760 766
9908 767
4874 768
4654 769
4278 770
11952 771
11242 772
10215 773
6879 774
10922 775
10711 776
3375 777
3563 778
7019 779
1889 780
4197 781
9002 782
5236 783
6808 784
3369 785
397 786
4333 787
8858 788
6996 789
4460 790
12647 791
5144 792
6666 793
6637 794
5455 795
6376 796
11542 797
5840 798
1347 799
10073 800
12187 801
2599 802
8652 803
6673 804
8233 805
2463 806
262 807
10851 808
2058 809
7941 810
11731 811
10824 812
12356 813
10228 814
5170 815
4932 816
9436 817
7259 818
7552 819
7535 820
2673 821
4499 822
10653 823
12929 824
8515 825
12224 826
405 827
5032 828
13438 829
6523 830
10473 831
480 832
6758 833
7068 834
8457 835
13068 836
6114 837
13150 838
10130 839
7760 840
4614 841
12795 842
6153 843
6680 844
7367 845
10519 846
8346 847
1978 848
1929 849
13435 850
6643 851
9117 852
10127 853
2583 854
9445 855
2267 856
4549 857
7357 858
10520 859
12879 860
4679 861
2712 862
8720 863
3515 864
8828 865
1543 866
2724 867
8495 868
11471 869
3643 870
12825 871
3027 872
4114 873
11125 874
2720 875
12200 876
5609 877
5212 878
8324 879
12756 880
4574 881
10456 882
7303 883
4214 884
9564 885
9405 886
4964 887
10874 888
3834 889
3074 890
5752 891
8413 892
7714 893
5212 894
7684 895
10026 896
9341 897
654 898
8401 899
13353 900
7042 901
2081 902
4049 903
11743 904
12403 905
1238 906
221 907
5978 908
4235 909
8672 910
5295 911
12310 912
12278 913
9427 914
440 915
5451 916
9747 917
5820 918
13128 919
4902 920
5041 921
7539 922
6280 923
5681 924
7472 925
5514 926
4736 927
404 928
7846 929
7433 930
11108 931
1957 932
8572 933
9176 934
10477 935
1279 936
7222 937
11740 938
13374 939
12598 940
8599 941
10559 942
2798 943
6091 944
1585 945
10114 946
8440 947
12909 948
6940 949
9718 950
3713 951
2251 952
8927 953
6017 954
8753 955
7993 956
459 957
4510 958
12963 959
10610 960
49 961
13021 962
3102 963
2416 964
3361 965
1747 966
6784 967
4148 968
2116 969
1464 970
6931 971
8313 972
1621 973
2566 974
12862 975
4392 976
13479 977
10657 978
12471 979
7423 980
7816 981
12123 982
5081 983
11750 984
9274 985
10771 986
7508 987
4630 988
6312 989
627 990
5669 991
10440 992
8207 993
79 994
13079 995
11599 996
12583 997
11443 998
13368 999
12130 1000
12275 1001
6293 1002
5662 1003
1056 1004
1641 1005
10952 1006
3696 1007
1802 1008
5938 1009
11003 1010
5378 1011
10480 1012
358 1013
9978 1014
10276 1015
7726 1016
4765 1017
7103 1018
11914 1019
1327 1020
4320 1021
2810 1022
7038 1023
7852 1024
6371 1025
11774 1026
1655 1027
5492 1028
13121 1029
9117 1030
3626 1031
2169 1032
705 1033
5844 1034
4396 1035
9485 1036
10838 1037
10107 1038
12140 1039
299 1040
3876 1041
5923 1042
10116 1043
7909 1044
11461 1045
3156 1046
12718 1047
8573 1048
12368 1049
1923 1050
8814 1051
6358 1052
11287 1053
4606 1054
7871 1055
4221 1056
105 1057
9140 1058
7996 1059
8191 1060
765 1061
11114 1062
10528 1063
8378 1064
7303 1065
12781 1066
12983 1067
3684 1068
3157 1069
617 1070
9128 1071
2282 1072
6951 1073
2208 1074
7047 1075
8334 1076
1363 1077
3040 1078
6865 1079
13232 1080
953 1081
9359 1082
5525 1083
5830 1084
6085 1085
1321 1086
9004 1087
4728 1088
323 1089
5295 1090
11058 1091
8032 1092
978 1093
12163 1094
2897 1095
1811 1096
1389 1097
10800 1098
3957 1099
12185 1100
7892 1101
2343 1102
344 1103
6361 1104
427 1105
2998 1106
11804 1107
10615 1108
10513 1109
1057 1110
10103 1111
9078 1112
8852 1113
4067 1114
7607 1115
5549 1116
12534 1117
8778 1118
8061 1119
3105 1120
10104 1121
9211 1122
8237 1123
3895 1124
7811 1125
13377 1126
4267 1127
9985 1128
10540 1129
87 1130
6987 1131
56 1132
876 1133
11447 1134
8616 1135
11628 1136
8588 1137
13393 1138
3598 1139
13385 1140
9394 1141
7519 1142
4054 1143
39 1144
12755 1145
10737 1146
8987 1147
8086 1148
12668 1149
5832 1150
1791 1151
7497 1152
2152 1153
12558 1154
9905 1155
6009 1156
8042 1157
1916 1158
4820 1159
3167 1160
8670 1161
1686 1162
4296 1163
9636 1164
10422 1165
7172 1166
11123 1167
10727 1168
12001 1169
10713 1170
4000 1171
10858 1172
13454 1173
1547 1174
8031 1175
1191 1176
3378 1177
13304 1178
436 1179
7600 1180
5328 1181
8249 1182
2706 1183
13037 1184
10320 1185
2271 1186
2760 1187
2434 1188
4406 1189
12425 1190
5650 1191
2100 1192
9953 1193
4108 1194
13186 1195
12370 1196
4133 1197
8535 1198
797 1199
8381 1200
3675 1201
5688 1202
293 1203
12805 1204
5504 1205
12675 1206
8543 1207
11549 1208
656 1209
8056 1210
13449 1211
3972 1212
6199 1213
6018 1214
3003 1215
1962 1216
10517 1217
4746 1218
13224 1219
8432 1220
7324 1221
2003 1222
4586 1223
6307 1224
2471 1225
9592 1226
3466 1227
5530 1228
6242 1229
4471 1230
4613 1231
9220 1232
12574 1233
12885 1234
9376 1235
3773 1236
11250 1237
13276 1238
13065 1239
47 1240
12534 1241
11676 1242
12643 1243
6193 1244
12732 1245
9069 1246
2326 1247
299 1248
2009 1249
7356 1250
73 1251
2906 1252
3528 1253
9385 1254
1233 1255
9626 1256
3276 1257
11319 1258
5122 1259
826 1260
10223 1261
12458 1262
3069 1263
6233 1264
9689 1265
6336 1266
10544 1267
12812 1268
6789 1269
4934 1270
8884 1271
9588 1272
5304 1273
7775 1274
4128 1275
6332 1276
11469 1277
13273 1278
1189 1279
1892 1280
9976 1281
12072 1282
8158 1283
11873 1284
2210 1285
3782 1286
1428 1287
687 1288
10540 1289
3631 1290
12932 1291
10776 1292
12489 1293
8013 1294
732 1295
2330 1296
986 1297
12979 1298
4091 1299
10305 1300
6229 1301
10801 1302
23 1303
11501 1304
12962 1305
13087 1306
12162 1307
1692 1308
6974 1309
13254 1310
4088 1311
8503 1312
3259 1313
7835 1314
8244 1315
10441 1316
12076 1317
487 1318
6024 1319
2800 1320
348 1321
1094 1322
11459 1323
10090 1324
3233 1325
10380 1326
3090 1327
7530 1328
9827 1329
4025 1330
1189 1331
11119 1332
5050 1333
5858 1334
5258 1335
12958 1336
986 1337
5814 1338
5816 1339
554 1340
7729 1341
1722 1342
12948 1343
7822 1344
2791 1345
4261 1346
6234 1347
7808 1348
13264 1349
