1150 1650
5684 0
1575 1
1815 2
9858 3
3241 4
11417 5
3874 6
2643 7
6191 8
9258 9
9621 10
4367 11
11220 12
4663 13
7501 14
10884 15
10943 16
10117 17
7035 18
8760 19
4725 20
4608 21
2581 22
7100 23
10353 24
7790 25
10722 26
1009 27
10913 28
9078 29
1899 30
3502 31
8399 32
9581 33
2480 34
9430 35
10786 36
1117 37
833 38
8114 39
4241 40
2017 41
2049 42
7772 43
9652 44
3135 45
1988 46
4410 47
8216 48
905 49
9855 50
4803 51
8814 52
4899 53
4047 54
10048 55
4873 56
5675 57
2188 58
564 59
454 60
8644 61
10607 62
4357 63
10409 64
5922 65
6331 66
1012 67
1470 68
10769 69
3723 70
617 71
476 72
8659 73
10207 74
1355 75
1928 76
6675 77
9071 78
6728 79
9570 80
3938 81
1177 82
7596 83
6908 84
10888 85
4988 86
7077 87
3874 88
3895 89
2865 90
6365 91
4270 92
3742 93
11285 94
2944 95
4425 96
7291 97
3889 98
7439 99
1030 100
6942 101
2240 102
9799 103
1679 104
8278 105
8195 106
10796 107
3445 108
5903 109
7775 110
1479 111
1212 112
5260 113
7776 114
9509 115
10216 116
7237 117
7499 118
7899 119
7131 120
10213 121
753 122
3824 123
4675 124
7402 125
7522 126
3413 127
2434 128
3371 129
2166 130
7381 131
8686 132
6799 133
6649 134
4821 135
6793 136
1455 137
10599 138
9485 139
3193 140
7043 141
1430 142
5790 143
5938 144
1924 145
10505 146
1248 147
5027 148
2123 149
9243 150
10604 151
9760 152
9973 153
3059 154
9478 155
289 156
3511 157
826 158
4877 159
10790 160
5952 161
480 162
5390 163
4532 164
4288 165
10763 166
7734 167
6298 168
8096 169
7977 170
1920 171
2329 172
9770 173
3932 174
6787 175
5036 176
7683 177
2720 178
3025 179
8134 180
10141 181
3902 182
10266 183
3747 184
6570 185
1594 186
7821 187
9228 188
9841 189
9712 190
3591 191
8332 192
7821 193
11322 194
3645 195
10047 196
3124 197
11289 198
2535 199
5391 200
955 201
2748 202
1058 203
4943 204
7076 205
9227 206
2729 207
2429 208
10535 209
2980 210
1094 211
9793 212
2731 213
3487 214
8616 215
984 216
11443 217
6374 218
8232 219
3883 220
3876 221
9466 222
9710 223
7462 224
8853 225
2289 226
6352 227
2740 228
10464 229
6131 230
588 231
5790 232
8377 233
4147 234
9483 235
239 236
6433 237
5053 238
750 239
8517 240
1467 241
7364 242
3420 243
3742 244
5707 245
7667 246
4863 247
8946 248
4548 249
3760 250
4423 251
9314 252
2265 253
10602 254
8022 255
1845 256
114 257
9617 258
10920 259
5991 260
9135 261
10185 262
2505 263
2769 264
2752 265
7283 266
10410 267
631 268
6821 269
8702 270
8376 271
3814 272
6892 273
5785 274
1262 275
4224 276
4646 277
562 278
4022 279
8412 280
389 281
10365 282
8988 283
2045 284
5786 285
2104 286
567 287
5190 288
2411 289
6761 290
6320 291
4222 292
4903 293
4912 294
4920 295
8217 296
7996 297
6381 298
6712 299
1061 300
1323 301
9708 302
5723 303
357 304
10351 305
10290 306
614 307
10737 308
10962 309
8414 310
4538 311
3085 312
2265 313
7685 314
11402 315
6823 316
3280 317
2171 318
4225 319
10772 320
2156 321
8662 322
7373 323
9831 324
3649 325
4573 326
4548 327
4622 328
9438 329
165 330
4295 331
619 332
4816 333
10929 334
5403 335
3106 336
9856 337
7133 338
4433 339
8131 340
9049 341
8596 342
5878 343
5744 344
3615 345
2084 346
6639 347
4619 348
1645 349
6178 350
4612 351
7490 352
6980 353
10724 354
7883 355
8260 356
1536 357
3379 358
7156 359
8246 360
518 361
8930 362
6916 363
4323 364
2763 365
9811 366
6228 367
4588 368
10681 369
6470 370
1608 371
5882 372
2377 373
8412 374
9059 375
9143 376
2704 377
950 378
11315 379
10268 380
9849 381
6679 382
2004 383
1226 384
5258 385
5645 386
10336 387
3570 388
8092 389
6447 390
1899 391
10901 392
4122 393
8105 394
9025 395
884 396
1596 397
4972 398
2126 399
11240 400
7737 401
11457 402
323 403
4507 404
3097 405
3078 406
6283 407
1206 408
10887 409
11067 410
4427 411
4412 412
7794 413
105 414
1105 415
1838 416
9029 417
6280 418
8321 419
3725 420
460 421
5154 422
10518 423
2262 424
9630 425
6391 426
9643 427
9378 428
5205 429
8880 430
3605 431
5099 432
4714 433
927 434
3294 435
5098 436
8085 437
4219 438
8133 439
1640 440
2849 441
5249 442
1327 443
9273 444
6332 445
1221 446
5923 447
3359 448
3490 449
4092 450
7936 451
5551 452
4904 453
4291 454
3477 455
1216 456
6649 457
1523 458
6634 459
7516 460
549 461
7166 462
498 463
10552 464
4523 465
5696 466
4372 467
9300 468
868 469
8595 470
10217 471
9169 472
11400 473
9732 474
10304 475
10005 476
894 477
10934 478
1340 479
5597 480
5742 481
2159 482
9469 483
3890 484
1289 485
5902 486
533 487
3037 488
4028 489
9323 490
1763 491
3809 492
9223 493
125 494
3999 495
5613 496
6941 497
3058 498
9257 499
11399 500
9168 501
8203 502
9719 503
9141 504
3882 505
10129 506
6156 507
3623 508
5296 509
669 510
11009 511
8465 512
2432 513
3837 514
1430 515
1299 516
8337 517
215 518
9269 519
10793 520
2807 521
4477 522
8352 523
303 524
6136 525
7869 526
6552 527
1387 528
8099 529
139 530
6347 531
6772 532
9522 533
10741 534
8151 535
6879 536
6979 537
1541 538
8101 539
6087 540
519 541
5005 542
1004 543
10980 544
8875 545
1041 546
8040 547
7056 548
6517 549
2735 550
5373 551
9652 552
6526 553
9889 554
385 555
928 556
4599 557
8908 558
5507 559
4935 560
303 561
1725 562
8097 563
1896 564
9384 565
10815 566
5101 567
10229 568
1910 569
8423 570
5506 571
7029 572
8955 573
6465 574
10929 575
8223 576
1529 577
413 578
9504 579
3555 580
2350 581
9734 582
8856 583
9052 584
5728 585
10511 586
9886 587
11005 588
7884 589
10640 590
3284 591
4005 592
7532 593
2851 594
7446 595
4008 596
5854 597
838 598
5276 599
6666 600
10441 601
6391 602
983 603
5175 604
5921 605
2878 606
323 607
3037 608
56 609
2804 610
2050 611
5543 612
2961 613
4496 614
10678 615
10429 616
9229 617
4251 618
2772 619
6693 620
513 621
5927 622
67 623
2099 624
7048 625
5346 626
10512 627
8516 628
9990 629
5189 630
6141 631
1540 632
844 633
700 634
11404 635
5785 636
6027 637
2208 638
9233 639
150 640
10211 641
3230 642
9556 643
183 644
8389 645
4604 646
4890 647
207 648
7066 649
1054 650
1213 651
10798 652
6508 653
2730 654
3558 655
203 656
3089 657
2328 658
8028 659
7821 660
10664 661
5789 662
7632 663
430 664
9019 665
10080 666
10503 667
869 668
718 669
297 670
1198 671
960 672
6986 673
11435 674
4881 675
10184 676
2870 677
8580 678
8492 679
5729 680
9925 681
6581 682
11492 683
4395 684
242 685
8493 686
4490 687
7692 688
7660 689
164 690
8489 691
3784 692
4665 693
6220 694
5052 695
259 696
3334 697
10700 698
7685 699
4497 700
2065 701
2862 702
8020 703
11295 704
572 705
4354 706
11341 707
3499 708
2431 709
4784 710
2601 711
1028 712
11191 713
5438 714
9400 715
2091 716
7349 717
9234 718
6005 719
4627 720
7212 721
4472 722
10010 723
8208 724
11143 725
5938 726
10336 727
348 728
7326 729
5578 730
2710 731
2161 732
2219 733
5826 734
1260 735
2527 736
3280 737
7835 738
9335 739
6553 740
5775 741
8887 742
6628 743
7004 744
4911 745
4510 746
5567 747
2155 748
11309 749
2372 750
6864 751
447 752
10961 753
4449 754
5886 755
1765 756
4012 757
4062 758
6652 759
6478 760
9886 761
2629 762
5337 763
6797 764
1522 765
1230 766
7550 767
11144 768
2934 769
7484 770
874 771
6571 772
3916 773
10146 774
3095 775
3336 776
10882 777
9955 778
3557 779
1589 780
5438 781
9715 782
7376 783
2712 784
1607 785
6620 786
7650 787
1298 788
7296 789
3105 790
1700 791
10030 792
7944 793
896 794
4477 795
10339 796
5730 797
10701 798
6414 799
8592 800
9517 801
1498 802
8104 803
1552 804
6742 805
11044 806
3162 807
872 808
4990 809
3930 810
4795 811
3673 812
6941 813
10201 814
2600 815
3228 816
4880 817
3616 818
6696 819
1841 820
1343 821
5722 822
6079 823
9536 824
9710 825
141 826
5248 827
11286 828
986 829
7310 830
2421 831
1837 832
9287 833
1817 834
932 835
6168 836
3475 837
10721 838
2652 839
2798 840
8130 841
8555 842
840 843
6807 844
998 845
8957 846
3760 847
3571 848
8840 849
1096 850
5770 851
5773 852
4621 853
7134 854
4369 855
658 856
7207 857
10896 858
7653 859
4501 860
6850 861
4680 862
2142 863
1385 864
2210 865
10604 866
8799 867
8898 868
5390 869
2792 870
2934 871
3704 872
9481 873
9839 874
10194 875
8217 876
422 877
2009 878
9186 879
8684 880
5608 881
10886 882
2433 883
6967 884
7185 885
5578 886
6595 887
177 888
3174 889
9051 890
4350 891
3066 892
9947 893
10256 894
9495 895
6171 896
8515 897
8930 898
7335 899
2694 900
4923 901
5907 902
1115 903
6639 904
3369 905
4763 906
10659 907
11405 908
3690 909
10991 910
3616 911
5250 912
1327 913
1303 914
1464 915
1682 916
6106 917
3271 918
1232 919
6946 920
4467 921
480 922
10992 923
6351 924
9535 925
8253 926
10204 927
542 928
967 929
2524 930
7385 931
5079 932
6852 933
5719 934
829 935
4869 936
10762 937
7179 938
3747 939
11214 940
7954 941
3404 942
81 943
406 944
9577 945
1333 946
6861 947
7665 948
5985 949
896 950
9305 951
2144 952
3353 953
11091 954
6358 955
9002 956
1302 957
3399 958
10248 959
3945 960
9517 961
3342 962
8990 963
2741 964
3963 965
4235 966
11004 967
9598 968
10461 969
1882 970
3225 971
9909 972
1344 973
10387 974
10839 975
2196 976
7492 977
10145 978
2789 979
7323 980
5142 981
6134 982
8710 983
10452 984
7526 985
9112 986
3973 987
456 988
9664 989
7770 990
5922 991
3559 992
6003 993
8261 994
9383 995
6359 996
5353 997
6336 998
11245 999
476 1000
1108 1001
1304 1002
4421 1003
1125 1004
3893 1005
6302 1006
8169 1007
11385 1008
4737 1009
10909 1010
9957 1011
2838 1012
4097 1013
7999 1014
5860 1015
6449 1016
1731 1017
4616 1018
8386 1019
7109 1020
4473 1021
1987 1022
386 1023
10954 1024
1408 1025
9040 1026
10219 1027
1694 1028
3385 1029
945 1030
8603 1031
1448 1032
72 1033
11337 1034
4485 1035
2430 1036
10096 1037
2965 1038
9202 1039
6229 1040
11365 1041
5438 1042
10202 1043
3307 1044
9247 1045
2404 1046
11162 1047
2348 1048
9929 1049
554 1050
4651 1051
4465 1052
10244 1053
7374 1054
10512 1055
2927 1056
2348 1057
8400 1058
9163 1059
723 1060
8960 1061
5854 1062
5540 1063
9277 1064
6634 1065
5579 1066
6893 1067
439 1068
6062 1069
2091 1070
6392 1071
6471 1072
7081 1073
6256 1074
291 1075
776 1076
1065 1077
3216 1078
2484 1079
2376 1080
1628 1081
11481 1082
3452 1083
7941 1084
2186 1085
419 1086
494 1087
4221 1088
8738 1089
8742 1090
7371 1091
3255 1092
2514 1093
7296 1094
6284 1095
4187 1096
5050 1097
1105 1098
8807 1099
1077 1100
9704 1101
1156 1102
2832 1103
1105 1104
2538 1105
3656 1106
4971 1107
5036 1108
2610 1109
4129 1110
2521 1111
2233 1112
5400 1113
9691 1114
2930 1115
10167 1116
1700 1117
6534 1118
2552 1119
3256 1120
11037 1121
3092 1122
5006 1123
7384 1124
4616 1125
3354 1126
1260 1127
612 1128
4482 1129
7779 1130
3112 1131
4545 1132
10122 1133
9389 1134
4560 1135
3636 1136
4528 1137
6952 1138
4027 1139
10979 1140
4484 1141
8846 1142
3328 1143
11039 1144
7349 1145
8906 1146
1309 1147
10528 1148
6495 1149
