1000 1650
7040 0
7619 1
1397 2
4074 3
109 4
6770 5
2468 6
9687 7
351 8
5737 9
5858 10
5979 11
5009 12
1488 13
6930 14
2458 15
1153 16
7859 17
7091 18
430 19
7180 20
94 21
4572 22
9800 23
2156 24
110 25
5349 26
2266 27
906 28
90 29
6649 30
4827 31
2880 32
2459 33
7475 34
5899 35
3633 36
1708 37
3980 38
3480 39
8607 40
1832 41
3621 42
1655 43
8159 44
7149 45
3893 46
5300 47
1213 48
4295 49
6625 50
6220 51
827 52
1245 53
9312 54
3760 55
7153 56
2308 57
5211 58
7376 59
160 60
2207 61
7403 62
793 63
2970 64
7236 65
4738 66
9123 67
662 68
5132 69
129 70
5499 71
1665 72
4564 73
3503 74
9939 75
3107 76
5767 77
1548 78
8286 79
5749 80
8164 81
4216 82
3819 83
9315 84
7696 85
3957 86
6758 87
4077 88
4799 89
7079 90
3193 91
700 92
5584 93
48 94
3980 95
2941 96
9533 97
3006 98
8329 99
7327 100
344 101
5619 102
8176 103
8019 104
13 105
6346 106
1337 107
3737 108
430 109
2021 110
2356 111
4348 112
8091 113
2683 114
3707 115
2356 116
7915 117
8668 118
2501 119
5544 120
6779 121
4801 122
4023 123
7445 124
2336 125
4820 126
764 127
6737 128
8017 129
7603 130
5439 131
4685 132
8127 133
1614 134
8380 135
1911 136
8443 137
4950 138
8439 139
9541 140
7562 141
2995 142
5300 143
6930 144
9157 145
1856 146
9041 147
6279 148
4216 149
122 150
6615 151
1048 152
7801 153
7472 154
8024 155
8998 156
9650 157
155 158
2880 159
3209 160
6137 161
7219 162
7353 163
1015 164
1247 165
389 166
9913 167
1982 168
2025 169
1669 170
9122 171
2826 172
2761 173
7313 174
9167 175
1556 176
9898 177
4583 178
7174 179
3328 180
1857 181
7894 182
4390 183
7204 184
7718 185
1362 186
7281 187
4812 188
1704 189
2130 190
7021 191
3776 192
2115 193
5491 194
8369 195
8184 196
2617 197
3698 198
3890 199
6343 200
8241 201
8227 202
5700 203
9043 204
3524 205
2614 206
4513 207
6176 208
1313 209
9873 210
9443 211
2616 212
6659 213
1186 214
2741 215
3146 216
8196 217
7651 218
1776 219
5592 220
2129 221
6923 222
5293 223
95 224
8403 225
5729 226
4088 227
7723 228
1047 229
2449 230
3965 231
4232 232
3946 233
7268 234
2306 235
1622 236
3713 237
4682 238
5171 239
2956 240
5805 241
789 242
2106 243
2252 244
5253 245
4168 246
9112 247
8250 248
9512 249
9848 250
1991 251
8192 252
1482 253
102 254
9889 255
7893 256
246 257
3245 258
7253 259
8607 260
8625 261
9131 262
4780 263
2133 264
6156 265
2402 266
3668 267
8371 268
6137 269
7741 270
3172 271
1205 272
9821 273
8397 274
3279 275
6427 276
3860 277
7053 278
7167 279
5775 280
3894 281
8242 282
6028 283
8811 284
4199 285
7383 286
6762 287
4817 288
548 289
3155 290
8476 291
8389 292
2474 293
2347 294
5115 295
8958 296
594 297
4308 298
5320 299
2140 300
8478 301
7219 302
9409 303
7513 304
3508 305
7508 306
8876 307
2932 308
146 309
4889 310
5133 311
4643 312
9148 313
1097 314
7164 315
3693 316
500 317
219 318
7851 319
1622 320
8310 321
9818 322
6106 323
6468 324
6000 325
8937 326
8170 327
5587 328
7187 329
1730 330
8695 331
4775 332
5746 333
5816 334
1630 335
2955 336
8684 337
571 338
2205 339
2958 340
8547 341
8138 342
9686 343
6158 344
6916 345
3166 346
4437 347
4020 348
3043 349
6113 350
6523 351
8070 352
1156 353
1643 354
2865 355
3804 356
1606 357
3936 358
2058 359
7716 360
1806 361
9893 362
7913 363
3528 364
2154 365
1164 366
101 367
6548 368
1302 369
360 370
1957 371
8535 372
8402 373
6829 374
201 375
3763 376
1406 377
1542 378
3136 379
5108 380
9368 381
2503 382
2723 383
117 384
641 385
5886 386
8160 387
2846 388
8231 389
3360 390
3601 391
2629 392
4226 393
1698 394
4017 395
8227 396
9919 397
5873 398
924 399
4534 400
319 401
7024 402
980 403
6104 404
8750 405
6855 406
1944 407
6761 408
5454 409
2364 410
2100 411
3503 412
5520 413
9534 414
304 415
6438 416
295 417
6478 418
2251 419
8269 420
9441 421
8202 422
2193 423
4264 424
3636 425
2319 426
7295 427
5004 428
8958 429
9322 430
5584 431
1015 432
2715 433
1656 434
3187 435
287 436
8981 437
7756 438
8428 439
4772 440
5607 441
1800 442
8263 443
27 444
4440 445
4127 446
1394 447
6811 448
284 449
2374 450
4383 451
5023 452
96 453
4029 454
6637 455
4487 456
4085 457
2222 458
9345 459
7685 460
3765 461
616 462
5228 463
7970 464
217 465
7046 466
9558 467
7191 468
7614 469
3007 470
4930 471
4034 472
146 473
7815 474
261 475
9592 476
8936 477
2761 478
6910 479
2447 480
5022 481
6769 482
4088 483
9413 484
9427 485
3344 486
5037 487
9432 488
2229 489
4426 490
5094 491
7353 492
9352 493
8654 494
6809 495
7453 496
9017 497
2277 498
8764 499
8444 500
6860 501
7262 502
5007 503
7477 504
5468 505
2069 506
2749 507
4837 508
2154 509
4645 510
3194 511
9149 512
554 513
1382 514
5964 515
9365 516
1247 517
5275 518
7309 519
1916 520
8657 521
8485 522
8892 523
6805 524
768 525
4799 526
8220 527
7948 528
3706 529
825 530
6224 531
8606 532
1189 533
4833 534
310 535
9110 536
7322 537
3997 538
9085 539
6525 540
9074 541
8328 542
1822 543
1449 544
315 545
6251 546
1156 547
9255 548
314 549
2379 550
6888 551
9932 552
871 553
985 554
1728 555
5649 556
1862 557
7755 558
2687 559
822 560
4361 561
4906 562
1476 563
5346 564
6277 565
4532 566
8272 567
7768 568
9147 569
495 570
9481 571
9349 572
4121 573
4820 574
2419 575
5539 576
569 577
9852 578
1374 579
8050 580
7907 581
4109 582
7588 583
4796 584
1862 585
6316 586
7495 587
4454 588
4716 589
8130 590
5501 591
8399 592
8804 593
5912 594
5983 595
6430 596
8243 597
2271 598
1825 599
8522 600
1733 601
5392 602
5272 603
5674 604
2437 605
5084 606
3478 607
7838 608
4448 609
3509 610
455 611
6051 612
7318 613
3596 614
4363 615
9404 616
3840 617
9627 618
2318 619
6054 620
7637 621
5 622
2931 623
2983 624
1944 625
8374 626
1957 627
1405 628
7262 629
8448 630
1695 631
2273 632
6755 633
9591 634
5891 635
7637 636
8641 637
904 638
9051 639
7582 640
372 641
8033 642
512 643
3633 644
887 645
2904 646
2480 647
3419 648
560 649
4163 650
4506 651
4550 652
9004 653
6879 654
818 655
6451 656
4973 657
3819 658
4025 659
2594 660
7761 661
2105 662
7716 663
897 664
7482 665
696 666
2222 667
5845 668
5542 669
1131 670
3946 671
5696 672
9754 673
5933 674
4555 675
435 676
1427 677
9824 678
1349 679
7402 680
5099 681
7219 682
170 683
2795 684
6374 685
394 686
869 687
7364 688
3824 689
1096 690
2799 691
1064 692
8559 693
4748 694
6489 695
1859 696
3786 697
599 698
5508 699
2687 700
7685 701
6143 702
606 703
2643 704
8000 705
8273 706
8512 707
8893 708
4582 709
7049 710
5507 711
576 712
7845 713
8262 714
1672 715
9412 716
5246 717
1035 718
1242 719
669 720
6780 721
8698 722
9180 723
1348 724
2475 725
2460 726
3553 727
5991 728
428 729
6100 730
8238 731
9209 732
6813 733
1081 734
9527 735
8493 736
2659 737
3069 738
3086 739
9336 740
3847 741
8843 742
2581 743
876 744
4953 745
5554 746
6864 747
4843 748
9485 749
5391 750
242 751
1608 752
6938 753
8420 754
4506 755
9934 756
2594 757
2576 758
1038 759
4321 760
3338 761
1842 762
4072 763
2749 764
9474 765
6371 766
1003 767
5822 768
1165 769
7387 770
8998 771
5054 772
8311 773
4529 774
9814 775
6222 776
6384 777
8062 778
1038 779
9578 780
6783 781
7117 782
6666 783
7065 784
3989 785
7640 786
5290 787
7992 788
1403 789
7435 790
8769 791
33 792
9623 793
4190 794
4173 795
3936 796
6738 797
1884 798
6670 799
7568 800
4756 801
2075 802
4608 803
5212 804
3419 805
5966 806
4630 807
6799 808
4080 809
9317 810
1755 811
3961 812
1161 813
8785 814
7758 815
9208 816
8338 817
9432 818
2003 819
8890 820
4023 821
8656 822
7889 823
6512 824
5014 825
7335 826
916 827
1344 828
2201 829
1344 830
2764 831
5145 832
1339 833
3880 834
7770 835
4477 836
9652 837
7617 838
4468 839
1361 840
7950 841
4593 842
5784 843
5665 844
9803 845
390 846
8108 847
708 848
5805 849
7426 850
8192 851
6561 852
6822 853
1247 854
8616 855
1125 856
509 857
1954 858
7955 859
6811 860
8428 861
7589 862
383 863
5755 864
314 865
7662 866
6277 867
6194 868
2387 869
3831 870
3421 871
7824 872
1752 873
496 874
1275 875
5630 876
5801 877
7905 878
5653 879
7537 880
7627 881
8497 882
5598 883
373 884
7501 885
43 886
8628 887
5813 888
3098 889
8875 890
7121 891
4969 892
8165 893
1281 894
5690 895
8345 896
1003 897
6996 898
5070 899
4208 900
4004 901
9487 902
1998 903
1710 904
932 905
6869 906
5753 907
6734 908
8404 909
980 910
451 911
8342 912
3793 913
3111 914
8730 915
8127 916
8916 917
4807 918
6964 919
105 920
9570 921
9101 922
166 923
5514 924
4477 925
3913 926
4890 927
446 928
9690 929
5717 930
3330 931
3592 932
5323 933
3921 934
7210 935
6056 936
8795 937
4037 938
9325 939
7254 940
4697 941
9225 942
7692 943
8523 944
2138 945
9635 946
4828 947
6640 948
3548 949
2559 950
1143 951
1511 952
5829 953
1137 954
2294 955
6148 956
6063 957
5113 958
2644 959
9445 960
1459 961
7901 962
2298 963
3607 964
1120 965
1404 966
8012 967
6769 968
1203 969
9232 970
7852 971
8793 972
2688 973
4583 974
5613 975
6124 976
4358 977
7625 978
3716 979
8665 980
8317 981
8544 982
9979 983
6865 984
353 985
7952 986
9002 987
1345 988
6989 989
1563 990
4710 991
3572 992
1207 993
2192 994
2354 995
8182 996
7838 997
4364 998
8109 999
