1300 700
8553 0
2208 1
5728 2
7719 3
10325 4
3517 5
7927 6
10177 7
6018 8
5678 9
10063 10
9496 11
724 12
6714 13
11920 14
1689 15
10024 16
499 17
9908 18
1931 19
6674 20
8292 21
6176 22
9750 23
10255 24
817 25
3924 26
10984 27
854 28
1987 29
4420 30
12859 31
12028 32
8179 33
6000 34
7628 35
8650 36
8357 37
8091 38
1872 39
391 40
12233 41
5645 42
5707 43
11502 44
11165 45
4405 46
12706 47
12735 48
2304 49
7522 50
554 51
11179 52
3280 53
958 54
12465 55
1600 56
3699 57
12236 58
12146 59
11425 60
3330 61
4619 62
12231 63
12333 64
6183 65
5539 66
8224 67
11200 68
1940 69
2217 70
3856 71
1144 72
8720 73
9747 74
6612 75
10174 76
10576 77
3903 78
2557 79
2725 80
10604 81
2842 82
6050 83
4592 84
8138 85
6159 86
3960 87
9944 88
5472 89
11076 90
9098 91
9482 92
11077 93
10506 94
10724 95
4107 96
9743 97
3175 98
5227 99
8520 100
6311 101
10080 102
11611 103
4424 104
435 105
4123 106
11749 107
1220 108
4919 109
9772 110
8979 111
11121 112
7493 113
10561 114
6196 115
10931 116
11046 117
5023 118
11638 119
10473 120
2079 121
3828 122
1637 123
886 124
2095 125
293 126
6071 127
8143 128
4163 129
2152 130
2135 131
11816 132
2936 133
10517 134
11349 135
7987 136
6514 137
11015 138
4215 139
2672 140
8528 141
545 142
11957 143
5615 144
12283 145
11928 146
10460 147
12445 148
4353 149
11810 150
9357 151
788 152
12841 153
519 154
4600 155
9416 156
5455 157
8794 158
6674 159
1171 160
6144 161
1255 162
1008 163
4711 164
2630 165
545 166
9957 167
7905 168
6886 169
150 170
7700 171
12822 172
3118 173
336 174
2204 175
4882 176
3217 177
7331 178
6884 179
7399 180
11046 181
11872 182
12286 183
4699 184
8176 185
7968 186
8877 187
1866 188
11013 189
2969 190
649 191
5862 192
6755 193
4806 194
3763 195
929 196
12178 197
10419 198
1614 199
12992 200
1459 201
3688 202
5933 203
7043 204
10591 205
4116 206
7770 207
7920 208
11839 209
1688 210
5651 211
4224 212
1067 213
3630 214
12669 215
4449 216
103 217
330 218
8638 219
5769 220
175 221
2713 222
5096 223
5864 224
4314 225
8015 226
10995 227
8697 228
4667 229
5485 230
9834 231
7912 232
452 233
12256 234
4155 235
8238 236
10732 237
703 238
6179 239
582 240
4773 241
6469 242
11081 243
8500 244
8056 245
7421 246
572 247
10713 248
3353 249
3036 250
3177 251
16 252
2678 253
8245 254
11737 255
10945 256
9208 257
3572 258
10579 259
7933 260
10011 261
12442 262
7835 263
5296 264
2778 265
10743 266
8869 267
1283 268
2901 269
6529 270
11667 271
4698 272
6256 273
5070 274
12769 275
4635 276
225 277
8136 278
1063 279
8651 280
7251 281
3567 282
8578 283
10121 284
11717 285
2297 286
8427 287
6251 288
6045 289
8301 290
6474 291
4620 292
2623 293
6376 294
10209 295
5397 296
5795 297
1635 298
7430 299
8759 300
2742 301
3773 302
9247 303
1650 304
8460 305
1382 306
12871 307
4291 308
9365 309
12802 310
6572 311
11406 312
4494 313
12254 314
5940 315
11920 316
8240 317
10073 318
897 319
4676 320
9708 321
225 322
2021 323
5367 324
2277 325
4369 326
11764 327
4214 328
274 329
3215 330
12633 331
8953 332
12886 333
370 334
6007 335
8859 336
9323 337
8856 338
9049 339
3541 340
7124 341
9948 342
1539 343
4625 344
7520 345
6791 346
8350 347
9255 348
5298 349
4806 350
7062 351
10222 352
8837 353
12844 354
3887 355
10189 356
9468 357
10532 358
6633 359
5301 360
1561 361
10463 362
340 363
8547 364
942 365
7075 366
11344 367
924 368
7591 369
12815 370
790 371
10619 372
3565 373
10461 374
9801 375
12032 376
5598 377
9444 378
2779 379
8943 380
8642 381
5241 382
1246 383
8710 384
12247 385
8947 386
1671 387
3081 388
3457 389
4898 390
347 391
7901 392
6737 393
1416 394
6649 395
9077 396
6030 397
58 398
141 399
11260 400
12406 401
2461 402
7463 403
3998 404
7839 405
3240 406
12006 407
9968 408
8103 409
6546 410
5310 411
3410 412
1767 413
11369 414
4161 415
5905 416
1341 417
6980 418
12196 419
9392 420
1025 421
12309 422
11715 423
4027 424
2234 425
5880 426
10453 427
5674 428
6908 429
4815 430
12630 431
5282 432
9370 433
6047 434
12662 435
347 436
5899 437
11223 438
10916 439
11057 440
4193 441
12486 442
7239 443
3105 444
2594 445
12560 446
3752 447
7842 448
6673 449
12277 450
4724 451
12377 452
11145 453
5596 454
2664 455
3066 456
6636 457
3916 458
192 459
379 460
1632 461
7476 462
9394 463
534 464
11480 465
9532 466
6705 467
8680 468
6547 469
7461 470
5364 471
866 472
8071 473
12231 474
2902 475
1369 476
9649 477
1015 478
2289 479
10053 480
10820 481
6091 482
8506 483
3341 484
7369 485
392 486
7049 487
4391 488
5388 489
1416 490
2662 491
8077 492
9846 493
5690 494
8367 495
5559 496
2301 497
3005 498
12063 499
1299 500
9111 501
8480 502
11294 503
3656 504
11984 505
4816 506
1931 507
1563 508
5763 509
8483 510
12121 511
12201 512
8004 513
2089 514
10029 515
10066 516
11919 517
3777 518
7114 519
12063 520
9076 521
9401 522
311 523
4635 524
337 525
9278 526
3210 527
8046 528
6930 529
6981 530
3324 531
8035 532
11620 533
10520 534
12267 535
11648 536
10411 537
5541 538
9045 539
1902 540
8599 541
5742 542
3970 543
6628 544
7818 545
8267 546
10783 547
6480 548
2313 549
4185 550
3602 551
3181 552
7351 553
10006 554
1357 555
5072 556
11293 557
249 558
6381 559
3363 560
9268 561
10778 562
1092 563
2646 564
2289 565
2993 566
8279 567
2585 568
3781 569
2530 570
1983 571
9070 572
6226 573
9881 574
679 575
10694 576
11210 577
12404 578
5672 579
12104 580
8599 581
2600 582
4770 583
6649 584
3199 585
3334 586
11761 587
2813 588
3322 589
2167 590
8914 591
2244 592
7298 593
4782 594
492 595
10035 596
6115 597
7589 598
5730 599
1809 600
10792 601
8778 602
9942 603
853 604
12396 605
4811 606
10300 607
5248 608
4788 609
4497 610
3793 611
7239 612
9792 613
3769 614
5883 615
3003 616
7917 617
11385 618
6032 619
5531 620
8189 621
8828 622
8816 623
9416 624
3756 625
2469 626
2289 627
3398 628
8950 629
8703 630
8371 631
3460 632
3502 633
7207 634
10629 635
12344 636
1615 637
184 638
6961 639
287 640
6488 641
112 642
4981 643
11363 644
4615 645
8596 646
7903 647
6335 648
9124 649
1921 650
10040 651
8926 652
4182 653
3716 654
883 655
8354 656
5725 657
5918 658
6922 659
2161 660
5979 661
9439 662
2160 663
10265 664
636 665
2528 666
12349 667
7627 668
12370 669
395 670
6628 671
1312 672
1332 673
3967 674
10667 675
5881 676
7467 677
2374 678
7518 679
5685 680
11518 681
8560 682
3917 683
3927 684
7422 685
2735 686
4899 687
3407 688
6194 689
5097 690
2576 691
10346 692
8592 693
4403 694
1063 695
84 696
2042 697
4397 698
12095 699
1978 700
10640 701
8463 702
11672 703
7577 704
6051 705
11789 706
166 707
2204 708
11154 709
5222 710
9266 711
9975 712
9989 713
10408 714
809 715
6682 716
3818 717
2801 718
4618 719
3180 720
9579 721
7322 722
2403 723
455 724
6785 725
9023 726
3917 727
9048 728
7138 729
8086 730
9312 731
96 732
5397 733
1188 734
3638 735
1693 736
6097 737
4396 738
9747 739
2424 740
11563 741
10955 742
7184 743
4778 744
8997 745
6881 746
6630 747
8379 748
785 749
753 750
1775 751
505 752
12776 753
6006 754
2087 755
835 756
5294 757
12580 758
9635 759
11711 760
2711 761
6809 762
1293 763
1000 764
6029 765
406 766
2826 767
8338 768
3723 769
7467 770
10759 771
11319 772
5632 773
2408 774
7814 775
9557 776
10174 777
12960 778
4659 779
3195 780
5901 781
9103 782
12882 783
6698 784
10165 785
11060 786
4338 787
3063 788
10656 789
8471 790
8935 791
3032 792
10301 793
6213 794
7871 795
6543 796
9083 797
5350 798
2310 799
1312 800
10966 801
3006 802
6951 803
4259 804
7416 805
4184 806
12836 807
1324 808
11700 809
8552 810
3413 811
8126 812
7626 813
9715 814
11696 815
12055 816
7985 817
926 818
620 819
2125 820
10550 821
4982 822
1338 823
7349 824
3990 825
6467 826
11423 827
5823 828
2788 829
5330 830
9331 831
2615 832
5708 833
10895 834
5036 835
1814 836
3514 837
9680 838
5220 839
9678 840
12848 841
9556 842
8994 843
4527 844
12991 845
11112 846
12217 847
10846 848
1276 849
12965 850
12723 851
4505 852
12002 853
4537 854
5388 855
1778 856
2923 857
2098 858
4424 859
2248 860
5455 861
8190 862
4844 863
1066 864
12959 865
828 866
12053 867
8189 868
1704 869
5727 870
7514 871
6041 872
7433 873
8560 874
7630 875
7053 876
8376 877
10703 878
11786 879
925 880
5250 881
3644 882
1617 883
8911 884
1299 885
9994 886
10577 887
8709 888
9566 889
2756 890
2557 891
10988 892
7956 893
227 894
1686 895
10484 896
6684 897
5812 898
292 899
5032 900
3526 901
4297 902
4475 903
12888 904
12119 905
1696 906
3803 907
11127 908
4078 909
4281 910
10314 911
9529 912
5274 913
6136 914
12216 915
3487 916
9566 917
2581 918
8419 919
1876 920
12267 921
9871 922
5565 923
7617 924
8223 925
11647 926
11540 927
8303 928
4521 929
12688 930
11447 931
975 932
9258 933
2146 934
10430 935
4957 936
9646 937
12260 938
2154 939
10101 940
5755 941
4096 942
4148 943
9773 944
7462 945
10935 946
9510 947
10999 948
2106 949
8659 950
1982 951
12329 952
9030 953
5329 954
4445 955
3036 956
6022 957
5849 958
6906 959
2788 960
10847 961
825 962
3446 963
119 964
5300 965
10992 966
4882 967
8228 968
3196 969
5495 970
7107 971
7671 972
8776 973
9337 974
6995 975
12723 976
5280 977
4143 978
9707 979
12263 980
44 981
3586 982
3541 983
12424 984
6838 985
8596 986
7573 987
12144 988
5677 989
7864 990
11152 991
6350 992
1034 993
8676 994
2024 995
4087 996
4243 997
7743 998
8045 999
12569 1000
11053 1001
9387 1002
11174 1003
4955 1004
8679 1005
6783 1006
5921 1007
12091 1008
3134 1009
11407 1010
6116 1011
5464 1012
2001 1013
4959 1014
3441 1015
1458 1016
6310 1017
7099 1018
2458 1019
3055 1020
6522 1021
2854 1022
11886 1023
3933 1024
5561 1025
592 1026
9437 1027
5387 1028
10280 1029
7605 1030
6075 1031
5952 1032
4472 1033
9800 1034
1305 1035
5133 1036
6338 1037
7391 1038
9708 1039
7344 1040
490 1041
2363 1042
2969 1043
6291 1044
11632 1045
10295 1046
2792 1047
1844 1048
12108 1049
11565 1050
11312 1051
3753 1052
5959 1053
11508 1054
12118 1055
10922 1056
2562 1057
6183 1058
8504 1059
7317 1060
8917 1061
1853 1062
11227 1063
9838 1064
12558 1065
6938 1066
7697 1067
10781 1068
1382 1069
7244 1070
926 1071
1786 1072
5835 1073
2180 1074
7926 1075
2960 1076
553 1077
60 1078
4487 1079
1937 1080
10434 1081
5468 1082
294 1083
1068 1084
7915 1085
7327 1086
9167 1087
3501 1088
11783 1089
10544 1090
5856 1091
8870 1092
5026 1093
7651 1094
12710 1095
578 1096
4712 1097
9284 1098
7792 1099
9926 1100
6966 1101
1737 1102
8221 1103
488 1104
8852 1105
9012 1106
4367 1107
4824 1108
5370 1109
9221 1110
1270 1111
11008 1112
9637 1113
4864 1114
7734 1115
3883 1116
3225 1117
1651 1118
12357 1119
6205 1120
5121 1121
8906 1122
6835 1123
9015 1124
11714 1125
9996 1126
6586 1127
8470 1128
5451 1129
10968 1130
11280 1131
7409 1132
12627 1133
4905 1134
5983 1135
703 1136
4774 1137
53 1138
7504 1139
11241 1140
4534 1141
7167 1142
11503 1143
3879 1144
786 1145
5087 1146
7662 1147
11950 1148
8228 1149
9311 1150
3989 1151
8843 1152
5806 1153
5784 1154
3864 1155
3218 1156
8130 1157
2485 1158
128 1159
9005 1160
12135 1161
6385 1162
3412 1163
443 1164
10135 1165
6179 1166
9784 1167
12377 1168
5577 1169
11740 1170
2584 1171
5185 1172
5235 1173
6909 1174
704 1175
12705 1176
8733 1177
7586 1178
1561 1179
8139 1180
8982 1181
6143 1182
1503 1183
10474 1184
9976 1185
10406 1186
8835 1187
11936 1188
601 1189
9010 1190
7329 1191
9818 1192
486 1193
386 1194
11277 1195
4843 1196
3513 1197
11354 1198
648 1199
6454 1200
6072 1201
4172 1202
5809 1203
2436 1204
2981 1205
4915 1206
12221 1207
2781 1208
494 1209
8444 1210
3377 1211
6074 1212
999 1213
11790 1214
11255 1215
3104 1216
12336 1217
11072 1218
2732 1219
5119 1220
11313 1221
7291 1222
8382 1223
8946 1224
11787 1225
3561 1226
7527 1227
10074 1228
9799 1229
10884 1230
4784 1231
11103 1232
558 1233
1299 1234
8859 1235
10052 1236
328 1237
1266 1238
9341 1239
7871 1240
666 1241
9959 1242
8529 1243
11380 1244
2677 1245
111 1246
8379 1247
265 1248
5788 1249
9965 1250
4925 1251
2568 1252
2240 1253
7706 1254
1568 1255
4342 1256
9662 1257
7822 1258
2023 1259
11301 1260
5340 1261
7512 1262
1827 1263
5139 1264
12505 1265
9602 1266
1597 1267
425 1268
11685 1269
4830 1270
7132 1271
3776 1272
11330 1273
7689 1274
11680 1275
4503 1276
5206 1277
2062 1278
10179 1279
3652 1280
2408 1281
12558 1282
5040 1283
5936 1284
3387 1285
8414 1286
11050 1287
12000 1288
1602 1289
3953 1290
4340 1291
5225 1292
1865 1293
10608 1294
12221 1295
9565 1296
7753 1297
6076 1298
3607 1299
