1600 1150
6490 0
6296 1
6456 2
9288 3
11602 4
5184 5
8580 6
11535 7
4735 8
14956 9
2198 10
2179 11
6413 12
9891 13
1723 14
839 15
2802 16
11661 17
14642 18
15614 19
10805 20
8556 21
9591 22
1968 23
4181 24
6608 25
5874 26
7501 27
1691 28
9017 29
7990 30
9994 31
6903 32
9107 33
6772 34
13184 35
717 36
833 37
3436 38
15192 39
7147 40
10997 41
6504 42
8066 43
4894 44
11012 45
1435 46
2291 47
2343 48
3360 49
8815 50
3349 51
13541 52
6230 53
6391 54
11250 55
11127 56
8719 57
11892 58
7309 59
13091 60
4516 61
11772 62
13423 63
2209 64
13650 65
9405 66
6138 67
13125 68
15681 69
3142 70
7171 71
13557 72
15918 73
12074 74
4327 75
11457 76
1009 77
14103 78
11467 79
12522 80
5646 81
15297 82
14895 83
1608 84
10559 85
5890 86
3834 87
13149 88
5392 89
15775 90
4941 91
7561 92
3361 93
14109 94
12885 95
15024 96
9770 97
4911 98
8854 99
11666 100
15130 101
6712 102
7617 103
14568 104
1113 105
13882 106
10936 107
443 108
1032 109
1514 110
61 111
15510 112
6212 113
6072 114
7376 115
14209 116
15865 117
14398 118
1650 119
12705 120
10242 121
9375 122
13503 123
13875 124
12869 125
11564 126
2285 127
9821 128
7466 129
5518 130
5842 131
2918 132
1058 133
10690 134
5627 135
10327 136
3949 137
569 138
9330 139
10312 140
9128 141
685 142
10433 143
10062 144
15766 145
11163 146
7783 147
11055 148
6587 149
6179 150
150 151
13775 152
8022 153
12006 154
6376 155
15655 156
15554 157
2261 158
15058 159
7920 160
2412 161
2595 162
8412 163
10254 164
7456 165
9321 166
2351 167
15221 168
1789 169
12121 170
11699 171
7297 172
15601 173
3211 174
3139 175
1947 176
1054 177
4761 178
7701 179
10441 180
2078 181
13734 182
13336 183
10108 184
12791 185
7640 186
1409 187
3426 188
5970 189
8005 190
4103 191
15066 192
10136 193
3848 194
6899 195
14378 196
13442 197
1420 198
3791 199
11623 200
12445 201
3123 202
12797 203
13641 204
11327 205
12542 206
1151 207
15310 208
6207 209
2890 210
7322 211
7838 212
10631 213
1962 214
12058 215
13037 216
2133 217
5905 218
15094 219
2825 220
14459 221
2705 222
13472 223
587 224
3504 225
10237 226
10152 227
199 228
12708 229
15081 230
5621 231
3863 232
5941 233
640 234
2914 235
8357 236
11478 237
3463 238
8388 239
6778 240
6884 241
12386 242
14174 243
3038 244
10950 245
1706 246
4049 247
374 248
2376 249
8284 250
1203 251
9350 252
11393 253
15311 254
12909 255
13022 256
4147 257
5869 258
6969 259
2024 260
1341 261
12148 262
2093 263
1964 264
9058 265
7249 266
11064 267
5288 268
13792 269
11900 270
6925 271
11999 272
4350 273
6319 274
13015 275
11669 276
895 277
5406 278
6520 279
6229 280
12397 281
4529 282
11146 283
15887 284
10924 285
6615 286
11874 287
2599 288
6885 289
4795 290
5344 291
14283 292
4890 293
12545 294
11085 295
15802 296
12543 297
6607 298
15006 299
13926 300
13720 301
8657 302
9554 303
14275 304
4207 305
1563 306
15867 307
10160 308
11537 309
6404 310
4081 311
10780 312
4265 313
504 314
5343 315
850 316
275 317
11076 318
15103 319
15106 320
293 321
364 322
585 323
9398 324
13679 325
15339 326
62 327
198 328
5889 329
14160 330
3173 331
14061 332
1208 333
12844 334
6893 335
14542 336
9678 337
4617 338
1733 339
1774 340
5991 341
1265 342
14378 343
7748 344
944 345
12024 346
6254 347
7473 348
10671 349
3869 350
1278 351
10838 352
2675 353
9948 354
4905 355
2969 356
6826 357
8861 358
239 359
13487 360
13125 361
12444 362
506 363
10130 364
5192 365
3071 366
4325 367
6995 368
13805 369
4070 370
1544 371
3017 372
1741 373
5601 374
2999 375
7156 376
295 377
4737 378
3914 379
13188 380
632 381
2443 382
13989 383
13082 384
260 385
2654 386
3033 387
9608 388
1860 389
15278 390
11459 391
4784 392
350 393
52 394
15034 395
7063 396
7042 397
4284 398
15758 399
13531 400
9238 401
65 402
6978 403
10451 404
12709 405
13825 406
6175 407
10605 408
3764 409
3669 410
1894 411
13321 412
6497 413
5686 414
6950 415
14742 416
10532 417
7897 418
8104 419
13526 420
10840 421
13712 422
11822 423
3839 424
6474 425
10910 426
3973 427
5656 428
13836 429
3025 430
491 431
1067 432
6219 433
11740 434
8336 435
7883 436
9342 437
14018 438
10772 439
2778 440
5981 441
13412 442
7201 443
5301 444
2609 445
14397 446
5445 447
8559 448
14791 449
4328 450
2974 451
632 452
15152 453
3928 454
9382 455
7233 456
5310 457
5498 458
11063 459
11397 460
11723 461
2596 462
7620 463
4485 464
2417 465
10366 466
11231 467
9369 468
7704 469
2973 470
7341 471
370 472
3463 473
13173 474
914 475
3121 476
5176 477
4146 478
12749 479
15919 480
9677 481
3723 482
1227 483
5863 484
3010 485
11433 486
11494 487
7821 488
1671 489
13616 490
1058 491
8482 492
7711 493
6433 494
6704 495
3129 496
1983 497
3578 498
14603 499
15786 500
12339 501
1110 502
14706 503
3177 504
2975 505
4877 506
6912 507
593 508
6605 509
15910 510
15952 511
15486 512
14276 513
2253 514
9645 515
10245 516
8961 517
14851 518
6900 519
1559 520
8755 521
8144 522
8634 523
6884 524
14114 525
11143 526
1709 527
15654 528
539 529
5507 530
6475 531
11270 532
446 533
2817 534
8377 535
1151 536
7209 537
8125 538
4056 539
12421 540
15260 541
582 542
2582 543
15225 544
1748 545
12116 546
13562 547
5703 548
12923 549
8615 550
3125 551
6877 552
10301 553
11302 554
4914 555
13917 556
9596 557
3670 558
4564 559
1359 560
13901 561
13736 562
14209 563
6971 564
7664 565
11829 566
13494 567
7152 568
11950 569
12375 570
12312 571
2609 572
6915 573
8691 574
13349 575
3154 576
10343 577
12640 578
2473 579
3227 580
9839 581
13728 582
7527 583
2076 584
1777 585
5788 586
709 587
1106 588
5885 589
3042 590
7753 591
12980 592
7329 593
7591 594
9773 595
12032 596
1554 597
10198 598
11411 599
10903 600
6324 601
6519 602
15626 603
5247 604
11203 605
877 606
15613 607
3314 608
10682 609
12989 610
9245 611
1484 612
6038 613
104 614
5529 615
4742 616
8642 617
15555 618
11902 619
14681 620
10217 621
14124 622
13182 623
920 624
7098 625
10080 626
60 627
9190 628
12169 629
8959 630
12207 631
749 632
12489 633
11965 634
14184 635
6092 636
1035 637
13133 638
6256 639
7411 640
7773 641
2688 642
4114 643
6632 644
3716 645
13192 646
13561 647
4721 648
1245 649
8607 650
521 651
6985 652
4793 653
10295 654
3832 655
6192 656
10078 657
8348 658
5263 659
899 660
15132 661
5884 662
12432 663
1768 664
7895 665
4034 666
6808 667
195 668
12613 669
14152 670
2876 671
1019 672
13737 673
15747 674
14820 675
8479 676
10580 677
7885 678
11745 679
9876 680
6572 681
8847 682
10727 683
12064 684
12441 685
8873 686
274 687
8864 688
14503 689
13786 690
7967 691
2204 692
11088 693
13504 694
80 695
14328 696
15765 697
7529 698
3677 699
11449 700
15373 701
1085 702
6394 703
10138 704
11584 705
5393 706
4801 707
95 708
5163 709
10690 710
1046 711
12667 712
6837 713
14462 714
3890 715
4558 716
4807 717
2968 718
1556 719
10308 720
6217 721
3548 722
10236 723
5184 724
10194 725
4480 726
3864 727
10633 728
4086 729
6811 730
7814 731
2988 732
5468 733
12777 734
4315 735
10044 736
15209 737
1261 738
10838 739
2440 740
13127 741
9395 742
7394 743
3438 744
14346 745
1253 746
12871 747
5629 748
13158 749
4877 750
8969 751
11101 752
5733 753
12080 754
9316 755
348 756
5204 757
10195 758
1361 759
1529 760
13089 761
13060 762
5077 763
14977 764
7290 765
7210 766
14253 767
14371 768
13865 769
7663 770
5094 771
10499 772
2457 773
6175 774
13624 775
11200 776
12309 777
1335 778
1466 779
4863 780
7192 781
12485 782
14435 783
7335 784
1275 785
10856 786
3770 787
12709 788
7761 789
10300 790
14113 791
8778 792
11742 793
14116 794
6921 795
5892 796
3703 797
1317 798
1816 799
928 800
4644 801
5417 802
12580 803
3502 804
6695 805
255 806
9827 807
13380 808
4211 809
3181 810
1995 811
10419 812
6562 813
14637 814
13307 815
1658 816
7616 817
12918 818
9940 819
15923 820
11046 821
15927 822
561 823
6230 824
3817 825
8673 826
10288 827
2462 828
13387 829
507 830
13542 831
7636 832
9922 833
3119 834
5936 835
5002 836
8887 837
4509 838
9019 839
13911 840
14544 841
9093 842
5768 843
3055 844
14917 845
8133 846
9459 847
12089 848
5005 849
12873 850
6789 851
13012 852
9092 853
5345 854
1313 855
15043 856
15160 857
2345 858
13215 859
9232 860
8771 861
14793 862
9349 863
6224 864
11208 865
3269 866
11399 867
5009 868
15141 869
11133 870
3950 871
11099 872
5049 873
2870 874
10197 875
12772 876
1251 877
2332 878
2398 879
9976 880
8285 881
10 882
13386 883
12370 884
5768 885
15189 886
6003 887
11541 888
4465 889
12123 890
1198 891
12683 892
5020 893
10011 894
14366 895
3991 896
15680 897
5207 898
15014 899
13329 900
12727 901
7465 902
14994 903
15725 904
14001 905
651 906
15310 907
12946 908
9148 909
6801 910
11486 911
7848 912
4391 913
11500 914
13751 915
291 916
8224 917
6432 918
12020 919
2086 920
3686 921
1192 922
2180 923
14504 924
7198 925
9530 926
4209 927
15581 928
13901 929
8491 930
14998 931
12438 932
9921 933
4657 934
4667 935
3964 936
15053 937
9920 938
14891 939
14285 940
1147 941
5152 942
11666 943
3806 944
5904 945
4833 946
9855 947
14498 948
10432 949
7965 950
15546 951
8881 952
15413 953
12070 954
870 955
10455 956
2484 957
7774 958
1464 959
3869 960
4685 961
8049 962
14582 963
13383 964
6125 965
11786 966
10681 967
12853 968
10056 969
6938 970
2514 971
11602 972
15424 973
680 974
8183 975
4729 976
9504 977
12691 978
11051 979
1048 980
12978 981
7713 982
252 983
3829 984
8299 985
12139 986
8527 987
9070 988
3446 989
5100 990
13970 991
5113 992
4244 993
5567 994
5472 995
1390 996
6920 997
14082 998
9732 999
1128 1000
5317 1001
12934 1002
10990 1003
6712 1004
1689 1005
9058 1006
9702 1007
7672 1008
11637 1009
15267 1010
2816 1011
11814 1012
6451 1013
2635 1014
5567 1015
7707 1016
12474 1017
15449 1018
4603 1019
4835 1020
11511 1021
13343 1022
997 1023
8855 1024
14743 1025
1596 1026
7461 1027
7978 1028
4557 1029
3795 1030
8963 1031
12804 1032
10563 1033
9485 1034
682 1035
4976 1036
14553 1037
4198 1038
1869 1039
7123 1040
6921 1041
5903 1042
10532 1043
7995 1044
3151 1045
5354 1046
3287 1047
595 1048
12376 1049
14528 1050
3339 1051
1743 1052
14552 1053
2447 1054
11718 1055
3863 1056
5226 1057
12270 1058
5436 1059
12516 1060
13152 1061
5376 1062
6366 1063
12019 1064
14880 1065
12964 1066
2164 1067
1945 1068
9727 1069
8236 1070
14741 1071
1651 1072
3622 1073
10003 1074
3683 1075
6590 1076
7919 1077
7690 1078
11290 1079
12357 1080
12694 1081
5406 1082
12876 1083
8671 1084
11599 1085
11544 1086
6884 1087
15910 1088
642 1089
6326 1090
8736 1091
2907 1092
8904 1093
12306 1094
10942 1095
1015 1096
13377 1097
13722 1098
3527 1099
9448 1100
1285 1101
7542 1102
14266 1103
4642 1104
4237 1105
4988 1106
11152 1107
13764 1108
8672 1109
9079 1110
11906 1111
3084 1112
11503 1113
8845 1114
7403 1115
3427 1116
8949 1117
5485 1118
13210 1119
14671 1120
11495 1121
12155 1122
11222 1123
12013 1124
4402 1125
11662 1126
7412 1127
6416 1128
5241 1129
6594 1130
147 1131
12027 1132
4777 1133
6558 1134
12881 1135
806 1136
5054 1137
2014 1138
10749 1139
3397 1140
948 1141
9813 1142
6753 1143
7132 1144
12913 1145
12241 1146
863 1147
14322 1148
10156 1149
4269 1150
529 1151
5036 1152
5795 1153
6853 1154
1141 1155
13384 1156
14741 1157
342 1158
10622 1159
15804 1160
11372 1161
1511 1162
12756 1163
3203 1164
2950 1165
2633 1166
7195 1167
1941 1168
9658 1169
9685 1170
6604 1171
7080 1172
9585 1173
4530 1174
11081 1175
5520 1176
6574 1177
5111 1178
11017 1179
4698 1180
9543 1181
15298 1182
188 1183
14434 1184
8488 1185
3301 1186
13565 1187
1141 1188
8131 1189
2953 1190
6285 1191
7049 1192
5120 1193
8058 1194
8440 1195
976 1196
4394 1197
12314 1198
5784 1199
273 1200
3939 1201
1202 1202
14456 1203
12327 1204
5589 1205
13810 1206
1261 1207
11240 1208
12716 1209
4538 1210
2403 1211
9664 1212
2336 1213
9895 1214
13182 1215
12744 1216
12183 1217
9700 1218
7279 1219
13767 1220
7843 1221
5678 1222
11839 1223
959 1224
8509 1225
4893 1226
9534 1227
10142 1228
2499 1229
3353 1230
14209 1231
9720 1232
14687 1233
2019 1234
5169 1235
10246 1236
2189 1237
14574 1238
6313 1239
5198 1240
10099 1241
2223 1242
13179 1243
13043 1244
10057 1245
14381 1246
12859 1247
5999 1248
1868 1249
12627 1250
7283 1251
438 1252
2940 1253
3069 1254
12234 1255
11305 1256
8496 1257
4956 1258
15263 1259
12109 1260
9092 1261
12824 1262
8626 1263
12661 1264
8570 1265
12068 1266
4250 1267
11722 1268
2559 1269
5524 1270
13505 1271
1731 1272
15954 1273
8956 1274
15568 1275
336 1276
3867 1277
8382 1278
5434 1279
10472 1280
1152 1281
8696 1282
12987 1283
6546 1284
5889 1285
12496 1286
6469 1287
9301 1288
3367 1289
1664 1290
13705 1291
8914 1292
6650 1293
9113 1294
14353 1295
5490 1296
15234 1297
6442 1298
12830 1299
4440 1300
688 1301
13231 1302
8359 1303
4553 1304
474 1305
8731 1306
6979 1307
5393 1308
7722 1309
7534 1310
8422 1311
14906 1312
8811 1313
9090 1314
7535 1315
13097 1316
11007 1317
5727 1318
12708 1319
7095 1320
10457 1321
313 1322
13413 1323
967 1324
6978 1325
6622 1326
8566 1327
6347 1328
5486 1329
12203 1330
13307 1331
5497 1332
7619 1333
13367 1334
13798 1335
8299 1336
15227 1337
3893 1338
10794 1339
805 1340
5747 1341
14692 1342
11632 1343
8018 1344
7922 1345
705 1346
11822 1347
817 1348
1631 1349
11519 1350
1820 1351
14508 1352
2482 1353
4227 1354
13688 1355
2638 1356
2978 1357
4443 1358
8414 1359
3676 1360
9744 1361
7269 1362
5161 1363
1085 1364
13481 1365
2697 1366
14483 1367
12397 1368
8687 1369
12486 1370
8751 1371
8636 1372
10394 1373
14077 1374
14433 1375
11317 1376
3230 1377
8477 1378
1213 1379
7527 1380
14446 1381
11560 1382
9255 1383
3676 1384
11004 1385
13481 1386
13305 1387
6264 1388
379 1389
15965 1390
3241 1391
5393 1392
13993 1393
2588 1394
10303 1395
11274 1396
7694 1397
1535 1398
4408 1399
9999 1400
998 1401
7690 1402
2870 1403
3332 1404
13151 1405
9616 1406
10940 1407
211 1408
3023 1409
7998 1410
2015 1411
8889 1412
2578 1413
11773 1414
12219 1415
175 1416
13185 1417
6724 1418
8573 1419
5989 1420
314 1421
963 1422
7833 1423
12827 1424
2625 1425
9728 1426
2197 1427
8866 1428
2494 1429
7692 1430
3960 1431
15206 1432
2204 1433
2620 1434
1737 1435
1479 1436
5285 1437
13779 1438
2703 1439
3480 1440
2056 1441
14759 1442
11902 1443
3204 1444
9432 1445
6901 1446
1408 1447
9005 1448
8018 1449
12952 1450
536 1451
63 1452
5923 1453
2561 1454
2013 1455
7336 1456
3590 1457
1419 1458
5670 1459
14259 1460
12796 1461
1734 1462
4430 1463
3861 1464
6050 1465
9830 1466
8019 1467
15190 1468
12360 1469
9036 1470
3987 1471
2955 1472
13692 1473
11509 1474
8215 1475
2025 1476
13715 1477
8803 1478
12313 1479
288 1480
1243 1481
1024 1482
13744 1483
7321 1484
13653 1485
8302 1486
13426 1487
1733 1488
2322 1489
11094 1490
5798 1491
13766 1492
12077 1493
12987 1494
12888 1495
6068 1496
13240 1497
13876 1498
15798 1499
531 1500
11621 1501
5400 1502
6496 1503
547 1504
11931 1505
12823 1506
13266 1507
4360 1508
6220 1509
2064 1510
9226 1511
9625 1512
8127 1513
3235 1514
3380 1515
14334 1516
5260 1517
11164 1518
652 1519
14169 1520
816 1521
8770 1522
6340 1523
7859 1524
2314 1525
15771 1526
1218 1527
6347 1528
12284 1529
8590 1530
3693 1531
13336 1532
10589 1533
3794 1534
12848 1535
13526 1536
14862 1537
2871 1538
5124 1539
5999 1540
268 1541
14726 1542
4018 1543
7709 1544
8021 1545
850 1546
10136 1547
14397 1548
8108 1549
15221 1550
8893 1551
12693 1552
3048 1553
9991 1554
1095 1555
9340 1556
6817 1557
11013 1558
15683 1559
2543 1560
8319 1561
7716 1562
525 1563
13008 1564
1981 1565
14740 1566
4543 1567
3747 1568
12353 1569
2082 1570
2125 1571
5772 1572
14197 1573
5416 1574
10477 1575
11921 1576
7857 1577
15855 1578
13898 1579
4116 1580
10999 1581
2581 1582
5509 1583
8759 1584
103 1585
13284 1586
12123 1587
14395 1588
8161 1589
15005 1590
4401 1591
13733 1592
1466 1593
10237 1594
15203 1595
14772 1596
11392 1597
11847 1598
11684 1599
