1100 1350
10677 0
492 1
1743 2
687 3
906 4
2012 5
10718 6
6129 7
3547 8
4079 9
7760 10
5384 11
8687 12
5274 13
9027 14
750 15
5672 16
6097 17
380 18
1003 19
7467 20
2976 21
3425 22
3452 23
7577 24
6241 25
7492 26
8665 27
5192 28
1757 29
5084 30
5103 31
3129 32
1446 33
1734 34
7575 35
1833 36
8122 37
842 38
2649 39
2437 40
5781 41
2995 42
9821 43
4246 44
8733 45
3797 46
661 47
8315 48
3261 49
8818 50
4817 51
10780 52
1531 53
3780 54
10025 55
3589 56
128 57
7632 58
5906 59
5547 60
4726 61
6600 62
894 63
5966 64
9653 65
8376 66
7031 67
2020 68
8402 69
274 70
3023 71
2387 72
2366 73
5896 74
1553 75
10611 76
3868 77
7657 78
2943 79
9799 80
10131 81
855 82
470 83
10240 84
6103 85
8378 86
4016 87
215 88
1630 89
6533 90
2122 91
10444 92
1068 93
4651 94
3376 95
849 96
9545 97
4179 98
3342 99
4092 100
7108 101
6904 102
6901 103
9096 104
6010 105
5313 106
6127 107
9684 108
1676 109
2735 110
1756 111
2096 112
2105 113
747 114
6005 115
1818 116
6953 117
9687 118
2755 119
6443 120
6928 121
5535 122
3052 123
2167 124
776 125
9432 126
10179 127
8380 128
3711 129
2285 130
10853 131
1467 132
3943 133
2019 134
732 135
36 136
4796 137
2054 138
9867 139
9891 140
2684 141
2746 142
8387 143
4886 144
6253 145
6455 146
7832 147
8168 148
6730 149
10382 150
3278 151
6040 152
3304 153
3749 154
7742 155
5797 156
5804 157
7025 158
10169 159
828 160
157 161
5493 162
10282 163
3043 164
2595 165
4413 166
3638 167
6128 168
8924 169
7255 170
82 171
7189 172
1244 173
6637 174
207 175
192 176
5242 177
1650 178
6860 179
3478 180
3646 181
10084 182
206 183
5964 184
4240 185
1740 186
2174 187
8874 188
3158 189
6742 190
854 191
303 192
7113 193
5661 194
10096 195
8662 196
8954 197
6666 198
6933 199
695 200
5061 201
8261 202
10746 203
5479 204
1893 205
6248 206
10307 207
3865 208
3814 209
3207 210
9069 211
10023 212
9362 213
7753 214
1462 215
6231 216
10114 217
8436 218
6003 219
8910 220
6006 221
10684 222
6233 223
3790 224
9042 225
9162 226
9641 227
5160 228
7385 229
10090 230
4078 231
2753 232
1116 233
6789 234
7291 235
3581 236
10587 237
2207 238
9228 239
7479 240
3625 241
8676 242
6956 243
9868 244
6540 245
10003 246
10969 247
4862 248
4732 249
9202 250
6338 251
10279 252
5748 253
60 254
8599 255
8293 256
2378 257
1532 258
2343 259
3193 260
8958 261
8713 262
4869 263
4659 264
8053 265
3225 266
5970 267
10325 268
9565 269
7008 270
6919 271
1240 272
1687 273
4563 274
9407 275
1777 276
1117 277
5351 278
4179 279
4814 280
9048 281
7582 282
316 283
7102 284
1812 285
9706 286
6543 287
63 288
6930 289
8553 290
3147 291
7047 292
1708 293
7500 294
1675 295
8531 296
1631 297
3122 298
1527 299
9014 300
2068 301
10331 302
8320 303
5534 304
1550 305
3482 306
3852 307
9289 308
6731 309
9114 310
4273 311
6523 312
3004 313
7474 314
237 315
1673 316
3007 317
6454 318
6676 319
6448 320
3324 321
2161 322
9385 323
7512 324
2922 325
9532 326
8600 327
5669 328
5268 329
5665 330
6696 331
3577 332
7931 333
4828 334
5056 335
6788 336
7142 337
2908 338
9270 339
2348 340
9973 341
7373 342
2309 343
1040 344
252 345
4370 346
2021 347
8386 348
9452 349
489 350
7378 351
7911 352
4328 353
2603 354
6422 355
10390 356
5996 357
10837 358
5903 359
777 360
9270 361
6941 362
7528 363
3692 364
7322 365
2910 366
8777 367
9163 368
6723 369
7190 370
10221 371
4758 372
113 373
5369 374
1245 375
6452 376
622 377
8018 378
3283 379
6641 380
4667 381
7446 382
10173 383
6329 384
7960 385
1398 386
1033 387
2174 388
8631 389
4600 390
1965 391
9427 392
8806 393
9877 394
7700 395
7537 396
3975 397
8932 398
9868 399
5173 400
5607 401
4076 402
3271 403
5693 404
4709 405
6331 406
8966 407
5502 408
627 409
9629 410
4143 411
3978 412
8511 413
7751 414
5231 415
6095 416
4685 417
1280 418
4223 419
10989 420
8402 421
2677 422
8322 423
10085 424
9289 425
8520 426
9164 427
8319 428
5442 429
5295 430
7368 431
141 432
6215 433
4991 434
4849 435
1760 436
1899 437
6150 438
1427 439
2102 440
3345 441
5452 442
2174 443
3418 444
1917 445
6151 446
5355 447
9928 448
4120 449
10130 450
6016 451
10339 452
5692 453
3197 454
10236 455
3329 456
8310 457
1267 458
5840 459
5500 460
982 461
3519 462
1697 463
8313 464
9649 465
6702 466
3962 467
571 468
7017 469
2978 470
9564 471
8125 472
10281 473
2782 474
4499 475
2427 476
9778 477
7376 478
2486 479
2611 480
4407 481
206 482
420 483
7781 484
10692 485
4971 486
2527 487
10822 488
130 489
6801 490
1110 491
8955 492
9651 493
8692 494
5307 495
5775 496
6706 497
10423 498
2527 499
7813 500
8649 501
7862 502
3354 503
5784 504
2610 505
8131 506
2480 507
7864 508
615 509
4660 510
10404 511
6597 512
10724 513
9777 514
671 515
8885 516
7256 517
7002 518
4753 519
7935 520
6807 521
3156 522
6051 523
810 524
10578 525
8113 526
2656 527
1449 528
5339 529
10667 530
1160 531
1348 532
7327 533
5011 534
4548 535
7485 536
10632 537
7544 538
8647 539
5197 540
9604 541
7840 542
9395 543
4817 544
444 545
2662 546
7358 547
3390 548
7616 549
8385 550
5287 551
2959 552
9075 553
3281 554
9070 555
2715 556
6034 557
2186 558
9911 559
2392 560
3467 561
4481 562
9732 563
3888 564
10759 565
8526 566
4612 567
9106 568
6668 569
9877 570
9918 571
6785 572
1662 573
6867 574
9120 575
7158 576
8050 577
4961 578
4273 579
727 580
5451 581
9732 582
6270 583
2963 584
1308 585
5803 586
9331 587
1290 588
8693 589
5036 590
2851 591
1137 592
5052 593
4020 594
5170 595
1126 596
10582 597
7507 598
6203 599
9337 600
7526 601
8235 602
6934 603
221 604
7310 605
7394 606
7171 607
6182 608
5701 609
10381 610
8737 611
10063 612
10561 613
351 614
5527 615
10326 616
9041 617
1012 618
64 619
8953 620
1088 621
6803 622
1549 623
3413 624
6910 625
1798 626
4207 627
2339 628
8511 629
4332 630
6219 631
6262 632
7986 633
6056 634
2410 635
700 636
10396 637
2048 638
4049 639
4194 640
543 641
180 642
5758 643
986 644
880 645
10091 646
3751 647
5078 648
8764 649
4019 650
90 651
9986 652
2982 653
9117 654
8158 655
2473 656
436 657
9943 658
9433 659
5855 660
4868 661
6752 662
10752 663
8748 664
460 665
5841 666
6124 667
9712 668
1586 669
10771 670
6876 671
536 672
9298 673
3372 674
9885 675
1817 676
9471 677
6317 678
4633 679
6378 680
8697 681
7196 682
3123 683
7064 684
10074 685
3445 686
6858 687
3164 688
8499 689
10804 690
8110 691
2632 692
9700 693
2754 694
6202 695
2283 696
6924 697
928 698
1991 699
5027 700
4106 701
6898 702
5756 703
395 704
1922 705
3732 706
1337 707
4906 708
2812 709
7586 710
4004 711
7729 712
388 713
3441 714
7681 715
7113 716
10798 717
3045 718
2551 719
212 720
9208 721
190 722
1981 723
2655 724
6288 725
8227 726
3422 727
5663 728
7401 729
5959 730
10892 731
4383 732
1526 733
3756 734
10915 735
6845 736
5913 737
10834 738
1636 739
6033 740
3057 741
587 742
10342 743
6631 744
8252 745
2949 746
7333 747
5926 748
7797 749
9398 750
1425 751
7128 752
8187 753
1421 754
8357 755
9436 756
9287 757
7295 758
8232 759
8044 760
5977 761
7386 762
2895 763
4643 764
3154 765
5170 766
909 767
100 768
9632 769
10405 770
929 771
10925 772
3129 773
4263 774
149 775
7765 776
2976 777
6069 778
6469 779
3899 780
3783 781
2626 782
6094 783
2249 784
911 785
7808 786
5318 787
9073 788
5806 789
480 790
4887 791
10756 792
9864 793
1376 794
7007 795
6868 796
1533 797
6195 798
5182 799
2568 800
3116 801
3446 802
7755 803
7863 804
6882 805
3893 806
10242 807
1803 808
6757 809
1735 810
10988 811
3621 812
6839 813
3953 814
8084 815
4627 816
8757 817
3045 818
6551 819
5500 820
3457 821
2835 822
562 823
7011 824
4892 825
5187 826
7275 827
7599 828
10604 829
1186 830
5804 831
6132 832
10953 833
6130 834
5919 835
971 836
3965 837
571 838
7386 839
4960 840
918 841
2816 842
4627 843
3925 844
5855 845
8718 846
9956 847
2127 848
7163 849
57 850
5592 851
6231 852
10192 853
6471 854
7306 855
8590 856
1063 857
8677 858
2637 859
5449 860
8866 861
7569 862
2252 863
9254 864
7663 865
713 866
2989 867
6659 868
2108 869
5408 870
5939 871
2090 872
2645 873
2934 874
6365 875
7234 876
4654 877
5819 878
7885 879
811 880
5948 881
7016 882
8981 883
1802 884
4286 885
1532 886
2013 887
7544 888
1439 889
6046 890
8745 891
7830 892
4443 893
10665 894
6442 895
9249 896
5347 897
7369 898
9298 899
5797 900
6642 901
5931 902
2563 903
9807 904
9635 905
1459 906
1678 907
2486 908
989 909
10785 910
9774 911
549 912
4229 913
3663 914
1249 915
10229 916
914 917
3673 918
9186 919
9251 920
525 921
7632 922
2548 923
2866 924
5749 925
8900 926
7338 927
5130 928
9707 929
5989 930
10243 931
355 932
5464 933
5533 934
9211 935
5698 936
1806 937
5226 938
6627 939
1429 940
9573 941
6219 942
6305 943
9558 944
3995 945
6315 946
81 947
4316 948
6798 949
9783 950
1296 951
7372 952
10328 953
7763 954
9436 955
8726 956
5680 957
7915 958
5232 959
5650 960
282 961
10988 962
7160 963
4000 964
1950 965
4693 966
5527 967
5380 968
3148 969
10029 970
1156 971
41 972
6414 973
8235 974
5455 975
7028 976
1217 977
4270 978
9187 979
4038 980
1038 981
4453 982
5165 983
4802 984
1475 985
3639 986
5522 987
8180 988
5538 989
1574 990
4521 991
5887 992
2256 993
2754 994
3152 995
10812 996
2628 997
5768 998
5405 999
5055 1000
8206 1001
4472 1002
3474 1003
6109 1004
2191 1005
1040 1006
1253 1007
2709 1008
6495 1009
5077 1010
2608 1011
9090 1012
9789 1013
2655 1014
6863 1015
2622 1016
3162 1017
2619 1018
6776 1019
2756 1020
9547 1021
890 1022
6860 1023
9876 1024
7620 1025
4427 1026
4072 1027
5436 1028
9601 1029
2649 1030
2621 1031
962 1032
2948 1033
4318 1034
5443 1035
2242 1036
8639 1037
9388 1038
5422 1039
7990 1040
9110 1041
10375 1042
8779 1043
1832 1044
4150 1045
10574 1046
6259 1047
9203 1048
5373 1049
6966 1050
1958 1051
3656 1052
8858 1053
10622 1054
10788 1055
4948 1056
9887 1057
2679 1058
3216 1059
6256 1060
9433 1061
4255 1062
8173 1063
4548 1064
5438 1065
4639 1066
4052 1067
8718 1068
10332 1069
5491 1070
9138 1071
1327 1072
3760 1073
4045 1074
5079 1075
3267 1076
5509 1077
4853 1078
2940 1079
8955 1080
8925 1081
6617 1082
5061 1083
1883 1084
4901 1085
5351 1086
7667 1087
9526 1088
1637 1089
9674 1090
8378 1091
3512 1092
9183 1093
9449 1094
7820 1095
2993 1096
1415 1097
10465 1098
4240 1099
