150 1350
587 0
244 1
686 2
165 3
7 4
923 5
408 6
208 7
376 8
424 9
702 10
268 11
1384 12
1470 13
430 14
1209 15
228 16
114 17
813 18
1090 19
462 20
517 21
693 22
1216 23
24 24
757 25
629 26
1417 27
625 28
1022 29
333 30
1358 31
604 32
1011 33
1053 34
372 35
779 36
963 37
50 38
1396 39
362 40
393 41
727 42
470 43
909 44
987 45
1263 46
1081 47
247 48
696 49
258 50
1414 51
5 52
224 53
682 54
1099 55
698 56
758 57
418 58
1102 59
344 60
1235 61
119 62
1474 63
1245 64
68 65
473 66
1312 67
1472 68
645 69
856 70
590 71
446 72
589 73
831 74
495 75
1213 76
304 77
1408 78
974 79
618 80
872 81
681 82
725 83
991 84
1472 85
789 86
1147 87
1032 88
99 89
1053 90
1132 91
528 92
215 93
1213 94
804 95
1236 96
151 97
1251 98
1295 99
877 100
1191 101
1347 102
657 103
1085 104
868 105
1449 106
1108 107
369 108
1428 109
832 110
792 111
244 112
18 113
1498 114
612 115
1418 116
522 117
616 118
1316 119
328 120
798 121
1256 122
224 123
1473 124
210 125
1316 126
1321 127
307 128
684 129
151 130
1038 131
246 132
1107 133
1476 134
305 135
1488 136
1416 137
706 138
405 139
210 140
1391 141
814 142
20 143
398 144
957 145
707 146
204 147
7 148
352 149
