1650 250
5834 0
7791 1
4132 2
5602 3
815 4
272 5
10347 6
14293 7
4081 8
12575 9
16344 10
11988 11
4571 12
7892 13
996 14
2160 15
13108 16
9815 17
7192 18
13941 19
4371 20
11648 21
6620 22
5442 23
11964 24
11826 25
11239 26
11411 27
7218 28
12932 29
8432 30
7621 31
15731 32
4407 33
12752 34
4192 35
6235 36
8922 37
15333 38
10583 39
13677 40
13403 41
13509 42
7342 43
14671 44
16351 45
7379 46
3249 47
976 48
5772 49
16485 50
6927 51
3144 52
10759 53
9134 54
740 55
7830 56
12486 57
6286 58
2386 59
134 60
7846 61
1765 62
13520 63
7680 64
11055 65
14600 66
13077 67
9102 68
5614 69
1076 70
3696 71
16069 72
12954 73
10625 74
11002 75
9731 76
6611 77
1058 78
14394 79
7441 80
3565 81
310 82
11368 83
7816 84
5239 85
11659 86
7868 87
13755 88
6534 89
1998 90
10681 91
5986 92
12998 93
7655 94
11224 95
3431 96
884 97
355 98
8134 99
4134 100
4932 101
13267 102
6135 103
6799 104
15895 105
2166 106
1237 107
2447 108
2469 109
9745 110
2914 111
8306 112
5582 113
8867 114
1947 115
12286 116
1474 117
10764 118
10857 119
5625 120
10287 121
15755 122
7029 123
9691 124
14938 125
12986 126
6685 127
2764 128
12184 129
8613 130
9509 131
3672 132
12049 133
7541 134
5687 135
4500 136
6560 137
13209 138
15654 139
10543 140
5938 141
6807 142
7748 143
13391 144
13824 145
1310 146
5302 147
12637 148
1082 149
8331 150
4708 151
7619 152
1446 153
6336 154
1536 155
14045 156
12493 157
9844 158
15497 159
16389 160
14168 161
11569 162
6126 163
15763 164
7559 165
7568 166
15411 167
3577 168
3480 169
15716 170
6286 171
6280 172
16459 173
5686 174
15976 175
13587 176
16333 177
2841 178
6 179
11956 180
5207 181
13849 182
4291 183
6148 184
1030 185
7546 186
6220 187
4129 188
14215 189
2689 190
1445 191
9850 192
4264 193
4512 194
11183 195
8271 196
13285 197
4099 198
1345 199
5297 200
9462 201
5696 202
8616 203
13608 204
8296 205
592 206
7585 207
10325 208
8787 209
9581 210
286 211
10462 212
6057 213
10634 214
3818 215
12544 216
6869 217
15147 218
4929 219
6888 220
7455 221
1653 222
4585 223
8533 224
3902 225
7187 226
9698 227
12422 228
10599 229
12906 230
10214 231
5187 232
13437 233
990 234
3727 235
1539 236
10372 237
12353 238
1125 239
2041 240
2778 241
15686 242
12220 243
8603 244
11404 245
3765 246
14160 247
8738 248
10450 249
6907 250
3617 251
1467 252
9580 253
7519 254
8029 255
9757 256
2859 257
9813 258
4315 259
16304 260
10325 261
5714 262
4863 263
3451 264
14215 265
15728 266
4157 267
12214 268
11571 269
5376 270
9259 271
1435 272
5870 273
11528 274
8623 275
9304 276
15938 277
11960 278
7454 279
11820 280
2847 281
3143 282
9927 283
1320 284
8000 285
13697 286
5608 287
6132 288
2322 289
12393 290
12476 291
12826 292
721 293
5192 294
7053 295
15312 296
11906 297
10463 298
8163 299
4228 300
3462 301
12886 302
9090 303
13119 304
14245 305
14452 306
14007 307
3609 308
6296 309
3413 310
8887 311
9885 312
8382 313
15982 314
4014 315
7806 316
7724 317
2464 318
4375 319
7129 320
8975 321
9336 322
404 323
5209 324
5160 325
13696 326
3219 327
13789 328
14221 329
15952 330
1388 331
4183 332
3616 333
14032 334
8284 335
6385 336
12985 337
2156 338
2040 339
14175 340
265 341
4966 342
11043 343
1120 344
3122 345
6219 346
6943 347
647 348
11750 349
12209 350
7154 351
7576 352
2139 353
12288 354
13373 355
217 356
7451 357
10670 358
8365 359
7618 360
6838 361
7612 362
12555 363
3322 364
9928 365
10893 366
6360 367
10467 368
3267 369
3895 370
10125 371
515 372
12024 373
2830 374
11756 375
15996 376
6527 377
1368 378
3533 379
12021 380
3647 381
10324 382
917 383
3496 384
3597 385
5609 386
6023 387
5095 388
11875 389
5745 390
14965 391
11214 392
8357 393
11501 394
15737 395
4888 396
9098 397
11636 398
6909 399
13772 400
5294 401
9876 402
12735 403
15894 404
2239 405
15717 406
8007 407
7216 408
9868 409
15000 410
11082 411
9857 412
5454 413
12785 414
4661 415
16015 416
3943 417
13967 418
7301 419
945 420
1414 421
918 422
3934 423
3426 424
699 425
11108 426
11875 427
9455 428
14011 429
15944 430
8219 431
15510 432
9692 433
912 434
14731 435
4864 436
1416 437
13762 438
4634 439
1967 440
4811 441
6171 442
2019 443
12569 444
2306 445
14619 446
9605 447
11493 448
14534 449
11663 450
9631 451
6324 452
8609 453
5854 454
6516 455
15324 456
2764 457
12633 458
15793 459
5009 460
1591 461
4921 462
3682 463
7419 464
9070 465
1678 466
13278 467
3021 468
6412 469
12407 470
14834 471
2418 472
2388 473
3248 474
8852 475
1944 476
6125 477
14478 478
2718 479
11159 480
14450 481
6992 482
16086 483
1987 484
8187 485
133 486
6838 487
7177 488
1789 489
11077 490
2046 491
10233 492
7899 493
7573 494
2788 495
11016 496
7712 497
7131 498
7652 499
11999 500
303 501
13440 502
10675 503
9204 504
11709 505
13786 506
2022 507
15396 508
6380 509
215 510
13879 511
11772 512
9977 513
8861 514
13904 515
15881 516
3181 517
10075 518
4677 519
14013 520
11736 521
9544 522
12917 523
8404 524
1922 525
15645 526
1355 527
2246 528
14386 529
12628 530
1075 531
13507 532
3215 533
5994 534
13285 535
5929 536
8553 537
3328 538
5175 539
11185 540
14361 541
3423 542
13987 543
8582 544
2221 545
2755 546
794 547
14720 548
10622 549
12150 550
5086 551
12662 552
30 553
3871 554
2279 555
7927 556
5640 557
6513 558
10162 559
16142 560
576 561
13434 562
13805 563
268 564
1258 565
14713 566
10757 567
14942 568
2274 569
11078 570
3564 571
6487 572
10383 573
13283 574
13435 575
15734 576
13753 577
4750 578
12520 579
12893 580
11939 581
8320 582
9638 583
6216 584
7885 585
11646 586
6938 587
5261 588
10890 589
9484 590
7393 591
14766 592
316 593
14434 594
9293 595
4341 596
12358 597
566 598
769 599
2943 600
5805 601
1446 602
11093 603
6622 604
12849 605
2219 606
754 607
8851 608
14966 609
10275 610
6041 611
7224 612
5247 613
13427 614
5797 615
6856 616
9690 617
9507 618
13558 619
13086 620
13081 621
10417 622
13076 623
10681 624
10025 625
8106 626
8864 627
3768 628
1016 629
8365 630
5616 631
2290 632
8973 633
3117 634
16409 635
16081 636
4488 637
3886 638
6354 639
2329 640
13552 641
2220 642
1543 643
14048 644
4479 645
13594 646
1958 647
14615 648
4814 649
4578 650
1591 651
4252 652
1636 653
3066 654
11476 655
6669 656
8697 657
4218 658
6081 659
3229 660
6508 661
412 662
9014 663
2117 664
3830 665
14907 666
14567 667
14731 668
9373 669
15830 670
8215 671
12587 672
10971 673
9434 674
5751 675
190 676
16497 677
11159 678
11504 679
11198 680
7928 681
4965 682
2180 683
7439 684
13183 685
10555 686
13520 687
8166 688
13456 689
13030 690
6513 691
11737 692
12394 693
9674 694
9323 695
13618 696
10418 697
4171 698
5208 699
9456 700
9473 701
8031 702
15603 703
2103 704
13720 705
1221 706
14130 707
13350 708
13170 709
15083 710
2850 711
6537 712
11302 713
9614 714
9960 715
1526 716
13717 717
13346 718
10191 719
14134 720
12659 721
3533 722
12912 723
10281 724
16408 725
10859 726
12942 727
5482 728
6730 729
13898 730
3604 731
12840 732
6804 733
5656 734
15662 735
11883 736
11398 737
9270 738
2664 739
13942 740
12583 741
9226 742
1153 743
5115 744
10447 745
3312 746
11463 747
9975 748
1607 749
1037 750
5486 751
6547 752
3000 753
4870 754
11187 755
474 756
6607 757
15274 758
10278 759
11727 760
3847 761
4666 762
13966 763
14679 764
103 765
4597 766
13660 767
4313 768
16295 769
3745 770
14758 771
181 772
12874 773
10960 774
12583 775
621 776
6007 777
12917 778
3897 779
14870 780
988 781
2613 782
2613 783
3570 784
3013 785
7463 786
11595 787
7297 788
4286 789
9920 790
14995 791
5192 792
509 793
11607 794
10839 795
6056 796
2839 797
7984 798
12307 799
8006 800
4313 801
8545 802
2471 803
2553 804
6847 805
5757 806
8346 807
12298 808
10460 809
5592 810
5708 811
6502 812
13900 813
11550 814
10555 815
15979 816
15221 817
7127 818
14907 819
3813 820
2924 821
11079 822
7676 823
9043 824
11571 825
8270 826
1331 827
5072 828
11848 829
7314 830
10138 831
11814 832
14497 833
7721 834
9733 835
9412 836
3137 837
6527 838
1484 839
8018 840
15917 841
5050 842
13177 843
13842 844
14325 845
15000 846
16405 847
10358 848
1245 849
3884 850
2324 851
15741 852
9405 853
7327 854
16004 855
4539 856
907 857
5573 858
15511 859
6715 860
4442 861
9880 862
1063 863
10581 864
2739 865
3346 866
2908 867
155 868
13690 869
2251 870
5251 871
3818 872
3125 873
12965 874
13999 875
8445 876
13544 877
575 878
1892 879
8336 880
13525 881
8472 882
16488 883
4771 884
15509 885
9077 886
10534 887
10487 888
3388 889
15760 890
290 891
10138 892
10591 893
13175 894
16267 895
8766 896
9754 897
13390 898
11847 899
13383 900
14760 901
8940 902
334 903
5333 904
9292 905
6864 906
14870 907
9638 908
6171 909
7901 910
14572 911
15283 912
6797 913
5859 914
7409 915
4875 916
9672 917
9192 918
15913 919
8004 920
5827 921
8098 922
7539 923
9958 924
308 925
272 926
3672 927
9625 928
10542 929
12684 930
2443 931
6004 932
6929 933
970 934
16027 935
12528 936
15099 937
11476 938
15346 939
10747 940
9032 941
10490 942
7772 943
6258 944
14919 945
13666 946
16397 947
16205 948
4944 949
1618 950
8288 951
4251 952
4795 953
12761 954
14101 955
873 956
12751 957
16275 958
6897 959
6421 960
3278 961
9541 962
2081 963
8011 964
14836 965
13470 966
3953 967
3483 968
14912 969
13479 970
7881 971
8435 972
4584 973
2050 974
14363 975
10870 976
15122 977
4551 978
11868 979
15586 980
14236 981
16209 982
14939 983
11989 984
7650 985
9427 986
210 987
9746 988
13802 989
1008 990
15438 991
10735 992
11625 993
10629 994
2851 995
3409 996
5723 997
4040 998
2054 999
13031 1000
7258 1001
1317 1002
5592 1003
5100 1004
13159 1005
5988 1006
13259 1007
1444 1008
13602 1009
5351 1010
2039 1011
5774 1012
14437 1013
3081 1014
1363 1015
9787 1016
8996 1017
15381 1018
6343 1019
11302 1020
3875 1021
7142 1022
10248 1023
6496 1024
14583 1025
325 1026
710 1027
8657 1028
14505 1029
5882 1030
6309 1031
8818 1032
1489 1033
3163 1034
1836 1035
6480 1036
6213 1037
15671 1038
8717 1039
6232 1040
13329 1041
13600 1042
193 1043
13769 1044
16386 1045
9380 1046
13662 1047
12917 1048
3257 1049
14562 1050
16006 1051
6778 1052
1906 1053
9147 1054
9271 1055
13257 1056
3078 1057
7993 1058
1912 1059
6300 1060
16074 1061
7579 1062
9847 1063
9966 1064
12619 1065
7455 1066
4045 1067
1569 1068
10881 1069
11382 1070
13216 1071
5944 1072
2057 1073
5999 1074
11605 1075
7738 1076
2777 1077
15005 1078
12482 1079
2177 1080
12 1081
831 1082
11846 1083
2592 1084
9153 1085
9191 1086
8720 1087
3298 1088
1385 1089
605 1090
13561 1091
6902 1092
14910 1093
5753 1094
13708 1095
14647 1096
14415 1097
8913 1098
1115 1099
15873 1100
11190 1101
8738 1102
5935 1103
462 1104
1803 1105
2428 1106
12444 1107
5095 1108
9595 1109
1166 1110
11266 1111
2350 1112
4518 1113
14095 1114
15553 1115
6245 1116
16465 1117
4195 1118
5347 1119
13070 1120
2827 1121
5617 1122
6705 1123
497 1124
8148 1125
14371 1126
11234 1127
10311 1128
2407 1129
9805 1130
13222 1131
4513 1132
4925 1133
16400 1134
14654 1135
6140 1136
13614 1137
8088 1138
6605 1139
9183 1140
2044 1141
10907 1142
6515 1143
6838 1144
14910 1145
15092 1146
11091 1147
4595 1148
4654 1149
3073 1150
813 1151
5310 1152
6565 1153
720 1154
14647 1155
4118 1156
9892 1157
6564 1158
3932 1159
10394 1160
2971 1161
13228 1162
7369 1163
8992 1164
14969 1165
5002 1166
10867 1167
15455 1168
2821 1169
7560 1170
8171 1171
14452 1172
2938 1173
6997 1174
14689 1175
2696 1176
7349 1177
12848 1178
889 1179
8917 1180
2011 1181
16312 1182
9235 1183
7054 1184
10593 1185
14322 1186
12280 1187
8484 1188
15488 1189
4309 1190
1974 1191
4764 1192
8787 1193
4880 1194
1298 1195
10754 1196
13846 1197
15720 1198
211 1199
14938 1200
15065 1201
14150 1202
6757 1203
6475 1204
1354 1205
9834 1206
2324 1207
11907 1208
5032 1209
1106 1210
3132 1211
4671 1212
12777 1213
8295 1214
12714 1215
1416 1216
5262 1217
8787 1218
10690 1219
4734 1220
3236 1221
4212 1222
5779 1223
8038 1224
2167 1225
5630 1226
942 1227
16271 1228
7128 1229
12165 1230
7695 1231
9761 1232
6388 1233
14913 1234
7716 1235
2038 1236
6130 1237
6879 1238
10364 1239
10606 1240
8581 1241
8192 1242
9492 1243
3181 1244
4080 1245
5558 1246
4039 1247
9234 1248
824 1249
12588 1250
2478 1251
4467 1252
14430 1253
7999 1254
14686 1255
2116 1256
1514 1257
12191 1258
3281 1259
5741 1260
10270 1261
9899 1262
6623 1263
7613 1264
16276 1265
5065 1266
1784 1267
10035 1268
3069 1269
9062 1270
9102 1271
6142 1272
752 1273
12680 1274
1083 1275
13572 1276
3128 1277
3292 1278
9016 1279
13716 1280
13587 1281
13219 1282
12454 1283
3013 1284
4210 1285
14472 1286
5693 1287
266 1288
5942 1289
10817 1290
7077 1291
842 1292
10976 1293
1958 1294
9610 1295
10108 1296
2352 1297
6177 1298
13828 1299
3960 1300
16394 1301
1091 1302
9471 1303
5342 1304
13780 1305
154 1306
4793 1307
3614 1308
15527 1309
8954 1310
5301 1311
16250 1312
608 1313
10132 1314
7190 1315
10750 1316
14295 1317
9260 1318
12604 1319
15701 1320
10723 1321
4843 1322
15091 1323
4079 1324
13599 1325
5220 1326
2908 1327
16280 1328
12549 1329
8856 1330
174 1331
15712 1332
3418 1333
7746 1334
14256 1335
6273 1336
5661 1337
10192 1338
11780 1339
5144 1340
1731 1341
14044 1342
14733 1343
1102 1344
14828 1345
4145 1346
9710 1347
101 1348
863 1349
7654 1350
9648 1351
13561 1352
9219 1353
8899 1354
12178 1355
5682 1356
9021 1357
4381 1358
6970 1359
11285 1360
15330 1361
15913 1362
3844 1363
13937 1364
1805 1365
8041 1366
8426 1367
14596 1368
5810 1369
6432 1370
3337 1371
16416 1372
7919 1373
13046 1374
2083 1375
9438 1376
16062 1377
5711 1378
6173 1379
16377 1380
4494 1381
10825 1382
2817 1383
9336 1384
10932 1385
1444 1386
134 1387
1601 1388
8294 1389
12569 1390
3768 1391
11550 1392
5026 1393
14445 1394
3865 1395
329 1396
5627 1397
2385 1398
14645 1399
14954 1400
3518 1401
441 1402
10382 1403
4680 1404
4634 1405
7978 1406
1834 1407
6499 1408
7887 1409
14684 1410
7654 1411
10602 1412
1380 1413
1974 1414
14887 1415
565 1416
13282 1417
3664 1418
3530 1419
2803 1420
6804 1421
16284 1422
11747 1423
5120 1424
9762 1425
11 1426
14354 1427
9999 1428
12706 1429
11636 1430
13741 1431
4128 1432
14198 1433
9307 1434
15978 1435
10689 1436
5274 1437
14597 1438
10816 1439
10281 1440
6413 1441
7709 1442
3970 1443
16313 1444
6667 1445
8759 1446
11302 1447
4591 1448
4174 1449
8971 1450
11565 1451
14812 1452
6661 1453
7091 1454
14436 1455
3414 1456
1024 1457
15048 1458
2471 1459
12556 1460
3428 1461
178 1462
1873 1463
8951 1464
8956 1465
11566 1466
7207 1467
2054 1468
273 1469
12636 1470
5107 1471
12528 1472
8615 1473
1215 1474
3114 1475
10794 1476
3160 1477
15557 1478
6679 1479
4177 1480
11957 1481
12265 1482
15362 1483
10023 1484
9590 1485
13531 1486
9579 1487
8828 1488
11957 1489
1941 1490
2273 1491
3208 1492
10817 1493
3901 1494
1238 1495
2024 1496
10020 1497
5608 1498
1872 1499
6122 1500
8932 1501
6084 1502
13413 1503
3585 1504
9736 1505
6658 1506
2883 1507
4884 1508
7198 1509
717 1510
11888 1511
9172 1512
9477 1513
12660 1514
14787 1515
10360 1516
11928 1517
10980 1518
15235 1519
4653 1520
7390 1521
15620 1522
15423 1523
7934 1524
8987 1525
1588 1526
15243 1527
10920 1528
5800 1529
4563 1530
14251 1531
10427 1532
4401 1533
11221 1534
7615 1535
10613 1536
3136 1537
1181 1538
8258 1539
16170 1540
4630 1541
4587 1542
15183 1543
13136 1544
10362 1545
11724 1546
1361 1547
11639 1548
16491 1549
15190 1550
92 1551
9643 1552
7372 1553
4710 1554
9211 1555
919 1556
15720 1557
10507 1558
11377 1559
196 1560
362 1561
1430 1562
10178 1563
4506 1564
5346 1565
6279 1566
14935 1567
15800 1568
11235 1569
11570 1570
14071 1571
16321 1572
7658 1573
10284 1574
9517 1575
7355 1576
13798 1577
12306 1578
7987 1579
4821 1580
3443 1581
11254 1582
10552 1583
10258 1584
7108 1585
8322 1586
9198 1587
3704 1588
13841 1589
2082 1590
15383 1591
6415 1592
8681 1593
3623 1594
2656 1595
8745 1596
13718 1597
12255 1598
2757 1599
14083 1600
3229 1601
8397 1602
6427 1603
7222 1604
6797 1605
1283 1606
13662 1607
1373 1608
4277 1609
4646 1610
9619 1611
10612 1612
12643 1613
14168 1614
8922 1615
3829 1616
14576 1617
3220 1618
373 1619
5235 1620
4670 1621
3225 1622
7800 1623
11170 1624
5756 1625
15530 1626
14657 1627
8218 1628
2484 1629
2104 1630
14730 1631
8260 1632
9356 1633
11716 1634
2885 1635
10055 1636
16209 1637
16109 1638
6166 1639
6522 1640
14484 1641
268 1642
15302 1643
12271 1644
3623 1645
8319 1646
7253 1647
7329 1648
13398 1649
