150 1000
1492 0
683 1
1258 2
684 3
1446 4
374 5
663 6
646 7
892 8
1498 9
307 10
1099 11
796 12
366 13
617 14
1324 15
92 16
1138 17
987 18
892 19
1386 20
1419 21
571 22
658 23
160 24
448 25
459 26
1290 27
1350 28
417 29
855 30
106 31
432 32
1410 33
619 34
635 35
288 36
938 37
1371 38
423 39
207 40
1120 41
60 42
74 43
142 44
179 45
274 46
865 47
1313 48
1364 49
1387 50
791 51
923 52
610 53
1070 54
908 55
816 56
51 57
708 58
558 59
1085 60
614 61
1391 62
1354 63
556 64
1042 65
1003 66
398 67
955 68
887 69
519 70
77 71
1027 72
1168 73
391 74
324 75
917 76
1457 77
99 78
1070 79
1077 80
636 81
376 82
614 83
1422 84
711 85
391 86
222 87
770 88
1177 89
353 90
1085 91
1388 92
1023 93
928 94
280 95
1166 96
428 97
516 98
304 99
1122 100
57 101
170 102
638 103
1036 104
207 105
1010 106
1095 107
866 108
220 109
84 110
1051 111
522 112
1115 113
939 114
746 115
715 116
1146 117
945 118
127 119
1160 120
988 121
719 122
929 123
805 124
229 125
604 126
1055 127
1190 128
795 129
470 130
355 131
174 132
1051 133
1244 134
488 135
1493 136
1435 137
59 138
1152 139
1175 140
587 141
500 142
145 143
1331 144
606 145
727 146
641 147
755 148
1323 149
