1400 600
9717 0
6552 1
4667 2
13851 3
9240 4
7336 5
2556 6
845 7
4980 8
13693 9
3493 10
2312 11
1514 12
222 13
11542 14
12191 15
13748 16
6444 17
6056 18
684 19
3977 20
11706 21
4632 22
871 23
12041 24
6052 25
245 26
6764 27
7698 28
11909 29
3645 30
11841 31
12767 32
10306 33
11426 34
4127 35
8482 36
440 37
3580 38
5994 39
7926 40
1818 41
7344 42
1117 43
12697 44
9516 45
7356 46
13951 47
8904 48
5661 49
216 50
7732 51
6847 52
5689 53
12336 54
6846 55
13874 56
1298 57
10811 58
6544 59
2035 60
8608 61
1194 62
6664 63
7344 64
341 65
11761 66
13979 67
2808 68
3689 69
8388 70
10551 71
3298 72
9182 73
11227 74
3705 75
603 76
1277 77
2322 78
11136 79
5742 80
6301 81
9188 82
4932 83
12846 84
7428 85
4478 86
6821 87
12331 88
5623 89
7885 90
6600 91
8002 92
8350 93
9241 94
7348 95
10622 96
9705 97
3212 98
8342 99
3619 100
3658 101
3874 102
11550 103
6736 104
12115 105
13170 106
1160 107
1105 108
13002 109
8031 110
5447 111
4070 112
13121 113
10436 114
11418 115
1277 116
10026 117
13891 118
13590 119
1517 120
10558 121
9136 122
6165 123
12184 124
6839 125
5261 126
9016 127
7779 128
2519 129
5494 130
6792 131
4093 132
13994 133
6798 134
11723 135
12198 136
9091 137
7363 138
1332 139
1108 140
3787 141
1286 142
1903 143
1243 144
2016 145
804 146
12359 147
646 148
9815 149
6936 150
8069 151
8479 152
4257 153
1104 154
10884 155
9655 156
3566 157
13847 158
355 159
5950 160
6626 161
1736 162
3985 163
8924 164
10662 165
8302 166
12860 167
2178 168
1880 169
11775 170
10480 171
11535 172
8878 173
702 174
9687 175
8461 176
12852 177
9813 178
11484 179
5026 180
13712 181
12720 182
3234 183
13094 184
7856 185
4915 186
6199 187
2787 188
7598 189
6962 190
10609 191
6906 192
8193 193
4075 194
6777 195
12283 196
7413 197
9271 198
10843 199
3625 200
7890 201
6867 202
8962 203
13768 204
5240 205
13431 206
92 207
7292 208
4117 209
1372 210
1098 211
3548 212
6010 213
13032 214
4793 215
10924 216
6476 217
4490 218
10484 219
12702 220
2378 221
9894 222
9639 223
5828 224
7030 225
12094 226
9332 227
13204 228
8087 229
6727 230
9166 231
2084 232
12185 233
4543 234
5831 235
9756 236
829 237
10949 238
12047 239
8605 240
12462 241
2330 242
2070 243
13056 244
3966 245
8611 246
8511 247
3082 248
756 249
9565 250
10407 251
7684 252
8871 253
11791 254
9062 255
3233 256
13514 257
9924 258
7932 259
13625 260
2206 261
3856 262
6934 263
4901 264
12833 265
3520 266
2648 267
4116 268
4841 269
4452 270
6396 271
6317 272
4318 273
9713 274
3294 275
9286 276
3498 277
3446 278
7571 279
6571 280
3319 281
6489 282
4326 283
12387 284
6620 285
5595 286
2893 287
4704 288
8323 289
1642 290
2768 291
7457 292
10578 293
8043 294
949 295
2407 296
5852 297
9155 298
12651 299
8970 300
735 301
13566 302
1127 303
6903 304
893 305
1452 306
556 307
10163 308
7571 309
10529 310
10035 311
5469 312
5396 313
6271 314
5058 315
2231 316
4344 317
8768 318
1802 319
761 320
3599 321
140 322
9224 323
12806 324
9931 325
11602 326
12612 327
3749 328
8933 329
6744 330
12043 331
4601 332
2184 333
12558 334
2606 335
7211 336
7731 337
13295 338
390 339
1891 340
10297 341
8035 342
5725 343
12779 344
8918 345
837 346
4886 347
10983 348
5847 349
1394 350
6114 351
182 352
12965 353
1275 354
6795 355
8281 356
8007 357
2419 358
11268 359
5341 360
1620 361
5019 362
7728 363
6346 364
8281 365
7809 366
1031 367
8327 368
9279 369
9338 370
1892 371
8419 372
2102 373
5830 374
1230 375
4449 376
13866 377
6810 378
6800 379
11165 380
12920 381
10597 382
7851 383
2175 384
9332 385
2618 386
9763 387
9211 388
10428 389
8625 390
394 391
11829 392
4018 393
8670 394
3127 395
1918 396
1490 397
4694 398
4111 399
9146 400
2777 401
13713 402
8560 403
3504 404
13460 405
12752 406
8288 407
10564 408
5454 409
6359 410
5583 411
8533 412
7730 413
10768 414
2573 415
65 416
7999 417
13481 418
10451 419
3849 420
5484 421
5717 422
198 423
929 424
12528 425
4089 426
7273 427
12043 428
8824 429
6877 430
10775 431
13719 432
4173 433
6219 434
11120 435
932 436
12468 437
11443 438
5017 439
3740 440
1468 441
11439 442
1118 443
10684 444
9559 445
6127 446
4873 447
5060 448
6301 449
10831 450
3356 451
678 452
6986 453
3581 454
498 455
915 456
1480 457
4478 458
7087 459
5288 460
6300 461
11917 462
7151 463
4766 464
8340 465
8625 466
12244 467
10572 468
10030 469
966 470
11760 471
472 472
5222 473
9223 474
5591 475
6555 476
366 477
13072 478
10060 479
12612 480
7663 481
12233 482
9631 483
6155 484
5230 485
6887 486
626 487
10747 488
11357 489
13443 490
3121 491
5356 492
7670 493
10527 494
9728 495
13948 496
4954 497
11478 498
7494 499
4984 500
5886 501
9393 502
6379 503
10734 504
6348 505
8874 506
8230 507
3119 508
7046 509
12805 510
8314 511
7350 512
2245 513
1324 514
10489 515
395 516
7660 517
9202 518
13124 519
12731 520
1234 521
5814 522
13972 523
4709 524
9869 525
4385 526
6524 527
796 528
5093 529
4769 530
2175 531
12684 532
3657 533
2987 534
13648 535
1983 536
9437 537
531 538
10780 539
6324 540
5227 541
9961 542
8203 543
4526 544
12001 545
7413 546
8783 547
13189 548
700 549
3892 550
4324 551
12358 552
8129 553
5575 554
1642 555
1849 556
3517 557
9755 558
3872 559
1746 560
9255 561
2798 562
3834 563
11807 564
7830 565
3310 566
9517 567
2707 568
7870 569
12176 570
13188 571
13392 572
12298 573
387 574
11057 575
2826 576
171 577
5100 578
9905 579
12891 580
13386 581
698 582
5318 583
189 584
6252 585
12667 586
6724 587
1302 588
1214 589
8440 590
4747 591
2183 592
7853 593
4452 594
5101 595
11157 596
7182 597
703 598
4813 599
4145 600
5920 601
2030 602
12826 603
12775 604
11267 605
12633 606
4352 607
9204 608
146 609
466 610
4819 611
12313 612
10137 613
9902 614
13904 615
6331 616
3992 617
10705 618
10635 619
6286 620
5703 621
13439 622
5714 623
190 624
13995 625
6517 626
52 627
8202 628
5500 629
413 630
5047 631
11443 632
4552 633
13073 634
13989 635
11664 636
1866 637
5344 638
930 639
6917 640
10324 641
1437 642
7420 643
3229 644
9973 645
12122 646
13832 647
988 648
12837 649
11286 650
4871 651
11115 652
6738 653
6842 654
10154 655
10359 656
7990 657
13642 658
9821 659
12774 660
5207 661
13725 662
2893 663
13142 664
1115 665
5976 666
2863 667
1359 668
9431 669
6117 670
11747 671
10205 672
3355 673
12111 674
1997 675
254 676
9330 677
1219 678
3395 679
447 680
1837 681
5366 682
12318 683
13249 684
11251 685
8817 686
9845 687
5593 688
9390 689
1358 690
10967 691
5319 692
13769 693
1916 694
4412 695
11903 696
2564 697
13139 698
2425 699
10171 700
13252 701
5985 702
8070 703
4175 704
13603 705
9577 706
903 707
1418 708
11669 709
1640 710
10692 711
4361 712
12162 713
13920 714
4944 715
8153 716
8207 717
2391 718
8762 719
9365 720
13444 721
8365 722
3503 723
6022 724
1057 725
946 726
1395 727
8697 728
6985 729
12188 730
8705 731
3610 732
4859 733
12319 734
8579 735
11411 736
7233 737
2474 738
6157 739
497 740
348 741
7433 742
5359 743
13985 744
3707 745
2199 746
9284 747
5100 748
400 749
12925 750
13018 751
2433 752
4149 753
10625 754
3352 755
5242 756
8312 757
3378 758
8367 759
2503 760
1738 761
3272 762
709 763
7569 764
9530 765
3252 766
4203 767
11700 768
6888 769
12487 770
11914 771
1494 772
9477 773
11720 774
13246 775
12636 776
1282 777
6451 778
13097 779
4380 780
3489 781
10163 782
13427 783
13170 784
12631 785
10896 786
2924 787
8297 788
1736 789
11599 790
9940 791
9973 792
13183 793
12734 794
4252 795
13922 796
7828 797
12812 798
13856 799
1256 800
13245 801
6055 802
3649 803
3504 804
3188 805
12802 806
3213 807
10932 808
4043 809
10606 810
4221 811
13893 812
5808 813
13000 814
10977 815
11592 816
11082 817
6232 818
8505 819
5753 820
1655 821
2764 822
5533 823
13507 824
4031 825
5817 826
988 827
5487 828
1874 829
2470 830
1400 831
8987 832
10246 833
9017 834
8606 835
1283 836
4973 837
4539 838
13591 839
4003 840
5446 841
12432 842
8828 843
9659 844
5230 845
7597 846
7193 847
5831 848
12353 849
5805 850
2812 851
12293 852
13124 853
4973 854
7024 855
6196 856
2764 857
10092 858
3298 859
12 860
1429 861
7332 862
2721 863
9552 864
11620 865
3487 866
968 867
804 868
3899 869
9258 870
9923 871
6698 872
3192 873
1474 874
11607 875
12755 876
8050 877
5802 878
11752 879
12059 880
5592 881
13883 882
13678 883
4339 884
9604 885
5947 886
5538 887
10723 888
7334 889
11491 890
5611 891
10468 892
2128 893
8943 894
5984 895
2616 896
12685 897
7382 898
3306 899
9150 900
2833 901
2223 902
9184 903
9917 904
2250 905
7476 906
4097 907
12519 908
10710 909
9844 910
10375 911
12668 912
12873 913
7796 914
1720 915
8894 916
4899 917
1385 918
353 919
4996 920
4749 921
4847 922
11318 923
976 924
3421 925
13921 926
9770 927
10299 928
9350 929
6939 930
1669 931
11604 932
2612 933
13217 934
1919 935
12596 936
13159 937
9019 938
657 939
125 940
8354 941
10303 942
3701 943
2460 944
7624 945
4466 946
12779 947
10537 948
5100 949
7636 950
3489 951
2781 952
7383 953
7510 954
6533 955
13407 956
1649 957
9230 958
1874 959
3516 960
6841 961
12759 962
11479 963
1782 964
529 965
9664 966
6874 967
9153 968
8195 969
2472 970
7033 971
3899 972
10433 973
12963 974
2995 975
6405 976
10820 977
2327 978
5702 979
7883 980
10377 981
8943 982
913 983
8208 984
10711 985
10047 986
3935 987
1243 988
9975 989
7565 990
9443 991
4230 992
9810 993
1094 994
11423 995
1193 996
12622 997
883 998
4590 999
9684 1000
8713 1001
6250 1002
12729 1003
10290 1004
10582 1005
3128 1006
7641 1007
5537 1008
11725 1009
9114 1010
4512 1011
6526 1012
3321 1013
233 1014
2604 1015
12512 1016
11461 1017
8302 1018
12163 1019
6450 1020
812 1021
9450 1022
8567 1023
9101 1024
3249 1025
5091 1026
4662 1027
3936 1028
11874 1029
13339 1030
283 1031
3043 1032
7789 1033
10857 1034
6511 1035
2278 1036
3456 1037
1336 1038
10897 1039
4275 1040
11166 1041
10034 1042
9137 1043
433 1044
141 1045
10053 1046
8401 1047
12388 1048
10732 1049
5838 1050
12251 1051
1201 1052
3321 1053
8627 1054
4404 1055
10220 1056
3265 1057
10652 1058
9613 1059
6716 1060
2617 1061
4653 1062
8870 1063
668 1064
13392 1065
9330 1066
2990 1067
11385 1068
9667 1069
11548 1070
4177 1071
7921 1072
8051 1073
6007 1074
7719 1075
6426 1076
3110 1077
1931 1078
4511 1079
2732 1080
4333 1081
1230 1082
6601 1083
8294 1084
814 1085
4263 1086
12696 1087
4565 1088
8547 1089
236 1090
12389 1091
146 1092
3039 1093
5163 1094
3575 1095
11436 1096
2789 1097
6660 1098
9486 1099
3630 1100
4133 1101
11521 1102
11766 1103
2256 1104
8054 1105
6112 1106
11628 1107
4241 1108
8474 1109
11324 1110
4468 1111
7028 1112
5149 1113
13930 1114
11083 1115
8008 1116
5966 1117
4576 1118
1405 1119
7364 1120
11672 1121
3428 1122
4785 1123
822 1124
12830 1125
10022 1126
5245 1127
6434 1128
13895 1129
966 1130
329 1131
11533 1132
998 1133
3392 1134
9115 1135
3368 1136
3157 1137
12708 1138
13977 1139
13245 1140
7778 1141
8055 1142
7031 1143
1784 1144
2971 1145
2719 1146
8667 1147
11735 1148
3115 1149
11558 1150
1852 1151
364 1152
1973 1153
8544 1154
11429 1155
5207 1156
3821 1157
4302 1158
2361 1159
7576 1160
7633 1161
2246 1162
3016 1163
6231 1164
9022 1165
13597 1166
9291 1167
6448 1168
5365 1169
8910 1170
7908 1171
3561 1172
3208 1173
11661 1174
12042 1175
4992 1176
8868 1177
2189 1178
13233 1179
4583 1180
5720 1181
12297 1182
2054 1183
8641 1184
12921 1185
4078 1186
1188 1187
1716 1188
4806 1189
11355 1190
7542 1191
3485 1192
2875 1193
12738 1194
11405 1195
4976 1196
2896 1197
12133 1198
11779 1199
11480 1200
7946 1201
12580 1202
883 1203
1352 1204
4160 1205
13456 1206
4938 1207
11291 1208
1241 1209
8797 1210
12862 1211
7516 1212
10425 1213
1287 1214
12723 1215
9035 1216
7005 1217
9245 1218
1126 1219
9888 1220
11493 1221
6803 1222
3040 1223
3844 1224
10017 1225
11035 1226
8070 1227
1714 1228
8225 1229
10508 1230
9154 1231
12901 1232
6554 1233
2353 1234
5335 1235
3833 1236
2434 1237
1823 1238
5314 1239
8890 1240
13941 1241
1415 1242
8863 1243
1819 1244
12829 1245
5908 1246
2125 1247
4283 1248
8554 1249
13491 1250
12356 1251
4509 1252
8314 1253
6315 1254
9023 1255
7481 1256
11786 1257
6142 1258
6413 1259
5405 1260
9329 1261
8688 1262
13616 1263
319 1264
9925 1265
4809 1266
5514 1267
1542 1268
2051 1269
9113 1270
9391 1271
13952 1272
10428 1273
4549 1274
9733 1275
3298 1276
4757 1277
12943 1278
8827 1279
5045 1280
10765 1281
2582 1282
10114 1283
8849 1284
12976 1285
11051 1286
5449 1287
3439 1288
2158 1289
8191 1290
10680 1291
13337 1292
3960 1293
1665 1294
4741 1295
10370 1296
7644 1297
1762 1298
4488 1299
13045 1300
5979 1301
13063 1302
8051 1303
2856 1304
12568 1305
12102 1306
6889 1307
11350 1308
9446 1309
9176 1310
11774 1311
13691 1312
12967 1313
13529 1314
3712 1315
11391 1316
1875 1317
6558 1318
12974 1319
10072 1320
10647 1321
7455 1322
3298 1323
7530 1324
4413 1325
9457 1326
2906 1327
9778 1328
5183 1329
11967 1330
12466 1331
6061 1332
5095 1333
279 1334
2385 1335
9792 1336
1721 1337
9884 1338
11871 1339
5210 1340
5980 1341
12973 1342
5302 1343
12740 1344
3550 1345
12234 1346
691 1347
4387 1348
11953 1349
5004 1350
10650 1351
11017 1352
12797 1353
7816 1354
10854 1355
11132 1356
10300 1357
5637 1358
3479 1359
4868 1360
4518 1361
4949 1362
5821 1363
9578 1364
2358 1365
2538 1366
10422 1367
9374 1368
2673 1369
897 1370
13518 1371
10865 1372
4033 1373
69 1374
3434 1375
7376 1376
8468 1377
7292 1378
13183 1379
7879 1380
9316 1381
629 1382
4599 1383
8181 1384
6329 1385
2564 1386
13340 1387
1892 1388
8590 1389
4442 1390
3452 1391
12191 1392
7857 1393
1681 1394
8716 1395
13928 1396
13161 1397
9111 1398
485 1399
