1550 1100
15319 0
7577 1
10621 2
6840 3
10343 4
146 5
12171 6
4332 7
3095 8
3670 9
5282 10
1187 11
3042 12
11074 13
15433 14
6996 15
8617 16
10958 17
10620 18
10296 19
1066 20
7071 21
3401 22
11524 23
3259 24
3131 25
10144 26
8332 27
6555 28
8356 29
6333 30
13107 31
4597 32
4445 33
5 34
1698 35
2028 36
4904 37
14535 38
6373 39
1751 40
7557 41
9914 42
6783 43
11869 44
9677 45
9081 46
6140 47
6306 48
9443 49
6499 50
12781 51
9686 52
3617 53
11081 54
4113 55
7881 56
2337 57
5860 58
7722 59
364 60
174 61
3408 62
7773 63
2681 64
5741 65
7674 66
12167 67
13169 68
5439 69
2540 70
11121 71
7564 72
11872 73
2849 74
6705 75
6704 76
13728 77
1186 78
3496 79
9005 80
11900 81
13444 82
7942 83
287 84
2936 85
3341 86
14261 87
5159 88
9706 89
1424 90
14412 91
3348 92
5978 93
13052 94
14938 95
11363 96
9246 97
8832 98
10948 99
5197 100
13961 101
15304 102
3890 103
4870 104
2466 105
10783 106
7902 107
6084 108
8847 109
5299 110
11199 111
4684 112
8951 113
12883 114
10366 115
293 116
10390 117
15282 118
12278 119
13921 120
6401 121
13158 122
9336 123
3056 124
11170 125
11039 126
10716 127
4375 128
947 129
8895 130
3812 131
2486 132
7971 133
2377 134
6966 135
4541 136
13082 137
2050 138
3789 139
3512 140
6059 141
2638 142
11120 143
9068 144
5950 145
13084 146
11694 147
8511 148
13157 149
8566 150
3638 151
11964 152
2431 153
15153 154
14350 155
4775 156
13432 157
6353 158
7303 159
11079 160
423 161
6174 162
6667 163
8077 164
3007 165
11602 166
5791 167
8386 168
845 169
13930 170
15086 171
6232 172
12729 173
10131 174
14673 175
9299 176
14476 177
11660 178
12811 179
14715 180
9039 181
5777 182
3207 183
3989 184
17 185
3659 186
4302 187
8675 188
781 189
3824 190
15174 191
12244 192
8320 193
6493 194
1931 195
14716 196
12106 197
4616 198
7735 199
3879 200
2598 201
9172 202
6439 203
5097 204
9798 205
13609 206
8315 207
10447 208
2744 209
15010 210
3863 211
7875 212
13892 213
7878 214
8600 215
8495 216
6549 217
14822 218
9477 219
15234 220
3128 221
8091 222
13483 223
15453 224
9657 225
10327 226
6161 227
1922 228
3330 229
7431 230
15050 231
3899 232
14017 233
12931 234
5492 235
6733 236
7661 237
4019 238
7877 239
12355 240
11481 241
13998 242
13685 243
3173 244
13512 245
1384 246
9429 247
1633 248
14658 249
11697 250
3515 251
2023 252
12506 253
10651 254
1590 255
8205 256
14566 257
3094 258
8979 259
979 260
2424 261
312 262
11599 263
13054 264
1081 265
5405 266
1595 267
7174 268
5576 269
297 270
13832 271
2443 272
5400 273
14242 274
6280 275
6075 276
9153 277
83 278
8374 279
7530 280
1360 281
2817 282
11945 283
95 284
8315 285
14453 286
12145 287
13948 288
13623 289
4484 290
15246 291
8309 292
8644 293
9475 294
5700 295
10469 296
4496 297
13350 298
11817 299
5704 300
4784 301
6276 302
12932 303
9038 304
12603 305
259 306
12891 307
9233 308
12383 309
7197 310
9987 311
251 312
4550 313
118 314
15048 315
11982 316
7685 317
13312 318
12163 319
8686 320
4320 321
12481 322
2016 323
1092 324
3706 325
14986 326
5160 327
5594 328
86 329
13961 330
8946 331
1170 332
7574 333
15060 334
15149 335
11197 336
3144 337
3672 338
7142 339
11512 340
417 341
2697 342
11812 343
13928 344
13246 345
11636 346
13104 347
5574 348
5233 349
67 350
7569 351
661 352
1475 353
6498 354
2436 355
3478 356
977 357
14852 358
4189 359
9282 360
1767 361
3009 362
3470 363
11978 364
4156 365
696 366
1950 367
11785 368
8857 369
14324 370
1140 371
11632 372
3122 373
2440 374
6016 375
6838 376
309 377
10255 378
10508 379
8950 380
9833 381
12196 382
7861 383
10763 384
3046 385
4824 386
5131 387
1438 388
13143 389
8855 390
10918 391
5955 392
8351 393
9364 394
11021 395
13092 396
4868 397
8488 398
1544 399
14026 400
4912 401
7825 402
4664 403
4272 404
10797 405
3740 406
8354 407
7725 408
6779 409
13962 410
244 411
10186 412
3144 413
13856 414
2537 415
4158 416
5996 417
9065 418
6871 419
9453 420
10488 421
6720 422
9741 423
10748 424
7490 425
9327 426
144 427
8370 428
14332 429
7234 430
430 431
13039 432
6743 433
452 434
2853 435
1948 436
14016 437
8996 438
233 439
11367 440
7393 441
13780 442
5135 443
81 444
1049 445
7466 446
9388 447
2898 448
3709 449
418 450
11707 451
1360 452
5028 453
14374 454
1210 455
11783 456
12142 457
1373 458
15458 459
2486 460
9955 461
7011 462
10357 463
7981 464
11710 465
8413 466
9214 467
8046 468
11551 469
157 470
10944 471
173 472
10231 473
13539 474
11082 475
9269 476
8 477
11162 478
3529 479
4436 480
5513 481
7188 482
8718 483
761 484
6622 485
2100 486
11006 487
4892 488
10791 489
36 490
13084 491
6172 492
5271 493
213 494
6398 495
11234 496
11159 497
3109 498
3066 499
14850 500
6604 501
5083 502
9613 503
530 504
7730 505
14373 506
13242 507
8385 508
11125 509
5369 510
15308 511
7054 512
12270 513
10726 514
12416 515
9416 516
12439 517
5972 518
3815 519
15369 520
6373 521
10395 522
12354 523
6643 524
10476 525
12015 526
381 527
12988 528
11246 529
850 530
9225 531
2424 532
7745 533
8725 534
12844 535
13445 536
8691 537
3888 538
12723 539
14840 540
7127 541
2714 542
12262 543
5696 544
4997 545
9248 546
5412 547
5047 548
684 549
6114 550
191 551
6791 552
4249 553
3023 554
14861 555
5852 556
9387 557
14537 558
7440 559
1678 560
8226 561
7764 562
9535 563
2807 564
8464 565
3263 566
10468 567
1623 568
11824 569
13983 570
10311 571
8028 572
11084 573
10179 574
4897 575
6724 576
5427 577
11106 578
3266 579
5331 580
14524 581
2371 582
3199 583
10231 584
12508 585
4999 586
15305 587
2411 588
8236 589
11567 590
5306 591
11591 592
11383 593
9254 594
1542 595
14779 596
12311 597
11618 598
4383 599
1700 600
9091 601
9430 602
5241 603
10486 604
10026 605
10207 606
5516 607
9065 608
14376 609
10195 610
2100 611
5773 612
4044 613
3849 614
4027 615
8979 616
1073 617
3101 618
14666 619
5953 620
9250 621
990 622
8674 623
15270 624
9071 625
9108 626
4427 627
12599 628
716 629
929 630
4261 631
11960 632
551 633
8431 634
8095 635
8030 636
4446 637
4818 638
4979 639
11786 640
8450 641
6393 642
7643 643
5007 644
8333 645
13239 646
13359 647
10567 648
14693 649
7836 650
9299 651
4517 652
9546 653
14529 654
8607 655
3815 656
13572 657
410 658
8521 659
13681 660
7703 661
13136 662
14855 663
12714 664
7819 665
567 666
5312 667
8403 668
14960 669
8312 670
2072 671
8426 672
2466 673
5983 674
12904 675
1511 676
12090 677
7606 678
3534 679
13295 680
5342 681
8059 682
4477 683
5210 684
14353 685
4935 686
9408 687
3828 688
9194 689
5350 690
6181 691
14684 692
6320 693
2648 694
14374 695
5265 696
5597 697
10016 698
12203 699
13452 700
14030 701
8695 702
10187 703
9539 704
12281 705
3908 706
15063 707
5834 708
11793 709
12871 710
9924 711
9656 712
11347 713
12111 714
4089 715
8235 716
14562 717
3158 718
6884 719
6753 720
2121 721
13403 722
6908 723
13580 724
14720 725
12263 726
1536 727
7377 728
13823 729
14888 730
14215 731
14628 732
9128 733
9313 734
3882 735
8085 736
11224 737
14145 738
11250 739
4263 740
11777 741
1751 742
2067 743
14942 744
13249 745
3319 746
3014 747
1299 748
3679 749
5036 750
8516 751
15178 752
10800 753
10655 754
9069 755
13443 756
7327 757
13527 758
6598 759
11401 760
13253 761
4739 762
10959 763
4101 764
5932 765
6270 766
4983 767
9038 768
14874 769
7704 770
4347 771
4888 772
8759 773
14573 774
14265 775
1997 776
6075 777
9717 778
10014 779
2661 780
6924 781
5434 782
13486 783
14094 784
48 785
7733 786
1802 787
7028 788
13722 789
5251 790
14651 791
5621 792
8317 793
7981 794
15118 795
10397 796
9855 797
4815 798
162 799
15474 800
11622 801
11476 802
9543 803
8136 804
12595 805
14084 806
8743 807
2742 808
9143 809
14687 810
356 811
7801 812
6157 813
4418 814
13299 815
6571 816
4262 817
12158 818
15027 819
11220 820
11027 821
2353 822
5766 823
5928 824
12158 825
4233 826
10540 827
1547 828
12494 829
15073 830
2920 831
12902 832
4625 833
3291 834
7805 835
9267 836
44 837
148 838
14766 839
9855 840
859 841
13236 842
2387 843
13287 844
4186 845
7605 846
588 847
6662 848
5326 849
11584 850
1910 851
1785 852
2866 853
4706 854
12101 855
7197 856
1591 857
14836 858
7284 859
5542 860
1210 861
14939 862
13270 863
8901 864
9252 865
12153 866
3055 867
9991 868
5333 869
452 870
1443 871
3911 872
1919 873
5365 874
2002 875
2868 876
2478 877
14668 878
4037 879
5575 880
12028 881
4997 882
8423 883
6123 884
9060 885
4092 886
10242 887
4871 888
4436 889
15081 890
6353 891
4872 892
9755 893
10340 894
10663 895
7070 896
3211 897
7265 898
10937 899
13921 900
14433 901
11623 902
8995 903
8247 904
2718 905
6922 906
2991 907
11625 908
3030 909
14662 910
4179 911
3507 912
6842 913
10086 914
4162 915
7799 916
11103 917
14472 918
14665 919
4381 920
8634 921
2733 922
10204 923
6530 924
4466 925
15174 926
10533 927
3025 928
13336 929
10425 930
4435 931
8882 932
11680 933
9790 934
5170 935
5713 936
9296 937
7336 938
6737 939
532 940
338 941
5561 942
9925 943
8686 944
6002 945
2062 946
8639 947
2352 948
4211 949
2813 950
118 951
13981 952
682 953
11517 954
8548 955
3018 956
8821 957
5088 958
11019 959
9012 960
3641 961
5172 962
1351 963
2158 964
10744 965
13458 966
13019 967
9512 968
15066 969
8059 970
4713 971
5378 972
14718 973
3057 974
635 975
5942 976
8931 977
935 978
8030 979
2674 980
4186 981
1777 982
11932 983
475 984
10924 985
4030 986
14131 987
3673 988
6794 989
14865 990
942 991
15147 992
2718 993
10802 994
6594 995
5025 996
11121 997
12252 998
8510 999
7837 1000
1026 1001
3545 1002
10418 1003
147 1004
13930 1005
7370 1006
9172 1007
11523 1008
4535 1009
9013 1010
7479 1011
11898 1012
3181 1013
7946 1014
296 1015
14571 1016
9988 1017
6185 1018
13848 1019
49 1020
15353 1021
6104 1022
7903 1023
2780 1024
10390 1025
13637 1026
5285 1027
217 1028
4869 1029
8705 1030
14174 1031
9388 1032
15210 1033
1952 1034
10239 1035
9202 1036
8171 1037
14308 1038
7047 1039
11616 1040
3291 1041
4263 1042
9930 1043
1778 1044
771 1045
7025 1046
1058 1047
13064 1048
7982 1049
1882 1050
3311 1051
9736 1052
4963 1053
2640 1054
14927 1055
10244 1056
3504 1057
3655 1058
4946 1059
11352 1060
2744 1061
13951 1062
3562 1063
287 1064
7239 1065
5221 1066
7923 1067
14044 1068
8769 1069
9820 1070
5541 1071
8335 1072
3624 1073
852 1074
4476 1075
14660 1076
2964 1077
7536 1078
7719 1079
8846 1080
4380 1081
5362 1082
3430 1083
12962 1084
14864 1085
4499 1086
11489 1087
11964 1088
12074 1089
688 1090
8813 1091
2636 1092
106 1093
9702 1094
14949 1095
8698 1096
14046 1097
15420 1098
15120 1099
3426 1100
4588 1101
637 1102
11042 1103
13707 1104
9752 1105
1360 1106
11456 1107
15103 1108
6363 1109
886 1110
4081 1111
7633 1112
1059 1113
6341 1114
4327 1115
12956 1116
1171 1117
3378 1118
6455 1119
14551 1120
414 1121
4120 1122
2729 1123
12666 1124
15476 1125
3483 1126
8474 1127
10109 1128
10800 1129
12913 1130
11556 1131
3390 1132
14438 1133
469 1134
4576 1135
11347 1136
3030 1137
9037 1138
125 1139
7042 1140
9446 1141
7499 1142
11737 1143
13801 1144
10531 1145
11296 1146
3953 1147
5503 1148
3423 1149
9787 1150
5572 1151
1435 1152
9948 1153
1968 1154
13724 1155
8645 1156
11805 1157
13232 1158
7496 1159
3447 1160
4134 1161
5345 1162
12659 1163
14955 1164
15475 1165
3736 1166
9232 1167
12760 1168
10678 1169
14046 1170
9195 1171
6916 1172
15494 1173
8834 1174
12851 1175
15209 1176
2208 1177
10411 1178
3049 1179
3204 1180
8946 1181
12878 1182
14186 1183
3892 1184
10463 1185
689 1186
13754 1187
1688 1188
6650 1189
9343 1190
3571 1191
7640 1192
6316 1193
9178 1194
1059 1195
15331 1196
13910 1197
13242 1198
11711 1199
12567 1200
4392 1201
10639 1202
1040 1203
9454 1204
11869 1205
13612 1206
5950 1207
8804 1208
12192 1209
10754 1210
7298 1211
6278 1212
12197 1213
12775 1214
8517 1215
9887 1216
2096 1217
304 1218
3929 1219
7159 1220
3132 1221
9890 1222
9544 1223
13800 1224
1150 1225
10690 1226
14088 1227
12797 1228
3631 1229
1805 1230
78 1231
12937 1232
7331 1233
13518 1234
2217 1235
10572 1236
14252 1237
10204 1238
9431 1239
4418 1240
2720 1241
2458 1242
9908 1243
6918 1244
13378 1245
8275 1246
4705 1247
3424 1248
7876 1249
7481 1250
13852 1251
7851 1252
8536 1253
1675 1254
286 1255
7415 1256
9545 1257
101 1258
10018 1259
11295 1260
4949 1261
4840 1262
1939 1263
2695 1264
9502 1265
7083 1266
4123 1267
1359 1268
1671 1269
12236 1270
1252 1271
8252 1272
2620 1273
10379 1274
8143 1275
13141 1276
7532 1277
1029 1278
6262 1279
7294 1280
12081 1281
7447 1282
12549 1283
14302 1284
10834 1285
1337 1286
14303 1287
1907 1288
651 1289
13420 1290
14636 1291
12826 1292
5800 1293
9725 1294
8917 1295
6508 1296
610 1297
11597 1298
11130 1299
7255 1300
4144 1301
8225 1302
7776 1303
9186 1304
4952 1305
3176 1306
8288 1307
11974 1308
6399 1309
13620 1310
9655 1311
4529 1312
4139 1313
6723 1314
7954 1315
7308 1316
5293 1317
6716 1318
4017 1319
12247 1320
2920 1321
12016 1322
5158 1323
5639 1324
5850 1325
1551 1326
13786 1327
1854 1328
11717 1329
13148 1330
2140 1331
2989 1332
12685 1333
9231 1334
13400 1335
13639 1336
5099 1337
13692 1338
14566 1339
11514 1340
1493 1341
3807 1342
1787 1343
1875 1344
11450 1345
8544 1346
15096 1347
127 1348
7601 1349
5539 1350
2513 1351
4898 1352
9072 1353
3400 1354
973 1355
12211 1356
9175 1357
1181 1358
6105 1359
12913 1360
10194 1361
11815 1362
11815 1363
1323 1364
13785 1365
570 1366
3768 1367
39 1368
11645 1369
12594 1370
13662 1371
11623 1372
4855 1373
11696 1374
4835 1375
11998 1376
297 1377
6582 1378
8632 1379
2487 1380
1104 1381
1040 1382
13340 1383
8283 1384
11093 1385
11085 1386
11144 1387
10439 1388
5811 1389
4553 1390
14774 1391
4654 1392
3209 1393
292 1394
14486 1395
392 1396
3138 1397
1029 1398
1692 1399
8824 1400
13210 1401
6432 1402
10087 1403
8864 1404
11028 1405
9350 1406
9074 1407
7479 1408
7541 1409
2240 1410
6730 1411
6046 1412
2573 1413
3329 1414
14099 1415
3121 1416
181 1417
2617 1418
10271 1419
3461 1420
8220 1421
15408 1422
6726 1423
14694 1424
7902 1425
2466 1426
12928 1427
6859 1428
3742 1429
14799 1430
9898 1431
13813 1432
4038 1433
5994 1434
9248 1435
2151 1436
4976 1437
3835 1438
11725 1439
13089 1440
6981 1441
3338 1442
9201 1443
9137 1444
2444 1445
13647 1446
6133 1447
3051 1448
510 1449
6544 1450
3132 1451
259 1452
11928 1453
3146 1454
5661 1455
1544 1456
6343 1457
7936 1458
6741 1459
1445 1460
15199 1461
13194 1462
3510 1463
8040 1464
4443 1465
10988 1466
14121 1467
2687 1468
7870 1469
7466 1470
3911 1471
5455 1472
15019 1473
6102 1474
13150 1475
8889 1476
12074 1477
14277 1478
12826 1479
4565 1480
452 1481
550 1482
2866 1483
11416 1484
6897 1485
1108 1486
1044 1487
4862 1488
7479 1489
9371 1490
8226 1491
10956 1492
1165 1493
2055 1494
517 1495
13665 1496
8120 1497
3218 1498
2812 1499
12140 1500
2318 1501
2699 1502
7862 1503
7362 1504
12436 1505
7817 1506
6693 1507
3155 1508
7707 1509
12959 1510
34 1511
7454 1512
2272 1513
1950 1514
8182 1515
1225 1516
6855 1517
11796 1518
1389 1519
4683 1520
10397 1521
1051 1522
14184 1523
13188 1524
1272 1525
11516 1526
13854 1527
12347 1528
9091 1529
14690 1530
6973 1531
7446 1532
6427 1533
7733 1534
5299 1535
10152 1536
12490 1537
9770 1538
11635 1539
208 1540
11359 1541
3144 1542
5561 1543
4014 1544
15230 1545
5123 1546
2110 1547
57 1548
11442 1549
