1200 500
9985 0
574 1
2494 2
10049 3
6682 4
9550 5
1380 6
3567 7
6354 8
1101 9
5057 10
1610 11
10311 12
7341 13
7187 14
1523 15
1164 16
11299 17
4688 18
11411 19
9846 20
1191 21
7625 22
1948 23
9147 24
9770 25
9802 26
8406 27
5850 28
4288 29
7519 30
2730 31
1765 32
1651 33
3489 34
11440 35
5225 36
6632 37
8187 38
11695 39
2925 40
108 41
3542 42
8564 43
560 44
2896 45
3575 46
5017 47
6241 48
9240 49
5609 50
11629 51
10761 52
2478 53
7576 54
760 55
8725 56
11620 57
5791 58
2712 59
8327 60
123 61
4792 62
10702 63
10131 64
11472 65
2679 66
4367 67
4110 68
9985 69
8314 70
4047 71
1626 72
1414 73
6474 74
8916 75
9629 76
5875 77
6024 78
8557 79
4474 80
10062 81
4625 82
9516 83
3603 84
8992 85
10707 86
11358 87
3046 88
2021 89
11164 90
1664 91
10957 92
7145 93
8851 94
6711 95
8330 96
1329 97
1910 98
11926 99
6496 100
9844 101
4260 102
3139 103
2436 104
11887 105
1723 106
9256 107
10414 108
4628 109
8276 110
8103 111
6909 112
257 113
8357 114
700 115
6951 116
10666 117
1164 118
3032 119
10950 120
984 121
891 122
3883 123
9160 124
10710 125
6778 126
2370 127
11478 128
4196 129
113 130
11285 131
11095 132
1047 133
8860 134
11425 135
5604 136
1344 137
10812 138
625 139
1144 140
10603 141
6088 142
1257 143
5461 144
1036 145
4545 146
5790 147
6251 148
11407 149
7521 150
9463 151
6938 152
6693 153
10463 154
3704 155
6724 156
6650 157
3593 158
5274 159
11883 160
6115 161
3681 162
7382 163
6623 164
5566 165
2935 166
4251 167
6662 168
110 169
10366 170
8242 171
3482 172
4084 173
10309 174
8591 175
7379 176
766 177
8213 178
7284 179
9646 180
4317 181
10293 182
7962 183
8492 184
2868 185
11342 186
11149 187
6985 188
10541 189
10852 190
8192 191
9052 192
9048 193
9580 194
2749 195
6032 196
6828 197
11269 198
6001 199
4314 200
6860 201
10850 202
9701 203
2465 204
10821 205
6970 206
1081 207
8432 208
6976 209
11660 210
11675 211
9842 212
254 213
4005 214
3089 215
3547 216
529 217
10594 218
8332 219
5020 220
11 221
3728 222
4348 223
4381 224
5556 225
5474 226
7344 227
6782 228
9250 229
7238 230
1887 231
248 232
9930 233
10186 234
7416 235
2688 236
1132 237
8613 238
10923 239
4007 240
2138 241
8206 242
1199 243
4441 244
9380 245
455 246
9962 247
8245 248
5855 249
3191 250
3536 251
2621 252
56 253
10439 254
3713 255
11420 256
8282 257
3539 258
9714 259
10227 260
1943 261
7017 262
8417 263
9104 264
1094 265
1353 266
6074 267
1458 268
5030 269
4051 270
3597 271
631 272
3307 273
2593 274
9659 275
3772 276
1032 277
1737 278
914 279
9767 280
10961 281
1948 282
9525 283
6655 284
10422 285
4797 286
803 287
1576 288
4739 289
5250 290
9823 291
9487 292
7426 293
5233 294
11564 295
11438 296
841 297
2390 298
2784 299
547 300
6040 301
745 302
6636 303
3557 304
5837 305
2774 306
6578 307
852 308
10302 309
4795 310
4233 311
8983 312
3358 313
159 314
8271 315
3894 316
10142 317
10411 318
1180 319
7598 320
4486 321
828 322
10161 323
603 324
5164 325
1060 326
5148 327
2871 328
10444 329
7233 330
2802 331
11576 332
7967 333
4038 334
3401 335
4699 336
7244 337
9054 338
1360 339
1653 340
4795 341
1379 342
4190 343
10361 344
4170 345
8869 346
6023 347
5285 348
3374 349
3805 350
5169 351
1629 352
8175 353
2987 354
3771 355
1574 356
9108 357
7733 358
3467 359
1416 360
11897 361
5577 362
3025 363
4402 364
6158 365
5895 366
11066 367
3702 368
8963 369
5761 370
4728 371
4249 372
11036 373
583 374
11963 375
2213 376
5354 377
10785 378
9119 379
9907 380
8816 381
1656 382
2962 383
1033 384
3532 385
10938 386
6731 387
6758 388
4835 389
6831 390
382 391
4982 392
9809 393
4018 394
9584 395
5770 396
9072 397
11778 398
7109 399
775 400
6242 401
3805 402
9917 403
485 404
458 405
10798 406
5507 407
9843 408
9215 409
1921 410
3587 411
6967 412
9224 413
8126 414
1501 415
9759 416
1690 417
2227 418
4465 419
8914 420
6542 421
8913 422
10673 423
11919 424
11847 425
8568 426
2215 427
2251 428
11024 429
9442 430
7750 431
8903 432
1470 433
2133 434
4795 435
4127 436
9049 437
903 438
10932 439
6613 440
193 441
2593 442
10010 443
8154 444
10731 445
1178 446
7220 447
9383 448
5354 449
4890 450
6616 451
81 452
11233 453
10874 454
7833 455
4295 456
4258 457
4901 458
1839 459
2475 460
6027 461
2038 462
9223 463
10503 464
11370 465
780 466
1144 467
1747 468
10213 469
9373 470
2886 471
8230 472
7175 473
10219 474
5611 475
808 476
2307 477
4356 478
6106 479
17 480
1389 481
7465 482
1036 483
1413 484
6842 485
4902 486
6276 487
6566 488
7461 489
7002 490
5879 491
4096 492
485 493
2187 494
8398 495
8488 496
8801 497
1254 498
3616 499
11679 500
11835 501
3054 502
5191 503
1846 504
6977 505
8466 506
4597 507
1794 508
11284 509
10028 510
8163 511
10757 512
11405 513
8749 514
7884 515
4374 516
7748 517
8723 518
527 519
8505 520
1441 521
4266 522
3663 523
7286 524
11078 525
11601 526
9318 527
8233 528
10093 529
1497 530
3573 531
8769 532
3308 533
10469 534
9236 535
10581 536
9998 537
8989 538
524 539
10020 540
11747 541
9830 542
7428 543
7094 544
169 545
11075 546
10436 547
4648 548
11485 549
5928 550
34 551
7127 552
761 553
5965 554
1974 555
9567 556
5755 557
8638 558
6465 559
3611 560
6733 561
9773 562
8163 563
3025 564
6804 565
6279 566
9770 567
9874 568
10624 569
4943 570
1677 571
7553 572
939 573
1779 574
4099 575
11657 576
10973 577
4969 578
7722 579
8571 580
9314 581
156 582
5213 583
4949 584
10264 585
5068 586
4082 587
1091 588
5344 589
1978 590
9458 591
11241 592
10415 593
4586 594
4150 595
5485 596
5601 597
5433 598
1704 599
9189 600
4875 601
2332 602
4317 603
1635 604
2978 605
11386 606
1073 607
11114 608
187 609
2040 610
3993 611
6275 612
7723 613
8999 614
11303 615
5397 616
7607 617
4637 618
11086 619
8329 620
4261 621
9284 622
8295 623
3397 624
8960 625
321 626
5648 627
1992 628
10491 629
7516 630
3446 631
9452 632
10558 633
9174 634
11387 635
3622 636
4858 637
9681 638
4888 639
2871 640
3214 641
10525 642
9848 643
7071 644
9680 645
7784 646
3912 647
7472 648
11004 649
1912 650
734 651
9978 652
450 653
6667 654
5268 655
8794 656
10079 657
10807 658
5721 659
3430 660
11625 661
3868 662
7784 663
2155 664
5366 665
9245 666
7137 667
3577 668
4368 669
9872 670
2408 671
5654 672
2747 673
8700 674
877 675
4034 676
9990 677
7424 678
6658 679
11335 680
8399 681
4046 682
3684 683
1208 684
6758 685
2123 686
7371 687
6504 688
11252 689
3120 690
9608 691
11060 692
2325 693
11737 694
2126 695
5057 696
3350 697
5801 698
293 699
5139 700
4524 701
8659 702
9283 703
1222 704
9946 705
7791 706
4012 707
315 708
1645 709
7685 710
7677 711
8379 712
7353 713
6092 714
6078 715
2798 716
6545 717
9166 718
832 719
5254 720
11648 721
9360 722
8584 723
8898 724
9614 725
6269 726
7092 727
799 728
7173 729
9901 730
5085 731
653 732
3726 733
10324 734
1726 735
928 736
8146 737
11807 738
2517 739
437 740
1135 741
1748 742
8921 743
4514 744
11327 745
3162 746
2233 747
5421 748
3591 749
4275 750
4148 751
5748 752
5428 753
1227 754
8234 755
2476 756
1569 757
7173 758
6778 759
9211 760
9650 761
8428 762
7274 763
540 764
8543 765
2866 766
5929 767
4032 768
11232 769
1443 770
11073 771
8835 772
11922 773
6010 774
5350 775
3343 776
10936 777
7534 778
6203 779
6035 780
6680 781
6333 782
1191 783
2527 784
8055 785
1445 786
9852 787
4572 788
8157 789
8535 790
740 791
4307 792
5447 793
3230 794
1738 795
2482 796
7715 797
7270 798
10570 799
9941 800
3150 801
5287 802
920 803
10535 804
8499 805
9921 806
6437 807
2458 808
3461 809
10723 810
10225 811
10303 812
10226 813
3476 814
9538 815
7325 816
11186 817
3718 818
8747 819
1260 820
3399 821
11936 822
3236 823
7416 824
6397 825
1343 826
142 827
6414 828
7395 829
4297 830
11498 831
5434 832
6664 833
723 834
5011 835
1995 836
9316 837
6125 838
7962 839
7333 840
4891 841
11026 842
987 843
2829 844
751 845
5732 846
8464 847
8887 848
7842 849
2503 850
4353 851
10087 852
5556 853
4192 854
10054 855
2443 856
11435 857
1949 858
4575 859
7499 860
2391 861
8674 862
10136 863
1247 864
9857 865
4653 866
7153 867
4196 868
6975 869
9633 870
10290 871
8897 872
1521 873
5393 874
6968 875
1620 876
704 877
6445 878
7849 879
3539 880
7896 881
2437 882
7297 883
10304 884
3385 885
4208 886
9697 887
3136 888
511 889
780 890
4040 891
10173 892
8375 893
2118 894
3407 895
7913 896
7973 897
5258 898
5067 899
4667 900
5298 901
3778 902
7272 903
11080 904
5792 905
133 906
977 907
10133 908
11921 909
640 910
3994 911
2939 912
4429 913
10028 914
3926 915
6033 916
9774 917
6507 918
7350 919
6781 920
10861 921
10459 922
8981 923
348 924
146 925
10746 926
8334 927
4166 928
129 929
11895 930
2597 931
3468 932
5586 933
11772 934
10552 935
3710 936
390 937
3268 938
1145 939
3384 940
8003 941
2410 942
8319 943
7927 944
2125 945
7181 946
5455 947
8207 948
6404 949
10726 950
379 951
5973 952
2049 953
2109 954
10178 955
11035 956
1328 957
9807 958
8255 959
2871 960
8143 961
7222 962
8016 963
11764 964
4533 965
7241 966
328 967
5260 968
3592 969
7916 970
2945 971
8115 972
6454 973
1021 974
6579 975
8907 976
9762 977
5310 978
5993 979
6980 980
1209 981
11747 982
10955 983
2185 984
7158 985
131 986
8781 987
1914 988
5257 989
9680 990
3085 991
6982 992
11086 993
8184 994
1588 995
8190 996
4303 997
2388 998
2957 999
5297 1000
9101 1001
7527 1002
10399 1003
8525 1004
11173 1005
9397 1006
3795 1007
8865 1008
2157 1009
7691 1010
4617 1011
3229 1012
4190 1013
9224 1014
4827 1015
10599 1016
9948 1017
10675 1018
11758 1019
6952 1020
9916 1021
10333 1022
4723 1023
5031 1024
4612 1025
1676 1026
2455 1027
2874 1028
8484 1029
11319 1030
6228 1031
7513 1032
3338 1033
10793 1034
6145 1035
8917 1036
6472 1037
6942 1038
7026 1039
11917 1040
2447 1041
2064 1042
9794 1043
7824 1044
1070 1045
3938 1046
2818 1047
726 1048
11720 1049
9472 1050
3607 1051
3503 1052
6637 1053
9398 1054
2768 1055
10796 1056
11914 1057
4010 1058
11376 1059
3790 1060
8288 1061
6873 1062
9556 1063
3955 1064
10340 1065
762 1066
9500 1067
4271 1068
10677 1069
7283 1070
261 1071
9369 1072
6699 1073
7676 1074
6830 1075
11130 1076
1131 1077
7266 1078
11696 1079
2874 1080
10093 1081
6848 1082
9284 1083
4270 1084
3027 1085
10098 1086
1067 1087
5882 1088
11978 1089
5214 1090
104 1091
5124 1092
2219 1093
10617 1094
8885 1095
8656 1096
6325 1097
10506 1098
9755 1099
770 1100
7906 1101
4141 1102
5798 1103
10776 1104
6104 1105
6795 1106
2986 1107
4863 1108
4383 1109
221 1110
11696 1111
6068 1112
11582 1113
5436 1114
1561 1115
7868 1116
8343 1117
4612 1118
9135 1119
1383 1120
3983 1121
6039 1122
1009 1123
5729 1124
8299 1125
11241 1126
11277 1127
10682 1128
8666 1129
2731 1130
8375 1131
10844 1132
349 1133
6144 1134
8531 1135
11175 1136
11175 1137
7052 1138
4775 1139
5382 1140
1148 1141
610 1142
9391 1143
37 1144
919 1145
10849 1146
1944 1147
11735 1148
9134 1149
8679 1150
3248 1151
7784 1152
7040 1153
1030 1154
4655 1155
11081 1156
7103 1157
8471 1158
10845 1159
1978 1160
11701 1161
5389 1162
1848 1163
5515 1164
103 1165
6647 1166
3445 1167
1355 1168
3237 1169
1321 1170
7886 1171
5955 1172
8066 1173
2255 1174
4197 1175
11295 1176
7868 1177
6358 1178
3447 1179
3260 1180
7893 1181
11316 1182
11329 1183
9304 1184
1427 1185
1147 1186
636 1187
1410 1188
11847 1189
7304 1190
9628 1191
11074 1192
3672 1193
3466 1194
5766 1195
7887 1196
599 1197
735 1198
10442 1199
