1650 1600
4130 0
364 1
11316 2
256 3
57 4
13072 5
8904 6
12523 7
14110 8
5702 9
4777 10
10783 11
14859 12
4916 13
7841 14
2614 15
15314 16
8368 17
4449 18
8354 19
2442 20
7903 21
11827 22
14319 23
4186 24
11719 25
13053 26
15732 27
12715 28
4271 29
12602 30
13344 31
8932 32
12912 33
7707 34
16358 35
9602 36
15977 37
3677 38
11358 39
12734 40
1562 41
1838 42
12483 43
8549 44
16141 45
10435 46
12755 47
2997 48
16451 49
7567 50
14907 51
3392 52
14461 53
2924 54
3984 55
2625 56
13015 57
7374 58
8568 59
6587 60
5175 61
12522 62
13275 63
539 64
9641 65
1928 66
6734 67
1592 68
3682 69
2751 70
12891 71
16055 72
7314 73
14620 74
293 75
4907 76
2297 77
2342 78
3195 79
13087 80
14067 81
5581 82
15524 83
4518 84
5484 85
12106 86
11530 87
3619 88
14072 89
2612 90
3522 91
3057 92
4482 93
81 94
3159 95
16265 96
433 97
697 98
10102 99
15037 100
1045 101
13383 102
14309 103
517 104
15465 105
8733 106
767 107
10378 108
7947 109
10946 110
12275 111
7310 112
11796 113
5395 114
6967 115
5909 116
13173 117
9811 118
13343 119
5306 120
8195 121
15508 122
8996 123
6421 124
1539 125
480 126
8968 127
649 128
10873 129
4607 130
1873 131
6194 132
13249 133
15630 134
1897 135
10163 136
367 137
9569 138
14550 139
12852 140
5181 141
9408 142
13699 143
14084 144
1861 145
15000 146
9900 147
9455 148
9245 149
3706 150
7542 151
1422 152
15674 153
10870 154
6024 155
11692 156
1448 157
10610 158
6128 159
95 160
160 161
1343 162
13244 163
8626 164
7513 165
10417 166
11787 167
5671 168
12939 169
10978 170
10903 171
1650 172
16238 173
15116 174
11558 175
5539 176
14236 177
15442 178
350 179
5129 180
4043 181
2758 182
7900 183
16235 184
15610 185
7391 186
9291 187
939 188
11591 189
15754 190
2923 191
1288 192
14057 193
12951 194
7256 195
13270 196
5432 197
4295 198
8722 199
11556 200
14106 201
1448 202
9975 203
5228 204
13500 205
15273 206
9827 207
14198 208
12032 209
4325 210
12137 211
10137 212
1203 213
6560 214
2269 215
4341 216
6428 217
4241 218
15130 219
7623 220
8513 221
11554 222
3552 223
3833 224
12130 225
8621 226
15248 227
10644 228
8683 229
3597 230
8659 231
49 232
12920 233
12687 234
15726 235
10856 236
10270 237
13696 238
4365 239
5896 240
15722 241
7114 242
9968 243
14649 244
3959 245
12245 246
13033 247
13028 248
13737 249
7582 250
15428 251
14184 252
2049 253
15817 254
3247 255
13426 256
14749 257
3026 258
11354 259
4208 260
9861 261
5568 262
980 263
12761 264
10338 265
14747 266
10090 267
8203 268
4778 269
13174 270
13460 271
8784 272
15874 273
10767 274
6973 275
7408 276
2797 277
12819 278
9504 279
7140 280
15400 281
10647 282
13681 283
13621 284
14477 285
15175 286
808 287
3895 288
11810 289
1193 290
14712 291
13408 292
8624 293
12356 294
11566 295
7966 296
12633 297
9395 298
4368 299
7915 300
11671 301
13978 302
15648 303
6764 304
10205 305
389 306
6224 307
4939 308
14659 309
326 310
7048 311
7343 312
1952 313
13000 314
14033 315
5298 316
5033 317
8010 318
10819 319
13263 320
2156 321
6548 322
14326 323
11088 324
4099 325
9286 326
15081 327
3552 328
9852 329
2353 330
10715 331
15725 332
13658 333
6392 334
2484 335
424 336
13617 337
15070 338
5555 339
2798 340
14928 341
1648 342
14397 343
12975 344
2743 345
12521 346
6906 347
15546 348
5842 349
4914 350
1838 351
10231 352
15357 353
11673 354
11531 355
13478 356
15113 357
13595 358
7703 359
11839 360
308 361
7391 362
15271 363
2058 364
9168 365
14445 366
2179 367
6413 368
11578 369
15885 370
3534 371
12690 372
16170 373
9963 374
13259 375
2838 376
13488 377
6656 378
432 379
5722 380
13846 381
5651 382
7245 383
7387 384
2855 385
13423 386
3531 387
3984 388
5951 389
16398 390
13030 391
2509 392
7812 393
15164 394
3077 395
14656 396
4936 397
3951 398
12163 399
6247 400
3170 401
15800 402
186 403
12641 404
4778 405
15965 406
10847 407
2662 408
16381 409
15678 410
1292 411
2425 412
9023 413
14368 414
12494 415
6762 416
1672 417
13205 418
6996 419
5025 420
2558 421
12487 422
7424 423
4795 424
14661 425
8250 426
1665 427
4658 428
15894 429
15946 430
12813 431
963 432
7917 433
15307 434
11933 435
2650 436
6957 437
2876 438
13036 439
823 440
12680 441
8539 442
16148 443
5708 444
3589 445
10199 446
5270 447
5746 448
14033 449
14547 450
5320 451
13280 452
11419 453
15020 454
11125 455
229 456
3944 457
10518 458
10856 459
5994 460
12456 461
9683 462
7967 463
11679 464
10499 465
16402 466
14638 467
5829 468
9624 469
7295 470
1169 471
8438 472
1537 473
9458 474
1793 475
10031 476
1174 477
1664 478
11551 479
8458 480
16432 481
5788 482
13113 483
2263 484
15960 485
8997 486
5570 487
11670 488
13266 489
4382 490
9683 491
160 492
12778 493
3854 494
4160 495
5795 496
6440 497
8988 498
12008 499
4120 500
13916 501
4600 502
3058 503
13548 504
3904 505
12232 506
9946 507
5441 508
7541 509
7254 510
15378 511
12916 512
114 513
15107 514
797 515
2511 516
3983 517
4105 518
7950 519
5648 520
12258 521
3191 522
15401 523
12108 524
6082 525
12769 526
3820 527
1775 528
4580 529
15338 530
6969 531
3743 532
2357 533
5036 534
15217 535
4634 536
10691 537
550 538
7112 539
1640 540
6131 541
4990 542
1240 543
3575 544
14366 545
13350 546
15558 547
11849 548
8390 549
16373 550
11193 551
12009 552
3153 553
2834 554
5140 555
8068 556
9500 557
7564 558
13748 559
4404 560
9457 561
1972 562
3792 563
13338 564
2733 565
1569 566
10269 567
732 568
16198 569
13630 570
15185 571
10228 572
2593 573
4755 574
6822 575
7906 576
4179 577
6561 578
1200 579
11407 580
10199 581
13640 582
3714 583
9061 584
6808 585
15088 586
8244 587
10555 588
1897 589
15784 590
15808 591
8472 592
7373 593
12006 594
12718 595
10597 596
13821 597
10313 598
10855 599
419 600
6355 601
11360 602
7700 603
129 604
2215 605
1084 606
2262 607
11838 608
14798 609
9823 610
3617 611
10312 612
10285 613
14207 614
16308 615
7798 616
8525 617
16008 618
8161 619
12992 620
974 621
15182 622
11742 623
11628 624
14878 625
4941 626
9428 627
1315 628
5439 629
4221 630
2547 631
6651 632
16150 633
7749 634
10452 635
8517 636
12877 637
12866 638
430 639
13265 640
5621 641
2269 642
3767 643
11388 644
4694 645
2825 646
10637 647
10059 648
3745 649
13372 650
6205 651
3553 652
3889 653
9754 654
3177 655
248 656
8594 657
1162 658
9159 659
8370 660
8052 661
11994 662
10302 663
12591 664
13125 665
4184 666
13043 667
14581 668
12710 669
15326 670
185 671
2511 672
11344 673
303 674
12227 675
9197 676
15072 677
9220 678
1899 679
8637 680
14328 681
1637 682
6126 683
1759 684
7584 685
9330 686
13641 687
5040 688
14144 689
1865 690
5793 691
9666 692
2657 693
12804 694
14465 695
5781 696
15697 697
709 698
7579 699
9540 700
8431 701
1372 702
12231 703
15575 704
16459 705
3025 706
12419 707
15836 708
10702 709
1836 710
3225 711
9339 712
12066 713
9192 714
12441 715
11324 716
10260 717
9415 718
10676 719
10127 720
4800 721
4133 722
6589 723
16214 724
15550 725
10470 726
15405 727
2770 728
6784 729
7030 730
364 731
14729 732
4044 733
6135 734
7007 735
9858 736
7457 737
2460 738
12176 739
3238 740
11631 741
852 742
15548 743
188 744
4 745
6933 746
180 747
6737 748
13054 749
14313 750
4012 751
16449 752
4116 753
13141 754
7029 755
12539 756
5843 757
9171 758
15789 759
10686 760
2722 761
9864 762
11613 763
6985 764
15201 765
3987 766
8245 767
7180 768
7333 769
11714 770
3041 771
4304 772
8997 773
1844 774
11281 775
3264 776
1613 777
9952 778
9612 779
12610 780
3724 781
9650 782
7849 783
3193 784
14145 785
11285 786
4849 787
7061 788
3343 789
8498 790
7606 791
12896 792
7870 793
16420 794
15983 795
10275 796
6615 797
14432 798
5898 799
11900 800
15541 801
13515 802
10158 803
9917 804
12311 805
6552 806
1036 807
4084 808
5256 809
3186 810
13952 811
369 812
15155 813
2761 814
720 815
15422 816
10511 817
3806 818
13634 819
3852 820
2248 821
7765 822
13754 823
13823 824
2249 825
2446 826
2883 827
2687 828
13587 829
13657 830
12613 831
15 832
10614 833
13442 834
10775 835
14854 836
13919 837
13472 838
4531 839
695 840
13890 841
8977 842
10235 843
1726 844
5554 845
13921 846
15557 847
16327 848
12732 849
14786 850
2778 851
13418 852
10131 853
1208 854
11730 855
3738 856
12893 857
6494 858
3161 859
1813 860
5882 861
5144 862
3548 863
9276 864
2614 865
16143 866
14604 867
1063 868
15405 869
8429 870
10118 871
14043 872
1775 873
5706 874
15947 875
10475 876
7093 877
13922 878
11629 879
9350 880
15378 881
13572 882
12949 883
13153 884
938 885
8229 886
6096 887
9526 888
12246 889
6069 890
2976 891
3811 892
15623 893
5267 894
6518 895
3871 896
12350 897
2188 898
6740 899
3641 900
3324 901
372 902
9738 903
14779 904
9231 905
1708 906
1288 907
595 908
1106 909
9773 910
10617 911
10113 912
4237 913
9307 914
15292 915
557 916
13960 917
15849 918
167 919
6793 920
14987 921
16167 922
2702 923
3575 924
10307 925
6752 926
8491 927
16213 928
16166 929
13933 930
2269 931
14213 932
4632 933
9808 934
30 935
7374 936
12781 937
13188 938
16340 939
7053 940
624 941
14012 942
5464 943
12271 944
16265 945
3766 946
1660 947
14761 948
14290 949
3323 950
10499 951
1227 952
3390 953
3020 954
16014 955
11568 956
5472 957
2612 958
1508 959
3756 960
1317 961
4423 962
3828 963
12503 964
14236 965
3261 966
2646 967
12841 968
14720 969
2290 970
7569 971
7172 972
1083 973
8542 974
4954 975
4118 976
7424 977
2028 978
6171 979
2487 980
7815 981
3757 982
14888 983
4490 984
9228 985
2206 986
6945 987
6159 988
3328 989
724 990
16114 991
14729 992
472 993
13129 994
10096 995
1644 996
7214 997
3325 998
498 999
9267 1000
2013 1001
15400 1002
15819 1003
13284 1004
10778 1005
4145 1006
2343 1007
11428 1008
14016 1009
5201 1010
4626 1011
4828 1012
11389 1013
15736 1014
16146 1015
1007 1016
8275 1017
7653 1018
790 1019
15684 1020
15592 1021
8884 1022
16117 1023
1273 1024
13171 1025
13897 1026
5672 1027
9847 1028
9000 1029
3737 1030
11800 1031
5116 1032
16303 1033
16059 1034
5093 1035
5386 1036
5744 1037
13722 1038
14142 1039
12764 1040
5718 1041
14650 1042
13759 1043
7357 1044
11531 1045
6171 1046
6808 1047
3711 1048
2347 1049
2831 1050
10261 1051
5269 1052
13856 1053
14303 1054
6749 1055
9554 1056
10157 1057
6729 1058
3273 1059
11349 1060
612 1061
7745 1062
4512 1063
3611 1064
15371 1065
12173 1066
5249 1067
2246 1068
16254 1069
14232 1070
15126 1071
2932 1072
4152 1073
13813 1074
299 1075
12120 1076
10405 1077
16104 1078
493 1079
15967 1080
7977 1081
10672 1082
2297 1083
36 1084
12763 1085
2207 1086
612 1087
13581 1088
277 1089
6465 1090
9056 1091
8800 1092
15087 1093
14289 1094
9062 1095
11925 1096
5171 1097
7087 1098
4213 1099
14028 1100
108 1101
9754 1102
14375 1103
8385 1104
12833 1105
6576 1106
1085 1107
4954 1108
4914 1109
560 1110
8465 1111
11457 1112
7566 1113
11763 1114
8361 1115
3409 1116
10520 1117
5641 1118
8122 1119
6939 1120
3209 1121
7984 1122
8997 1123
11839 1124
14108 1125
10146 1126
6231 1127
3433 1128
6401 1129
9926 1130
558 1131
13490 1132
6259 1133
8399 1134
12286 1135
186 1136
2911 1137
8216 1138
4743 1139
174 1140
13287 1141
13281 1142
13066 1143
13025 1144
2278 1145
2125 1146
1962 1147
16242 1148
10055 1149
6090 1150
14849 1151
15593 1152
3278 1153
12625 1154
9521 1155
8022 1156
13893 1157
14494 1158
14715 1159
7507 1160
4157 1161
1773 1162
16304 1163
2 1164
14569 1165
6549 1166
10935 1167
4619 1168
5189 1169
14027 1170
9301 1171
3985 1172
9705 1173
10488 1174
12093 1175
11055 1176
14949 1177
13975 1178
3000 1179
14115 1180
9708 1181
8901 1182
1933 1183
5053 1184
12731 1185
10877 1186
12638 1187
15747 1188
6305 1189
9279 1190
15603 1191
5719 1192
11706 1193
9923 1194
3562 1195
2407 1196
10466 1197
4109 1198
1971 1199
13875 1200
11451 1201
6009 1202
4973 1203
2904 1204
14193 1205
3526 1206
13962 1207
9919 1208
5630 1209
12221 1210
16038 1211
3396 1212
2840 1213
15791 1214
8533 1215
12710 1216
16330 1217
16113 1218
5428 1219
9291 1220
1110 1221
5141 1222
9886 1223
15180 1224
11807 1225
1516 1226
230 1227
1455 1228
7227 1229
4333 1230
15938 1231
8291 1232
10293 1233
12695 1234
14107 1235
13992 1236
11911 1237
16258 1238
10927 1239
2720 1240
9599 1241
4126 1242
15776 1243
3254 1244
11747 1245
1913 1246
8688 1247
12416 1248
12363 1249
13883 1250
3917 1251
3237 1252
9346 1253
15993 1254
2397 1255
10507 1256
10514 1257
12145 1258
4057 1259
1455 1260
1335 1261
6922 1262
14888 1263
12403 1264
4757 1265
10972 1266
5830 1267
11564 1268
1027 1269
8229 1270
11076 1271
5402 1272
15148 1273
11507 1274
9629 1275
14047 1276
15612 1277
1483 1278
346 1279
14000 1280
13019 1281
9975 1282
1630 1283
3356 1284
5499 1285
2400 1286
15101 1287
2030 1288
6725 1289
14761 1290
10258 1291
1997 1292
15014 1293
14439 1294
7262 1295
1977 1296
2717 1297
2987 1298
12173 1299
11502 1300
15973 1301
8421 1302
1306 1303
8236 1304
5807 1305
4322 1306
5029 1307
12661 1308
6064 1309
6956 1310
16180 1311
4993 1312
4091 1313
5163 1314
6570 1315
9633 1316
1815 1317
2923 1318
537 1319
12205 1320
6248 1321
6292 1322
14520 1323
7410 1324
1025 1325
13292 1326
11216 1327
12698 1328
14099 1329
5572 1330
12297 1331
4880 1332
492 1333
16397 1334
7875 1335
3337 1336
4311 1337
3302 1338
13644 1339
13545 1340
15821 1341
1132 1342
8731 1343
14558 1344
5 1345
15181 1346
9315 1347
712 1348
5905 1349
4027 1350
8579 1351
14773 1352
11989 1353
4062 1354
6480 1355
2574 1356
3919 1357
13921 1358
6462 1359
11028 1360
13673 1361
13227 1362
16190 1363
15203 1364
13458 1365
13136 1366
5068 1367
8089 1368
7860 1369
10759 1370
15320 1371
1293 1372
6723 1373
1635 1374
6837 1375
11787 1376
5240 1377
10957 1378
1372 1379
12678 1380
11817 1381
3307 1382
16252 1383
14255 1384
3818 1385
11248 1386
8338 1387
13445 1388
8255 1389
2529 1390
286 1391
2354 1392
2908 1393
3668 1394
2022 1395
11387 1396
6583 1397
4245 1398
1356 1399
1247 1400
2287 1401
9124 1402
930 1403
12620 1404
6444 1405
9400 1406
3380 1407
10643 1408
12407 1409
5063 1410
13790 1411
15976 1412
15603 1413
12275 1414
4609 1415
7752 1416
6469 1417
184 1418
10056 1419
6758 1420
16339 1421
7154 1422
15983 1423
11993 1424
11476 1425
13756 1426
2169 1427
11628 1428
1053 1429
2955 1430
6841 1431
13899 1432
14408 1433
4668 1434
15906 1435
1873 1436
9362 1437
1369 1438
14271 1439
2631 1440
10029 1441
13111 1442
15427 1443
592 1444
7211 1445
15416 1446
15526 1447
7846 1448
6567 1449
14977 1450
12185 1451
12162 1452
15827 1453
2759 1454
4109 1455
11462 1456
1232 1457
10606 1458
16415 1459
5467 1460
15670 1461
13385 1462
1181 1463
10328 1464
9496 1465
8001 1466
10263 1467
14747 1468
11890 1469
3388 1470
12653 1471
3807 1472
13813 1473
10821 1474
7379 1475
11617 1476
14226 1477
6028 1478
10644 1479
14433 1480
1066 1481
7891 1482
15656 1483
9070 1484
10158 1485
4532 1486
16496 1487
16098 1488
534 1489
5718 1490
23 1491
14373 1492
753 1493
14118 1494
15999 1495
9337 1496
8917 1497
6626 1498
12593 1499
14272 1500
6402 1501
11483 1502
10976 1503
9312 1504
3726 1505
7153 1506
48 1507
8982 1508
5691 1509
3330 1510
6023 1511
4936 1512
15593 1513
13522 1514
2158 1515
709 1516
5000 1517
1650 1518
11972 1519
11204 1520
941 1521
10974 1522
6215 1523
2378 1524
12435 1525
12871 1526
15681 1527
4601 1528
8677 1529
15654 1530
1685 1531
16218 1532
12149 1533
3330 1534
3977 1535
11676 1536
5762 1537
1788 1538
13726 1539
705 1540
1989 1541
9728 1542
10891 1543
15711 1544
15967 1545
14104 1546
3700 1547
9373 1548
8585 1549
7286 1550
4393 1551
1293 1552
15349 1553
2059 1554
11288 1555
9497 1556
11348 1557
624 1558
14386 1559
13323 1560
9125 1561
13921 1562
8283 1563
15903 1564
6410 1565
12573 1566
8056 1567
6977 1568
6481 1569
2673 1570
8960 1571
6738 1572
16111 1573
5067 1574
4545 1575
14879 1576
12754 1577
15982 1578
2319 1579
5739 1580
1408 1581
6380 1582
16126 1583
16305 1584
2337 1585
8045 1586
6038 1587
14208 1588
5273 1589
14908 1590
14349 1591
8613 1592
6001 1593
7865 1594
7691 1595
12020 1596
15855 1597
3810 1598
16203 1599
10901 1600
11518 1601
14218 1602
11579 1603
14876 1604
14048 1605
7173 1606
170 1607
5399 1608
3045 1609
11183 1610
13558 1611
4074 1612
11681 1613
1784 1614
10493 1615
12763 1616
10211 1617
6498 1618
4345 1619
3429 1620
14939 1621
1917 1622
7731 1623
153 1624
6189 1625
6258 1626
15556 1627
4653 1628
12591 1629
6444 1630
13604 1631
9150 1632
4100 1633
1717 1634
13506 1635
5769 1636
8058 1637
12676 1638
5101 1639
3192 1640
2353 1641
8657 1642
13450 1643
7211 1644
1230 1645
3093 1646
3698 1647
4450 1648
7340 1649
