1650 850
11197 0
13195 1
10004 2
5337 3
4482 4
10750 5
1351 6
15035 7
3642 8
13805 9
7922 10
1709 11
8784 12
3971 13
2240 14
2509 15
10544 16
15347 17
10343 18
4360 19
4884 20
7472 21
10090 22
6867 23
464 24
10186 25
7613 26
2142 27
7330 28
11845 29
14809 30
4281 31
9115 32
10808 33
3606 34
13289 35
3327 36
13263 37
16227 38
4518 39
9192 40
9660 41
10842 42
15040 43
3071 44
927 45
6878 46
3266 47
6068 48
4814 49
13618 50
1167 51
12909 52
11942 53
9083 54
3698 55
15732 56
1655 57
13443 58
4894 59
8603 60
246 61
11300 62
12459 63
6409 64
7383 65
12268 66
9226 67
5538 68
1600 69
5367 70
15356 71
5420 72
3185 73
14847 74
256 75
10612 76
9670 77
4158 78
8203 79
1805 80
11837 81
10058 82
8865 83
6239 84
12082 85
5962 86
195 87
13937 88
6710 89
13911 90
4455 91
1210 92
6362 93
14304 94
14814 95
822 96
11757 97
15436 98
4327 99
1303 100
3272 101
12409 102
1910 103
57 104
4429 105
658 106
7851 107
2200 108
5176 109
14052 110
9289 111
2980 112
8133 113
14467 114
14067 115
8815 116
7360 117
12150 118
277 119
10849 120
10584 121
15747 122
5683 123
12094 124
990 125
14657 126
11457 127
9458 128
3322 129
14362 130
13924 131
1009 132
1720 133
2144 134
6922 135
11017 136
10960 137
9824 138
11058 139
10203 140
2579 141
7468 142
14298 143
12752 144
7148 145
12340 146
7081 147
9185 148
2595 149
14465 150
11221 151
11852 152
1035 153
569 154
5280 155
3607 156
11551 157
2848 158
9921 159
7649 160
13446 161
9161 162
14697 163
7434 164
10512 165
10566 166
7096 167
8948 168
8708 169
13671 170
7827 171
11898 172
10799 173
4502 174
14371 175
7198 176
14602 177
10282 178
1770 179
1862 180
11470 181
15151 182
3543 183
4698 184
6461 185
12307 186
15133 187
3424 188
13459 189
4249 190
5825 191
10810 192
12677 193
15311 194
12732 195
5133 196
7819 197
2821 198
11728 199
14888 200
3697 201
9942 202
8103 203
10213 204
4201 205
5356 206
16391 207
10651 208
681 209
16439 210
504 211
1118 212
505 213
14331 214
13808 215
10055 216
14826 217
2127 218
7842 219
3518 220
1706 221
11195 222
11783 223
15997 224
14237 225
6011 226
9408 227
11175 228
9329 229
1360 230
13130 231
8422 232
7506 233
4338 234
3587 235
4031 236
12870 237
15187 238
12919 239
4756 240
14922 241
9795 242
7814 243
1412 244
8880 245
2001 246
12123 247
9228 248
12203 249
12160 250
11626 251
780 252
5662 253
12772 254
7237 255
12398 256
1432 257
16257 258
5248 259
9797 260
12350 261
7008 262
11163 263
8397 264
3236 265
2886 266
15536 267
2455 268
10819 269
4506 270
16348 271
7721 272
4788 273
12162 274
3969 275
3475 276
13113 277
7819 278
1580 279
4544 280
3997 281
11628 282
1011 283
13718 284
1147 285
5251 286
9047 287
12806 288
14813 289
12502 290
14475 291
3807 292
5762 293
6282 294
8565 295
5685 296
9319 297
12088 298
2230 299
7178 300
742 301
3336 302
470 303
12186 304
4826 305
4724 306
6764 307
12758 308
7865 309
2203 310
7106 311
6874 312
5941 313
14200 314
11741 315
11790 316
719 317
6301 318
3228 319
5556 320
4851 321
2517 322
10579 323
11623 324
12624 325
5506 326
5779 327
11872 328
5946 329
1728 330
837 331
5660 332
14887 333
12490 334
9614 335
8526 336
6618 337
10124 338
15212 339
5816 340
781 341
4600 342
1375 343
6351 344
1818 345
12964 346
2543 347
11290 348
4705 349
994 350
10267 351
8414 352
10323 353
4362 354
4717 355
9581 356
7975 357
11 358
5243 359
8760 360
15172 361
15786 362
10483 363
14466 364
3447 365
5669 366
11325 367
1408 368
2649 369
15709 370
3977 371
4581 372
7422 373
6910 374
540 375
11845 376
15385 377
15644 378
9682 379
9050 380
8398 381
4386 382
15609 383
9457 384
99 385
5956 386
10214 387
4750 388
11032 389
2572 390
10743 391
9025 392
3620 393
592 394
10345 395
7053 396
11484 397
9599 398
13783 399
7188 400
11116 401
13482 402
1225 403
15896 404
8121 405
10339 406
12579 407
15124 408
13766 409
10724 410
6738 411
15184 412
14095 413
7671 414
10275 415
3362 416
15884 417
9114 418
11748 419
10418 420
5783 421
3009 422
6357 423
7875 424
6393 425
3661 426
10805 427
4921 428
8195 429
12455 430
9324 431
14620 432
10098 433
7089 434
762 435
7738 436
5939 437
11226 438
5906 439
15477 440
4333 441
12906 442
11104 443
1744 444
14661 445
560 446
5570 447
6275 448
12573 449
1154 450
11882 451
12559 452
14757 453
12748 454
13467 455
12378 456
14809 457
10377 458
3670 459
376 460
13782 461
1778 462
4861 463
13237 464
14929 465
7581 466
1806 467
13918 468
15428 469
6597 470
4137 471
13784 472
6210 473
15033 474
2062 475
8893 476
1799 477
16442 478
12671 479
11316 480
12312 481
3350 482
10453 483
3639 484
3805 485
1032 486
16005 487
7382 488
11770 489
14966 490
10992 491
2506 492
1638 493
6623 494
9070 495
8256 496
11237 497
11649 498
6287 499
4299 500
9632 501
13666 502
7562 503
7112 504
5061 505
1952 506
14117 507
125 508
14987 509
7048 510
5087 511
7177 512
1540 513
7181 514
98 515
8385 516
3112 517
4109 518
12842 519
8035 520
5235 521
8205 522
14307 523
1980 524
13565 525
3699 526
8825 527
2810 528
8090 529
3034 530
1565 531
15163 532
10651 533
6668 534
5610 535
11870 536
2596 537
5289 538
13060 539
2321 540
3444 541
10650 542
7789 543
1468 544
657 545
6068 546
13476 547
8937 548
3385 549
3246 550
4153 551
6723 552
728 553
1035 554
1963 555
5554 556
12759 557
4308 558
1741 559
1230 560
633 561
7671 562
6190 563
8246 564
6709 565
12991 566
10085 567
11870 568
5798 569
11643 570
6001 571
8737 572
7064 573
10190 574
9758 575
6585 576
359 577
6929 578
15068 579
3295 580
10402 581
2624 582
2064 583
15189 584
705 585
1419 586
5192 587
12074 588
8206 589
14829 590
11341 591
4588 592
1980 593
4022 594
2274 595
8759 596
12918 597
5629 598
1541 599
6416 600
8423 601
869 602
13476 603
14499 604
6791 605
7161 606
10480 607
15795 608
13951 609
12428 610
735 611
11210 612
233 613
16091 614
10743 615
12693 616
6715 617
3899 618
14335 619
628 620
4988 621
1987 622
10972 623
10815 624
9366 625
762 626
7137 627
9774 628
15622 629
844 630
920 631
8463 632
8207 633
8140 634
16350 635
8334 636
3876 637
2189 638
13550 639
13719 640
3712 641
12934 642
10091 643
9591 644
1315 645
2235 646
2380 647
6628 648
7200 649
14291 650
11233 651
15029 652
12217 653
5509 654
13896 655
5579 656
14886 657
7109 658
10296 659
14521 660
5676 661
16039 662
9176 663
8662 664
1199 665
12835 666
8617 667
526 668
914 669
8373 670
10886 671
12466 672
13340 673
15632 674
6857 675
4712 676
8572 677
4137 678
3533 679
7953 680
12914 681
13436 682
13558 683
6156 684
10518 685
1715 686
3345 687
6807 688
10297 689
1290 690
4389 691
6482 692
9279 693
1690 694
13723 695
15835 696
12569 697
11665 698
6245 699
7177 700
15664 701
13067 702
1966 703
6642 704
4113 705
12726 706
8513 707
13101 708
10043 709
5999 710
10504 711
11105 712
8368 713
9488 714
12594 715
15870 716
16053 717
3112 718
14067 719
13831 720
1653 721
4161 722
8819 723
186 724
4053 725
11921 726
12440 727
7375 728
12522 729
6360 730
6451 731
11931 732
11209 733
2178 734
2830 735
10662 736
11987 737
7998 738
593 739
2273 740
7592 741
9454 742
16378 743
6277 744
44 745
13271 746
824 747
10656 748
14817 749
15410 750
230 751
4256 752
2023 753
11544 754
4539 755
9657 756
1071 757
2238 758
1878 759
15132 760
776 761
3543 762
11980 763
16207 764
653 765
11983 766
5586 767
8367 768
11937 769
9601 770
3879 771
10581 772
8093 773
4299 774
5014 775
9146 776
13095 777
6459 778
6571 779
12864 780
3367 781
15273 782
7312 783
2982 784
766 785
12489 786
15182 787
4291 788
13505 789
3470 790
1858 791
4192 792
15472 793
8621 794
16146 795
9796 796
14565 797
16049 798
1935 799
14694 800
1050 801
8853 802
12630 803
6134 804
2054 805
10016 806
14918 807
594 808
1683 809
10533 810
2190 811
11135 812
13318 813
4932 814
7695 815
7330 816
1526 817
6034 818
5194 819
12452 820
8007 821
95 822
4644 823
2790 824
5978 825
11556 826
6793 827
8256 828
2384 829
3752 830
5487 831
4951 832
1007 833
13546 834
7603 835
9239 836
9784 837
8971 838
12581 839
1978 840
8756 841
6993 842
1509 843
3979 844
4605 845
7547 846
14558 847
1278 848
9785 849
3547 850
11594 851
16351 852
13104 853
6506 854
9506 855
14602 856
13851 857
15849 858
4274 859
13963 860
1282 861
11353 862
1165 863
5943 864
3602 865
614 866
8152 867
700 868
4654 869
6047 870
6912 871
5569 872
16177 873
15201 874
8780 875
5976 876
15845 877
1865 878
816 879
5500 880
1891 881
10855 882
13568 883
14049 884
12780 885
15867 886
10240 887
4924 888
5049 889
5275 890
5176 891
3784 892
13596 893
12275 894
3243 895
8272 896
11669 897
7873 898
10298 899
14358 900
12410 901
8571 902
5482 903
14251 904
1030 905
6038 906
14530 907
13531 908
3730 909
4538 910
14269 911
8673 912
3030 913
14489 914
1883 915
1975 916
12080 917
3979 918
14981 919
10711 920
3171 921
5296 922
12747 923
15486 924
11889 925
7135 926
10536 927
635 928
14390 929
5325 930
7980 931
2342 932
4324 933
2853 934
9759 935
3152 936
11112 937
1117 938
7523 939
1871 940
11721 941
11763 942
1310 943
1738 944
7106 945
6694 946
13330 947
1351 948
16355 949
7095 950
4715 951
9188 952
7550 953
15112 954
11231 955
3276 956
7657 957
7217 958
6210 959
13156 960
16452 961
8801 962
9026 963
15442 964
15444 965
16184 966
5878 967
13567 968
10094 969
1051 970
12457 971
16016 972
14597 973
4890 974
6091 975
15137 976
11098 977
11036 978
15054 979
11553 980
13683 981
8265 982
14940 983
3395 984
16017 985
14738 986
3330 987
12386 988
11725 989
11843 990
716 991
13535 992
10690 993
6216 994
11623 995
2849 996
10921 997
10866 998
9387 999
13004 1000
14338 1001
13377 1002
4648 1003
1463 1004
1893 1005
8153 1006
7197 1007
7711 1008
2503 1009
13443 1010
5045 1011
2158 1012
15498 1013
12006 1014
13984 1015
12771 1016
15229 1017
13074 1018
101 1019
8214 1020
1569 1021
4500 1022
7620 1023
12669 1024
15468 1025
5871 1026
11432 1027
9559 1028
10692 1029
1958 1030
7166 1031
4873 1032
9807 1033
12034 1034
164 1035
15033 1036
5512 1037
5460 1038
12758 1039
15231 1040
1415 1041
3264 1042
623 1043
15216 1044
4898 1045
3819 1046
8922 1047
15226 1048
10828 1049
8355 1050
3963 1051
13577 1052
11856 1053
8458 1054
8640 1055
8037 1056
4000 1057
3070 1058
4254 1059
10331 1060
10955 1061
3698 1062
14081 1063
15967 1064
9141 1065
4021 1066
8063 1067
1187 1068
13163 1069
15820 1070
4149 1071
14344 1072
8459 1073
2007 1074
7095 1075
13104 1076
10260 1077
2046 1078
15573 1079
16485 1080
7078 1081
16013 1082
14892 1083
181 1084
6165 1085
4741 1086
7057 1087
6188 1088
13910 1089
5674 1090
6160 1091
15823 1092
11571 1093
3324 1094
8138 1095
2312 1096
6684 1097
2224 1098
2079 1099
6906 1100
9953 1101
14972 1102
3993 1103
16184 1104
84 1105
9060 1106
10601 1107
1085 1108
7541 1109
9077 1110
446 1111
11618 1112
10484 1113
13322 1114
6107 1115
12250 1116
10616 1117
10887 1118
9157 1119
10114 1120
276 1121
7899 1122
10638 1123
14764 1124
14121 1125
5500 1126
9930 1127
11571 1128
16049 1129
12934 1130
5304 1131
4704 1132
13109 1133
12138 1134
10697 1135
15656 1136
14129 1137
14602 1138
8952 1139
10412 1140
13871 1141
5801 1142
9719 1143
4319 1144
9165 1145
470 1146
1573 1147
13555 1148
13740 1149
6627 1150
16327 1151
7119 1152
6483 1153
4206 1154
12067 1155
7686 1156
11643 1157
8371 1158
12602 1159
457 1160
7669 1161
6196 1162
15654 1163
14582 1164
4110 1165
10059 1166
3458 1167
11871 1168
15768 1169
2606 1170
4244 1171
669 1172
6955 1173
14661 1174
13442 1175
14249 1176
12740 1177
16404 1178
11080 1179
2914 1180
1823 1181
13193 1182
2554 1183
3826 1184
3142 1185
6549 1186
7378 1187
2483 1188
8829 1189
5086 1190
13403 1191
3679 1192
14829 1193
1849 1194
9791 1195
14015 1196
5768 1197
14797 1198
16266 1199
8106 1200
15879 1201
11151 1202
2061 1203
16326 1204
4772 1205
3270 1206
6727 1207
7500 1208
779 1209
8932 1210
7432 1211
9663 1212
5029 1213
3588 1214
12304 1215
14117 1216
2039 1217
8447 1218
5741 1219
13845 1220
1412 1221
630 1222
1466 1223
448 1224
11794 1225
1287 1226
15366 1227
5761 1228
5744 1229
897 1230
15264 1231
1310 1232
13740 1233
4026 1234
2214 1235
14546 1236
10484 1237
11897 1238
16199 1239
12206 1240
5229 1241
14402 1242
8393 1243
7166 1244
4689 1245
14415 1246
5508 1247
1828 1248
14311 1249
10639 1250
10076 1251
15988 1252
2975 1253
6152 1254
7684 1255
3426 1256
1519 1257
12727 1258
16230 1259
4846 1260
5527 1261
4383 1262
1291 1263
1184 1264
5028 1265
3541 1266
4684 1267
10303 1268
11495 1269
11195 1270
6423 1271
14761 1272
10563 1273
16134 1274
1281 1275
6796 1276
1804 1277
8257 1278
5754 1279
13303 1280
13528 1281
11699 1282
6852 1283
5819 1284
3928 1285
15855 1286
3152 1287
14545 1288
9445 1289
3819 1290
5788 1291
9493 1292
3657 1293
5019 1294
10700 1295
6222 1296
7277 1297
7885 1298
3721 1299
15761 1300
6339 1301
14298 1302
12971 1303
8621 1304
7398 1305
14306 1306
5728 1307
12163 1308
14072 1309
11217 1310
6078 1311
14783 1312
2376 1313
3949 1314
15055 1315
9664 1316
13589 1317
16159 1318
5230 1319
7449 1320
15608 1321
2330 1322
3348 1323
12901 1324
8565 1325
5682 1326
10606 1327
8125 1328
7623 1329
2303 1330
12699 1331
13379 1332
3309 1333
2694 1334
9578 1335
12617 1336
6945 1337
4185 1338
1382 1339
317 1340
14243 1341
9068 1342
3233 1343
7875 1344
10765 1345
8872 1346
9884 1347
12295 1348
12149 1349
12825 1350
9628 1351
2280 1352
4821 1353
2019 1354
1945 1355
12473 1356
10342 1357
140 1358
13860 1359
2653 1360
11619 1361
16017 1362
9487 1363
10990 1364
13675 1365
11248 1366
15985 1367
3409 1368
4669 1369
12441 1370
11785 1371
7573 1372
10105 1373
10876 1374
10003 1375
1419 1376
6355 1377
4491 1378
14931 1379
2313 1380
3758 1381
266 1382
10998 1383
11817 1384
1363 1385
2034 1386
7060 1387
10291 1388
14244 1389
3794 1390
13051 1391
10553 1392
489 1393
15734 1394
2111 1395
503 1396
7948 1397
8765 1398
10626 1399
3260 1400
14728 1401
15177 1402
4719 1403
4801 1404
1574 1405
8559 1406
3731 1407
12455 1408
11207 1409
7829 1410
2342 1411
8245 1412
13548 1413
14145 1414
351 1415
4123 1416
13752 1417
2735 1418
1803 1419
8723 1420
11875 1421
11497 1422
7386 1423
10286 1424
14526 1425
10254 1426
2959 1427
3371 1428
4823 1429
7626 1430
6186 1431
15761 1432
7782 1433
7571 1434
406 1435
10014 1436
11079 1437
2531 1438
7984 1439
4826 1440
10286 1441
8559 1442
8106 1443
4116 1444
2107 1445
12790 1446
4832 1447
4529 1448
4838 1449
7840 1450
4699 1451
2528 1452
4576 1453
13214 1454
11440 1455
6171 1456
14504 1457
15685 1458
3443 1459
5605 1460
1104 1461
14313 1462
15800 1463
13437 1464
8800 1465
15813 1466
6889 1467
7588 1468
4901 1469
13806 1470
8235 1471
11975 1472
3086 1473
336 1474
2982 1475
13476 1476
5473 1477
8367 1478
13488 1479
13150 1480
1155 1481
6193 1482
14511 1483
10039 1484
2938 1485
3074 1486
2570 1487
5785 1488
14074 1489
7445 1490
2739 1491
7930 1492
12526 1493
3105 1494
3582 1495
10985 1496
3881 1497
2320 1498
6762 1499
12790 1500
13616 1501
824 1502
6687 1503
10682 1504
3395 1505
9249 1506
4746 1507
12771 1508
4677 1509
3573 1510
4517 1511
6080 1512
2100 1513
161 1514
14333 1515
3316 1516
7583 1517
10417 1518
7340 1519
13914 1520
105 1521
10353 1522
12634 1523
11281 1524
5188 1525
9463 1526
10357 1527
15973 1528
4402 1529
3931 1530
3741 1531
15583 1532
7070 1533
9594 1534
6670 1535
13036 1536
25 1537
3627 1538
10501 1539
11271 1540
6206 1541
9246 1542
9938 1543
9580 1544
4016 1545
4233 1546
11524 1547
14381 1548
12902 1549
8887 1550
1350 1551
821 1552
14600 1553
4912 1554
11157 1555
5373 1556
1346 1557
9932 1558
11340 1559
5413 1560
1234 1561
11041 1562
12294 1563
6233 1564
2546 1565
4225 1566
5535 1567
9043 1568
15271 1569
5588 1570
9225 1571
5496 1572
15022 1573
10752 1574
6761 1575
5774 1576
13050 1577
9259 1578
2571 1579
9116 1580
5446 1581
8830 1582
14114 1583
9894 1584
1251 1585
11684 1586
10360 1587
7942 1588
11147 1589
2029 1590
5100 1591
7677 1592
3863 1593
13941 1594
14907 1595
8548 1596
8053 1597
577 1598
3615 1599
3599 1600
11887 1601
3468 1602
4974 1603
15636 1604
16378 1605
6399 1606
12424 1607
9804 1608
7873 1609
12656 1610
6883 1611
12136 1612
11850 1613
4458 1614
5993 1615
8323 1616
10397 1617
15998 1618
4909 1619
2561 1620
11125 1621
3006 1622
8841 1623
7760 1624
6578 1625
16363 1626
15889 1627
11103 1628
4335 1629
7431 1630
2743 1631
3953 1632
6333 1633
155 1634
11859 1635
1272 1636
9648 1637
9868 1638
3640 1639
15989 1640
10503 1641
12714 1642
468 1643
13415 1644
13937 1645
7878 1646
546 1647
11462 1648
2580 1649
