1500 1300
48 0
1302 1
5062 2
633 3
576 4
13165 5
4124 6
12433 7
4555 8
9703 9
10856 10
6200 11
6582 12
14958 13
12294 14
4402 15
8448 16
6306 17
6661 18
1301 19
11256 20
9680 21
9820 22
9257 23
10380 24
542 25
4077 26
13604 27
4037 28
7571 29
14659 30
593 31
9277 32
4395 33
12322 34
8310 35
12754 36
13062 37
3970 38
515 39
9115 40
3686 41
4311 42
7468 43
621 44
6121 45
9948 46
5892 47
7706 48
3943 49
507 50
13234 51
8968 52
12495 53
6754 54
1026 55
999 56
14450 57
4760 58
11016 59
3329 60
13225 61
4143 62
89 63
4357 64
10799 65
13828 66
7859 67
8437 68
8527 69
11718 70
9775 71
7442 72
14092 73
982 74
5538 75
14880 76
1658 77
10880 78
2835 79
12161 80
10650 81
1290 82
5281 83
4567 84
11636 85
9888 86
7548 87
8025 88
2770 89
5184 90
851 91
7996 92
7634 93
6435 94
10864 95
10044 96
12196 97
14427 98
6765 99
14596 100
14827 101
5805 102
13656 103
10835 104
6288 105
11153 106
6402 107
3225 108
14883 109
13178 110
6808 111
11576 112
13935 113
2114 114
14030 115
12039 116
4123 117
5144 118
11147 119
7772 120
12516 121
1986 122
11221 123
1314 124
14599 125
1578 126
12376 127
1129 128
6025 129
11864 130
4651 131
8646 132
11545 133
8473 134
11826 135
11507 136
5248 137
13437 138
6977 139
11104 140
2316 141
6352 142
4822 143
1352 144
4233 145
6943 146
970 147
4749 148
3274 149
12266 150
6913 151
10547 152
10934 153
1498 154
4037 155
10312 156
4545 157
12169 158
8252 159
9856 160
4346 161
10449 162
6887 163
4242 164
10782 165
6417 166
12663 167
12708 168
1266 169
10768 170
9231 171
12777 172
2472 173
4736 174
5831 175
12640 176
6942 177
6561 178
766 179
101 180
5132 181
4996 182
5381 183
1857 184
11557 185
9304 186
13334 187
5183 188
3922 189
828 190
9104 191
13934 192
2970 193
12875 194
3133 195
7481 196
2043 197
7096 198
7573 199
13373 200
8081 201
14615 202
12742 203
333 204
4213 205
5961 206
581 207
840 208
1296 209
861 210
4883 211
14683 212
3612 213
5942 214
12602 215
5955 216
11424 217
14915 218
12476 219
3997 220
540 221
4684 222
4224 223
13312 224
9398 225
13499 226
264 227
13482 228
940 229
3000 230
6956 231
806 232
9517 233
10208 234
6635 235
136 236
11125 237
3295 238
4311 239
4009 240
3137 241
4271 242
3438 243
11883 244
11133 245
6982 246
3586 247
1908 248
7359 249
14960 250
13982 251
4459 252
11635 253
8055 254
11961 255
376 256
3995 257
13190 258
9688 259
12359 260
168 261
2228 262
9184 263
4816 264
13748 265
163 266
6775 267
8876 268
2930 269
7863 270
5669 271
2828 272
9740 273
1474 274
5375 275
2729 276
3385 277
13898 278
1702 279
9552 280
10580 281
1783 282
5284 283
14621 284
11522 285
7620 286
14069 287
8432 288
612 289
2072 290
12199 291
13432 292
3960 293
13615 294
5422 295
6740 296
7067 297
13461 298
2991 299
5983 300
13241 301
6383 302
2892 303
11864 304
7001 305
4412 306
14328 307
531 308
2726 309
7655 310
14623 311
397 312
7861 313
9456 314
10461 315
8099 316
3107 317
14561 318
12398 319
6181 320
9628 321
11549 322
14955 323
6206 324
7536 325
1913 326
8355 327
1055 328
8207 329
14954 330
1868 331
4665 332
13248 333
5342 334
9290 335
7260 336
7524 337
2300 338
12550 339
9411 340
7190 341
13376 342
12545 343
4465 344
3059 345
14351 346
13251 347
4610 348
706 349
11226 350
7066 351
10715 352
14795 353
14742 354
5106 355
14640 356
4459 357
4499 358
4607 359
140 360
6464 361
1146 362
7485 363
4322 364
1948 365
8140 366
2975 367
13844 368
10715 369
4928 370
9493 371
7833 372
3413 373
14294 374
2178 375
3125 376
6261 377
2245 378
14650 379
12589 380
13750 381
6289 382
3836 383
4268 384
5439 385
4622 386
4212 387
6908 388
2603 389
10817 390
381 391
9054 392
4858 393
8513 394
12990 395
6731 396
7978 397
1128 398
671 399
6544 400
14472 401
5351 402
5869 403
5384 404
11291 405
7114 406
591 407
1426 408
10156 409
3356 410
8393 411
6774 412
13292 413
529 414
13894 415
4957 416
243 417
11342 418
638 419
10377 420
8114 421
957 422
2648 423
14972 424
9958 425
761 426
11999 427
4686 428
14815 429
13174 430
10266 431
7464 432
13253 433
4407 434
7330 435
12684 436
8611 437
1870 438
7712 439
13151 440
9543 441
7430 442
4550 443
5800 444
8632 445
11076 446
1265 447
13501 448
12192 449
14296 450
12047 451
10726 452
3303 453
9238 454
4782 455
13385 456
5150 457
4686 458
2638 459
1218 460
2450 461
2413 462
788 463
4240 464
3716 465
3124 466
3266 467
2774 468
11458 469
6657 470
317 471
10687 472
12645 473
13076 474
4894 475
12226 476
2767 477
12134 478
6858 479
7730 480
10231 481
14400 482
12211 483
12037 484
430 485
10431 486
14510 487
1193 488
13083 489
49 490
12678 491
11812 492
3026 493
6991 494
14926 495
2827 496
13154 497
10295 498
12979 499
5525 500
9001 501
11361 502
3563 503
11993 504
1235 505
4660 506
13120 507
10997 508
2688 509
13080 510
1319 511
8818 512
7024 513
8373 514
6986 515
1545 516
10775 517
8344 518
1207 519
5939 520
11516 521
4129 522
4863 523
4465 524
12323 525
8830 526
11132 527
9980 528
5808 529
8296 530
8447 531
13466 532
11225 533
7221 534
10255 535
5734 536
465 537
9142 538
10729 539
8179 540
9726 541
9026 542
3920 543
10092 544
2602 545
14447 546
5325 547
7944 548
4546 549
11527 550
6124 551
209 552
13481 553
7325 554
3880 555
7167 556
6371 557
7491 558
8759 559
2619 560
3458 561
13060 562
3206 563
2443 564
9626 565
2529 566
14234 567
995 568
9734 569
1258 570
14686 571
11012 572
3913 573
12118 574
12703 575
13887 576
5879 577
1049 578
1592 579
3572 580
4078 581
13513 582
10629 583
6369 584
9103 585
230 586
11943 587
14166 588
12612 589
6545 590
8210 591
9790 592
1944 593
2513 594
8642 595
9736 596
3098 597
14057 598
10780 599
7475 600
2277 601
1450 602
9583 603
6408 604
13334 605
13973 606
12987 607
9782 608
7264 609
880 610
13732 611
9854 612
5138 613
14726 614
7218 615
12241 616
13833 617
6557 618
5356 619
7847 620
791 621
2873 622
5647 623
4142 624
13567 625
14893 626
4938 627
12688 628
13810 629
7952 630
14524 631
7665 632
6959 633
5846 634
1200 635
5199 636
5674 637
11547 638
12390 639
4108 640
9637 641
10336 642
12934 643
11153 644
489 645
14824 646
5331 647
14584 648
9134 649
5493 650
13590 651
9816 652
10237 653
2341 654
9669 655
9052 656
13167 657
12156 658
11850 659
10323 660
5720 661
4380 662
3583 663
7341 664
9411 665
10800 666
7349 667
14213 668
8819 669
12939 670
14506 671
13698 672
5918 673
7944 674
14486 675
10610 676
13781 677
9043 678
14399 679
2373 680
5475 681
7017 682
5489 683
2004 684
11956 685
9997 686
14004 687
14774 688
34 689
2091 690
14296 691
7850 692
6999 693
6735 694
5363 695
11609 696
3027 697
2453 698
2507 699
1965 700
4051 701
11234 702
14321 703
10964 704
10312 705
67 706
6773 707
978 708
5442 709
5009 710
793 711
3304 712
11614 713
5643 714
5927 715
1252 716
711 717
5318 718
5064 719
8972 720
9106 721
12560 722
10352 723
3349 724
12567 725
9628 726
9216 727
578 728
1076 729
9414 730
3998 731
4191 732
6526 733
9588 734
7850 735
6678 736
12696 737
90 738
10173 739
4275 740
3765 741
12654 742
1934 743
3369 744
6259 745
9548 746
7171 747
10647 748
12386 749
660 750
3575 751
2054 752
12377 753
596 754
10780 755
937 756
1780 757
2518 758
14928 759
4839 760
1005 761
3704 762
3385 763
8552 764
7017 765
5054 766
10709 767
12359 768
1095 769
11087 770
4701 771
922 772
5500 773
8674 774
10296 775
482 776
2457 777
3705 778
10527 779
6281 780
2223 781
8313 782
8033 783
65 784
17 785
9340 786
13584 787
1043 788
9615 789
9466 790
9270 791
10707 792
9870 793
7256 794
10947 795
6579 796
5705 797
11410 798
5446 799
1642 800
12642 801
321 802
10294 803
5696 804
381 805
2730 806
3737 807
7944 808
5972 809
12150 810
8838 811
10810 812
8608 813
12141 814
1148 815
6425 816
14055 817
12604 818
4609 819
2725 820
10126 821
4781 822
4838 823
4521 824
10055 825
4976 826
10484 827
14403 828
9838 829
4464 830
3646 831
13824 832
8995 833
9912 834
4456 835
11286 836
7162 837
2361 838
2469 839
3817 840
2772 841
13907 842
9848 843
5307 844
12591 845
14799 846
13867 847
13956 848
1510 849
13495 850
5444 851
9182 852
10529 853
6301 854
6626 855
3487 856
9255 857
2715 858
1278 859
4489 860
5104 861
9517 862
4609 863
7257 864
10616 865
6792 866
12088 867
11308 868
10829 869
2339 870
6020 871
7642 872
8640 873
8170 874
11813 875
12829 876
8992 877
1619 878
13795 879
8065 880
4963 881
7766 882
13088 883
7989 884
3347 885
1473 886
3632 887
2988 888
13915 889
4999 890
1383 891
11256 892
1718 893
8390 894
1711 895
3554 896
8420 897
4803 898
2457 899
10153 900
447 901
1978 902
12423 903
6628 904
10079 905
11123 906
11095 907
13183 908
9522 909
792 910
8625 911
9988 912
1013 913
4403 914
6039 915
2458 916
9759 917
3037 918
9605 919
7258 920
1026 921
11073 922
9271 923
11809 924
4691 925
3815 926
821 927
4497 928
12375 929
3473 930
842 931
3612 932
14944 933
9715 934
3156 935
10533 936
8153 937
3847 938
2990 939
9627 940
2905 941
4384 942
13559 943
11482 944
9762 945
12760 946
11481 947
14455 948
5414 949
4051 950
2136 951
4720 952
14595 953
2224 954
151 955
1069 956
12811 957
8649 958
7563 959
5922 960
11659 961
4843 962
3290 963
13001 964
8480 965
4258 966
8996 967
8001 968
3771 969
13900 970
10564 971
1681 972
13129 973
9227 974
12702 975
7045 976
2377 977
14281 978
5931 979
8837 980
3291 981
4112 982
7726 983
6578 984
11097 985
13756 986
10315 987
10911 988
6913 989
7946 990
1439 991
9822 992
5466 993
12696 994
12362 995
6667 996
3002 997
2352 998
12062 999
10863 1000
13044 1001
21 1002
7466 1003
12043 1004
10398 1005
4727 1006
992 1007
4108 1008
8185 1009
13145 1010
13281 1011
6759 1012
8861 1013
9121 1014
6606 1015
9627 1016
8090 1017
9214 1018
7917 1019
13478 1020
13344 1021
1612 1022
7909 1023
3674 1024
11944 1025
1004 1026
3092 1027
3122 1028
8973 1029
12809 1030
7547 1031
2122 1032
10709 1033
10869 1034
11586 1035
1321 1036
1915 1037
743 1038
1004 1039
4473 1040
10629 1041
1049 1042
464 1043
7174 1044
14332 1045
2237 1046
3763 1047
10294 1048
4021 1049
1974 1050
5582 1051
2748 1052
12824 1053
12602 1054
202 1055
13330 1056
13487 1057
9073 1058
4477 1059
2263 1060
13741 1061
5277 1062
11964 1063
1544 1064
806 1065
5789 1066
9144 1067
9753 1068
378 1069
7348 1070
14458 1071
9482 1072
4441 1073
14414 1074
14191 1075
13109 1076
990 1077
9945 1078
6683 1079
10632 1080
2285 1081
12352 1082
8248 1083
2950 1084
7061 1085
10317 1086
7109 1087
12356 1088
1773 1089
3027 1090
1036 1091
8335 1092
947 1093
620 1094
7469 1095
3313 1096
9165 1097
8500 1098
12205 1099
13654 1100
6037 1101
14965 1102
7195 1103
1632 1104
505 1105
6483 1106
2119 1107
995 1108
4897 1109
930 1110
14345 1111
14282 1112
12626 1113
11075 1114
5788 1115
8788 1116
10621 1117
1454 1118
13832 1119
8125 1120
7570 1121
12967 1122
9213 1123
6857 1124
9233 1125
11845 1126
12483 1127
10699 1128
13657 1129
12186 1130
3905 1131
2243 1132
13710 1133
6202 1134
3679 1135
12800 1136
13197 1137
929 1138
882 1139
7080 1140
9761 1141
5389 1142
7324 1143
9701 1144
4342 1145
5793 1146
9962 1147
12414 1148
1558 1149
1012 1150
1308 1151
7396 1152
5019 1153
2746 1154
3557 1155
8743 1156
9399 1157
8546 1158
2725 1159
4051 1160
12623 1161
1890 1162
3936 1163
9727 1164
11010 1165
14989 1166
1533 1167
14945 1168
11754 1169
1889 1170
14628 1171
8433 1172
13438 1173
12367 1174
5060 1175
4492 1176
13454 1177
13575 1178
9378 1179
9384 1180
955 1181
3554 1182
5872 1183
10411 1184
11088 1185
7855 1186
810 1187
4765 1188
2858 1189
10562 1190
1440 1191
6533 1192
6075 1193
9582 1194
7994 1195
12383 1196
13665 1197
10058 1198
13251 1199
14519 1200
9058 1201
7008 1202
3183 1203
4076 1204
1363 1205
4888 1206
5853 1207
6033 1208
7046 1209
6662 1210
10946 1211
6980 1212
658 1213
1979 1214
3724 1215
11220 1216
4725 1217
12170 1218
10485 1219
5280 1220
3394 1221
3827 1222
11511 1223
2027 1224
4363 1225
8595 1226
2602 1227
4011 1228
4424 1229
8894 1230
4491 1231
2567 1232
7804 1233
2809 1234
11065 1235
2604 1236
588 1237
551 1238
3128 1239
6930 1240
6817 1241
13871 1242
7868 1243
12575 1244
10325 1245
10407 1246
11133 1247
12260 1248
7574 1249
14784 1250
12010 1251
12418 1252
4020 1253
12089 1254
1521 1255
6458 1256
11166 1257
7773 1258
8794 1259
6728 1260
3195 1261
11203 1262
5351 1263
9750 1264
2424 1265
7561 1266
3940 1267
5294 1268
494 1269
3208 1270
5482 1271
2855 1272
14780 1273
2688 1274
11070 1275
1855 1276
13291 1277
9625 1278
1561 1279
8507 1280
13704 1281
9168 1282
7215 1283
7580 1284
1305 1285
1599 1286
3558 1287
7622 1288
8754 1289
10656 1290
14724 1291
8303 1292
1223 1293
1304 1294
9031 1295
10811 1296
3564 1297
8021 1298
11243 1299
2151 1300
9974 1301
4937 1302
2563 1303
14988 1304
2887 1305
3606 1306
5383 1307
11307 1308
2442 1309
9583 1310
10066 1311
10108 1312
7850 1313
13462 1314
6879 1315
900 1316
10221 1317
795 1318
13857 1319
2551 1320
13585 1321
11794 1322
5463 1323
12073 1324
3281 1325
204 1326
246 1327
3720 1328
2919 1329
8087 1330
4494 1331
12806 1332
11649 1333
4262 1334
9437 1335
253 1336
11396 1337
6141 1338
983 1339
3189 1340
11748 1341
21 1342
10882 1343
11408 1344
6254 1345
7282 1346
11232 1347
7702 1348
8668 1349
9948 1350
6342 1351
9361 1352
4797 1353
2519 1354
8418 1355
3727 1356
8278 1357
8098 1358
7980 1359
8146 1360
14912 1361
8099 1362
14276 1363
934 1364
3983 1365
7888 1366
8866 1367
9465 1368
11121 1369
14401 1370
3997 1371
11024 1372
13370 1373
5223 1374
939 1375
1586 1376
7469 1377
182 1378
1503 1379
406 1380
6318 1381
10985 1382
11798 1383
6631 1384
3090 1385
14888 1386
4867 1387
4798 1388
2337 1389
186 1390
5229 1391
9269 1392
3526 1393
2215 1394
12222 1395
5697 1396
12835 1397
8240 1398
143 1399
1443 1400
75 1401
674 1402
6984 1403
11466 1404
3581 1405
1353 1406
6988 1407
8968 1408
8558 1409
12291 1410
6560 1411
14727 1412
5551 1413
10733 1414
3994 1415
13220 1416
6620 1417
11098 1418
10562 1419
8354 1420
14568 1421
12933 1422
5849 1423
13593 1424
6443 1425
4895 1426
5722 1427
10249 1428
6849 1429
10246 1430
14435 1431
8103 1432
12895 1433
7380 1434
12236 1435
8372 1436
13203 1437
14278 1438
10767 1439
10590 1440
4237 1441
13679 1442
11128 1443
14464 1444
4912 1445
14153 1446
2153 1447
8794 1448
12453 1449
7303 1450
452 1451
13728 1452
14585 1453
2467 1454
3528 1455
1188 1456
1695 1457
346 1458
12985 1459
4132 1460
14979 1461
8185 1462
3355 1463
9846 1464
11484 1465
1693 1466
3098 1467
7970 1468
7917 1469
3229 1470
8908 1471
3660 1472
4842 1473
6028 1474
3355 1475
10062 1476
3153 1477
2514 1478
14593 1479
6211 1480
5949 1481
14883 1482
5457 1483
11325 1484
7489 1485
5785 1486
12620 1487
2156 1488
5938 1489
19 1490
8424 1491
5564 1492
13049 1493
2320 1494
4059 1495
4211 1496
398 1497
14898 1498
943 1499
