1500 800
11764 0
5834 1
2105 2
10231 3
7160 4
1019 5
14203 6
301 7
14671 8
5118 9
12944 10
14597 11
13749 12
4571 13
11751 14
9194 15
10362 16
2466 17
520 18
3935 19
1799 20
6767 21
3812 22
3015 23
2745 24
1079 25
2504 26
12988 27
4041 28
10120 29
1722 30
12035 31
11003 32
6856 33
14434 34
10074 35
13265 36
9040 37
4452 38
14171 39
10784 40
2365 41
13329 42
11143 43
4535 44
6747 45
194 46
7886 47
13413 48
5632 49
10391 50
12341 51
9543 52
1417 53
235 54
10973 55
10855 56
9185 57
10035 58
7507 59
7775 60
5536 61
6389 62
10414 63
6461 64
8666 65
7939 66
7332 67
885 68
7377 69
848 70
6296 71
14086 72
11093 73
1221 74
5944 75
12697 76
10823 77
9559 78
6388 79
5749 80
1420 81
7715 82
1730 83
9369 84
3724 85
13283 86
2709 87
5782 88
14349 89
10683 90
3924 91
5793 92
6135 93
4569 94
4828 95
13198 96
13189 97
2227 98
8989 99
5086 100
12742 101
11114 102
4527 103
11235 104
11609 105
3636 106
14083 107
3717 108
11756 109
3059 110
14903 111
2101 112
12941 113
14831 114
2785 115
11168 116
1711 117
1837 118
9258 119
6373 120
10884 121
12469 122
11298 123
10255 124
11997 125
14654 126
6235 127
9274 128
3160 129
2979 130
10216 131
13867 132
13176 133
9318 134
1454 135
11187 136
3255 137
14194 138
11044 139
8775 140
7197 141
14325 142
3625 143
2866 144
3264 145
2297 146
1277 147
3184 148
11100 149
9931 150
2234 151
7912 152
14407 153
12911 154
5938 155
11143 156
3148 157
6582 158
12382 159
12185 160
6234 161
11698 162
11916 163
9548 164
5576 165
1781 166
12897 167
2373 168
5285 169
8883 170
14849 171
10778 172
763 173
10979 174
12939 175
506 176
5802 177
9723 178
6337 179
9057 180
6453 181
9496 182
2271 183
12056 184
6357 185
4717 186
14516 187
3564 188
7578 189
5944 190
5198 191
5203 192
9001 193
8216 194
8032 195
6402 196
5947 197
2106 198
1336 199
7856 200
6108 201
9345 202
3077 203
13234 204
3330 205
12384 206
3755 207
11139 208
13863 209
6687 210
6398 211
8973 212
5390 213
8245 214
4129 215
11234 216
3899 217
8214 218
6311 219
517 220
3228 221
5821 222
3488 223
4867 224
8935 225
8873 226
7801 227
5813 228
13458 229
11292 230
3372 231
14927 232
6515 233
6252 234
14435 235
10862 236
800 237
5142 238
12111 239
4646 240
2259 241
13820 242
4177 243
3138 244
305 245
6064 246
6343 247
14221 248
4262 249
10468 250
9040 251
6760 252
13803 253
6696 254
7529 255
9614 256
7110 257
10869 258
14511 259
9936 260
3184 261
13668 262
3300 263
1191 264
3674 265
10918 266
14433 267
146 268
8002 269
14640 270
1 271
13934 272
4964 273
13914 274
8977 275
3535 276
14475 277
3709 278
12587 279
5827 280
12234 281
8990 282
281 283
4174 284
9726 285
770 286
8974 287
485 288
1991 289
5505 290
7592 291
2209 292
12817 293
8341 294
14689 295
11389 296
5921 297
8937 298
11114 299
4764 300
1517 301
12062 302
12832 303
14844 304
6719 305
1251 306
13007 307
12283 308
7193 309
10323 310
7646 311
3186 312
11272 313
5404 314
8264 315
3075 316
8260 317
1367 318
9893 319
5040 320
3912 321
14629 322
5204 323
2806 324
13961 325
7112 326
13661 327
144 328
7794 329
6681 330
12547 331
48 332
7054 333
9204 334
4175 335
4155 336
4300 337
4056 338
3718 339
1117 340
3462 341
5770 342
10275 343
14379 344
12450 345
9362 346
4719 347
13404 348
14845 349
10134 350
9827 351
9780 352
1072 353
580 354
2160 355
3690 356
14900 357
4249 358
12272 359
8870 360
10348 361
13534 362
10186 363
13728 364
4510 365
6160 366
6972 367
8403 368
8621 369
14359 370
4086 371
12743 372
6484 373
5000 374
7244 375
14864 376
5400 377
13816 378
3130 379
5664 380
13388 381
13129 382
779 383
4188 384
10067 385
14453 386
4275 387
5011 388
5251 389
13933 390
8207 391
8458 392
11918 393
7724 394
14672 395
10382 396
2745 397
13292 398
6374 399
8900 400
6709 401
5819 402
9771 403
10216 404
3646 405
6081 406
903 407
9845 408
8531 409
1859 410
14744 411
8890 412
3488 413
6361 414
1857 415
13058 416
7791 417
13179 418
8859 419
2081 420
2408 421
399 422
14393 423
3528 424
12954 425
13001 426
4323 427
689 428
8140 429
1712 430
13345 431
2331 432
318 433
6182 434
6861 435
9798 436
9930 437
2197 438
5421 439
439 440
190 441
7809 442
10867 443
14698 444
1966 445
2246 446
6173 447
8813 448
3537 449
9880 450
14305 451
11880 452
6000 453
11112 454
9456 455
4536 456
11836 457
12202 458
7364 459
13907 460
435 461
12982 462
4452 463
7698 464
689 465
8145 466
2375 467
1244 468
9621 469
2558 470
12786 471
12523 472
8877 473
3350 474
9862 475
5835 476
7495 477
9262 478
10324 479
9647 480
132 481
747 482
1615 483
14376 484
3841 485
10930 486
2504 487
9671 488
8226 489
13613 490
7306 491
5844 492
6773 493
5672 494
3185 495
786 496
7145 497
4196 498
9643 499
10746 500
8998 501
6583 502
148 503
10946 504
4931 505
5257 506
3649 507
12205 508
12108 509
329 510
13195 511
10098 512
148 513
2682 514
2611 515
13432 516
13752 517
7873 518
5323 519
13707 520
5633 521
6680 522
7168 523
12605 524
1185 525
10546 526
89 527
958 528
11466 529
10880 530
13379 531
6729 532
12575 533
3050 534
14319 535
4375 536
2639 537
13543 538
7405 539
10954 540
4300 541
1236 542
11279 543
2635 544
14995 545
14703 546
5145 547
8526 548
12590 549
10768 550
5051 551
7351 552
14994 553
3618 554
821 555
6285 556
12828 557
8352 558
7810 559
972 560
14542 561
9885 562
12093 563
8872 564
10086 565
3921 566
14051 567
7412 568
9796 569
11359 570
3547 571
1962 572
11430 573
10797 574
4568 575
5364 576
6102 577
7178 578
5677 579
12707 580
6231 581
3379 582
2165 583
13137 584
31 585
5824 586
7901 587
835 588
3308 589
3783 590
13607 591
857 592
11734 593
8114 594
9178 595
1698 596
7906 597
8646 598
9870 599
9571 600
11585 601
6581 602
9600 603
12277 604
12348 605
13525 606
4730 607
13502 608
10041 609
12899 610
6032 611
8535 612
1927 613
2627 614
8724 615
10357 616
11703 617
9914 618
6475 619
13055 620
4180 621
5103 622
7089 623
10968 624
1386 625
12082 626
14127 627
9787 628
1489 629
10449 630
12477 631
4053 632
62 633
7697 634
14275 635
11792 636
5501 637
13178 638
11129 639
10618 640
9590 641
14335 642
3286 643
7792 644
10248 645
3443 646
9025 647
883 648
10153 649
6632 650
12344 651
2129 652
11263 653
3297 654
4965 655
13795 656
12437 657
4858 658
4714 659
5747 660
8790 661
4343 662
1661 663
5533 664
14053 665
1605 666
5212 667
5734 668
8788 669
5556 670
12460 671
216 672
744 673
13947 674
11180 675
5237 676
13701 677
12214 678
14145 679
10184 680
4033 681
991 682
2925 683
4239 684
9209 685
14267 686
7821 687
7450 688
8042 689
7219 690
5103 691
12411 692
13235 693
11003 694
4871 695
3710 696
8102 697
10744 698
3185 699
4628 700
14738 701
2596 702
11058 703
13793 704
14874 705
7797 706
11261 707
7499 708
3076 709
7866 710
3882 711
12682 712
1032 713
2199 714
13639 715
427 716
9889 717
4460 718
4145 719
14294 720
221 721
2838 722
10453 723
88 724
6665 725
10051 726
4609 727
7280 728
2618 729
11859 730
4308 731
3273 732
5188 733
2110 734
10922 735
6067 736
6419 737
14479 738
3642 739
6514 740
3810 741
10399 742
10482 743
5450 744
11606 745
6511 746
14305 747
5038 748
8744 749
9375 750
5929 751
9302 752
2330 753
7341 754
11230 755
9387 756
10487 757
1896 758
5748 759
12328 760
1190 761
10482 762
6877 763
846 764
1895 765
11362 766
1407 767
6018 768
1623 769
5903 770
10571 771
10745 772
5784 773
4483 774
11156 775
14254 776
5768 777
8217 778
12154 779
6767 780
2849 781
5085 782
6765 783
13716 784
10639 785
1961 786
341 787
5334 788
12570 789
10687 790
11559 791
4232 792
13054 793
4906 794
2891 795
7794 796
10909 797
100 798
5076 799
6363 800
14130 801
11628 802
875 803
8612 804
882 805
12898 806
13436 807
9548 808
4484 809
10609 810
2010 811
5333 812
6942 813
8655 814
7969 815
10887 816
1230 817
3757 818
9243 819
9774 820
5049 821
4767 822
2470 823
3632 824
9163 825
91 826
11349 827
6018 828
7724 829
9011 830
3884 831
1364 832
10332 833
9793 834
1529 835
11562 836
4053 837
906 838
3817 839
11046 840
12436 841
10518 842
13990 843
1358 844
13230 845
12894 846
9469 847
3641 848
8094 849
11158 850
14897 851
1229 852
12483 853
1122 854
8794 855
12577 856
4792 857
10292 858
10808 859
5971 860
5288 861
4749 862
8604 863
11894 864
14767 865
11154 866
426 867
177 868
3810 869
5897 870
6666 871
5435 872
5667 873
1279 874
4872 875
5227 876
3082 877
11128 878
288 879
3540 880
8339 881
6821 882
3703 883
14638 884
6774 885
3856 886
4520 887
14674 888
2037 889
4361 890
13763 891
2001 892
3948 893
2727 894
13504 895
14926 896
7859 897
11358 898
14656 899
5907 900
1618 901
10129 902
10995 903
8673 904
10626 905
13566 906
7147 907
659 908
2411 909
960 910
7588 911
14649 912
14019 913
14619 914
2646 915
4145 916
7455 917
10986 918
8405 919
10036 920
6244 921
11521 922
386 923
3445 924
14780 925
3774 926
14202 927
4184 928
1798 929
9197 930
16 931
2127 932
8932 933
10454 934
9393 935
4468 936
1850 937
11446 938
10993 939
13449 940
10013 941
5797 942
13771 943
14771 944
4665 945
3125 946
13918 947
6991 948
35 949
2599 950
11465 951
8881 952
3250 953
3817 954
7767 955
13556 956
12667 957
2783 958
11602 959
12604 960
8117 961
14876 962
2335 963
2159 964
12992 965
746 966
1876 967
9141 968
6990 969
4157 970
14350 971
2613 972
10182 973
7489 974
14386 975
7497 976
5394 977
11869 978
1867 979
7345 980
6379 981
8571 982
4331 983
3161 984
9200 985
7750 986
9939 987
3904 988
2021 989
14392 990
6109 991
4441 992
10593 993
7925 994
6267 995
8658 996
6723 997
13276 998
2902 999
10393 1000
7682 1001
10164 1002
3507 1003
8497 1004
6019 1005
3672 1006
125 1007
1990 1008
10136 1009
800 1010
8151 1011
2602 1012
13907 1013
11569 1014
444 1015
7389 1016
3051 1017
319 1018
9353 1019
1639 1020
4766 1021
11240 1022
38 1023
10295 1024
5821 1025
14962 1026
14719 1027
49 1028
13144 1029
6455 1030
3354 1031
12147 1032
5944 1033
8625 1034
1237 1035
7608 1036
3065 1037
8853 1038
13705 1039
7159 1040
3409 1041
11926 1042
11341 1043
8481 1044
10924 1045
5177 1046
4069 1047
7639 1048
9666 1049
3640 1050
14860 1051
4247 1052
6032 1053
10901 1054
2298 1055
12245 1056
11896 1057
13812 1058
2348 1059
9156 1060
14796 1061
55 1062
8109 1063
606 1064
13900 1065
5661 1066
8572 1067
14318 1068
4843 1069
876 1070
11006 1071
12328 1072
667 1073
9266 1074
13449 1075
3951 1076
4314 1077
573 1078
3339 1079
7161 1080
11053 1081
12942 1082
10038 1083
14318 1084
341 1085
8943 1086
13438 1087
6124 1088
7127 1089
13052 1090
6245 1091
11781 1092
1484 1093
13450 1094
11982 1095
8954 1096
1803 1097
6119 1098
5710 1099
10501 1100
9097 1101
14892 1102
11007 1103
8032 1104
6901 1105
12268 1106
1352 1107
11135 1108
5861 1109
10819 1110
10204 1111
12145 1112
2709 1113
6609 1114
4684 1115
12010 1116
5860 1117
5580 1118
11515 1119
6450 1120
9912 1121
4879 1122
13765 1123
5024 1124
4813 1125
10092 1126
5612 1127
1815 1128
2230 1129
9571 1130
14061 1131
640 1132
3204 1133
2914 1134
13784 1135
8949 1136
14853 1137
14253 1138
1689 1139
6674 1140
11668 1141
10483 1142
12468 1143
1754 1144
12226 1145
7711 1146
14622 1147
3713 1148
13163 1149
10469 1150
5114 1151
448 1152
12893 1153
3642 1154
7915 1155
14023 1156
14356 1157
1336 1158
1051 1159
12965 1160
11181 1161
13030 1162
130 1163
11039 1164
10322 1165
11960 1166
590 1167
5609 1168
2693 1169
5016 1170
14033 1171
3115 1172
9394 1173
11649 1174
14407 1175
12796 1176
5283 1177
1365 1178
5757 1179
13578 1180
13867 1181
8520 1182
14952 1183
221 1184
12479 1185
7865 1186
2380 1187
14386 1188
5113 1189
9494 1190
3872 1191
12305 1192
11844 1193
13825 1194
9613 1195
4107 1196
9085 1197
2454 1198
8787 1199
2995 1200
13255 1201
648 1202
5916 1203
9825 1204
3241 1205
10419 1206
9061 1207
1483 1208
1285 1209
14621 1210
8577 1211
12895 1212
6109 1213
5736 1214
14181 1215
3992 1216
1106 1217
5429 1218
2675 1219
12108 1220
11554 1221
4887 1222
1974 1223
13658 1224
5492 1225
14632 1226
919 1227
5687 1228
10925 1229
8192 1230
2686 1231
12026 1232
9282 1233
14033 1234
13295 1235
10784 1236
14359 1237
11337 1238
3575 1239
9640 1240
5559 1241
6896 1242
9908 1243
503 1244
9304 1245
2480 1246
1685 1247
12024 1248
9780 1249
5111 1250
1783 1251
3204 1252
6102 1253
13997 1254
8204 1255
135 1256
9805 1257
5042 1258
8539 1259
1369 1260
5581 1261
12475 1262
4351 1263
2794 1264
11510 1265
4733 1266
1844 1267
8344 1268
7706 1269
2824 1270
9948 1271
3801 1272
10549 1273
14472 1274
9634 1275
14504 1276
12259 1277
8620 1278
273 1279
9276 1280
6421 1281
1195 1282
1290 1283
2340 1284
8904 1285
8771 1286
4585 1287
6383 1288
8371 1289
13791 1290
6301 1291
2473 1292
4961 1293
6978 1294
6810 1295
11917 1296
2899 1297
9170 1298
5626 1299
5141 1300
6796 1301
4242 1302
4221 1303
12401 1304
3861 1305
2830 1306
10542 1307
539 1308
13181 1309
8572 1310
10559 1311
9052 1312
8281 1313
1048 1314
8027 1315
8905 1316
6965 1317
2863 1318
8353 1319
4609 1320
13717 1321
6670 1322
11628 1323
6460 1324
537 1325
13736 1326
10885 1327
6589 1328
1940 1329
6808 1330
11010 1331
13572 1332
9535 1333
12016 1334
5434 1335
3861 1336
108 1337
13620 1338
8963 1339
7066 1340
11945 1341
11501 1342
13949 1343
5988 1344
14127 1345
4218 1346
12893 1347
1128 1348
1395 1349
290 1350
8231 1351
6478 1352
5718 1353
12838 1354
2817 1355
11478 1356
14627 1357
9641 1358
2911 1359
13741 1360
1558 1361
5526 1362
623 1363
5231 1364
5527 1365
11872 1366
6645 1367
5004 1368
10732 1369
7630 1370
2911 1371
13915 1372
2908 1373
5950 1374
14619 1375
8327 1376
1913 1377
1664 1378
12299 1379
13169 1380
4375 1381
3197 1382
2473 1383
667 1384
11765 1385
9060 1386
4344 1387
7559 1388
5011 1389
14715 1390
8042 1391
3756 1392
4237 1393
9849 1394
1473 1395
12548 1396
1340 1397
5291 1398
537 1399
648 1400
9494 1401
6588 1402
11564 1403
971 1404
5595 1405
2071 1406
4804 1407
1158 1408
12090 1409
1758 1410
6107 1411
5674 1412
9473 1413
8335 1414
10416 1415
9035 1416
7598 1417
12927 1418
10749 1419
1289 1420
8454 1421
5309 1422
765 1423
5636 1424
4271 1425
13420 1426
9566 1427
13853 1428
9853 1429
5758 1430
7459 1431
1994 1432
8021 1433
4213 1434
11569 1435
13761 1436
9855 1437
14681 1438
13809 1439
3131 1440
3027 1441
12251 1442
14639 1443
6913 1444
9864 1445
7569 1446
14244 1447
2275 1448
3430 1449
13429 1450
7605 1451
9204 1452
13056 1453
9657 1454
12024 1455
11787 1456
12213 1457
1595 1458
5931 1459
237 1460
621 1461
8521 1462
7973 1463
10181 1464
6733 1465
13431 1466
11573 1467
3761 1468
11720 1469
12025 1470
2444 1471
4897 1472
7763 1473
8864 1474
3685 1475
2956 1476
7631 1477
2975 1478
2891 1479
7294 1480
6535 1481
11513 1482
2005 1483
6763 1484
9969 1485
8324 1486
14353 1487
3787 1488
10485 1489
13207 1490
11460 1491
14985 1492
6689 1493
8762 1494
3245 1495
9811 1496
2647 1497
4977 1498
599 1499
