150 1300
1459 0
699 1
1439 2
1148 3
131 4
1317 5
43 6
1149 7
955 8
1086 9
638 10
135 11
662 12
730 13
302 14
1084 15
1382 16
834 17
298 18
242 19
1494 20
679 21
16 22
1375 23
1397 24
129 25
1155 26
946 27
665 28
1435 29
208 30
1266 31
1286 32
496 33
1321 34
583 35
244 36
1320 37
1224 38
1121 39
159 40
641 41
1127 42
750 43
3 44
724 45
1193 46
1341 47
19 48
479 49
163 50
2 51
993 52
1296 53
69 54
1421 55
1434 56
1236 57
602 58
1116 59
1170 60
261 61
776 62
676 63
1204 64
597 65
717 66
1338 67
781 68
1121 69
327 70
84 71
773 72
579 73
945 74
1382 75
1324 76
1375 77
816 78
518 79
925 80
462 81
226 82
1314 83
849 84
1125 85
6 86
519 87
1274 88
414 89
311 90
907 91
755 92
387 93
70 94
880 95
738 96
825 97
376 98
811 99
171 100
638 101
669 102
1366 103
751 104
1355 105
512 106
1070 107
149 108
42 109
1325 110
1333 111
424 112
439 113
997 114
672 115
1367 116
1293 117
1089 118
865 119
1159 120
1200 121
1437 122
216 123
1285 124
501 125
595 126
1479 127
374 128
35 129
1434 130
304 131
1350 132
1393 133
197 134
427 135
1441 136
1033 137
756 138
161 139
1389 140
705 141
352 142
1163 143
993 144
1407 145
1268 146
636 147
969 148
1141 149
