1000 900
9953 0
7734 1
1112 2
3363 3
235 4
9921 5
4104 6
3897 7
5974 8
3881 9
8211 10
3033 11
3185 12
4518 13
1704 14
7526 15
7496 16
1247 17
7968 18
9715 19
8749 20
8417 21
9065 22
3395 23
3637 24
2615 25
1639 26
8051 27
4178 28
3621 29
9958 30
4643 31
7267 32
510 33
5936 34
1112 35
7624 36
8264 37
6490 38
6713 39
2727 40
1990 41
4504 42
3702 43
943 44
1684 45
3110 46
5585 47
1682 48
3540 49
7790 50
8044 51
6840 52
767 53
5175 54
825 55
980 56
1147 57
5877 58
4756 59
2340 60
4164 61
8488 62
5061 63
1561 64
4989 65
6189 66
3238 67
6864 68
8638 69
6856 70
4442 71
763 72
6750 73
1603 74
1141 75
6594 76
3691 77
7465 78
6148 79
754 80
6264 81
2752 82
8216 83
5828 84
661 85
4806 86
7134 87
9633 88
1688 89
5797 90
5858 91
9332 92
7214 93
6746 94
2521 95
5041 96
4378 97
4536 98
7930 99
115 100
3735 101
8094 102
9850 103
1936 104
8234 105
4287 106
731 107
2655 108
3046 109
2486 110
3272 111
847 112
7020 113
2777 114
8246 115
1197 116
9498 117
8931 118
3373 119
6636 120
9736 121
6455 122
4833 123
1890 124
6706 125
2288 126
6895 127
8829 128
9293 129
187 130
1141 131
9980 132
9933 133
2476 134
5531 135
2124 136
2159 137
4762 138
6223 139
2464 140
4015 141
7286 142
4280 143
663 144
8677 145
9951 146
4443 147
4475 148
3759 149
7958 150
3154 151
6412 152
8640 153
6446 154
1449 155
9791 156
2459 157
9394 158
7987 159
7663 160
1603 161
5402 162
8921 163
1124 164
5578 165
2356 166
4556 167
9178 168
6547 169
639 170
1665 171
1220 172
7529 173
1411 174
5562 175
256 176
1321 177
278 178
213 179
8066 180
7069 181
720 182
3538 183
9287 184
7261 185
9649 186
2541 187
6284 188
2110 189
498 190
1059 191
457 192
7092 193
641 194
7005 195
797 196
4881 197
1172 198
7590 199
2343 200
288 201
9702 202
8347 203
5329 204
4892 205
6100 206
5586 207
7438 208
9611 209
8834 210
3782 211
9962 212
5379 213
7585 214
2529 215
9963 216
8602 217
1651 218
2423 219
1433 220
1979 221
7947 222
3369 223
5580 224
6771 225
7998 226
853 227
8621 228
3108 229
2588 230
6327 231
1487 232
2155 233
2329 234
2861 235
6333 236
8549 237
447 238
5330 239
5641 240
6212 241
7523 242
3314 243
3343 244
7903 245
390 246
722 247
373 248
4150 249
1283 250
2461 251
6381 252
1940 253
2069 254
6065 255
7219 256
5100 257
9674 258
902 259
4418 260
853 261
1066 262
5402 263
9379 264
2419 265
2043 266
9921 267
702 268
1639 269
2953 270
9983 271
6587 272
5790 273
4117 274
9769 275
1753 276
3458 277
4633 278
9597 279
5249 280
2541 281
6794 282
9376 283
5009 284
6052 285
279 286
3382 287
1778 288
722 289
4404 290
3016 291
3149 292
9598 293
5387 294
1250 295
871 296
4028 297
4124 298
7541 299
5917 300
2925 301
6497 302
1776 303
3135 304
7962 305
7483 306
6538 307
664 308
3105 309
9055 310
7300 311
5623 312
490 313
1004 314
600 315
7727 316
9542 317
5366 318
6908 319
5967 320
6951 321
1553 322
5691 323
3427 324
9981 325
5772 326
1857 327
5530 328
5888 329
9728 330
8664 331
9503 332
2290 333
6870 334
9377 335
3049 336
1481 337
8285 338
2905 339
688 340
3770 341
5746 342
2675 343
4982 344
1154 345
2888 346
9469 347
8432 348
7565 349
9090 350
7219 351
3795 352
2938 353
5404 354
2794 355
5688 356
7429 357
6190 358
3528 359
4877 360
3094 361
515 362
5182 363
3121 364
3098 365
7955 366
3515 367
1694 368
6850 369
2304 370
2045 371
5259 372
6963 373
9232 374
3936 375
8183 376
485 377
825 378
358 379
4071 380
3612 381
1524 382
8164 383
9749 384
8377 385
6034 386
1273 387
1701 388
1819 389
5882 390
8850 391
2207 392
2237 393
176 394
3248 395
7086 396
7030 397
7459 398
5215 399
9556 400
6140 401
142 402
3889 403
1581 404
180 405
4903 406
7233 407
6869 408
590 409
3946 410
5791 411
901 412
9047 413
957 414
2939 415
9910 416
7271 417
1444 418
1746 419
6864 420
3443 421
2098 422
2964 423
3162 424
4424 425
3563 426
8559 427
9836 428
3531 429
9889 430
4800 431
5650 432
3819 433
2353 434
7076 435
2378 436
2514 437
1390 438
4601 439
1832 440
6920 441
8852 442
4871 443
7431 444
1330 445
7635 446
2342 447
6860 448
341 449
8877 450
9700 451
9117 452
6147 453
5455 454
5366 455
4407 456
3230 457
4501 458
5533 459
2737 460
5060 461
8080 462
5212 463
6672 464
3316 465
8400 466
9160 467
9335 468
7340 469
2094 470
7733 471
8689 472
7064 473
2230 474
7900 475
7306 476
3323 477
4696 478
2193 479
4814 480
511 481
2677 482
7878 483
6665 484
3782 485
5076 486
9710 487
1701 488
3042 489
3125 490
7046 491
6416 492
5568 493
3392 494
6042 495
5897 496
9112 497
3202 498
7871 499
4171 500
9334 501
5976 502
1772 503
2256 504
9546 505
2448 506
7831 507
2985 508
6045 509
7705 510
7472 511
4431 512
1993 513
5229 514
8194 515
1835 516
5602 517
439 518
7165 519
7102 520
7544 521
3134 522
6729 523
2175 524
7941 525
5273 526
482 527
408 528
4516 529
4397 530
6754 531
6982 532
9784 533
4228 534
2697 535
2928 536
1780 537
9206 538
2908 539
7599 540
7106 541
419 542
2280 543
8423 544
7095 545
1068 546
1656 547
920 548
3134 549
7328 550
5694 551
4590 552
5076 553
2695 554
9583 555
929 556
9658 557
2690 558
1742 559
3779 560
2943 561
2445 562
4021 563
9801 564
100 565
3490 566
2088 567
9268 568
5097 569
7264 570
8426 571
9996 572
4754 573
477 574
6179 575
6137 576
5450 577
6383 578
7158 579
581 580
5629 581
8019 582
2402 583
2509 584
4920 585
6273 586
5453 587
4517 588
6037 589
5755 590
7335 591
6769 592
8886 593
9553 594
8586 595
6676 596
4980 597
1845 598
7486 599
7640 600
1285 601
5764 602
6086 603
5777 604
6478 605
9650 606
461 607
4812 608
3012 609
4748 610
8121 611
7705 612
8662 613
5321 614
8067 615
9304 616
3253 617
4124 618
9789 619
3689 620
1070 621
9713 622
6217 623
1592 624
8882 625
602 626
1276 627
1499 628
2764 629
8961 630
8700 631
3270 632
2077 633
2670 634
1154 635
6810 636
6913 637
7036 638
9366 639
5077 640
4993 641
3868 642
6651 643
1522 644
1036 645
1731 646
9456 647
300 648
5813 649
404 650
1173 651
5273 652
8316 653
735 654
4177 655
8411 656
6259 657
5216 658
9067 659
971 660
5889 661
4842 662
3595 663
5321 664
3074 665
2189 666
6833 667
8857 668
3614 669
4235 670
8498 671
1992 672
8466 673
4377 674
3462 675
9313 676
4536 677
6844 678
8138 679
1230 680
5058 681
7359 682
1037 683
7348 684
2974 685
9406 686
6826 687
274 688
8277 689
1547 690
735 691
5132 692
3782 693
8617 694
7532 695
9803 696
6208 697
3006 698
6851 699
9187 700
2061 701
6359 702
7795 703
3290 704
2681 705
6675 706
3174 707
3984 708
6440 709
6785 710
9348 711
8355 712
7986 713
926 714
4586 715
7180 716
3131 717
7479 718
8847 719
5467 720
4212 721
9087 722
5607 723
511 724
805 725
9698 726
1204 727
9237 728
2966 729
5407 730
1187 731
1312 732
2839 733
2562 734
398 735
6179 736
5041 737
7268 738
2621 739
408 740
8470 741
4594 742
5955 743
9655 744
8176 745
4386 746
7542 747
8581 748
7278 749
3723 750
3850 751
8469 752
6279 753
5527 754
4449 755
851 756
8592 757
1232 758
1172 759
7724 760
3795 761
4719 762
7824 763
5868 764
4522 765
583 766
3767 767
1702 768
5082 769
3976 770
9949 771
8428 772
3120 773
34 774
1486 775
7200 776
335 777
5699 778
3316 779
2016 780
5303 781
6348 782
8302 783
7593 784
5238 785
9560 786
1075 787
5363 788
6658 789
7052 790
3882 791
8963 792
2016 793
3942 794
4999 795
5484 796
9104 797
1755 798
331 799
2470 800
9303 801
1166 802
3268 803
3587 804
9644 805
1215 806
4005 807
9544 808
1508 809
5919 810
7212 811
716 812
7504 813
4772 814
2276 815
54 816
2885 817
4622 818
2094 819
8973 820
6509 821
4625 822
9551 823
6350 824
5724 825
4177 826
2187 827
8499 828
950 829
8319 830
6256 831
2765 832
8344 833
9710 834
6140 835
5643 836
4581 837
5722 838
2654 839
2153 840
6774 841
7913 842
9304 843
3487 844
4216 845
2036 846
2798 847
6164 848
6867 849
6200 850
7331 851
6639 852
7771 853
6994 854
1016 855
1706 856
1669 857
3933 858
3080 859
4899 860
1994 861
6391 862
8351 863
8551 864
1244 865
164 866
5271 867
3489 868
3670 869
9604 870
3908 871
1942 872
8357 873
8261 874
7399 875
1075 876
9481 877
4599 878
4811 879
1840 880
2588 881
9860 882
8328 883
9397 884
1827 885
9107 886
2996 887
7575 888
6310 889
7249 890
4526 891
3253 892
6495 893
8419 894
5169 895
8087 896
5320 897
9289 898
7298 899
1993 900
7019 901
7463 902
6855 903
7519 904
2511 905
5980 906
1603 907
1408 908
5379 909
4917 910
9659 911
2413 912
9417 913
8184 914
4092 915
6221 916
505 917
161 918
8959 919
7738 920
7159 921
598 922
6448 923
2546 924
4947 925
3698 926
5348 927
578 928
9431 929
2383 930
2364 931
7055 932
9369 933
3748 934
7589 935
6570 936
4572 937
971 938
2710 939
3770 940
5612 941
2498 942
574 943
2005 944
9155 945
2901 946
8261 947
9305 948
6997 949
4312 950
3373 951
3093 952
6401 953
4877 954
4993 955
1274 956
9184 957
8521 958
3606 959
2377 960
96 961
5302 962
1554 963
5138 964
9783 965
5921 966
8858 967
9338 968
8856 969
2100 970
2298 971
7817 972
2285 973
4956 974
3943 975
6227 976
2404 977
6177 978
9603 979
1126 980
1397 981
8437 982
9292 983
608 984
1402 985
4069 986
4165 987
2841 988
233 989
2937 990
2482 991
3750 992
9078 993
8700 994
6289 995
3090 996
3108 997
8387 998
3616 999
