1600 750
1223 0
13109 1
2948 2
14476 3
3110 4
7485 5
4547 6
11879 7
6021 8
7274 9
10997 10
4247 11
13551 12
10072 13
10051 14
3143 15
12662 16
5836 17
14873 18
2705 19
14390 20
12831 21
4374 22
9179 23
14306 24
2511 25
14692 26
308 27
121 28
5392 29
7295 30
3926 31
9335 32
733 33
13309 34
5607 35
15272 36
1908 37
9470 38
2077 39
7664 40
12324 41
7257 42
15717 43
4797 44
672 45
13802 46
5863 47
9130 48
10285 49
1363 50
8899 51
4704 52
4041 53
5674 54
9576 55
1086 56
13311 57
13805 58
9409 59
4758 60
2866 61
11648 62
2392 63
1535 64
13289 65
13748 66
837 67
14834 68
14141 69
8187 70
10361 71
15310 72
9807 73
232 74
2289 75
15137 76
2936 77
8664 78
2702 79
4648 80
8635 81
1606 82
5818 83
10136 84
7196 85
4338 86
10446 87
13597 88
15326 89
15066 90
13725 91
1769 92
3598 93
8630 94
11604 95
1357 96
5732 97
13029 98
13123 99
641 100
734 101
14134 102
7646 103
10375 104
2974 105
9089 106
620 107
15619 108
13833 109
7992 110
7586 111
8510 112
12103 113
6148 114
1453 115
3556 116
11816 117
7460 118
13068 119
12489 120
14211 121
6611 122
4308 123
10135 124
8798 125
12851 126
2737 127
10976 128
12814 129
5609 130
12452 131
11421 132
10336 133
5217 134
1577 135
7221 136
9826 137
9982 138
3437 139
1711 140
10976 141
12274 142
12865 143
13086 144
7599 145
10987 146
9824 147
2054 148
15058 149
10445 150
2525 151
518 152
1908 153
15049 154
10168 155
1344 156
15787 157
10082 158
15970 159
7675 160
9406 161
561 162
363 163
7190 164
4704 165
12325 166
2558 167
13107 168
11179 169
3192 170
3154 171
14846 172
15063 173
358 174
4028 175
7106 176
4437 177
4764 178
284 179
7714 180
8768 181
1467 182
10418 183
6920 184
13051 185
2504 186
13734 187
10378 188
7618 189
11743 190
12309 191
14390 192
1077 193
404 194
4439 195
5405 196
2961 197
6025 198
13361 199
899 200
10737 201
15913 202
13094 203
14856 204
5731 205
5366 206
2368 207
9148 208
6000 209
1496 210
8702 211
5878 212
7774 213
4231 214
8745 215
15488 216
7676 217
3775 218
5977 219
15515 220
14228 221
9275 222
14468 223
736 224
11746 225
10965 226
213 227
784 228
8493 229
15263 230
15743 231
12115 232
9239 233
3320 234
2584 235
14753 236
9513 237
4852 238
11510 239
3364 240
6722 241
692 242
5883 243
676 244
9521 245
1165 246
12051 247
2255 248
4484 249
1576 250
1833 251
6428 252
6774 253
4497 254
7961 255
7127 256
7961 257
12125 258
10804 259
3586 260
1529 261
4809 262
81 263
4522 264
9905 265
10284 266
675 267
6115 268
12293 269
7752 270
8132 271
7346 272
8225 273
12622 274
5462 275
12940 276
7260 277
329 278
3725 279
12526 280
5116 281
1603 282
13769 283
5882 284
4228 285
10695 286
6446 287
6226 288
1180 289
2424 290
9935 291
8388 292
7031 293
8625 294
7279 295
1495 296
11136 297
7285 298
3212 299
10042 300
1539 301
4281 302
11506 303
10252 304
1432 305
6187 306
9221 307
1054 308
14343 309
6124 310
12725 311
4603 312
4331 313
4474 314
15198 315
10154 316
12636 317
5988 318
10390 319
15379 320
15754 321
10597 322
2915 323
5735 324
14529 325
7712 326
12719 327
1129 328
5539 329
9363 330
4405 331
11186 332
13615 333
4574 334
1946 335
11861 336
8765 337
233 338
5549 339
11240 340
7368 341
13947 342
13992 343
5517 344
13656 345
5620 346
6320 347
11583 348
6615 349
12075 350
3558 351
7489 352
12157 353
11646 354
12381 355
1972 356
3402 357
4359 358
13192 359
7227 360
14206 361
14657 362
15 363
15150 364
7559 365
14683 366
3600 367
3525 368
3918 369
1559 370
7632 371
5962 372
9774 373
13603 374
280 375
1875 376
12150 377
10962 378
13421 379
12203 380
6264 381
99 382
13817 383
11976 384
3671 385
964 386
13898 387
14864 388
988 389
722 390
7514 391
9397 392
9456 393
5999 394
947 395
6879 396
5239 397
6406 398
5553 399
5108 400
13590 401
14586 402
4893 403
10867 404
2154 405
12969 406
11075 407
7698 408
10700 409
15025 410
5386 411
9617 412
6138 413
6413 414
4779 415
13620 416
5767 417
15845 418
10077 419
11808 420
558 421
13103 422
8326 423
14756 424
15761 425
9834 426
4795 427
12974 428
1250 429
6313 430
12824 431
13597 432
678 433
2571 434
1310 435
1714 436
11994 437
4782 438
9088 439
2680 440
8011 441
4923 442
8141 443
8799 444
3611 445
7629 446
4588 447
8631 448
13645 449
15053 450
10607 451
15148 452
10854 453
15398 454
1555 455
5347 456
7168 457
7446 458
10696 459
10675 460
13050 461
1362 462
255 463
10626 464
9245 465
217 466
7323 467
7965 468
11956 469
13228 470
14882 471
15275 472
4632 473
1191 474
7253 475
4397 476
492 477
182 478
9127 479
14343 480
5950 481
1292 482
3524 483
10132 484
204 485
9537 486
10922 487
1416 488
577 489
2447 490
14106 491
6308 492
13929 493
8100 494
3889 495
13731 496
10831 497
1759 498
2809 499
6943 500
9151 501
348 502
10743 503
3231 504
7881 505
13184 506
7686 507
4245 508
7184 509
6861 510
3720 511
5132 512
3542 513
1239 514
14671 515
10788 516
12891 517
14530 518
11672 519
2671 520
1799 521
10188 522
6023 523
13305 524
8101 525
2834 526
15676 527
6434 528
5209 529
9788 530
1087 531
7686 532
4388 533
10004 534
8964 535
2393 536
3108 537
12089 538
8546 539
15484 540
15997 541
603 542
605 543
10068 544
3845 545
4753 546
10914 547
4633 548
15105 549
11828 550
9499 551
1796 552
9098 553
14270 554
12671 555
4444 556
12222 557
3091 558
14847 559
14917 560
15886 561
1195 562
8439 563
8637 564
11704 565
12981 566
503 567
7255 568
4789 569
2616 570
5101 571
11944 572
8843 573
6894 574
14927 575
5305 576
4796 577
9939 578
6053 579
14292 580
13982 581
9360 582
2321 583
3466 584
11490 585
10989 586
14074 587
11357 588
4575 589
5355 590
9902 591
15593 592
4201 593
11319 594
6495 595
4347 596
245 597
3391 598
5453 599
15718 600
15397 601
3753 602
6823 603
12537 604
1031 605
14049 606
4930 607
14065 608
9958 609
2680 610
13838 611
3388 612
14295 613
1904 614
15742 615
7627 616
749 617
9883 618
6361 619
7559 620
10093 621
11705 622
12654 623
671 624
9398 625
2017 626
3825 627
5908 628
10628 629
7890 630
9472 631
3552 632
5300 633
3207 634
1385 635
14057 636
14714 637
368 638
6339 639
13017 640
7145 641
9044 642
11786 643
3552 644
9086 645
177 646
13541 647
7204 648
8913 649
12291 650
12667 651
10936 652
10818 653
11904 654
113 655
8904 656
4034 657
1545 658
13073 659
6662 660
13669 661
2466 662
2573 663
14760 664
7001 665
13235 666
15999 667
11733 668
12484 669
4700 670
1552 671
8573 672
15772 673
8174 674
3071 675
2253 676
14711 677
4462 678
12316 679
7517 680
10349 681
4231 682
10680 683
15957 684
2770 685
14645 686
9709 687
6060 688
13368 689
14289 690
3750 691
8444 692
7979 693
15391 694
12743 695
188 696
1840 697
6623 698
10875 699
9227 700
1991 701
6702 702
5714 703
4796 704
14075 705
5587 706
6387 707
12875 708
9358 709
6134 710
6142 711
1889 712
11262 713
7388 714
13936 715
15457 716
12 717
9287 718
182 719
3761 720
5826 721
9781 722
9980 723
14597 724
3572 725
7761 726
1957 727
3682 728
103 729
9118 730
11171 731
11883 732
1448 733
14622 734
15133 735
12863 736
9160 737
12250 738
5883 739
4631 740
2184 741
6081 742
7252 743
7219 744
12858 745
5375 746
3726 747
15103 748
6830 749
9287 750
6780 751
13968 752
14008 753
8214 754
9642 755
3688 756
14368 757
15528 758
12166 759
6662 760
13190 761
10203 762
14737 763
13810 764
4751 765
4139 766
3827 767
15936 768
13110 769
14995 770
10208 771
15983 772
1772 773
2291 774
9669 775
5340 776
15926 777
10833 778
6539 779
14640 780
13361 781
4430 782
5290 783
7931 784
4557 785
814 786
14081 787
5301 788
11505 789
14793 790
5157 791
7883 792
15705 793
11212 794
5736 795
4757 796
6676 797
10363 798
7819 799
3954 800
5577 801
4627 802
10050 803
10489 804
7326 805
4920 806
6498 807
6966 808
10139 809
5595 810
10445 811
1416 812
1964 813
8604 814
731 815
10158 816
13458 817
5767 818
8915 819
13526 820
10677 821
4304 822
3499 823
14019 824
5866 825
3348 826
8264 827
13280 828
11101 829
382 830
952 831
13489 832
14885 833
11402 834
11029 835
8403 836
5598 837
12100 838
1080 839
4420 840
5196 841
12130 842
7608 843
6146 844
11711 845
3107 846
13881 847
13042 848
13291 849
12315 850
8239 851
474 852
4158 853
1235 854
2057 855
5844 856
5842 857
15680 858
10812 859
9640 860
4870 861
611 862
7700 863
15242 864
674 865
12066 866
1760 867
3886 868
8851 869
8106 870
8504 871
422 872
11346 873
12606 874
14071 875
3440 876
6779 877
10313 878
5241 879
14703 880
917 881
265 882
5936 883
9355 884
830 885
14061 886
8234 887
2533 888
11560 889
15757 890
3501 891
8477 892
131 893
2717 894
3412 895
3225 896
12037 897
5858 898
8471 899
4843 900
264 901
4886 902
9848 903
9260 904
1747 905
11468 906
8552 907
4864 908
4601 909
1262 910
930 911
15733 912
223 913
15507 914
6838 915
7262 916
5684 917
14117 918
6646 919
4290 920
676 921
9715 922
11534 923
1549 924
14577 925
7858 926
13592 927
11462 928
4347 929
4803 930
7370 931
5181 932
11286 933
14614 934
14229 935
8785 936
2333 937
13970 938
3077 939
4831 940
13888 941
15225 942
7759 943
10577 944
9516 945
5019 946
15554 947
5403 948
1671 949
6869 950
9046 951
12144 952
10841 953
11772 954
13463 955
11292 956
11331 957
11756 958
12039 959
11765 960
11008 961
14779 962
9180 963
4981 964
11364 965
15243 966
11628 967
5523 968
4466 969
6733 970
7153 971
12595 972
1272 973
14445 974
2944 975
2647 976
2215 977
9313 978
13786 979
15086 980
7971 981
9627 982
14584 983
10985 984
3900 985
1775 986
12271 987
13326 988
883 989
2535 990
14087 991
8177 992
14197 993
13515 994
6800 995
6125 996
2002 997
1099 998
11844 999
8185 1000
12165 1001
10774 1002
5555 1003
7374 1004
5494 1005
5866 1006
10028 1007
14867 1008
9649 1009
3919 1010
4591 1011
2922 1012
6896 1013
2548 1014
5249 1015
10169 1016
7825 1017
11586 1018
14340 1019
8627 1020
12429 1021
12101 1022
8996 1023
8066 1024
3867 1025
13528 1026
6180 1027
3619 1028
7190 1029
13813 1030
4798 1031
6360 1032
3922 1033
13502 1034
4216 1035
3660 1036
14358 1037
15298 1038
14364 1039
15254 1040
6823 1041
13426 1042
15645 1043
9260 1044
13978 1045
7968 1046
13787 1047
9133 1048
11844 1049
7358 1050
13798 1051
10626 1052
12215 1053
8323 1054
9803 1055
4026 1056
4995 1057
3619 1058
15116 1059
10240 1060
13800 1061
15350 1062
8077 1063
2222 1064
14195 1065
2787 1066
5200 1067
15720 1068
8321 1069
1733 1070
10693 1071
10946 1072
11514 1073
10525 1074
7701 1075
8288 1076
2555 1077
12530 1078
11839 1079
9795 1080
14142 1081
6084 1082
11154 1083
4769 1084
13161 1085
15661 1086
1548 1087
10433 1088
6635 1089
524 1090
12502 1091
6297 1092
1850 1093
3967 1094
9089 1095
1806 1096
869 1097
3149 1098
14447 1099
1499 1100
13041 1101
9578 1102
5714 1103
12172 1104
13038 1105
684 1106
12836 1107
2757 1108
4318 1109
10490 1110
14757 1111
9593 1112
10543 1113
13627 1114
365 1115
13093 1116
5858 1117
13828 1118
15728 1119
6611 1120
5019 1121
11293 1122
2411 1123
3494 1124
5905 1125
12607 1126
5347 1127
14381 1128
11001 1129
3124 1130
15617 1131
11278 1132
13579 1133
10827 1134
4726 1135
2243 1136
4645 1137
9469 1138
3827 1139
225 1140
13736 1141
635 1142
9224 1143
6172 1144
656 1145
1610 1146
12915 1147
11729 1148
2014 1149
15734 1150
6132 1151
15737 1152
12410 1153
14415 1154
12219 1155
1114 1156
913 1157
13475 1158
800 1159
7509 1160
4547 1161
5351 1162
987 1163
6352 1164
6714 1165
691 1166
3267 1167
122 1168
9140 1169
282 1170
2 1171
13761 1172
8641 1173
5589 1174
4209 1175
10940 1176
14191 1177
7747 1178
15473 1179
11706 1180
13732 1181
13980 1182
8506 1183
13911 1184
885 1185
10979 1186
5264 1187
10487 1188
9432 1189
9275 1190
1228 1191
15862 1192
12297 1193
13296 1194
13911 1195
4667 1196
2209 1197
6369 1198
13517 1199
4031 1200
267 1201
7141 1202
9351 1203
3076 1204
8953 1205
1226 1206
2684 1207
1044 1208
9091 1209
1237 1210
1887 1211
13339 1212
2854 1213
8990 1214
11185 1215
14330 1216
13109 1217
3630 1218
3662 1219
5123 1220
12025 1221
15457 1222
3222 1223
11743 1224
5515 1225
11329 1226
12024 1227
11547 1228
1806 1229
11795 1230
6902 1231
9453 1232
10294 1233
7445 1234
618 1235
6102 1236
9229 1237
6302 1238
7842 1239
8891 1240
10681 1241
3883 1242
11450 1243
2930 1244
5042 1245
11328 1246
4540 1247
13712 1248
9915 1249
13007 1250
3298 1251
1049 1252
8891 1253
5431 1254
6808 1255
9029 1256
12409 1257
3181 1258
3489 1259
8937 1260
9225 1261
4215 1262
1432 1263
14065 1264
14491 1265
15508 1266
12163 1267
60 1268
7389 1269
4782 1270
8345 1271
6541 1272
13619 1273
13948 1274
2683 1275
14405 1276
6620 1277
5123 1278
4547 1279
13082 1280
3512 1281
9179 1282
15091 1283
4712 1284
1569 1285
12515 1286
1894 1287
5438 1288
11587 1289
13138 1290
607 1291
5278 1292
3531 1293
10155 1294
8266 1295
8629 1296
15343 1297
13199 1298
13202 1299
2425 1300
5378 1301
14049 1302
13142 1303
12907 1304
1441 1305
12979 1306
2817 1307
3538 1308
2100 1309
9899 1310
1648 1311
3051 1312
4924 1313
14977 1314
14738 1315
7358 1316
5 1317
12704 1318
3019 1319
15901 1320
6927 1321
221 1322
8324 1323
14865 1324
4318 1325
1398 1326
14266 1327
4291 1328
10885 1329
14130 1330
10334 1331
3392 1332
12725 1333
1622 1334
12286 1335
9546 1336
6037 1337
10258 1338
15048 1339
12233 1340
7051 1341
13645 1342
11929 1343
7480 1344
14902 1345
6083 1346
13266 1347
7232 1348
218 1349
6700 1350
11333 1351
364 1352
2107 1353
548 1354
14957 1355
12694 1356
9775 1357
1986 1358
6160 1359
11332 1360
665 1361
10546 1362
13096 1363
10483 1364
2318 1365
342 1366
1186 1367
7382 1368
544 1369
11794 1370
12970 1371
2393 1372
15796 1373
7567 1374
7300 1375
8561 1376
13430 1377
6556 1378
136 1379
1581 1380
1746 1381
13463 1382
3958 1383
4133 1384
5554 1385
2351 1386
1637 1387
15319 1388
14388 1389
1016 1390
1125 1391
4321 1392
15360 1393
1639 1394
14518 1395
7533 1396
13816 1397
11032 1398
14637 1399
2360 1400
3869 1401
814 1402
7278 1403
14847 1404
3895 1405
11870 1406
2114 1407
8636 1408
13402 1409
7941 1410
3586 1411
1944 1412
1459 1413
11927 1414
2905 1415
14411 1416
6674 1417
12543 1418
2709 1419
4569 1420
14293 1421
9810 1422
4027 1423
14837 1424
8753 1425
225 1426
1964 1427
14009 1428
11874 1429
332 1430
13413 1431
5782 1432
9144 1433
13801 1434
5560 1435
12979 1436
9676 1437
4753 1438
3450 1439
1169 1440
6103 1441
9053 1442
4799 1443
2064 1444
2111 1445
7523 1446
12390 1447
12413 1448
552 1449
489 1450
1232 1451
13997 1452
6285 1453
12924 1454
9483 1455
6577 1456
6130 1457
13371 1458
15752 1459
12370 1460
15482 1461
7867 1462
11038 1463
3904 1464
527 1465
14261 1466
15753 1467
3064 1468
11454 1469
13635 1470
1845 1471
13368 1472
5588 1473
8841 1474
10043 1475
11010 1476
13788 1477
6525 1478
9374 1479
9544 1480
9044 1481
9367 1482
12582 1483
14272 1484
349 1485
10208 1486
3884 1487
14791 1488
2531 1489
469 1490
6659 1491
13383 1492
2769 1493
8236 1494
10380 1495
131 1496
11561 1497
3164 1498
9043 1499
719 1500
2989 1501
6592 1502
9462 1503
14119 1504
9070 1505
9962 1506
7975 1507
10237 1508
9337 1509
10257 1510
4195 1511
13850 1512
10506 1513
1827 1514
4035 1515
1900 1516
11480 1517
10563 1518
6277 1519
3410 1520
4692 1521
15250 1522
12305 1523
9036 1524
14896 1525
11891 1526
6819 1527
15870 1528
8690 1529
5270 1530
11645 1531
2364 1532
14819 1533
14837 1534
4229 1535
9357 1536
10872 1537
15197 1538
1637 1539
9517 1540
8405 1541
6062 1542
2800 1543
14271 1544
13614 1545
2847 1546
28 1547
5468 1548
3010 1549
1194 1550
8958 1551
15309 1552
14797 1553
3226 1554
9827 1555
13946 1556
1831 1557
13333 1558
4138 1559
12726 1560
12021 1561
6513 1562
10937 1563
3402 1564
12617 1565
1469 1566
4260 1567
7659 1568
2248 1569
7103 1570
5259 1571
8747 1572
289 1573
15074 1574
13163 1575
4295 1576
3857 1577
8325 1578
1594 1579
14486 1580
15826 1581
14370 1582
9583 1583
1692 1584
15706 1585
7631 1586
6381 1587
10508 1588
3725 1589
7557 1590
15333 1591
8756 1592
10618 1593
1404 1594
7109 1595
3241 1596
9443 1597
12307 1598
9752 1599
