1300 1300
10906 0
7081 1
10147 2
2265 3
3704 4
8545 5
12686 6
4146 7
5549 8
10111 9
9961 10
11577 11
12658 12
6788 13
9653 14
9410 15
4810 16
10888 17
3257 18
10285 19
9782 20
8219 21
12567 22
12962 23
7799 24
8940 25
5622 26
11739 27
1789 28
5387 29
2565 30
7893 31
1207 32
6831 33
10033 34
10195 35
10939 36
9299 37
12248 38
12327 39
896 40
4062 41
3510 42
11664 43
4601 44
8182 45
11418 46
2038 47
5107 48
1199 49
10023 50
10813 51
2947 52
4528 53
12926 54
2836 55
8182 56
6329 57
8544 58
11618 59
2001 60
4218 61
7332 62
10681 63
10729 64
613 65
5262 66
6168 67
4005 68
8760 69
7423 70
6425 71
5688 72
9791 73
12360 74
5141 75
2446 76
9458 77
1959 78
2466 79
1805 80
4948 81
12452 82
4696 83
219 84
2839 85
2380 86
1001 87
10638 88
10579 89
12734 90
9929 91
6437 92
5859 93
9273 94
5990 95
1518 96
2810 97
10854 98
3722 99
12589 100
10658 101
7880 102
1410 103
3735 104
615 105
5414 106
1123 107
5698 108
8241 109
1482 110
1703 111
12289 112
12935 113
2768 114
5698 115
9673 116
7995 117
10096 118
3336 119
7425 120
4845 121
7508 122
9184 123
123 124
1202 125
3396 126
9471 127
531 128
12149 129
10371 130
3833 131
10544 132
1593 133
12677 134
3148 135
7085 136
9490 137
8330 138
813 139
1922 140
7410 141
5234 142
6536 143
8500 144
3904 145
11625 146
12411 147
3862 148
9225 149
8804 150
2224 151
7909 152
875 153
3697 154
12943 155
9603 156
11407 157
12792 158
2047 159
2373 160
7657 161
6945 162
12496 163
6941 164
11251 165
5758 166
202 167
11714 168
3583 169
7060 170
5602 171
9559 172
3913 173
631 174
8401 175
11493 176
1915 177
3868 178
1817 179
11299 180
5201 181
10789 182
12186 183
2909 184
1584 185
4913 186
8398 187
2968 188
11386 189
5309 190
9241 191
9759 192
41 193
10061 194
11788 195
83 196
10381 197
8548 198
1564 199
3988 200
11437 201
12339 202
2592 203
8653 204
8876 205
4454 206
10786 207
6552 208
2649 209
839 210
2787 211
11645 212
12810 213
2105 214
12621 215
10988 216
9998 217
4324 218
9912 219
12204 220
6614 221
12006 222
1264 223
11872 224
1998 225
9649 226
2681 227
6524 228
3759 229
10423 230
12715 231
8642 232
3268 233
8398 234
3176 235
669 236
3945 237
8407 238
3058 239
1686 240
9619 241
2305 242
3568 243
1947 244
11047 245
8811 246
11122 247
12488 248
6721 249
11422 250
1168 251
1135 252
11438 253
2789 254
5299 255
2342 256
7327 257
846 258
10541 259
6073 260
12125 261
161 262
8500 263
6396 264
9568 265
4023 266
8723 267
1356 268
8091 269
1502 270
87 271
6373 272
9097 273
7484 274
185 275
3352 276
7176 277
4276 278
9575 279
5463 280
8971 281
5106 282
6778 283
8853 284
4207 285
11034 286
8093 287
5316 288
4920 289
12268 290
8804 291
7288 292
6783 293
10831 294
5081 295
11501 296
10420 297
8514 298
10182 299
3355 300
1097 301
6399 302
4685 303
10687 304
9773 305
9162 306
1444 307
11678 308
12482 309
2611 310
9807 311
1077 312
10059 313
6487 314
11599 315
1716 316
10839 317
9652 318
10783 319
6375 320
11867 321
1226 322
4043 323
6529 324
5672 325
4488 326
5474 327
8472 328
6186 329
4574 330
11348 331
12555 332
8661 333
9682 334
9699 335
11302 336
6140 337
5701 338
3756 339
5632 340
6013 341
11656 342
9570 343
9743 344
2258 345
1769 346
12189 347
6580 348
4539 349
2913 350
8467 351
9630 352
7775 353
8094 354
4899 355
7793 356
6610 357
10550 358
3153 359
8108 360
2443 361
98 362
11266 363
3338 364
3814 365
10113 366
9073 367
12845 368
12530 369
10401 370
9896 371
5565 372
11559 373
9448 374
8725 375
4519 376
5241 377
6635 378
591 379
6607 380
11548 381
7012 382
1618 383
2437 384
11524 385
908 386
5521 387
6118 388
9572 389
7276 390
12456 391
72 392
10762 393
7709 394
11208 395
4127 396
6042 397
10879 398
3909 399
9217 400
10395 401
9270 402
5928 403
5380 404
2929 405
3499 406
9775 407
9203 408
3935 409
5349 410
967 411
2990 412
8462 413
1371 414
1904 415
9256 416
12414 417
6970 418
9392 419
8611 420
12462 421
4808 422
1329 423
5626 424
9393 425
3734 426
10903 427
1286 428
2534 429
2014 430
522 431
9761 432
8037 433
5663 434
11416 435
2045 436
9343 437
4496 438
7201 439
4533 440
9989 441
386 442
7122 443
3563 444
10894 445
10690 446
2748 447
9765 448
12087 449
6776 450
4144 451
11062 452
6707 453
3402 454
3553 455
9598 456
7994 457
11516 458
11690 459
10560 460
3411 461
8775 462
2964 463
8451 464
6408 465
8449 466
655 467
6025 468
10061 469
10186 470
1347 471
2943 472
11050 473
9022 474
11504 475
9461 476
9767 477
2186 478
10356 479
12119 480
3831 481
6346 482
3341 483
11996 484
4535 485
8871 486
2009 487
5256 488
1900 489
3623 490
3457 491
6480 492
9001 493
11635 494
3111 495
8103 496
3641 497
4168 498
713 499
6769 500
6903 501
12642 502
12507 503
6550 504
2399 505
8882 506
1521 507
10781 508
1602 509
7594 510
4303 511
7811 512
8895 513
11240 514
6201 515
1597 516
1850 517
371 518
12219 519
3477 520
9495 521
1441 522
401 523
2962 524
1301 525
12456 526
561 527
12667 528
7350 529
7929 530
10727 531
8535 532
1415 533
83 534
8066 535
9919 536
8703 537
3349 538
3410 539
238 540
6683 541
7630 542
2749 543
6164 544
5366 545
5999 546
4470 547
10838 548
11568 549
2017 550
6547 551
8647 552
11261 553
3964 554
8673 555
12804 556
9004 557
756 558
6113 559
3727 560
8145 561
7006 562
1741 563
6823 564
5449 565
10913 566
10439 567
10680 568
12972 569
7185 570
7642 571
2267 572
6791 573
5513 574
3786 575
7932 576
4523 577
484 578
5814 579
10215 580
5724 581
8146 582
12279 583
3854 584
5726 585
9789 586
3171 587
7388 588
7394 589
11234 590
3981 591
2402 592
1348 593
2970 594
1832 595
4329 596
8534 597
11958 598
9689 599
3777 600
6365 601
10274 602
1579 603
446 604
4229 605
6736 606
8744 607
8798 608
8155 609
3591 610
5921 611
5699 612
8798 613
1590 614
9960 615
5781 616
9090 617
4418 618
10004 619
11513 620
1887 621
11522 622
4552 623
12867 624
9097 625
4828 626
7654 627
6303 628
10468 629
9523 630
10445 631
6459 632
3851 633
4426 634
7598 635
260 636
4255 637
7737 638
970 639
10326 640
11454 641
6037 642
2510 643
11511 644
10783 645
2403 646
6872 647
5064 648
3431 649
8271 650
3017 651
1712 652
5360 653
4331 654
8522 655
9182 656
5386 657
11931 658
4933 659
10594 660
11829 661
10661 662
8738 663
7304 664
295 665
4691 666
1550 667
5482 668
12435 669
10502 670
6403 671
9339 672
11731 673
8984 674
6766 675
10812 676
11333 677
12608 678
7791 679
177 680
7253 681
12229 682
1980 683
11243 684
3117 685
9425 686
12027 687
2164 688
4736 689
8066 690
5815 691
11895 692
12706 693
2904 694
4286 695
10121 696
8445 697
1018 698
5238 699
8655 700
8288 701
1071 702
7244 703
4924 704
4179 705
10399 706
8654 707
1298 708
12164 709
7784 710
1976 711
6268 712
6142 713
12687 714
2138 715
300 716
1088 717
12873 718
2510 719
4576 720
5735 721
8959 722
685 723
2548 724
5052 725
3904 726
6813 727
11741 728
10303 729
1225 730
5418 731
5473 732
1943 733
8052 734
1204 735
2264 736
3312 737
7659 738
8679 739
3794 740
705 741
4395 742
10683 743
183 744
815 745
747 746
115 747
10626 748
5305 749
11387 750
3791 751
2410 752
6929 753
9265 754
5489 755
12248 756
12811 757
6371 758
11189 759
5062 760
3383 761
3750 762
2374 763
1220 764
7572 765
2540 766
9979 767
5553 768
2237 769
11652 770
4008 771
2092 772
3780 773
6429 774
7415 775
4239 776
2818 777
3588 778
5735 779
7071 780
5344 781
12909 782
1695 783
584 784
12329 785
9828 786
9986 787
12572 788
11217 789
12436 790
11247 791
12175 792
10908 793
8525 794
711 795
9883 796
2719 797
6779 798
606 799
9705 800
10529 801
2647 802
6796 803
10426 804
11481 805
2981 806
11065 807
9917 808
12711 809
3582 810
8449 811
5181 812
7766 813
9496 814
12466 815
9479 816
407 817
11850 818
8711 819
182 820
10157 821
7590 822
883 823
7383 824
9850 825
6609 826
11333 827
8185 828
2682 829
11783 830
9902 831
3986 832
5260 833
6662 834
2819 835
1226 836
8325 837
11363 838
12216 839
8529 840
7093 841
864 842
7201 843
2581 844
466 845
5753 846
11167 847
6633 848
1738 849
3345 850
11767 851
8660 852
10619 853
5200 854
8109 855
11556 856
3524 857
7630 858
2136 859
3861 860
11833 861
1590 862
4807 863
10694 864
7956 865
2875 866
12724 867
1344 868
9071 869
1792 870
12876 871
12719 872
10122 873
1294 874
8876 875
1343 876
762 877
2327 878
8439 879
6737 880
2137 881
12006 882
2626 883
12876 884
4980 885
6981 886
2646 887
8245 888
12187 889
2127 890
3825 891
9712 892
968 893
7107 894
12295 895
10313 896
6277 897
5849 898
7682 899
1896 900
1217 901
8202 902
1506 903
2847 904
5775 905
9371 906
5317 907
8263 908
11973 909
696 910
6444 911
10302 912
7259 913
2690 914
5904 915
9309 916
859 917
2622 918
5830 919
11040 920
1958 921
10052 922
5581 923
9151 924
7344 925
5028 926
3314 927
8542 928
9035 929
1710 930
8926 931
10280 932
37 933
6901 934
9795 935
2504 936
12810 937
6354 938
464 939
6376 940
4116 941
2719 942
5449 943
5820 944
4889 945
12509 946
10249 947
5308 948
10915 949
11172 950
8827 951
3425 952
10448 953
314 954
2118 955
7645 956
12313 957
7662 958
6480 959
12750 960
5371 961
11536 962
9630 963
6322 964
11255 965
5416 966
7597 967
5145 968
10360 969
12755 970
3174 971
11333 972
258 973
9150 974
8189 975
8886 976
4752 977
5070 978
11605 979
2858 980
4444 981
3832 982
12807 983
12342 984
7171 985
8830 986
5798 987
2837 988
1223 989
12325 990
10152 991
12435 992
11556 993
4265 994
7238 995
5285 996
11828 997
2932 998
9914 999
4487 1000
3991 1001
8068 1002
10367 1003
10459 1004
7988 1005
10982 1006
3004 1007
11315 1008
12774 1009
9925 1010
9775 1011
3963 1012
1793 1013
1617 1014
10483 1015
6171 1016
10842 1017
4350 1018
4241 1019
5619 1020
2181 1021
1019 1022
5130 1023
10179 1024
12688 1025
6499 1026
6864 1027
744 1028
10063 1029
1035 1030
2873 1031
5067 1032
2619 1033
9526 1034
1738 1035
8805 1036
1844 1037
7338 1038
6184 1039
2808 1040
4998 1041
5446 1042
12283 1043
236 1044
9016 1045
2121 1046
1373 1047
6303 1048
2898 1049
4010 1050
11344 1051
134 1052
9604 1053
2213 1054
11944 1055
6856 1056
11242 1057
4787 1058
8851 1059
2772 1060
361 1061
9995 1062
10576 1063
10758 1064
12670 1065
9013 1066
10232 1067
9516 1068
8428 1069
4610 1070
3008 1071
5170 1072
12745 1073
10895 1074
8189 1075
12032 1076
8931 1077
10667 1078
8083 1079
7364 1080
4382 1081
4870 1082
6974 1083
4660 1084
8833 1085
11065 1086
1461 1087
10031 1088
7540 1089
9098 1090
7648 1091
6498 1092
1363 1093
6230 1094
599 1095
5409 1096
4975 1097
1368 1098
8576 1099
1833 1100
9523 1101
6988 1102
5353 1103
2797 1104
4357 1105
3727 1106
10445 1107
10786 1108
5020 1109
3844 1110
11312 1111
8265 1112
4037 1113
11842 1114
11121 1115
4356 1116
3014 1117
1596 1118
250 1119
924 1120
1716 1121
8432 1122
12555 1123
1380 1124
3423 1125
4475 1126
10719 1127
2271 1128
13 1129
4851 1130
6449 1131
906 1132
4402 1133
1006 1134
5871 1135
8643 1136
11835 1137
1296 1138
4832 1139
3467 1140
10803 1141
10660 1142
11221 1143
1648 1144
6368 1145
4975 1146
854 1147
12113 1148
5656 1149
3735 1150
10979 1151
868 1152
11402 1153
10727 1154
8137 1155
8717 1156
5065 1157
10847 1158
1972 1159
6641 1160
3381 1161
1298 1162
9827 1163
5852 1164
10618 1165
4227 1166
755 1167
9642 1168
3350 1169
4367 1170
27 1171
11074 1172
11959 1173
2346 1174
6289 1175
3712 1176
3284 1177
1832 1178
3132 1179
6948 1180
5090 1181
7149 1182
1802 1183
9478 1184
133 1185
1125 1186
4193 1187
4558 1188
5890 1189
2818 1190
2824 1191
4234 1192
4656 1193
2447 1194
5567 1195
7810 1196
8322 1197
6876 1198
528 1199
9639 1200
7852 1201
11984 1202
12769 1203
5841 1204
4291 1205
4321 1206
8426 1207
5714 1208
4652 1209
4201 1210
12337 1211
5459 1212
5851 1213
11128 1214
5928 1215
6549 1216
3492 1217
6747 1218
10774 1219
7839 1220
5927 1221
8703 1222
6031 1223
11075 1224
3363 1225
11836 1226
10516 1227
3901 1228
6699 1229
9453 1230
665 1231
8421 1232
5476 1233
8756 1234
6392 1235
5047 1236
76 1237
4135 1238
43 1239
9257 1240
10982 1241
12839 1242
6526 1243
4618 1244
4078 1245
10841 1246
9002 1247
3521 1248
6421 1249
7951 1250
11688 1251
9652 1252
2393 1253
12348 1254
12363 1255
3794 1256
2846 1257
5293 1258
2956 1259
748 1260
3537 1261
10564 1262
5928 1263
5949 1264
8375 1265
6954 1266
4244 1267
11893 1268
6710 1269
4726 1270
8900 1271
10748 1272
1258 1273
2668 1274
10821 1275
10122 1276
12253 1277
4182 1278
7766 1279
3147 1280
8615 1281
1696 1282
11647 1283
6786 1284
875 1285
2997 1286
4364 1287
2318 1288
6462 1289
11740 1290
10041 1291
3022 1292
3127 1293
7100 1294
2476 1295
8782 1296
1998 1297
5715 1298
3714 1299
