1200 100
6480 0
8438 1
5326 2
7040 3
6723 4
11638 5
1254 6
2703 7
10442 8
3073 9
1021 10
11970 11
8289 12
3912 13
3464 14
2518 15
5171 16
3646 17
7338 18
3751 19
7781 20
7054 21
8433 22
5918 23
695 24
4272 25
8039 26
11775 27
6999 28
6353 29
4813 30
11414 31
734 32
7212 33
2373 34
9192 35
842 36
7030 37
5200 38
7641 39
6464 40
9661 41
5985 42
1239 43
9330 44
1060 45
8759 46
10935 47
2863 48
1756 49
10908 50
800 51
2591 52
3113 53
2453 54
7950 55
3953 56
2891 57
2179 58
9999 59
2449 60
7958 61
8149 62
8447 63
5725 64
10520 65
75 66
5130 67
8461 68
4316 69
856 70
9411 71
44 72
9700 73
1259 74
7284 75
5046 76
8368 77
1490 78
4743 79
6981 80
2548 81
4899 82
337 83
865 84
9329 85
2434 86
173 87
9564 88
2133 89
3455 90
6840 91
9140 92
11501 93
8118 94
8756 95
10021 96
6733 97
6782 98
1123 99
10549 100
11836 101
4285 102
7569 103
3388 104
137 105
9555 106
10829 107
9130 108
7162 109
10876 110
7514 111
1338 112
1398 113
3342 114
8439 115
11220 116
5836 117
9115 118
4522 119
4047 120
45 121
8948 122
1728 123
1698 124
1161 125
5442 126
792 127
6246 128
6607 129
1473 130
1388 131
9485 132
4805 133
11101 134
1149 135
5451 136
10465 137
1450 138
5752 139
567 140
8531 141
9819 142
6262 143
11318 144
3437 145
8139 146
8241 147
9807 148
7287 149
11749 150
1191 151
9110 152
9282 153
9144 154
8758 155
5893 156
10906 157
10979 158
2379 159
5626 160
4190 161
10264 162
6555 163
11645 164
7278 165
4853 166
3040 167
7495 168
1676 169
139 170
10883 171
11697 172
5538 173
788 174
3859 175
7795 176
4930 177
11371 178
1601 179
10670 180
267 181
4598 182
6605 183
7145 184
554 185
3623 186
1534 187
4333 188
1580 189
10855 190
2898 191
8870 192
9581 193
5062 194
4505 195
11595 196
11504 197
9983 198
9308 199
5639 200
437 201
4520 202
8177 203
9806 204
8876 205
11508 206
2382 207
7191 208
3053 209
5588 210
10615 211
2864 212
2674 213
8021 214
7499 215
7620 216
1173 217
4759 218
3739 219
11605 220
9686 221
6507 222
6999 223
8486 224
3655 225
11722 226
1842 227
2 228
11543 229
6889 230
664 231
2374 232
2683 233
1300 234
7628 235
3721 236
3585 237
11255 238
7358 239
5355 240
3508 241
9605 242
7432 243
8233 244
7584 245
55 246
10216 247
2808 248
11728 249
3926 250
1055 251
9720 252
7211 253
3950 254
8685 255
9405 256
7342 257
9228 258
9059 259
3591 260
6372 261
7565 262
2826 263
5936 264
7853 265
10536 266
2538 267
5237 268
4634 269
5650 270
1804 271
9513 272
6688 273
2622 274
83 275
10771 276
4325 277
1105 278
7370 279
136 280
3654 281
6394 282
11063 283
10105 284
4456 285
4958 286
1813 287
7296 288
464 289
6818 290
10931 291
11826 292
7119 293
9806 294
4854 295
4653 296
8051 297
5684 298
8777 299
3743 300
3805 301
10220 302
2698 303
4889 304
4331 305
8667 306
6827 307
5978 308
2254 309
8163 310
6537 311
8537 312
1269 313
3889 314
8852 315
3898 316
3253 317
9137 318
3563 319
6319 320
8756 321
4521 322
8353 323
3748 324
3468 325
7695 326
3593 327
8688 328
7096 329
8186 330
5437 331
4294 332
10167 333
10625 334
10155 335
4504 336
10834 337
4213 338
7441 339
9056 340
7156 341
7780 342
10795 343
5028 344
1091 345
7245 346
8322 347
6919 348
2658 349
5177 350
1858 351
644 352
1896 353
5359 354
5592 355
8246 356
8781 357
10221 358
10346 359
6608 360
3532 361
9000 362
3039 363
1137 364
6327 365
11912 366
2308 367
4947 368
1906 369
738 370
643 371
4784 372
1033 373
84 374
7373 375
6185 376
10270 377
66 378
8760 379
8952 380
11274 381
11048 382
7618 383
7927 384
6373 385
2019 386
3848 387
6900 388
5613 389
7187 390
8895 391
9074 392
6415 393
5257 394
4878 395
9225 396
2576 397
8171 398
3839 399
3296 400
11940 401
5874 402
1649 403
5404 404
10244 405
10435 406
3557 407
378 408
1359 409
11845 410
8168 411
2324 412
11755 413
3274 414
6693 415
1358 416
3567 417
8949 418
6352 419
10507 420
4694 421
3781 422
9391 423
781 424
10934 425
11621 426
11721 427
157 428
1517 429
1220 430
1404 431
9393 432
6675 433
7698 434
10093 435
5817 436
4132 437
2783 438
8292 439
1454 440
2362 441
4882 442
10587 443
10098 444
7052 445
6457 446
1499 447
1232 448
7276 449
4582 450
7694 451
9809 452
1318 453
320 454
11020 455
6783 456
10741 457
8455 458
3029 459
10883 460
6037 461
1456 462
3509 463
10572 464
7972 465
10163 466
413 467
10820 468
1403 469
1857 470
6781 471
10634 472
4535 473
91 474
2208 475
9200 476
6700 477
8180 478
4189 479
7245 480
11878 481
10204 482
935 483
3946 484
10800 485
8494 486
4970 487
3089 488
11727 489
11188 490
7794 491
4441 492
4302 493
3791 494
6497 495
37 496
208 497
6922 498
2865 499
1807 500
11941 501
3541 502
5476 503
5546 504
6204 505
224 506
5140 507
242 508
9351 509
4879 510
6925 511
65 512
186 513
1512 514
9154 515
10041 516
704 517
10953 518
2617 519
3443 520
5204 521
2442 522
8230 523
1690 524
6679 525
5356 526
3030 527
6170 528
9647 529
4126 530
11554 531
1139 532
9177 533
8060 534
3969 535
3147 536
8155 537
11959 538
2985 539
5223 540
5356 541
4320 542
8316 543
2059 544
2033 545
4093 546
1032 547
10874 548
4354 549
11861 550
7333 551
11225 552
6684 553
940 554
10263 555
6446 556
8567 557
5133 558
4625 559
5226 560
6184 561
7543 562
8385 563
5867 564
4543 565
11793 566
10779 567
11932 568
6367 569
6349 570
1841 571
7961 572
803 573
9179 574
5069 575
245 576
5322 577
6576 578
102 579
1841 580
2628 581
7563 582
3584 583
8041 584
3883 585
6326 586
564 587
2850 588
3977 589
10316 590
4234 591
7020 592
4668 593
1650 594
9520 595
5021 596
3358 597
9888 598
334 599
5679 600
10962 601
872 602
10430 603
5169 604
39 605
2722 606
1090 607
7920 608
3403 609
4325 610
8117 611
10558 612
2735 613
736 614
393 615
5747 616
2495 617
67 618
10631 619
5686 620
4771 621
11292 622
7113 623
6906 624
10120 625
942 626
773 627
7357 628
845 629
10231 630
1410 631
250 632
10503 633
1344 634
1269 635
5077 636
1798 637
5189 638
2096 639
5909 640
1072 641
6903 642
9751 643
6767 644
8594 645
9349 646
5019 647
4647 648
1942 649
11209 650
8594 651
8098 652
1201 653
2125 654
621 655
2863 656
3825 657
7949 658
7501 659
1896 660
5240 661
7585 662
7181 663
8622 664
3548 665
7958 666
3300 667
5083 668
6556 669
3501 670
8041 671
1942 672
4949 673
9061 674
5313 675
4779 676
10099 677
9173 678
7274 679
4527 680
8484 681
4535 682
1407 683
9255 684
10241 685
5914 686
2684 687
3528 688
7491 689
55 690
3957 691
7173 692
10375 693
1599 694
6859 695
5900 696
3981 697
4356 698
2052 699
10027 700
1680 701
5955 702
10733 703
5748 704
3182 705
9214 706
11991 707
1749 708
7739 709
894 710
4546 711
2484 712
5362 713
3802 714
1773 715
9208 716
8206 717
6205 718
3652 719
10611 720
9593 721
1160 722
8732 723
3338 724
8051 725
10598 726
1419 727
114 728
10799 729
4143 730
7432 731
1797 732
2774 733
5506 734
2437 735
10363 736
1131 737
1566 738
3628 739
8536 740
8640 741
2453 742
527 743
11516 744
8043 745
9876 746
4871 747
8425 748
1696 749
9358 750
4031 751
10756 752
2452 753
4065 754
4342 755
8192 756
1270 757
9503 758
10288 759
4722 760
4255 761
4718 762
10760 763
2021 764
4375 765
403 766
11178 767
908 768
1592 769
51 770
6745 771
6348 772
7960 773
4101 774
11679 775
11392 776
1552 777
9609 778
36 779
6069 780
2077 781
11857 782
7147 783
11211 784
5166 785
11679 786
10019 787
1849 788
11184 789
8770 790
10708 791
5207 792
1215 793
10919 794
6659 795
2012 796
4105 797
5479 798
6331 799
8347 800
8572 801
5467 802
4377 803
4561 804
11840 805
3624 806
5859 807
3513 808
9334 809
2083 810
9720 811
2418 812
13 813
1139 814
11814 815
5844 816
10301 817
9586 818
752 819
3440 820
7192 821
9587 822
2145 823
2061 824
10335 825
10284 826
9433 827
10223 828
3219 829
10032 830
7662 831
5953 832
3994 833
2214 834
6456 835
3810 836
11598 837
9834 838
10903 839
1996 840
872 841
4693 842
4605 843
3689 844
9085 845
1635 846
3002 847
5969 848
7184 849
8115 850
3580 851
6012 852
195 853
4680 854
9675 855
10547 856
4707 857
1787 858
8164 859
7863 860
744 861
10763 862
5595 863
7739 864
5761 865
6110 866
10002 867
8206 868
6988 869
10725 870
9876 871
383 872
592 873
5400 874
10584 875
8598 876
2420 877
4756 878
3458 879
8681 880
9939 881
7416 882
11354 883
984 884
9686 885
4268 886
4230 887
168 888
2528 889
6588 890
6648 891
7036 892
5705 893
10732 894
6574 895
5875 896
2433 897
6272 898
7541 899
6260 900
5758 901
4575 902
10939 903
5714 904
4175 905
4644 906
2497 907
11284 908
3448 909
8109 910
9665 911
5912 912
6760 913
9748 914
4946 915
7914 916
5787 917
3677 918
596 919
10018 920
10472 921
7020 922
3130 923
2257 924
9425 925
10160 926
4375 927
66 928
8996 929
2149 930
5321 931
9517 932
1315 933
4124 934
1914 935
9625 936
3284 937
7962 938
5231 939
10969 940
10037 941
10014 942
833 943
5973 944
10691 945
2821 946
544 947
440 948
44 949
2117 950
3438 951
10787 952
1195 953
6083 954
897 955
7392 956
2187 957
4970 958
7465 959
5131 960
8134 961
10117 962
377 963
8292 964
11936 965
6900 966
1216 967
4280 968
5599 969
9079 970
5400 971
11952 972
2136 973
6298 974
5010 975
4820 976
2014 977
11075 978
6433 979
260 980
4479 981
9471 982
11889 983
205 984
9190 985
9848 986
6997 987
4469 988
3935 989
10794 990
8427 991
3215 992
4436 993
2415 994
10360 995
5032 996
10626 997
1460 998
8573 999
5765 1000
4629 1001
7943 1002
5471 1003
3148 1004
6307 1005
6558 1006
11222 1007
8147 1008
472 1009
1953 1010
4905 1011
3537 1012
2243 1013
7022 1014
8250 1015
5793 1016
10814 1017
4486 1018
10326 1019
5977 1020
2227 1021
8920 1022
10737 1023
4018 1024
11935 1025
7154 1026
5881 1027
1765 1028
8239 1029
10246 1030
393 1031
4444 1032
3430 1033
1390 1034
9432 1035
7314 1036
3981 1037
2810 1038
5289 1039
8159 1040
9771 1041
10125 1042
9716 1043
11107 1044
7727 1045
8248 1046
8461 1047
7270 1048
2086 1049
8014 1050
6262 1051
7246 1052
885 1053
10399 1054
7844 1055
8995 1056
10363 1057
829 1058
8768 1059
7174 1060
3450 1061
112 1062
3642 1063
5675 1064
2281 1065
586 1066
9162 1067
11172 1068
8978 1069
2795 1070
9140 1071
3953 1072
3758 1073
10016 1074
4581 1075
9446 1076
1786 1077
2688 1078
11735 1079
4194 1080
5095 1081
9011 1082
744 1083
3386 1084
4940 1085
4080 1086
3933 1087
10279 1088
11298 1089
9692 1090
1795 1091
5786 1092
10885 1093
5809 1094
2416 1095
6227 1096
9020 1097
6034 1098
6547 1099
10103 1100
893 1101
8139 1102
7625 1103
11016 1104
7612 1105
2941 1106
7879 1107
7846 1108
9944 1109
2493 1110
10401 1111
2576 1112
9660 1113
8500 1114
11353 1115
5635 1116
5960 1117
6251 1118
4546 1119
592 1120
2340 1121
9951 1122
3499 1123
2401 1124
3883 1125
11519 1126
138 1127
4328 1128
7269 1129
9187 1130
11548 1131
4393 1132
5678 1133
6735 1134
7997 1135
9905 1136
6421 1137
4471 1138
1643 1139
2492 1140
8435 1141
330 1142
5255 1143
1281 1144
3030 1145
5595 1146
5412 1147
11858 1148
10997 1149
4187 1150
1961 1151
10446 1152
11999 1153
4742 1154
10952 1155
11016 1156
6266 1157
5918 1158
9773 1159
11842 1160
4637 1161
8792 1162
6987 1163
9548 1164
407 1165
5393 1166
2654 1167
10291 1168
4358 1169
11284 1170
659 1171
2126 1172
8877 1173
3429 1174
11574 1175
2239 1176
4915 1177
1518 1178
1863 1179
8465 1180
5617 1181
2204 1182
10133 1183
7354 1184
6950 1185
8167 1186
5791 1187
8396 1188
4062 1189
8182 1190
11941 1191
5829 1192
7134 1193
769 1194
9687 1195
11387 1196
10727 1197
558 1198
5206 1199
