1450 1400
8014 0
2562 1
10269 2
10120 3
2247 4
4951 5
10984 6
4121 7
4218 8
1738 9
7659 10
3770 11
3920 12
3052 13
3889 14
1939 15
12631 16
3309 17
8076 18
12878 19
2376 20
561 21
7063 22
13985 23
8813 24
6748 25
7938 26
8008 27
5515 28
3158 29
14111 30
1557 31
5160 32
3806 33
10347 34
12070 35
6121 36
548 37
5022 38
13627 39
13108 40
6954 41
1799 42
10319 43
6508 44
2361 45
5462 46
5595 47
4114 48
11062 49
14205 50
9085 51
4588 52
3680 53
4846 54
6928 55
13709 56
7034 57
9063 58
261 59
9868 60
1478 61
469 62
11825 63
8865 64
11690 65
3071 66
4323 67
986 68
5316 69
5961 70
7704 71
1804 72
1753 73
2605 74
4291 75
10338 76
6574 77
3977 78
8238 79
755 80
5639 81
13217 82
12932 83
1433 84
8504 85
3017 86
3111 87
5009 88
1818 89
12791 90
2427 91
5172 92
6852 93
7191 94
5760 95
10143 96
8132 97
7268 98
12339 99
7666 100
7134 101
10881 102
4226 103
5482 104
985 105
3919 106
4791 107
14053 108
304 109
12052 110
7708 111
1718 112
10452 113
6936 114
13741 115
14015 116
12067 117
7403 118
12103 119
3536 120
13027 121
11593 122
8526 123
1999 124
5386 125
4053 126
6675 127
226 128
657 129
46 130
13847 131
8518 132
10941 133
14298 134
13822 135
14373 136
4800 137
12831 138
2337 139
6082 140
10596 141
1671 142
2643 143
5599 144
8310 145
5970 146
800 147
11253 148
2953 149
1861 150
12131 151
7437 152
916 153
6795 154
13250 155
12335 156
4474 157
9295 158
4353 159
9284 160
34 161
6694 162
1756 163
5327 164
4148 165
12901 166
2317 167
5687 168
4199 169
6965 170
10224 171
12306 172
6006 173
9377 174
8131 175
11996 176
7647 177
1043 178
251 179
9100 180
3093 181
9698 182
8046 183
10953 184
11806 185
6616 186
761 187
914 188
12254 189
7132 190
6899 191
4361 192
14404 193
13537 194
11732 195
13843 196
4752 197
11419 198
9095 199
8830 200
5430 201
5876 202
12515 203
3243 204
471 205
10388 206
4229 207
3539 208
5316 209
3861 210
4639 211
7319 212
3508 213
12426 214
14494 215
9909 216
11130 217
6747 218
1011 219
12173 220
10366 221
7554 222
390 223
6768 224
6274 225
13898 226
6963 227
4774 228
13879 229
4428 230
3990 231
824 232
7603 233
8311 234
3112 235
12011 236
4624 237
7795 238
1959 239
11563 240
12026 241
13012 242
199 243
9557 244
1597 245
8606 246
3147 247
10127 248
12761 249
1941 250
14189 251
3616 252
13436 253
13973 254
14285 255
4164 256
13604 257
13248 258
5456 259
2004 260
2983 261
12047 262
1087 263
11762 264
7373 265
3607 266
13171 267
2209 268
11364 269
7372 270
12148 271
12805 272
10714 273
5208 274
51 275
10522 276
631 277
11637 278
6440 279
10995 280
11396 281
6399 282
11268 283
11984 284
1891 285
4647 286
14416 287
2 288
9273 289
3535 290
263 291
6918 292
1712 293
3832 294
9677 295
13190 296
3778 297
11844 298
1847 299
4445 300
14067 301
2608 302
3556 303
9185 304
3973 305
10843 306
853 307
1459 308
1456 309
13361 310
11061 311
11582 312
5002 313
7072 314
858 315
3161 316
4403 317
7204 318
4856 319
13292 320
10007 321
14151 322
6419 323
8807 324
12025 325
965 326
5178 327
12828 328
6543 329
7792 330
10518 331
2198 332
146 333
6532 334
11122 335
5941 336
9691 337
7998 338
3202 339
9097 340
5940 341
10768 342
1063 343
12390 344
8767 345
10366 346
4112 347
6779 348
12093 349
340 350
10788 351
1683 352
5647 353
14230 354
3097 355
11300 356
5326 357
13798 358
10692 359
12046 360
3715 361
13762 362
2224 363
3591 364
3959 365
6517 366
3879 367
14444 368
9814 369
7939 370
4188 371
12905 372
10689 373
11094 374
2049 375
12016 376
2782 377
3181 378
8102 379
5733 380
5448 381
11614 382
1303 383
989 384
10955 385
2623 386
13475 387
721 388
10899 389
1242 390
4785 391
9030 392
6129 393
7642 394
1469 395
8300 396
10000 397
11741 398
7772 399
8697 400
5605 401
2691 402
10849 403
12488 404
6528 405
5393 406
12613 407
6793 408
3108 409
13517 410
6327 411
12307 412
12131 413
10214 414
13350 415
12807 416
13173 417
2604 418
9732 419
11687 420
4344 421
8661 422
2163 423
13309 424
10483 425
13070 426
11952 427
3035 428
4365 429
7071 430
6236 431
13462 432
13064 433
3661 434
6029 435
8485 436
7322 437
4194 438
14334 439
12393 440
14166 441
11092 442
2941 443
2676 444
8419 445
6007 446
3123 447
8629 448
10929 449
1510 450
5340 451
9953 452
9294 453
554 454
2741 455
11114 456
12116 457
12269 458
3003 459
13196 460
11592 461
3514 462
9484 463
11544 464
11708 465
80 466
4617 467
3027 468
7277 469
4410 470
9417 471
2429 472
2167 473
6429 474
6500 475
7511 476
8887 477
14090 478
6106 479
2991 480
10503 481
2773 482
9096 483
1543 484
7189 485
6278 486
7625 487
11452 488
7552 489
36 490
7602 491
4465 492
14445 493
10411 494
5757 495
12813 496
2487 497
12225 498
1043 499
2306 500
8541 501
7494 502
5110 503
4123 504
4584 505
8970 506
14285 507
11665 508
721 509
3372 510
1386 511
10433 512
1525 513
8093 514
12288 515
3531 516
8426 517
10911 518
3803 519
11105 520
12391 521
3178 522
9623 523
5892 524
4138 525
1889 526
6906 527
2404 528
12808 529
10909 530
6111 531
14169 532
2327 533
11363 534
13334 535
3504 536
1057 537
10081 538
5487 539
13706 540
4218 541
4548 542
5026 543
9200 544
11359 545
6449 546
10420 547
12470 548
3684 549
12973 550
7062 551
14167 552
13557 553
2238 554
3864 555
13738 556
11462 557
10740 558
9321 559
13839 560
3198 561
2028 562
11659 563
3201 564
11375 565
7487 566
12287 567
12780 568
8069 569
6870 570
7568 571
14241 572
7020 573
9079 574
10038 575
5919 576
7381 577
8310 578
9507 579
4829 580
1204 581
7480 582
2086 583
2775 584
12619 585
279 586
9078 587
19 588
7459 589
13662 590
12163 591
10423 592
4067 593
4330 594
3687 595
2672 596
7955 597
212 598
12947 599
8294 600
6703 601
6534 602
4037 603
10506 604
9220 605
8314 606
2040 607
2449 608
7292 609
5275 610
7329 611
3888 612
6241 613
7532 614
2559 615
9086 616
2725 617
10202 618
10420 619
7641 620
7686 621
1487 622
14221 623
6747 624
5764 625
5182 626
7156 627
7595 628
13914 629
13993 630
789 631
13563 632
10945 633
7012 634
10709 635
1303 636
8695 637
8374 638
2086 639
8718 640
5558 641
14363 642
3189 643
11579 644
12411 645
7286 646
9156 647
561 648
1717 649
13574 650
4072 651
1073 652
7967 653
4108 654
5655 655
1901 656
4412 657
1 658
6891 659
3252 660
13166 661
9454 662
9503 663
799 664
11348 665
3771 666
4495 667
1249 668
7502 669
3147 670
1885 671
2523 672
10824 673
5492 674
8148 675
7577 676
10477 677
3351 678
8387 679
5572 680
13237 681
8331 682
5691 683
12630 684
3420 685
1694 686
7888 687
5511 688
1501 689
7298 690
5946 691
7949 692
11685 693
13648 694
5748 695
1879 696
190 697
12605 698
9751 699
3749 700
5577 701
2020 702
348 703
849 704
8787 705
12191 706
13123 707
736 708
12466 709
11896 710
8824 711
13216 712
2144 713
9774 714
2358 715
6105 716
3681 717
14298 718
13098 719
6679 720
8375 721
12554 722
10058 723
3659 724
12656 725
5277 726
7096 727
677 728
1290 729
9347 730
13172 731
10431 732
10495 733
8303 734
9856 735
5865 736
10725 737
384 738
6830 739
4913 740
8404 741
2619 742
12908 743
11798 744
10633 745
3988 746
6785 747
9901 748
2933 749
9270 750
10320 751
7320 752
10390 753
3431 754
7012 755
1145 756
5284 757
1781 758
10859 759
2737 760
3135 761
1221 762
1235 763
931 764
3991 765
11466 766
3510 767
9363 768
12328 769
4882 770
10706 771
10578 772
615 773
7898 774
6106 775
215 776
9640 777
3563 778
10861 779
4069 780
4792 781
10769 782
4135 783
9865 784
8241 785
8208 786
2895 787
6172 788
7016 789
896 790
7852 791
8482 792
2620 793
6586 794
2907 795
2147 796
14187 797
13524 798
14060 799
11123 800
2614 801
13102 802
5239 803
7184 804
14309 805
4689 806
7498 807
14496 808
2732 809
12919 810
9662 811
7016 812
10614 813
13211 814
9916 815
4971 816
854 817
3360 818
3889 819
9453 820
732 821
8581 822
1912 823
3134 824
833 825
6410 826
7859 827
1989 828
266 829
4320 830
4419 831
12965 832
3133 833
13724 834
7094 835
4526 836
7157 837
9971 838
4304 839
12812 840
7306 841
6672 842
8895 843
1485 844
37 845
5025 846
10479 847
11861 848
4074 849
13543 850
6954 851
10551 852
8633 853
1042 854
1653 855
6291 856
1992 857
4111 858
8152 859
10287 860
3709 861
13474 862
7970 863
11101 864
13397 865
12458 866
10149 867
12240 868
8096 869
13457 870
8335 871
2682 872
6406 873
1141 874
10748 875
11464 876
14184 877
2616 878
3558 879
14356 880
789 881
6587 882
2180 883
10850 884
13711 885
5338 886
9883 887
5140 888
13557 889
7165 890
5456 891
13236 892
10295 893
2414 894
9689 895
8481 896
5257 897
13256 898
14343 899
10248 900
5986 901
13988 902
1365 903
11261 904
7203 905
4945 906
12734 907
86 908
276 909
12936 910
8272 911
2010 912
7807 913
7814 914
10636 915
14275 916
317 917
13345 918
10520 919
7857 920
6077 921
1434 922
10203 923
13428 924
12765 925
11171 926
1941 927
9942 928
9406 929
6178 930
3288 931
14165 932
8627 933
9956 934
5055 935
11778 936
8467 937
2566 938
7482 939
10524 940
11659 941
4505 942
9106 943
12001 944
12773 945
3394 946
12699 947
6938 948
7688 949
7519 950
6481 951
6988 952
3127 953
7221 954
468 955
2656 956
4010 957
4953 958
9527 959
13686 960
1812 961
3786 962
1956 963
13533 964
8767 965
4906 966
1011 967
11940 968
3805 969
5523 970
10171 971
5366 972
9903 973
3497 974
713 975
1184 976
10727 977
9336 978
13597 979
11032 980
8004 981
11717 982
5103 983
2889 984
7343 985
8359 986
10997 987
10954 988
1602 989
4904 990
10933 991
424 992
7441 993
3688 994
6419 995
2288 996
5032 997
8504 998
8409 999
7084 1000
4825 1001
4907 1002
5018 1003
8431 1004
6073 1005
1663 1006
4248 1007
13759 1008
12569 1009
1663 1010
10121 1011
10314 1012
14406 1013
12834 1014
10806 1015
8829 1016
1622 1017
13892 1018
13802 1019
6212 1020
5980 1021
8984 1022
7142 1023
8939 1024
200 1025
10205 1026
5327 1027
4933 1028
8645 1029
6302 1030
10096 1031
1665 1032
8969 1033
1830 1034
6740 1035
1953 1036
13641 1037
611 1038
3535 1039
1757 1040
8137 1041
9673 1042
11419 1043
2140 1044
4810 1045
1239 1046
13817 1047
6631 1048
2226 1049
1595 1050
7728 1051
6586 1052
13011 1053
10418 1054
1138 1055
1266 1056
14231 1057
14443 1058
468 1059
8259 1060
9700 1061
8866 1062
1983 1063
4287 1064
3174 1065
10080 1066
13771 1067
9527 1068
11855 1069
10330 1070
3198 1071
6933 1072
10650 1073
12721 1074
8849 1075
706 1076
9678 1077
6042 1078
2658 1079
9490 1080
13939 1081
131 1082
9163 1083
3222 1084
999 1085
9055 1086
9657 1087
10480 1088
1652 1089
10870 1090
8173 1091
4947 1092
3783 1093
12594 1094
9969 1095
82 1096
1653 1097
1656 1098
2805 1099
783 1100
13594 1101
2293 1102
12161 1103
12363 1104
371 1105
4815 1106
4615 1107
9507 1108
13362 1109
11551 1110
6410 1111
11245 1112
4551 1113
965 1114
3095 1115
1535 1116
4084 1117
7496 1118
2787 1119
1491 1120
7450 1121
1556 1122
9491 1123
4332 1124
9515 1125
8218 1126
6351 1127
4937 1128
11733 1129
482 1130
11404 1131
2760 1132
12384 1133
9831 1134
1006 1135
11844 1136
12195 1137
4787 1138
1300 1139
2588 1140
2026 1141
12841 1142
11790 1143
804 1144
631 1145
6821 1146
10642 1147
7341 1148
11650 1149
2993 1150
8848 1151
11359 1152
3942 1153
3515 1154
3706 1155
7477 1156
13691 1157
7731 1158
11643 1159
13340 1160
524 1161
10242 1162
14158 1163
4557 1164
5408 1165
8107 1166
728 1167
7313 1168
2642 1169
6725 1170
5811 1171
3518 1172
13861 1173
13613 1174
4561 1175
6469 1176
11903 1177
902 1178
949 1179
6842 1180
8121 1181
9496 1182
6658 1183
568 1184
12877 1185
8960 1186
2333 1187
136 1188
9990 1189
3947 1190
10501 1191
6763 1192
5185 1193
14406 1194
5093 1195
7077 1196
1696 1197
10719 1198
3458 1199
9590 1200
3400 1201
2593 1202
4465 1203
13455 1204
1331 1205
6657 1206
1031 1207
9326 1208
10289 1209
6783 1210
11637 1211
13096 1212
6240 1213
19 1214
12023 1215
8192 1216
14254 1217
166 1218
8327 1219
10204 1220
13213 1221
5451 1222
9331 1223
7699 1224
9158 1225
1653 1226
2624 1227
8995 1228
12267 1229
4811 1230
9880 1231
14278 1232
9456 1233
12064 1234
3039 1235
11925 1236
9324 1237
4594 1238
12862 1239
2051 1240
11495 1241
7360 1242
8380 1243
11892 1244
4768 1245
11315 1246
9866 1247
6647 1248
5321 1249
2515 1250
11784 1251
8959 1252
11748 1253
4637 1254
6546 1255
11721 1256
5437 1257
119 1258
13214 1259
7948 1260
3565 1261
11785 1262
12985 1263
2270 1264
6854 1265
8857 1266
7519 1267
10416 1268
11807 1269
14074 1270
9655 1271
3650 1272
13752 1273
8452 1274
13313 1275
13264 1276
378 1277
1434 1278
10582 1279
2012 1280
14208 1281
10203 1282
4149 1283
3694 1284
6883 1285
4623 1286
2952 1287
3707 1288
10573 1289
5514 1290
3052 1291
7016 1292
7065 1293
10521 1294
1332 1295
4916 1296
90 1297
7414 1298
4765 1299
10908 1300
6831 1301
4716 1302
10176 1303
14142 1304
11148 1305
12224 1306
5069 1307
2982 1308
2329 1309
9597 1310
7346 1311
13995 1312
7301 1313
5372 1314
1862 1315
3530 1316
11318 1317
9634 1318
9305 1319
5954 1320
1912 1321
9419 1322
2980 1323
3508 1324
12981 1325
2871 1326
10298 1327
9454 1328
4357 1329
5668 1330
1758 1331
11352 1332
11094 1333
5730 1334
2449 1335
10907 1336
2119 1337
5293 1338
11847 1339
4808 1340
13865 1341
4851 1342
6947 1343
2063 1344
6535 1345
2542 1346
13966 1347
12172 1348
2791 1349
10004 1350
9835 1351
9062 1352
6435 1353
7076 1354
10986 1355
10055 1356
6039 1357
14035 1358
5331 1359
11008 1360
10378 1361
14180 1362
12743 1363
4702 1364
1441 1365
6076 1366
182 1367
5479 1368
12616 1369
7626 1370
8282 1371
5426 1372
13058 1373
10211 1374
84 1375
2464 1376
4158 1377
12207 1378
2380 1379
1004 1380
6969 1381
10777 1382
3106 1383
7312 1384
7974 1385
11655 1386
406 1387
2994 1388
6952 1389
3785 1390
7644 1391
13004 1392
13418 1393
12100 1394
4639 1395
6974 1396
10560 1397
10932 1398
6073 1399
6851 1400
5897 1401
6461 1402
4367 1403
11743 1404
4562 1405
12308 1406
8742 1407
12064 1408
1627 1409
1436 1410
12346 1411
4870 1412
810 1413
4960 1414
11537 1415
1559 1416
488 1417
1750 1418
6055 1419
11351 1420
4568 1421
1424 1422
6007 1423
13232 1424
6495 1425
6890 1426
12722 1427
1531 1428
425 1429
8804 1430
13067 1431
7004 1432
4149 1433
6310 1434
13847 1435
6362 1436
6779 1437
6362 1438
11058 1439
1010 1440
11941 1441
1498 1442
8024 1443
12458 1444
13163 1445
14127 1446
7249 1447
4645 1448
9958 1449
