1650 350
911 0
4975 1
8647 2
11280 3
8423 4
14059 5
2235 6
13921 7
7466 8
4307 9
10481 10
10429 11
6292 12
2425 13
7707 14
12135 15
478 16
7130 17
11830 18
3585 19
1152 20
10726 21
6969 22
11222 23
7001 24
9385 25
6905 26
7006 27
3777 28
4437 29
826 30
12275 31
2441 32
6558 33
16246 34
5244 35
12655 36
7255 37
3740 38
15269 39
11827 40
11038 41
7879 42
10342 43
1600 44
1757 45
13083 46
12854 47
373 48
450 49
77 50
12389 51
12297 52
12899 53
11962 54
3688 55
15117 56
4888 57
1003 58
14106 59
8084 60
12421 61
5665 62
817 63
12558 64
15444 65
15279 66
8292 67
4049 68
2647 69
14451 70
4037 71
5114 72
13093 73
13998 74
2627 75
7207 76
800 77
3744 78
12331 79
3133 80
11001 81
9644 82
13731 83
14492 84
7416 85
2706 86
9090 87
5980 88
8421 89
12622 90
15919 91
15328 92
12361 93
12611 94
1825 95
13304 96
5726 97
3344 98
13181 99
13436 100
4441 101
9613 102
7751 103
9033 104
14891 105
9591 106
10502 107
12479 108
3731 109
8691 110
6724 111
8347 112
11686 113
10521 114
14197 115
6414 116
10195 117
5914 118
6188 119
6897 120
12085 121
12798 122
13076 123
7868 124
9831 125
9977 126
5708 127
8938 128
7404 129
9628 130
1865 131
4846 132
4078 133
4396 134
8787 135
12924 136
8035 137
11434 138
4234 139
2737 140
1265 141
13818 142
1561 143
3614 144
8478 145
7973 146
3840 147
7703 148
11549 149
9714 150
2284 151
12245 152
9965 153
7168 154
2536 155
954 156
9669 157
2620 158
13367 159
7266 160
15421 161
13248 162
9857 163
2783 164
14995 165
4692 166
11823 167
2980 168
9198 169
5626 170
2584 171
4203 172
16328 173
2752 174
5658 175
7807 176
9750 177
8630 178
7307 179
14169 180
16041 181
13041 182
2853 183
10546 184
13920 185
16292 186
6490 187
491 188
5773 189
2774 190
333 191
12562 192
5273 193
14025 194
9218 195
15567 196
14460 197
5195 198
6960 199
14911 200
8880 201
15234 202
10322 203
9744 204
10846 205
11378 206
10539 207
2785 208
14927 209
14178 210
3520 211
3542 212
8594 213
1016 214
5261 215
11567 216
7572 217
15786 218
10959 219
7855 220
3337 221
601 222
1180 223
8626 224
203 225
11110 226
9897 227
11573 228
8076 229
2937 230
16191 231
15305 232
3899 233
2676 234
13008 235
14810 236
16416 237
13942 238
8265 239
11144 240
11983 241
960 242
7365 243
6804 244
13008 245
3537 246
11744 247
15781 248
11833 249
414 250
6155 251
4089 252
3600 253
15669 254
994 255
7591 256
11079 257
14716 258
6903 259
13280 260
2915 261
8493 262
3453 263
3293 264
15072 265
10570 266
13141 267
4437 268
7365 269
3772 270
4082 271
12606 272
6626 273
13754 274
3220 275
9662 276
15530 277
16006 278
4582 279
12587 280
15159 281
13098 282
3020 283
1017 284
10934 285
10879 286
14959 287
7661 288
16074 289
802 290
11592 291
15512 292
8096 293
10737 294
14760 295
12615 296
15173 297
2395 298
16223 299
11769 300
10219 301
14186 302
1629 303
10535 304
14528 305
11142 306
6621 307
8913 308
6189 309
14509 310
334 311
3581 312
14064 313
9983 314
11810 315
10748 316
1879 317
4494 318
8800 319
8201 320
4994 321
5992 322
7291 323
8693 324
1999 325
10081 326
14190 327
9029 328
4385 329
1415 330
16247 331
4382 332
7813 333
3231 334
15609 335
14201 336
5853 337
13858 338
16359 339
12048 340
10469 341
8254 342
2008 343
12801 344
9591 345
16004 346
4717 347
7687 348
4609 349
7496 350
283 351
3621 352
1025 353
465 354
9183 355
13260 356
1169 357
93 358
4918 359
7132 360
14595 361
6359 362
11550 363
12530 364
1715 365
2554 366
16006 367
15325 368
12422 369
8987 370
14433 371
5476 372
6810 373
6746 374
12164 375
11281 376
7770 377
3853 378
510 379
1713 380
5464 381
10924 382
15696 383
351 384
9193 385
10822 386
11070 387
5821 388
5583 389
11398 390
12178 391
5579 392
3885 393
6265 394
12253 395
14082 396
13015 397
10072 398
4625 399
4377 400
10425 401
7033 402
9517 403
2553 404
6438 405
11025 406
1674 407
2666 408
3518 409
3713 410
7652 411
11122 412
7491 413
7906 414
4932 415
9264 416
4164 417
327 418
14126 419
4691 420
9196 421
1993 422
7991 423
11297 424
11875 425
7833 426
1649 427
11801 428
315 429
3510 430
10258 431
15598 432
15043 433
916 434
150 435
11214 436
3392 437
14794 438
8014 439
8578 440
7918 441
10161 442
16392 443
15845 444
8724 445
15459 446
13364 447
5810 448
13375 449
7809 450
9536 451
3754 452
9811 453
1619 454
11550 455
15293 456
14547 457
767 458
464 459
7825 460
10258 461
1840 462
12224 463
4393 464
10804 465
14144 466
13461 467
7546 468
4180 469
5654 470
14273 471
5290 472
531 473
833 474
1066 475
4281 476
16433 477
4458 478
9191 479
14461 480
11532 481
4276 482
12338 483
13338 484
8057 485
12343 486
6105 487
10253 488
5115 489
12548 490
12799 491
15216 492
4525 493
7620 494
9638 495
14547 496
15288 497
636 498
10844 499
10528 500
13681 501
5380 502
5232 503
8035 504
11800 505
9834 506
9641 507
977 508
7518 509
11927 510
14238 511
9381 512
8724 513
12650 514
4447 515
12449 516
9187 517
10537 518
3612 519
7415 520
894 521
7439 522
787 523
10545 524
12221 525
12614 526
8380 527
12213 528
1486 529
14581 530
9266 531
13170 532
6988 533
8562 534
4401 535
15838 536
8414 537
863 538
15691 539
11532 540
736 541
12119 542
12158 543
4032 544
15567 545
4492 546
654 547
5393 548
8398 549
6625 550
12010 551
12533 552
14005 553
14208 554
1688 555
4380 556
1189 557
10865 558
11268 559
2039 560
6824 561
15971 562
10155 563
16206 564
4391 565
16195 566
10521 567
7274 568
333 569
9985 570
8094 571
10832 572
8696 573
12592 574
2890 575
5620 576
12594 577
8792 578
15114 579
14230 580
15728 581
13213 582
12355 583
9248 584
15966 585
13518 586
5997 587
13759 588
11372 589
13673 590
8025 591
4454 592
15819 593
11684 594
13456 595
15264 596
15368 597
1954 598
7089 599
6902 600
483 601
4775 602
7204 603
16363 604
5851 605
7505 606
11773 607
1126 608
11542 609
1756 610
1801 611
15673 612
15015 613
13129 614
2737 615
1571 616
13747 617
15272 618
10893 619
10718 620
3845 621
15587 622
7148 623
13227 624
4202 625
1257 626
7645 627
13306 628
703 629
10338 630
14563 631
766 632
13927 633
14973 634
14157 635
12910 636
8418 637
11172 638
7775 639
770 640
16033 641
3032 642
1701 643
6798 644
11323 645
7400 646
4207 647
12709 648
2025 649
5092 650
3716 651
9718 652
9153 653
12189 654
14372 655
5122 656
770 657
13787 658
5613 659
9331 660
4401 661
3247 662
13466 663
378 664
5016 665
1999 666
15641 667
6112 668
16306 669
9570 670
8501 671
14949 672
4607 673
2775 674
10578 675
590 676
16378 677
10496 678
6446 679
15232 680
4835 681
1494 682
16110 683
16158 684
3201 685
13935 686
5953 687
4744 688
12264 689
2936 690
1529 691
824 692
7095 693
1084 694
16099 695
15906 696
3606 697
8915 698
9191 699
1580 700
5334 701
12232 702
1108 703
3666 704
3742 705
12919 706
16205 707
4172 708
12655 709
5807 710
836 711
4394 712
1676 713
1434 714
16156 715
1424 716
7233 717
9414 718
3054 719
12862 720
15858 721
11099 722
7140 723
9570 724
1477 725
523 726
13790 727
11039 728
5703 729
14391 730
2062 731
10603 732
3862 733
14795 734
2876 735
7895 736
1426 737
9259 738
11173 739
6068 740
3760 741
12181 742
6982 743
442 744
2808 745
1328 746
1527 747
5604 748
15537 749
9649 750
1690 751
13109 752
1677 753
13243 754
4756 755
15583 756
10592 757
3164 758
10066 759
3624 760
13475 761
1534 762
6227 763
10149 764
956 765
12803 766
9084 767
5080 768
4289 769
15828 770
8010 771
5552 772
13151 773
6739 774
8720 775
4968 776
3385 777
10998 778
5988 779
11181 780
11834 781
11508 782
5671 783
1752 784
9022 785
1454 786
8034 787
14454 788
8793 789
9358 790
10666 791
915 792
10512 793
2978 794
12761 795
12431 796
13780 797
5035 798
14014 799
4111 800
1453 801
10465 802
16444 803
7230 804
9558 805
3617 806
15373 807
8572 808
6276 809
9715 810
11894 811
9869 812
16149 813
12040 814
5428 815
4124 816
1605 817
11315 818
73 819
10433 820
3917 821
3949 822
5103 823
9186 824
10082 825
9273 826
1825 827
11748 828
9359 829
10584 830
16154 831
2435 832
11341 833
7123 834
5274 835
7422 836
10465 837
10600 838
9920 839
3783 840
5201 841
15539 842
11779 843
3637 844
5020 845
15557 846
13803 847
3250 848
1686 849
9735 850
13390 851
9484 852
9009 853
14358 854
12133 855
1539 856
2940 857
3153 858
9238 859
8185 860
15209 861
7498 862
1248 863
6686 864
11077 865
2414 866
2134 867
116 868
891 869
6364 870
161 871
15182 872
10855 873
853 874
13128 875
8568 876
5634 877
16176 878
2086 879
4247 880
11375 881
7147 882
16185 883
2724 884
3911 885
8246 886
8642 887
5040 888
9720 889
15922 890
14565 891
9062 892
5353 893
10130 894
6190 895
11945 896
14182 897
11332 898
54 899
599 900
2175 901
13976 902
5965 903
1500 904
9592 905
1002 906
1476 907
31 908
15313 909
1441 910
9403 911
14638 912
14232 913
12291 914
14334 915
5896 916
3138 917
3137 918
2963 919
11172 920
6858 921
14823 922
10364 923
14107 924
2401 925
11016 926
13219 927
3977 928
2532 929
15752 930
11026 931
6286 932
7240 933
14051 934
12640 935
15648 936
4706 937
12509 938
13252 939
4998 940
474 941
10523 942
10615 943
15256 944
15895 945
9994 946
2686 947
11877 948
5833 949
16108 950
7977 951
944 952
696 953
4342 954
4992 955
11968 956
8819 957
2019 958
965 959
11868 960
12076 961
7279 962
13747 963
11765 964
4173 965
3340 966
13637 967
14321 968
6760 969
15550 970
10094 971
16198 972
11941 973
1871 974
14967 975
10043 976
12553 977
10357 978
1549 979
14975 980
3747 981
4567 982
6860 983
6336 984
13893 985
12477 986
16429 987
8250 988
6858 989
1995 990
10283 991
7413 992
13407 993
2060 994
6020 995
8376 996
9292 997
1819 998
2157 999
10173 1000
15240 1001
234 1002
12135 1003
15659 1004
12155 1005
6844 1006
15971 1007
7339 1008
3023 1009
262 1010
3595 1011
9855 1012
10066 1013
14115 1014
7330 1015
7865 1016
15400 1017
5193 1018
86 1019
10521 1020
8964 1021
13769 1022
16338 1023
15172 1024
11119 1025
10172 1026
6329 1027
2188 1028
10572 1029
9521 1030
12373 1031
6727 1032
1661 1033
10546 1034
5044 1035
7572 1036
16126 1037
16421 1038
80 1039
2015 1040
2539 1041
10109 1042
6147 1043
5806 1044
7961 1045
10960 1046
13733 1047
2129 1048
9459 1049
16229 1050
12334 1051
3855 1052
12851 1053
11272 1054
8490 1055
10035 1056
10179 1057
3591 1058
6772 1059
13754 1060
14689 1061
7566 1062
13188 1063
8811 1064
697 1065
14231 1066
14098 1067
409 1068
14886 1069
14436 1070
12642 1071
11574 1072
9776 1073
10591 1074
3848 1075
8709 1076
6806 1077
1908 1078
1230 1079
1696 1080
831 1081
11242 1082
5801 1083
1398 1084
5372 1085
3076 1086
5007 1087
16100 1088
2963 1089
4000 1090
9760 1091
13021 1092
2389 1093
15060 1094
9405 1095
4713 1096
1547 1097
9117 1098
2399 1099
9404 1100
8761 1101
9858 1102
6125 1103
10015 1104
4102 1105
6197 1106
1661 1107
3738 1108
3481 1109
12869 1110
15582 1111
229 1112
9929 1113
10381 1114
12924 1115
14214 1116
178 1117
9059 1118
8941 1119
6856 1120
12901 1121
4964 1122
11847 1123
4071 1124
1001 1125
9277 1126
10071 1127
14069 1128
10189 1129
4827 1130
3843 1131
1156 1132
14081 1133
2519 1134
1106 1135
15588 1136
11128 1137
7189 1138
862 1139
5435 1140
11901 1141
1709 1142
332 1143
8017 1144
5014 1145
9811 1146
3734 1147
16047 1148
15218 1149
4315 1150
14901 1151
1075 1152
11260 1153
4953 1154
4144 1155
1679 1156
925 1157
14260 1158
33 1159
1594 1160
14723 1161
2557 1162
1964 1163
9874 1164
8706 1165
15835 1166
9652 1167
5508 1168
8895 1169
16480 1170
2510 1171
10857 1172
11843 1173
1839 1174
10886 1175
4141 1176
1103 1177
11961 1178
12417 1179
16338 1180
14049 1181
13635 1182
9990 1183
8495 1184
7876 1185
6530 1186
2273 1187
4648 1188
4397 1189
10708 1190
5435 1191
13088 1192
1292 1193
8920 1194
10612 1195
2488 1196
13784 1197
3369 1198
11995 1199
14814 1200
4726 1201
3621 1202
785 1203
610 1204
7616 1205
12344 1206
13758 1207
9103 1208
6800 1209
14749 1210
3957 1211
13369 1212
12204 1213
615 1214
323 1215
7913 1216
13010 1217
12958 1218
9222 1219
207 1220
15690 1221
7387 1222
9126 1223
9026 1224
7432 1225
4123 1226
1025 1227
5822 1228
1487 1229
1004 1230
2554 1231
3210 1232
12506 1233
12047 1234
4051 1235
7194 1236
5914 1237
4218 1238
5566 1239
2422 1240
4648 1241
8111 1242
8542 1243
290 1244
6264 1245
10944 1246
698 1247
7246 1248
3045 1249
9556 1250
5837 1251
6787 1252
4612 1253
1592 1254
11630 1255
1558 1256
8349 1257
15686 1258
7926 1259
7664 1260
15349 1261
10538 1262
11740 1263
3563 1264
12085 1265
11337 1266
13616 1267
185 1268
1516 1269
12942 1270
11910 1271
6138 1272
3921 1273
11893 1274
11340 1275
12782 1276
9176 1277
12412 1278
7356 1279
1554 1280
4283 1281
2560 1282
10087 1283
9872 1284
13693 1285
6015 1286
3581 1287
4396 1288
11656 1289
8942 1290
12160 1291
3837 1292
3726 1293
2093 1294
1719 1295
9688 1296
169 1297
4939 1298
4383 1299
7081 1300
5160 1301
12572 1302
16490 1303
14857 1304
1829 1305
468 1306
7646 1307
15870 1308
13649 1309
7289 1310
5236 1311
6388 1312
4484 1313
2447 1314
10189 1315
4154 1316
723 1317
8607 1318
1400 1319
9648 1320
15323 1321
3649 1322
13781 1323
809 1324
5849 1325
15920 1326
3961 1327
3752 1328
727 1329
10033 1330
15082 1331
11737 1332
8057 1333
3487 1334
14366 1335
10484 1336
13685 1337
360 1338
8898 1339
687 1340
2775 1341
694 1342
11217 1343
16275 1344
6557 1345
16491 1346
7388 1347
6448 1348
8389 1349
526 1350
1833 1351
5639 1352
14597 1353
11437 1354
12028 1355
2957 1356
9324 1357
12463 1358
7109 1359
12701 1360
7751 1361
12046 1362
13737 1363
7479 1364
402 1365
14908 1366
427 1367
124 1368
9819 1369
11671 1370
5767 1371
13916 1372
321 1373
14090 1374
13915 1375
12833 1376
14726 1377
5807 1378
8814 1379
4900 1380
2824 1381
2650 1382
8958 1383
10336 1384
2430 1385
4195 1386
6778 1387
5560 1388
4242 1389
15699 1390
7038 1391
10552 1392
14292 1393
10862 1394
3886 1395
3749 1396
14775 1397
9141 1398
1257 1399
10650 1400
4915 1401
15446 1402
227 1403
2777 1404
9866 1405
2488 1406
11996 1407
9339 1408
13724 1409
1914 1410
12783 1411
498 1412
6748 1413
9723 1414
16128 1415
7120 1416
14574 1417
9944 1418
2212 1419
14085 1420
544 1421
1428 1422
15241 1423
1243 1424
2103 1425
768 1426
11596 1427
12761 1428
3880 1429
7778 1430
11153 1431
1812 1432
15711 1433
12974 1434
1264 1435
3278 1436
4557 1437
12327 1438
10574 1439
6498 1440
3030 1441
13588 1442
11446 1443
9547 1444
368 1445
10028 1446
10388 1447
1587 1448
8981 1449
787 1450
3879 1451
2951 1452
14468 1453
9606 1454
795 1455
2111 1456
2117 1457
9716 1458
2094 1459
14199 1460
8302 1461
11026 1462
4367 1463
1247 1464
8301 1465
12209 1466
12923 1467
11059 1468
8317 1469
16477 1470
7830 1471
374 1472
15519 1473
1237 1474
9646 1475
6230 1476
6880 1477
3264 1478
5070 1479
3773 1480
13821 1481
5390 1482
7504 1483
13330 1484
6808 1485
9244 1486
5518 1487
5553 1488
3164 1489
650 1490
13024 1491
8538 1492
2497 1493
11769 1494
4329 1495
9776 1496
14746 1497
9276 1498
15653 1499
6433 1500
260 1501
2444 1502
10768 1503
230 1504
12605 1505
2064 1506
14602 1507
4389 1508
11723 1509
12700 1510
6077 1511
12640 1512
10869 1513
6534 1514
13151 1515
15004 1516
2448 1517
1034 1518
4687 1519
2782 1520
3480 1521
14313 1522
2542 1523
6826 1524
13052 1525
8742 1526
12521 1527
5166 1528
4230 1529
5257 1530
15638 1531
722 1532
9084 1533
4918 1534
16023 1535
5838 1536
2946 1537
4606 1538
9541 1539
2705 1540
14481 1541
1131 1542
5559 1543
6677 1544
589 1545
14798 1546
5624 1547
11185 1548
690 1549
5602 1550
1704 1551
10931 1552
4950 1553
14468 1554
630 1555
5970 1556
7990 1557
15257 1558
2124 1559
12700 1560
12601 1561
3280 1562
7812 1563
2817 1564
3712 1565
4445 1566
13557 1567
10191 1568
6640 1569
2247 1570
3411 1571
14313 1572
7723 1573
9394 1574
14822 1575
2931 1576
7330 1577
12959 1578
10853 1579
13196 1580
12418 1581
16412 1582
7901 1583
4239 1584
8233 1585
3528 1586
6172 1587
6570 1588
1290 1589
13034 1590
6980 1591
11415 1592
3027 1593
1850 1594
15705 1595
6792 1596
15109 1597
8468 1598
509 1599
6193 1600
7632 1601
4084 1602
16444 1603
15405 1604
10416 1605
6864 1606
5900 1607
15644 1608
14933 1609
11579 1610
12064 1611
16424 1612
13106 1613
322 1614
4584 1615
15496 1616
14888 1617
2356 1618
7967 1619
3541 1620
876 1621
2344 1622
3734 1623
4471 1624
7469 1625
7730 1626
14694 1627
8284 1628
9999 1629
9683 1630
2969 1631
5374 1632
13043 1633
1053 1634
2753 1635
8135 1636
11018 1637
13945 1638
7755 1639
15597 1640
6748 1641
14522 1642
12438 1643
3796 1644
15607 1645
6531 1646
1726 1647
7623 1648
13825 1649
