150 950
1440 0
916 1
823 2
831 3
1229 4
1439 5
200 6
157 7
683 8
190 9
564 10
793 11
898 12
630 13
600 14
596 15
496 16
740 17
257 18
1066 19
687 20
48 21
55 22
200 23
671 24
567 25
61 26
1436 27
1289 28
334 29
1413 30
722 31
977 32
982 33
433 34
921 35
364 36
436 37
956 38
1106 39
785 40
626 41
462 42
694 43
510 44
1203 45
244 46
433 47
426 48
1345 49
948 50
643 51
570 52
150 53
327 54
1055 55
455 56
646 57
1327 58
755 59
1349 60
582 61
1124 62
832 63
264 64
1101 65
701 66
894 67
239 68
1174 69
771 70
857 71
968 72
996 73
1305 74
117 75
525 76
43 77
1492 78
639 79
847 80
19 81
275 82
5 83
1463 84
1026 85
503 86
237 87
1476 88
375 89
920 90
170 91
1042 92
742 93
230 94
878 95
1240 96
203 97
32 98
1342 99
401 100
1269 101
470 102
728 103
180 104
892 105
346 106
1153 107
93 108
1053 109
294 110
404 111
1092 112
625 113
517 114
144 115
1386 116
519 117
380 118
318 119
240 120
1459 121
1349 122
562 123
583 124
381 125
170 126
887 127
221 128
598 129
884 130
1237 131
569 132
1170 133
1041 134
945 135
1168 136
834 137
944 138
1334 139
628 140
906 141
1411 142
442 143
793 144
532 145
1403 146
475 147
553 148
1298 149
