1100 450
9558 0
6126 1
9819 2
10345 3
9078 4
10518 5
1421 6
6005 7
5250 8
5255 9
736 10
3998 11
6138 12
1140 13
10409 14
6964 15
4446 16
7302 17
923 18
10100 19
3536 20
2618 21
7837 22
8723 23
10513 24
1322 25
4448 26
8160 27
2079 28
2815 29
2465 30
2223 31
3965 32
2996 33
7101 34
3430 35
4821 36
2223 37
2741 38
7081 39
10060 40
10801 41
7648 42
5641 43
2191 44
5214 45
6768 46
345 47
8180 48
6243 49
9433 50
7591 51
7470 52
6478 53
2920 54
8228 55
8707 56
7445 57
9581 58
4687 59
3699 60
2258 61
6398 62
6020 63
7522 64
2635 65
163 66
8564 67
4201 68
9853 69
10190 70
9266 71
3915 72
7282 73
10389 74
5109 75
4351 76
4282 77
5732 78
10116 79
5192 80
9241 81
10266 82
3602 83
5432 84
3487 85
8823 86
9385 87
8735 88
5100 89
3396 90
1666 91
352 92
6537 93
2989 94
4216 95
9810 96
10808 97
10000 98
8050 99
3231 100
3865 101
3107 102
2846 103
4074 104
2159 105
1040 106
10471 107
7257 108
4006 109
2477 110
3832 111
80 112
5142 113
5823 114
10784 115
3034 116
6569 117
5338 118
3876 119
10102 120
2347 121
7794 122
3105 123
3359 124
5016 125
6426 126
1008 127
7852 128
3200 129
5820 130
1276 131
5635 132
2792 133
3463 134
4706 135
7986 136
5664 137
1057 138
112 139
7706 140
1132 141
9690 142
3963 143
8904 144
5829 145
7382 146
3175 147
10898 148
8259 149
5418 150
7691 151
6236 152
10889 153
457 154
1671 155
3722 156
5369 157
10395 158
4777 159
3224 160
656 161
4057 162
1103 163
9656 164
10710 165
8365 166
4816 167
5260 168
9693 169
5921 170
5005 171
1761 172
9304 173
6621 174
2963 175
51 176
5133 177
9957 178
9812 179
2972 180
7396 181
5857 182
3223 183
1476 184
778 185
1457 186
6311 187
10382 188
6746 189
1675 190
10401 191
4166 192
7202 193
5293 194
4057 195
1153 196
10164 197
9746 198
9350 199
10441 200
6245 201
2585 202
5604 203
8694 204
727 205
9719 206
5562 207
10598 208
10164 209
5313 210
4592 211
4737 212
9421 213
9995 214
5170 215
3714 216
2745 217
9128 218
5827 219
8752 220
7493 221
10702 222
874 223
7548 224
9837 225
5210 226
9219 227
4141 228
3127 229
2012 230
1049 231
10891 232
3092 233
5628 234
6739 235
7260 236
6728 237
4081 238
9255 239
4229 240
2984 241
7346 242
1482 243
9078 244
9507 245
5960 246
8308 247
9661 248
4073 249
10601 250
312 251
5524 252
3099 253
1657 254
8573 255
8590 256
4075 257
3876 258
3629 259
6894 260
3920 261
3523 262
373 263
5041 264
1565 265
5985 266
10877 267
35 268
8945 269
2531 270
9416 271
6258 272
2313 273
6562 274
5337 275
5791 276
6899 277
22 278
581 279
3943 280
4324 281
7938 282
2858 283
3726 284
8882 285
1849 286
5309 287
6459 288
6641 289
9776 290
8269 291
2581 292
1865 293
7194 294
6994 295
8423 296
5372 297
3614 298
1810 299
6149 300
9644 301
5792 302
8258 303
10360 304
8413 305
10039 306
1089 307
4344 308
1511 309
5802 310
4428 311
2739 312
2139 313
6012 314
4372 315
5835 316
8756 317
3648 318
10080 319
5098 320
10624 321
3009 322
5739 323
2713 324
6224 325
2800 326
10337 327
6281 328
7885 329
2223 330
858 331
2991 332
9289 333
8499 334
7188 335
1266 336
10127 337
6319 338
8463 339
7322 340
4260 341
8988 342
10710 343
3035 344
7334 345
6573 346
8465 347
4237 348
9576 349
5965 350
8129 351
7560 352
5627 353
7965 354
741 355
4272 356
7293 357
4976 358
10138 359
315 360
10263 361
1248 362
9228 363
5681 364
2153 365
3899 366
5995 367
6383 368
4736 369
5346 370
2618 371
814 372
3940 373
3962 374
6673 375
3225 376
8678 377
1139 378
3414 379
8350 380
10582 381
9325 382
1580 383
9526 384
2824 385
2734 386
1982 387
4593 388
9516 389
8199 390
9259 391
4400 392
781 393
7163 394
7804 395
6705 396
6652 397
9639 398
3288 399
7905 400
7485 401
10861 402
10371 403
8021 404
6116 405
3521 406
314 407
4586 408
7569 409
9662 410
2518 411
2863 412
2747 413
1682 414
9392 415
3905 416
5447 417
5330 418
4472 419
5397 420
857 421
8013 422
10327 423
9668 424
252 425
7412 426
2040 427
2973 428
6659 429
3089 430
2434 431
7405 432
4525 433
5794 434
6642 435
9681 436
983 437
2777 438
6402 439
5315 440
7792 441
4260 442
9963 443
6516 444
8700 445
4987 446
7831 447
795 448
195 449
8729 450
1500 451
9906 452
262 453
5061 454
7692 455
258 456
4264 457
10019 458
10519 459
2947 460
1010 461
9293 462
3828 463
5563 464
4296 465
10995 466
1360 467
5590 468
2645 469
3174 470
10765 471
3294 472
10106 473
9969 474
1618 475
1766 476
1769 477
5846 478
1035 479
2377 480
7238 481
3258 482
3795 483
560 484
10461 485
9619 486
2621 487
9433 488
4934 489
9681 490
6356 491
7609 492
8792 493
6665 494
10770 495
8967 496
10928 497
7865 498
5504 499
3044 500
4833 501
9294 502
1460 503
2627 504
7419 505
10336 506
2318 507
2546 508
8341 509
6120 510
9177 511
1439 512
7323 513
4418 514
7904 515
2097 516
1683 517
3500 518
4435 519
717 520
3052 521
9350 522
3948 523
1436 524
8594 525
8342 526
6672 527
9180 528
2062 529
4091 530
6965 531
5831 532
9382 533
5350 534
837 535
9062 536
5467 537
5825 538
6169 539
6648 540
1324 541
8811 542
7408 543
10240 544
5174 545
3250 546
7672 547
9666 548
10661 549
10001 550
7163 551
3295 552
3903 553
1176 554
2385 555
2012 556
8506 557
2450 558
5559 559
6642 560
1675 561
716 562
7788 563
3375 564
1018 565
6074 566
4837 567
6670 568
361 569
9195 570
7435 571
1613 572
8419 573
3201 574
5709 575
3774 576
5053 577
4580 578
738 579
9766 580
6215 581
9837 582
6472 583
7559 584
4660 585
10434 586
623 587
6255 588
5358 589
9031 590
1914 591
8237 592
9051 593
976 594
762 595
3908 596
2407 597
2948 598
3188 599
1118 600
10498 601
6200 602
10086 603
4688 604
4768 605
1671 606
7965 607
2297 608
4635 609
1355 610
4530 611
1650 612
2984 613
1514 614
6489 615
5942 616
2509 617
7745 618
9396 619
6683 620
6653 621
7531 622
2194 623
97 624
6810 625
10125 626
1735 627
4350 628
4362 629
10185 630
3381 631
9042 632
7741 633
2352 634
4238 635
457 636
109 637
10673 638
3536 639
3662 640
1031 641
4942 642
7430 643
5583 644
6398 645
4859 646
1068 647
8381 648
2763 649
951 650
8117 651
878 652
8292 653
2101 654
7494 655
5491 656
4840 657
8539 658
4415 659
368 660
837 661
4363 662
10325 663
3366 664
8835 665
6505 666
4695 667
10667 668
6531 669
3611 670
4709 671
793 672
1577 673
7926 674
10137 675
2888 676
7894 677
1404 678
7157 679
5859 680
8922 681
8368 682
2442 683
2189 684
7394 685
3462 686
7795 687
3992 688
1155 689
8514 690
7578 691
5017 692
4256 693
5650 694
8699 695
10089 696
2415 697
4750 698
9941 699
10959 700
6226 701
437 702
3095 703
5671 704
2671 705
10676 706
9576 707
8676 708
655 709
2076 710
4339 711
3567 712
2256 713
5905 714
7183 715
4144 716
8152 717
1668 718
229 719
2933 720
6040 721
6426 722
1784 723
10175 724
2716 725
5645 726
5863 727
4049 728
447 729
7239 730
1105 731
10135 732
1712 733
7107 734
3362 735
2256 736
9547 737
7397 738
2571 739
8408 740
10964 741
5615 742
8947 743
8338 744
10379 745
5441 746
10647 747
3120 748
3455 749
10977 750
646 751
5013 752
4138 753
6904 754
5367 755
895 756
7770 757
10452 758
8999 759
3619 760
9691 761
3707 762
5720 763
8712 764
1034 765
6543 766
5654 767
10625 768
9700 769
8396 770
2228 771
10690 772
6730 773
6017 774
7632 775
8617 776
2662 777
8916 778
6230 779
1377 780
4854 781
6000 782
2369 783
2249 784
9582 785
3679 786
7443 787
7696 788
9571 789
4062 790
4338 791
9211 792
2689 793
1771 794
2425 795
6387 796
4459 797
7269 798
6477 799
8107 800
6743 801
1093 802
711 803
10407 804
996 805
10152 806
9263 807
3744 808
7703 809
958 810
1207 811
9792 812
1471 813
4093 814
2982 815
5197 816
9909 817
9824 818
7851 819
3614 820
1497 821
1036 822
7368 823
8862 824
8688 825
5950 826
424 827
1205 828
9751 829
3953 830
10330 831
3936 832
2015 833
5813 834
2005 835
5210 836
2882 837
3141 838
6991 839
1900 840
2100 841
2919 842
2687 843
6794 844
10197 845
1991 846
3801 847
3010 848
6039 849
1588 850
3461 851
2663 852
6516 853
240 854
3831 855
7993 856
79 857
115 858
4793 859
10984 860
2255 861
8967 862
645 863
8446 864
9637 865
199 866
6892 867
10134 868
2591 869
3495 870
4121 871
8192 872
1146 873
9368 874
9004 875
1006 876
2902 877
9268 878
7062 879
6272 880
7910 881
5725 882
3981 883
9954 884
1199 885
9193 886
9857 887
3037 888
9517 889
1470 890
5564 891
1192 892
2232 893
6723 894
3157 895
10411 896
1288 897
6054 898
4652 899
10885 900
7438 901
3632 902
129 903
9116 904
7727 905
4542 906
322 907
3608 908
5383 909
2177 910
7602 911
6393 912
8995 913
3016 914
10290 915
4206 916
1151 917
9411 918
2084 919
4001 920
3808 921
3233 922
7689 923
6852 924
10237 925
8857 926
455 927
9259 928
1241 929
8796 930
3759 931
352 932
10427 933
1223 934
6062 935
9886 936
10831 937
9004 938
4756 939
204 940
7552 941
5417 942
5382 943
2241 944
2455 945
8714 946
2081 947
7605 948
3832 949
2732 950
8425 951
6136 952
969 953
4634 954
8858 955
6542 956
1580 957
5055 958
5946 959
3655 960
7984 961
7931 962
10725 963
2685 964
8759 965
6174 966
1554 967
3002 968
652 969
3453 970
2378 971
6784 972
10452 973
3066 974
9481 975
3646 976
648 977
6277 978
5318 979
5405 980
10477 981
9514 982
10457 983
258 984
1085 985
10964 986
5999 987
1916 988
2907 989
8450 990
456 991
562 992
3213 993
2432 994
3217 995
5513 996
7806 997
639 998
493 999
9280 1000
10592 1001
9996 1002
3444 1003
6160 1004
4021 1005
8795 1006
9477 1007
4887 1008
7432 1009
6583 1010
8871 1011
5682 1012
2283 1013
8436 1014
5413 1015
10231 1016
9722 1017
9412 1018
8121 1019
5615 1020
3449 1021
4015 1022
6830 1023
1340 1024
5348 1025
3141 1026
7515 1027
8414 1028
10835 1029
6579 1030
2509 1031
8113 1032
9798 1033
2172 1034
3192 1035
4733 1036
6457 1037
2638 1038
2500 1039
1259 1040
7724 1041
2876 1042
2436 1043
9234 1044
9942 1045
6532 1046
5753 1047
7577 1048
5755 1049
4691 1050
10239 1051
5691 1052
9178 1053
6309 1054
7687 1055
10188 1056
4287 1057
5431 1058
4717 1059
8599 1060
4158 1061
10608 1062
197 1063
7850 1064
10270 1065
6646 1066
3961 1067
2772 1068
7235 1069
8076 1070
4582 1071
1265 1072
6263 1073
229 1074
4771 1075
7561 1076
110 1077
7889 1078
3694 1079
8385 1080
4039 1081
7437 1082
744 1083
3849 1084
6091 1085
2344 1086
2623 1087
8086 1088
5755 1089
2247 1090
8289 1091
2199 1092
4122 1093
7639 1094
3933 1095
9632 1096
2252 1097
3857 1098
10580 1099
