1600 1400
8166 0
15567 1
2102 2
7836 3
10212 4
12548 5
15686 6
13080 7
12350 8
6493 9
3117 10
800 11
12644 12
4881 13
11427 14
2334 15
5066 16
13352 17
10147 18
10630 19
7933 20
12559 21
10748 22
12541 23
3749 24
8965 25
14890 26
14296 27
8255 28
2320 29
14179 30
8837 31
15439 32
5972 33
296 34
4644 35
816 36
5146 37
7006 38
1137 39
7479 40
10618 41
6232 42
3351 43
11425 44
2203 45
6134 46
5588 47
4961 48
9770 49
10856 50
1212 51
11445 52
12340 53
2088 54
6866 55
2163 56
3603 57
2268 58
5049 59
14608 60
6507 61
10429 62
10361 63
12607 64
605 65
8419 66
6 67
8639 68
1499 69
8547 70
14653 71
13276 72
3309 73
15628 74
3855 75
229 76
7515 77
10776 78
4682 79
11201 80
1537 81
6766 82
15335 83
6731 84
3430 85
3269 86
5011 87
5340 88
2439 89
2298 90
5108 91
2158 92
2213 93
544 94
5740 95
11072 96
8336 97
15158 98
13313 99
12609 100
755 101
12915 102
4378 103
9922 104
11251 105
8245 106
4015 107
11881 108
14554 109
484 110
7739 111
15045 112
13530 113
6840 114
15677 115
15239 116
11371 117
8124 118
12202 119
214 120
3071 121
3202 122
3356 123
9870 124
13490 125
14898 126
2105 127
14629 128
15962 129
13608 130
7193 131
8973 132
2979 133
2341 134
32 135
13912 136
8036 137
5455 138
15256 139
15700 140
13938 141
1246 142
10921 143
6884 144
11227 145
3650 146
11417 147
6302 148
10968 149
10522 150
11949 151
4838 152
3720 153
6781 154
7703 155
185 156
6272 157
8696 158
11751 159
13986 160
8569 161
2615 162
5020 163
5496 164
8226 165
40 166
10164 167
9374 168
8156 169
15309 170
3224 171
8741 172
8111 173
11236 174
15620 175
11877 176
9642 177
4486 178
2719 179
14752 180
11073 181
6365 182
15722 183
5786 184
2843 185
108 186
499 187
2753 188
11136 189
9610 190
2000 191
6329 192
10337 193
13579 194
8529 195
4962 196
9280 197
11446 198
9403 199
1721 200
3855 201
8670 202
2120 203
6002 204
7696 205
13814 206
2269 207
14285 208
7239 209
5637 210
8921 211
10683 212
8617 213
13333 214
7930 215
12170 216
3007 217
4425 218
11323 219
2711 220
2678 221
9576 222
15850 223
1714 224
4341 225
15789 226
5054 227
8300 228
2290 229
10160 230
1379 231
10563 232
9435 233
15817 234
11479 235
5161 236
7896 237
13068 238
1096 239
1696 240
14407 241
3407 242
2151 243
10626 244
6890 245
10478 246
2374 247
14325 248
9506 249
6630 250
9269 251
15143 252
13196 253
13824 254
1794 255
9675 256
1410 257
14712 258
1739 259
5584 260
12921 261
2417 262
12891 263
11375 264
12620 265
10253 266
3210 267
3358 268
14299 269
7080 270
15328 271
8760 272
628 273
279 274
1737 275
13279 276
414 277
11056 278
1621 279
4219 280
2560 281
4699 282
866 283
2805 284
15040 285
1072 286
13333 287
6823 288
5939 289
10011 290
15353 291
8538 292
8825 293
15624 294
3111 295
5399 296
15387 297
1982 298
12172 299
10531 300
367 301
11193 302
8603 303
409 304
4923 305
4221 306
11007 307
3678 308
6954 309
14175 310
1636 311
12416 312
2853 313
11654 314
8655 315
6965 316
15839 317
8321 318
5068 319
15722 320
751 321
543 322
11805 323
12153 324
5500 325
8258 326
14050 327
5770 328
1356 329
9703 330
15167 331
15025 332
10798 333
8684 334
1525 335
3676 336
11387 337
8675 338
2145 339
13676 340
9527 341
10333 342
2998 343
14762 344
2006 345
2084 346
12352 347
5094 348
2027 349
10235 350
432 351
13959 352
14943 353
2938 354
6959 355
1640 356
1478 357
13931 358
15852 359
2142 360
963 361
14317 362
431 363
1517 364
337 365
8624 366
13146 367
3722 368
878 369
3784 370
12671 371
13032 372
12162 373
9877 374
14136 375
14364 376
5505 377
3693 378
2587 379
9866 380
712 381
4470 382
9066 383
3044 384
7625 385
361 386
3278 387
1175 388
12779 389
2324 390
15794 391
12126 392
13381 393
13836 394
15172 395
7608 396
4674 397
9279 398
9276 399
13890 400
15427 401
2855 402
652 403
3032 404
4217 405
4910 406
4193 407
14181 408
14377 409
12038 410
13349 411
4156 412
9014 413
11835 414
15434 415
2482 416
10858 417
10393 418
1338 419
2080 420
4867 421
13301 422
8676 423
12176 424
13920 425
15165 426
3935 427
14247 428
1597 429
12704 430
10415 431
8673 432
607 433
1335 434
10526 435
6338 436
10742 437
5353 438
6030 439
7719 440
1395 441
2266 442
12013 443
11602 444
15788 445
7098 446
2461 447
2547 448
4528 449
6541 450
8625 451
4479 452
2569 453
1922 454
9082 455
15155 456
7499 457
1588 458
10135 459
7456 460
9885 461
12349 462
7392 463
646 464
1942 465
15299 466
2495 467
2335 468
11287 469
207 470
15266 471
1332 472
3453 473
35 474
3501 475
5234 476
8128 477
775 478
14095 479
3737 480
5905 481
13870 482
8110 483
11875 484
4533 485
5502 486
8591 487
4731 488
12001 489
1852 490
6907 491
11745 492
12010 493
14400 494
7297 495
7862 496
5486 497
288 498
11623 499
335 500
5563 501
8452 502
8064 503
11912 504
10846 505
14203 506
11773 507
8484 508
4387 509
11315 510
7778 511
9217 512
9153 513
7587 514
7043 515
6383 516
11602 517
3265 518
8466 519
5629 520
8493 521
4150 522
1076 523
2762 524
5966 525
10888 526
3723 527
1681 528
14951 529
3148 530
13673 531
13601 532
11665 533
10025 534
2963 535
1013 536
4580 537
7025 538
2050 539
4816 540
6995 541
8344 542
7289 543
527 544
5481 545
4206 546
14116 547
6784 548
10912 549
10561 550
1297 551
11756 552
3384 553
15524 554
10063 555
1386 556
10206 557
8220 558
6092 559
2044 560
3932 561
10182 562
664 563
10593 564
15312 565
9153 566
9733 567
1253 568
9322 569
150 570
12280 571
1819 572
12271 573
2585 574
13486 575
8114 576
5243 577
8230 578
11036 579
6303 580
15716 581
15525 582
1681 583
3640 584
1524 585
11349 586
13022 587
4319 588
6908 589
437 590
13848 591
14604 592
12519 593
640 594
7305 595
15816 596
3005 597
780 598
6190 599
11109 600
4657 601
11659 602
9964 603
3685 604
3979 605
10228 606
6577 607
7762 608
13051 609
9191 610
9944 611
15597 612
5629 613
11448 614
12935 615
12244 616
6719 617
6004 618
6271 619
639 620
12751 621
3031 622
4759 623
8206 624
2157 625
5459 626
373 627
4045 628
810 629
1000 630
2722 631
1578 632
8226 633
7488 634
4157 635
14193 636
369 637
6438 638
15440 639
4007 640
1889 641
7771 642
6484 643
14119 644
2765 645
13069 646
13273 647
12014 648
9759 649
12095 650
15936 651
2670 652
5592 653
8401 654
3939 655
12946 656
3499 657
9920 658
14087 659
5810 660
1124 661
13477 662
1025 663
10160 664
2102 665
9024 666
3228 667
14281 668
3679 669
5995 670
1255 671
10708 672
603 673
9383 674
9809 675
10144 676
13570 677
14456 678
11889 679
8895 680
5025 681
1649 682
6575 683
5784 684
14857 685
3632 686
15133 687
7741 688
5398 689
13473 690
6820 691
6690 692
12738 693
11097 694
5351 695
4579 696
3836 697
12822 698
91 699
14192 700
2516 701
14643 702
3872 703
6927 704
9077 705
9091 706
1153 707
3591 708
4952 709
13055 710
12167 711
10916 712
4414 713
1509 714
14436 715
8578 716
4437 717
15532 718
14707 719
5882 720
12765 721
7176 722
15580 723
5617 724
8566 725
686 726
11645 727
12429 728
1471 729
1815 730
2726 731
5201 732
3372 733
13150 734
12525 735
12368 736
4574 737
9631 738
14030 739
8467 740
10467 741
13651 742
14296 743
7495 744
12243 745
6366 746
8486 747
6287 748
14666 749
15089 750
4434 751
2909 752
13801 753
11631 754
9054 755
7150 756
13130 757
15647 758
646 759
4348 760
14467 761
11927 762
5083 763
2555 764
15472 765
1221 766
9438 767
56 768
14826 769
15916 770
14060 771
4424 772
13325 773
15896 774
8397 775
8582 776
4844 777
4209 778
1603 779
6387 780
1707 781
14526 782
9863 783
14746 784
9332 785
12924 786
5343 787
2071 788
9966 789
15786 790
3694 791
1335 792
8134 793
1086 794
13601 795
3434 796
12453 797
6019 798
13355 799
984 800
3515 801
11974 802
10735 803
8467 804
2094 805
13758 806
2552 807
2578 808
13060 809
14011 810
14696 811
14826 812
15652 813
2275 814
2451 815
11264 816
9038 817
13683 818
479 819
9375 820
847 821
4480 822
5264 823
5639 824
5950 825
9689 826
2666 827
12378 828
12488 829
6350 830
15814 831
2919 832
1641 833
613 834
14414 835
5547 836
13244 837
3428 838
7578 839
4018 840
10061 841
282 842
15634 843
1407 844
4513 845
4971 846
9914 847
14130 848
14538 849
9640 850
6128 851
3704 852
6457 853
7939 854
4505 855
15601 856
9046 857
4348 858
2683 859
11685 860
13570 861
7262 862
873 863
8003 864
9063 865
8572 866
8897 867
1592 868
2470 869
13436 870
10091 871
3989 872
232 873
3794 874
11726 875
6359 876
14274 877
13176 878
15165 879
2801 880
3349 881
1648 882
3005 883
9802 884
15135 885
12766 886
429 887
1508 888
4036 889
9906 890
1201 891
13395 892
13995 893
13349 894
6646 895
6848 896
2722 897
15090 898
11554 899
9830 900
7509 901
4315 902
383 903
11264 904
7845 905
2097 906
11281 907
4157 908
4919 909
6565 910
6605 911
11139 912
6139 913
11555 914
12864 915
2999 916
878 917
8522 918
1329 919
5315 920
8952 921
11437 922
10347 923
11589 924
12937 925
13438 926
8348 927
6173 928
5334 929
12480 930
7466 931
4153 932
8912 933
10405 934
7004 935
4353 936
1800 937
4816 938
10194 939
7193 940
11753 941
6322 942
9370 943
3820 944
8228 945
9507 946
14221 947
10720 948
5830 949
8302 950
2212 951
8378 952
8051 953
10137 954
4589 955
399 956
8311 957
13987 958
13258 959
971 960
13603 961
15516 962
15163 963
4190 964
9084 965
4647 966
5741 967
5442 968
15129 969
7276 970
5654 971
15094 972
6813 973
10421 974
10210 975
10849 976
3275 977
15516 978
14785 979
12697 980
1451 981
1144 982
11940 983
3347 984
11552 985
9333 986
11218 987
2416 988
6042 989
6746 990
3859 991
1024 992
13444 993
14928 994
12829 995
13552 996
10101 997
3501 998
2380 999
11704 1000
4327 1001
1925 1002
8885 1003
10492 1004
4464 1005
12570 1006
11858 1007
2443 1008
3389 1009
12563 1010
309 1011
15254 1012
8786 1013
5965 1014
13378 1015
8147 1016
14545 1017
4403 1018
105 1019
11726 1020
11798 1021
2978 1022
15053 1023
3043 1024
15150 1025
11412 1026
6275 1027
3424 1028
4077 1029
11696 1030
1153 1031
689 1032
7959 1033
12014 1034
5289 1035
9210 1036
7235 1037
12969 1038
14605 1039
12693 1040
7567 1041
15320 1042
4215 1043
9085 1044
10713 1045
5408 1046
13150 1047
1453 1048
8087 1049
9417 1050
12843 1051
4449 1052
15373 1053
10985 1054
10180 1055
12145 1056
9043 1057
15996 1058
15777 1059
15777 1060
1098 1061
2312 1062
12491 1063
8589 1064
13137 1065
4873 1066
10584 1067
10968 1068
7343 1069
15873 1070
6805 1071
11280 1072
13476 1073
10344 1074
7935 1075
7182 1076
11707 1077
9484 1078
2916 1079
12882 1080
6117 1081
1687 1082
14070 1083
11355 1084
6697 1085
464 1086
3579 1087
12142 1088
7277 1089
15925 1090
7545 1091
6670 1092
837 1093
9069 1094
4051 1095
4607 1096
2559 1097
1636 1098
7856 1099
15218 1100
12955 1101
10965 1102
3221 1103
14520 1104
3711 1105
3489 1106
13136 1107
1033 1108
1882 1109
13398 1110
7875 1111
9915 1112
13865 1113
9217 1114
8243 1115
5821 1116
11554 1117
9777 1118
15562 1119
5320 1120
1148 1121
4674 1122
11353 1123
3999 1124
3902 1125
12597 1126
14303 1127
9725 1128
10868 1129
15042 1130
2117 1131
2637 1132
8963 1133
5354 1134
3902 1135
12063 1136
13896 1137
3418 1138
10881 1139
9912 1140
345 1141
14133 1142
612 1143
4390 1144
11229 1145
11096 1146
5425 1147
14366 1148
634 1149
240 1150
10291 1151
6492 1152
1115 1153
6329 1154
15376 1155
13681 1156
10677 1157
12250 1158
8244 1159
9459 1160
251 1161
11005 1162
9786 1163
807 1164
13861 1165
15388 1166
5003 1167
7315 1168
7759 1169
6664 1170
5089 1171
1625 1172
4151 1173
6080 1174
9902 1175
12247 1176
11514 1177
3772 1178
863 1179
1434 1180
11519 1181
10300 1182
11980 1183
862 1184
11058 1185
15069 1186
11576 1187
11257 1188
2825 1189
10571 1190
12662 1191
15761 1192
6980 1193
5431 1194
14975 1195
3693 1196
3402 1197
14751 1198
10159 1199
7411 1200
6998 1201
2310 1202
4681 1203
10859 1204
2963 1205
13184 1206
11803 1207
14320 1208
5023 1209
12209 1210
7083 1211
9988 1212
11564 1213
12751 1214
9657 1215
12499 1216
12825 1217
10690 1218
12517 1219
4719 1220
10323 1221
4910 1222
4085 1223
13970 1224
5866 1225
15582 1226
5407 1227
11318 1228
1543 1229
8882 1230
7018 1231
1879 1232
9041 1233
6046 1234
7900 1235
8786 1236
7086 1237
6722 1238
8641 1239
14611 1240
1844 1241
15210 1242
2123 1243
3928 1244
2811 1245
957 1246
6209 1247
4474 1248
3313 1249
5892 1250
6893 1251
1150 1252
4175 1253
8089 1254
5036 1255
71 1256
12042 1257
703 1258
5673 1259
1248 1260
11336 1261
10228 1262
3431 1263
6593 1264
9222 1265
14674 1266
4349 1267
8566 1268
9678 1269
2156 1270
4565 1271
12164 1272
6263 1273
13901 1274
11016 1275
13255 1276
12954 1277
14865 1278
4359 1279
10773 1280
11317 1281
11450 1282
2529 1283
13683 1284
13670 1285
8733 1286
13651 1287
13546 1288
10218 1289
13074 1290
112 1291
15531 1292
14764 1293
2181 1294
10430 1295
9421 1296
15526 1297
616 1298
2513 1299
6013 1300
7875 1301
12648 1302
4488 1303
702 1304
8585 1305
10425 1306
5510 1307
13530 1308
11158 1309
2321 1310
13083 1311
6314 1312
5719 1313
10703 1314
12890 1315
13130 1316
13250 1317
12624 1318
11750 1319
8277 1320
4644 1321
8542 1322
2920 1323
6731 1324
11794 1325
7072 1326
7120 1327
15470 1328
12716 1329
7127 1330
4486 1331
6639 1332
12484 1333
1746 1334
11388 1335
10260 1336
14447 1337
6977 1338
15247 1339
15200 1340
14243 1341
8723 1342
2189 1343
4969 1344
7376 1345
5460 1346
9727 1347
13776 1348
1102 1349
10380 1350
7318 1351
11180 1352
7757 1353
13955 1354
12757 1355
15798 1356
5685 1357
3098 1358
10528 1359
9287 1360
10288 1361
3609 1362
4620 1363
8058 1364
12099 1365
11343 1366
6183 1367
1754 1368
7831 1369
9927 1370
7561 1371
12853 1372
15850 1373
4265 1374
6627 1375
3732 1376
6601 1377
13872 1378
15705 1379
7175 1380
1496 1381
8748 1382
4877 1383
1809 1384
10643 1385
11685 1386
14628 1387
9600 1388
13606 1389
10172 1390
1205 1391
1256 1392
10504 1393
12792 1394
10757 1395
1467 1396
14954 1397
11242 1398
12961 1399
3725 1400
8617 1401
14981 1402
4229 1403
5791 1404
10557 1405
4422 1406
2932 1407
2863 1408
8897 1409
13943 1410
8189 1411
1154 1412
15715 1413
7849 1414
6027 1415
8952 1416
5863 1417
2787 1418
2166 1419
1814 1420
14734 1421
9107 1422
9109 1423
14655 1424
12909 1425
10100 1426
9630 1427
7511 1428
15869 1429
103 1430
2262 1431
3252 1432
1060 1433
14271 1434
12405 1435
11690 1436
14423 1437
5913 1438
6934 1439
13351 1440
10360 1441
7372 1442
10070 1443
6992 1444
2064 1445
11831 1446
12500 1447
821 1448
2876 1449
1009 1450
8161 1451
6007 1452
11771 1453
7603 1454
14256 1455
15177 1456
5023 1457
8300 1458
15472 1459
8884 1460
10404 1461
15821 1462
4939 1463
5224 1464
12551 1465
3046 1466
12223 1467
6840 1468
15755 1469
3062 1470
4114 1471
11009 1472
11910 1473
9733 1474
9463 1475
4832 1476
5490 1477
11054 1478
3669 1479
15657 1480
1895 1481
7768 1482
3246 1483
11508 1484
5110 1485
13901 1486
15618 1487
9396 1488
1504 1489
11085 1490
9865 1491
11308 1492
7081 1493
41 1494
7767 1495
6178 1496
387 1497
11549 1498
7976 1499
2142 1500
11163 1501
12459 1502
15642 1503
15351 1504
8281 1505
8293 1506
8857 1507
15426 1508
10476 1509
9044 1510
1895 1511
8247 1512
5875 1513
12651 1514
5870 1515
880 1516
15899 1517
9177 1518
12876 1519
3342 1520
5744 1521
10213 1522
788 1523
6411 1524
1255 1525
12188 1526
14378 1527
1837 1528
11566 1529
1894 1530
10341 1531
7385 1532
6154 1533
6640 1534
2911 1535
12945 1536
3004 1537
11846 1538
10313 1539
3493 1540
10285 1541
1436 1542
3528 1543
11916 1544
13957 1545
11256 1546
2347 1547
14399 1548
12603 1549
8709 1550
12463 1551
14093 1552
15424 1553
5484 1554
1327 1555
2360 1556
3922 1557
7985 1558
3738 1559
4515 1560
15973 1561
10191 1562
2041 1563
6460 1564
13671 1565
8497 1566
11300 1567
12671 1568
7040 1569
13260 1570
6834 1571
9964 1572
15725 1573
14506 1574
12827 1575
3697 1576
2605 1577
2621 1578
5474 1579
4259 1580
5890 1581
2996 1582
15334 1583
11494 1584
6444 1585
8174 1586
6511 1587
696 1588
772 1589
10829 1590
9852 1591
1782 1592
6121 1593
12573 1594
15058 1595
1574 1596
2623 1597
10076 1598
14943 1599
