1200 300
9663 0
3739 1
10643 2
11183 3
4770 4
11181 5
2633 6
2471 7
11287 8
9582 9
1414 10
9961 11
7505 12
5048 13
10790 14
2840 15
8256 16
6886 17
9914 18
10347 19
4880 20
11911 21
11497 22
11754 23
8962 24
4291 25
4784 26
197 27
8061 28
5972 29
10832 30
8395 31
8783 32
643 33
122 34
2844 35
8797 36
6136 37
9663 38
10317 39
6408 40
6138 41
3259 42
3225 43
3181 44
5014 45
8106 46
8907 47
1564 48
6099 49
9327 50
10547 51
4787 52
7404 53
1213 54
8358 55
5346 56
1742 57
2927 58
4684 59
9668 60
10498 61
3548 62
224 63
8605 64
6234 65
11916 66
10021 67
10198 68
3615 69
2671 70
1656 71
10733 72
11750 73
179 74
5435 75
3039 76
410 77
1837 78
9280 79
3536 80
3176 81
11542 82
9139 83
6305 84
146 85
9316 86
3639 87
10097 88
3457 89
8206 90
11700 91
11581 92
7856 93
5808 94
4807 95
11467 96
10580 97
423 98
394 99
7667 100
1787 101
10350 102
9226 103
10219 104
4621 105
5686 106
8910 107
2492 108
8885 109
4116 110
11131 111
11323 112
4453 113
6070 114
10792 115
3816 116
6309 117
5980 118
2223 119
2280 120
423 121
4256 122
3642 123
10342 124
5876 125
4347 126
7727 127
1819 128
326 129
7066 130
3228 131
3811 132
1424 133
8659 134
1403 135
70 136
7698 137
2864 138
6104 139
11311 140
2904 141
3280 142
8855 143
4295 144
1064 145
11863 146
8344 147
9451 148
9187 149
1196 150
814 151
8109 152
1602 153
7940 154
8832 155
1177 156
11391 157
60 158
1272 159
10153 160
11630 161
6542 162
4279 163
2742 164
4339 165
9274 166
3842 167
3117 168
4306 169
7107 170
8217 171
1249 172
10401 173
3422 174
2339 175
6482 176
7579 177
7930 178
10012 179
993 180
2313 181
5889 182
4097 183
9804 184
7464 185
3025 186
4100 187
1453 188
2786 189
4613 190
11831 191
7383 192
1670 193
9549 194
10000 195
9952 196
11622 197
1921 198
3247 199
9926 200
11169 201
9970 202
2313 203
2961 204
8528 205
8377 206
6968 207
8455 208
9540 209
6646 210
10058 211
2561 212
1695 213
6391 214
6683 215
10907 216
5131 217
7655 218
4432 219
6069 220
5745 221
3000 222
11812 223
8879 224
11594 225
11602 226
9496 227
10836 228
3109 229
1409 230
888 231
8299 232
8802 233
4455 234
5765 235
568 236
4278 237
3296 238
6075 239
1418 240
7302 241
3080 242
1998 243
4157 244
9834 245
11688 246
7954 247
7306 248
1589 249
2707 250
1016 251
2610 252
7202 253
11464 254
1599 255
3470 256
9547 257
1912 258
5966 259
1816 260
1059 261
3797 262
7406 263
8338 264
10468 265
4486 266
9778 267
3479 268
653 269
3847 270
4601 271
1770 272
6531 273
10309 274
6854 275
8133 276
2687 277
6559 278
1058 279
10265 280
11771 281
11569 282
10696 283
5452 284
2782 285
11562 286
4248 287
11020 288
863 289
4581 290
3074 291
1028 292
7830 293
3491 294
3828 295
4527 296
7229 297
11494 298
4848 299
241 300
9071 301
11115 302
2663 303
10528 304
8315 305
8688 306
6229 307
10911 308
10770 309
1990 310
4507 311
1381 312
6151 313
8665 314
10235 315
10520 316
2828 317
11309 318
7526 319
11038 320
2276 321
4739 322
3549 323
8137 324
7412 325
7199 326
7832 327
3505 328
3146 329
5283 330
11996 331
11218 332
1847 333
8974 334
10707 335
8438 336
3996 337
9853 338
1109 339
4560 340
3557 341
1716 342
5623 343
11892 344
738 345
710 346
10318 347
1851 348
7225 349
6241 350
5397 351
1077 352
4979 353
10635 354
6627 355
10475 356
4052 357
10133 358
143 359
4857 360
2637 361
9836 362
8226 363
2680 364
9707 365
9304 366
481 367
10219 368
3520 369
10514 370
3726 371
6925 372
430 373
8000 374
6220 375
998 376
3622 377
9020 378
3420 379
2351 380
4837 381
3424 382
243 383
2829 384
3306 385
10056 386
10289 387
2924 388
7846 389
4633 390
4159 391
9894 392
3256 393
9274 394
1655 395
3882 396
10213 397
5496 398
8727 399
8209 400
9466 401
2265 402
6846 403
2855 404
9482 405
8179 406
890 407
4292 408
3273 409
1950 410
1027 411
10593 412
4372 413
2248 414
1766 415
5163 416
7707 417
4400 418
11035 419
7862 420
9078 421
4783 422
6781 423
10840 424
7164 425
2376 426
635 427
10758 428
9445 429
4843 430
6012 431
10157 432
11137 433
8197 434
5306 435
8714 436
10153 437
9615 438
8528 439
2629 440
7381 441
7806 442
4696 443
5291 444
2847 445
1065 446
7790 447
4978 448
5309 449
6675 450
111 451
4341 452
6019 453
8578 454
11161 455
671 456
8792 457
5814 458
2836 459
9989 460
1138 461
76 462
5946 463
3397 464
4548 465
3211 466
7423 467
6457 468
5604 469
7143 470
3074 471
2861 472
10339 473
11454 474
5676 475
2287 476
7529 477
11622 478
466 479
4801 480
8920 481
7987 482
10485 483
10377 484
2848 485
8065 486
8064 487
123 488
7505 489
170 490
3366 491
8541 492
97 493
5497 494
53 495
2545 496
367 497
6067 498
1308 499
11740 500
771 501
272 502
6573 503
3043 504
6614 505
5429 506
1473 507
4757 508
10778 509
10689 510
9594 511
4325 512
2772 513
8774 514
5258 515
10994 516
8533 517
1663 518
1209 519
6805 520
6704 521
9834 522
7227 523
10599 524
6751 525
11227 526
6357 527
4337 528
166 529
5161 530
477 531
8136 532
2627 533
8827 534
11552 535
7020 536
4366 537
4086 538
5506 539
10735 540
5460 541
6190 542
4498 543
9018 544
9701 545
9660 546
1203 547
4118 548
5212 549
7931 550
279 551
6377 552
6798 553
11601 554
9489 555
229 556
3502 557
1442 558
5546 559
3295 560
7366 561
934 562
11079 563
10399 564
2434 565
3685 566
10101 567
1304 568
11409 569
3888 570
7818 571
84 572
4417 573
8585 574
5482 575
4059 576
7711 577
4015 578
9429 579
7371 580
7183 581
7332 582
352 583
2175 584
10335 585
361 586
8663 587
9546 588
7381 589
10431 590
7665 591
2068 592
4623 593
4305 594
8334 595
7813 596
10475 597
8288 598
8093 599
1058 600
9730 601
84 602
3845 603
872 604
4544 605
2741 606
4320 607
10878 608
535 609
10387 610
9878 611
4135 612
2987 613
2949 614
1973 615
5355 616
11858 617
7498 618
6302 619
10629 620
10255 621
10136 622
102 623
1342 624
8866 625
372 626
5236 627
9972 628
2039 629
9791 630
2493 631
4228 632
3442 633
633 634
4663 635
410 636
10395 637
8547 638
2497 639
1816 640
6167 641
6016 642
5402 643
5021 644
11364 645
6231 646
8517 647
3212 648
6210 649
8864 650
739 651
4706 652
1989 653
867 654
2861 655
6464 656
8061 657
3728 658
11747 659
1744 660
2945 661
648 662
9156 663
6744 664
1250 665
1273 666
3276 667
8543 668
6659 669
7782 670
11052 671
11659 672
2510 673
9864 674
7090 675
3716 676
6557 677
7715 678
4570 679
3409 680
7759 681
6163 682
5517 683
6310 684
2348 685
3111 686
5837 687
11512 688
11875 689
9080 690
2548 691
10320 692
4743 693
3003 694
2442 695
7882 696
7536 697
1263 698
2124 699
3897 700
9580 701
6970 702
705 703
5109 704
1093 705
1500 706
1945 707
1036 708
10143 709
11031 710
10988 711
10056 712
723 713
988 714
3379 715
6602 716
8784 717
4941 718
6190 719
4819 720
5409 721
5382 722
6005 723
268 724
6171 725
5713 726
1052 727
1050 728
6711 729
8361 730
8962 731
1714 732
11383 733
11221 734
8517 735
6295 736
1496 737
10973 738
97 739
8730 740
6702 741
546 742
7214 743
5575 744
3434 745
1013 746
11665 747
11297 748
11229 749
5022 750
4880 751
10903 752
3661 753
8235 754
2808 755
10176 756
5011 757
9268 758
5506 759
283 760
4746 761
2256 762
9388 763
11753 764
8692 765
9638 766
1918 767
10457 768
4379 769
10521 770
1699 771
6169 772
3853 773
4566 774
5761 775
1874 776
1919 777
9043 778
2041 779
326 780
7188 781
8477 782
1029 783
5097 784
8008 785
8028 786
8887 787
6785 788
7328 789
9100 790
8682 791
3542 792
445 793
9831 794
3081 795
1774 796
6881 797
6967 798
10925 799
11358 800
10271 801
4685 802
5283 803
9589 804
2049 805
9932 806
1267 807
6338 808
8630 809
1022 810
675 811
9397 812
2179 813
2637 814
4703 815
4209 816
8185 817
2217 818
1626 819
7168 820
9317 821
8487 822
1083 823
10403 824
746 825
8377 826
10384 827
365 828
1361 829
5898 830
2206 831
11481 832
10291 833
9532 834
7823 835
9051 836
5139 837
153 838
1430 839
6608 840
3160 841
10817 842
8702 843
3925 844
1500 845
8868 846
9846 847
898 848
5240 849
269 850
10026 851
8393 852
1959 853
819 854
9199 855
4017 856
5313 857
1055 858
5669 859
4481 860
4487 861
11313 862
504 863
4163 864
9380 865
8725 866
5551 867
9600 868
4952 869
10550 870
5690 871
2701 872
8943 873
3263 874
8214 875
10164 876
10961 877
2184 878
4733 879
9917 880
6780 881
10309 882
7530 883
4991 884
8854 885
3096 886
2187 887
657 888
225 889
9374 890
222 891
1131 892
11702 893
7398 894
5721 895
10207 896
3205 897
8260 898
999 899
10299 900
7509 901
7869 902
6913 903
3902 904
6596 905
5074 906
5634 907
3791 908
562 909
8264 910
6054 911
5040 912
1374 913
2534 914
3996 915
11872 916
11434 917
11883 918
10376 919
5340 920
8743 921
8928 922
1300 923
8337 924
2710 925
4677 926
765 927
11827 928
11236 929
6722 930
10566 931
2125 932
732 933
3084 934
3055 935
7725 936
9627 937
8151 938
6736 939
8840 940
6484 941
8368 942
10421 943
1479 944
6648 945
7099 946
10425 947
6056 948
4992 949
8026 950
4852 951
5557 952
5389 953
8176 954
4279 955
5390 956
11159 957
1212 958
531 959
2044 960
4105 961
735 962
11402 963
1878 964
2017 965
3947 966
11089 967
10838 968
2388 969
2672 970
5227 971
5500 972
627 973
6466 974
3000 975
3685 976
1129 977
2636 978
1594 979
1514 980
11785 981
4545 982
8822 983
844 984
2016 985
11953 986
122 987
10317 988
5742 989
7737 990
4271 991
10723 992
1980 993
6453 994
3336 995
432 996
1649 997
4787 998
4367 999
5984 1000
9085 1001
5528 1002
11478 1003
1664 1004
5391 1005
4776 1006
1536 1007
11021 1008
8059 1009
3129 1010
2567 1011
658 1012
8390 1013
9587 1014
3717 1015
5121 1016
8065 1017
10467 1018
11974 1019
9171 1020
9609 1021
11732 1022
4055 1023
7579 1024
582 1025
2727 1026
5022 1027
4066 1028
3745 1029
11401 1030
2609 1031
2790 1032
9016 1033
2439 1034
1709 1035
8087 1036
518 1037
10681 1038
9657 1039
7335 1040
4975 1041
8304 1042
1498 1043
9396 1044
9207 1045
2130 1046
9665 1047
7819 1048
1649 1049
3524 1050
188 1051
9441 1052
11855 1053
10415 1054
1967 1055
4655 1056
8425 1057
215 1058
4577 1059
10812 1060
11758 1061
10216 1062
949 1063
6671 1064
1476 1065
1167 1066
11567 1067
8610 1068
11449 1069
3201 1070
914 1071
9235 1072
8428 1073
2061 1074
9637 1075
3734 1076
7538 1077
10926 1078
3570 1079
9408 1080
9854 1081
7252 1082
442 1083
10872 1084
6239 1085
3868 1086
4843 1087
3654 1088
6387 1089
8908 1090
1553 1091
1711 1092
3387 1093
7215 1094
5530 1095
5006 1096
3320 1097
5279 1098
4206 1099
9108 1100
9614 1101
10498 1102
8305 1103
4320 1104
897 1105
3426 1106
8252 1107
7727 1108
1157 1109
6719 1110
477 1111
11319 1112
9019 1113
9136 1114
3136 1115
7263 1116
2500 1117
11180 1118
8607 1119
729 1120
1754 1121
2544 1122
9360 1123
4892 1124
11127 1125
6195 1126
5789 1127
6225 1128
10392 1129
2301 1130
8743 1131
898 1132
2338 1133
3897 1134
10233 1135
4223 1136
1979 1137
8623 1138
10529 1139
2918 1140
6527 1141
10139 1142
1322 1143
10254 1144
9789 1145
811 1146
6269 1147
5850 1148
427 1149
481 1150
9274 1151
11987 1152
8630 1153
9125 1154
7163 1155
4538 1156
9040 1157
1764 1158
10997 1159
2812 1160
8954 1161
9824 1162
5970 1163
4668 1164
6447 1165
3238 1166
8150 1167
10771 1168
5291 1169
5154 1170
5467 1171
41 1172
3343 1173
10192 1174
11972 1175
1528 1176
6805 1177
1033 1178
5573 1179
4454 1180
8992 1181
8025 1182
11471 1183
8768 1184
2712 1185
3416 1186
7922 1187
6503 1188
10713 1189
7437 1190
7531 1191
6369 1192
5782 1193
8691 1194
5826 1195
3430 1196
7108 1197
6456 1198
8160 1199
