1100 1300
266 0
7679 1
9096 2
2075 3
9848 4
5918 5
4736 6
8095 7
5880 8
6145 9
634 10
2012 11
6937 12
3517 13
7943 14
2853 15
6735 16
1696 17
9088 18
7373 19
7712 20
6256 21
10101 22
9099 23
9631 24
10493 25
2075 26
4154 27
9895 28
5427 29
10403 30
8724 31
1173 32
10960 33
3711 34
8322 35
7077 36
9528 37
6604 38
5952 39
10987 40
7386 41
9384 42
1923 43
3541 44
2283 45
470 46
3926 47
9781 48
4794 49
5891 50
214 51
5415 52
1873 53
11 54
35 55
1754 56
10990 57
1282 58
2035 59
10053 60
8026 61
4382 62
186 63
2371 64
1877 65
9756 66
1047 67
8703 68
2035 69
3029 70
7250 71
9100 72
7572 73
501 74
1 75
899 76
1641 77
8010 78
3689 79
6360 80
7439 81
4819 82
5456 83
6635 84
9191 85
2022 86
8687 87
7146 88
9896 89
5500 90
10047 91
8472 92
5595 93
2385 94
5770 95
333 96
4986 97
3256 98
4322 99
3559 100
7350 101
9956 102
6455 103
7078 104
10489 105
9086 106
572 107
4251 108
5277 109
9117 110
1994 111
890 112
7840 113
2461 114
8974 115
10159 116
1818 117
10566 118
8470 119
3976 120
2444 121
6736 122
10172 123
3560 124
3589 125
2162 126
1102 127
2697 128
4520 129
7928 130
8548 131
7610 132
8502 133
4967 134
9554 135
1381 136
1543 137
507 138
6176 139
3920 140
1292 141
5786 142
7153 143
5444 144
8768 145
7546 146
7793 147
8307 148
8080 149
7281 150
10102 151
7306 152
4975 153
5790 154
6914 155
7858 156
4811 157
1435 158
273 159
8720 160
6272 161
3533 162
4210 163
8353 164
10150 165
10975 166
4811 167
8037 168
431 169
242 170
2680 171
7488 172
10133 173
5498 174
6594 175
8315 176
1018 177
9581 178
6656 179
226 180
3706 181
10286 182
4893 183
4957 184
4369 185
1563 186
979 187
4480 188
2575 189
10961 190
9851 191
3304 192
2731 193
8381 194
1343 195
7984 196
10498 197
10016 198
10460 199
5038 200
4424 201
6590 202
902 203
10533 204
8925 205
3006 206
7170 207
5849 208
8500 209
6067 210
2727 211
7324 212
6807 213
7265 214
9325 215
1587 216
6826 217
5982 218
710 219
7684 220
7850 221
9249 222
1394 223
8450 224
5467 225
7296 226
9391 227
6161 228
118 229
9965 230
8067 231
10125 232
7501 233
3588 234
4673 235
283 236
5818 237
2263 238
9712 239
8520 240
8730 241
146 242
2795 243
5330 244
4672 245
1978 246
3477 247
7144 248
3027 249
9816 250
3858 251
3435 252
7638 253
1392 254
200 255
10764 256
10880 257
3809 258
9963 259
3623 260
5275 261
6206 262
10302 263
6930 264
9774 265
6638 266
5588 267
10298 268
8756 269
4693 270
8173 271
4122 272
3822 273
10248 274
8180 275
4165 276
4781 277
476 278
10226 279
1276 280
4591 281
9818 282
1313 283
5073 284
5613 285
9190 286
8495 287
4072 288
908 289
4640 290
1217 291
7952 292
7079 293
5315 294
3917 295
264 296
6368 297
4492 298
7737 299
8715 300
10114 301
4727 302
6594 303
2058 304
9966 305
7829 306
5989 307
1175 308
5450 309
7689 310
9118 311
9451 312
3388 313
10414 314
1992 315
10078 316
2521 317
3716 318
875 319
157 320
6377 321
10921 322
7073 323
10852 324
8339 325
10465 326
963 327
5306 328
4472 329
394 330
9273 331
8825 332
3235 333
6852 334
7820 335
8754 336
6889 337
3073 338
5113 339
6846 340
7753 341
3704 342
10762 343
9446 344
457 345
8046 346
10553 347
3032 348
7982 349
2698 350
7661 351
620 352
10706 353
1691 354
6699 355
7499 356
2838 357
1615 358
10669 359
5865 360
9649 361
7542 362
2609 363
4061 364
6514 365
8668 366
2713 367
4375 368
296 369
4263 370
671 371
10836 372
9154 373
7296 374
6606 375
10721 376
3262 377
1493 378
841 379
1987 380
1481 381
3088 382
402 383
10212 384
1723 385
10444 386
8171 387
2313 388
2863 389
2036 390
6431 391
3368 392
7567 393
8324 394
7858 395
7967 396
10679 397
1397 398
5366 399
1995 400
8123 401
7387 402
7553 403
10708 404
10145 405
683 406
9737 407
217 408
8835 409
10198 410
9232 411
6951 412
6553 413
8702 414
10427 415
10251 416
6902 417
6369 418
9563 419
781 420
5896 421
897 422
5665 423
2364 424
7910 425
4102 426
6331 427
8887 428
2238 429
872 430
3864 431
10368 432
10833 433
6355 434
2732 435
6825 436
5757 437
2383 438
1427 439
10898 440
1166 441
3751 442
6593 443
8701 444
6283 445
5316 446
1083 447
7773 448
6795 449
4154 450
3723 451
826 452
7548 453
4939 454
5650 455
10343 456
3847 457
2597 458
9696 459
7747 460
10431 461
10652 462
8739 463
5903 464
3928 465
9425 466
2289 467
4618 468
1968 469
3561 470
670 471
10650 472
8264 473
2254 474
436 475
5688 476
5111 477
10144 478
6303 479
1948 480
9471 481
2400 482
6428 483
4936 484
8439 485
9850 486
4994 487
10433 488
8285 489
10208 490
5521 491
4466 492
10598 493
9584 494
9135 495
4945 496
5599 497
5732 498
4203 499
3268 500
2310 501
2337 502
4050 503
2990 504
10335 505
6461 506
2685 507
1374 508
1116 509
1792 510
4741 511
6178 512
8394 513
2044 514
10323 515
2741 516
3998 517
1706 518
5820 519
9617 520
3542 521
2480 522
10483 523
624 524
9312 525
1133 526
5225 527
5190 528
7158 529
1367 530
4834 531
8557 532
2052 533
1371 534
9551 535
9889 536
2591 537
936 538
4628 539
1918 540
3119 541
1940 542
5543 543
5304 544
7437 545
4977 546
2832 547
4918 548
8372 549
7608 550
3039 551
4195 552
1702 553
2492 554
10740 555
5415 556
1863 557
10766 558
4566 559
5771 560
5966 561
8296 562
8329 563
8224 564
2564 565
6406 566
4900 567
459 568
10610 569
6555 570
3173 571
5068 572
859 573
7648 574
5170 575
3707 576
9732 577
7426 578
1274 579
1003 580
10680 581
6061 582
10898 583
1295 584
2027 585
6631 586
3650 587
506 588
7462 589
8305 590
8608 591
4943 592
8644 593
10590 594
5456 595
9224 596
1995 597
5917 598
4037 599
10816 600
2563 601
5383 602
7537 603
10601 604
10395 605
7334 606
9179 607
4611 608
3370 609
1182 610
10516 611
7543 612
9156 613
3774 614
9479 615
9984 616
8477 617
3214 618
2010 619
5781 620
4554 621
7213 622
8919 623
9149 624
974 625
10578 626
8911 627
5206 628
1918 629
135 630
10941 631
6504 632
7198 633
2887 634
9329 635
1670 636
705 637
8952 638
10283 639
7448 640
10245 641
1779 642
3179 643
4142 644
3478 645
4155 646
10857 647
10003 648
6710 649
10740 650
1606 651
8503 652
8133 653
1701 654
5217 655
5732 656
10537 657
5091 658
9189 659
2709 660
6885 661
145 662
3048 663
8311 664
1358 665
6963 666
1700 667
727 668
2876 669
6622 670
3538 671
9187 672
9665 673
8281 674
8057 675
546 676
7860 677
10658 678
10019 679
8792 680
1958 681
6163 682
2997 683
7802 684
2058 685
1307 686
4528 687
8892 688
8902 689
10594 690
1269 691
4873 692
6858 693
6159 694
1395 695
4182 696
8226 697
810 698
2801 699
1655 700
6627 701
2217 702
3201 703
10604 704
518 705
5595 706
517 707
10693 708
3392 709
7325 710
3887 711
8033 712
5935 713
7867 714
10866 715
9336 716
3712 717
5850 718
4578 719
10589 720
6866 721
4951 722
346 723
8249 724
2585 725
2597 726
7812 727
2486 728
7100 729
6975 730
933 731
325 732
370 733
5477 734
8513 735
671 736
6899 737
6789 738
10569 739
9638 740
5547 741
326 742
5806 743
2950 744
2274 745
5674 746
10187 747
9186 748
6014 749
2254 750
9622 751
499 752
9173 753
7016 754
7359 755
5863 756
665 757
5866 758
7991 759
2451 760
6567 761
10229 762
6217 763
2282 764
574 765
1565 766
9261 767
10275 768
4571 769
4801 770
10383 771
8909 772
7508 773
3949 774
10387 775
2327 776
326 777
1555 778
2844 779
1071 780
546 781
7546 782
5779 783
7528 784
3126 785
2769 786
312 787
1944 788
10084 789
9735 790
9965 791
7672 792
9983 793
8320 794
8214 795
7954 796
2810 797
8350 798
2611 799
1557 800
2762 801
9205 802
3030 803
1141 804
1325 805
7117 806
2971 807
7297 808
6123 809
4143 810
7637 811
6760 812
6780 813
7731 814
7472 815
7243 816
6230 817
9143 818
10816 819
5072 820
7945 821
5957 822
9990 823
3322 824
6710 825
9404 826
4085 827
645 828
8208 829
9710 830
4548 831
2502 832
6283 833
1695 834
8771 835
7360 836
2425 837
9162 838
3504 839
7387 840
10447 841
3677 842
7803 843
7752 844
6920 845
10361 846
4048 847
880 848
2071 849
6160 850
3054 851
2205 852
8097 853
7755 854
9473 855
5641 856
10196 857
9158 858
5702 859
4835 860
1433 861
9030 862
7088 863
7668 864
10142 865
7402 866
6616 867
8685 868
5937 869
3850 870
6423 871
2542 872
5268 873
10131 874
3925 875
2931 876
4199 877
2405 878
5536 879
6559 880
5253 881
1149 882
488 883
8874 884
870 885
3215 886
6507 887
3555 888
5940 889
2047 890
3668 891
7409 892
8970 893
9922 894
10817 895
6948 896
394 897
2689 898
4399 899
763 900
5389 901
1647 902
9143 903
2036 904
8678 905
7779 906
5825 907
8727 908
7276 909
2957 910
3745 911
5130 912
5218 913
4229 914
832 915
8783 916
2989 917
2628 918
2853 919
5159 920
9076 921
20 922
9927 923
6561 924
2026 925
1925 926
8731 927
7906 928
1752 929
8479 930
5053 931
5073 932
7121 933
10425 934
7434 935
3902 936
3757 937
5865 938
3002 939
2294 940
7097 941
1989 942
10269 943
3349 944
6855 945
1000 946
1391 947
3640 948
10539 949
1888 950
878 951
6906 952
1641 953
7049 954
9413 955
8238 956
1702 957
8721 958
5730 959
6212 960
9227 961
1948 962
7052 963
8293 964
1718 965
6045 966
10178 967
5166 968
9801 969
4631 970
4982 971
1841 972
6383 973
8423 974
96 975
5973 976
5418 977
6218 978
5807 979
9712 980
414 981
10439 982
10719 983
2926 984
39 985
7320 986
3376 987
1078 988
9258 989
6412 990
10780 991
5837 992
3448 993
4441 994
5407 995
8179 996
1120 997
792 998
128 999
4621 1000
2836 1001
10975 1002
5853 1003
8995 1004
458 1005
3301 1006
9588 1007
4704 1008
8048 1009
7666 1010
4734 1011
1089 1012
6264 1013
10083 1014
6084 1015
3295 1016
4158 1017
5454 1018
8764 1019
5341 1020
689 1021
1321 1022
7634 1023
7701 1024
2505 1025
7633 1026
10508 1027
4119 1028
7291 1029
5358 1030
8950 1031
7501 1032
2583 1033
2298 1034
7651 1035
7130 1036
5300 1037
7571 1038
7752 1039
3985 1040
482 1041
5391 1042
569 1043
6628 1044
8520 1045
10132 1046
7684 1047
2195 1048
97 1049
3542 1050
2055 1051
332 1052
7026 1053
16 1054
10136 1055
3477 1056
9345 1057
4143 1058
9934 1059
10942 1060
10745 1061
520 1062
9311 1063
2170 1064
4652 1065
1409 1066
10513 1067
6680 1068
2839 1069
6107 1070
4023 1071
9100 1072
10811 1073
6128 1074
5622 1075
9551 1076
9169 1077
9097 1078
9528 1079
7541 1080
8729 1081
4545 1082
3425 1083
10450 1084
6154 1085
4337 1086
4678 1087
7728 1088
4779 1089
5170 1090
9042 1091
9901 1092
4340 1093
8501 1094
8811 1095
6819 1096
9083 1097
677 1098
8988 1099
