1350 1350
6445 0
49 1
6496 2
4816 3
6935 4
2489 5
4472 6
9776 7
4818 8
12067 9
7440 10
12630 11
7865 12
106 13
151 14
7957 15
1455 16
5801 17
10631 18
2707 19
12884 20
2237 21
11761 22
3561 23
488 24
11231 25
4511 26
4823 27
6276 28
11539 29
4076 30
8614 31
5327 32
568 33
2371 34
7456 35
5627 36
8866 37
4489 38
121 39
12656 40
2135 41
2283 42
680 43
9936 44
4813 45
4202 46
2810 47
10957 48
7376 49
12510 50
4855 51
9585 52
12086 53
11904 54
962 55
7981 56
10882 57
11627 58
396 59
10419 60
3527 61
6553 62
6846 63
2407 64
5365 65
12337 66
11532 67
12706 68
11716 69
3643 70
5896 71
12270 72
3877 73
5201 74
6532 75
2049 76
2965 77
12844 78
7037 79
6770 80
3069 81
1139 82
10232 83
6902 84
5631 85
2213 86
10286 87
3154 88
10177 89
932 90
12738 91
11618 92
10132 93
6071 94
2780 95
3378 96
5458 97
1195 98
4099 99
11321 100
11084 101
12365 102
5606 103
396 104
3099 105
164 106
4665 107
12127 108
12746 109
7364 110
10926 111
3218 112
12615 113
9048 114
3074 115
7253 116
11593 117
8527 118
1085 119
4350 120
4728 121
8367 122
13087 123
11406 124
12138 125
13125 126
6726 127
13203 128
5803 129
5101 130
12659 131
5267 132
13421 133
5434 134
1156 135
12872 136
5231 137
3409 138
3332 139
11199 140
6777 141
9134 142
5649 143
4717 144
3590 145
6451 146
8890 147
1187 148
11008 149
10393 150
6124 151
6342 152
10599 153
1296 154
13213 155
5582 156
6050 157
7299 158
10176 159
8655 160
1586 161
7068 162
7391 163
374 164
9969 165
2246 166
2978 167
10411 168
2636 169
4391 170
12367 171
2224 172
740 173
1430 174
9527 175
6531 176
6710 177
11872 178
5067 179
6176 180
10281 181
678 182
7902 183
1034 184
12665 185
9947 186
9644 187
7399 188
6562 189
762 190
8496 191
13270 192
3990 193
9791 194
4437 195
2071 196
1841 197
596 198
9834 199
7510 200
6882 201
1832 202
4206 203
1519 204
12486 205
1972 206
7197 207
12951 208
1097 209
10068 210
11033 211
12719 212
6938 213
5956 214
5881 215
8037 216
5871 217
1925 218
11186 219
10275 220
11530 221
9645 222
5236 223
2081 224
10478 225
13283 226
8340 227
2732 228
11102 229
11596 230
10923 231
437 232
12011 233
4158 234
11769 235
6313 236
6263 237
7754 238
7629 239
215 240
5153 241
13237 242
1221 243
1171 244
1620 245
6010 246
4236 247
819 248
13478 249
12660 250
13357 251
4706 252
6404 253
3298 254
2860 255
7764 256
8040 257
5731 258
5211 259
8616 260
9747 261
1557 262
1371 263
8766 264
10573 265
9526 266
7989 267
5020 268
586 269
6349 270
13107 271
11770 272
10839 273
6690 274
10120 275
8326 276
4997 277
3703 278
11432 279
8947 280
9044 281
12665 282
1646 283
327 284
7919 285
4130 286
558 287
5480 288
7574 289
2472 290
3987 291
9765 292
13263 293
4665 294
11938 295
5216 296
1089 297
7265 298
3426 299
11684 300
12389 301
4084 302
4430 303
7691 304
3387 305
5525 306
8511 307
13283 308
5467 309
8144 310
2449 311
12257 312
12377 313
13356 314
7330 315
4772 316
6699 317
4430 318
195 319
1810 320
3197 321
8622 322
4851 323
13148 324
3687 325
2964 326
2522 327
2208 328
2559 329
8583 330
276 331
8135 332
12374 333
2341 334
11950 335
10624 336
6022 337
8156 338
8259 339
10016 340
12342 341
4265 342
10899 343
9669 344
612 345
4347 346
7145 347
7934 348
2372 349
7299 350
11651 351
250 352
12765 353
13141 354
7444 355
11412 356
10766 357
12098 358
1163 359
8747 360
5124 361
6987 362
2043 363
5464 364
10188 365
2064 366
9319 367
447 368
2430 369
2062 370
9350 371
7889 372
13153 373
8580 374
5317 375
12041 376
1499 377
11697 378
11190 379
8974 380
8839 381
10792 382
10577 383
3233 384
2163 385
1676 386
12458 387
6209 388
138 389
10011 390
5019 391
11560 392
3144 393
1057 394
6866 395
6711 396
1482 397
4161 398
4890 399
1284 400
9936 401
3412 402
453 403
7254 404
3440 405
6144 406
7311 407
3386 408
443 409
1494 410
9499 411
2057 412
7402 413
2886 414
3503 415
2393 416
11531 417
9896 418
12472 419
12965 420
152 421
1741 422
1971 423
949 424
4089 425
9009 426
6730 427
3515 428
6294 429
12890 430
3661 431
10886 432
2899 433
12524 434
5666 435
503 436
2352 437
6996 438
5084 439
6130 440
10672 441
13127 442
5948 443
9036 444
6761 445
9087 446
717 447
6119 448
4122 449
10750 450
11543 451
11740 452
10579 453
342 454
7912 455
4449 456
5203 457
10283 458
13427 459
6696 460
12849 461
6602 462
11933 463
1144 464
9442 465
11933 466
11528 467
11327 468
2672 469
5495 470
12117 471
8754 472
3898 473
11643 474
4486 475
11944 476
10320 477
12262 478
2470 479
1563 480
85 481
6194 482
3270 483
13128 484
10188 485
9637 486
486 487
11683 488
13299 489
9740 490
4672 491
377 492
4415 493
1731 494
283 495
12523 496
3878 497
12131 498
8739 499
3684 500
5532 501
5569 502
1104 503
8044 504
5239 505
6192 506
9202 507
9968 508
12074 509
12690 510
3959 511
11951 512
12577 513
10638 514
4321 515
12337 516
6566 517
4061 518
4304 519
9822 520
945 521
336 522
7769 523
4711 524
6208 525
2669 526
11742 527
3282 528
10420 529
10258 530
2906 531
1912 532
5136 533
12748 534
11167 535
2493 536
1211 537
8893 538
13141 539
10033 540
11524 541
6111 542
9656 543
9904 544
12397 545
9362 546
4929 547
12392 548
6871 549
6233 550
5134 551
10528 552
6337 553
11581 554
1845 555
1206 556
9770 557
497 558
3350 559
13060 560
6225 561
6826 562
494 563
6005 564
8556 565
13205 566
6739 567
4293 568
8372 569
3952 570
4529 571
7302 572
9931 573
7003 574
4384 575
5091 576
3580 577
7887 578
3516 579
13205 580
1810 581
1348 582
1286 583
10661 584
2927 585
7059 586
3663 587
9550 588
5405 589
7173 590
11868 591
5561 592
7831 593
6140 594
7580 595
4265 596
11586 597
4220 598
3777 599
323 600
1532 601
8818 602
12105 603
7486 604
7010 605
3183 606
7136 607
8879 608
11478 609
12207 610
1147 611
13150 612
1743 613
12339 614
10619 615
2662 616
6039 617
12432 618
12383 619
11535 620
289 621
4139 622
12968 623
7942 624
1839 625
12040 626
13409 627
3892 628
5023 629
4777 630
3853 631
5593 632
12967 633
812 634
11216 635
3201 636
9199 637
6774 638
1483 639
7511 640
11843 641
7458 642
5206 643
13045 644
2549 645
11303 646
4463 647
8582 648
12122 649
12602 650
11926 651
11998 652
11751 653
8422 654
10520 655
12881 656
1819 657
1920 658
3000 659
12163 660
12487 661
2979 662
3747 663
3685 664
3056 665
455 666
8863 667
6829 668
8926 669
2792 670
7760 671
7035 672
2993 673
2475 674
11106 675
1891 676
2941 677
1798 678
5334 679
4688 680
9353 681
10275 682
8511 683
5389 684
9408 685
4461 686
2373 687
6053 688
9361 689
4577 690
188 691
1141 692
5650 693
12659 694
10519 695
2047 696
582 697
12749 698
2770 699
3564 700
12394 701
561 702
10497 703
5153 704
2117 705
5412 706
4888 707
1404 708
433 709
7033 710
8004 711
2119 712
2209 713
8358 714
4447 715
3609 716
7863 717
11383 718
6319 719
13058 720
899 721
10179 722
10900 723
8315 724
3589 725
8539 726
2984 727
508 728
2420 729
12950 730
12297 731
4466 732
9056 733
1891 734
12439 735
9568 736
486 737
3845 738
875 739
13397 740
9643 741
9695 742
1469 743
10740 744
13114 745
1960 746
7807 747
3713 748
7768 749
316 750
11098 751
4039 752
2470 753
9534 754
9708 755
8695 756
8298 757
8252 758
11528 759
5138 760
10489 761
11698 762
5332 763
3611 764
4054 765
4413 766
3441 767
7294 768
12441 769
9266 770
12291 771
509 772
9151 773
8637 774
4151 775
4525 776
10253 777
4904 778
2030 779
4946 780
2691 781
635 782
5062 783
2809 784
1177 785
11251 786
8551 787
3452 788
5953 789
9615 790
12843 791
9644 792
1135 793
11207 794
856 795
7114 796
3231 797
9787 798
7525 799
3791 800
10955 801
358 802
11684 803
2037 804
4375 805
8763 806
11262 807
9964 808
2044 809
12096 810
8708 811
7849 812
9705 813
13293 814
4306 815
8589 816
1263 817
8523 818
8951 819
12363 820
7686 821
10935 822
10745 823
3384 824
12500 825
5374 826
12230 827
1595 828
3629 829
5764 830
4267 831
8336 832
4407 833
12017 834
6353 835
4696 836
11496 837
244 838
6426 839
9082 840
3379 841
7780 842
10014 843
3697 844
5064 845
5419 846
4177 847
5666 848
1167 849
7697 850
13370 851
3665 852
12072 853
1582 854
8036 855
13393 856
11920 857
11963 858
1630 859
1490 860
9918 861
9202 862
6190 863
9859 864
7013 865
12492 866
4211 867
5818 868
12927 869
7448 870
12522 871
11588 872
6962 873
2577 874
12311 875
473 876
1683 877
5387 878
2972 879
9902 880
4195 881
12157 882
2525 883
8957 884
630 885
1751 886
13477 887
464 888
3913 889
12596 890
1352 891
5097 892
4472 893
8744 894
553 895
8386 896
4878 897
11088 898
1690 899
7331 900
3303 901
1649 902
9912 903
8097 904
2184 905
11907 906
12454 907
8653 908
7015 909
10475 910
5943 911
4631 912
12298 913
12570 914
2247 915
11783 916
6958 917
4214 918
12712 919
8091 920
9972 921
6147 922
494 923
9762 924
3275 925
2082 926
5655 927
1193 928
9738 929
11783 930
2319 931
11318 932
3692 933
4550 934
9509 935
3384 936
3789 937
1817 938
10863 939
2054 940
4346 941
6273 942
2142 943
5067 944
2503 945
498 946
3116 947
4158 948
1887 949
6260 950
990 951
8294 952
12891 953
1319 954
6453 955
13453 956
8989 957
2773 958
657 959
9733 960
5951 961
11038 962
4062 963
6820 964
8022 965
9197 966
7413 967
1268 968
2974 969
517 970
3622 971
7384 972
2438 973
13149 974
3167 975
9991 976
5938 977
731 978
8402 979
11504 980
1900 981
10356 982
615 983
3169 984
7811 985
13479 986
8171 987
3683 988
9320 989
3774 990
6254 991
7451 992
7404 993
7149 994
5173 995
7078 996
4932 997
5969 998
12163 999
12815 1000
6214 1001
6514 1002
6932 1003
13475 1004
13410 1005
5710 1006
2460 1007
5589 1008
3018 1009
6931 1010
4318 1011
8218 1012
4466 1013
4031 1014
3952 1015
4523 1016
5051 1017
11689 1018
8395 1019
4568 1020
3367 1021
9597 1022
13328 1023
10787 1024
2764 1025
1909 1026
12245 1027
701 1028
7245 1029
1184 1030
1282 1031
9905 1032
1095 1033
9364 1034
9638 1035
7668 1036
9889 1037
1294 1038
9135 1039
7451 1040
592 1041
3280 1042
8012 1043
9100 1044
4855 1045
7011 1046
3324 1047
10999 1048
3879 1049
4082 1050
7910 1051
4004 1052
1410 1053
5527 1054
5422 1055
5316 1056
2800 1057
3951 1058
11614 1059
1165 1060
8618 1061
1107 1062
6598 1063
10026 1064
7927 1065
5142 1066
2880 1067
11914 1068
10679 1069
7550 1070
1273 1071
2842 1072
8751 1073
8869 1074
9030 1075
7145 1076
7901 1077
3114 1078
1700 1079
759 1080
475 1081
9564 1082
12956 1083
6570 1084
3459 1085
13248 1086
5254 1087
11401 1088
11605 1089
11043 1090
8066 1091
4146 1092
12730 1093
916 1094
13373 1095
9406 1096
798 1097
10463 1098
10405 1099
7024 1100
13499 1101
12787 1102
13291 1103
4403 1104
3869 1105
7889 1106
4653 1107
3974 1108
10288 1109
5599 1110
10689 1111
3719 1112
7582 1113
7879 1114
13328 1115
6272 1116
1650 1117
4510 1118
6900 1119
7574 1120
10830 1121
4799 1122
2966 1123
9157 1124
2329 1125
11740 1126
6381 1127
10767 1128
2850 1129
6363 1130
3228 1131
13476 1132
2875 1133
5974 1134
4077 1135
11328 1136
8727 1137
5398 1138
9114 1139
12654 1140
10351 1141
12696 1142
386 1143
12711 1144
4018 1145
5352 1146
668 1147
2719 1148
1178 1149
8282 1150
7453 1151
4917 1152
3462 1153
5806 1154
11138 1155
5386 1156
4358 1157
9244 1158
10719 1159
819 1160
12871 1161
10026 1162
12958 1163
5685 1164
8861 1165
81 1166
4260 1167
751 1168
11497 1169
8776 1170
11286 1171
11386 1172
1595 1173
9460 1174
11366 1175
2634 1176
6734 1177
10222 1178
8522 1179
10110 1180
557 1181
11106 1182
2772 1183
13200 1184
3869 1185
9589 1186
6995 1187
12665 1188
9158 1189
2647 1190
10170 1191
2660 1192
2164 1193
12677 1194
12507 1195
12083 1196
10239 1197
8344 1198
747 1199
4527 1200
7636 1201
12643 1202
7277 1203
5754 1204
2144 1205
11151 1206
12621 1207
5686 1208
7722 1209
4455 1210
5149 1211
10193 1212
12759 1213
9374 1214
8108 1215
10475 1216
951 1217
9383 1218
4506 1219
1055 1220
23 1221
12734 1222
2091 1223
8033 1224
8288 1225
13197 1226
6769 1227
11003 1228
4697 1229
90 1230
10180 1231
12919 1232
9593 1233
5289 1234
5707 1235
5606 1236
7996 1237
10263 1238
1963 1239
13086 1240
9334 1241
10040 1242
11322 1243
6637 1244
2651 1245
6308 1246
1352 1247
5332 1248
11816 1249
13040 1250
7453 1251
5068 1252
11157 1253
8380 1254
1718 1255
9563 1256
12146 1257
1091 1258
3763 1259
3416 1260
10071 1261
4658 1262
10402 1263
7342 1264
5702 1265
6679 1266
8314 1267
11399 1268
10136 1269
6272 1270
12736 1271
8992 1272
13440 1273
5827 1274
13104 1275
1307 1276
9564 1277
8350 1278
3049 1279
1968 1280
9410 1281
1445 1282
3324 1283
4586 1284
11762 1285
10520 1286
12599 1287
10827 1288
2130 1289
13229 1290
5097 1291
7265 1292
6019 1293
4332 1294
11353 1295
4575 1296
9307 1297
8983 1298
737 1299
1757 1300
5349 1301
13060 1302
2446 1303
4328 1304
9507 1305
10823 1306
13100 1307
4250 1308
8055 1309
2548 1310
2941 1311
10622 1312
1020 1313
6500 1314
9589 1315
4776 1316
3973 1317
8576 1318
2428 1319
4137 1320
7716 1321
9902 1322
11438 1323
2749 1324
3659 1325
7935 1326
6571 1327
4737 1328
7503 1329
5743 1330
11229 1331
9139 1332
3311 1333
4436 1334
6574 1335
5496 1336
723 1337
2402 1338
9544 1339
8739 1340
836 1341
3646 1342
8913 1343
5683 1344
11664 1345
2324 1346
8472 1347
6269 1348
9119 1349
