150 1400
730 0
674 1
876 2
747 3
837 4
1228 5
665 6
248 7
907 8
1315 9
1316 10
835 11
1317 12
1429 13
912 14
196 15
284 16
533 17
1478 18
492 19
835 20
990 21
304 22
469 23
514 24
403 25
397 26
1487 27
932 28
603 29
1029 30
267 31
1312 32
1301 33
312 34
558 35
594 36
1401 37
559 38
1097 39
144 40
706 41
707 42
790 43
987 44
1126 45
168 46
1357 47
1456 48
367 49
549 50
1424 51
109 52
160 53
1134 54
892 55
230 56
1431 57
1151 58
662 59
1360 60
46 61
669 62
669 63
1342 64
1250 65
408 66
655 67
660 68
1143 69
1449 70
223 71
556 72
749 73
366 74
991 75
214 76
1271 77
1480 78
1212 79
394 80
181 81
171 82
444 83
155 84
980 85
633 86
408 87
319 88
733 89
390 90
469 91
1201 92
879 93
1481 94
326 95
565 96
774 97
1175 98
612 99
720 100
411 101
1445 102
608 103
664 104
278 105
1409 106
535 107
908 108
1341 109
451 110
700 111
812 112
634 113
304 114
365 115
304 116
556 117
634 118
171 119
647 120
614 121
471 122
808 123
512 124
1002 125
913 126
1074 127
61 128
676 129
1018 130
1176 131
1235 132
44 133
1461 134
635 135
538 136
627 137
1392 138
122 139
437 140
797 141
1446 142
1466 143
13 144
171 145
442 146
662 147
505 148
212 149
