1050 1650
5470 0
8922 1
6841 2
10229 3
939 4
9566 5
1023 6
4070 7
8683 8
2634 9
8065 10
5281 11
6033 12
7690 13
211 14
6490 15
9221 16
5874 17
6274 18
10307 19
988 20
10138 21
7859 22
7647 23
9258 24
9854 25
7187 26
1057 27
6990 28
2318 29
8033 30
5922 31
240 32
7051 33
8711 34
10080 35
950 36
8535 37
7344 38
1857 39
9975 40
8802 41
5615 42
6919 43
7621 44
9214 45
2536 46
10290 47
8692 48
6299 49
8476 50
1812 51
2596 52
9461 53
2799 54
199 55
3981 56
7425 57
4522 58
4047 59
3868 60
9800 61
9905 62
3929 63
6804 64
7144 65
5383 66
8093 67
8767 68
1974 69
1262 70
65 71
8321 72
791 73
3208 74
2847 75
5817 76
4745 77
2158 78
931 79
8550 80
10279 81
8568 82
4700 83
3734 84
3165 85
10008 86
5421 87
606 88
3775 89
2303 90
1788 91
1090 92
1998 93
5721 94
5994 95
1717 96
8442 97
9099 98
6041 99
5568 100
793 101
3397 102
8273 103
250 104
5193 105
5958 106
9069 107
6169 108
9500 109
946 110
8165 111
3783 112
7668 113
534 114
1067 115
6711 116
6026 117
6940 118
4123 119
9256 120
5829 121
1680 122
8689 123
3432 124
7047 125
3180 126
4448 127
4467 128
416 129
10195 130
8404 131
6384 132
7301 133
5902 134
6314 135
7 136
5190 137
1605 138
1847 139
163 140
7301 141
2669 142
7517 143
2843 144
7091 145
6698 146
10030 147
762 148
951 149
3422 150
8896 151
3804 152
1534 153
7972 154
5199 155
813 156
6094 157
10062 158
1192 159
7211 160
2580 161
6789 162
7947 163
5237 164
5523 165
3745 166
3904 167
10108 168
3391 169
5962 170
938 171
1702 172
2997 173
8944 174
1575 175
6998 176
4362 177
1238 178
65 179
6621 180
2083 181
3195 182
2886 183
4343 184
9876 185
7988 186
6992 187
1903 188
4544 189
3087 190
2611 191
5855 192
9566 193
4711 194
9321 195
9530 196
3158 197
3794 198
2990 199
7496 200
6541 201
3674 202
1064 203
6243 204
5888 205
10208 206
8286 207
5786 208
1708 209
705 210
73 211
8218 212
10128 213
7980 214
5189 215
10490 216
3576 217
6165 218
7794 219
4376 220
3991 221
9271 222
6979 223
9171 224
6604 225
6565 226
5630 227
135 228
4813 229
7686 230
907 231
5222 232
9595 233
5309 234
723 235
2076 236
6875 237
8771 238
7730 239
7122 240
3446 241
4900 242
1210 243
4202 244
9575 245
3056 246
6414 247
5385 248
1781 249
2834 250
3486 251
491 252
6578 253
3668 254
7496 255
2981 256
8723 257
5432 258
7549 259
2060 260
1529 261
9995 262
3127 263
1057 264
4478 265
4444 266
2122 267
2124 268
724 269
1355 270
2 271
4119 272
2388 273
4166 274
5351 275
10313 276
10182 277
7684 278
980 279
5897 280
4282 281
364 282
8532 283
6753 284
3096 285
8008 286
6083 287
7708 288
9253 289
2058 290
1121 291
10060 292
6015 293
2277 294
9713 295
7522 296
8271 297
1654 298
7738 299
4954 300
2761 301
6528 302
9725 303
4113 304
6676 305
3039 306
5803 307
5018 308
1695 309
8654 310
7198 311
7816 312
3535 313
477 314
2276 315
6641 316
10377 317
1078 318
1638 319
1607 320
4365 321
2715 322
8318 323
4667 324
4358 325
4436 326
10147 327
10458 328
9251 329
8593 330
6158 331
9746 332
3807 333
4383 334
7618 335
6752 336
6254 337
6129 338
238 339
764 340
4773 341
8707 342
5639 343
4981 344
1430 345
5422 346
2397 347
4815 348
4404 349
3814 350
2380 351
4231 352
7084 353
2647 354
5993 355
5134 356
4836 357
9075 358
2457 359
6200 360
4664 361
8916 362
9010 363
4800 364
9040 365
9324 366
4040 367
7202 368
10484 369
8698 370
9224 371
884 372
330 373
6545 374
5074 375
7896 376
3810 377
3481 378
9511 379
8598 380
5027 381
4517 382
3251 383
8351 384
4009 385
9989 386
3785 387
1668 388
1063 389
1712 390
7507 391
1345 392
2553 393
5770 394
2426 395
6310 396
6886 397
5949 398
2598 399
295 400
5499 401
9125 402
782 403
115 404
4492 405
6228 406
2001 407
403 408
7780 409
9348 410
9635 411
10463 412
10132 413
5763 414
7590 415
5493 416
339 417
9723 418
2696 419
7469 420
9353 421
1653 422
7574 423
10358 424
7014 425
4718 426
5319 427
10068 428
6410 429
7550 430
602 431
4420 432
7110 433
7197 434
3651 435
8287 436
789 437
3381 438
4439 439
10210 440
7382 441
3850 442
16 443
1863 444
6375 445
4550 446
8712 447
1992 448
6096 449
5948 450
8691 451
2940 452
4216 453
8022 454
5466 455
6034 456
9014 457
3475 458
3320 459
3023 460
595 461
6239 462
8719 463
3401 464
1120 465
5422 466
3483 467
4774 468
1985 469
8040 470
5893 471
2970 472
9608 473
8775 474
6701 475
9852 476
2620 477
1114 478
349 479
8782 480
6050 481
2585 482
6534 483
9670 484
6410 485
804 486
7146 487
4667 488
2531 489
7582 490
74 491
3671 492
1583 493
3226 494
1325 495
2514 496
2512 497
585 498
648 499
3745 500
8565 501
7389 502
666 503
5161 504
2193 505
6485 506
10080 507
4866 508
8570 509
9060 510
366 511
2528 512
10039 513
1936 514
1892 515
6885 516
8982 517
2197 518
1236 519
1969 520
9786 521
10142 522
6986 523
7835 524
1956 525
7367 526
3574 527
9686 528
3174 529
283 530
6365 531
4691 532
5837 533
3274 534
86 535
6895 536
872 537
3270 538
4317 539
3506 540
5099 541
1211 542
5617 543
595 544
7553 545
2556 546
5269 547
7736 548
5797 549
5466 550
6624 551
5110 552
3326 553
9480 554
7297 555
5691 556
2653 557
4041 558
6318 559
1061 560
10118 561
2535 562
6306 563
8704 564
6645 565
6447 566
4179 567
464 568
1415 569
6229 570
7649 571
1567 572
9172 573
9570 574
4532 575
3274 576
1636 577
8097 578
6761 579
4008 580
2153 581
5798 582
6837 583
1669 584
2628 585
9941 586
6044 587
1653 588
184 589
6673 590
7865 591
3726 592
31 593
4002 594
7462 595
8655 596
6035 597
8196 598
7292 599
4934 600
4755 601
8431 602
4390 603
3651 604
2507 605
8376 606
5774 607
2715 608
7885 609
9739 610
3623 611
3741 612
3298 613
1240 614
3098 615
9651 616
1467 617
3270 618
3526 619
4387 620
417 621
8692 622
576 623
6217 624
628 625
7066 626
4992 627
4586 628
5037 629
10187 630
3324 631
6957 632
4123 633
5191 634
3103 635
7575 636
6730 637
9810 638
968 639
9673 640
5620 641
4028 642
852 643
4092 644
4991 645
8716 646
3293 647
9031 648
5330 649
3025 650
7512 651
4086 652
9476 653
10030 654
9476 655
6929 656
10307 657
3794 658
5745 659
3155 660
7100 661
10233 662
1861 663
5268 664
1934 665
8873 666
2384 667
2269 668
1250 669
1801 670
439 671
6001 672
5046 673
9773 674
3071 675
2040 676
6516 677
912 678
1845 679
2116 680
7645 681
6933 682
10324 683
8612 684
9792 685
1291 686
3051 687
2880 688
4351 689
1064 690
9455 691
3564 692
4877 693
4275 694
6714 695
10079 696
10241 697
4381 698
2925 699
2494 700
4863 701
8421 702
5827 703
8875 704
7141 705
3604 706
2374 707
7738 708
6127 709
969 710
5662 711
5919 712
7659 713
2342 714
8133 715
4378 716
5573 717
10289 718
862 719
4275 720
4372 721
3986 722
1855 723
7213 724
7157 725
8732 726
6082 727
9793 728
4546 729
7929 730
145 731
7675 732
6077 733
2313 734
1700 735
788 736
7680 737
6608 738
9192 739
3357 740
8360 741
8946 742
3094 743
1473 744
5537 745
10249 746
8647 747
5665 748
1997 749
2081 750
7061 751
7870 752
896 753
8487 754
1264 755
2142 756
5961 757
2159 758
8263 759
10119 760
1097 761
895 762
4861 763
6320 764
541 765
7704 766
426 767
2950 768
4862 769
1597 770
10282 771
1454 772
3922 773
6567 774
7065 775
5360 776
9281 777
3655 778
4341 779
10202 780
7092 781
5509 782
3558 783
4235 784
2700 785
8180 786
7470 787
8527 788
4212 789
1139 790
4761 791
7786 792
9457 793
32 794
1051 795
8204 796
6853 797
4441 798
4399 799
237 800
2594 801
2779 802
1327 803
4658 804
6760 805
8211 806
8000 807
6389 808
7766 809
7271 810
2229 811
2916 812
2807 813
2268 814
832 815
187 816
4257 817
9167 818
8643 819
5521 820
4666 821
4803 822
1610 823
4767 824
2880 825
3606 826
9219 827
123 828
7329 829
5719 830
1702 831
8588 832
7550 833
2188 834
386 835
4884 836
1346 837
10377 838
9160 839
3608 840
10314 841
9572 842
10306 843
5257 844
2273 845
2868 846
8664 847
5831 848
4338 849
6751 850
2393 851
1714 852
604 853
4328 854
408 855
9545 856
8839 857
2998 858
3438 859
6681 860
794 861
2195 862
1730 863
2331 864
3795 865
274 866
5674 867
7216 868
7183 869
6314 870
44 871
8564 872
141 873
732 874
7824 875
2943 876
9343 877
8113 878
3433 879
4156 880
3848 881
1181 882
3023 883
4266 884
7992 885
6573 886
9105 887
5245 888
8433 889
339 890
2537 891
4819 892
9835 893
1610 894
9736 895
5731 896
4397 897
4383 898
9031 899
796 900
5698 901
162 902
3896 903
4265 904
5728 905
7733 906
3442 907
309 908
7416 909
3470 910
7978 911
1673 912
5681 913
1508 914
595 915
501 916
5643 917
4198 918
670 919
5691 920
1550 921
1147 922
3864 923
7645 924
2499 925
8492 926
7381 927
6472 928
4463 929
263 930
9846 931
3659 932
7649 933
9340 934
4450 935
2787 936
5302 937
8640 938
9515 939
7969 940
1892 941
572 942
6860 943
2970 944
5114 945
8497 946
2009 947
8961 948
4720 949
7713 950
7833 951
4231 952
905 953
853 954
7037 955
5230 956
1067 957
5814 958
9153 959
6841 960
8715 961
5498 962
7753 963
2447 964
2562 965
2150 966
2101 967
5031 968
9101 969
5183 970
1422 971
1251 972
751 973
9956 974
2778 975
6029 976
9920 977
409 978
8698 979
8756 980
8100 981
8641 982
6983 983
1565 984
5749 985
3828 986
977 987
4964 988
5382 989
3454 990
10177 991
7578 992
5743 993
2576 994
9458 995
2070 996
8249 997
3928 998
1788 999
2365 1000
6393 1001
7379 1002
2803 1003
5840 1004
1611 1005
5115 1006
614 1007
1465 1008
7985 1009
6200 1010
2983 1011
3247 1012
9686 1013
6177 1014
9527 1015
6586 1016
9962 1017
9752 1018
2264 1019
7926 1020
2725 1021
2557 1022
34 1023
1491 1024
9305 1025
8179 1026
3463 1027
9014 1028
3901 1029
10124 1030
8819 1031
8850 1032
5456 1033
3263 1034
4392 1035
9540 1036
1982 1037
2026 1038
2256 1039
1798 1040
4577 1041
773 1042
5094 1043
1437 1044
9738 1045
1994 1046
6862 1047
2949 1048
10401 1049
