1650 1400
10049 0
11587 1
5431 2
7096 3
11223 4
294 5
7068 6
1014 7
9624 8
13956 9
10731 10
1998 11
8532 12
6248 13
15987 14
10747 15
12318 16
14360 17
2006 18
6858 19
13315 20
11977 21
12979 22
16311 23
16475 24
14290 25
7961 26
15422 27
14712 28
3379 29
4917 30
7168 31
6232 32
9820 33
10999 34
1509 35
4932 36
4066 37
4632 38
7884 39
3532 40
9467 41
7611 42
15701 43
15930 44
4259 45
8202 46
13919 47
16443 48
16123 49
2899 50
5023 51
9591 52
2900 53
4629 54
14151 55
16052 56
1480 57
7028 58
6652 59
10858 60
10011 61
1316 62
13549 63
13544 64
3473 65
7345 66
1314 67
13224 68
11371 69
4928 70
10427 71
982 72
4408 73
6687 74
9417 75
3443 76
3659 77
14158 78
11026 79
5025 80
11520 81
9863 82
14457 83
2863 84
13884 85
697 86
2494 87
12453 88
13642 89
8442 90
10418 91
9542 92
14743 93
15238 94
14472 95
13626 96
1744 97
7208 98
16346 99
4827 100
12952 101
6183 102
9045 103
3245 104
2812 105
3878 106
4933 107
1054 108
8746 109
7976 110
13319 111
8232 112
12938 113
9978 114
3039 115
1711 116
1297 117
13668 118
3212 119
6526 120
12733 121
4279 122
10525 123
15158 124
15445 125
7864 126
8340 127
571 128
1572 129
2785 130
9911 131
12930 132
16107 133
10500 134
14947 135
5540 136
12634 137
2832 138
11119 139
11898 140
11332 141
8365 142
488 143
6491 144
11818 145
7852 146
5033 147
15341 148
6826 149
14187 150
12908 151
3774 152
4336 153
7019 154
7872 155
15254 156
10345 157
10297 158
12685 159
5351 160
13690 161
7563 162
9836 163
2329 164
299 165
10413 166
14439 167
7770 168
7337 169
3690 170
11286 171
15103 172
4893 173
2584 174
5845 175
6398 176
1289 177
13487 178
634 179
9389 180
8465 181
8197 182
2908 183
1479 184
3459 185
9231 186
5706 187
1492 188
14223 189
15334 190
6525 191
15801 192
1244 193
6660 194
188 195
11558 196
12418 197
3464 198
3283 199
14820 200
2280 201
11151 202
3727 203
3058 204
5520 205
2738 206
14442 207
5909 208
14436 209
10091 210
1811 211
1130 212
13511 213
2344 214
6879 215
10376 216
3822 217
7496 218
7599 219
9648 220
8165 221
7585 222
1445 223
15406 224
14499 225
11080 226
13629 227
5129 228
1679 229
1642 230
11603 231
12338 232
440 233
6415 234
4649 235
632 236
5964 237
11609 238
14368 239
404 240
10665 241
14923 242
8649 243
4293 244
3149 245
12134 246
6218 247
4874 248
4302 249
5769 250
13607 251
5835 252
14910 253
14627 254
7869 255
8205 256
13159 257
15681 258
5469 259
10934 260
6644 261
13415 262
2569 263
14004 264
10158 265
10432 266
729 267
1375 268
1892 269
5804 270
11371 271
10534 272
7038 273
9497 274
11890 275
12306 276
8115 277
8475 278
10053 279
930 280
1258 281
395 282
4542 283
3973 284
9178 285
216 286
11383 287
490 288
3312 289
13920 290
4650 291
13796 292
4010 293
10518 294
12579 295
6793 296
11639 297
13581 298
3881 299
6480 300
7443 301
3525 302
7742 303
2011 304
15264 305
2964 306
16024 307
5454 308
8080 309
5054 310
2799 311
9780 312
15715 313
12971 314
6355 315
2395 316
15120 317
12110 318
6687 319
2218 320
10864 321
13507 322
10921 323
3924 324
1731 325
1020 326
10713 327
4693 328
10303 329
10308 330
6974 331
3987 332
8333 333
12717 334
14226 335
13676 336
5899 337
4404 338
12825 339
6670 340
12699 341
976 342
4985 343
14790 344
11170 345
12243 346
9657 347
15096 348
1909 349
7617 350
1523 351
3100 352
9819 353
10733 354
5955 355
9285 356
2339 357
1287 358
3222 359
1400 360
4611 361
2330 362
10888 363
6566 364
3901 365
5655 366
14004 367
1471 368
6434 369
2282 370
8746 371
1602 372
321 373
7393 374
16223 375
5968 376
822 377
13162 378
8986 379
14574 380
2821 381
6818 382
5774 383
5510 384
357 385
4325 386
5505 387
2351 388
8986 389
4965 390
7189 391
11681 392
2937 393
11087 394
1161 395
5399 396
9915 397
7532 398
15378 399
7481 400
10684 401
10728 402
11131 403
6611 404
3582 405
14126 406
12420 407
1583 408
2095 409
11493 410
5706 411
9118 412
1233 413
9953 414
2133 415
15187 416
10742 417
4495 418
1662 419
13897 420
11642 421
14249 422
4485 423
11133 424
9299 425
15638 426
8033 427
12602 428
12173 429
50 430
13036 431
10523 432
8660 433
13584 434
7787 435
3489 436
5499 437
9088 438
370 439
16133 440
4162 441
11209 442
15233 443
5645 444
12203 445
11695 446
15595 447
12489 448
5398 449
11124 450
252 451
1348 452
3155 453
9011 454
1290 455
15942 456
13146 457
7054 458
6889 459
1660 460
10355 461
9630 462
9757 463
4345 464
15050 465
7459 466
14173 467
8092 468
1921 469
7980 470
8261 471
13838 472
15436 473
6902 474
2877 475
4050 476
6707 477
9843 478
2071 479
11284 480
14361 481
4449 482
5504 483
3197 484
9704 485
6369 486
6061 487
12960 488
39 489
8254 490
12712 491
795 492
10742 493
12679 494
4961 495
16170 496
16281 497
7706 498
13187 499
16109 500
2195 501
11236 502
3818 503
15372 504
12201 505
4197 506
3680 507
1040 508
2244 509
5746 510
10104 511
15169 512
12327 513
4843 514
4684 515
9835 516
13302 517
4368 518
15798 519
4989 520
15150 521
5923 522
3341 523
10848 524
9289 525
1460 526
224 527
3260 528
363 529
15247 530
9435 531
2545 532
14702 533
3735 534
13623 535
14911 536
6711 537
15730 538
14755 539
5594 540
8151 541
3992 542
8234 543
7223 544
1325 545
2898 546
884 547
6121 548
13676 549
13995 550
1479 551
1614 552
13282 553
10118 554
2057 555
6189 556
1288 557
8427 558
11888 559
6014 560
752 561
5618 562
9066 563
11008 564
12551 565
12686 566
7690 567
11052 568
13816 569
9509 570
5693 571
15899 572
8287 573
10034 574
5431 575
6433 576
458 577
9283 578
12427 579
2823 580
5829 581
5586 582
12300 583
885 584
12426 585
5623 586
12886 587
3156 588
14504 589
9827 590
7127 591
9098 592
15550 593
1451 594
9503 595
10189 596
4586 597
5909 598
13584 599
660 600
717 601
1099 602
11128 603
943 604
3732 605
11752 606
1975 607
12578 608
993 609
5541 610
11980 611
11056 612
1352 613
11259 614
13866 615
3362 616
5765 617
5942 618
11857 619
1205 620
7884 621
14345 622
9539 623
16065 624
13951 625
8591 626
2762 627
1310 628
7219 629
14181 630
15824 631
4811 632
8793 633
6648 634
14902 635
6985 636
5794 637
3521 638
9595 639
8309 640
15816 641
10870 642
3345 643
7271 644
239 645
14129 646
852 647
2744 648
4570 649
7854 650
2490 651
12907 652
9570 653
10428 654
3630 655
3997 656
9365 657
8755 658
11797 659
6030 660
14203 661
1472 662
1109 663
3290 664
12498 665
4058 666
16336 667
7653 668
8729 669
15139 670
7072 671
7851 672
10604 673
6529 674
6285 675
3946 676
5393 677
10345 678
14591 679
15119 680
2539 681
7161 682
1476 683
7934 684
9931 685
9507 686
4525 687
15440 688
14843 689
1574 690
4323 691
13001 692
6707 693
4301 694
13658 695
3112 696
9593 697
1315 698
12916 699
7066 700
10072 701
14899 702
8075 703
10465 704
7198 705
8558 706
4443 707
15405 708
3218 709
11654 710
15997 711
6235 712
8098 713
2547 714
7476 715
1615 716
12482 717
11977 718
10344 719
6409 720
13422 721
16267 722
6483 723
9206 724
9311 725
11404 726
4516 727
5875 728
6381 729
1184 730
11807 731
16297 732
15005 733
9911 734
15342 735
14248 736
11714 737
16126 738
3316 739
10648 740
4608 741
6248 742
11032 743
5813 744
10136 745
4953 746
12415 747
11703 748
12139 749
10363 750
2351 751
6744 752
16305 753
1104 754
11795 755
11115 756
4237 757
5382 758
4285 759
3837 760
8042 761
6533 762
11984 763
4715 764
9417 765
14000 766
10153 767
2357 768
14562 769
4267 770
4358 771
2855 772
9993 773
15063 774
6472 775
13047 776
13041 777
8194 778
11243 779
8806 780
15742 781
5373 782
4584 783
700 784
2630 785
1947 786
10294 787
7141 788
8704 789
13882 790
10516 791
16063 792
5420 793
10869 794
14014 795
4069 796
13947 797
6093 798
3543 799
8917 800
13563 801
11844 802
13147 803
3554 804
2825 805
11372 806
7071 807
16120 808
15086 809
4697 810
10324 811
13409 812
15548 813
8392 814
9908 815
16410 816
3887 817
1245 818
2509 819
11771 820
11173 821
16253 822
6330 823
1023 824
930 825
15151 826
294 827
3837 828
9996 829
15180 830
10269 831
11017 832
7424 833
13289 834
3618 835
556 836
12716 837
33 838
1127 839
3401 840
5687 841
6044 842
10958 843
2331 844
13724 845
5473 846
4218 847
10567 848
15949 849
7435 850
9323 851
310 852
6279 853
14662 854
8790 855
6403 856
10637 857
6415 858
10729 859
7383 860
9900 861
5990 862
395 863
2289 864
9270 865
13940 866
386 867
7211 868
13706 869
2714 870
2504 871
13420 872
12512 873
14409 874
9471 875
10755 876
11588 877
2520 878
15760 879
768 880
4701 881
3150 882
4949 883
10128 884
5683 885
14887 886
7452 887
12841 888
7905 889
1009 890
7801 891
8577 892
13805 893
15884 894
1324 895
12492 896
1926 897
309 898
15518 899
2093 900
13730 901
13814 902
4318 903
6500 904
10545 905
4637 906
9019 907
14391 908
10278 909
6992 910
9552 911
3641 912
6254 913
2581 914
6615 915
244 916
14584 917
3879 918
7874 919
15078 920
6978 921
1605 922
4668 923
5538 924
1590 925
11453 926
15791 927
10208 928
10891 929
9985 930
8050 931
12029 932
14838 933
2782 934
6933 935
1927 936
8310 937
11371 938
12298 939
4582 940
2783 941
1710 942
12375 943
821 944
3161 945
9538 946
817 947
6936 948
12705 949
4441 950
15452 951
13381 952
29 953
4770 954
10694 955
4385 956
7738 957
8491 958
14873 959
5306 960
5804 961
2592 962
8989 963
11772 964
2997 965
9983 966
15634 967
16260 968
1943 969
12388 970
6485 971
5313 972
9794 973
2910 974
2181 975
12852 976
9524 977
3445 978
7630 979
3947 980
11815 981
454 982
11132 983
10972 984
5885 985
10564 986
2314 987
14164 988
8292 989
6750 990
11295 991
2325 992
5880 993
12743 994
5849 995
8900 996
8048 997
10012 998
2724 999
5167 1000
11509 1001
14045 1002
11602 1003
9398 1004
6525 1005
464 1006
15609 1007
5879 1008
7010 1009
12502 1010
7798 1011
16207 1012
13122 1013
14899 1014
14069 1015
4970 1016
8618 1017
10767 1018
12539 1019
12107 1020
14231 1021
9917 1022
11833 1023
9158 1024
479 1025
11452 1026
6630 1027
5887 1028
12711 1029
13794 1030
14249 1031
14771 1032
7263 1033
4811 1034
1648 1035
3258 1036
8712 1037
12322 1038
13275 1039
10804 1040
8113 1041
15 1042
14838 1043
16384 1044
2279 1045
14992 1046
15269 1047
1194 1048
15687 1049
5081 1050
3993 1051
13422 1052
11009 1053
7465 1054
8019 1055
10266 1056
5205 1057
15715 1058
10476 1059
8642 1060
8368 1061
15939 1062
16312 1063
5405 1064
1059 1065
10544 1066
124 1067
1552 1068
10618 1069
12183 1070
14243 1071
14220 1072
2303 1073
8857 1074
1323 1075
7818 1076
16297 1077
14006 1078
16294 1079
5228 1080
3790 1081
9789 1082
8127 1083
1952 1084
7922 1085
14903 1086
8934 1087
5544 1088
9043 1089
8161 1090
13060 1091
2165 1092
521 1093
10524 1094
5377 1095
635 1096
8573 1097
9032 1098
14262 1099
1138 1100
3460 1101
7796 1102
1502 1103
11637 1104
3511 1105
16293 1106
4477 1107
7119 1108
9686 1109
15295 1110
3026 1111
11864 1112
5800 1113
1985 1114
6732 1115
6679 1116
15394 1117
3257 1118
13871 1119
4685 1120
3747 1121
12201 1122
3070 1123
3478 1124
4913 1125
8081 1126
13998 1127
11114 1128
15608 1129
1071 1130
11573 1131
12491 1132
11449 1133
4258 1134
15620 1135
936 1136
4780 1137
13386 1138
6918 1139
4886 1140
5912 1141
10911 1142
1000 1143
12249 1144
5539 1145
12476 1146
4836 1147
2624 1148
6731 1149
8953 1150
5688 1151
13604 1152
12563 1153
1339 1154
2098 1155
14511 1156
14823 1157
12966 1158
9088 1159
2591 1160
13107 1161
2130 1162
4623 1163
9920 1164
2291 1165
5994 1166
16468 1167
7678 1168
9952 1169
8240 1170
3998 1171
14151 1172
14480 1173
7694 1174
2591 1175
1107 1176
8088 1177
10109 1178
3426 1179
9123 1180
14577 1181
736 1182
11142 1183
11916 1184
9355 1185
9929 1186
341 1187
12087 1188
16199 1189
15429 1190
3540 1191
1155 1192
8930 1193
8297 1194
10278 1195
447 1196
9140 1197
4343 1198
8363 1199
13677 1200
2425 1201
4772 1202
15286 1203
9104 1204
16080 1205
14409 1206
11557 1207
13170 1208
6345 1209
4469 1210
3792 1211
5389 1212
2012 1213
11206 1214
1868 1215
4182 1216
515 1217
9507 1218
1809 1219
10457 1220
12353 1221
2685 1222
10383 1223
3342 1224
4024 1225
16488 1226
4697 1227
10307 1228
11137 1229
3975 1230
3092 1231
15440 1232
16482 1233
11997 1234
7052 1235
970 1236
3442 1237
10728 1238
11595 1239
14979 1240
7873 1241
6549 1242
4927 1243
12593 1244
15490 1245
7413 1246
2709 1247
3185 1248
1755 1249
5992 1250
15136 1251
844 1252
10859 1253
16358 1254
14656 1255
3430 1256
7204 1257
788 1258
4603 1259
16194 1260
7123 1261
11945 1262
8145 1263
11779 1264
8967 1265
1040 1266
9196 1267
4150 1268
1753 1269
9324 1270
15128 1271
3922 1272
5445 1273
4812 1274
3794 1275
5979 1276
8315 1277
10347 1278
9287 1279
2966 1280
10418 1281
9542 1282
3727 1283
12798 1284
16261 1285
11080 1286
8426 1287
13148 1288
15271 1289
1588 1290
9207 1291
12155 1292
6218 1293
1537 1294
3262 1295
7902 1296
11650 1297
11625 1298
2830 1299
3558 1300
11690 1301
9503 1302
13911 1303
10883 1304
6542 1305
10692 1306
4817 1307
1912 1308
6951 1309
175 1310
14187 1311
10346 1312
4748 1313
3388 1314
14930 1315
11917 1316
12230 1317
3721 1318
14466 1319
16227 1320
3406 1321
5966 1322
10998 1323
15902 1324
10839 1325
5432 1326
5212 1327
9215 1328
10935 1329
6507 1330
6986 1331
8749 1332
13842 1333
9999 1334
3632 1335
9303 1336
14429 1337
11063 1338
13197 1339
13527 1340
2153 1341
4659 1342
14933 1343
3960 1344
15425 1345
11121 1346
12358 1347
2659 1348
721 1349
8119 1350
3580 1351
15312 1352
15870 1353
3628 1354
12816 1355
5349 1356
9534 1357
8977 1358
9898 1359
2939 1360
13460 1361
15468 1362
13482 1363
10347 1364
6631 1365
15579 1366
13826 1367
1712 1368
2044 1369
15153 1370
16347 1371
162 1372
12095 1373
6645 1374
9451 1375
124 1376
13908 1377
14676 1378
3131 1379
5004 1380
6446 1381
12461 1382
7384 1383
3519 1384
15947 1385
8737 1386
2793 1387
3143 1388
1963 1389
7241 1390
1247 1391
11938 1392
12902 1393
12381 1394
9903 1395
3166 1396
966 1397
1811 1398
5096 1399
8137 1400
1370 1401
10900 1402
4162 1403
6706 1404
10824 1405
16010 1406
9656 1407
12318 1408
10376 1409
1257 1410
1600 1411
9170 1412
15681 1413
5078 1414
13150 1415
6021 1416
15699 1417
6413 1418
9423 1419
5054 1420
1416 1421
11585 1422
16357 1423
16156 1424
6149 1425
3625 1426
8396 1427
1638 1428
11783 1429
677 1430
16477 1431
14625 1432
612 1433
3103 1434
10393 1435
11622 1436
2997 1437
3366 1438
11283 1439
10824 1440
5939 1441
5981 1442
14258 1443
1164 1444
6243 1445
3899 1446
5949 1447
3506 1448
740 1449
7007 1450
10070 1451
5298 1452
13651 1453
7428 1454
10292 1455
5460 1456
2677 1457
8252 1458
8070 1459
5605 1460
7659 1461
8933 1462
4320 1463
12896 1464
11586 1465
3510 1466
10593 1467
16465 1468
8762 1469
5806 1470
5579 1471
16412 1472
7804 1473
104 1474
6061 1475
2104 1476
11200 1477
12765 1478
14919 1479
12610 1480
2594 1481
13202 1482
9622 1483
14900 1484
8917 1485
5844 1486
15794 1487
9068 1488
7836 1489
13038 1490
2511 1491
16342 1492
14536 1493
11817 1494
7575 1495
4030 1496
14584 1497
4126 1498
6752 1499
11283 1500
4745 1501
11173 1502
11935 1503
16436 1504
71 1505
16281 1506
4974 1507
13090 1508
5224 1509
6379 1510
2068 1511
12813 1512
11859 1513
6257 1514
12129 1515
12132 1516
14721 1517
10237 1518
10453 1519
238 1520
2498 1521
374 1522
3415 1523
12109 1524
8589 1525
10639 1526
3059 1527
8826 1528
5210 1529
15148 1530
16181 1531
15348 1532
1078 1533
9258 1534
4608 1535
3978 1536
12917 1537
10828 1538
11649 1539
14655 1540
8396 1541
3671 1542
9247 1543
12862 1544
12241 1545
196 1546
12384 1547
12284 1548
8920 1549
14966 1550
5968 1551
7323 1552
9191 1553
12139 1554
4425 1555
14964 1556
9549 1557
14005 1558
7650 1559
14391 1560
11295 1561
383 1562
11563 1563
300 1564
490 1565
10792 1566
5916 1567
15083 1568
12454 1569
14678 1570
9018 1571
16046 1572
14766 1573
8512 1574
6337 1575
6327 1576
8136 1577
8388 1578
15847 1579
10217 1580
4064 1581
12225 1582
15892 1583
14930 1584
15501 1585
7668 1586
1281 1587
3288 1588
14649 1589
13531 1590
12878 1591
1456 1592
4907 1593
3398 1594
7541 1595
16343 1596
2071 1597
10865 1598
13121 1599
15408 1600
14812 1601
14337 1602
14569 1603
12136 1604
10291 1605
6054 1606
9865 1607
13105 1608
9231 1609
2664 1610
10287 1611
2189 1612
13551 1613
3261 1614
10470 1615
4397 1616
3031 1617
15365 1618
4959 1619
16145 1620
15753 1621
12807 1622
6362 1623
11210 1624
15024 1625
14247 1626
4497 1627
5135 1628
4114 1629
2263 1630
7042 1631
8618 1632
13438 1633
8016 1634
8057 1635
5236 1636
12729 1637
8376 1638
8409 1639
943 1640
14458 1641
1004 1642
3520 1643
7264 1644
6247 1645
2333 1646
12568 1647
14655 1648
11940 1649
