1300 1050
9971 0
8038 1
2954 2
9075 3
2848 4
2765 5
12110 6
1349 7
3830 8
4569 9
11249 10
3469 11
5732 12
2925 13
1788 14
10874 15
4225 16
924 17
3615 18
9442 19
3868 20
1666 21
1651 22
9515 23
8469 24
1000 25
10212 26
1117 27
10085 28
9628 29
1282 30
4880 31
3551 32
9085 33
11349 34
4738 35
9138 36
11633 37
481 38
6479 39
3597 40
5718 41
9328 42
10752 43
1115 44
12848 45
2514 46
3470 47
1471 48
6340 49
6513 50
10745 51
1955 52
12168 53
10745 54
10672 55
10914 56
4040 57
3203 58
9390 59
5227 60
3146 61
12449 62
7867 63
2428 64
11865 65
1542 66
10804 67
10368 68
8798 69
11246 70
5532 71
4715 72
6281 73
6624 74
4679 75
7017 76
10773 77
2626 78
5607 79
6773 80
2848 81
8045 82
11284 83
1005 84
17 85
1508 86
2428 87
1723 88
224 89
9805 90
7863 91
4629 92
5476 93
5123 94
11696 95
5301 96
7750 97
2259 98
10514 99
8443 100
381 101
9805 102
479 103
3333 104
5365 105
7933 106
10041 107
8291 108
544 109
12376 110
1936 111
5734 112
12780 113
3009 114
7022 115
8821 116
6463 117
3758 118
2478 119
3270 120
7159 121
2487 122
4018 123
7075 124
2897 125
8842 126
1247 127
2908 128
7506 129
4346 130
10383 131
12136 132
5586 133
11037 134
8780 135
2507 136
2166 137
7414 138
11088 139
132 140
8712 141
9220 142
6168 143
4391 144
4016 145
1911 146
3603 147
808 148
2713 149
10263 150
4946 151
11429 152
2861 153
4468 154
12119 155
12793 156
8688 157
8574 158
12495 159
10140 160
8674 161
2595 162
11047 163
7066 164
3585 165
6817 166
2117 167
3353 168
10933 169
3295 170
7762 171
5169 172
12534 173
6096 174
929 175
5482 176
2339 177
3225 178
4890 179
6119 180
3484 181
2585 182
443 183
11176 184
4571 185
12027 186
5108 187
2104 188
5444 189
12328 190
9588 191
790 192
5362 193
11646 194
7835 195
10306 196
11126 197
2751 198
5808 199
11622 200
1828 201
6011 202
8600 203
3253 204
9609 205
10712 206
6728 207
11565 208
6656 209
662 210
9241 211
10677 212
11898 213
3080 214
2297 215
11894 216
1213 217
9650 218
5708 219
152 220
1904 221
9654 222
413 223
4789 224
9402 225
12130 226
11739 227
11662 228
8357 229
9639 230
7692 231
6486 232
341 233
9763 234
8989 235
10170 236
2049 237
460 238
6118 239
3462 240
7773 241
1732 242
8976 243
1101 244
9588 245
9315 246
10813 247
4217 248
12584 249
4315 250
3250 251
3461 252
12714 253
2497 254
5827 255
10596 256
7573 257
2966 258
12095 259
9921 260
10294 261
6276 262
11367 263
8034 264
8593 265
10685 266
12222 267
5108 268
2890 269
12605 270
10387 271
6759 272
9212 273
7024 274
5117 275
11212 276
503 277
9613 278
5138 279
7280 280
9688 281
9681 282
9125 283
3107 284
4690 285
10153 286
3824 287
5854 288
389 289
4299 290
3831 291
11293 292
10348 293
4217 294
1696 295
4311 296
11423 297
6450 298
3038 299
6441 300
9231 301
2759 302
3899 303
1329 304
6555 305
4269 306
3886 307
2643 308
1192 309
8736 310
1904 311
8030 312
3186 313
8738 314
7052 315
11252 316
7933 317
11254 318
10794 319
6790 320
11488 321
9126 322
171 323
5135 324
3648 325
6971 326
8283 327
6090 328
9337 329
493 330
61 331
11348 332
2078 333
7936 334
7442 335
10428 336
9749 337
9346 338
11798 339
9140 340
1054 341
9854 342
7049 343
11311 344
3064 345
12535 346
6226 347
12502 348
7124 349
9206 350
2590 351
6304 352
12512 353
680 354
9433 355
7700 356
3067 357
2912 358
4090 359
2171 360
6241 361
283 362
8700 363
6582 364
11112 365
7760 366
12249 367
3617 368
3511 369
8376 370
8034 371
243 372
11619 373
10975 374
1819 375
7558 376
11091 377
7802 378
2460 379
9863 380
12555 381
5735 382
9758 383
5644 384
1110 385
4122 386
3901 387
783 388
5413 389
74 390
10141 391
6675 392
7190 393
3888 394
12613 395
10270 396
832 397
11792 398
5379 399
7239 400
610 401
2310 402
3073 403
6062 404
5472 405
10791 406
7240 407
4620 408
9079 409
4550 410
11232 411
4770 412
6082 413
3596 414
6378 415
3759 416
588 417
8891 418
6734 419
1520 420
12211 421
10220 422
10066 423
2978 424
9189 425
286 426
3354 427
5177 428
10699 429
3892 430
21 431
12831 432
9651 433
7735 434
10208 435
6414 436
8810 437
1138 438
9988 439
5483 440
3922 441
3499 442
11452 443
12663 444
2989 445
9823 446
4069 447
2696 448
10204 449
8868 450
5493 451
4270 452
1543 453
12012 454
5498 455
1666 456
7100 457
6516 458
8048 459
12804 460
6149 461
7703 462
5832 463
10514 464
3779 465
10406 466
11246 467
8844 468
4847 469
2342 470
8952 471
11758 472
274 473
3294 474
10796 475
322 476
7764 477
7649 478
4119 479
3254 480
8967 481
2065 482
12655 483
5340 484
534 485
11470 486
4385 487
8763 488
7121 489
8946 490
12475 491
3368 492
1355 493
5620 494
4398 495
12719 496
3747 497
8916 498
10596 499
7227 500
35 501
1907 502
4544 503
147 504
2313 505
5469 506
2918 507
4905 508
2536 509
1015 510
7631 511
6653 512
10394 513
453 514
6947 515
9413 516
1649 517
1159 518
8715 519
3885 520
11006 521
10239 522
6695 523
674 524
7089 525
2757 526
900 527
4693 528
12296 529
5349 530
10294 531
827 532
7489 533
10372 534
12148 535
1708 536
6309 537
4263 538
8310 539
10441 540
515 541
10244 542
1142 543
11722 544
10973 545
1383 546
782 547
6848 548
9523 549
7702 550
11645 551
6580 552
1815 553
4439 554
2003 555
163 556
6925 557
10810 558
5119 559
12805 560
2638 561
7342 562
125 563
6159 564
6120 565
6837 566
1792 567
7971 568
5364 569
10494 570
1270 571
12713 572
9804 573
11204 574
1743 575
6748 576
6583 577
739 578
4357 579
12731 580
3059 581
11522 582
3400 583
8858 584
11065 585
118 586
145 587
63 588
6094 589
3381 590
3153 591
3661 592
8034 593
7253 594
5252 595
7667 596
4927 597
10358 598
8797 599
11144 600
1782 601
637 602
5132 603
835 604
11623 605
2483 606
11030 607
11253 608
12364 609
2809 610
450 611
4888 612
1679 613
4341 614
7483 615
2105 616
7427 617
72 618
10730 619
1908 620
7802 621
8360 622
8413 623
5055 624
7472 625
6100 626
8810 627
504 628
1366 629
5780 630
12253 631
2881 632
9878 633
1468 634
3444 635
1928 636
5715 637
1702 638
3392 639
9219 640
8977 641
12034 642
6559 643
2783 644
9730 645
9248 646
8226 647
8605 648
9080 649
11699 650
8433 651
11372 652
12474 653
8061 654
2639 655
4068 656
8867 657
5182 658
12163 659
5540 660
7066 661
7741 662
1466 663
4949 664
2587 665
367 666
12769 667
9084 668
6306 669
130 670
6359 671
721 672
12299 673
8922 674
6551 675
12745 676
12343 677
6535 678
1239 679
136 680
10367 681
925 682
4936 683
11671 684
12043 685
10977 686
5436 687
12753 688
1853 689
5870 690
11125 691
8936 692
6982 693
7814 694
3268 695
10967 696
12992 697
11580 698
8184 699
1485 700
5641 701
2154 702
6065 703
11258 704
6788 705
11835 706
8993 707
5654 708
88 709
12434 710
667 711
8070 712
3885 713
7877 714
4606 715
6530 716
5458 717
8255 718
3133 719
6476 720
1932 721
2741 722
3060 723
2173 724
8298 725
1864 726
11008 727
7666 728
3855 729
561 730
7666 731
8771 732
1800 733
1751 734
465 735
9155 736
12656 737
7830 738
11916 739
1962 740
12580 741
12518 742
5728 743
8783 744
4386 745
9635 746
3598 747
10942 748
7344 749
826 750
6563 751
34 752
8096 753
7419 754
2013 755
1164 756
5415 757
4178 758
1556 759
8966 760
8437 761
5331 762
4515 763
10684 764
114 765
892 766
5104 767
2614 768
1871 769
10472 770
6867 771
4026 772
41 773
12178 774
8478 775
401 776
1097 777
12242 778
11226 779
2827 780
1400 781
973 782
9729 783
12716 784
5846 785
8354 786
6649 787
10956 788
3087 789
11660 790
6315 791
10550 792
5015 793
3170 794
11613 795
1493 796
254 797
5952 798
2179 799
6772 800
537 801
564 802
7319 803
7499 804
8795 805
12167 806
7620 807
1273 808
8574 809
3961 810
199 811
5475 812
3553 813
5899 814
8631 815
976 816
7085 817
3439 818
11723 819
5409 820
5987 821
12494 822
2392 823
9062 824
4922 825
12493 826
9336 827
1627 828
11409 829
11500 830
5400 831
10996 832
4917 833
9997 834
6641 835
12475 836
5737 837
1105 838
1748 839
7655 840
3653 841
9161 842
905 843
2513 844
11924 845
7957 846
5324 847
714 848
7557 849
387 850
8656 851
11671 852
5015 853
7807 854
9992 855
10705 856
8209 857
5523 858
123 859
9892 860
11509 861
9179 862
5961 863
8527 864
2836 865
5023 866
2451 867
4187 868
540 869
11520 870
4109 871
9373 872
5372 873
11244 874
1578 875
713 876
5321 877
12502 878
7360 879
3789 880
8898 881
4293 882
6694 883
10552 884
3194 885
4114 886
10001 887
11074 888
8290 889
2552 890
1036 891
2365 892
10944 893
8066 894
7862 895
5363 896
6327 897
6927 898
9204 899
3348 900
12385 901
2607 902
912 903
197 904
5907 905
1937 906
4116 907
1941 908
2844 909
4801 910
1042 911
1722 912
4774 913
2834 914
509 915
3868 916
6837 917
10766 918
1472 919
1626 920
1192 921
2529 922
5751 923
11743 924
8111 925
743 926
5845 927
7258 928
841 929
1685 930
5402 931
4504 932
5084 933
10659 934
2916 935
1082 936
8775 937
3674 938
4472 939
8831 940
12156 941
11170 942
8687 943
3130 944
2407 945
8584 946
4651 947
4234 948
5643 949
2733 950
2702 951
10891 952
12268 953
11243 954
9207 955
4136 956
10381 957
1710 958
580 959
887 960
6625 961
7369 962
145 963
8205 964
7184 965
10423 966
11723 967
12363 968
12354 969
1059 970
3749 971
6368 972
4948 973
5354 974
3800 975
5815 976
10785 977
9290 978
12496 979
4900 980
8463 981
674 982
690 983
10596 984
11036 985
9195 986
584 987
12274 988
872 989
10260 990
12278 991
11426 992
3737 993
8796 994
840 995
5905 996
7991 997
1426 998
4947 999
799 1000
5104 1001
445 1002
9431 1003
1805 1004
4060 1005
4765 1006
7220 1007
11347 1008
9349 1009
9637 1010
1681 1011
8880 1012
2504 1013
1595 1014
9077 1015
7750 1016
11280 1017
11840 1018
2450 1019
7617 1020
4317 1021
8834 1022
3678 1023
11088 1024
3196 1025
2537 1026
6329 1027
3795 1028
11743 1029
12977 1030
3423 1031
1188 1032
3475 1033
5459 1034
10397 1035
11827 1036
7264 1037
5806 1038
4012 1039
5463 1040
11162 1041
10827 1042
12985 1043
9208 1044
5426 1045
2422 1046
4782 1047
7758 1048
4002 1049
12375 1050
11616 1051
12819 1052
4230 1053
5507 1054
7544 1055
3439 1056
11815 1057
1152 1058
1197 1059
1320 1060
8434 1061
11822 1062
3936 1063
1202 1064
11231 1065
7351 1066
7575 1067
1655 1068
9922 1069
6977 1070
1744 1071
1265 1072
5071 1073
4251 1074
10112 1075
4640 1076
7332 1077
1250 1078
12257 1079
2470 1080
953 1081
9909 1082
2313 1083
2327 1084
7823 1085
11230 1086
5638 1087
8367 1088
6200 1089
435 1090
10569 1091
670 1092
11809 1093
5705 1094
3103 1095
9112 1096
4733 1097
9284 1098
11623 1099
9312 1100
383 1101
8088 1102
9097 1103
12981 1104
7943 1105
3246 1106
6126 1107
3011 1108
1889 1109
5926 1110
4911 1111
11312 1112
1530 1113
12845 1114
945 1115
6417 1116
7156 1117
11002 1118
6743 1119
10838 1120
9144 1121
11258 1122
3381 1123
10169 1124
9391 1125
5445 1126
9853 1127
9670 1128
10992 1129
1253 1130
4528 1131
11337 1132
5923 1133
3850 1134
2061 1135
11657 1136
7995 1137
12050 1138
2340 1139
8736 1140
12601 1141
12340 1142
5681 1143
2283 1144
3212 1145
9186 1146
8775 1147
1323 1148
10961 1149
3842 1150
5749 1151
3808 1152
5228 1153
11033 1154
7239 1155
6038 1156
4369 1157
9433 1158
4707 1159
8412 1160
6433 1161
7929 1162
4391 1163
6489 1164
10099 1165
1906 1166
5954 1167
1589 1168
4900 1169
8534 1170
6230 1171
358 1172
10950 1173
8593 1174
2936 1175
2127 1176
12096 1177
844 1178
839 1179
2616 1180
12485 1181
11496 1182
1497 1183
11528 1184
6119 1185
979 1186
6390 1187
11988 1188
3160 1189
8684 1190
9803 1191
6098 1192
2316 1193
12292 1194
7087 1195
6147 1196
3778 1197
10671 1198
8257 1199
7562 1200
5814 1201
9166 1202
6870 1203
8294 1204
8711 1205
4996 1206
5946 1207
584 1208
9471 1209
1921 1210
1326 1211
8348 1212
10472 1213
12433 1214
5385 1215
2965 1216
10467 1217
9688 1218
4956 1219
10713 1220
7217 1221
4053 1222
3336 1223
1873 1224
10145 1225
8122 1226
5319 1227
6337 1228
1336 1229
4439 1230
10511 1231
1324 1232
8164 1233
7965 1234
3036 1235
360 1236
1917 1237
12051 1238
9893 1239
946 1240
3384 1241
5313 1242
781 1243
8721 1244
11316 1245
8181 1246
10287 1247
5663 1248
7727 1249
6407 1250
3229 1251
5367 1252
12390 1253
4205 1254
5048 1255
9168 1256
7283 1257
4720 1258
12921 1259
5939 1260
8937 1261
825 1262
7910 1263
7975 1264
11727 1265
12254 1266
12077 1267
973 1268
9706 1269
4060 1270
5692 1271
153 1272
935 1273
7903 1274
5355 1275
3951 1276
3743 1277
9815 1278
9740 1279
10468 1280
5705 1281
1464 1282
6647 1283
5488 1284
9457 1285
2854 1286
12335 1287
10399 1288
2597 1289
2469 1290
10788 1291
3400 1292
7379 1293
6981 1294
8012 1295
2310 1296
8630 1297
6972 1298
10118 1299
