1250 600
3706 0
395 1
6282 2
1138 3
2977 4
2712 5
6011 6
8883 7
3533 8
8973 9
4757 10
11591 11
8148 12
7491 13
8981 14
9914 15
7006 16
4906 17
6379 18
6725 19
660 20
6638 21
8333 22
5816 23
456 24
6998 25
11088 26
591 27
1014 28
6032 29
6534 30
6718 31
9766 32
244 33
9331 34
4790 35
7005 36
10131 37
10532 38
2083 39
5355 40
1512 41
2844 42
6799 43
705 44
4749 45
9246 46
2037 47
9196 48
6992 49
11454 50
7800 51
6150 52
12379 53
2837 54
4616 55
2902 56
3652 57
11866 58
4855 59
2356 60
5601 61
5671 62
10706 63
11576 64
1588 65
6108 66
8109 67
3673 68
1793 69
2276 70
5572 71
4990 72
1732 73
1874 74
3052 75
10213 76
443 77
12119 78
551 79
8041 80
7519 81
5479 82
1358 83
4254 84
1073 85
9508 86
6223 87
9854 88
11381 89
5183 90
7804 91
8597 92
6144 93
764 94
8915 95
8101 96
9117 97
8138 98
6436 99
10896 100
1453 101
4828 102
1986 103
3420 104
4718 105
5398 106
3780 107
2168 108
5419 109
9160 110
1604 111
6450 112
8253 113
5755 114
5770 115
5809 116
9653 117
11245 118
5051 119
8326 120
10432 121
5084 122
2989 123
3359 124
12016 125
9850 126
5551 127
8185 128
6256 129
11580 130
425 131
3806 132
3362 133
11454 134
8128 135
4835 136
11142 137
8236 138
4928 139
12014 140
7634 141
2750 142
6570 143
3967 144
3962 145
6745 146
8912 147
4508 148
4497 149
10477 150
2215 151
5185 152
10354 153
6986 154
6381 155
8655 156
1917 157
6231 158
9880 159
11509 160
12061 161
2052 162
10883 163
8964 164
2565 165
4354 166
4128 167
3221 168
8505 169
2449 170
8461 171
3629 172
11948 173
12393 174
1701 175
4223 176
7849 177
7536 178
9113 179
3160 180
9833 181
5998 182
12497 183
11018 184
7364 185
7572 186
4714 187
3360 188
11921 189
5524 190
5758 191
11125 192
6096 193
7037 194
11367 195
8432 196
5196 197
9786 198
7674 199
4028 200
11875 201
12036 202
7086 203
7551 204
5849 205
4123 206
9972 207
7087 208
12182 209
1162 210
6152 211
1505 212
4143 213
5115 214
10299 215
12094 216
5627 217
1623 218
1220 219
9826 220
10661 221
10775 222
4778 223
6552 224
2556 225
6613 226
9785 227
2370 228
409 229
1799 230
2149 231
196 232
9925 233
9664 234
2931 235
5261 236
5440 237
1674 238
9035 239
9300 240
11749 241
8568 242
3630 243
357 244
5458 245
2946 246
10410 247
5787 248
4314 249
12290 250
2367 251
2549 252
5229 253
5542 254
8216 255
10828 256
2891 257
5186 258
2865 259
1675 260
508 261
1929 262
2146 263
5287 264
7445 265
7260 266
11734 267
11256 268
6140 269
3965 270
2104 271
3926 272
3582 273
8294 274
12034 275
3070 276
5414 277
10321 278
8545 279
10679 280
5986 281
7494 282
566 283
5183 284
3915 285
12001 286
6985 287
8297 288
7501 289
8242 290
8526 291
3716 292
2794 293
11716 294
3078 295
11237 296
9649 297
1964 298
8387 299
4657 300
4431 301
2838 302
7150 303
10134 304
12360 305
2102 306
214 307
10143 308
8334 309
9089 310
4967 311
10962 312
12445 313
6946 314
8309 315
6186 316
1455 317
911 318
4348 319
7672 320
11968 321
4914 322
494 323
3067 324
5415 325
8237 326
12311 327
1875 328
412 329
9926 330
11292 331
5135 332
2977 333
8301 334
3821 335
4129 336
5078 337
1062 338
1331 339
11507 340
6777 341
5334 342
9471 343
8534 344
4930 345
10575 346
3461 347
8370 348
8713 349
8901 350
203 351
11867 352
10945 353
3677 354
7672 355
4354 356
9497 357
11523 358
11019 359
12074 360
11221 361
815 362
9032 363
7468 364
4801 365
1595 366
624 367
12295 368
3642 369
2928 370
9068 371
3570 372
2586 373
7953 374
2034 375
309 376
9280 377
7030 378
3175 379
10388 380
683 381
4803 382
6829 383
10186 384
850 385
10859 386
1610 387
9980 388
9265 389
7060 390
7630 391
7066 392
5569 393
12301 394
7046 395
57 396
11989 397
7617 398
6798 399
8514 400
12262 401
8210 402
10938 403
8266 404
2884 405
7405 406
12254 407
482 408
9902 409
12174 410
10738 411
7342 412
10765 413
425 414
11738 415
10470 416
4320 417
2890 418
8124 419
2212 420
8957 421
11512 422
10606 423
4124 424
4855 425
4740 426
7004 427
5544 428
3441 429
8497 430
12019 431
1450 432
7300 433
3891 434
1736 435
4617 436
6532 437
10147 438
8907 439
10649 440
5600 441
10697 442
4569 443
10494 444
1640 445
6266 446
482 447
866 448
9545 449
11302 450
7971 451
12350 452
10069 453
4855 454
791 455
660 456
319 457
1411 458
9877 459
6928 460
9325 461
1463 462
11751 463
2917 464
691 465
3770 466
5000 467
8482 468
7864 469
55 470
3704 471
9079 472
5887 473
7567 474
433 475
1193 476
9546 477
602 478
6710 479
11691 480
4035 481
9195 482
3240 483
5988 484
10786 485
976 486
4812 487
11348 488
5458 489
5973 490
2021 491
4964 492
892 493
6989 494
6417 495
2372 496
10406 497
70 498
6951 499
6938 500
11220 501
6898 502
11486 503
11452 504
9624 505
8827 506
6234 507
7216 508
5389 509
113 510
10640 511
5865 512
3651 513
3746 514
5122 515
2 516
11098 517
1059 518
1205 519
7911 520
5857 521
8794 522
5191 523
9989 524
5206 525
9722 526
4512 527
4251 528
4969 529
6638 530
3431 531
9473 532
4726 533
10400 534
8327 535
4912 536
11227 537
6539 538
10581 539
154 540
9637 541
10884 542
10138 543
9477 544
11364 545
9345 546
11227 547
6684 548
6873 549
7055 550
7280 551
2841 552
9026 553
979 554
11647 555
5281 556
6264 557
5041 558
3460 559
7768 560
10735 561
11959 562
5467 563
8856 564
2692 565
9319 566
8078 567
75 568
3003 569
1241 570
8531 571
6197 572
6753 573
5577 574
8163 575
10878 576
2435 577
9413 578
9841 579
3037 580
6380 581
1466 582
1840 583
3549 584
303 585
9031 586
9049 587
7622 588
6747 589
5994 590
4555 591
7548 592
11179 593
8303 594
4730 595
2508 596
3955 597
738 598
1625 599
5520 600
6259 601
10555 602
6071 603
3362 604
3041 605
8014 606
518 607
1863 608
1286 609
3973 610
1149 611
10960 612
4556 613
1708 614
8846 615
10650 616
245 617
3799 618
2986 619
1788 620
4460 621
8805 622
6659 623
10241 624
1408 625
9596 626
5676 627
250 628
6446 629
2052 630
11566 631
11302 632
10826 633
3371 634
5128 635
8746 636
8521 637
11231 638
4169 639
6716 640
5441 641
6290 642
621 643
10728 644
12358 645
8602 646
6888 647
4293 648
1003 649
9939 650
9828 651
4900 652
5338 653
7924 654
10221 655
3548 656
836 657
6919 658
9466 659
7357 660
6245 661
11769 662
4955 663
3131 664
3586 665
4497 666
5387 667
109 668
5609 669
10893 670
10570 671
2303 672
6981 673
5469 674
5384 675
3776 676
10898 677
7065 678
10249 679
7335 680
8168 681
4143 682
9478 683
2538 684
8593 685
11403 686
9773 687
4245 688
3015 689
1199 690
1407 691
4537 692
157 693
614 694
7785 695
11680 696
5809 697
7174 698
6343 699
245 700
8278 701
11972 702
4813 703
9992 704
9525 705
10478 706
3352 707
7292 708
9236 709
3807 710
1986 711
5906 712
1639 713
7841 714
10077 715
5666 716
3791 717
3597 718
9073 719
2444 720
1417 721
1970 722
20 723
7260 724
6445 725
7723 726
9676 727
2018 728
2554 729
12099 730
3673 731
4775 732
4079 733
4111 734
10466 735
998 736
10500 737
9005 738
6088 739
6314 740
6888 741
2567 742
8597 743
11801 744
739 745
8790 746
8759 747
2895 748
1308 749
7926 750
7664 751
11759 752
1794 753
5219 754
7034 755
1613 756
3316 757
2950 758
3360 759
8191 760
9462 761
10129 762
10490 763
7103 764
11792 765
904 766
9857 767
4738 768
8187 769
10022 770
6864 771
1696 772
3124 773
4357 774
5388 775
6498 776
3814 777
9035 778
4278 779
9620 780
1130 781
5707 782
9645 783
1825 784
2822 785
5742 786
5612 787
1978 788
12035 789
3248 790
2927 791
6373 792
10524 793
12149 794
384 795
10526 796
2237 797
1658 798
3860 799
182 800
113 801
4091 802
3018 803
6236 804
4325 805
203 806
4485 807
11417 808
504 809
6181 810
4759 811
7233 812
3326 813
3804 814
6402 815
3883 816
1604 817
3292 818
3028 819
1659 820
1914 821
426 822
8023 823
10062 824
176 825
487 826
2981 827
1652 828
4783 829
6164 830
11852 831
5671 832
10814 833
2037 834
3011 835
9784 836
1928 837
672 838
2892 839
72 840
10754 841
7757 842
2031 843
10653 844
7793 845
6016 846
9973 847
11679 848
3548 849
4472 850
4906 851
10409 852
9837 853
674 854
290 855
9620 856
3708 857
3834 858
10592 859
11734 860
7059 861
9354 862
4510 863
11797 864
5318 865
5102 866
2499 867
6079 868
2933 869
3049 870
4979 871
3578 872
11253 873
9586 874
9419 875
5923 876
9267 877
627 878
5032 879
711 880
10353 881
2685 882
1760 883
5828 884
3961 885
3782 886
3830 887
3128 888
4707 889
6478 890
6201 891
10100 892
11261 893
9212 894
8006 895
1227 896
7023 897
10753 898
10882 899
5515 900
1976 901
4015 902
10920 903
8492 904
11181 905
2218 906
5790 907
10912 908
1078 909
145 910
1486 911
9533 912
1191 913
5854 914
9367 915
658 916
10689 917
8332 918
9417 919
3219 920
11916 921
12061 922
2038 923
12482 924
3545 925
3823 926
6123 927
6562 928
2248 929
554 930
1016 931
5812 932
1228 933
3218 934
11653 935
5049 936
3060 937
3551 938
58 939
10903 940
10841 941
1495 942
1905 943
9467 944
8378 945
8597 946
9583 947
5791 948
8551 949
1865 950
6168 951
2876 952
10888 953
6962 954
8066 955
7253 956
3695 957
2074 958
12360 959
1749 960
1043 961
1154 962
7568 963
8202 964
6588 965
12477 966
211 967
35 968
8128 969
889 970
3370 971
2106 972
11420 973
9737 974
2519 975
453 976
780 977
200 978
8771 979
8955 980
10875 981
267 982
43 983
8636 984
845 985
8164 986
6688 987
8415 988
6689 989
6357 990
4427 991
11999 992
5159 993
8943 994
11696 995
9789 996
10067 997
7016 998
3040 999
6727 1000
7726 1001
9484 1002
1216 1003
221 1004
3414 1005
3152 1006
9796 1007
5115 1008
5401 1009
1531 1010
10343 1011
772 1012
8047 1013
7942 1014
1481 1015
7811 1016
5723 1017
6066 1018
5581 1019
1463 1020
2948 1021
5042 1022
10191 1023
8975 1024
1044 1025
1026 1026
6392 1027
2608 1028
7267 1029
10721 1030
804 1031
7364 1032
6283 1033
4917 1034
5451 1035
58 1036
1977 1037
3305 1038
9571 1039
8713 1040
10439 1041
7962 1042
11639 1043
9560 1044
12053 1045
11313 1046
5233 1047
10136 1048
4237 1049
6580 1050
4262 1051
11251 1052
9540 1053
1690 1054
10956 1055
1630 1056
4620 1057
6637 1058
7735 1059
3543 1060
3791 1061
9395 1062
10938 1063
1907 1064
1913 1065
3614 1066
47 1067
11703 1068
7493 1069
5536 1070
2593 1071
3548 1072
5219 1073
10313 1074
10714 1075
7250 1076
3438 1077
3529 1078
12214 1079
2167 1080
8826 1081
4021 1082
5099 1083
8484 1084
6328 1085
6260 1086
7082 1087
5284 1088
9137 1089
4460 1090
10974 1091
10152 1092
4154 1093
9517 1094
2667 1095
10393 1096
1086 1097
7724 1098
11186 1099
6245 1100
3224 1101
5879 1102
3758 1103
5320 1104
1329 1105
5094 1106
2265 1107
9699 1108
9467 1109
30 1110
8931 1111
5178 1112
12016 1113
9532 1114
4471 1115
6007 1116
7192 1117
7515 1118
11552 1119
12428 1120
10031 1121
7655 1122
3685 1123
3238 1124
8728 1125
8824 1126
3497 1127
2684 1128
4530 1129
3784 1130
7706 1131
11845 1132
3729 1133
8465 1134
1302 1135
1734 1136
11069 1137
10084 1138
34 1139
10614 1140
604 1141
3777 1142
9232 1143
2706 1144
9103 1145
7909 1146
7584 1147
5222 1148
1970 1149
4128 1150
5707 1151
4113 1152
11260 1153
4669 1154
7503 1155
9391 1156
11798 1157
10077 1158
10357 1159
10241 1160
2394 1161
11670 1162
3714 1163
3255 1164
3851 1165
2752 1166
8593 1167
8656 1168
2503 1169
12411 1170
6758 1171
2765 1172
8212 1173
1660 1174
10644 1175
7087 1176
2526 1177
5223 1178
11190 1179
11314 1180
3965 1181
2826 1182
11140 1183
2363 1184
9787 1185
446 1186
8057 1187
11348 1188
8055 1189
11173 1190
11725 1191
11772 1192
10642 1193
746 1194
6433 1195
743 1196
3641 1197
252 1198
193 1199
5787 1200
9159 1201
518 1202
12344 1203
4858 1204
3765 1205
3229 1206
10070 1207
486 1208
4506 1209
508 1210
271 1211
10051 1212
1658 1213
6456 1214
7068 1215
6695 1216
1955 1217
7600 1218
2191 1219
9797 1220
587 1221
3210 1222
2859 1223
9091 1224
3023 1225
3895 1226
4785 1227
1272 1228
9490 1229
11603 1230
6510 1231
255 1232
1218 1233
6196 1234
7186 1235
2763 1236
6198 1237
1572 1238
10152 1239
2229 1240
371 1241
9865 1242
2478 1243
8542 1244
8765 1245
2756 1246
2115 1247
9728 1248
10051 1249
