1150 100
7761 0
164 1
9486 2
10200 3
7719 4
6104 5
7712 6
5865 7
1728 8
2089 9
912 10
2877 11
6070 12
1027 13
10229 14
7418 15
9377 16
9658 17
4348 18
4233 19
607 20
10730 21
2851 22
4638 23
3614 24
11083 25
6096 26
1040 27
5850 28
7202 29
331 30
5384 31
6547 32
9279 33
11056 34
9459 35
1650 36
10882 37
5232 38
7084 39
4141 40
1377 41
9093 42
5920 43
11386 44
4503 45
3199 46
5434 47
1941 48
4302 49
1925 50
752 51
9758 52
5645 53
2643 54
11448 55
3836 56
3919 57
8856 58
3314 59
7947 60
9069 61
5216 62
2378 63
7028 64
3883 65
1464 66
2043 67
6477 68
5295 69
10400 70
3945 71
2243 72
4907 73
9719 74
1932 75
5406 76
1545 77
4337 78
9394 79
2940 80
5970 81
3180 82
5898 83
7936 84
4975 85
8640 86
890 87
744 88
2498 89
1532 90
1213 91
1171 92
7963 93
6937 94
6337 95
4891 96
2913 97
5225 98
10187 99
2643 100
4896 101
9287 102
6449 103
10946 104
3861 105
2755 106
3801 107
3004 108
1905 109
7573 110
6051 111
1889 112
1066 113
7731 114
6733 115
8913 116
317 117
11065 118
9722 119
6019 120
7635 121
1927 122
3198 123
6702 124
290 125
5816 126
10600 127
1551 128
2444 129
5194 130
479 131
7872 132
11114 133
5515 134
10931 135
5892 136
3875 137
7226 138
7210 139
6991 140
325 141
6050 142
5636 143
1309 144
11019 145
10381 146
10546 147
11358 148
10020 149
4172 150
8820 151
8298 152
9880 153
377 154
10440 155
1634 156
3613 157
8246 158
7887 159
1656 160
9978 161
2012 162
3251 163
5494 164
11148 165
7735 166
5045 167
683 168
10195 169
10826 170
6717 171
6572 172
4998 173
6463 174
2738 175
8517 176
1017 177
5855 178
7775 179
6192 180
4024 181
215 182
4681 183
8657 184
5310 185
3673 186
9398 187
3216 188
7948 189
10895 190
8039 191
5093 192
2636 193
2424 194
278 195
2956 196
8303 197
701 198
3351 199
11033 200
1818 201
8181 202
8695 203
10028 204
9881 205
7394 206
5771 207
3776 208
9154 209
9374 210
7355 211
10234 212
10366 213
6737 214
6281 215
1813 216
7185 217
6711 218
9595 219
9440 220
8179 221
4361 222
5912 223
659 224
7395 225
2916 226
10120 227
2226 228
4908 229
11093 230
4639 231
1857 232
236 233
2231 234
5799 235
3157 236
8841 237
5956 238
7093 239
5690 240
10747 241
8381 242
7744 243
710 244
10751 245
2448 246
11201 247
9635 248
2091 249
3664 250
10824 251
4001 252
10843 253
11274 254
469 255
2190 256
369 257
652 258
7783 259
3601 260
9721 261
5590 262
9520 263
10977 264
1538 265
9426 266
11474 267
4840 268
1066 269
4373 270
1499 271
10030 272
2636 273
10050 274
8093 275
10607 276
7087 277
367 278
2281 279
7430 280
7281 281
6189 282
3364 283
11235 284
5622 285
2656 286
9799 287
6924 288
1154 289
9598 290
7358 291
5577 292
7525 293
5135 294
341 295
7023 296
5762 297
8805 298
4261 299
8170 300
851 301
7403 302
8763 303
5413 304
1483 305
4907 306
6662 307
1496 308
7748 309
2007 310
6098 311
5149 312
11498 313
6669 314
9300 315
2681 316
6132 317
7057 318
7981 319
1228 320
4735 321
2407 322
5070 323
5711 324
7920 325
9175 326
5376 327
4935 328
8821 329
553 330
6001 331
11236 332
1224 333
1784 334
9934 335
7160 336
5220 337
5949 338
7666 339
10913 340
9114 341
1124 342
8934 343
10835 344
5161 345
788 346
3562 347
3289 348
9881 349
696 350
4319 351
860 352
399 353
11135 354
8367 355
3251 356
10651 357
3 358
8775 359
1585 360
4535 361
1935 362
3361 363
6390 364
804 365
8062 366
6638 367
6118 368
6330 369
4761 370
978 371
7016 372
1551 373
7141 374
1118 375
4368 376
10481 377
6380 378
5830 379
7778 380
7567 381
7398 382
3300 383
554 384
7003 385
2880 386
3506 387
3744 388
4615 389
10732 390
7042 391
3057 392
10010 393
4124 394
1261 395
6296 396
8468 397
3423 398
1175 399
4020 400
3023 401
6181 402
3348 403
7113 404
1195 405
11135 406
7327 407
6615 408
82 409
9456 410
7575 411
323 412
6042 413
7885 414
7250 415
9763 416
775 417
11254 418
4103 419
8846 420
5549 421
5638 422
281 423
8959 424
8821 425
4569 426
7579 427
11053 428
10848 429
3064 430
10897 431
1599 432
10347 433
9356 434
3193 435
2419 436
2458 437
8330 438
9666 439
8782 440
2882 441
4693 442
3947 443
3466 444
8676 445
6673 446
10264 447
443 448
2819 449
521 450
2695 451
5113 452
4106 453
3700 454
3355 455
4454 456
1551 457
9018 458
8019 459
7240 460
3194 461
11264 462
896 463
7958 464
6950 465
7652 466
6023 467
9145 468
2966 469
7133 470
2911 471
3971 472
9500 473
9787 474
2107 475
10173 476
8989 477
8769 478
9015 479
4256 480
606 481
1626 482
2702 483
10787 484
8958 485
6903 486
10974 487
4172 488
4167 489
11099 490
6836 491
8376 492
143 493
5657 494
9131 495
2731 496
5629 497
2359 498
1604 499
8373 500
4276 501
3814 502
8207 503
488 504
6798 505
6426 506
11217 507
3271 508
5617 509
698 510
296 511
801 512
3236 513
2958 514
7194 515
10993 516
5248 517
6767 518
4995 519
4851 520
9459 521
7601 522
3453 523
9700 524
4826 525
8463 526
10349 527
9054 528
7541 529
7689 530
10168 531
5301 532
3984 533
10481 534
8975 535
8928 536
9631 537
4737 538
140 539
702 540
5136 541
9730 542
9343 543
2122 544
10484 545
9381 546
8525 547
8207 548
4759 549
2038 550
6071 551
3715 552
3396 553
920 554
10794 555
4337 556
6641 557
3264 558
8784 559
9930 560
2577 561
8079 562
3725 563
7122 564
1662 565
8241 566
3069 567
9405 568
1934 569
2966 570
7136 571
9873 572
5425 573
6123 574
10727 575
10532 576
1480 577
6231 578
4917 579
7441 580
5903 581
6776 582
3031 583
776 584
2612 585
15 586
7548 587
9436 588
3942 589
7075 590
11002 591
8693 592
5900 593
4143 594
125 595
3695 596
9617 597
3795 598
4741 599
1052 600
11046 601
7687 602
11037 603
1469 604
7412 605
7427 606
6499 607
358 608
6806 609
11266 610
1939 611
1008 612
9166 613
8683 614
10379 615
10603 616
3059 617
8442 618
2456 619
1793 620
2844 621
8984 622
4134 623
4428 624
10336 625
1818 626
4511 627
1839 628
407 629
11046 630
8833 631
5536 632
1342 633
2818 634
6076 635
2767 636
6601 637
10460 638
10003 639
6433 640
2317 641
9703 642
1522 643
6109 644
331 645
5404 646
2337 647
2201 648
8237 649
3490 650
3331 651
2257 652
309 653
1059 654
9909 655
314 656
615 657
4378 658
5857 659
10409 660
10370 661
1153 662
11369 663
8141 664
3485 665
8055 666
3371 667
1433 668
3582 669
1103 670
11023 671
4375 672
9613 673
6893 674
2913 675
10202 676
7901 677
8017 678
8203 679
5051 680
3260 681
7856 682
604 683
8116 684
6677 685
7334 686
9828 687
122 688
6384 689
930 690
3704 691
5555 692
660 693
163 694
1785 695
7717 696
2118 697
2305 698
638 699
8141 700
3951 701
11173 702
1662 703
4683 704
8596 705
1193 706
1120 707
11479 708
11401 709
1334 710
10821 711
3867 712
11417 713
4628 714
5145 715
2271 716
286 717
8645 718
6405 719
7310 720
4991 721
9515 722
3953 723
1090 724
3179 725
7239 726
6626 727
9244 728
4243 729
5488 730
9553 731
4571 732
8912 733
5470 734
2337 735
1942 736
5949 737
8057 738
1772 739
4583 740
6772 741
6636 742
3303 743
4812 744
5223 745
9667 746
11311 747
2681 748
1485 749
7728 750
6323 751
7914 752
10829 753
8245 754
9712 755
11393 756
6061 757
3183 758
11107 759
8442 760
9492 761
7583 762
4661 763
11056 764
1842 765
7551 766
1516 767
10758 768
6139 769
4069 770
6449 771
1687 772
1952 773
7031 774
9602 775
10086 776
6026 777
3387 778
4709 779
42 780
9826 781
11153 782
10306 783
1231 784
7461 785
7714 786
742 787
1486 788
6853 789
4841 790
9217 791
2593 792
9046 793
1996 794
8052 795
3172 796
11239 797
11337 798
10981 799
6672 800
10112 801
199 802
1026 803
5200 804
7206 805
7710 806
7633 807
10049 808
805 809
2016 810
6145 811
10280 812
5515 813
2413 814
7154 815
380 816
8166 817
527 818
4370 819
3535 820
4810 821
8871 822
4122 823
8412 824
8123 825
8156 826
6514 827
2586 828
8343 829
6387 830
5935 831
109 832
2374 833
7169 834
11178 835
6469 836
3134 837
2164 838
3067 839
5870 840
3814 841
3387 842
9295 843
5156 844
7212 845
1973 846
9157 847
9102 848
4603 849
7755 850
5736 851
10049 852
6411 853
4518 854
5582 855
6280 856
10570 857
121 858
1192 859
8958 860
6688 861
7323 862
9869 863
10197 864
10645 865
8622 866
5794 867
5765 868
2124 869
81 870
7360 871
5516 872
855 873
9867 874
7750 875
3967 876
6616 877
5833 878
919 879
1437 880
11352 881
7935 882
9809 883
9302 884
9625 885
3998 886
2054 887
3381 888
506 889
6686 890
6316 891
4137 892
1913 893
4713 894
2922 895
5076 896
4567 897
11107 898
9843 899
5264 900
6541 901
4744 902
7565 903
6744 904
94 905
10078 906
10724 907
3221 908
8179 909
6011 910
2418 911
8048 912
7046 913
10368 914
2613 915
7968 916
7957 917
2353 918
10164 919
8713 920
10066 921
3894 922
7352 923
7202 924
9625 925
10847 926
2265 927
6811 928
10575 929
1444 930
6719 931
5890 932
8594 933
8457 934
3624 935
3324 936
8320 937
2044 938
6209 939
6792 940
3800 941
1147 942
3615 943
1421 944
10623 945
9909 946
2761 947
6698 948
1294 949
134 950
10730 951
628 952
5115 953
4118 954
11039 955
2272 956
5053 957
1325 958
10722 959
3020 960
10197 961
10157 962
2515 963
9275 964
3773 965
5766 966
3840 967
54 968
4444 969
5431 970
5385 971
3142 972
10072 973
696 974
9339 975
8717 976
712 977
152 978
1180 979
5282 980
9783 981
4766 982
2882 983
6381 984
9666 985
2411 986
5047 987
8653 988
3158 989
375 990
5014 991
1482 992
9485 993
8500 994
6610 995
4219 996
2493 997
11092 998
4922 999
408 1000
6745 1001
7956 1002
10034 1003
9449 1004
1985 1005
5572 1006
8587 1007
9183 1008
10302 1009
5038 1010
1574 1011
3733 1012
3688 1013
9849 1014
1651 1015
4332 1016
11358 1017
9802 1018
3662 1019
10471 1020
3886 1021
6172 1022
4071 1023
1941 1024
8658 1025
7719 1026
7577 1027
9117 1028
10961 1029
7850 1030
3072 1031
10329 1032
4084 1033
1950 1034
889 1035
1676 1036
444 1037
5382 1038
11110 1039
2787 1040
3686 1041
2618 1042
6284 1043
10666 1044
2094 1045
9497 1046
3717 1047
11009 1048
4573 1049
10941 1050
4489 1051
8082 1052
1419 1053
7951 1054
10150 1055
2201 1056
8031 1057
3388 1058
8271 1059
2799 1060
3846 1061
4563 1062
468 1063
992 1064
3213 1065
9912 1066
6018 1067
6796 1068
203 1069
6961 1070
2358 1071
5764 1072
1781 1073
4948 1074
5139 1075
948 1076
9136 1077
9628 1078
5203 1079
539 1080
4602 1081
3221 1082
1356 1083
6986 1084
2105 1085
9984 1086
8643 1087
6528 1088
8267 1089
5498 1090
10012 1091
5879 1092
8783 1093
2224 1094
2767 1095
10032 1096
6991 1097
10907 1098
8877 1099
3907 1100
3087 1101
744 1102
6998 1103
160 1104
8546 1105
7253 1106
7172 1107
6613 1108
9088 1109
1585 1110
521 1111
1260 1112
7579 1113
3728 1114
1127 1115
10302 1116
5550 1117
11461 1118
10072 1119
3986 1120
6830 1121
6097 1122
4322 1123
7854 1124
8978 1125
86 1126
9378 1127
576 1128
6785 1129
4210 1130
6335 1131
2102 1132
9051 1133
1260 1134
6726 1135
2189 1136
10627 1137
9376 1138
10790 1139
172 1140
8542 1141
9834 1142
5649 1143
7435 1144
1808 1145
6890 1146
832 1147
5750 1148
10508 1149
