1200 450
5561 0
9374 1
4709 2
2031 3
10536 4
5128 5
10004 6
5218 7
3470 8
8555 9
3622 10
6179 11
1004 12
5484 13
11017 14
5242 15
2298 16
4780 17
5943 18
11041 19
5027 20
4441 21
2457 22
4288 23
8039 24
3914 25
10422 26
10405 27
3873 28
10385 29
3840 30
4055 31
6857 32
10574 33
5883 34
9989 35
11310 36
7241 37
6083 38
2692 39
1230 40
3944 41
5004 42
4069 43
8856 44
7347 45
6181 46
9668 47
2995 48
5798 49
8457 50
11182 51
4147 52
6636 53
5174 54
7138 55
5782 56
3133 57
2296 58
3092 59
8342 60
153 61
7848 62
8698 63
1313 64
4259 65
9673 66
521 67
10938 68
11233 69
1463 70
2564 71
3851 72
2882 73
2996 74
10430 75
7133 76
7228 77
11615 78
7314 79
469 80
6530 81
11403 82
11986 83
1615 84
11931 85
2012 86
5527 87
7732 88
11137 89
779 90
6863 91
5835 92
5220 93
10917 94
8447 95
9754 96
5557 97
10148 98
10094 99
4773 100
7472 101
3018 102
8827 103
5851 104
10097 105
8604 106
9319 107
7696 108
10245 109
9155 110
8438 111
7040 112
5284 113
7679 114
11421 115
1760 116
212 117
4087 118
11910 119
516 120
9866 121
2114 122
11759 123
731 124
265 125
5189 126
8278 127
8865 128
6955 129
6222 130
3218 131
4332 132
5748 133
9475 134
5142 135
4227 136
1821 137
3784 138
4707 139
8012 140
10650 141
11316 142
10559 143
9750 144
8791 145
6355 146
11308 147
10433 148
1222 149
10852 150
7799 151
5471 152
1168 153
8201 154
5039 155
159 156
2748 157
6146 158
1407 159
6351 160
6311 161
8907 162
1669 163
10579 164
10060 165
8553 166
3696 167
10721 168
5434 169
6634 170
6942 171
9329 172
11439 173
8966 174
1445 175
3889 176
3299 177
6798 178
4512 179
74 180
3478 181
8152 182
2238 183
10392 184
9692 185
7973 186
8967 187
5460 188
3628 189
8779 190
6273 191
1348 192
11155 193
1919 194
1159 195
3457 196
3463 197
751 198
11336 199
841 200
3345 201
7723 202
8784 203
3164 204
7381 205
10086 206
5401 207
1658 208
4634 209
6465 210
3250 211
8524 212
3858 213
7322 214
11837 215
2045 216
4592 217
11944 218
9493 219
7609 220
11074 221
2505 222
7254 223
10267 224
1988 225
4409 226
3354 227
5285 228
4316 229
4998 230
844 231
1671 232
5574 233
1557 234
7212 235
619 236
4794 237
11411 238
66 239
7067 240
8671 241
11081 242
2143 243
10857 244
7558 245
10160 246
8435 247
10998 248
9496 249
3238 250
890 251
8143 252
635 253
2210 254
8856 255
4690 256
3344 257
10750 258
460 259
1011 260
3315 261
11599 262
7110 263
1255 264
10530 265
6307 266
1289 267
2912 268
3995 269
4405 270
6425 271
2329 272
4276 273
8668 274
1478 275
10666 276
2226 277
4134 278
4480 279
5736 280
3627 281
6060 282
5417 283
8287 284
1763 285
5007 286
9323 287
4074 288
689 289
7110 290
1623 291
5512 292
7281 293
8936 294
4248 295
3177 296
8711 297
5780 298
11411 299
11460 300
2426 301
1373 302
11823 303
1606 304
588 305
11308 306
3237 307
4376 308
2081 309
5568 310
10823 311
757 312
1240 313
9290 314
54 315
6257 316
4066 317
8622 318
3201 319
1400 320
678 321
10271 322
6755 323
2469 324
6192 325
1578 326
307 327
5192 328
8092 329
5238 330
6398 331
1578 332
2059 333
912 334
10438 335
6671 336
8281 337
2716 338
7137 339
3594 340
10242 341
2502 342
10352 343
10849 344
9187 345
7337 346
5611 347
339 348
2226 349
7621 350
4512 351
7657 352
7394 353
5106 354
8174 355
3764 356
10283 357
6855 358
156 359
369 360
3752 361
9631 362
5465 363
5646 364
6281 365
1127 366
1059 367
3142 368
7908 369
6965 370
6644 371
3572 372
10880 373
1609 374
997 375
7988 376
6264 377
442 378
8091 379
6976 380
3525 381
5327 382
9140 383
5262 384
1723 385
3176 386
4799 387
5142 388
3139 389
418 390
10777 391
5485 392
6304 393
3169 394
8922 395
11661 396
3628 397
10272 398
2004 399
7829 400
11697 401
10209 402
11307 403
2902 404
4311 405
4083 406
10052 407
8851 408
6725 409
1359 410
3909 411
2880 412
11684 413
10241 414
9309 415
536 416
3180 417
10758 418
3797 419
4879 420
11337 421
1492 422
7956 423
2467 424
7152 425
1032 426
5843 427
5650 428
2597 429
8427 430
9137 431
3857 432
11818 433
3467 434
1693 435
8427 436
2019 437
2174 438
8327 439
10692 440
2988 441
10895 442
5604 443
407 444
8308 445
6836 446
6072 447
1714 448
1048 449
10984 450
5002 451
9741 452
11709 453
1696 454
6703 455
5982 456
6269 457
642 458
546 459
3927 460
11951 461
10343 462
2635 463
4689 464
3008 465
1456 466
8020 467
10512 468
3150 469
4685 470
10663 471
3819 472
3436 473
7688 474
1760 475
9844 476
3143 477
2374 478
3715 479
3321 480
2170 481
11236 482
6938 483
7179 484
3949 485
1398 486
3479 487
587 488
1241 489
2770 490
11381 491
6354 492
8595 493
3871 494
4715 495
9147 496
5873 497
4015 498
6386 499
10781 500
3143 501
4092 502
362 503
10861 504
5192 505
3500 506
9314 507
2669 508
9025 509
9333 510
8185 511
1115 512
7715 513
10380 514
7149 515
282 516
8417 517
5671 518
5176 519
2751 520
1490 521
9556 522
4611 523
10667 524
7948 525
6442 526
11607 527
11751 528
5761 529
6845 530
10166 531
1421 532
1288 533
82 534
7457 535
1687 536
9575 537
4654 538
3291 539
9404 540
7109 541
4859 542
1511 543
4707 544
4186 545
2446 546
1237 547
11583 548
2719 549
3995 550
328 551
1606 552
5529 553
11650 554
3666 555
10428 556
7669 557
8078 558
1767 559
4440 560
11781 561
184 562
7580 563
8286 564
6991 565
9631 566
5196 567
7759 568
10848 569
9813 570
305 571
10274 572
648 573
9603 574
7866 575
4027 576
9894 577
8127 578
3615 579
3718 580
66 581
2425 582
9224 583
2738 584
4749 585
8511 586
1706 587
11451 588
10351 589
5235 590
1715 591
2341 592
4860 593
8085 594
10217 595
1682 596
1483 597
11615 598
10665 599
11724 600
5475 601
8871 602
10967 603
9803 604
4711 605
10434 606
5257 607
2389 608
9364 609
1856 610
9414 611
5085 612
1139 613
6650 614
4739 615
3599 616
7880 617
8436 618
9680 619
11846 620
7113 621
9805 622
11416 623
11222 624
7015 625
6025 626
9689 627
7363 628
6960 629
4001 630
5682 631
11550 632
7838 633
2659 634
9981 635
8086 636
2817 637
3210 638
9824 639
7279 640
6024 641
7668 642
9273 643
1992 644
629 645
2482 646
9901 647
7300 648
6117 649
5400 650
8789 651
5452 652
6522 653
1688 654
3837 655
8899 656
90 657
9084 658
7218 659
942 660
6120 661
3849 662
9383 663
1252 664
7851 665
10329 666
7299 667
10816 668
6022 669
1346 670
8553 671
5234 672
6414 673
8874 674
6257 675
4156 676
1260 677
11100 678
1986 679
1651 680
1745 681
9327 682
10656 683
9420 684
3821 685
2866 686
10374 687
10315 688
2640 689
9050 690
2241 691
7802 692
5266 693
11101 694
7972 695
692 696
784 697
6171 698
627 699
2605 700
1068 701
4362 702
1876 703
2278 704
2780 705
1059 706
5790 707
10465 708
4525 709
3126 710
9352 711
4887 712
11022 713
6944 714
3966 715
11554 716
3535 717
7847 718
3988 719
11570 720
5998 721
4294 722
5278 723
11380 724
4660 725
9697 726
9318 727
7553 728
7623 729
9020 730
8720 731
8531 732
3107 733
630 734
6287 735
2738 736
9620 737
7166 738
7186 739
4472 740
4642 741
1368 742
9448 743
2313 744
1805 745
647 746
8705 747
3247 748
11824 749
8820 750
5464 751
11060 752
6212 753
7423 754
6521 755
11048 756
10336 757
698 758
3478 759
7452 760
6382 761
1322 762
7858 763
8783 764
2831 765
7866 766
6521 767
2102 768
162 769
6184 770
2741 771
403 772
4153 773
6180 774
7366 775
4547 776
9103 777
3159 778
4599 779
8782 780
11927 781
11894 782
5710 783
4288 784
11228 785
8529 786
10923 787
1833 788
4622 789
6422 790
848 791
5410 792
2482 793
9601 794
3218 795
5281 796
8421 797
9391 798
1107 799
4283 800
7800 801
4462 802
11336 803
1402 804
4174 805
8893 806
9198 807
6104 808
7689 809
6850 810
3880 811
7869 812
5000 813
2326 814
10761 815
6686 816
7844 817
8823 818
5527 819
180 820
1257 821
11661 822
9399 823
1582 824
8980 825
9963 826
8452 827
849 828
11627 829
6564 830
11854 831
9745 832
2949 833
10804 834
6141 835
3911 836
1490 837
8470 838
6264 839
2359 840
4785 841
7466 842
7861 843
6899 844
8529 845
507 846
6714 847
6532 848
2906 849
7789 850
7810 851
2227 852
2642 853
268 854
11965 855
10698 856
3687 857
4452 858
2661 859
10399 860
3021 861
3137 862
4242 863
8136 864
238 865
2916 866
10944 867
11135 868
3954 869
9173 870
6043 871
2121 872
3432 873
7302 874
1697 875
170 876
4659 877
8997 878
8562 879
10836 880
9986 881
4478 882
11484 883
7597 884
1884 885
6931 886
3287 887
3504 888
4973 889
10208 890
1103 891
2515 892
5539 893
1031 894
7943 895
10865 896
550 897
5508 898
11141 899
7203 900
51 901
6194 902
4890 903
8300 904
11933 905
5745 906
11667 907
7687 908
540 909
586 910
3031 911
11886 912
5081 913
11398 914
6884 915
3656 916
4951 917
11615 918
11840 919
8288 920
9530 921
6562 922
9290 923
11107 924
1382 925
2568 926
8125 927
3526 928
11766 929
9384 930
777 931
5679 932
3429 933
9779 934
296 935
2470 936
3514 937
1932 938
2135 939
5211 940
8656 941
8857 942
9928 943
2296 944
1604 945
2633 946
5905 947
11004 948
9083 949
3328 950
8991 951
2667 952
11072 953
2855 954
6323 955
7668 956
4172 957
6889 958
3893 959
11659 960
9620 961
5467 962
7376 963
7153 964
7874 965
4187 966
11932 967
2298 968
3086 969
1816 970
6979 971
5692 972
10624 973
10120 974
6441 975
7505 976
4279 977
8290 978
5006 979
2303 980
561 981
7002 982
1251 983
6195 984
7259 985
10307 986
6231 987
5717 988
11011 989
9406 990
3285 991
2018 992
11732 993
5189 994
5286 995
6423 996
6025 997
9796 998
6271 999
125 1000
4204 1001
2824 1002
8695 1003
1447 1004
8817 1005
11522 1006
5245 1007
6335 1008
7270 1009
9853 1010
6356 1011
4475 1012
3095 1013
1929 1014
7131 1015
3585 1016
4415 1017
1232 1018
6421 1019
1393 1020
6892 1021
6866 1022
5370 1023
4714 1024
7517 1025
5263 1026
8911 1027
111 1028
8321 1029
11665 1030
11342 1031
1570 1032
3867 1033
570 1034
5855 1035
7265 1036
6814 1037
5430 1038
7672 1039
460 1040
1864 1041
149 1042
7910 1043
6470 1044
1165 1045
7646 1046
1165 1047
1759 1048
6104 1049
3354 1050
778 1051
3007 1052
8160 1053
11129 1054
11693 1055
5469 1056
9436 1057
8441 1058
3792 1059
6236 1060
7820 1061
7670 1062
1399 1063
9171 1064
4170 1065
9228 1066
10553 1067
3601 1068
8469 1069
3097 1070
1552 1071
10675 1072
9068 1073
5682 1074
3831 1075
8037 1076
7875 1077
1712 1078
683 1079
5576 1080
10421 1081
11484 1082
8542 1083
2640 1084
1682 1085
9850 1086
3185 1087
947 1088
717 1089
4821 1090
8743 1091
7857 1092
6782 1093
8095 1094
2585 1095
3395 1096
9574 1097
9013 1098
1417 1099
9668 1100
2594 1101
9757 1102
2073 1103
9424 1104
915 1105
4856 1106
5088 1107
10778 1108
12 1109
5230 1110
9600 1111
22 1112
933 1113
8458 1114
11190 1115
6292 1116
445 1117
2607 1118
6447 1119
11482 1120
1657 1121
9709 1122
9754 1123
339 1124
8327 1125
8597 1126
8531 1127
6652 1128
709 1129
252 1130
7982 1131
3008 1132
10505 1133
2952 1134
6273 1135
3511 1136
3950 1137
3721 1138
5384 1139
9581 1140
6791 1141
10522 1142
4946 1143
5370 1144
8465 1145
654 1146
1849 1147
1533 1148
2066 1149
3392 1150
5543 1151
5863 1152
2344 1153
6567 1154
661 1155
2675 1156
294 1157
6181 1158
55 1159
3532 1160
3354 1161
587 1162
3314 1163
4719 1164
7940 1165
8542 1166
1621 1167
6525 1168
9682 1169
4562 1170
10646 1171
11476 1172
6297 1173
11053 1174
4939 1175
7705 1176
4207 1177
4588 1178
9992 1179
7801 1180
7382 1181
6957 1182
4045 1183
261 1184
7026 1185
2168 1186
6928 1187
9767 1188
5818 1189
2184 1190
3562 1191
1385 1192
3956 1193
6875 1194
1225 1195
761 1196
5375 1197
6193 1198
6976 1199
