1200 900
3987 0
5942 1
8436 2
1844 3
5418 4
7433 5
11153 6
5726 7
7177 8
11828 9
5332 10
1981 11
704 12
9824 13
7796 14
15 15
3695 16
2329 17
7136 18
10331 19
3420 20
8103 21
1598 22
3820 23
9185 24
6984 25
8366 26
9021 27
6510 28
77 29
9456 30
10267 31
804 32
5116 33
9666 34
2060 35
5774 36
10343 37
10467 38
10246 39
10536 40
93 41
2610 42
4680 43
10929 44
9607 45
3866 46
1425 47
8591 48
6511 49
4999 50
655 51
9354 52
978 53
6552 54
1300 55
5649 56
792 57
10035 58
1697 59
9751 60
8102 61
1836 62
6122 63
9872 64
4291 65
6491 66
7871 67
542 68
2244 69
1030 70
8801 71
6460 72
2845 73
4073 74
11298 75
2250 76
3881 77
5487 78
10007 79
11415 80
5296 81
4892 82
9432 83
10739 84
1013 85
4760 86
147 87
6313 88
8261 89
8398 90
9385 91
3193 92
5983 93
6815 94
11448 95
621 96
8142 97
2579 98
4462 99
6869 100
5703 101
5544 102
2929 103
356 104
9392 105
10648 106
1440 107
4392 108
6072 109
2691 110
8073 111
9987 112
5695 113
8031 114
2180 115
8630 116
7884 117
234 118
7773 119
4135 120
10900 121
10420 122
8385 123
4445 124
3659 125
4464 126
504 127
3949 128
7411 129
896 130
10802 131
7109 132
5460 133
3569 134
4815 135
4815 136
1672 137
60 138
5591 139
6655 140
10048 141
1716 142
293 143
10104 144
10612 145
10652 146
1432 147
2725 148
10272 149
6652 150
3404 151
4530 152
2100 153
3000 154
629 155
4974 156
9387 157
3081 158
2192 159
5922 160
299 161
9189 162
362 163
5919 164
11124 165
8307 166
2146 167
3636 168
1144 169
7592 170
10799 171
2371 172
858 173
8667 174
7374 175
2825 176
1204 177
4710 178
235 179
2465 180
10447 181
8896 182
9366 183
3274 184
11014 185
7577 186
4180 187
1269 188
1005 189
2782 190
4163 191
9890 192
8239 193
5782 194
1605 195
153 196
1845 197
9956 198
2798 199
1425 200
9634 201
6871 202
2215 203
9083 204
87 205
8518 206
11029 207
526 208
10845 209
1714 210
10391 211
5562 212
4899 213
10235 214
10368 215
4065 216
1024 217
7269 218
893 219
196 220
8244 221
9230 222
6890 223
10662 224
5910 225
7675 226
2564 227
1954 228
10482 229
3851 230
4786 231
10819 232
10155 233
5010 234
11050 235
3900 236
3297 237
10519 238
8084 239
8448 240
7989 241
7157 242
11991 243
3130 244
1997 245
6061 246
10967 247
8475 248
3993 249
3618 250
11438 251
3636 252
1820 253
10407 254
1726 255
5431 256
1478 257
2094 258
6591 259
2003 260
1897 261
4592 262
6980 263
7156 264
2307 265
4693 266
10402 267
1313 268
2444 269
4237 270
9752 271
5060 272
8965 273
9428 274
7546 275
10287 276
5197 277
6066 278
925 279
10165 280
3161 281
5771 282
8409 283
6080 284
3181 285
9565 286
4810 287
3608 288
2529 289
9642 290
11405 291
302 292
10121 293
8210 294
5100 295
9222 296
10354 297
5448 298
9145 299
3548 300
10898 301
8101 302
348 303
2594 304
784 305
2508 306
10065 307
5778 308
11659 309
2507 310
4801 311
2550 312
5446 313
1439 314
10636 315
4424 316
11951 317
2245 318
2898 319
947 320
1818 321
10603 322
6913 323
10944 324
9100 325
472 326
6921 327
2848 328
9295 329
11258 330
9396 331
6098 332
8619 333
10876 334
2422 335
8836 336
6022 337
10453 338
6342 339
2091 340
622 341
4607 342
10584 343
7470 344
6421 345
1166 346
5610 347
20 348
11806 349
2696 350
5593 351
10147 352
5258 353
7816 354
4621 355
10122 356
7249 357
10237 358
11576 359
7073 360
8219 361
6554 362
9116 363
2637 364
3301 365
11010 366
6860 367
2186 368
4961 369
7755 370
8482 371
4475 372
1493 373
2989 374
2083 375
2388 376
1415 377
9101 378
3475 379
253 380
5088 381
2719 382
81 383
550 384
5343 385
10273 386
244 387
9933 388
10065 389
11232 390
6642 391
669 392
11843 393
6984 394
1983 395
1832 396
8604 397
11536 398
8631 399
7586 400
1368 401
9991 402
982 403
3980 404
1121 405
3541 406
3906 407
10896 408
7465 409
7519 410
7387 411
7385 412
2524 413
2465 414
5928 415
10597 416
4632 417
2597 418
3857 419
4032 420
4985 421
2406 422
10886 423
9338 424
9091 425
5802 426
8544 427
7141 428
8304 429
3987 430
6214 431
8179 432
8827 433
5772 434
7788 435
9881 436
46 437
9648 438
3872 439
7966 440
5236 441
3255 442
8447 443
9779 444
7322 445
3884 446
6477 447
8761 448
5929 449
7024 450
7114 451
4663 452
2582 453
1737 454
10957 455
9538 456
6103 457
9419 458
9357 459
2346 460
393 461
6616 462
3915 463
11390 464
7966 465
6339 466
3739 467
7733 468
4422 469
8216 470
1131 471
432 472
8693 473
1162 474
11091 475
5666 476
8681 477
7970 478
1051 479
5865 480
6331 481
11587 482
11405 483
4253 484
10155 485
5755 486
7512 487
2563 488
7162 489
11024 490
6699 491
8954 492
5100 493
1992 494
2158 495
2614 496
2674 497
10073 498
9925 499
6598 500
266 501
1826 502
5166 503
2276 504
4150 505
7937 506
3525 507
9339 508
4140 509
3038 510
3876 511
1100 512
144 513
2430 514
11643 515
3863 516
6124 517
3657 518
6653 519
6054 520
7620 521
455 522
10481 523
3480 524
1807 525
10437 526
8084 527
9302 528
76 529
11615 530
10490 531
7151 532
11619 533
5091 534
8479 535
9483 536
3807 537
5147 538
4899 539
9551 540
9876 541
3692 542
1426 543
7724 544
5323 545
3301 546
8173 547
4858 548
2125 549
5011 550
8903 551
5239 552
10468 553
7191 554
744 555
7871 556
5035 557
10834 558
10990 559
1717 560
7838 561
1423 562
1074 563
10403 564
702 565
10480 566
3534 567
11425 568
5128 569
9697 570
9883 571
5328 572
1391 573
4169 574
7616 575
1459 576
9427 577
8466 578
3976 579
7389 580
8760 581
3359 582
3641 583
1449 584
4922 585
7955 586
11072 587
2748 588
11254 589
10920 590
3653 591
6930 592
9108 593
3201 594
2301 595
2840 596
2750 597
105 598
865 599
11756 600
5594 601
1196 602
7232 603
8085 604
4503 605
1609 606
9423 607
2361 608
3052 609
11097 610
3578 611
7809 612
10864 613
317 614
7473 615
8768 616
11685 617
1433 618
382 619
8062 620
9083 621
5841 622
6713 623
8084 624
11449 625
8873 626
7735 627
4927 628
11402 629
5325 630
7872 631
943 632
219 633
6710 634
2279 635
10780 636
8495 637
4810 638
6781 639
11109 640
10123 641
3196 642
5607 643
8194 644
512 645
5607 646
3048 647
11486 648
8986 649
7181 650
8738 651
10175 652
598 653
10238 654
5353 655
1264 656
4381 657
9124 658
5075 659
8225 660
9156 661
216 662
3978 663
590 664
3029 665
5465 666
10350 667
3142 668
6160 669
5058 670
2840 671
9465 672
3020 673
11603 674
10678 675
11045 676
8674 677
7943 678
11261 679
2465 680
3958 681
11262 682
10101 683
810 684
6248 685
11865 686
11661 687
3897 688
9815 689
1718 690
3318 691
1054 692
10610 693
6556 694
1912 695
8014 696
6839 697
7091 698
11731 699
6830 700
7942 701
4938 702
6552 703
6954 704
4151 705
8619 706
10921 707
7492 708
5556 709
3362 710
10428 711
7243 712
10908 713
8536 714
194 715
10502 716
3867 717
10472 718
2908 719
10765 720
9680 721
2802 722
8447 723
8108 724
8382 725
3093 726
10369 727
7212 728
10472 729
10595 730
4111 731
2783 732
3459 733
11170 734
4611 735
1350 736
1299 737
8859 738
4163 739
6518 740
9234 741
5706 742
11857 743
11770 744
4427 745
6599 746
7562 747
6811 748
11035 749
6634 750
2345 751
8484 752
9851 753
10258 754
5835 755
10372 756
230 757
2504 758
1064 759
7182 760
5231 761
980 762
736 763
2715 764
7938 765
10667 766
9382 767
2976 768
160 769
3832 770
4053 771
333 772
5050 773
9036 774
11121 775
11857 776
8162 777
2876 778
467 779
114 780
10315 781
3898 782
3792 783
703 784
3292 785
8076 786
11520 787
6659 788
5992 789
10167 790
7323 791
6599 792
2001 793
5686 794
8858 795
7962 796
7642 797
1103 798
855 799
1478 800
8653 801
6345 802
5805 803
6274 804
3920 805
774 806
2138 807
5675 808
9925 809
11756 810
957 811
11802 812
7263 813
2839 814
2598 815
3197 816
10096 817
11512 818
10238 819
9083 820
9653 821
10805 822
10769 823
8972 824
9858 825
4525 826
4517 827
4048 828
7930 829
1282 830
6741 831
8333 832
1311 833
10037 834
1060 835
9069 836
10713 837
8949 838
1273 839
11550 840
4985 841
7582 842
9835 843
1090 844
535 845
3020 846
1329 847
11439 848
4050 849
8627 850
3845 851
5134 852
8341 853
11453 854
1179 855
7964 856
8756 857
257 858
6538 859
1582 860
11199 861
11246 862
171 863
7027 864
8759 865
1140 866
4290 867
6182 868
6989 869
3573 870
6336 871
937 872
3605 873
2548 874
7797 875
11386 876
4470 877
4361 878
822 879
8910 880
10329 881
4252 882
8801 883
5086 884
10295 885
2525 886
1208 887
2551 888
5864 889
2111 890
4800 891
3472 892
4205 893
2553 894
154 895
8416 896
4470 897
4624 898
9720 899
1560 900
5075 901
4388 902
6080 903
3309 904
5445 905
744 906
9700 907
3491 908
9137 909
3969 910
339 911
3893 912
9476 913
6540 914
2460 915
9641 916
3520 917
5457 918
7881 919
1332 920
8563 921
6223 922
10748 923
6030 924
10865 925
7091 926
2971 927
10706 928
4236 929
166 930
10048 931
728 932
11031 933
583 934
430 935
3786 936
10479 937
1982 938
9157 939
8270 940
2362 941
1958 942
7446 943
8884 944
5164 945
9420 946
6234 947
10946 948
9302 949
4524 950
3658 951
2251 952
11973 953
11385 954
3060 955
1654 956
4085 957
8969 958
10771 959
3785 960
1861 961
1584 962
5559 963
10481 964
5401 965
5855 966
6148 967
2832 968
10216 969
454 970
10258 971
6477 972
6640 973
5766 974
9161 975
1524 976
8960 977
7748 978
3434 979
8357 980
6983 981
5076 982
3989 983
2562 984
4848 985
7882 986
9802 987
10480 988
1287 989
6656 990
10184 991
206 992
9199 993
2296 994
833 995
9136 996
65 997
5114 998
6772 999
11124 1000
3203 1001
9863 1002
4210 1003
7003 1004
1077 1005
3711 1006
8625 1007
6111 1008
2437 1009
2618 1010
7406 1011
4652 1012
9458 1013
11782 1014
7856 1015
10765 1016
7293 1017
9388 1018
5617 1019
11913 1020
325 1021
496 1022
11236 1023
71 1024
11518 1025
8770 1026
10374 1027
6849 1028
2406 1029
3319 1030
3673 1031
6863 1032
9205 1033
1102 1034
5543 1035
4425 1036
7215 1037
9961 1038
2963 1039
9530 1040
3905 1041
3154 1042
3272 1043
7258 1044
1497 1045
2101 1046
9135 1047
4239 1048
7839 1049
6229 1050
11330 1051
3895 1052
761 1053
4784 1054
218 1055
2968 1056
11575 1057
8212 1058
1752 1059
6302 1060
2926 1061
8416 1062
9079 1063
10382 1064
5846 1065
4361 1066
6136 1067
6489 1068
7762 1069
9712 1070
4319 1071
5635 1072
6913 1073
480 1074
2753 1075
513 1076
9561 1077
11275 1078
6729 1079
52 1080
6885 1081
9048 1082
11387 1083
4521 1084
11473 1085
7213 1086
10447 1087
7497 1088
5515 1089
2850 1090
8054 1091
3060 1092
8536 1093
9048 1094
5574 1095
11547 1096
10957 1097
8010 1098
1592 1099
6287 1100
10758 1101
440 1102
10136 1103
4757 1104
8309 1105
10936 1106
7952 1107
11032 1108
10366 1109
8262 1110
11177 1111
10957 1112
9232 1113
6391 1114
382 1115
4652 1116
4358 1117
10610 1118
216 1119
10193 1120
2336 1121
9961 1122
2952 1123
11232 1124
4000 1125
2751 1126
7053 1127
2118 1128
4072 1129
1974 1130
11007 1131
1988 1132
28 1133
1201 1134
6665 1135
776 1136
1581 1137
9973 1138
5056 1139
4757 1140
9460 1141
8400 1142
5846 1143
7051 1144
4507 1145
10775 1146
5317 1147
3193 1148
2033 1149
337 1150
1596 1151
10800 1152
1929 1153
2108 1154
2955 1155
4048 1156
7733 1157
6562 1158
10355 1159
2050 1160
4207 1161
119 1162
7243 1163
343 1164
3234 1165
277 1166
5562 1167
3821 1168
8798 1169
5636 1170
11263 1171
5036 1172
10361 1173
9005 1174
400 1175
10944 1176
6136 1177
219 1178
8718 1179
6463 1180
3014 1181
3398 1182
10029 1183
2318 1184
11355 1185
8163 1186
10863 1187
11580 1188
3301 1189
8421 1190
738 1191
101 1192
2476 1193
11882 1194
7358 1195
11713 1196
10685 1197
10823 1198
4421 1199
