100 1400
823 0
692 1
383 2
32 3
564 4
918 5
192 6
321 7
757 8
725 9
996 10
348 11
185 12
794 13
851 14
876 15
485 16
921 17
646 18
452 19
231 20
818 21
96 22
98 23
626 24
601 25
676 26
220 27
797 28
892 29
544 30
313 31
275 32
523 33
556 34
972 35
478 36
919 37
974 38
186 39
823 40
111 41
897 42
185 43
1 44
636 45
664 46
402 47
39 48
78 49
10 50
385 51
838 52
624 53
244 54
635 55
653 56
116 57
643 58
960 59
136 60
739 61
229 62
7 63
445 64
118 65
767 66
362 67
628 68
436 69
660 70
728 71
894 72
858 73
923 74
81 75
12 76
82 77
859 78
664 79
9 80
100 81
815 82
390 83
776 84
378 85
247 86
276 87
257 88
850 89
657 90
221 91
39 92
169 93
668 94
883 95
628 96
86 97
64 98
775 99
