1500 750
6256 0
6843 1
5922 2
4459 3
6021 4
2966 5
7974 6
7391 7
7388 8
8542 9
1233 10
1562 11
2760 12
673 13
1663 14
4955 15
12120 16
2141 17
3634 18
4209 19
12545 20
356 21
7448 22
818 23
9496 24
8505 25
14977 26
1843 27
13656 28
10725 29
2807 30
4550 31
4373 32
14443 33
13120 34
13723 35
4506 36
7029 37
3319 38
2452 39
14057 40
8745 41
12286 42
12913 43
13320 44
3069 45
3381 46
188 47
1492 48
14009 49
14348 50
10717 51
3324 52
11060 53
1567 54
4887 55
14634 56
10214 57
11898 58
7965 59
459 60
11752 61
13951 62
9913 63
7068 64
8117 65
4004 66
4412 67
3261 68
5098 69
3895 70
2255 71
11305 72
7436 73
11945 74
5106 75
13729 76
10551 77
5319 78
7952 79
13565 80
6187 81
3405 82
7286 83
8493 84
13228 85
14299 86
4629 87
6229 88
11704 89
6677 90
13447 91
2775 92
10437 93
4792 94
1284 95
381 96
5091 97
14557 98
5241 99
10307 100
2851 101
14504 102
14168 103
14733 104
1800 105
13511 106
5471 107
3587 108
5030 109
4412 110
7709 111
1962 112
14118 113
10440 114
14585 115
11335 116
2960 117
13231 118
13660 119
3686 120
6940 121
8717 122
8898 123
202 124
6559 125
12378 126
12466 127
11790 128
10621 129
11591 130
7507 131
4297 132
127 133
14425 134
862 135
9185 136
10084 137
12182 138
9939 139
11217 140
10891 141
5676 142
5009 143
5053 144
3626 145
1722 146
14928 147
8933 148
2650 149
1633 150
1834 151
10444 152
13436 153
8733 154
11735 155
380 156
7919 157
4612 158
6001 159
14087 160
1178 161
9382 162
12825 163
8987 164
1529 165
8544 166
1713 167
9616 168
9285 169
5540 170
3618 171
7781 172
11047 173
3470 174
8429 175
12580 176
2631 177
252 178
9300 179
1825 180
11483 181
2568 182
889 183
8247 184
3761 185
11600 186
9962 187
13201 188
5145 189
11029 190
6793 191
12731 192
10788 193
12296 194
2604 195
13680 196
5014 197
399 198
7573 199
1512 200
671 201
9983 202
9587 203
7443 204
12947 205
1518 206
12936 207
7210 208
14401 209
11963 210
14117 211
6212 212
14799 213
13839 214
3623 215
5806 216
14610 217
4322 218
7386 219
8072 220
466 221
9041 222
4484 223
9845 224
8625 225
14136 226
5105 227
14671 228
601 229
7464 230
7139 231
7251 232
4979 233
12745 234
6545 235
704 236
11201 237
9974 238
13645 239
3132 240
5620 241
10530 242
7030 243
1166 244
1350 245
11247 246
7001 247
9601 248
6089 249
9272 250
7127 251
10590 252
3092 253
6302 254
2825 255
13631 256
13060 257
13315 258
2320 259
5589 260
6652 261
12567 262
5807 263
875 264
9338 265
12228 266
9205 267
12302 268
7572 269
3008 270
11529 271
1263 272
1778 273
11229 274
8915 275
9337 276
8293 277
763 278
1329 279
7234 280
3609 281
11124 282
5350 283
5812 284
11381 285
3365 286
6449 287
11221 288
3498 289
9942 290
4134 291
7488 292
2125 293
13890 294
3985 295
14834 296
313 297
8423 298
253 299
11937 300
609 301
8467 302
8108 303
5260 304
4179 305
6354 306
2989 307
11942 308
2840 309
10642 310
11779 311
9608 312
3355 313
12934 314
12441 315
6522 316
9399 317
783 318
2670 319
13581 320
1035 321
10060 322
12427 323
7624 324
5085 325
309 326
1803 327
10651 328
6647 329
10814 330
1158 331
572 332
8561 333
11952 334
5831 335
3577 336
10134 337
6945 338
13998 339
12767 340
7303 341
1063 342
14968 343
3088 344
1292 345
11929 346
11565 347
4686 348
10612 349
10246 350
14354 351
10479 352
495 353
1783 354
12979 355
2883 356
10916 357
6009 358
11863 359
4591 360
8357 361
3479 362
787 363
4873 364
6538 365
7791 366
128 367
6032 368
1882 369
7244 370
11374 371
11276 372
9764 373
7526 374
3900 375
13273 376
3393 377
1197 378
6335 379
1155 380
2287 381
1200 382
11025 383
3471 384
14853 385
12683 386
14039 387
9018 388
10808 389
1409 390
11232 391
10223 392
10205 393
12775 394
11052 395
13624 396
1992 397
14736 398
12603 399
4428 400
7171 401
14990 402
416 403
9004 404
12885 405
3694 406
5706 407
5871 408
4909 409
14043 410
11517 411
10135 412
7324 413
13415 414
8476 415
1839 416
9655 417
527 418
13550 419
12007 420
2828 421
10641 422
11090 423
10608 424
9066 425
10614 426
4367 427
6294 428
14532 429
13930 430
2617 431
9516 432
12437 433
1202 434
4875 435
9083 436
2293 437
11485 438
5269 439
10413 440
6689 441
11212 442
13541 443
2283 444
8497 445
4640 446
3904 447
5167 448
13819 449
5525 450
4630 451
7593 452
7183 453
8055 454
2746 455
9577 456
3001 457
14068 458
14892 459
13115 460
11231 461
10180 462
9855 463
1330 464
6661 465
13010 466
5433 467
6082 468
8397 469
8518 470
9574 471
3780 472
13395 473
11659 474
9688 475
1168 476
9588 477
307 478
337 479
2507 480
12748 481
8835 482
14926 483
13480 484
489 485
607 486
6752 487
5954 488
1704 489
4535 490
6967 491
5689 492
5631 493
12738 494
4726 495
4529 496
2712 497
4422 498
10402 499
7745 500
4679 501
1886 502
14368 503
6155 504
12591 505
2018 506
7781 507
3914 508
6489 509
6139 510
11700 511
6745 512
7485 513
13996 514
2700 515
11171 516
4761 517
4945 518
13625 519
10816 520
11882 521
14863 522
2289 523
8913 524
9333 525
10570 526
7270 527
12683 528
13887 529
2051 530
1067 531
9767 532
3953 533
2393 534
11996 535
2994 536
8425 537
13683 538
5600 539
1538 540
7149 541
3785 542
1986 543
4518 544
8085 545
14064 546
1729 547
11361 548
2103 549
626 550
4184 551
2618 552
13128 553
9001 554
13987 555
3555 556
5786 557
9514 558
9546 559
6285 560
9572 561
9760 562
13237 563
4097 564
11464 565
13270 566
9774 567
12537 568
3834 569
10700 570
6398 571
14729 572
9364 573
10437 574
12260 575
4893 576
11107 577
6450 578
14797 579
9085 580
5032 581
10308 582
7214 583
3446 584
6106 585
13829 586
6341 587
10460 588
11889 589
870 590
4571 591
12376 592
5482 593
3439 594
3069 595
5007 596
13514 597
3256 598
5109 599
12160 600
3727 601
1640 602
13395 603
14006 604
11221 605
5088 606
4913 607
2622 608
12421 609
317 610
8894 611
12213 612
14780 613
13610 614
8404 615
8068 616
10613 617
10659 618
11525 619
7554 620
14386 621
8660 622
1008 623
11337 624
12321 625
909 626
6493 627
6353 628
5638 629
937 630
6179 631
11836 632
877 633
1037 634
12136 635
3707 636
11465 637
10960 638
14683 639
10052 640
13837 641
8199 642
11868 643
4152 644
5207 645
7117 646
4635 647
13095 648
3056 649
12402 650
13357 651
8578 652
2247 653
4739 654
10706 655
8611 656
12151 657
12015 658
13298 659
4982 660
5809 661
11403 662
4297 663
12996 664
6865 665
1727 666
2864 667
13786 668
976 669
12038 670
13189 671
8078 672
402 673
755 674
11459 675
13585 676
7568 677
11973 678
4841 679
4784 680
12976 681
9247 682
14430 683
12031 684
13149 685
5633 686
1654 687
13383 688
14326 689
2766 690
8050 691
3767 692
6470 693
10909 694
13681 695
10659 696
1695 697
445 698
7518 699
13992 700
14732 701
14120 702
2459 703
9000 704
5424 705
14212 706
12659 707
6620 708
2670 709
6358 710
6496 711
9887 712
6143 713
14727 714
9558 715
2026 716
12267 717
14939 718
11634 719
1977 720
3326 721
10389 722
12688 723
367 724
11 725
9726 726
621 727
2992 728
7410 729
10719 730
8610 731
14560 732
7724 733
14669 734
11700 735
1457 736
1480 737
10035 738
2282 739
10559 740
2814 741
1588 742
10545 743
3160 744
12062 745
1395 746
13104 747
5632 748
1670 749
3207 750
393 751
10678 752
3780 753
3868 754
6310 755
12425 756
7104 757
3595 758
13870 759
14634 760
9045 761
4486 762
3101 763
3631 764
9663 765
197 766
5703 767
11221 768
8718 769
12295 770
3362 771
7456 772
11160 773
8472 774
12720 775
1825 776
14430 777
10779 778
6978 779
9693 780
4966 781
6457 782
3425 783
6314 784
8525 785
10244 786
8481 787
4313 788
11690 789
8713 790
12287 791
3306 792
2461 793
3599 794
954 795
6627 796
6239 797
14483 798
5158 799
165 800
7560 801
799 802
11394 803
14342 804
11307 805
8684 806
13251 807
13461 808
8181 809
9854 810
13941 811
4429 812
6008 813
6582 814
13811 815
2643 816
6338 817
3389 818
14435 819
460 820
11295 821
11948 822
7079 823
71 824
5897 825
3415 826
11171 827
10040 828
7728 829
846 830
12095 831
12680 832
13950 833
11543 834
6985 835
7123 836
857 837
11993 838
6175 839
12913 840
9228 841
11257 842
9395 843
7119 844
3309 845
12358 846
12059 847
7647 848
10213 849
4313 850
13325 851
8605 852
6818 853
830 854
255 855
1148 856
8325 857
1425 858
4933 859
6418 860
996 861
3161 862
2770 863
7379 864
4167 865
1806 866
5874 867
12303 868
4582 869
11390 870
12270 871
6927 872
12519 873
14685 874
11961 875
1067 876
4304 877
4770 878
14887 879
3088 880
9142 881
9093 882
5677 883
593 884
3001 885
13635 886
12320 887
3407 888
2267 889
14395 890
7605 891
10939 892
8038 893
13391 894
2978 895
5388 896
5740 897
10420 898
8985 899
13775 900
6453 901
1335 902
9941 903
11750 904
14791 905
13078 906
11572 907
4354 908
9252 909
4714 910
12295 911
8468 912
14250 913
1878 914
12719 915
6285 916
10731 917
9026 918
9969 919
1398 920
542 921
11956 922
444 923
5984 924
3190 925
10507 926
7140 927
26 928
8232 929
14366 930
10504 931
5709 932
9974 933
14356 934
364 935
3243 936
12020 937
6768 938
7388 939
735 940
14352 941
9294 942
2579 943
10076 944
447 945
13971 946
8642 947
8636 948
11925 949
1656 950
6914 951
5624 952
1267 953
6924 954
2422 955
3386 956
7343 957
8269 958
10584 959
4972 960
3826 961
4028 962
14402 963
10252 964
1238 965
12731 966
7448 967
12510 968
13357 969
3206 970
11850 971
10003 972
5784 973
1801 974
9821 975
874 976
12246 977
6168 978
11777 979
12984 980
10275 981
12391 982
10560 983
11168 984
8037 985
9793 986
6935 987
13777 988
2776 989
5972 990
6710 991
9121 992
3986 993
1174 994
5079 995
13592 996
8218 997
13434 998
7576 999
2770 1000
4002 1001
6026 1002
12282 1003
12658 1004
14556 1005
1850 1006
11253 1007
5605 1008
5298 1009
14781 1010
3726 1011
4023 1012
10843 1013
1866 1014
9864 1015
5134 1016
7581 1017
9241 1018
140 1019
10555 1020
11804 1021
11619 1022
9406 1023
7907 1024
4974 1025
12547 1026
9128 1027
855 1028
3376 1029
13108 1030
4994 1031
1094 1032
1624 1033
691 1034
14539 1035
2158 1036
14654 1037
2711 1038
4676 1039
6110 1040
2883 1041
7994 1042
9779 1043
11534 1044
11202 1045
10586 1046
6728 1047
2539 1048
3337 1049
13724 1050
4935 1051
2869 1052
8143 1053
2649 1054
9070 1055
7280 1056
7145 1057
10580 1058
5664 1059
3686 1060
3490 1061
9063 1062
5469 1063
2778 1064
13365 1065
14550 1066
1488 1067
8548 1068
3182 1069
9604 1070
14448 1071
2739 1072
9286 1073
13487 1074
7884 1075
9422 1076
6494 1077
10687 1078
12624 1079
650 1080
11412 1081
12558 1082
7361 1083
10958 1084
7405 1085
14679 1086
11451 1087
12481 1088
14536 1089
7344 1090
98 1091
7205 1092
12474 1093
7518 1094
13272 1095
12759 1096
8187 1097
13743 1098
11382 1099
11941 1100
10550 1101
10415 1102
4223 1103
3434 1104
4321 1105
9034 1106
5856 1107
7639 1108
5417 1109
13829 1110
14039 1111
864 1112
7655 1113
3638 1114
1547 1115
7787 1116
14228 1117
6306 1118
1176 1119
3464 1120
5962 1121
3807 1122
11531 1123
4133 1124
11796 1125
3051 1126
1307 1127
12623 1128
14882 1129
10637 1130
11610 1131
12749 1132
679 1133
13905 1134
14461 1135
1508 1136
3106 1137
7704 1138
4725 1139
3371 1140
5105 1141
2419 1142
6441 1143
9080 1144
1261 1145
10118 1146
3114 1147
8913 1148
8597 1149
7508 1150
13729 1151
10966 1152
14887 1153
7254 1154
11443 1155
6581 1156
197 1157
5243 1158
8732 1159
11747 1160
836 1161
4640 1162
1550 1163
13317 1164
9288 1165
725 1166
9592 1167
3617 1168
2487 1169
1336 1170
9941 1171
3570 1172
5711 1173
355 1174
8248 1175
7118 1176
11561 1177
11346 1178
12438 1179
10125 1180
11800 1181
2760 1182
1994 1183
4054 1184
6868 1185
12995 1186
7628 1187
12502 1188
3761 1189
13950 1190
8633 1191
12439 1192
177 1193
12916 1194
9847 1195
6290 1196
5403 1197
5760 1198
4545 1199
4197 1200
2954 1201
1118 1202
14667 1203
2340 1204
139 1205
13613 1206
9985 1207
13401 1208
11682 1209
5212 1210
14515 1211
5573 1212
7507 1213
10336 1214
4240 1215
14353 1216
11680 1217
7213 1218
11383 1219
12274 1220
2452 1221
3254 1222
1348 1223
10353 1224
2959 1225
11224 1226
11028 1227
12799 1228
7950 1229
13294 1230
4010 1231
2256 1232
12752 1233
8688 1234
3447 1235
8585 1236
8792 1237
6239 1238
116 1239
6627 1240
8967 1241
11276 1242
3395 1243
389 1244
4142 1245
12645 1246
1788 1247
14778 1248
8753 1249
13217 1250
12850 1251
8626 1252
7472 1253
6992 1254
11306 1255
5106 1256
14472 1257
5274 1258
183 1259
6475 1260
13685 1261
3404 1262
9196 1263
11188 1264
13987 1265
6109 1266
6571 1267
9875 1268
13291 1269
1937 1270
13670 1271
6310 1272
14312 1273
1318 1274
814 1275
5965 1276
3830 1277
3638 1278
893 1279
7734 1280
9329 1281
8097 1282
6655 1283
8895 1284
14754 1285
14000 1286
6804 1287
4775 1288
3919 1289
8375 1290
5533 1291
5377 1292
2566 1293
11895 1294
11782 1295
6380 1296
13607 1297
10166 1298
7992 1299
8705 1300
10077 1301
5581 1302
4969 1303
8286 1304
10574 1305
13914 1306
5824 1307
1347 1308
8741 1309
13146 1310
11961 1311
7668 1312
5151 1313
8179 1314
4265 1315
11101 1316
13632 1317
11946 1318
11483 1319
2081 1320
14560 1321
8983 1322
11258 1323
13622 1324
8495 1325
9306 1326
13468 1327
2484 1328
2079 1329
3757 1330
12259 1331
11876 1332
14844 1333
10429 1334
8610 1335
8826 1336
6502 1337
10314 1338
13644 1339
11671 1340
4602 1341
9545 1342
3315 1343
13038 1344
3948 1345
3591 1346
13281 1347
1219 1348
10627 1349
5671 1350
10852 1351
3049 1352
11523 1353
3564 1354
3540 1355
13210 1356
9776 1357
11280 1358
13832 1359
8270 1360
4545 1361
3899 1362
2059 1363
2109 1364
4228 1365
3570 1366
8066 1367
9379 1368
9555 1369
8780 1370
11186 1371
3933 1372
440 1373
14542 1374
9505 1375
8835 1376
7574 1377
3074 1378
10771 1379
6745 1380
4097 1381
13216 1382
4816 1383
14934 1384
10277 1385
11694 1386
10535 1387
106 1388
12627 1389
14462 1390
11208 1391
9682 1392
9167 1393
12161 1394
11830 1395
9739 1396
12246 1397
10461 1398
9829 1399
14513 1400
14943 1401
33 1402
12022 1403
1696 1404
1306 1405
5162 1406
1216 1407
12971 1408
5774 1409
11340 1410
14288 1411
12950 1412
14927 1413
5085 1414
7678 1415
11164 1416
5041 1417
7376 1418
8281 1419
7001 1420
11611 1421
8332 1422
9627 1423
10291 1424
14755 1425
5348 1426
5624 1427
9157 1428
9542 1429
11927 1430
6121 1431
4614 1432
10732 1433
9173 1434
14007 1435
9914 1436
2031 1437
9463 1438
13581 1439
10624 1440
7521 1441
7923 1442
12932 1443
13734 1444
14042 1445
1810 1446
9883 1447
3774 1448
2392 1449
4012 1450
107 1451
5436 1452
14973 1453
1145 1454
191 1455
738 1456
2313 1457
576 1458
10157 1459
11926 1460
9070 1461
6823 1462
12605 1463
7219 1464
7381 1465
11548 1466
13340 1467
11486 1468
11240 1469
6116 1470
14646 1471
8031 1472
13015 1473
4389 1474
11433 1475
160 1476
8580 1477
14310 1478
8329 1479
2933 1480
7257 1481
3107 1482
14402 1483
11461 1484
3265 1485
13712 1486
12613 1487
9358 1488
2631 1489
12591 1490
6338 1491
7163 1492
5448 1493
9957 1494
12611 1495
6188 1496
14110 1497
3438 1498
12576 1499
