1250 1600
2584 0
10413 1
11818 2
9680 3
10602 4
9495 5
3125 6
11400 7
11178 8
8008 9
4566 10
9512 11
4459 12
1234 13
2385 14
12271 15
1572 16
954 17
9361 18
7220 19
5489 20
3723 21
3244 22
6907 23
9047 24
4009 25
6723 26
5926 27
11012 28
308 29
10574 30
5796 31
11436 32
681 33
7369 34
1648 35
10087 36
527 37
8036 38
11593 39
12013 40
7829 41
9590 42
10266 43
7338 44
7354 45
6157 46
8154 47
4239 48
6057 49
6143 50
7009 51
10950 52
3997 53
6 54
7106 55
10993 56
10780 57
8229 58
1916 59
8660 60
1543 61
7288 62
5824 63
12055 64
10463 65
3275 66
10631 67
42 68
5533 69
633 70
7900 71
12492 72
3124 73
3951 74
1284 75
10699 76
9740 77
1324 78
12436 79
2355 80
7834 81
7557 82
2315 83
9004 84
4378 85
6638 86
3996 87
6554 88
11125 89
9148 90
1897 91
1897 92
11389 93
7531 94
6626 95
9625 96
11648 97
850 98
6701 99
8142 100
2427 101
11484 102
4199 103
3190 104
9859 105
2913 106
7533 107
1837 108
971 109
11421 110
4657 111
3480 112
724 113
5068 114
3007 115
3428 116
5785 117
7267 118
10095 119
3880 120
7785 121
8946 122
4685 123
1212 124
8441 125
8325 126
1873 127
11845 128
11763 129
6459 130
3614 131
3889 132
7575 133
4679 134
1978 135
6936 136
10125 137
10712 138
11080 139
1967 140
9831 141
12038 142
11074 143
8175 144
4212 145
12110 146
9794 147
11494 148
6001 149
4891 150
6540 151
7257 152
7093 153
10645 154
5655 155
2184 156
7798 157
11123 158
11978 159
8853 160
8758 161
6964 162
4273 163
4235 164
7770 165
4373 166
12405 167
12002 168
4429 169
4394 170
948 171
846 172
566 173
11956 174
796 175
3697 176
10063 177
11387 178
10303 179
2885 180
1698 181
6635 182
12327 183
993 184
1357 185
8961 186
453 187
9670 188
7254 189
9432 190
6567 191
5492 192
7506 193
7554 194
12143 195
5823 196
902 197
11785 198
1055 199
4060 200
10354 201
4145 202
4098 203
5742 204
12491 205
396 206
4985 207
9818 208
7598 209
10055 210
12218 211
3864 212
2582 213
5654 214
21 215
3403 216
7039 217
5926 218
12490 219
9461 220
1761 221
8764 222
9484 223
10836 224
6619 225
5025 226
8411 227
243 228
5678 229
9238 230
7054 231
88 232
4043 233
8486 234
3839 235
11673 236
6963 237
9181 238
7230 239
11345 240
12181 241
8483 242
5764 243
9481 244
6754 245
10683 246
7209 247
514 248
11579 249
8219 250
5962 251
888 252
10327 253
8841 254
10782 255
9130 256
7198 257
1587 258
7836 259
7534 260
6995 261
5916 262
10308 263
8773 264
9758 265
7720 266
8530 267
3222 268
10838 269
5102 270
3601 271
5121 272
96 273
11054 274
6359 275
2433 276
9054 277
4098 278
12223 279
2001 280
2874 281
7615 282
8735 283
10917 284
532 285
7343 286
7267 287
9581 288
8714 289
1106 290
2152 291
7661 292
5348 293
11513 294
11291 295
2818 296
6554 297
706 298
2199 299
6399 300
11507 301
3184 302
2188 303
3538 304
10938 305
1258 306
7210 307
2308 308
7563 309
8132 310
7561 311
1268 312
7343 313
8100 314
1937 315
7594 316
10102 317
10917 318
5988 319
3161 320
9743 321
2177 322
10605 323
5971 324
11110 325
106 326
11823 327
2689 328
718 329
1412 330
11187 331
3234 332
1545 333
5562 334
11973 335
10557 336
5168 337
10771 338
8287 339
1497 340
2372 341
4675 342
3711 343
2755 344
10469 345
2422 346
9438 347
2827 348
3198 349
12468 350
12124 351
8325 352
11144 353
3013 354
10356 355
10511 356
9053 357
2461 358
988 359
3379 360
4384 361
9310 362
11343 363
11475 364
7418 365
1552 366
5604 367
9516 368
4060 369
8727 370
11548 371
5999 372
883 373
699 374
1274 375
1333 376
154 377
4379 378
10408 379
11356 380
7206 381
5829 382
7571 383
2758 384
8276 385
2309 386
4588 387
6704 388
6255 389
8378 390
5326 391
10945 392
4377 393
4217 394
5608 395
3469 396
7136 397
4960 398
4188 399
11563 400
10282 401
12069 402
5810 403
8856 404
5647 405
4585 406
1317 407
2596 408
6881 409
2804 410
4114 411
6210 412
189 413
5161 414
6812 415
11595 416
1167 417
12327 418
10892 419
4930 420
10389 421
7434 422
7961 423
2841 424
5906 425
4127 426
10437 427
6625 428
9699 429
12262 430
8386 431
10088 432
10656 433
7195 434
7560 435
7631 436
3971 437
4968 438
4158 439
4004 440
265 441
4207 442
9778 443
5578 444
11643 445
3833 446
9016 447
3349 448
9044 449
6383 450
8553 451
7488 452
5919 453
2937 454
10176 455
5160 456
11667 457
4414 458
5562 459
11981 460
9888 461
11101 462
10224 463
11029 464
1657 465
6801 466
1351 467
12030 468
10643 469
3612 470
11762 471
412 472
11881 473
4437 474
1753 475
10643 476
4841 477
7841 478
9244 479
8526 480
8459 481
4072 482
2940 483
10422 484
1638 485
2012 486
7356 487
10958 488
4084 489
2361 490
6525 491
12171 492
7018 493
8060 494
6279 495
6367 496
10794 497
4931 498
8993 499
10207 500
1041 501
3086 502
9461 503
6970 504
6435 505
11742 506
8834 507
1348 508
204 509
5468 510
8153 511
8554 512
10679 513
9602 514
2297 515
11945 516
5555 517
12491 518
5046 519
9604 520
10996 521
11157 522
10971 523
3848 524
4810 525
9966 526
4346 527
2484 528
3459 529
2916 530
5811 531
11418 532
11094 533
666 534
7787 535
3551 536
9224 537
9574 538
10219 539
78 540
1670 541
10386 542
12174 543
7052 544
206 545
12176 546
6788 547
942 548
8467 549
1709 550
7205 551
11075 552
11148 553
3599 554
12423 555
3816 556
2425 557
4277 558
5194 559
10110 560
4157 561
7552 562
3447 563
6762 564
885 565
1249 566
9947 567
2162 568
1059 569
415 570
11011 571
10231 572
9884 573
4100 574
1272 575
5166 576
7676 577
8993 578
2847 579
11191 580
4805 581
9089 582
11533 583
3153 584
523 585
10118 586
12446 587
7246 588
11224 589
7680 590
8432 591
11337 592
818 593
3800 594
10000 595
10693 596
5399 597
6696 598
5667 599
8240 600
1079 601
4819 602
4653 603
1501 604
3527 605
1340 606
7454 607
2823 608
6914 609
10528 610
7877 611
3678 612
2286 613
11171 614
6674 615
8644 616
3093 617
8167 618
287 619
5026 620
2866 621
2476 622
10471 623
6475 624
3602 625
7422 626
1876 627
9943 628
11373 629
9671 630
1802 631
9840 632
8375 633
1837 634
5906 635
8861 636
7608 637
1930 638
1145 639
4786 640
8003 641
11039 642
9059 643
1726 644
7925 645
10134 646
11774 647
870 648
2774 649
12033 650
3218 651
5580 652
11365 653
5044 654
4564 655
10709 656
5729 657
6971 658
12250 659
8806 660
7252 661
9767 662
20 663
6748 664
10542 665
10786 666
10207 667
11011 668
8319 669
3037 670
8974 671
10492 672
8436 673
11680 674
1005 675
5238 676
4416 677
9049 678
5624 679
5120 680
7611 681
8281 682
7376 683
3971 684
3956 685
884 686
6720 687
7249 688
597 689
6531 690
4440 691
8848 692
11438 693
12169 694
5462 695
11438 696
3246 697
3287 698
4319 699
10958 700
8651 701
3710 702
11005 703
1987 704
3332 705
4368 706
7689 707
3122 708
9430 709
5628 710
7328 711
12046 712
2460 713
9143 714
9525 715
5202 716
6385 717
5068 718
4663 719
7910 720
5615 721
4136 722
6905 723
3861 724
10150 725
1701 726
11817 727
2070 728
8683 729
6065 730
3275 731
2938 732
3637 733
5892 734
10244 735
6949 736
12363 737
1583 738
4760 739
11025 740
1691 741
8056 742
6773 743
9477 744
2439 745
11442 746
7869 747
5422 748
2212 749
2616 750
6887 751
8753 752
6514 753
240 754
5524 755
2782 756
8063 757
6604 758
3142 759
5613 760
7991 761
765 762
8791 763
4287 764
6134 765
7409 766
3760 767
355 768
6862 769
641 770
6974 771
3930 772
756 773
929 774
907 775
9813 776
9284 777
7968 778
9473 779
6039 780
3274 781
9456 782
7094 783
12176 784
6075 785
2582 786
12098 787
5589 788
10077 789
7769 790
3549 791
9699 792
8055 793
11605 794
11826 795
4953 796
11123 797
8045 798
5894 799
5472 800
10244 801
4023 802
8606 803
11016 804
8223 805
2639 806
11508 807
1366 808
2710 809
9526 810
10517 811
848 812
8412 813
3787 814
1401 815
2994 816
9420 817
8808 818
10715 819
9430 820
8308 821
2484 822
10059 823
6273 824
3538 825
11381 826
7589 827
6056 828
5733 829
506 830
9122 831
10513 832
11501 833
10613 834
11828 835
7939 836
674 837
7857 838
2397 839
2009 840
12114 841
1434 842
1286 843
5854 844
11214 845
12023 846
3457 847
7043 848
7050 849
11425 850
5934 851
8205 852
600 853
11750 854
9266 855
2560 856
9140 857
6189 858
542 859
10345 860
9255 861
10485 862
2399 863
9329 864
6633 865
4988 866
1702 867
6220 868
3212 869
8791 870
7517 871
7479 872
7456 873
12418 874
10508 875
9970 876
9007 877
12052 878
3803 879
9456 880
10443 881
8907 882
3962 883
10746 884
11636 885
1421 886
6144 887
6298 888
4433 889
11551 890
7825 891
8159 892
4175 893
676 894
3208 895
12153 896
9909 897
6226 898
87 899
9629 900
10735 901
11214 902
1606 903
11038 904
2718 905
1777 906
7560 907
4905 908
11105 909
7337 910
10001 911
11632 912
5995 913
9677 914
3797 915
1993 916
10281 917
4364 918
5429 919
4783 920
4108 921
1349 922
6589 923
6159 924
8429 925
6770 926
7753 927
5457 928
2339 929
9915 930
994 931
9024 932
10678 933
5219 934
5811 935
8020 936
11087 937
2491 938
10224 939
3946 940
6763 941
7176 942
3808 943
12186 944
1138 945
2842 946
688 947
4265 948
9833 949
10618 950
10985 951
11147 952
1319 953
3924 954
2534 955
10317 956
8042 957
10838 958
10858 959
10059 960
1357 961
5166 962
8894 963
3817 964
11205 965
9698 966
6115 967
4617 968
6335 969
1824 970
8500 971
2267 972
2451 973
3765 974
4012 975
3157 976
5996 977
824 978
7133 979
4655 980
3228 981
10430 982
4691 983
1516 984
2816 985
5091 986
1559 987
9298 988
5482 989
6896 990
473 991
4255 992
5353 993
7580 994
9980 995
10661 996
9039 997
11872 998
9574 999
10321 1000
1243 1001
1604 1002
7433 1003
3629 1004
210 1005
503 1006
10908 1007
6315 1008
135 1009
4671 1010
9795 1011
8703 1012
9833 1013
10371 1014
1281 1015
9408 1016
12491 1017
2873 1018
2411 1019
7647 1020
2951 1021
1531 1022
7728 1023
11849 1024
2330 1025
1141 1026
11714 1027
2051 1028
2533 1029
11149 1030
4690 1031
12484 1032
5202 1033
9214 1034
7021 1035
10218 1036
7010 1037
7427 1038
2815 1039
8377 1040
596 1041
1926 1042
5304 1043
10245 1044
5121 1045
7019 1046
7812 1047
2482 1048
6420 1049
2598 1050
8859 1051
8034 1052
1732 1053
100 1054
6445 1055
2241 1056
3680 1057
1070 1058
10166 1059
11056 1060
5993 1061
11827 1062
7512 1063
408 1064
9015 1065
6847 1066
10602 1067
1326 1068
10987 1069
1881 1070
2769 1071
4148 1072
9815 1073
11035 1074
10208 1075
12440 1076
4854 1077
2748 1078
11653 1079
5707 1080
11402 1081
1297 1082
1048 1083
9532 1084
6786 1085
11277 1086
3588 1087
3667 1088
3775 1089
12337 1090
11137 1091
6743 1092
10246 1093
5722 1094
7873 1095
6208 1096
11592 1097
12129 1098
7003 1099
2274 1100
11578 1101
2707 1102
3839 1103
7704 1104
755 1105
6088 1106
8712 1107
8773 1108
1514 1109
377 1110
7146 1111
9688 1112
9823 1113
3632 1114
5016 1115
5908 1116
2567 1117
5720 1118
2857 1119
4282 1120
11514 1121
11872 1122
5459 1123
2882 1124
5431 1125
5257 1126
7248 1127
1147 1128
12436 1129
2271 1130
2618 1131
2627 1132
1943 1133
11905 1134
10237 1135
9929 1136
11285 1137
1933 1138
8037 1139
1249 1140
318 1141
2356 1142
2193 1143
8004 1144
2550 1145
407 1146
516 1147
1819 1148
7990 1149
4741 1150
475 1151
10306 1152
11363 1153
10086 1154
4974 1155
4293 1156
433 1157
3545 1158
6478 1159
9427 1160
9921 1161
12053 1162
5293 1163
12367 1164
12057 1165
10231 1166
6031 1167
5510 1168
11054 1169
4933 1170
6340 1171
10418 1172
8102 1173
12303 1174
2984 1175
4543 1176
2559 1177
11504 1178
2048 1179
4404 1180
4907 1181
2110 1182
419 1183
8115 1184
5433 1185
7434 1186
3982 1187
2047 1188
2145 1189
7909 1190
3354 1191
10699 1192
3757 1193
4509 1194
6387 1195
2502 1196
4126 1197
3046 1198
241 1199
12141 1200
1735 1201
11185 1202
11405 1203
11142 1204
3542 1205
4556 1206
1697 1207
11329 1208
6194 1209
5552 1210
11133 1211
760 1212
971 1213
11549 1214
4283 1215
4629 1216
10540 1217
11185 1218
11345 1219
3575 1220
9522 1221
3580 1222
11071 1223
6608 1224
6137 1225
11224 1226
3216 1227
3188 1228
12299 1229
2701 1230
6392 1231
5679 1232
1841 1233
6552 1234
3590 1235
7026 1236
206 1237
8943 1238
8134 1239
3997 1240
10573 1241
1565 1242
4743 1243
10749 1244
6044 1245
249 1246
11386 1247
3166 1248
3970 1249
