1100 900
10016 0
10087 1
10223 2
4202 3
9652 4
2859 5
9417 6
8224 7
3577 8
3885 9
3366 10
3533 11
8241 12
4679 13
7628 14
9526 15
996 16
9414 17
408 18
5487 19
8033 20
7405 21
9420 22
9994 23
6758 24
9613 25
5702 26
7849 27
662 28
8093 29
120 30
8667 31
1627 32
6623 33
4523 34
3619 35
7447 36
5048 37
8502 38
1105 39
2252 40
4889 41
2672 42
9046 43
7664 44
3979 45
6395 46
10503 47
3775 48
4267 49
2099 50
1212 51
9818 52
10306 53
1380 54
3524 55
10471 56
9781 57
3698 58
10584 59
513 60
8005 61
1061 62
4405 63
480 64
230 65
2590 66
1544 67
10652 68
1292 69
10869 70
3701 71
430 72
6552 73
383 74
5132 75
4220 76
2623 77
7294 78
2853 79
4524 80
2166 81
6660 82
4094 83
4264 84
10641 85
4455 86
3035 87
10439 88
4916 89
2660 90
5180 91
8938 92
2675 93
939 94
5169 95
4374 96
6610 97
10754 98
6372 99
71 100
10241 101
5385 102
3374 103
6696 104
884 105
3063 106
2229 107
9603 108
3661 109
9933 110
4927 111
8544 112
976 113
6150 114
7009 115
10522 116
10663 117
9465 118
5585 119
4269 120
7825 121
6312 122
5062 123
7564 124
6986 125
5447 126
2487 127
448 128
448 129
7406 130
714 131
983 132
7341 133
9224 134
2238 135
9257 136
6122 137
450 138
10863 139
4269 140
3338 141
10064 142
3907 143
1260 144
1260 145
1535 146
6051 147
3229 148
7645 149
6749 150
4569 151
3517 152
8811 153
5637 154
2647 155
1509 156
8972 157
5368 158
2029 159
7943 160
6233 161
2961 162
2815 163
5957 164
7026 165
4188 166
10416 167
9220 168
8205 169
4233 170
1751 171
3906 172
8419 173
6537 174
9425 175
1450 176
9198 177
7499 178
5847 179
2463 180
2599 181
463 182
1340 183
3190 184
34 185
10214 186
410 187
7268 188
2247 189
5513 190
3466 191
6299 192
3656 193
8054 194
2463 195
9387 196
1833 197
8573 198
7127 199
6285 200
3510 201
9306 202
10383 203
915 204
5151 205
10434 206
672 207
5034 208
9627 209
9781 210
7450 211
8784 212
3443 213
7204 214
10469 215
2684 216
6389 217
10631 218
5882 219
8064 220
3954 221
2236 222
8360 223
9504 224
7198 225
8244 226
7958 227
4134 228
1482 229
6178 230
7210 231
2976 232
6977 233
3658 234
5437 235
6073 236
3129 237
6746 238
10563 239
9811 240
51 241
5152 242
8067 243
2557 244
9804 245
10904 246
4135 247
9851 248
2820 249
2005 250
3890 251
684 252
333 253
2471 254
5412 255
7602 256
3385 257
8208 258
6906 259
2647 260
1638 261
10500 262
2667 263
2678 264
8037 265
6510 266
1311 267
10104 268
9470 269
4675 270
2922 271
9522 272
129 273
10700 274
639 275
2877 276
5863 277
8059 278
2563 279
4277 280
664 281
3761 282
3960 283
6666 284
5175 285
2344 286
7304 287
3988 288
8048 289
7814 290
5612 291
6507 292
5651 293
2827 294
3505 295
10237 296
4003 297
2968 298
4713 299
10166 300
9649 301
6299 302
1257 303
2358 304
3253 305
7188 306
6000 307
5154 308
1787 309
3291 310
3582 311
1689 312
9893 313
7684 314
3136 315
1170 316
8445 317
5473 318
4380 319
1530 320
9518 321
6981 322
283 323
1941 324
7499 325
8103 326
2966 327
6423 328
111 329
2356 330
7450 331
1896 332
5737 333
4670 334
6460 335
8789 336
211 337
6512 338
5131 339
4416 340
2625 341
4397 342
10119 343
438 344
5775 345
1167 346
2234 347
1213 348
4362 349
6860 350
2661 351
5129 352
2815 353
7722 354
6375 355
10102 356
7403 357
4766 358
6292 359
4195 360
8955 361
992 362
7793 363
4154 364
8579 365
1382 366
6194 367
5753 368
625 369
740 370
5868 371
6870 372
1625 373
3564 374
1716 375
9635 376
7140 377
2701 378
6589 379
5343 380
592 381
5031 382
4044 383
9462 384
7076 385
3265 386
6828 387
10623 388
9068 389
9691 390
7266 391
7913 392
4826 393
6995 394
5410 395
984 396
9887 397
7335 398
4448 399
1396 400
2404 401
208 402
10420 403
2024 404
4628 405
3300 406
2879 407
2574 408
4292 409
8365 410
5050 411
6565 412
9273 413
10551 414
9711 415
10695 416
2032 417
8109 418
3620 419
8543 420
7720 421
10427 422
2753 423
9181 424
10585 425
10010 426
3015 427
3726 428
6853 429
7913 430
2249 431
1637 432
3374 433
8605 434
4098 435
8906 436
5322 437
6504 438
4591 439
2346 440
9343 441
1851 442
531 443
7097 444
2508 445
1615 446
6194 447
6735 448
3447 449
6650 450
2691 451
10126 452
8351 453
8791 454
10419 455
7178 456
2658 457
2846 458
8032 459
7552 460
1843 461
6173 462
5533 463
4538 464
7979 465
7385 466
7496 467
6880 468
1143 469
9484 470
4035 471
683 472
6096 473
1259 474
4432 475
5166 476
10579 477
10003 478
1640 479
7201 480
9565 481
3399 482
10480 483
3483 484
778 485
2116 486
8402 487
9724 488
10780 489
2785 490
3193 491
8195 492
3463 493
479 494
7093 495
2192 496
2638 497
2651 498
2823 499
4766 500
839 501
8483 502
10763 503
10834 504
7171 505
1369 506
6676 507
515 508
9285 509
2371 510
6858 511
209 512
6580 513
10625 514
2843 515
2567 516
4447 517
790 518
7398 519
5530 520
8958 521
5495 522
9129 523
8823 524
10133 525
1035 526
2840 527
5242 528
6087 529
4691 530
4713 531
5200 532
576 533
829 534
8402 535
8634 536
9805 537
4302 538
1780 539
6751 540
4242 541
9008 542
4824 543
8230 544
3855 545
7410 546
10963 547
10555 548
8264 549
9349 550
7436 551
1748 552
10968 553
2967 554
5733 555
9705 556
4595 557
10446 558
782 559
139 560
9637 561
1436 562
6007 563
6268 564
7399 565
434 566
4368 567
4560 568
538 569
6722 570
9441 571
8424 572
3109 573
9054 574
6791 575
5106 576
6145 577
4635 578
10624 579
10196 580
6034 581
8982 582
5856 583
3027 584
4084 585
8195 586
1763 587
1947 588
7613 589
1471 590
3814 591
2401 592
3762 593
3890 594
951 595
367 596
3655 597
2185 598
10981 599
461 600
3728 601
7874 602
9778 603
3094 604
9576 605
5567 606
3089 607
7470 608
1592 609
8625 610
6439 611
10618 612
427 613
6172 614
1227 615
8342 616
4603 617
10386 618
3520 619
5063 620
9175 621
5990 622
5672 623
6484 624
1721 625
680 626
718 627
3714 628
1536 629
6180 630
6601 631
10980 632
9658 633
3809 634
9975 635
3479 636
3318 637
9859 638
5232 639
7117 640
2384 641
146 642
7529 643
7720 644
4652 645
9115 646
9181 647
8660 648
10584 649
7158 650
6826 651
4165 652
4422 653
4894 654
8716 655
8751 656
615 657
2387 658
199 659
4631 660
6187 661
7567 662
4127 663
7219 664
10325 665
8467 666
9902 667
2256 668
2427 669
8328 670
7189 671
4772 672
6305 673
8805 674
10544 675
2329 676
5016 677
7565 678
9604 679
5129 680
1773 681
767 682
2642 683
6315 684
1168 685
7358 686
4566 687
643 688
10075 689
1212 690
6603 691
2818 692
2431 693
2033 694
5357 695
9719 696
946 697
10040 698
5867 699
3650 700
1659 701
5864 702
9275 703
10128 704
5941 705
4775 706
6160 707
9908 708
6623 709
3318 710
7295 711
3911 712
9724 713
9000 714
498 715
2170 716
488 717
2494 718
1795 719
8099 720
7283 721
9805 722
993 723
6069 724
6724 725
4824 726
6648 727
5942 728
3859 729
10223 730
10905 731
1593 732
10489 733
2704 734
1729 735
10157 736
2319 737
10980 738
8976 739
9318 740
3409 741
10999 742
9335 743
1437 744
3443 745
9186 746
1638 747
3870 748
4616 749
9809 750
3697 751
10176 752
6351 753
4862 754
5679 755
4440 756
4157 757
6551 758
492 759
218 760
3391 761
4474 762
10528 763
1464 764
10713 765
5432 766
767 767
6296 768
174 769
5773 770
4278 771
1708 772
6224 773
6012 774
3439 775
1279 776
6766 777
6080 778
4589 779
10990 780
10239 781
6868 782
5500 783
1537 784
6884 785
4071 786
4041 787
7493 788
10359 789
3761 790
5057 791
283 792
3849 793
4029 794
5567 795
5404 796
1293 797
2367 798
1608 799
3867 800
6676 801
468 802
2926 803
801 804
2996 805
6164 806
338 807
3269 808
6387 809
2514 810
161 811
4967 812
4904 813
1284 814
3329 815
1962 816
101 817
10171 818
5265 819
7390 820
4537 821
3568 822
10155 823
10579 824
1578 825
8395 826
1974 827
2975 828
8641 829
10353 830
4316 831
5251 832
10916 833
5811 834
6287 835
4185 836
8739 837
1422 838
2814 839
55 840
320 841
9797 842
9423 843
5248 844
186 845
895 846
5629 847
4392 848
6042 849
6498 850
1577 851
1627 852
961 853
3948 854
10715 855
2221 856
1851 857
8118 858
9832 859
1937 860
6870 861
9287 862
6197 863
793 864
7568 865
7378 866
7146 867
1490 868
10855 869
4667 870
9659 871
4743 872
1334 873
6366 874
9498 875
6213 876
9091 877
8916 878
1388 879
7319 880
6470 881
2807 882
10962 883
2300 884
6578 885
918 886
7466 887
10754 888
7162 889
526 890
10822 891
4576 892
5558 893
7498 894
6031 895
821 896
8298 897
5124 898
984 899
9253 900
6011 901
1316 902
1194 903
9989 904
1860 905
7216 906
7251 907
3453 908
9143 909
4954 910
1347 911
7346 912
3025 913
6490 914
5675 915
3000 916
9985 917
10506 918
4585 919
2316 920
8987 921
3768 922
8941 923
10358 924
8389 925
2952 926
7946 927
8095 928
974 929
557 930
1917 931
5994 932
6718 933
9853 934
1863 935
2454 936
9472 937
9839 938
5241 939
6501 940
6265 941
2760 942
6196 943
6045 944
4574 945
5110 946
5941 947
1527 948
4587 949
5087 950
10105 951
5001 952
585 953
2190 954
3143 955
44 956
9894 957
9957 958
10787 959
8127 960
1222 961
3975 962
10721 963
256 964
9195 965
6622 966
2296 967
10575 968
945 969
5676 970
5710 971
2629 972
6150 973
2327 974
5164 975
6385 976
6337 977
9046 978
9858 979
472 980
9108 981
6092 982
5213 983
4233 984
8403 985
251 986
5149 987
9850 988
7108 989
5488 990
1 991
6281 992
8269 993
9296 994
919 995
6911 996
2231 997
5260 998
6472 999
1785 1000
336 1001
7715 1002
1849 1003
3896 1004
5888 1005
1954 1006
2806 1007
3559 1008
6653 1009
2416 1010
6595 1011
1707 1012
4923 1013
3759 1014
3811 1015
4770 1016
2666 1017
10833 1018
3068 1019
5674 1020
1657 1021
10801 1022
9000 1023
8286 1024
634 1025
578 1026
2990 1027
6518 1028
5405 1029
10256 1030
4100 1031
3239 1032
4461 1033
10511 1034
5744 1035
3080 1036
9495 1037
7622 1038
3694 1039
3642 1040
10749 1041
10821 1042
9654 1043
8120 1044
252 1045
376 1046
2796 1047
7650 1048
71 1049
10492 1050
4513 1051
2625 1052
9870 1053
6982 1054
932 1055
1312 1056
5544 1057
629 1058
478 1059
10945 1060
2299 1061
6395 1062
6371 1063
7238 1064
10942 1065
7871 1066
10073 1067
5925 1068
1774 1069
1456 1070
7118 1071
10770 1072
8391 1073
6344 1074
3079 1075
2697 1076
66 1077
9713 1078
549 1079
8870 1080
888 1081
4390 1082
10145 1083
10696 1084
3268 1085
8848 1086
4249 1087
24 1088
8503 1089
2704 1090
1869 1091
2926 1092
10731 1093
3801 1094
9880 1095
6024 1096
7841 1097
1162 1098
10390 1099
