1600 1300
5732 0
10923 1
10665 2
463 3
9248 4
3732 5
3319 6
13144 7
6901 8
2900 9
10673 10
6898 11
8050 12
945 13
15285 14
1405 15
8381 16
14054 17
11834 18
5751 19
2240 20
15303 21
5212 22
1031 23
7722 24
8919 25
13937 26
9159 27
4775 28
9012 29
4119 30
4097 31
254 32
2702 33
9609 34
4373 35
6015 36
13917 37
1988 38
6630 39
5817 40
10578 41
7050 42
84 43
11903 44
874 45
2595 46
15311 47
2578 48
83 49
10482 50
14995 51
12941 52
15464 53
11896 54
2807 55
2261 56
2375 57
730 58
6344 59
7107 60
4246 61
1712 62
5436 63
9767 64
3927 65
14358 66
6147 67
3818 68
4818 69
15632 70
1088 71
2972 72
11978 73
9623 74
2528 75
15579 76
5141 77
2878 78
13873 79
1685 80
9618 81
10285 82
4474 83
6417 84
2567 85
14246 86
11660 87
8378 88
15472 89
12934 90
8564 91
14519 92
13296 93
209 94
2359 95
12582 96
4489 97
9316 98
6386 99
8688 100
5874 101
8179 102
5214 103
3111 104
834 105
2627 106
11327 107
4094 108
7383 109
12990 110
3685 111
3517 112
7497 113
11411 114
14501 115
9299 116
12146 117
2926 118
11720 119
12670 120
3556 121
2187 122
8386 123
10356 124
13120 125
10651 126
8709 127
8556 128
5306 129
3842 130
7819 131
2369 132
11664 133
11468 134
6613 135
7151 136
451 137
9970 138
12415 139
15409 140
12794 141
3178 142
11548 143
14932 144
299 145
3836 146
10791 147
15195 148
9820 149
4950 150
14932 151
9909 152
12953 153
4710 154
15984 155
3342 156
10016 157
5957 158
3241 159
13194 160
7809 161
2032 162
8985 163
13604 164
515 165
2027 166
5291 167
5868 168
929 169
1083 170
6610 171
2774 172
14118 173
11069 174
7275 175
12457 176
6014 177
5748 178
2362 179
9914 180
13539 181
11635 182
5548 183
15140 184
12079 185
12760 186
15248 187
10524 188
12124 189
10457 190
9937 191
13148 192
10873 193
8594 194
15999 195
3957 196
11681 197
12156 198
14293 199
9904 200
11656 201
9732 202
13306 203
14654 204
7219 205
13736 206
8149 207
5949 208
13026 209
6692 210
14978 211
13161 212
5661 213
10484 214
11610 215
10220 216
10631 217
13983 218
15514 219
14747 220
7215 221
15993 222
5769 223
3924 224
8825 225
4334 226
13051 227
9517 228
9688 229
590 230
9817 231
2072 232
5493 233
2898 234
15674 235
580 236
11617 237
8755 238
10841 239
12343 240
629 241
8830 242
9887 243
12 244
9203 245
8812 246
8852 247
14571 248
6521 249
5454 250
12502 251
15745 252
10903 253
4966 254
13652 255
8860 256
7907 257
15262 258
1228 259
3730 260
15249 261
7759 262
13550 263
10277 264
311 265
11097 266
1497 267
10634 268
9796 269
2278 270
2681 271
5936 272
237 273
14600 274
14929 275
4246 276
2792 277
7859 278
6546 279
5991 280
12451 281
6430 282
10957 283
14636 284
13972 285
8121 286
10198 287
13224 288
5213 289
1530 290
9837 291
9035 292
12318 293
10481 294
13439 295
5252 296
8214 297
43 298
11791 299
7857 300
9250 301
14792 302
7170 303
8465 304
8094 305
2767 306
14602 307
8239 308
7869 309
3876 310
8930 311
15927 312
7923 313
1641 314
6901 315
13670 316
15651 317
1810 318
3094 319
15860 320
14015 321
6568 322
2007 323
11042 324
7305 325
2578 326
15934 327
7675 328
6490 329
4919 330
4356 331
9382 332
15757 333
2313 334
9097 335
12917 336
14687 337
8848 338
10529 339
5114 340
3906 341
12465 342
5751 343
9379 344
10480 345
1870 346
6542 347
10973 348
6298 349
11447 350
5140 351
12054 352
13559 353
834 354
237 355
15154 356
2269 357
1837 358
7885 359
15976 360
2860 361
8751 362
7265 363
2032 364
4227 365
11144 366
5754 367
1853 368
13280 369
10946 370
8373 371
375 372
12496 373
5632 374
1545 375
15773 376
15094 377
11242 378
13513 379
2378 380
4874 381
12286 382
15262 383
13734 384
3703 385
7788 386
15636 387
12820 388
2393 389
2658 390
9410 391
2607 392
12362 393
15168 394
15985 395
11030 396
20 397
11020 398
14565 399
12133 400
10256 401
1431 402
7758 403
6469 404
3440 405
12619 406
14978 407
13833 408
8922 409
7720 410
13215 411
603 412
9619 413
272 414
13842 415
9098 416
1237 417
560 418
2309 419
387 420
7161 421
13011 422
7491 423
299 424
10994 425
3270 426
9635 427
6004 428
2452 429
14433 430
6432 431
8701 432
9421 433
8150 434
2339 435
10886 436
5050 437
383 438
3744 439
5901 440
2584 441
15871 442
3961 443
5633 444
4653 445
12921 446
8665 447
15334 448
13713 449
13729 450
10574 451
6443 452
15069 453
3304 454
11997 455
12642 456
14118 457
6839 458
5558 459
1334 460
522 461
9091 462
5040 463
1859 464
3088 465
8735 466
12619 467
454 468
4368 469
6903 470
13901 471
9914 472
5993 473
1432 474
12251 475
9401 476
13629 477
14252 478
11448 479
9982 480
7779 481
15967 482
2957 483
1683 484
3873 485
9653 486
1108 487
15236 488
6473 489
8831 490
6315 491
9976 492
14282 493
14213 494
15501 495
13077 496
4127 497
12964 498
3050 499
1259 500
15112 501
3797 502
14781 503
3719 504
750 505
1360 506
7213 507
1441 508
6847 509
4802 510
6416 511
5934 512
2717 513
15965 514
7287 515
12380 516
8953 517
217 518
6181 519
15484 520
8500 521
9024 522
6297 523
12046 524
4544 525
1516 526
11449 527
9846 528
12555 529
13795 530
9589 531
5742 532
12754 533
9933 534
3769 535
1380 536
917 537
9216 538
3252 539
4876 540
14993 541
6090 542
392 543
12472 544
11765 545
15044 546
7687 547
12267 548
666 549
12496 550
4930 551
7949 552
11067 553
41 554
9658 555
11313 556
1606 557
347 558
4765 559
3784 560
3771 561
14904 562
12915 563
7063 564
1665 565
1560 566
2171 567
4143 568
291 569
5288 570
10499 571
4381 572
3028 573
15838 574
1741 575
10995 576
14098 577
8850 578
12152 579
3157 580
6347 581
4238 582
2894 583
8094 584
3532 585
2016 586
1471 587
5143 588
11250 589
3161 590
11056 591
7492 592
15136 593
708 594
12128 595
11594 596
231 597
12601 598
5423 599
6335 600
10032 601
10390 602
1516 603
7308 604
11034 605
7498 606
9008 607
7392 608
4862 609
14556 610
2809 611
10551 612
14168 613
7460 614
10262 615
10981 616
11773 617
3058 618
2197 619
5473 620
15482 621
3113 622
2855 623
393 624
6451 625
7503 626
5265 627
3962 628
553 629
585 630
14193 631
5561 632
3772 633
5619 634
10659 635
2666 636
4736 637
9615 638
2796 639
8228 640
12615 641
9716 642
2078 643
6181 644
5381 645
2773 646
11099 647
6467 648
7621 649
7545 650
15234 651
4554 652
3797 653
12318 654
893 655
12446 656
10280 657
5782 658
6081 659
13000 660
1134 661
15002 662
12975 663
12030 664
9038 665
10761 666
6834 667
1125 668
15611 669
12423 670
10234 671
14978 672
12635 673
14495 674
15735 675
14688 676
9166 677
12368 678
3265 679
2025 680
7593 681
5833 682
8633 683
8550 684
2228 685
5705 686
5164 687
3598 688
12398 689
2330 690
2039 691
1456 692
7003 693
1252 694
4806 695
13931 696
10383 697
7196 698
10111 699
1515 700
5094 701
10110 702
12321 703
11777 704
11954 705
14735 706
5186 707
8715 708
1763 709
664 710
7548 711
7598 712
10132 713
5065 714
15616 715
15046 716
2616 717
8818 718
11590 719
6122 720
4546 721
3773 722
7749 723
14224 724
3074 725
1337 726
13748 727
12664 728
9806 729
11163 730
10324 731
4199 732
6858 733
1578 734
13731 735
13730 736
5930 737
13394 738
3062 739
167 740
369 741
1382 742
3589 743
14392 744
7661 745
13838 746
14817 747
8025 748
3576 749
8813 750
2508 751
15939 752
3264 753
15067 754
6786 755
8491 756
8217 757
12942 758
10184 759
3459 760
12575 761
1277 762
14863 763
9141 764
9464 765
13148 766
14036 767
3539 768
8895 769
9815 770
4641 771
8747 772
15294 773
2746 774
12752 775
2887 776
4748 777
7201 778
3174 779
4581 780
12765 781
10602 782
14226 783
12353 784
4266 785
3089 786
8918 787
12062 788
13606 789
3916 790
12424 791
6437 792
10678 793
4990 794
12742 795
5919 796
10378 797
10869 798
15501 799
11721 800
11947 801
5742 802
15234 803
1623 804
13470 805
5198 806
5787 807
3392 808
3091 809
4907 810
12184 811
6158 812
15434 813
13285 814
7296 815
9558 816
9805 817
227 818
9714 819
13436 820
13062 821
2799 822
6856 823
5997 824
1249 825
3184 826
7774 827
9853 828
15618 829
12734 830
14640 831
10474 832
6804 833
13129 834
6609 835
13745 836
11924 837
526 838
6724 839
3898 840
12629 841
12910 842
7325 843
8201 844
14931 845
12507 846
8169 847
11277 848
9223 849
1977 850
11217 851
6504 852
9028 853
14099 854
8813 855
11052 856
3628 857
10484 858
2657 859
7671 860
2273 861
11500 862
8683 863
10945 864
4805 865
12419 866
8727 867
4584 868
10810 869
3955 870
14732 871
13027 872
15657 873
11673 874
9503 875
1218 876
8836 877
3869 878
2467 879
13983 880
13872 881
14871 882
7425 883
7488 884
15767 885
5428 886
5468 887
11202 888
13680 889
8340 890
15080 891
13881 892
3050 893
8096 894
14904 895
15316 896
12917 897
5894 898
10925 899
2781 900
9802 901
5815 902
8463 903
9962 904
6119 905
11410 906
740 907
10732 908
14389 909
6476 910
2316 911
10314 912
15284 913
2121 914
7528 915
2442 916
3001 917
15514 918
6724 919
827 920
11289 921
7397 922
15073 923
9296 924
14909 925
15884 926
11722 927
10266 928
12337 929
3166 930
6388 931
15509 932
13650 933
2120 934
991 935
9972 936
2162 937
13735 938
4912 939
6063 940
1984 941
4521 942
1304 943
11051 944
3259 945
2984 946
5138 947
6045 948
8426 949
11757 950
8256 951
11611 952
1542 953
9643 954
2583 955
1288 956
2485 957
1293 958
8884 959
12197 960
10856 961
4836 962
8236 963
1702 964
6506 965
295 966
6370 967
2059 968
6106 969
9283 970
13786 971
1979 972
4458 973
4679 974
6378 975
12518 976
5777 977
315 978
8386 979
2677 980
10272 981
6736 982
15014 983
125 984
7795 985
14856 986
6005 987
12203 988
15893 989
9436 990
13787 991
13624 992
14375 993
701 994
4183 995
14216 996
8820 997
3490 998
277 999
2325 1000
9747 1001
3520 1002
14014 1003
10626 1004
5089 1005
4797 1006
8489 1007
4797 1008
9163 1009
11009 1010
13033 1011
10262 1012
14039 1013
12473 1014
6299 1015
4975 1016
14596 1017
6689 1018
5525 1019
11518 1020
11183 1021
10203 1022
14368 1023
12166 1024
12453 1025
12451 1026
4295 1027
11958 1028
8847 1029
14218 1030
4323 1031
304 1032
1510 1033
3130 1034
3039 1035
2313 1036
4829 1037
5629 1038
9300 1039
5537 1040
2556 1041
6475 1042
5491 1043
13898 1044
4964 1045
14225 1046
11062 1047
12537 1048
9652 1049
3099 1050
962 1051
12091 1052
33 1053
9132 1054
6480 1055
15241 1056
11457 1057
1656 1058
2971 1059
1887 1060
3198 1061
6366 1062
11911 1063
7367 1064
13513 1065
8294 1066
13166 1067
2079 1068
12569 1069
9401 1070
7922 1071
4477 1072
9548 1073
6009 1074
709 1075
5670 1076
5096 1077
13184 1078
3324 1079
5762 1080
2525 1081
9463 1082
15662 1083
7325 1084
15762 1085
3732 1086
5711 1087
4161 1088
36 1089
7714 1090
9806 1091
6133 1092
13409 1093
14660 1094
15045 1095
9139 1096
2667 1097
14925 1098
1253 1099
13208 1100
2432 1101
11519 1102
2309 1103
5546 1104
11592 1105
10446 1106
3569 1107
1869 1108
9253 1109
8134 1110
12195 1111
11062 1112
7339 1113
15365 1114
10756 1115
14717 1116
8421 1117
490 1118
2694 1119
397 1120
2901 1121
9326 1122
14299 1123
758 1124
15656 1125
14516 1126
151 1127
7431 1128
11313 1129
9814 1130
15551 1131
13052 1132
15690 1133
9108 1134
7402 1135
4135 1136
7438 1137
1745 1138
4194 1139
12636 1140
845 1141
11999 1142
8225 1143
5272 1144
9956 1145
269 1146
5274 1147
4733 1148
8253 1149
4416 1150
7318 1151
7109 1152
6694 1153
13965 1154
7606 1155
6554 1156
12004 1157
13211 1158
4526 1159
11320 1160
3553 1161
1028 1162
14690 1163
6813 1164
4755 1165
4144 1166
2774 1167
7361 1168
1403 1169
7168 1170
15148 1171
4766 1172
10435 1173
15659 1174
15538 1175
1634 1176
5565 1177
626 1178
6308 1179
4225 1180
1584 1181
4117 1182
9049 1183
4591 1184
6749 1185
15862 1186
9357 1187
9724 1188
4693 1189
339 1190
13468 1191
5861 1192
2206 1193
10685 1194
5896 1195
13662 1196
9185 1197
14362 1198
2161 1199
5694 1200
6380 1201
4962 1202
9858 1203
10249 1204
9419 1205
7244 1206
14568 1207
10588 1208
7621 1209
2143 1210
14932 1211
6015 1212
4229 1213
4210 1214
9995 1215
11154 1216
14998 1217
2634 1218
9385 1219
13913 1220
9944 1221
14604 1222
8092 1223
5474 1224
13508 1225
8236 1226
2629 1227
3876 1228
9496 1229
4715 1230
3416 1231
4803 1232
1447 1233
13120 1234
12073 1235
13318 1236
6535 1237
11789 1238
15214 1239
5250 1240
8899 1241
14199 1242
427 1243
12056 1244
12232 1245
5430 1246
7419 1247
6794 1248
11910 1249
5592 1250
5723 1251
634 1252
2417 1253
14434 1254
2151 1255
2106 1256
15089 1257
13610 1258
8074 1259
15114 1260
28 1261
12123 1262
14301 1263
9430 1264
15166 1265
7755 1266
13867 1267
11696 1268
517 1269
3793 1270
5679 1271
12629 1272
14206 1273
7296 1274
4499 1275
187 1276
1528 1277
117 1278
4668 1279
10308 1280
2264 1281
15836 1282
1807 1283
10509 1284
5973 1285
11307 1286
12325 1287
11813 1288
1466 1289
5007 1290
12625 1291
9649 1292
6719 1293
13243 1294
12537 1295
6727 1296
4420 1297
2587 1298
15683 1299
3161 1300
2748 1301
10882 1302
2208 1303
12414 1304
15377 1305
13851 1306
11952 1307
13107 1308
12573 1309
7567 1310
5161 1311
9251 1312
4849 1313
8010 1314
14710 1315
10348 1316
3639 1317
10677 1318
11965 1319
9753 1320
374 1321
7578 1322
14580 1323
7250 1324
12923 1325
3752 1326
9985 1327
8185 1328
7470 1329
4934 1330
3745 1331
12281 1332
7670 1333
12206 1334
9167 1335
716 1336
13401 1337
10861 1338
13516 1339
5876 1340
8165 1341
6267 1342
3731 1343
11724 1344
5068 1345
13141 1346
2295 1347
3932 1348
6135 1349
739 1350
7783 1351
13768 1352
9646 1353
6475 1354
4756 1355
5227 1356
12172 1357
7733 1358
11593 1359
15535 1360
15283 1361
9132 1362
13519 1363
5193 1364
15963 1365
10445 1366
11420 1367
13712 1368
13785 1369
13995 1370
2062 1371
8374 1372
6440 1373
1623 1374
1061 1375
10222 1376
12868 1377
12255 1378
6686 1379
12402 1380
3513 1381
13420 1382
12748 1383
5584 1384
394 1385
8183 1386
11291 1387
12943 1388
3213 1389
5632 1390
4104 1391
8264 1392
11370 1393
10480 1394
2003 1395
7392 1396
6597 1397
990 1398
10293 1399
5467 1400
3148 1401
3494 1402
3682 1403
14345 1404
1756 1405
9640 1406
15454 1407
2100 1408
11487 1409
14612 1410
15809 1411
12324 1412
13482 1413
11025 1414
3896 1415
13210 1416
12597 1417
10534 1418
5258 1419
6190 1420
14402 1421
11066 1422
2671 1423
899 1424
6928 1425
11804 1426
12193 1427
3983 1428
11905 1429
12200 1430
8828 1431
13340 1432
5930 1433
827 1434
6768 1435
9929 1436
7729 1437
13861 1438
9245 1439
14013 1440
5416 1441
12836 1442
12744 1443
7931 1444
1480 1445
6582 1446
14525 1447
7934 1448
5813 1449
8207 1450
15565 1451
15096 1452
9947 1453
8241 1454
10360 1455
12824 1456
2922 1457
4309 1458
13714 1459
6369 1460
15293 1461
12704 1462
6986 1463
8721 1464
3623 1465
3646 1466
15690 1467
7103 1468
3216 1469
7946 1470
5117 1471
866 1472
10005 1473
8164 1474
4129 1475
15570 1476
9546 1477
10791 1478
14607 1479
12766 1480
8867 1481
3627 1482
1154 1483
12212 1484
2263 1485
4354 1486
8944 1487
9374 1488
12023 1489
7630 1490
10174 1491
15989 1492
304 1493
10473 1494
6707 1495
7659 1496
1071 1497
4204 1498
448 1499
4611 1500
4408 1501
11891 1502
1541 1503
8299 1504
12104 1505
12461 1506
5505 1507
722 1508
1767 1509
3293 1510
4410 1511
6956 1512
15495 1513
10162 1514
6293 1515
11052 1516
416 1517
4387 1518
6765 1519
14916 1520
664 1521
349 1522
5351 1523
6614 1524
13906 1525
6661 1526
1846 1527
2830 1528
485 1529
3841 1530
12038 1531
9118 1532
9948 1533
11448 1534
6192 1535
11470 1536
8385 1537
13908 1538
14270 1539
8028 1540
12222 1541
6668 1542
7081 1543
10480 1544
530 1545
13973 1546
14920 1547
14992 1548
14209 1549
13483 1550
4366 1551
5991 1552
35 1553
5935 1554
10543 1555
10026 1556
15119 1557
2544 1558
13186 1559
13310 1560
12146 1561
5474 1562
7991 1563
6266 1564
1011 1565
5844 1566
8575 1567
3703 1568
2601 1569
6241 1570
9688 1571
817 1572
7481 1573
5273 1574
13363 1575
15574 1576
5800 1577
9680 1578
10367 1579
12228 1580
3638 1581
6733 1582
3706 1583
7948 1584
10731 1585
5922 1586
12689 1587
382 1588
6392 1589
1685 1590
11585 1591
3997 1592
5517 1593
5754 1594
15913 1595
7440 1596
2317 1597
5904 1598
2553 1599
