1050 1400
3342 0
3003 1
3274 2
6518 3
7102 4
9990 5
775 6
4245 7
6310 8
741 9
1618 10
9470 11
8866 12
8662 13
1037 14
2928 15
7746 16
2109 17
5175 18
8289 19
9476 20
7257 21
8425 22
9648 23
4355 24
1732 25
4050 26
580 27
1530 28
6207 29
5244 30
9700 31
5411 32
9760 33
3498 34
2498 35
4424 36
9351 37
1228 38
1017 39
6039 40
682 41
444 42
9770 43
5671 44
1210 45
5548 46
8004 47
9095 48
4530 49
3223 50
3406 51
8618 52
9265 53
2050 54
3747 55
9807 56
4615 57
5085 58
5514 59
8412 60
7820 61
7792 62
2871 63
5615 64
8038 65
2705 66
7476 67
6477 68
8389 69
8474 70
9350 71
1662 72
7018 73
6760 74
4519 75
7342 76
274 77
8373 78
4944 79
6962 80
9233 81
9057 82
4175 83
6697 84
8870 85
8376 86
7431 87
3510 88
6528 89
4001 90
3432 91
2456 92
8858 93
9960 94
151 95
4361 96
4456 97
6477 98
7124 99
6153 100
4328 101
6376 102
4619 103
4853 104
1494 105
10271 106
10261 107
5142 108
5361 109
8829 110
8811 111
922 112
3610 113
1208 114
6656 115
2723 116
6383 117
5445 118
3517 119
5480 120
10204 121
2035 122
1663 123
577 124
800 125
8441 126
4718 127
2847 128
6284 129
10243 130
4624 131
758 132
8833 133
5867 134
7143 135
1113 136
7076 137
8771 138
3977 139
9527 140
5223 141
7531 142
3539 143
2245 144
5844 145
5268 146
4533 147
2572 148
2879 149
1998 150
9702 151
9982 152
8517 153
1817 154
9471 155
733 156
4884 157
9354 158
8081 159
4821 160
2114 161
1410 162
9417 163
6680 164
2551 165
3710 166
2441 167
4642 168
3364 169
6490 170
4346 171
9434 172
6622 173
10423 174
3573 175
3752 176
6006 177
8576 178
7282 179
1264 180
8405 181
9001 182
9040 183
7680 184
1957 185
3299 186
2807 187
4395 188
4321 189
10235 190
9749 191
6226 192
3902 193
3243 194
3636 195
8042 196
7967 197
8627 198
2207 199
1581 200
1599 201
7770 202
9559 203
4913 204
9314 205
2325 206
9632 207
6005 208
8473 209
6895 210
10252 211
3504 212
8630 213
2059 214
7216 215
3617 216
9307 217
3192 218
8619 219
6142 220
8942 221
2774 222
9556 223
7877 224
3624 225
27 226
1583 227
10216 228
2797 229
5074 230
9679 231
8652 232
6044 233
2319 234
5024 235
3765 236
470 237
6893 238
3333 239
3028 240
3850 241
6274 242
8569 243
8865 244
10044 245
5731 246
1422 247
542 248
3330 249
8786 250
8457 251
3906 252
2020 253
1248 254
3333 255
5600 256
8451 257
9695 258
6295 259
448 260
341 261
7128 262
2170 263
2519 264
7561 265
6448 266
8047 267
9986 268
3358 269
5948 270
9220 271
2133 272
9613 273
2848 274
5445 275
3778 276
8684 277
511 278
4085 279
7439 280
8660 281
7170 282
1199 283
965 284
6557 285
2280 286
2647 287
2784 288
3382 289
7088 290
1787 291
4018 292
99 293
7705 294
6195 295
5377 296
5516 297
5450 298
2712 299
6273 300
9051 301
9993 302
5101 303
8236 304
9685 305
6817 306
74 307
3206 308
5966 309
762 310
6736 311
252 312
249 313
1553 314
7872 315
4444 316
196 317
10479 318
4840 319
3883 320
6540 321
8756 322
10067 323
2453 324
2326 325
2584 326
9383 327
3909 328
4757 329
5529 330
6525 331
5788 332
7604 333
4184 334
7011 335
3690 336
9688 337
902 338
7394 339
112 340
4918 341
2818 342
7710 343
9327 344
4788 345
5586 346
8755 347
8428 348
1809 349
1094 350
7886 351
6940 352
3193 353
8716 354
4969 355
5976 356
3669 357
8779 358
3523 359
1147 360
1533 361
8583 362
4963 363
3108 364
5300 365
5069 366
2995 367
4704 368
4028 369
8581 370
3181 371
7235 372
936 373
7585 374
2887 375
1550 376
1267 377
3554 378
3409 379
5790 380
5766 381
5888 382
7532 383
3062 384
6804 385
4324 386
9534 387
2028 388
5883 389
5468 390
3282 391
3394 392
6356 393
2768 394
7471 395
7045 396
1290 397
8593 398
10129 399
1242 400
3893 401
7461 402
3299 403
2136 404
6342 405
5941 406
9088 407
2385 408
3714 409
6968 410
8670 411
425 412
7641 413
4032 414
4486 415
10134 416
4794 417
4527 418
9944 419
6625 420
403 421
2727 422
684 423
773 424
4438 425
9348 426
5813 427
4929 428
6388 429
5366 430
3585 431
1549 432
10455 433
1714 434
167 435
6626 436
3528 437
881 438
3308 439
1607 440
3062 441
7926 442
3760 443
9609 444
610 445
7373 446
3101 447
4600 448
3071 449
7849 450
8465 451
9432 452
885 453
7920 454
2595 455
1888 456
8165 457
550 458
8987 459
2447 460
10352 461
5335 462
1259 463
1767 464
3852 465
4073 466
4785 467
5320 468
6250 469
4851 470
2986 471
4935 472
4274 473
6160 474
6891 475
5270 476
478 477
15 478
9182 479
9436 480
7799 481
5193 482
429 483
8954 484
5857 485
3627 486
9535 487
2341 488
529 489
9527 490
4464 491
9398 492
7091 493
7574 494
1161 495
5507 496
7028 497
1081 498
1771 499
3878 500
934 501
8841 502
5874 503
5259 504
6947 505
7940 506
2871 507
4756 508
269 509
10268 510
141 511
3284 512
6074 513
3977 514
8446 515
3271 516
2949 517
2431 518
6889 519
3754 520
1101 521
6318 522
2664 523
1782 524
8308 525
2663 526
1663 527
8081 528
5239 529
5089 530
3190 531
359 532
4989 533
8176 534
2082 535
5772 536
9919 537
8440 538
3255 539
2080 540
9636 541
3684 542
9089 543
8722 544
941 545
3822 546
9271 547
10428 548
7214 549
3216 550
1831 551
9456 552
6683 553
10309 554
5772 555
6716 556
5744 557
7723 558
1573 559
3273 560
818 561
1558 562
4609 563
3567 564
4218 565
5650 566
842 567
6043 568
3009 569
7421 570
9291 571
6932 572
10465 573
390 574
10222 575
6493 576
5093 577
6901 578
7350 579
4373 580
6969 581
574 582
3976 583
371 584
3118 585
4876 586
2385 587
9481 588
3846 589
3703 590
7676 591
6972 592
728 593
3059 594
3562 595
6922 596
7871 597
6393 598
4019 599
6868 600
7326 601
6439 602
6923 603
291 604
9825 605
4156 606
4631 607
2977 608
8002 609
8026 610
9762 611
4327 612
10095 613
7568 614
8093 615
6438 616
4407 617
9101 618
10203 619
10078 620
6557 621
9854 622
5945 623
3841 624
3593 625
9430 626
9568 627
9466 628
4769 629
10454 630
5811 631
350 632
4239 633
9693 634
447 635
9414 636
5494 637
1115 638
5037 639
10282 640
6046 641
4948 642
75 643
9359 644
6742 645
10117 646
2767 647
5320 648
6474 649
5217 650
104 651
4004 652
3049 653
8796 654
8617 655
586 656
9632 657
3887 658
5247 659
4879 660
9270 661
9995 662
8218 663
3813 664
7202 665
1481 666
2867 667
4346 668
7869 669
249 670
6844 671
1768 672
5395 673
9839 674
7534 675
8312 676
4674 677
4145 678
9204 679
5680 680
6010 681
3991 682
7510 683
2879 684
4864 685
6011 686
7885 687
5394 688
5881 689
5043 690
4803 691
5055 692
7985 693
9081 694
9018 695
5415 696
5483 697
9177 698
5068 699
985 700
131 701
4472 702
434 703
6458 704
10455 705
2396 706
6692 707
3368 708
5126 709
8509 710
4994 711
8307 712
9986 713
5900 714
123 715
2836 716
313 717
9144 718
8871 719
8543 720
6471 721
5979 722
2483 723
9974 724
1058 725
4659 726
3306 727
8680 728
523 729
167 730
26 731
9480 732
6802 733
6980 734
6148 735
5591 736
10425 737
2456 738
1809 739
9077 740
5505 741
6230 742
5995 743
9666 744
4836 745
9294 746
4305 747
6467 748
6504 749
2607 750
1574 751
9298 752
7278 753
1085 754
5574 755
7994 756
3709 757
8987 758
695 759
9941 760
3775 761
1107 762
4455 763
8777 764
10335 765
1155 766
6517 767
4418 768
5486 769
2788 770
3876 771
2011 772
6630 773
8513 774
3816 775
7920 776
6809 777
2641 778
6659 779
4599 780
7405 781
4670 782
10191 783
8912 784
1083 785
3039 786
4252 787
1988 788
6118 789
7275 790
6865 791
2919 792
7821 793
4056 794
9339 795
10034 796
7481 797
10302 798
7489 799
2778 800
3266 801
4434 802
4364 803
131 804
3064 805
2573 806
4662 807
7278 808
182 809
3359 810
1159 811
4037 812
4929 813
4267 814
7564 815
1836 816
5040 817
5531 818
5663 819
5103 820
7395 821
9875 822
258 823
9742 824
5596 825
3993 826
4863 827
4711 828
9114 829
5640 830
7459 831
10341 832
8271 833
3957 834
6805 835
7261 836
6024 837
9091 838
8820 839
9012 840
4770 841
4503 842
7352 843
4454 844
2031 845
5458 846
8509 847
389 848
1389 849
8107 850
9016 851
6435 852
9872 853
6828 854
680 855
8639 856
4880 857
2855 858
5290 859
6783 860
6858 861
8066 862
5413 863
5014 864
983 865
3777 866
10296 867
5753 868
4713 869
10361 870
985 871
110 872
3596 873
9331 874
3084 875
7492 876
3305 877
2386 878
5411 879
4931 880
8183 881
803 882
1562 883
1338 884
4786 885
2444 886
6239 887
3593 888
4645 889
9418 890
9556 891
8484 892
4540 893
6788 894
7014 895
6782 896
7825 897
5164 898
9198 899
7810 900
1362 901
6492 902
324 903
2141 904
2796 905
2723 906
6519 907
2763 908
7900 909
3586 910
5628 911
9497 912
1397 913
8162 914
5457 915
7933 916
9470 917
3458 918
9960 919
1949 920
2429 921
8847 922
6147 923
4762 924
6854 925
5294 926
6769 927
5074 928
3628 929
5452 930
9186 931
5571 932
5316 933
5375 934
3512 935
8729 936
9364 937
6478 938
7513 939
7187 940
8361 941
10333 942
8417 943
9513 944
427 945
236 946
4926 947
4658 948
7240 949
6031 950
10046 951
2474 952
9465 953
3038 954
6955 955
3309 956
8932 957
7160 958
4225 959
2697 960
5590 961
9390 962
8287 963
3438 964
7256 965
5873 966
2889 967
3910 968
4166 969
9850 970
2147 971
704 972
4094 973
9583 974
4624 975
1677 976
4494 977
1181 978
9859 979
523 980
8352 981
1938 982
7414 983
7358 984
4931 985
4602 986
5421 987
1340 988
3704 989
3045 990
9192 991
5142 992
4402 993
9324 994
6483 995
3818 996
3885 997
6777 998
8926 999
6173 1000
7000 1001
6011 1002
1073 1003
2987 1004
10155 1005
3952 1006
3179 1007
8187 1008
4205 1009
4137 1010
993 1011
2792 1012
8536 1013
2090 1014
8263 1015
7176 1016
5263 1017
2138 1018
8646 1019
5570 1020
3132 1021
7111 1022
3320 1023
3555 1024
9511 1025
5910 1026
10060 1027
7338 1028
2827 1029
1631 1030
2513 1031
1290 1032
9436 1033
3324 1034
6623 1035
10114 1036
3853 1037
2405 1038
2626 1039
3391 1040
3213 1041
10050 1042
7986 1043
73 1044
6949 1045
6854 1046
7928 1047
2142 1048
257 1049
