1050 350
7265 0
5648 1
8420 2
9618 3
9517 4
5399 5
4826 6
8518 7
4556 8
1274 9
1136 10
2131 11
3002 12
852 13
6162 14
1435 15
5713 16
5213 17
7427 18
3550 19
4223 20
6346 21
471 22
10186 23
8559 24
3813 25
4223 26
1718 27
2769 28
7012 29
4832 30
10393 31
8891 32
211 33
5691 34
8252 35
1296 36
4247 37
3263 38
10124 39
614 40
5169 41
10342 42
5189 43
1800 44
2875 45
8529 46
10282 47
9141 48
2636 49
9460 50
2508 51
10294 52
2685 53
9944 54
3166 55
4721 56
9394 57
1587 58
4459 59
2516 60
1188 61
2357 62
2033 63
580 64
5935 65
4350 66
10219 67
5425 68
4620 69
8302 70
10397 71
2648 72
7956 73
9249 74
2342 75
8092 76
3345 77
9749 78
8371 79
7567 80
6855 81
9046 82
8656 83
3884 84
5468 85
7450 86
5575 87
5185 88
7915 89
7977 90
2491 91
4346 92
3505 93
5965 94
7483 95
9842 96
8228 97
7768 98
8068 99
7611 100
1000 101
2973 102
10147 103
5527 104
2004 105
10187 106
3335 107
7394 108
2084 109
1906 110
276 111
9673 112
5147 113
1073 114
5147 115
2384 116
2703 117
9849 118
9387 119
3404 120
2440 121
5958 122
8567 123
1402 124
4211 125
2949 126
6622 127
6667 128
8122 129
824 130
2585 131
1989 132
7448 133
2658 134
6317 135
7137 136
4015 137
3248 138
1093 139
9078 140
798 141
6012 142
7512 143
9689 144
751 145
5025 146
9597 147
1654 148
9754 149
8765 150
3337 151
8527 152
5324 153
1594 154
7224 155
8954 156
421 157
2861 158
6896 159
3011 160
9684 161
3899 162
3197 163
4794 164
8994 165
2498 166
7614 167
4110 168
1680 169
4428 170
486 171
986 172
7446 173
982 174
10238 175
6606 176
6708 177
607 178
8366 179
2231 180
4938 181
9109 182
582 183
7243 184
254 185
1993 186
387 187
4193 188
2913 189
306 190
1082 191
9249 192
1413 193
8465 194
180 195
7780 196
1481 197
10060 198
2986 199
8560 200
7990 201
4098 202
7525 203
6079 204
2285 205
3575 206
6810 207
4392 208
7261 209
1647 210
4476 211
7535 212
4179 213
9705 214
3803 215
6516 216
10438 217
6136 218
7710 219
5085 220
8206 221
1410 222
7350 223
973 224
3500 225
7164 226
5985 227
801 228
9812 229
10479 230
10287 231
7711 232
1271 233
9727 234
3831 235
10016 236
6688 237
5759 238
4033 239
6699 240
4168 241
3456 242
282 243
1279 244
9567 245
5191 246
8359 247
9876 248
9500 249
5633 250
8306 251
3732 252
686 253
9160 254
5811 255
776 256
8828 257
10165 258
679 259
4504 260
2410 261
1511 262
3581 263
5319 264
3335 265
1779 266
7168 267
6856 268
4338 269
7490 270
5589 271
9355 272
1002 273
8732 274
2125 275
3965 276
568 277
8664 278
2299 279
4523 280
910 281
8162 282
6888 283
8411 284
5379 285
4757 286
3923 287
5825 288
8010 289
8211 290
8537 291
1452 292
7835 293
6075 294
8632 295
1743 296
1056 297
9805 298
4691 299
528 300
6199 301
5758 302
4447 303
8475 304
2700 305
2806 306
7097 307
6053 308
4138 309
619 310
7371 311
2355 312
4677 313
3315 314
7918 315
997 316
1929 317
7334 318
134 319
9909 320
7790 321
6327 322
5221 323
5296 324
3121 325
1150 326
1045 327
10402 328
2516 329
8579 330
5454 331
9698 332
8130 333
6617 334
8105 335
2886 336
4602 337
5090 338
4461 339
371 340
2101 341
3058 342
1029 343
6596 344
50 345
195 346
5326 347
1265 348
8311 349
3298 350
1174 351
3323 352
6986 353
4925 354
8029 355
7865 356
8779 357
5743 358
2878 359
6522 360
9071 361
4133 362
8745 363
8927 364
1479 365
9559 366
8277 367
3857 368
10487 369
3460 370
10375 371
8817 372
1859 373
407 374
6967 375
9272 376
881 377
2070 378
8988 379
6375 380
7039 381
3250 382
8442 383
2875 384
1760 385
10472 386
10121 387
3738 388
7555 389
3909 390
8799 391
1065 392
7880 393
3208 394
231 395
639 396
5261 397
2305 398
4843 399
8903 400
395 401
992 402
7519 403
1266 404
8867 405
3082 406
5107 407
4996 408
7127 409
8700 410
10209 411
5893 412
10043 413
247 414
4555 415
9360 416
5355 417
4768 418
4534 419
1085 420
715 421
5807 422
3528 423
4568 424
7167 425
6986 426
1942 427
3870 428
9557 429
951 430
7371 431
4975 432
8650 433
8156 434
9984 435
7930 436
9303 437
1740 438
6486 439
8512 440
9129 441
1829 442
3171 443
51 444
4190 445
1442 446
1028 447
7298 448
3862 449
7900 450
5796 451
6830 452
9862 453
2716 454
1428 455
800 456
506 457
8970 458
8170 459
1241 460
9660 461
2858 462
5322 463
1766 464
5682 465
5504 466
9654 467
6118 468
2536 469
3794 470
4989 471
1198 472
10421 473
7878 474
739 475
7600 476
6355 477
9248 478
769 479
4252 480
4865 481
1238 482
2931 483
6478 484
11 485
8854 486
6866 487
10168 488
9685 489
7631 490
3910 491
9939 492
2606 493
5391 494
512 495
3195 496
4418 497
8788 498
5811 499
6863 500
5807 501
2147 502
7519 503
10291 504
2642 505
6214 506
9532 507
2258 508
6043 509
2645 510
10382 511
4147 512
5942 513
8633 514
8412 515
3715 516
7240 517
1056 518
8911 519
796 520
5424 521
1577 522
6164 523
3225 524
1639 525
7779 526
3375 527
6075 528
5425 529
2484 530
4617 531
2885 532
2858 533
1687 534
959 535
2236 536
1615 537
9492 538
5159 539
8267 540
59 541
1480 542
8070 543
1759 544
9815 545
164 546
10461 547
9614 548
9612 549
2179 550
6793 551
8543 552
2386 553
3641 554
1064 555
5738 556
1424 557
2712 558
386 559
4853 560
832 561
5273 562
4319 563
1274 564
6363 565
3160 566
321 567
5654 568
9003 569
4727 570
5741 571
1771 572
2944 573
6188 574
9811 575
3295 576
4290 577
1848 578
10329 579
3194 580
4855 581
3822 582
3071 583
3547 584
5169 585
6728 586
5277 587
9919 588
9210 589
6973 590
7096 591
223 592
1972 593
8153 594
6976 595
4869 596
2254 597
4551 598
401 599
1719 600
6092 601
7729 602
6369 603
1618 604
9566 605
2573 606
7767 607
9223 608
6539 609
8825 610
6176 611
8577 612
9084 613
5219 614
9908 615
5116 616
2572 617
4108 618
7708 619
6789 620
6988 621
4028 622
10307 623
7722 624
9445 625
5945 626
1705 627
6204 628
5221 629
6706 630
3351 631
1071 632
6603 633
548 634
2877 635
7562 636
4273 637
9063 638
2875 639
4916 640
5955 641
2904 642
1999 643
5062 644
2566 645
8958 646
598 647
1456 648
4101 649
9376 650
9055 651
817 652
9650 653
7177 654
1062 655
2580 656
1774 657
9659 658
5213 659
3849 660
1813 661
5579 662
8361 663
2171 664
816 665
9026 666
7921 667
8792 668
1929 669
2015 670
3914 671
1487 672
2726 673
9939 674
2615 675
5353 676
753 677
5712 678
6650 679
5448 680
7443 681
5258 682
5766 683
7890 684
5633 685
2827 686
9315 687
3432 688
9859 689
6292 690
5396 691
7565 692
8593 693
3192 694
143 695
6083 696
7028 697
6835 698
3165 699
2327 700
6026 701
4039 702
7342 703
10323 704
2187 705
7600 706
217 707
7400 708
4990 709
3541 710
6916 711
10325 712
8004 713
2818 714
1783 715
666 716
1857 717
1339 718
1042 719
6334 720
1076 721
4069 722
4244 723
9854 724
2468 725
9949 726
9580 727
1756 728
126 729
2376 730
1484 731
3937 732
5772 733
5383 734
8756 735
2509 736
7124 737
3461 738
7280 739
3773 740
4699 741
6615 742
1335 743
4786 744
5221 745
1690 746
391 747
7071 748
3688 749
2211 750
4683 751
9064 752
5417 753
7674 754
4825 755
5567 756
1718 757
5364 758
7674 759
2790 760
5853 761
2193 762
6265 763
7088 764
10497 765
4530 766
5523 767
844 768
9436 769
119 770
2045 771
702 772
6479 773
5918 774
1258 775
8853 776
5409 777
4138 778
7438 779
2328 780
3416 781
10066 782
8029 783
2009 784
1589 785
2720 786
8916 787
2071 788
5491 789
6415 790
9241 791
6388 792
8595 793
7886 794
9757 795
4906 796
9584 797
8600 798
7676 799
8261 800
3749 801
1805 802
5502 803
6380 804
2313 805
9936 806
567 807
1984 808
4616 809
8977 810
3059 811
1908 812
7542 813
10263 814
7410 815
9905 816
5903 817
9008 818
1045 819
9926 820
1417 821
1922 822
1822 823
4699 824
2966 825
2149 826
7520 827
962 828
686 829
7190 830
10473 831
7252 832
2286 833
6891 834
4442 835
5409 836
8937 837
4567 838
8051 839
5087 840
8038 841
2175 842
5497 843
2540 844
284 845
1056 846
2997 847
3677 848
8533 849
5552 850
5216 851
9236 852
9666 853
8 854
245 855
8242 856
3123 857
5675 858
8848 859
433 860
9227 861
767 862
1241 863
9602 864
9594 865
6519 866
5968 867
10463 868
3125 869
1467 870
8044 871
6583 872
5417 873
932 874
4480 875
8698 876
2328 877
8520 878
5106 879
2012 880
1857 881
8512 882
5852 883
2916 884
5259 885
7842 886
1055 887
8319 888
2547 889
1233 890
8923 891
4125 892
6622 893
5287 894
2026 895
7239 896
9823 897
795 898
7718 899
5245 900
10294 901
69 902
4168 903
9773 904
2929 905
647 906
2187 907
3178 908
6621 909
1562 910
10433 911
10084 912
8310 913
6285 914
4310 915
596 916
2841 917
1958 918
1444 919
9612 920
2512 921
9055 922
9056 923
509 924
6044 925
2778 926
1891 927
10174 928
3043 929
4972 930
5919 931
1125 932
9076 933
10062 934
6726 935
5334 936
3952 937
10431 938
4223 939
9939 940
1010 941
9987 942
5650 943
5939 944
5909 945
5203 946
7695 947
10069 948
10068 949
6860 950
7663 951
7356 952
6416 953
5046 954
8325 955
1456 956
8059 957
2017 958
4597 959
5184 960
6478 961
5717 962
6128 963
39 964
885 965
10212 966
5483 967
2251 968
1943 969
6811 970
1620 971
8584 972
4854 973
9338 974
4923 975
8455 976
1575 977
4579 978
5435 979
7114 980
7484 981
5127 982
6815 983
6397 984
5625 985
9777 986
9684 987
6576 988
4941 989
10259 990
7953 991
6970 992
9952 993
8020 994
547 995
2513 996
9059 997
6435 998
6435 999
9391 1000
6288 1001
9778 1002
7818 1003
7178 1004
5535 1005
422 1006
2824 1007
4618 1008
6935 1009
3296 1010
7583 1011
399 1012
1346 1013
6757 1014
8445 1015
1884 1016
1781 1017
3342 1018
7536 1019
758 1020
7350 1021
3696 1022
2532 1023
1642 1024
6599 1025
6934 1026
9760 1027
622 1028
9230 1029
5516 1030
2087 1031
6897 1032
1480 1033
8012 1034
9291 1035
8123 1036
3842 1037
8210 1038
5176 1039
4942 1040
2793 1041
3643 1042
10122 1043
6761 1044
4229 1045
6885 1046
9466 1047
1830 1048
3399 1049
