1100 100
4342 0
1511 1
6220 2
3300 3
8534 4
5595 5
8305 6
6050 7
778 8
3332 9
1739 10
6072 11
8505 12
4170 13
8190 14
7484 15
5860 16
9524 17
6005 18
6805 19
5828 20
3234 21
9327 22
8012 23
9983 24
1252 25
5178 26
8089 27
5903 28
9475 29
3935 30
10460 31
4904 32
10480 33
4973 34
10813 35
5017 36
5821 37
7866 38
8204 39
1647 40
5637 41
6336 42
9063 43
9886 44
8130 45
5754 46
8045 47
8237 48
1733 49
9848 50
3814 51
6968 52
2267 53
8250 54
7624 55
2629 56
3661 57
1662 58
9070 59
8268 60
4342 61
971 62
927 63
6591 64
10808 65
1299 66
138 67
2748 68
1092 69
8141 70
9221 71
4401 72
9319 73
8054 74
5268 75
3685 76
6165 77
1679 78
10544 79
6937 80
7724 81
2738 82
9276 83
8373 84
1590 85
9147 86
4495 87
8519 88
4078 89
6480 90
7966 91
652 92
5283 93
7107 94
6077 95
6599 96
3809 97
4869 98
6209 99
8871 100
2764 101
4710 102
1768 103
1267 104
10180 105
3998 106
1238 107
354 108
9438 109
6204 110
5252 111
4455 112
9733 113
5937 114
10797 115
7395 116
3206 117
10026 118
6227 119
9213 120
9295 121
455 122
928 123
5440 124
10637 125
662 126
8478 127
2782 128
6463 129
378 130
7703 131
6324 132
10492 133
9287 134
4838 135
2133 136
5167 137
7845 138
3135 139
6709 140
6989 141
6408 142
8103 143
8374 144
4166 145
925 146
7540 147
5554 148
4451 149
1343 150
9113 151
4803 152
10437 153
8630 154
3866 155
793 156
9123 157
2629 158
4727 159
3753 160
7442 161
3739 162
8128 163
2670 164
7601 165
5173 166
6566 167
7362 168
10052 169
27 170
327 171
5156 172
8507 173
6402 174
9964 175
10030 176
8800 177
866 178
921 179
2925 180
2024 181
7451 182
10387 183
8552 184
5749 185
3401 186
8052 187
8789 188
3662 189
4849 190
638 191
2080 192
2648 193
9111 194
3347 195
4994 196
4629 197
3095 198
277 199
4660 200
1630 201
722 202
1639 203
9373 204
8211 205
6719 206
10771 207
7377 208
9640 209
2840 210
3462 211
9884 212
9439 213
2303 214
4757 215
4178 216
1606 217
5972 218
6273 219
10310 220
6364 221
9838 222
9473 223
3059 224
10781 225
1775 226
6857 227
10744 228
8162 229
10973 230
4906 231
10366 232
10380 233
6821 234
6170 235
6006 236
6132 237
7300 238
5024 239
4092 240
2449 241
716 242
2745 243
1649 244
6636 245
5439 246
7841 247
7124 248
1242 249
2183 250
1479 251
8271 252
6751 253
2150 254
8849 255
4676 256
806 257
5603 258
2513 259
6952 260
7797 261
9508 262
2272 263
9768 264
2897 265
10566 266
10260 267
3391 268
4317 269
7101 270
9570 271
9244 272
1427 273
3606 274
132 275
7152 276
4099 277
10827 278
8356 279
4242 280
3078 281
10237 282
2307 283
6614 284
8748 285
4975 286
912 287
7031 288
7609 289
5908 290
4914 291
5004 292
6631 293
3865 294
9708 295
9694 296
9910 297
5118 298
6237 299
10584 300
8643 301
3844 302
3492 303
10262 304
4130 305
2021 306
9732 307
2657 308
8798 309
5170 310
5857 311
8562 312
755 313
4497 314
2297 315
6440 316
10969 317
1119 318
8156 319
9678 320
5263 321
6389 322
4474 323
4469 324
1395 325
9566 326
9961 327
10315 328
1281 329
7329 330
421 331
9622 332
1189 333
5299 334
4113 335
3828 336
8404 337
9024 338
6433 339
504 340
604 341
3842 342
6977 343
9164 344
5715 345
6529 346
5193 347
10197 348
6427 349
8820 350
4966 351
9429 352
7358 353
7341 354
3172 355
6967 356
9095 357
2995 358
5853 359
9804 360
10797 361
2379 362
7153 363
3814 364
6363 365
6707 366
1521 367
1224 368
9172 369
744 370
9735 371
781 372
2810 373
3621 374
10925 375
3883 376
8397 377
10185 378
2278 379
4067 380
5327 381
6857 382
3583 383
7812 384
4596 385
4482 386
1375 387
3144 388
2740 389
840 390
8810 391
5451 392
9254 393
3576 394
2261 395
6024 396
9413 397
5211 398
4944 399
8632 400
1919 401
5269 402
1586 403
4209 404
5075 405
1220 406
7614 407
1290 408
6785 409
9622 410
4714 411
1179 412
4550 413
6947 414
715 415
6591 416
8365 417
9152 418
9065 419
2113 420
7607 421
10294 422
7144 423
7281 424
724 425
6377 426
1968 427
9672 428
370 429
3582 430
10248 431
6071 432
4082 433
3029 434
2230 435
10622 436
2572 437
4236 438
5587 439
2484 440
9800 441
3401 442
7125 443
6155 444
5588 445
8782 446
4495 447
2343 448
1663 449
9942 450
7007 451
6307 452
1847 453
1944 454
8733 455
4453 456
3161 457
9965 458
2435 459
4297 460
10461 461
4921 462
5623 463
10782 464
313 465
10817 466
7297 467
6892 468
4284 469
6174 470
5167 471
505 472
3284 473
666 474
3168 475
5904 476
9564 477
2401 478
7251 479
4629 480
2169 481
7264 482
7756 483
7053 484
2262 485
541 486
190 487
4790 488
5865 489
7678 490
2176 491
10953 492
1563 493
3321 494
10285 495
7225 496
4423 497
5814 498
9765 499
5757 500
2400 501
1839 502
4843 503
6746 504
1126 505
5745 506
3583 507
5472 508
3571 509
8327 510
8664 511
6469 512
2488 513
8212 514
99 515
510 516
8268 517
6397 518
1648 519
3746 520
628 521
688 522
10601 523
2749 524
7422 525
2940 526
2257 527
2508 528
1592 529
5471 530
1172 531
6713 532
9529 533
8094 534
9182 535
5718 536
1051 537
9487 538
4596 539
6107 540
3302 541
261 542
6897 543
1123 544
6339 545
4494 546
782 547
8325 548
7492 549
6805 550
4184 551
8872 552
6150 553
7399 554
7880 555
9686 556
431 557
9468 558
2525 559
1866 560
9850 561
10288 562
1688 563
6015 564
2888 565
9340 566
9105 567
7612 568
8655 569
5106 570
6334 571
1275 572
4951 573
6767 574
8173 575
9174 576
4128 577
7543 578
6498 579
8728 580
9329 581
5227 582
395 583
7317 584
10049 585
9952 586
290 587
6183 588
4765 589
1186 590
2894 591
5179 592
2956 593
10618 594
9391 595
9069 596
5468 597
10096 598
3350 599
5280 600
5294 601
5984 602
4750 603
532 604
10635 605
9295 606
4994 607
10690 608
5795 609
640 610
7719 611
6129 612
2678 613
5628 614
2354 615
9263 616
304 617
2861 618
6811 619
4055 620
10252 621
282 622
7355 623
9488 624
5253 625
205 626
8644 627
9165 628
8923 629
5494 630
4708 631
6128 632
7329 633
9687 634
9248 635
1449 636
7599 637
463 638
10440 639
10607 640
591 641
9032 642
539 643
8746 644
3377 645
6877 646
7172 647
10899 648
9903 649
5375 650
1023 651
6940 652
10746 653
7452 654
8173 655
8039 656
7507 657
687 658
10938 659
10336 660
10797 661
2663 662
7267 663
2678 664
7525 665
10070 666
9677 667
4216 668
5387 669
4075 670
6561 671
2426 672
5136 673
753 674
6459 675
1724 676
759 677
7724 678
759 679
4770 680
3080 681
10917 682
2946 683
5638 684
8558 685
8059 686
5721 687
8881 688
3443 689
8117 690
8643 691
683 692
7179 693
6492 694
3657 695
1758 696
10528 697
1437 698
7014 699
10129 700
1410 701
3749 702
287 703
5038 704
7653 705
4934 706
4538 707
3536 708
168 709
9168 710
7885 711
3956 712
10398 713
6259 714
10425 715
8217 716
5427 717
6322 718
599 719
271 720
6380 721
3017 722
5676 723
10470 724
1205 725
10309 726
2734 727
7709 728
9200 729
7085 730
5526 731
689 732
10420 733
10563 734
9447 735
62 736
9195 737
2869 738
2860 739
7216 740
6329 741
9077 742
6738 743
1760 744
4731 745
9993 746
10628 747
542 748
10954 749
7745 750
1478 751
7794 752
8425 753
5311 754
9358 755
3039 756
7279 757
10315 758
10008 759
3923 760
10984 761
9442 762
1452 763
2077 764
120 765
9514 766
6989 767
3835 768
7942 769
8852 770
7946 771
1394 772
7362 773
3952 774
536 775
5391 776
8200 777
908 778
5322 779
10788 780
2247 781
5432 782
4547 783
6090 784
10838 785
5626 786
4352 787
9320 788
3477 789
10265 790
4328 791
8033 792
5417 793
7322 794
3793 795
2381 796
7439 797
9689 798
10501 799
6042 800
7681 801
5187 802
3767 803
5180 804
7257 805
6920 806
5749 807
5275 808
7106 809
6427 810
7613 811
1887 812
2434 813
4653 814
6821 815
484 816
5718 817
8849 818
1728 819
3447 820
3884 821
6103 822
9961 823
7514 824
5153 825
5764 826
5829 827
1642 828
4562 829
4267 830
7355 831
727 832
5655 833
6888 834
3676 835
6940 836
5574 837
2338 838
10464 839
3752 840
8502 841
1151 842
4412 843
8233 844
6063 845
9354 846
7138 847
10491 848
6819 849
1202 850
6647 851
8965 852
7311 853
2952 854
6129 855
3754 856
3542 857
10713 858
8674 859
3703 860
9872 861
5839 862
4009 863
6360 864
4294 865
3184 866
10701 867
7660 868
2516 869
7284 870
4177 871
4068 872
968 873
159 874
3204 875
2765 876
2470 877
8090 878
5969 879
10604 880
6971 881
10791 882
6120 883
10816 884
10038 885
4771 886
7979 887
736 888
3024 889
8433 890
7959 891
9578 892
9977 893
9142 894
7440 895
10185 896
4495 897
3479 898
3790 899
2032 900
969 901
9636 902
6311 903
8969 904
6393 905
10089 906
682 907
9283 908
7432 909
1687 910
4029 911
7278 912
8696 913
1339 914
4921 915
10347 916
1093 917
4882 918
8799 919
10176 920
5844 921
2552 922
5654 923
2135 924
2313 925
3326 926
4695 927
7519 928
5993 929
5403 930
7210 931
4129 932
4928 933
5308 934
2725 935
6371 936
6780 937
1859 938
1714 939
4772 940
8967 941
2827 942
1348 943
1353 944
6527 945
5637 946
3086 947
1797 948
2878 949
3926 950
2051 951
5650 952
7496 953
10430 954
2450 955
8832 956
5314 957
10762 958
9443 959
9025 960
10228 961
8922 962
963 963
8374 964
6034 965
10071 966
2913 967
10927 968
6145 969
6055 970
3097 971
7114 972
9798 973
5254 974
3208 975
8135 976
3563 977
1000 978
6457 979
1976 980
10511 981
5955 982
2023 983
5452 984
10851 985
132 986
10778 987
3337 988
4026 989
6 990
9703 991
3132 992
3048 993
9174 994
10811 995
6559 996
3954 997
1307 998
4655 999
10444 1000
9205 1001
2433 1002
7091 1003
1155 1004
4088 1005
2669 1006
2045 1007
8318 1008
2814 1009
19 1010
886 1011
5547 1012
5977 1013
8560 1014
2466 1015
9973 1016
9108 1017
10728 1018
8053 1019
6849 1020
1446 1021
10081 1022
1807 1023
4447 1024
391 1025
2423 1026
10722 1027
8081 1028
7467 1029
10740 1030
8839 1031
1505 1032
1794 1033
10311 1034
7225 1035
5040 1036
1987 1037
2337 1038
4360 1039
4791 1040
2762 1041
3663 1042
9504 1043
2577 1044
5718 1045
10034 1046
6690 1047
1077 1048
10084 1049
1144 1050
1307 1051
1663 1052
5019 1053
8615 1054
6805 1055
2410 1056
1237 1057
4804 1058
3973 1059
5412 1060
7407 1061
7708 1062
1025 1063
693 1064
7522 1065
6741 1066
3884 1067
8884 1068
3673 1069
9928 1070
99 1071
2882 1072
1514 1073
4151 1074
6746 1075
8686 1076
4644 1077
7359 1078
4492 1079
5813 1080
8310 1081
10355 1082
4946 1083
5158 1084
2121 1085
186 1086
5 1087
2430 1088
6067 1089
475 1090
1564 1091
5076 1092
3257 1093
8312 1094
3455 1095
6498 1096
6769 1097
3255 1098
9120 1099
