1600 500
10324 0
4218 1
659 2
11047 3
6494 4
14999 5
14566 6
3368 7
10928 8
15767 9
14479 10
4636 11
3198 12
10456 13
3711 14
10714 15
3551 16
2609 17
11849 18
11404 19
4797 20
15158 21
14669 22
5283 23
5400 24
11427 25
713 26
8728 27
12226 28
6278 29
10670 30
6581 31
5420 32
3801 33
7991 34
5236 35
13218 36
9103 37
10589 38
4912 39
14410 40
10646 41
2466 42
107 43
13914 44
7876 45
11829 46
3065 47
6052 48
2325 49
15079 50
3105 51
7189 52
14423 53
13596 54
5169 55
8052 56
12504 57
14880 58
15428 59
8409 60
5975 61
14000 62
14522 63
6327 64
13452 65
10474 66
5133 67
8442 68
79 69
1048 70
13699 71
14090 72
11428 73
3639 74
1651 75
8249 76
6674 77
12485 78
12239 79
3409 80
4697 81
3445 82
855 83
2669 84
13265 85
13146 86
10842 87
14898 88
12262 89
5662 90
4053 91
9012 92
7583 93
3377 94
3734 95
7233 96
14010 97
13623 98
1311 99
5802 100
12888 101
12552 102
3030 103
15975 104
1895 105
13508 106
13751 107
325 108
2824 109
8531 110
9729 111
11098 112
5243 113
3635 114
6859 115
11385 116
11717 117
11453 118
4090 119
1100 120
11719 121
15587 122
12321 123
15152 124
15431 125
5402 126
4609 127
11194 128
5193 129
1313 130
13740 131
3684 132
10321 133
7678 134
2930 135
5414 136
5392 137
270 138
10186 139
11728 140
5788 141
14760 142
42 143
8564 144
2368 145
2382 146
13731 147
1499 148
5353 149
14315 150
5005 151
10652 152
8352 153
7086 154
10158 155
15368 156
3012 157
13030 158
5146 159
12415 160
10607 161
15172 162
4545 163
2318 164
10617 165
998 166
1640 167
15715 168
3188 169
2420 170
794 171
6502 172
5535 173
11924 174
14376 175
9226 176
8920 177
1037 178
7911 179
3060 180
11384 181
7355 182
10107 183
849 184
9934 185
15900 186
12263 187
9747 188
13420 189
3585 190
3412 191
1578 192
7612 193
11696 194
6318 195
6210 196
6360 197
10026 198
2005 199
15440 200
14218 201
3822 202
7858 203
5695 204
10981 205
797 206
12736 207
739 208
10946 209
6706 210
15774 211
3820 212
9492 213
7035 214
7878 215
11081 216
7027 217
7333 218
14696 219
1568 220
1508 221
9865 222
4404 223
1019 224
9283 225
4984 226
15284 227
872 228
6006 229
2834 230
558 231
170 232
6777 233
9583 234
9185 235
14722 236
5583 237
13517 238
11436 239
6729 240
8167 241
6886 242
12991 243
13470 244
7290 245
15175 246
14356 247
4787 248
1309 249
2750 250
9263 251
14761 252
5258 253
12878 254
5040 255
3884 256
2496 257
4177 258
5234 259
953 260
11872 261
1917 262
15261 263
2705 264
6220 265
15194 266
14445 267
13429 268
11806 269
13958 270
3450 271
8113 272
5593 273
15054 274
13115 275
4815 276
11463 277
5340 278
11095 279
11547 280
11042 281
2734 282
11620 283
211 284
12724 285
4858 286
1905 287
12952 288
8853 289
14350 290
10277 291
3040 292
10157 293
14914 294
11754 295
10200 296
3529 297
271 298
9157 299
9937 300
797 301
3118 302
7117 303
1616 304
5197 305
2916 306
15165 307
2686 308
12109 309
14194 310
1841 311
8977 312
11736 313
1330 314
8727 315
7802 316
5874 317
15988 318
9836 319
14685 320
8377 321
9225 322
5593 323
10655 324
5830 325
10857 326
2170 327
11834 328
11098 329
1205 330
4063 331
884 332
5307 333
14755 334
3440 335
12759 336
14501 337
13017 338
12553 339
3229 340
3569 341
10314 342
13001 343
1191 344
869 345
7252 346
14190 347
15489 348
11121 349
12923 350
7103 351
11221 352
487 353
2345 354
11669 355
4146 356
12535 357
12919 358
9252 359
14984 360
8480 361
13750 362
220 363
12323 364
14080 365
10473 366
1266 367
10575 368
5545 369
15148 370
10076 371
2250 372
8764 373
4920 374
9614 375
4077 376
14076 377
12364 378
5726 379
6742 380
6805 381
12096 382
4578 383
3739 384
8296 385
14423 386
11668 387
6064 388
5559 389
1754 390
1981 391
1242 392
8302 393
5395 394
3526 395
4358 396
5218 397
4959 398
12770 399
5900 400
2463 401
2298 402
920 403
5948 404
12706 405
14127 406
11616 407
5917 408
9905 409
11290 410
8320 411
13311 412
6240 413
6070 414
8032 415
2516 416
9830 417
7523 418
8647 419
448 420
6774 421
9447 422
601 423
11784 424
10632 425
4068 426
3876 427
5599 428
15587 429
3505 430
6338 431
951 432
7033 433
10348 434
15549 435
10031 436
6582 437
9590 438
13138 439
8695 440
3331 441
8746 442
3637 443
5600 444
11712 445
13814 446
3557 447
12829 448
11219 449
1701 450
8866 451
11377 452
11761 453
12354 454
12441 455
14484 456
14467 457
3100 458
10848 459
5900 460
2876 461
4156 462
11587 463
10696 464
10731 465
4518 466
11907 467
2687 468
9106 469
13509 470
6733 471
7910 472
2167 473
5425 474
6627 475
11869 476
11392 477
4944 478
5247 479
9393 480
12243 481
6502 482
14898 483
10941 484
14045 485
6561 486
6246 487
11948 488
13442 489
3684 490
9981 491
1795 492
9341 493
1541 494
5433 495
11599 496
7414 497
7763 498
3654 499
1603 500
15791 501
3863 502
3799 503
10268 504
13306 505
2606 506
13576 507
7950 508
6202 509
15543 510
8710 511
8301 512
15600 513
8551 514
15757 515
11401 516
14926 517
11173 518
300 519
15235 520
14059 521
12397 522
1280 523
6322 524
10354 525
10793 526
11131 527
12079 528
15938 529
15378 530
7182 531
6196 532
1188 533
2210 534
9173 535
11557 536
8220 537
10838 538
12972 539
1318 540
3476 541
489 542
7566 543
807 544
11804 545
10192 546
15674 547
11223 548
2927 549
1765 550
13933 551
1224 552
10110 553
8012 554
3285 555
10329 556
3638 557
1479 558
33 559
9983 560
4847 561
8754 562
3532 563
8863 564
2096 565
8363 566
12942 567
2950 568
1639 569
2874 570
662 571
8289 572
9894 573
15286 574
6802 575
14838 576
4803 577
10182 578
11985 579
12535 580
4241 581
3266 582
10883 583
1089 584
2922 585
399 586
134 587
2759 588
3662 589
9508 590
11219 591
7546 592
3746 593
14937 594
12147 595
14659 596
6752 597
8001 598
531 599
9950 600
1636 601
2406 602
1068 603
8407 604
237 605
8883 606
14582 607
998 608
7785 609
5923 610
12203 611
10161 612
9095 613
1643 614
6913 615
5109 616
1 617
6898 618
259 619
4166 620
9618 621
7482 622
2398 623
9539 624
3843 625
13208 626
14456 627
13431 628
7590 629
8463 630
10018 631
479 632
15080 633
8418 634
15700 635
15860 636
10867 637
14774 638
12077 639
8729 640
16 641
5993 642
1615 643
13883 644
11128 645
4923 646
3236 647
851 648
9622 649
7395 650
1199 651
2073 652
13993 653
29 654
3557 655
5333 656
1383 657
7884 658
12365 659
11683 660
14725 661
10404 662
2851 663
14994 664
4676 665
9323 666
378 667
14947 668
7880 669
4538 670
495 671
3239 672
8957 673
9866 674
7468 675
3255 676
11157 677
7800 678
403 679
10908 680
5968 681
3390 682
4685 683
4319 684
13313 685
10827 686
5379 687
10421 688
6729 689
9794 690
7354 691
9944 692
3757 693
9503 694
1120 695
15040 696
8932 697
8503 698
13208 699
13317 700
3447 701
5399 702
9232 703
12870 704
3515 705
10023 706
9793 707
6976 708
6379 709
6138 710
10706 711
13408 712
3822 713
2870 714
7912 715
13609 716
2015 717
10634 718
2980 719
410 720
12963 721
8020 722
3879 723
1272 724
2015 725
8105 726
6504 727
13042 728
13956 729
1446 730
4489 731
9046 732
1288 733
7454 734
10583 735
1855 736
2901 737
7538 738
4012 739
10758 740
6688 741
12982 742
1 743
3914 744
12356 745
8717 746
5178 747
10177 748
5903 749
8052 750
11443 751
5968 752
2462 753
8426 754
1559 755
14754 756
3170 757
13571 758
9829 759
9588 760
5685 761
6314 762
8832 763
14947 764
314 765
3027 766
7467 767
987 768
9149 769
987 770
7432 771
2414 772
12668 773
10667 774
13088 775
8939 776
14987 777
11536 778
8463 779
1162 780
3608 781
15838 782
8652 783
15399 784
2678 785
9822 786
4621 787
7160 788
3040 789
7859 790
3301 791
4666 792
5091 793
5005 794
1536 795
9055 796
10409 797
12323 798
5767 799
5867 800
6885 801
5988 802
13101 803
8647 804
12704 805
6789 806
6152 807
14235 808
9328 809
5763 810
4523 811
4501 812
15186 813
11187 814
15646 815
5503 816
8527 817
12010 818
14228 819
861 820
9284 821
13276 822
12012 823
15531 824
3593 825
849 826
9896 827
12374 828
4083 829
10697 830
8168 831
14928 832
4834 833
2121 834
12017 835
5514 836
11656 837
10782 838
15415 839
1200 840
4144 841
3838 842
2127 843
8164 844
14933 845
3796 846
13344 847
5041 848
6740 849
8771 850
1634 851
11063 852
11703 853
9890 854
11305 855
6232 856
9813 857
7769 858
1636 859
2191 860
6252 861
13309 862
13450 863
15390 864
8740 865
13358 866
11362 867
8867 868
13092 869
2359 870
2908 871
8452 872
3376 873
5160 874
13161 875
15937 876
218 877
15923 878
13192 879
9981 880
8999 881
6396 882
14556 883
14465 884
15087 885
7218 886
15830 887
8779 888
11023 889
6124 890
8276 891
2066 892
14628 893
7272 894
7265 895
1990 896
6224 897
14364 898
4302 899
13812 900
6140 901
14387 902
14374 903
1581 904
10943 905
15741 906
8244 907
4465 908
11798 909
13931 910
8625 911
12233 912
14549 913
12730 914
14923 915
1562 916
15111 917
6545 918
12527 919
10105 920
2869 921
11203 922
748 923
2611 924
11876 925
13783 926
11397 927
14756 928
1451 929
13322 930
11746 931
9844 932
15201 933
14194 934
8588 935
8268 936
4686 937
15099 938
2378 939
6737 940
1109 941
1341 942
9314 943
12104 944
11440 945
10092 946
2577 947
3515 948
12858 949
2071 950
8075 951
10469 952
2432 953
9504 954
14713 955
14824 956
7935 957
6139 958
12676 959
457 960
5097 961
15301 962
9557 963
731 964
5211 965
14832 966
7024 967
8468 968
14005 969
7986 970
3986 971
13514 972
6997 973
5917 974
10673 975
6472 976
3287 977
9910 978
9156 979
5454 980
5498 981
8103 982
6493 983
4962 984
5233 985
3623 986
9398 987
680 988
13367 989
2278 990
1731 991
13954 992
6099 993
13386 994
15606 995
1335 996
1007 997
756 998
8914 999
7242 1000
6560 1001
2997 1002
940 1003
9072 1004
11697 1005
7953 1006
409 1007
2730 1008
15962 1009
12492 1010
2301 1011
9355 1012
3067 1013
7887 1014
1001 1015
506 1016
9441 1017
9588 1018
7673 1019
14934 1020
15128 1021
3494 1022
14545 1023
3006 1024
8438 1025
6589 1026
9371 1027
1383 1028
8833 1029
282 1030
15994 1031
10252 1032
1113 1033
9796 1034
13252 1035
15952 1036
480 1037
6133 1038
8765 1039
12253 1040
10631 1041
1654 1042
15048 1043
8966 1044
5764 1045
6056 1046
4601 1047
7668 1048
7354 1049
12650 1050
8523 1051
6797 1052
8736 1053
2707 1054
3182 1055
15336 1056
10273 1057
7998 1058
10556 1059
12917 1060
14647 1061
2362 1062
14558 1063
6836 1064
14418 1065
1551 1066
5280 1067
12560 1068
3110 1069
2466 1070
4222 1071
10558 1072
10070 1073
9846 1074
13142 1075
3852 1076
2075 1077
2691 1078
4282 1079
9087 1080
5156 1081
3745 1082
4982 1083
11720 1084
8517 1085
8958 1086
2632 1087
5319 1088
15278 1089
14560 1090
9883 1091
14456 1092
9815 1093
5939 1094
13520 1095
3178 1096
15042 1097
4123 1098
2762 1099
7034 1100
6161 1101
10771 1102
9560 1103
1390 1104
2543 1105
4040 1106
1977 1107
13669 1108
6912 1109
13192 1110
15899 1111
1305 1112
6056 1113
2139 1114
12024 1115
7104 1116
3112 1117
15124 1118
10297 1119
13701 1120
15495 1121
291 1122
12106 1123
3465 1124
4544 1125
6390 1126
7063 1127
5283 1128
14776 1129
8423 1130
15250 1131
15937 1132
13270 1133
4615 1134
3525 1135
15815 1136
8760 1137
10402 1138
5063 1139
14245 1140
12005 1141
4785 1142
15638 1143
10047 1144
9485 1145
8532 1146
10338 1147
3509 1148
15103 1149
5352 1150
7723 1151
12571 1152
4687 1153
9096 1154
4130 1155
10852 1156
9025 1157
14526 1158
4961 1159
9643 1160
5642 1161
2380 1162
877 1163
4792 1164
2008 1165
4121 1166
3319 1167
3039 1168
12128 1169
2585 1170
3011 1171
11208 1172
13554 1173
14467 1174
4710 1175
6927 1176
422 1177
12570 1178
4332 1179
728 1180
9136 1181
7048 1182
13588 1183
8456 1184
266 1185
6900 1186
15565 1187
12553 1188
13818 1189
1170 1190
13050 1191
8583 1192
14774 1193
755 1194
1137 1195
4989 1196
4502 1197
688 1198
4935 1199
2609 1200
7775 1201
2460 1202
10515 1203
846 1204
7897 1205
3168 1206
3412 1207
2126 1208
11263 1209
3540 1210
4536 1211
2119 1212
1547 1213
15234 1214
14848 1215
5762 1216
4424 1217
10830 1218
5544 1219
1204 1220
14669 1221
12074 1222
5808 1223
8969 1224
14356 1225
9196 1226
12925 1227
14381 1228
2235 1229
7945 1230
3115 1231
9210 1232
11629 1233
5060 1234
5909 1235
3138 1236
14045 1237
4564 1238
5036 1239
12422 1240
7374 1241
11049 1242
3903 1243
2489 1244
4672 1245
6536 1246
14562 1247
11339 1248
12678 1249
11968 1250
6666 1251
4395 1252
7112 1253
10525 1254
12107 1255
15795 1256
4234 1257
763 1258
8086 1259
815 1260
9605 1261
3737 1262
1656 1263
4961 1264
1375 1265
6384 1266
3664 1267
2071 1268
13411 1269
14902 1270
15407 1271
9566 1272
15606 1273
15542 1274
8556 1275
10405 1276
6260 1277
5909 1278
6158 1279
14716 1280
14481 1281
739 1282
3043 1283
15645 1284
8853 1285
8536 1286
11891 1287
8243 1288
8986 1289
15731 1290
10265 1291
9310 1292
5398 1293
6733 1294
14285 1295
14270 1296
878 1297
10558 1298
15656 1299
10764 1300
112 1301
12877 1302
6875 1303
13803 1304
15260 1305
6707 1306
11024 1307
15986 1308
14627 1309
1361 1310
7886 1311
8069 1312
15835 1313
3130 1314
8809 1315
11041 1316
10438 1317
2350 1318
11079 1319
13603 1320
11921 1321
10925 1322
7338 1323
2155 1324
6412 1325
3945 1326
15810 1327
10069 1328
10085 1329
14172 1330
9541 1331
1911 1332
2809 1333
10908 1334
6422 1335
2177 1336
5529 1337
3309 1338
12023 1339
4717 1340
5086 1341
2882 1342
13162 1343
8088 1344
10578 1345
1405 1346
5419 1347
9832 1348
9849 1349
13974 1350
8264 1351
9420 1352
5780 1353
14519 1354
7127 1355
10918 1356
8227 1357
2085 1358
5530 1359
10270 1360
6006 1361
11108 1362
5872 1363
13806 1364
10042 1365
8521 1366
11204 1367
3194 1368
10582 1369
10188 1370
12538 1371
10735 1372
10939 1373
12169 1374
12041 1375
12634 1376
1832 1377
15009 1378
7075 1379
8145 1380
3626 1381
2370 1382
261 1383
3603 1384
1158 1385
13567 1386
1871 1387
6116 1388
10546 1389
7170 1390
6290 1391
3548 1392
12213 1393
12471 1394
4598 1395
8105 1396
14042 1397
1759 1398
9630 1399
7241 1400
576 1401
6427 1402
3110 1403
10988 1404
9369 1405
13073 1406
377 1407
14818 1408
1594 1409
10133 1410
9455 1411
3556 1412
10394 1413
8295 1414
6591 1415
2494 1416
15705 1417
12734 1418
4656 1419
12643 1420
6973 1421
10570 1422
4646 1423
14407 1424
4510 1425
2351 1426
6395 1427
6898 1428
12762 1429
12868 1430
15983 1431
3399 1432
10330 1433
14377 1434
4394 1435
5828 1436
6093 1437
5258 1438
4744 1439
13980 1440
11310 1441
12690 1442
6665 1443
3064 1444
10751 1445
9486 1446
11419 1447
6246 1448
15201 1449
6826 1450
1756 1451
11051 1452
5973 1453
1584 1454
6364 1455
13640 1456
9368 1457
5581 1458
6487 1459
6731 1460
9468 1461
7588 1462
3284 1463
9201 1464
10233 1465
9186 1466
3093 1467
10494 1468
7533 1469
878 1470
11548 1471
3078 1472
3011 1473
11562 1474
1005 1475
4822 1476
747 1477
1854 1478
14146 1479
9048 1480
15271 1481
9963 1482
13098 1483
12978 1484
5047 1485
12785 1486
8413 1487
10302 1488
10994 1489
11321 1490
3581 1491
11473 1492
2635 1493
15737 1494
5821 1495
15798 1496
13041 1497
7795 1498
9857 1499
7430 1500
7164 1501
2927 1502
4557 1503
15687 1504
13635 1505
13673 1506
13730 1507
7322 1508
7611 1509
4308 1510
6194 1511
13263 1512
2611 1513
12219 1514
4497 1515
9522 1516
11995 1517
1885 1518
5620 1519
6312 1520
11725 1521
14515 1522
5811 1523
3191 1524
8537 1525
8587 1526
9221 1527
8403 1528
3229 1529
7665 1530
10291 1531
12940 1532
14728 1533
3544 1534
8753 1535
9305 1536
14301 1537
2273 1538
576 1539
487 1540
12512 1541
8138 1542
2357 1543
2274 1544
7537 1545
4093 1546
6124 1547
4566 1548
3228 1549
2771 1550
11981 1551
1890 1552
2120 1553
8381 1554
13513 1555
12637 1556
11942 1557
12696 1558
10957 1559
9131 1560
6363 1561
8367 1562
3092 1563
8614 1564
510 1565
2431 1566
519 1567
3986 1568
5556 1569
11238 1570
3418 1571
849 1572
5935 1573
7724 1574
1847 1575
4074 1576
13178 1577
10815 1578
11025 1579
4965 1580
5361 1581
9215 1582
2496 1583
6889 1584
13860 1585
13592 1586
14413 1587
10479 1588
7413 1589
8570 1590
1235 1591
1555 1592
2091 1593
1443 1594
6067 1595
8571 1596
5495 1597
14440 1598
9322 1599
