1350 1150
8494 0
4271 1
6457 2
11810 3
4381 4
4550 5
8790 6
931 7
6766 8
2796 9
9046 10
1386 11
9056 12
12036 13
4001 14
10916 15
7873 16
11919 17
8135 18
7996 19
12366 20
11787 21
13082 22
4788 23
9849 24
12512 25
4586 26
7803 27
2843 28
3903 29
4737 30
9732 31
7320 32
5793 33
12194 34
6912 35
11427 36
1574 37
6743 38
1806 39
12015 40
2238 41
141 42
11043 43
9396 44
6100 45
10427 46
1723 47
7928 48
8282 49
13107 50
13393 51
10565 52
10158 53
4554 54
514 55
3161 56
563 57
9454 58
407 59
3355 60
11074 61
7165 62
12841 63
3239 64
5186 65
5332 66
8396 67
7173 68
10886 69
4481 70
13044 71
2720 72
3315 73
7944 74
9777 75
6591 76
1488 77
7503 78
3251 79
11474 80
12485 81
8452 82
5104 83
9954 84
9179 85
6119 86
4192 87
6806 88
8288 89
8512 90
840 91
5614 92
9727 93
12243 94
2704 95
8736 96
5811 97
5431 98
4088 99
11913 100
12720 101
8776 102
9916 103
8697 104
4520 105
11319 106
338 107
8208 108
8688 109
5978 110
9175 111
2509 112
1565 113
4302 114
1147 115
4353 116
12987 117
10683 118
4952 119
7623 120
9075 121
6362 122
1063 123
10824 124
4054 125
12280 126
12559 127
7128 128
3776 129
3123 130
8534 131
6284 132
11102 133
9104 134
9443 135
10725 136
9110 137
10577 138
3009 139
9638 140
6118 141
10798 142
8501 143
1714 144
8607 145
12835 146
209 147
2142 148
5636 149
9621 150
1361 151
11269 152
4302 153
2972 154
4244 155
7205 156
11215 157
865 158
6524 159
9762 160
12562 161
5485 162
12921 163
11310 164
3232 165
8304 166
1450 167
2739 168
4140 169
7465 170
7646 171
3123 172
5475 173
9841 174
6180 175
7684 176
692 177
4751 178
1562 179
3806 180
5800 181
4511 182
7798 183
11629 184
5607 185
82 186
5821 187
4276 188
7200 189
10905 190
6037 191
8123 192
5826 193
3544 194
42 195
6597 196
6447 197
1085 198
228 199
10665 200
4952 201
9181 202
7522 203
1875 204
11149 205
445 206
8078 207
1406 208
10581 209
5192 210
4689 211
11463 212
6459 213
12815 214
10190 215
9388 216
8759 217
6951 218
5639 219
13447 220
8620 221
13469 222
643 223
877 224
7211 225
6966 226
9595 227
1245 228
10535 229
6172 230
11577 231
709 232
4257 233
12533 234
10774 235
2993 236
11499 237
7589 238
1288 239
10355 240
639 241
4808 242
1626 243
7858 244
4192 245
6716 246
3082 247
459 248
334 249
11737 250
10976 251
5697 252
9911 253
7393 254
10722 255
2666 256
11055 257
7534 258
4751 259
7947 260
5256 261
3186 262
1093 263
5375 264
1921 265
2052 266
11907 267
9508 268
7044 269
10396 270
11253 271
10586 272
1636 273
3603 274
1445 275
13300 276
2917 277
587 278
7702 279
5427 280
7569 281
11181 282
2320 283
11995 284
11159 285
5042 286
5186 287
990 288
8738 289
7580 290
202 291
12539 292
4267 293
330 294
13029 295
9479 296
4320 297
7110 298
3666 299
12542 300
7453 301
5184 302
13453 303
2876 304
4665 305
11093 306
10862 307
7655 308
1545 309
13 310
5105 311
8785 312
2774 313
578 314
11030 315
9231 316
2007 317
2523 318
2230 319
2613 320
9847 321
9085 322
11990 323
12107 324
1298 325
7904 326
12567 327
1551 328
13027 329
3211 330
8946 331
5894 332
1805 333
2246 334
7291 335
9067 336
2995 337
9483 338
12101 339
9841 340
4787 341
9175 342
10669 343
12365 344
4782 345
4050 346
6532 347
2775 348
13479 349
5690 350
6054 351
3547 352
12540 353
7816 354
6104 355
3927 356
12975 357
2516 358
6883 359
4937 360
10462 361
11188 362
9768 363
790 364
651 365
3726 366
1044 367
8743 368
9059 369
9642 370
2375 371
744 372
13131 373
12768 374
10817 375
2050 376
11713 377
2530 378
1529 379
8646 380
7237 381
1623 382
8874 383
11959 384
10754 385
12039 386
9659 387
4897 388
11694 389
650 390
8746 391
3155 392
2859 393
3132 394
882 395
1776 396
7336 397
10054 398
1047 399
1017 400
10761 401
1063 402
4732 403
4813 404
13259 405
13003 406
7314 407
11466 408
6831 409
3299 410
1132 411
997 412
10538 413
7707 414
12322 415
10135 416
11684 417
8735 418
11550 419
13431 420
7857 421
9166 422
1384 423
691 424
3535 425
11285 426
4209 427
9463 428
12422 429
7250 430
4899 431
7107 432
10721 433
12222 434
9885 435
6899 436
13013 437
13433 438
1690 439
7606 440
7366 441
12551 442
5435 443
2766 444
5134 445
5774 446
1976 447
6565 448
374 449
5803 450
5578 451
830 452
11273 453
11695 454
1829 455
618 456
7611 457
11983 458
6588 459
8425 460
9577 461
12181 462
4146 463
4175 464
8585 465
8895 466
4805 467
8108 468
7148 469
3382 470
7141 471
10988 472
10335 473
7237 474
12283 475
5882 476
980 477
6176 478
4740 479
3934 480
11907 481
4977 482
3717 483
9803 484
2007 485
10298 486
5548 487
9403 488
9901 489
13482 490
9533 491
6926 492
13145 493
8034 494
3625 495
2279 496
10433 497
6260 498
5845 499
6951 500
8201 501
11563 502
618 503
6995 504
11525 505
11450 506
12435 507
11610 508
419 509
12818 510
5390 511
9048 512
7344 513
1614 514
10411 515
9403 516
4390 517
3703 518
2679 519
9423 520
191 521
10119 522
9561 523
3110 524
10895 525
9710 526
5447 527
7967 528
7479 529
12037 530
13246 531
8309 532
7457 533
10261 534
4705 535
2337 536
773 537
6383 538
8560 539
6096 540
13486 541
3374 542
5446 543
7059 544
11389 545
3759 546
9552 547
9246 548
8636 549
12179 550
3607 551
123 552
12093 553
2683 554
7248 555
5268 556
5571 557
10412 558
4456 559
12819 560
153 561
3903 562
8419 563
11073 564
10275 565
3751 566
10628 567
10255 568
12083 569
2350 570
7575 571
1270 572
1493 573
11044 574
9900 575
9394 576
7440 577
9367 578
11291 579
362 580
6307 581
5737 582
8809 583
3969 584
8886 585
2050 586
4204 587
4142 588
4261 589
9669 590
8635 591
3845 592
3928 593
8670 594
7567 595
12567 596
3774 597
3806 598
1741 599
13430 600
6704 601
12079 602
7717 603
3617 604
6635 605
10445 606
7024 607
9594 608
5133 609
7923 610
10730 611
11219 612
11535 613
3433 614
11316 615
10762 616
13460 617
8035 618
12849 619
4176 620
1835 621
4738 622
8334 623
6452 624
1493 625
6365 626
3421 627
6396 628
8390 629
9544 630
6839 631
12195 632
3367 633
5770 634
4173 635
8123 636
7533 637
9045 638
13145 639
7674 640
9210 641
10973 642
10472 643
11749 644
9074 645
2557 646
4741 647
828 648
3917 649
6136 650
6656 651
8055 652
11851 653
13419 654
1461 655
11964 656
12719 657
13485 658
2905 659
5765 660
8436 661
11706 662
12468 663
2627 664
9973 665
5689 666
386 667
8023 668
11818 669
3014 670
1943 671
7579 672
5651 673
1351 674
3759 675
12720 676
777 677
5977 678
8174 679
7410 680
3474 681
2019 682
5464 683
356 684
3730 685
10285 686
10454 687
6873 688
9165 689
13110 690
6899 691
11988 692
12809 693
12930 694
1753 695
5660 696
2991 697
6554 698
8982 699
6045 700
5240 701
10437 702
6562 703
13092 704
11618 705
11371 706
11466 707
2038 708
10931 709
6374 710
9846 711
10150 712
9328 713
4994 714
7810 715
13009 716
11237 717
8426 718
3582 719
7016 720
11303 721
11099 722
12583 723
9664 724
13076 725
6476 726
6601 727
2995 728
4162 729
1606 730
3895 731
982 732
3021 733
606 734
4988 735
12081 736
2568 737
2428 738
12028 739
3164 740
2739 741
10316 742
5083 743
3014 744
10353 745
4007 746
11594 747
9211 748
1603 749
5610 750
2327 751
8973 752
40 753
12056 754
9618 755
6563 756
11299 757
4935 758
4990 759
12596 760
3373 761
11784 762
6734 763
7383 764
9799 765
13208 766
10241 767
2478 768
3071 769
9052 770
2269 771
1905 772
253 773
13010 774
4357 775
9203 776
5145 777
6717 778
6791 779
3349 780
12632 781
6520 782
12496 783
10020 784
13467 785
2078 786
8251 787
5399 788
267 789
1221 790
3458 791
12609 792
3391 793
4239 794
9096 795
5263 796
9490 797
13159 798
7045 799
3577 800
2363 801
8591 802
487 803
6106 804
13153 805
5088 806
4482 807
13222 808
6372 809
3152 810
9990 811
4512 812
7138 813
2125 814
13223 815
1285 816
2682 817
11645 818
3444 819
800 820
590 821
3934 822
1460 823
5021 824
317 825
11599 826
6162 827
4530 828
9306 829
3253 830
3745 831
356 832
2404 833
1917 834
8639 835
8834 836
2941 837
2192 838
9614 839
9006 840
10935 841
8711 842
8495 843
872 844
7233 845
6460 846
8328 847
5850 848
8138 849
6347 850
7264 851
13493 852
4931 853
6640 854
11920 855
4617 856
9105 857
3067 858
13375 859
1997 860
4041 861
7298 862
13469 863
572 864
2632 865
214 866
1444 867
714 868
5081 869
9329 870
952 871
13163 872
6061 873
2574 874
11891 875
10778 876
12239 877
1814 878
3025 879
1439 880
8651 881
12308 882
5739 883
980 884
2265 885
2443 886
3629 887
12436 888
5814 889
96 890
1729 891
12383 892
12449 893
7962 894
12707 895
10464 896
5570 897
2414 898
10365 899
8226 900
3777 901
2101 902
960 903
3938 904
6262 905
10280 906
11059 907
4782 908
1868 909
11386 910
8351 911
1611 912
9421 913
2383 914
5129 915
12308 916
8805 917
4060 918
2023 919
7499 920
6033 921
4816 922
5880 923
12955 924
3633 925
7350 926
171 927
7998 928
3516 929
13134 930
367 931
860 932
414 933
8622 934
10751 935
1514 936
6022 937
10900 938
10317 939
6848 940
11215 941
1830 942
12969 943
3015 944
13349 945
8815 946
12316 947
11646 948
10159 949
9094 950
919 951
7646 952
4996 953
9101 954
3246 955
3433 956
5135 957
1481 958
12483 959
2336 960
4499 961
12239 962
2071 963
5735 964
6323 965
5698 966
3681 967
1784 968
4520 969
7312 970
9715 971
13394 972
2156 973
5704 974
1738 975
9202 976
11485 977
12080 978
6819 979
13423 980
8286 981
6490 982
12065 983
1786 984
2053 985
132 986
3567 987
10385 988
2509 989
2151 990
2806 991
7986 992
244 993
13197 994
3591 995
8050 996
12938 997
6377 998
13161 999
5562 1000
12551 1001
8606 1002
4704 1003
1932 1004
5524 1005
7400 1006
2339 1007
4360 1008
12043 1009
456 1010
5027 1011
4674 1012
5275 1013
12872 1014
8487 1015
12523 1016
1606 1017
7834 1018
6070 1019
8354 1020
8048 1021
13221 1022
3712 1023
10871 1024
163 1025
11523 1026
6232 1027
6708 1028
12300 1029
2027 1030
10979 1031
7079 1032
1782 1033
1593 1034
12265 1035
1039 1036
3749 1037
3064 1038
5971 1039
1189 1040
7571 1041
8434 1042
12490 1043
6305 1044
2049 1045
2235 1046
6985 1047
49 1048
899 1049
2526 1050
9421 1051
6456 1052
640 1053
453 1054
3160 1055
13301 1056
9081 1057
216 1058
11232 1059
8865 1060
1195 1061
5720 1062
3005 1063
566 1064
359 1065
3591 1066
423 1067
4564 1068
5948 1069
1671 1070
10976 1071
709 1072
13311 1073
3598 1074
11854 1075
9484 1076
6935 1077
249 1078
8270 1079
648 1080
11371 1081
7537 1082
10518 1083
3 1084
6811 1085
11935 1086
7732 1087
5584 1088
4980 1089
6612 1090
9047 1091
44 1092
1733 1093
10094 1094
12108 1095
6484 1096
6239 1097
3499 1098
10067 1099
12407 1100
7633 1101
4251 1102
12463 1103
13458 1104
1984 1105
10568 1106
3756 1107
11283 1108
1479 1109
4553 1110
6649 1111
6867 1112
8269 1113
704 1114
1859 1115
1927 1116
10259 1117
8741 1118
149 1119
5120 1120
10903 1121
8159 1122
8773 1123
9080 1124
10184 1125
12538 1126
6934 1127
5206 1128
2750 1129
12978 1130
2360 1131
11021 1132
3153 1133
9703 1134
1997 1135
3415 1136
2094 1137
8984 1138
4986 1139
10418 1140
9777 1141
1334 1142
8998 1143
2577 1144
12001 1145
4410 1146
9374 1147
6474 1148
9117 1149
11594 1150
4288 1151
9641 1152
12615 1153
3712 1154
1597 1155
11623 1156
8061 1157
6168 1158
10899 1159
12345 1160
5410 1161
12685 1162
4759 1163
3422 1164
11152 1165
2900 1166
5260 1167
2300 1168
3561 1169
12636 1170
10849 1171
1269 1172
3338 1173
9104 1174
10084 1175
8073 1176
12488 1177
8542 1178
37 1179
5617 1180
9287 1181
425 1182
10631 1183
385 1184
1553 1185
6609 1186
7856 1187
2294 1188
4820 1189
3149 1190
13062 1191
5681 1192
8047 1193
3995 1194
8924 1195
8341 1196
11684 1197
11743 1198
8763 1199
2462 1200
2350 1201
5109 1202
2776 1203
243 1204
12395 1205
8479 1206
7545 1207
8415 1208
11306 1209
12132 1210
10393 1211
13491 1212
7363 1213
6529 1214
1324 1215
10886 1216
7409 1217
2800 1218
336 1219
12618 1220
1202 1221
6716 1222
306 1223
4998 1224
2226 1225
10127 1226
2017 1227
6458 1228
1673 1229
3367 1230
6752 1231
12762 1232
10606 1233
9169 1234
9073 1235
2684 1236
3290 1237
12334 1238
10256 1239
8837 1240
1295 1241
2124 1242
2504 1243
11170 1244
6727 1245
7549 1246
2002 1247
5289 1248
1560 1249
11634 1250
10785 1251
9497 1252
9918 1253
13335 1254
1514 1255
9070 1256
6403 1257
4762 1258
6954 1259
913 1260
11959 1261
2811 1262
2728 1263
9150 1264
6295 1265
11427 1266
12268 1267
10866 1268
12745 1269
5462 1270
4250 1271
13226 1272
11876 1273
7455 1274
12583 1275
7709 1276
5661 1277
8673 1278
3549 1279
204 1280
1817 1281
1342 1282
12854 1283
5039 1284
12184 1285
6023 1286
11950 1287
9882 1288
2963 1289
12476 1290
10827 1291
11906 1292
10787 1293
2606 1294
10077 1295
2420 1296
12028 1297
5455 1298
945 1299
2373 1300
8099 1301
6259 1302
5946 1303
10552 1304
8083 1305
7603 1306
9680 1307
886 1308
8862 1309
9046 1310
863 1311
7135 1312
9826 1313
2043 1314
4114 1315
13337 1316
6279 1317
4812 1318
13331 1319
13408 1320
10013 1321
12609 1322
6487 1323
11100 1324
7069 1325
12164 1326
735 1327
11689 1328
9259 1329
4811 1330
5442 1331
12471 1332
4173 1333
9196 1334
5280 1335
8232 1336
1423 1337
894 1338
10533 1339
7530 1340
6410 1341
13006 1342
8417 1343
13185 1344
7385 1345
10867 1346
3542 1347
9048 1348
11720 1349
