1500 550
4854 0
6423 1
14098 2
2428 3
7344 4
6806 5
966 6
3542 7
112 8
11572 9
7329 10
4265 11
360 12
4173 13
13052 14
4638 15
4003 16
10520 17
11088 18
9342 19
7378 20
12980 21
6253 22
4858 23
8684 24
12888 25
12381 26
5559 27
2667 28
8195 29
181 30
2177 31
2876 32
1314 33
10292 34
3532 35
6158 36
494 37
9978 38
9591 39
9216 40
13794 41
11811 42
5938 43
986 44
8096 45
3246 46
7521 47
8590 48
13355 49
10650 50
7472 51
1043 52
8226 53
12984 54
753 55
4469 56
9626 57
1088 58
4044 59
409 60
3595 61
12235 62
13442 63
12932 64
5513 65
3176 66
1145 67
14847 68
12451 69
7362 70
1264 71
12717 72
12144 73
6415 74
14543 75
7278 76
8483 77
12632 78
5963 79
1206 80
7828 81
1866 82
969 83
3881 84
13749 85
14607 86
4294 87
4928 88
4713 89
13456 90
13668 91
7183 92
12344 93
12728 94
13288 95
11129 96
12223 97
1283 98
4287 99
14707 100
2576 101
12671 102
3058 103
11727 104
12023 105
8922 106
2120 107
9310 108
4543 109
6686 110
6993 111
14866 112
4805 113
734 114
5883 115
5326 116
8527 117
85 118
11504 119
2860 120
2924 121
3827 122
8158 123
2089 124
4160 125
7464 126
14301 127
13126 128
13630 129
12182 130
13960 131
13907 132
5172 133
964 134
4564 135
12064 136
2066 137
8657 138
7740 139
10394 140
5584 141
3790 142
14153 143
5303 144
11420 145
2746 146
828 147
11474 148
418 149
9558 150
9659 151
1391 152
13660 153
8932 154
4036 155
1324 156
3372 157
13007 158
10588 159
1797 160
2009 161
8676 162
1892 163
621 164
6138 165
11008 166
12823 167
1435 168
14236 169
3256 170
3179 171
9981 172
8868 173
2124 174
13082 175
13233 176
7743 177
3677 178
9187 179
2770 180
8605 181
6411 182
4730 183
13062 184
5703 185
6627 186
10562 187
4932 188
5555 189
1271 190
6185 191
14914 192
13204 193
14969 194
6572 195
14491 196
739 197
2003 198
5188 199
10962 200
10677 201
14640 202
154 203
5520 204
9615 205
13659 206
12585 207
10288 208
9316 209
11299 210
14283 211
8374 212
10427 213
3292 214
10239 215
6870 216
7633 217
5418 218
8722 219
615 220
2120 221
3055 222
10379 223
11149 224
2717 225
14081 226
14827 227
4787 228
12284 229
12511 230
8164 231
1217 232
8218 233
8214 234
1864 235
5741 236
824 237
10060 238
2481 239
2 240
14065 241
9758 242
14357 243
1940 244
12176 245
4589 246
7354 247
12812 248
12502 249
9807 250
8248 251
5707 252
563 253
7840 254
8100 255
7949 256
5194 257
12401 258
4220 259
5932 260
298 261
2366 262
3389 263
10677 264
9567 265
8250 266
1063 267
5809 268
4992 269
1332 270
2220 271
10001 272
9876 273
7473 274
341 275
13020 276
2765 277
1748 278
2530 279
1911 280
1015 281
8616 282
6525 283
11673 284
6154 285
14996 286
2799 287
4923 288
4317 289
9055 290
5562 291
11387 292
13398 293
261 294
9190 295
4190 296
14964 297
11101 298
13901 299
5060 300
14204 301
9238 302
12403 303
1415 304
242 305
8623 306
3773 307
2304 308
12028 309
8368 310
8010 311
7173 312
13675 313
8303 314
5406 315
13775 316
10672 317
8714 318
9853 319
1179 320
5969 321
5753 322
14701 323
9539 324
13409 325
12936 326
41 327
14272 328
8895 329
4128 330
1262 331
8409 332
6003 333
13771 334
10932 335
11411 336
13697 337
991 338
8139 339
12975 340
10836 341
8226 342
8570 343
2656 344
11179 345
12254 346
3345 347
6208 348
13365 349
13945 350
10682 351
9780 352
6387 353
3107 354
2122 355
8039 356
10644 357
14110 358
11878 359
11225 360
13649 361
14022 362
7036 363
9069 364
14808 365
1665 366
13600 367
12102 368
9095 369
14393 370
1405 371
3545 372
13616 373
13981 374
5420 375
1623 376
7127 377
5390 378
13256 379
11927 380
3676 381
1162 382
14667 383
3933 384
6405 385
3250 386
14846 387
13378 388
6587 389
12291 390
12095 391
13972 392
12047 393
8552 394
14213 395
4398 396
13399 397
12531 398
6518 399
5443 400
5871 401
12594 402
13702 403
7277 404
10777 405
9567 406
5639 407
5522 408
3186 409
5096 410
12327 411
8297 412
5382 413
1200 414
8808 415
1674 416
1303 417
13092 418
8226 419
4408 420
3986 421
3321 422
14023 423
7840 424
11152 425
12964 426
10012 427
5430 428
13848 429
2502 430
7185 431
8028 432
14145 433
3520 434
396 435
3194 436
2131 437
2401 438
10014 439
4933 440
10872 441
4962 442
3411 443
13119 444
7744 445
5337 446
13717 447
5007 448
3743 449
866 450
13597 451
12412 452
1988 453
10357 454
4741 455
11354 456
5315 457
4244 458
2115 459
2439 460
8962 461
9326 462
10816 463
7503 464
8760 465
14267 466
3201 467
8396 468
14257 469
2478 470
11539 471
6589 472
12485 473
6801 474
10774 475
13476 476
10520 477
3622 478
8543 479
14944 480
6341 481
13975 482
10747 483
3092 484
14377 485
13553 486
9050 487
8331 488
13777 489
5598 490
12341 491
7763 492
851 493
6131 494
8580 495
14596 496
4666 497
4286 498
3666 499
12538 500
13192 501
4074 502
12298 503
12851 504
10827 505
5111 506
5477 507
7190 508
11025 509
7767 510
4518 511
3719 512
13962 513
3898 514
3084 515
13757 516
3980 517
1833 518
2542 519
13722 520
10473 521
8482 522
7253 523
10576 524
10301 525
3068 526
6304 527
628 528
3628 529
2071 530
9658 531
2155 532
4349 533
14028 534
14859 535
6346 536
4816 537
14694 538
5313 539
3053 540
8114 541
10137 542
4331 543
11818 544
4288 545
7630 546
488 547
7511 548
14518 549
14150 550
2368 551
12086 552
6924 553
10178 554
13008 555
4521 556
14488 557
992 558
4655 559
9453 560
12081 561
2263 562
2114 563
1758 564
2681 565
13119 566
11761 567
13484 568
13785 569
4817 570
8207 571
152 572
6870 573
4393 574
5027 575
11241 576
2744 577
1223 578
7729 579
6418 580
302 581
1490 582
14066 583
6646 584
9643 585
7006 586
5165 587
12475 588
680 589
6630 590
2719 591
5297 592
14283 593
14458 594
14040 595
5396 596
7730 597
4476 598
12921 599
5120 600
9708 601
2928 602
10165 603
6997 604
9619 605
6048 606
1646 607
3631 608
2443 609
5497 610
4476 611
3401 612
4736 613
4551 614
11206 615
10145 616
1137 617
9606 618
7698 619
10327 620
3809 621
12792 622
2433 623
10209 624
152 625
1854 626
10616 627
2259 628
13016 629
14388 630
3650 631
3031 632
4166 633
4500 634
6370 635
5336 636
3859 637
8984 638
10262 639
14121 640
1429 641
2776 642
8502 643
11770 644
1910 645
4116 646
8306 647
11117 648
1218 649
8464 650
14632 651
9908 652
14504 653
14091 654
13849 655
4941 656
11294 657
2721 658
2428 659
11765 660
13831 661
2596 662
7519 663
13557 664
1683 665
3008 666
2973 667
4489 668
5697 669
1210 670
4602 671
2899 672
14078 673
14272 674
10670 675
9751 676
4808 677
954 678
969 679
13275 680
4775 681
67 682
661 683
11171 684
11462 685
2578 686
8480 687
13514 688
6522 689
11026 690
1305 691
8416 692
11224 693
1600 694
14797 695
13382 696
10982 697
2207 698
5243 699
7690 700
13799 701
10825 702
4605 703
13888 704
13633 705
11257 706
10179 707
6663 708
811 709
13629 710
498 711
4507 712
9856 713
4152 714
4524 715
2429 716
5853 717
3600 718
13268 719
10433 720
3065 721
2085 722
10341 723
14189 724
9163 725
8538 726
1464 727
3778 728
2467 729
12357 730
5454 731
4629 732
11576 733
94 734
3881 735
14007 736
8674 737
5787 738
10860 739
4788 740
5927 741
7348 742
1504 743
12990 744
3747 745
8618 746
5254 747
5081 748
7106 749
2178 750
716 751
13608 752
13593 753
999 754
13070 755
11311 756
6552 757
4230 758
13383 759
13989 760
9741 761
8916 762
2555 763
12430 764
503 765
3745 766
14988 767
11734 768
9502 769
10965 770
9286 771
8406 772
13960 773
14014 774
10424 775
3643 776
1150 777
10708 778
2422 779
12240 780
11925 781
12917 782
14266 783
7496 784
6335 785
3239 786
9207 787
9223 788
10739 789
1781 790
2732 791
13840 792
12603 793
8216 794
5361 795
13464 796
2272 797
4482 798
1028 799
12882 800
1757 801
8389 802
7672 803
8973 804
13872 805
6150 806
8509 807
11992 808
5950 809
1943 810
10219 811
2108 812
3065 813
14515 814
6255 815
7400 816
3022 817
14080 818
13933 819
5942 820
1478 821
4808 822
12736 823
12806 824
7606 825
10566 826
630 827
12063 828
8844 829
4294 830
11350 831
3202 832
8657 833
8322 834
4313 835
1029 836
14435 837
3179 838
10753 839
9251 840
5681 841
5635 842
10798 843
4794 844
6323 845
7619 846
3846 847
8545 848
12681 849
9299 850
14367 851
12232 852
653 853
10534 854
4270 855
10868 856
12025 857
8025 858
1479 859
1645 860
8803 861
11334 862
369 863
8361 864
5792 865
8677 866
8568 867
14807 868
6027 869
11913 870
3814 871
11085 872
5446 873
5091 874
6022 875
4981 876
12220 877
11408 878
10772 879
11541 880
1620 881
1420 882
12848 883
1094 884
12823 885
5171 886
5520 887
12419 888
1279 889
4957 890
206 891
1659 892
3151 893
5226 894
6913 895
4386 896
14326 897
3791 898
11010 899
11944 900
11154 901
9138 902
7762 903
1538 904
12292 905
643 906
1786 907
48 908
5160 909
46 910
1745 911
4967 912
6900 913
526 914
2635 915
8561 916
14502 917
251 918
4419 919
3563 920
7198 921
13767 922
1485 923
1997 924
3180 925
2461 926
11791 927
5061 928
5508 929
6818 930
760 931
11309 932
8925 933
11261 934
12915 935
3187 936
1842 937
7387 938
3357 939
5088 940
6390 941
4061 942
13660 943
1920 944
7616 945
5251 946
2929 947
11274 948
6014 949
7102 950
530 951
9740 952
2518 953
6358 954
5121 955
12006 956
8789 957
8014 958
6656 959
10275 960
3845 961
8273 962
14814 963
7200 964
2032 965
6771 966
10487 967
6682 968
5343 969
9594 970
12483 971
11808 972
8426 973
2324 974
7181 975
1903 976
8167 977
3389 978
5066 979
13206 980
9875 981
7285 982
10878 983
6855 984
472 985
2668 986
2024 987
8036 988
8536 989
5824 990
13373 991
8381 992
2492 993
13738 994
14513 995
11104 996
3637 997
4361 998
11683 999
11800 1000
9364 1001
2812 1002
5858 1003
8331 1004
2015 1005
2115 1006
4140 1007
3134 1008
3488 1009
14102 1010
11903 1011
1330 1012
7667 1013
5811 1014
14652 1015
9777 1016
10537 1017
12851 1018
6467 1019
9858 1020
5924 1021
4616 1022
12821 1023
1436 1024
14167 1025
4972 1026
1628 1027
12176 1028
6636 1029
9569 1030
12027 1031
2331 1032
1383 1033
14224 1034
6814 1035
1754 1036
1724 1037
1636 1038
5181 1039
7973 1040
7275 1041
14701 1042
13838 1043
3275 1044
2039 1045
14555 1046
10024 1047
7749 1048
10854 1049
6209 1050
7262 1051
5291 1052
8545 1053
6079 1054
13325 1055
801 1056
5810 1057
7071 1058
7187 1059
5789 1060
3140 1061
5537 1062
4385 1063
2531 1064
2806 1065
7589 1066
11620 1067
895 1068
2281 1069
2257 1070
12635 1071
2684 1072
10146 1073
5103 1074
10777 1075
12188 1076
6968 1077
6098 1078
1583 1079
7488 1080
14996 1081
3784 1082
9779 1083
9866 1084
11191 1085
8358 1086
9114 1087
4511 1088
978 1089
5735 1090
5890 1091
2680 1092
11591 1093
2115 1094
1875 1095
1488 1096
1614 1097
5054 1098
11044 1099
11359 1100
7747 1101
4553 1102
10205 1103
7137 1104
9774 1105
5687 1106
9255 1107
3407 1108
9709 1109
13591 1110
3079 1111
5415 1112
5390 1113
2108 1114
4947 1115
2985 1116
14540 1117
13443 1118
10894 1119
2256 1120
7625 1121
8576 1122
13324 1123
647 1124
3900 1125
9023 1126
2968 1127
10188 1128
14420 1129
9034 1130
5838 1131
4216 1132
3881 1133
7442 1134
13006 1135
510 1136
1154 1137
8801 1138
4645 1139
14479 1140
7702 1141
190 1142
8176 1143
945 1144
4253 1145
6411 1146
11116 1147
4981 1148
11024 1149
12248 1150
6176 1151
8041 1152
1044 1153
10429 1154
11240 1155
13856 1156
10962 1157
13628 1158
8233 1159
10107 1160
9514 1161
9883 1162
11883 1163
11706 1164
5729 1165
12923 1166
4371 1167
1638 1168
2209 1169
8909 1170
8461 1171
11052 1172
14913 1173
9781 1174
5856 1175
10434 1176
11331 1177
7988 1178
9712 1179
5774 1180
13732 1181
5944 1182
9737 1183
4240 1184
13195 1185
1795 1186
4251 1187
14883 1188
11128 1189
4044 1190
12373 1191
6214 1192
8283 1193
1310 1194
7524 1195
4387 1196
4014 1197
8067 1198
5770 1199
13200 1200
1350 1201
4445 1202
3782 1203
3828 1204
1694 1205
14497 1206
3725 1207
14976 1208
14858 1209
1878 1210
11925 1211
4253 1212
11079 1213
5418 1214
12235 1215
713 1216
8032 1217
3813 1218
6210 1219
12121 1220
1357 1221
6737 1222
10191 1223
4369 1224
8530 1225
6919 1226
11190 1227
10831 1228
5045 1229
12363 1230
6572 1231
8999 1232
7363 1233
6993 1234
4206 1235
6809 1236
3004 1237
2568 1238
4338 1239
10917 1240
104 1241
4100 1242
3969 1243
13358 1244
7421 1245
2441 1246
10669 1247
5463 1248
13644 1249
9295 1250
14889 1251
5239 1252
13685 1253
10303 1254
13794 1255
11009 1256
10610 1257
12498 1258
11397 1259
3172 1260
9887 1261
1078 1262
2054 1263
12826 1264
10556 1265
9713 1266
7574 1267
9084 1268
6293 1269
1415 1270
8016 1271
3370 1272
11108 1273
8230 1274
13246 1275
13387 1276
3879 1277
7793 1278
591 1279
8855 1280
13536 1281
11425 1282
9796 1283
1071 1284
5969 1285
13151 1286
1748 1287
14724 1288
11684 1289
9512 1290
11728 1291
8051 1292
5643 1293
13954 1294
5880 1295
6863 1296
1764 1297
8691 1298
12605 1299
14226 1300
6777 1301
1685 1302
9183 1303
6811 1304
7803 1305
9633 1306
1996 1307
12198 1308
9898 1309
1351 1310
11579 1311
11867 1312
10560 1313
7875 1314
10661 1315
5958 1316
12817 1317
10487 1318
12675 1319
10552 1320
3360 1321
1020 1322
6373 1323
1786 1324
14074 1325
11711 1326
6734 1327
12872 1328
809 1329
6290 1330
11380 1331
744 1332
14905 1333
14721 1334
933 1335
12984 1336
3519 1337
7875 1338
14890 1339
14462 1340
7518 1341
5043 1342
6504 1343
3090 1344
434 1345
4698 1346
1122 1347
1549 1348
10976 1349
13139 1350
7437 1351
9626 1352
2871 1353
5317 1354
10735 1355
6103 1356
14916 1357
5487 1358
1522 1359
12936 1360
9668 1361
3634 1362
7826 1363
13159 1364
9120 1365
1269 1366
6562 1367
5317 1368
3608 1369
13285 1370
10627 1371
2075 1372
6010 1373
4912 1374
1166 1375
14669 1376
7005 1377
14487 1378
13468 1379
234 1380
4328 1381
9938 1382
154 1383
11079 1384
10439 1385
13860 1386
222 1387
2971 1388
2249 1389
10527 1390
12659 1391
13311 1392
2676 1393
9120 1394
1737 1395
13732 1396
4022 1397
4335 1398
6494 1399
716 1400
4387 1401
7762 1402
653 1403
8019 1404
3519 1405
11635 1406
2991 1407
752 1408
6072 1409
13517 1410
11166 1411
10794 1412
3812 1413
13631 1414
2553 1415
10019 1416
9858 1417
5489 1418
4635 1419
9348 1420
10091 1421
3417 1422
6744 1423
771 1424
789 1425
3540 1426
2741 1427
3785 1428
11617 1429
14663 1430
8473 1431
11832 1432
9519 1433
11096 1434
3201 1435
2286 1436
10627 1437
5294 1438
6685 1439
13831 1440
4800 1441
4985 1442
2164 1443
7980 1444
9492 1445
9877 1446
12484 1447
13279 1448
59 1449
3728 1450
912 1451
8022 1452
8288 1453
14812 1454
762 1455
13577 1456
13985 1457
9162 1458
14494 1459
12468 1460
3140 1461
13300 1462
13729 1463
3225 1464
6440 1465
7298 1466
13965 1467
13675 1468
7045 1469
2189 1470
9334 1471
13714 1472
13836 1473
7015 1474
4799 1475
12103 1476
6122 1477
4652 1478
4617 1479
3028 1480
14431 1481
9499 1482
8531 1483
1838 1484
14615 1485
7251 1486
9641 1487
2936 1488
4482 1489
7529 1490
1032 1491
14277 1492
4645 1493
2102 1494
6686 1495
9236 1496
9447 1497
14101 1498
893 1499
