150 1650
721 0
1340 1
45 2
279 3
468 4
1065 5
742 6
379 7
1136 8
1007 9
951 10
595 11
1426 12
553 13
161 14
219 15
278 16
753 17
1312 18
825 19
1437 20
204 21
227 22
168 23
783 24
967 25
1399 26
160 27
426 28
1269 29
402 30
495 31
254 32
497 33
119 34
947 35
1117 36
244 37
1392 38
95 39
1273 40
134 41
776 42
608 43
1159 44
533 45
774 46
496 47
1300 48
651 49
737 50
875 51
332 52
872 53
1073 54
911 55
873 56
633 57
136 58
633 59
286 60
1295 61
1341 62
37 63
884 64
1414 65
777 66
688 67
437 68
1423 69
578 70
679 71
872 72
445 73
275 74
122 75
1429 76
253 77
271 78
461 79
1150 80
583 81
937 82
362 83
513 84
664 85
164 86
78 87
816 88
884 89
797 90
1410 91
19 92
241 93
962 94
204 95
901 96
1218 97
790 98
1109 99
863 100
583 101
1403 102
83 103
1471 104
1344 105
1160 106
1021 107
279 108
1051 109
1369 110
318 111
779 112
627 113
289 114
815 115
467 116
1352 117
1236 118
480 119
1156 120
1084 121
1399 122
518 123
413 124
1281 125
1136 126
228 127
653 128
931 129
428 130
588 131
1175 132
752 133
823 134
1099 135
6 136
714 137
795 138
38 139
879 140
1191 141
210 142
596 143
1231 144
358 145
126 146
1010 147
895 148
1026 149
