1150 650
10481 0
7955 1
6516 2
9827 3
717 4
1678 5
9664 6
5792 7
6530 8
7994 9
1975 10
5137 11
2782 12
9783 13
5308 14
10687 15
5203 16
10869 17
1186 18
6828 19
5761 20
4297 21
169 22
6577 23
7917 24
4461 25
2617 26
9104 27
6201 28
1764 29
10 30
10664 31
384 32
2912 33
8617 34
5495 35
9188 36
3373 37
6627 38
9704 39
9777 40
11205 41
10578 42
3051 43
8755 44
5441 45
2756 46
3938 47
4102 48
4849 49
10389 50
3022 51
2130 52
4293 53
2899 54
10801 55
4474 56
11263 57
4931 58
2207 59
2640 60
4759 61
6504 62
3072 63
5490 64
10642 65
1271 66
4592 67
6310 68
9335 69
1490 70
2173 71
6519 72
10205 73
2602 74
80 75
10141 76
10279 77
4665 78
2445 79
3008 80
10655 81
1539 82
10454 83
7686 84
5365 85
5445 86
1578 87
9028 88
7187 89
8279 90
4009 91
11139 92
6314 93
522 94
11207 95
10718 96
11233 97
9624 98
2886 99
5439 100
10702 101
8764 102
6474 103
3461 104
3391 105
7954 106
7984 107
10258 108
10852 109
9140 110
5225 111
11043 112
7349 113
2435 114
10301 115
7491 116
3457 117
4616 118
1252 119
9153 120
7782 121
4572 122
2170 123
8367 124
3502 125
9903 126
7556 127
4204 128
1218 129
3382 130
8658 131
8478 132
7630 133
7488 134
9225 135
8955 136
9208 137
1547 138
4469 139
3268 140
878 141
3343 142
10002 143
4142 144
5923 145
8444 146
4620 147
136 148
4735 149
9143 150
1543 151
5003 152
6324 153
3837 154
9687 155
1953 156
4901 157
10820 158
6566 159
8588 160
10615 161
4994 162
5941 163
3997 164
3156 165
7734 166
2122 167
2081 168
7106 169
1695 170
7942 171
6526 172
5115 173
1877 174
10076 175
8326 176
10068 177
5211 178
823 179
9332 180
8986 181
3673 182
2329 183
8409 184
10302 185
6632 186
924 187
2803 188
2836 189
4485 190
6152 191
6478 192
5927 193
2621 194
10204 195
5115 196
9866 197
6993 198
9247 199
4614 200
3603 201
10308 202
9187 203
8005 204
181 205
1393 206
9887 207
8380 208
6848 209
9058 210
525 211
7297 212
8981 213
3312 214
4149 215
6091 216
10138 217
7827 218
9966 219
2839 220
6352 221
2980 222
7667 223
9072 224
1100 225
1108 226
8948 227
10678 228
9956 229
5601 230
11339 231
10099 232
5612 233
7644 234
6407 235
10915 236
11326 237
9633 238
138 239
4495 240
4024 241
6453 242
6683 243
9123 244
9316 245
2474 246
478 247
7589 248
11302 249
4446 250
3467 251
728 252
5828 253
9794 254
7477 255
10009 256
4581 257
212 258
10499 259
6574 260
11130 261
4781 262
2336 263
2523 264
3203 265
2820 266
2036 267
6191 268
183 269
6892 270
2209 271
11496 272
10611 273
536 274
1585 275
10697 276
1353 277
7410 278
3547 279
3750 280
3046 281
1631 282
4918 283
822 284
6179 285
47 286
6507 287
618 288
10100 289
6826 290
3692 291
9134 292
5260 293
6307 294
7347 295
9160 296
189 297
8624 298
7878 299
1619 300
6100 301
8575 302
5826 303
217 304
10572 305
5389 306
8231 307
4879 308
9742 309
9667 310
2294 311
3974 312
3986 313
7107 314
11119 315
2327 316
10847 317
11087 318
4304 319
6403 320
4007 321
2914 322
2441 323
6891 324
6294 325
8208 326
10280 327
3850 328
2288 329
11192 330
2592 331
2038 332
5218 333
5679 334
7616 335
9050 336
8481 337
2604 338
8628 339
1209 340
10533 341
10947 342
4640 343
4159 344
9505 345
2694 346
9397 347
3771 348
860 349
5159 350
4431 351
2684 352
3829 353
5120 354
10931 355
1814 356
7055 357
9590 358
8652 359
7063 360
11100 361
5796 362
8217 363
10248 364
9090 365
11363 366
4188 367
1358 368
7442 369
358 370
3472 371
6818 372
7636 373
4490 374
3228 375
8987 376
7342 377
5405 378
9793 379
60 380
8613 381
3786 382
6953 383
5036 384
5065 385
1753 386
5317 387
7772 388
9166 389
8326 390
4033 391
3801 392
51 393
1308 394
3156 395
472 396
7297 397
5729 398
285 399
6639 400
121 401
5084 402
9598 403
5458 404
5711 405
11050 406
2825 407
854 408
10824 409
8911 410
1008 411
7582 412
4061 413
6484 414
3960 415
6011 416
5570 417
8160 418
4202 419
8932 420
10183 421
487 422
10245 423
1447 424
6820 425
3640 426
10513 427
272 428
4550 429
5547 430
10434 431
8898 432
8173 433
4381 434
7828 435
7520 436
7092 437
2880 438
9160 439
5246 440
3331 441
3884 442
9679 443
1441 444
9554 445
10986 446
2344 447
4275 448
245 449
5616 450
2246 451
125 452
9822 453
9829 454
3359 455
8157 456
4454 457
4851 458
5107 459
6402 460
7517 461
1261 462
6688 463
1999 464
4628 465
371 466
10473 467
8361 468
3309 469
3191 470
10498 471
7075 472
8895 473
2976 474
1744 475
11302 476
8575 477
9298 478
1090 479
3006 480
6832 481
6340 482
10066 483
3689 484
2368 485
7540 486
9493 487
995 488
6463 489
5320 490
7832 491
7183 492
11295 493
8142 494
2538 495
9516 496
1901 497
7686 498
516 499
6480 500
1012 501
1043 502
4539 503
508 504
2143 505
5713 506
11083 507
10069 508
5673 509
4407 510
11499 511
40 512
10462 513
1413 514
6016 515
3328 516
9411 517
548 518
1668 519
4113 520
1164 521
5720 522
10984 523
7039 524
3837 525
3037 526
7879 527
9434 528
2755 529
2770 530
7308 531
5021 532
516 533
11263 534
9445 535
11165 536
4369 537
10120 538
9118 539
5411 540
2837 541
8774 542
1859 543
6679 544
549 545
10445 546
10030 547
7454 548
8450 549
4229 550
10429 551
9071 552
3945 553
5772 554
10263 555
9747 556
9115 557
47 558
10733 559
10555 560
10281 561
10319 562
196 563
6883 564
8666 565
4296 566
7970 567
4774 568
7684 569
1116 570
6278 571
942 572
2819 573
8387 574
832 575
4902 576
676 577
1835 578
3402 579
9631 580
10654 581
9126 582
5819 583
9135 584
9277 585
10727 586
7936 587
10035 588
3590 589
11204 590
2554 591
103 592
11374 593
3872 594
4296 595
10934 596
5511 597
2779 598
7435 599
7488 600
3023 601
5879 602
2870 603
2923 604
107 605
1893 606
3697 607
7004 608
7359 609
8008 610
10937 611
10063 612
4361 613
5933 614
9403 615
1972 616
3375 617
1669 618
7119 619
1475 620
4438 621
3405 622
11099 623
4754 624
5749 625
8609 626
5921 627
2204 628
7501 629
1946 630
11200 631
10110 632
4681 633
2989 634
6149 635
6911 636
10001 637
4789 638
3777 639
6140 640
7656 641
8215 642
7075 643
8831 644
4186 645
9092 646
172 647
2631 648
1191 649
10854 650
6084 651
9898 652
2416 653
6270 654
7282 655
3845 656
4714 657
9786 658
6591 659
5828 660
230 661
10759 662
11177 663
10102 664
5637 665
7771 666
9154 667
4709 668
1423 669
8825 670
1358 671
3296 672
595 673
4361 674
8274 675
711 676
6667 677
2093 678
7462 679
2199 680
3242 681
5671 682
9841 683
5719 684
7170 685
5296 686
10552 687
4108 688
4788 689
99 690
1030 691
2466 692
5773 693
8761 694
5450 695
2784 696
8151 697
239 698
1143 699
2231 700
4173 701
5494 702
10042 703
7334 704
4687 705
4656 706
3007 707
5476 708
8581 709
6719 710
4071 711
9455 712
8561 713
3992 714
9119 715
8692 716
3993 717
7907 718
4789 719
2879 720
9713 721
3624 722
4988 723
862 724
1509 725
7940 726
2438 727
3300 728
7415 729
6092 730
8060 731
1674 732
931 733
6711 734
2050 735
1496 736
2064 737
1964 738
878 739
3842 740
10625 741
6933 742
5565 743
10252 744
10859 745
259 746
7800 747
2797 748
299 749
3184 750
2262 751
7074 752
7927 753
10539 754
6449 755
6221 756
480 757
4294 758
5010 759
10243 760
2516 761
3838 762
2242 763
6852 764
573 765
1513 766
9334 767
5363 768
1321 769
2726 770
2022 771
2305 772
11417 773
4001 774
10428 775
3278 776
2473 777
2962 778
8203 779
2216 780
4531 781
7570 782
7527 783
7690 784
3145 785
690 786
6054 787
8344 788
4270 789
273 790
9733 791
5517 792
942 793
9680 794
10477 795
7337 796
27 797
1758 798
5461 799
4024 800
1565 801
4866 802
7275 803
2465 804
6843 805
5579 806
9212 807
1079 808
10560 809
6151 810
720 811
2884 812
10817 813
7850 814
4224 815
6270 816
11085 817
4107 818
8563 819
1657 820
118 821
5149 822
11349 823
3317 824
1587 825
357 826
5878 827
2080 828
1512 829
3241 830
340 831
3520 832
7413 833
1269 834
4314 835
7581 836
1488 837
2281 838
7090 839
9083 840
10420 841
8851 842
7179 843
1484 844
3922 845
9786 846
7318 847
7815 848
3414 849
2565 850
4606 851
4636 852
6976 853
556 854
5183 855
5523 856
7449 857
8564 858
1820 859
11049 860
4947 861
10117 862
7029 863
2424 864
5822 865
3717 866
5439 867
7215 868
10089 869
8978 870
10164 871
10952 872
112 873
11302 874
7159 875
3901 876
6422 877
5510 878
268 879
10095 880
9475 881
5089 882
7759 883
7012 884
1277 885
6414 886
6100 887
1600 888
3139 889
10785 890
7691 891
7764 892
7288 893
6451 894
5906 895
7575 896
289 897
5398 898
3779 899
465 900
2050 901
8018 902
10583 903
5308 904
7085 905
6634 906
504 907
7769 908
1530 909
5772 910
10443 911
5127 912
7429 913
6082 914
11209 915
8413 916
4823 917
7175 918
10686 919
8117 920
7171 921
366 922
3722 923
7372 924
2595 925
7716 926
116 927
1920 928
8244 929
10602 930
1532 931
10295 932
9888 933
3685 934
11175 935
8238 936
8216 937
5298 938
4102 939
2676 940
8932 941
7384 942
6471 943
4739 944
6029 945
8296 946
10480 947
8537 948
4857 949
2929 950
2870 951
2462 952
6885 953
3164 954
10699 955
680 956
6753 957
10322 958
4802 959
6717 960
3884 961
4659 962
713 963
580 964
1784 965
3497 966
5978 967
2431 968
3054 969
9033 970
1641 971
2846 972
768 973
8273 974
7454 975
4139 976
211 977
2000 978
6584 979
4772 980
11488 981
10841 982
2455 983
2949 984
11167 985
11416 986
11330 987
1557 988
3837 989
2233 990
1446 991
8023 992
6037 993
5251 994
4045 995
4610 996
2649 997
2047 998
5344 999
4370 1000
7875 1001
8406 1002
7095 1003
7604 1004
4217 1005
5337 1006
10190 1007
8049 1008
7617 1009
11119 1010
3746 1011
916 1012
7265 1013
9673 1014
2552 1015
6002 1016
3085 1017
8829 1018
3219 1019
10951 1020
1941 1021
3839 1022
826 1023
8605 1024
2263 1025
3829 1026
8082 1027
1255 1028
7733 1029
7972 1030
6605 1031
4999 1032
7038 1033
9515 1034
2606 1035
9832 1036
8576 1037
5201 1038
5465 1039
3277 1040
1117 1041
8932 1042
9028 1043
343 1044
9474 1045
6403 1046
3204 1047
1705 1048
5515 1049
1667 1050
10731 1051
8913 1052
10871 1053
2538 1054
5209 1055
645 1056
1548 1057
6800 1058
786 1059
2089 1060
6118 1061
7257 1062
10227 1063
2076 1064
542 1065
10216 1066
3370 1067
5151 1068
4759 1069
520 1070
3512 1071
4225 1072
10898 1073
5875 1074
10575 1075
4227 1076
9514 1077
8293 1078
2052 1079
10442 1080
4592 1081
6018 1082
9149 1083
2758 1084
10291 1085
10030 1086
4466 1087
2787 1088
280 1089
7106 1090
8806 1091
3555 1092
2902 1093
4001 1094
4431 1095
11282 1096
2991 1097
2970 1098
1133 1099
10977 1100
4905 1101
4406 1102
6657 1103
2400 1104
1429 1105
4204 1106
9504 1107
2397 1108
4578 1109
11437 1110
7838 1111
1642 1112
3453 1113
7518 1114
998 1115
7929 1116
8434 1117
2917 1118
7159 1119
3060 1120
4299 1121
7243 1122
5240 1123
5793 1124
3465 1125
6768 1126
10112 1127
6964 1128
4984 1129
10775 1130
7048 1131
5289 1132
2545 1133
309 1134
5057 1135
5126 1136
1150 1137
456 1138
2822 1139
6521 1140
5725 1141
2766 1142
9833 1143
894 1144
1851 1145
2105 1146
8139 1147
11368 1148
5485 1149
