1350 550
12966 0
1597 1
8753 2
10338 3
29 4
3014 5
12558 6
5529 7
10566 8
13151 9
8299 10
13355 11
6989 12
11352 13
13314 14
1189 15
10213 16
2757 17
836 18
11653 19
1928 20
2860 21
8515 22
5407 23
6954 24
503 25
4771 26
3434 27
5665 28
10308 29
3076 30
5720 31
6237 32
13416 33
3818 34
3539 35
8046 36
9146 37
13491 38
4092 39
1439 40
6418 41
9629 42
781 43
11830 44
12262 45
4764 46
10496 47
8578 48
9618 49
10404 50
7595 51
10392 52
27 53
7264 54
7957 55
5186 56
9517 57
1181 58
6460 59
1886 60
12376 61
6645 62
4983 63
7348 64
4403 65
8899 66
5300 67
3339 68
13085 69
8423 70
3264 71
11422 72
1639 73
11632 74
3300 75
4553 76
9950 77
9924 78
7804 79
9654 80
4577 81
1288 82
3942 83
24 84
7969 85
12385 86
6399 87
6345 88
13084 89
12758 90
157 91
9316 92
3901 93
12968 94
1241 95
51 96
7041 97
12211 98
317 99
8105 100
5242 101
3113 102
543 103
560 104
9391 105
7478 106
12400 107
12684 108
10364 109
2878 110
2200 111
12717 112
3628 113
4230 114
9065 115
6320 116
6927 117
1707 118
5170 119
9123 120
1907 121
4461 122
92 123
9879 124
5843 125
9664 126
10124 127
10709 128
9065 129
11975 130
4160 131
2385 132
12187 133
2931 134
11074 135
2451 136
9899 137
11836 138
7343 139
3138 140
12265 141
5666 142
9267 143
10566 144
3938 145
5896 146
10146 147
7442 148
1307 149
9476 150
11259 151
11944 152
8065 153
7754 154
5026 155
1492 156
3712 157
2467 158
13274 159
10678 160
11338 161
3932 162
6738 163
3477 164
13156 165
1791 166
11953 167
1841 168
11935 169
11225 170
743 171
2374 172
10756 173
3830 174
8 175
1063 176
12755 177
862 178
1055 179
10076 180
9192 181
9726 182
7979 183
10290 184
6480 185
919 186
3678 187
9384 188
9127 189
3624 190
666 191
5225 192
9296 193
8845 194
11565 195
1542 196
10066 197
4649 198
4990 199
11417 200
4699 201
4377 202
7870 203
748 204
11907 205
3262 206
8084 207
9314 208
2185 209
12296 210
1951 211
12266 212
1116 213
3777 214
9991 215
5062 216
2233 217
6376 218
6502 219
6092 220
11873 221
9324 222
8601 223
9000 224
6756 225
6221 226
9934 227
2697 228
2171 229
4290 230
12067 231
5345 232
5399 233
3126 234
3638 235
1770 236
9935 237
4834 238
10537 239
9005 240
3418 241
4467 242
1751 243
11247 244
1879 245
10592 246
9707 247
9383 248
13100 249
2814 250
1138 251
12783 252
514 253
2417 254
2829 255
5788 256
10299 257
2041 258
12315 259
4114 260
4014 261
13148 262
11243 263
7210 264
8281 265
3254 266
2806 267
6169 268
3243 269
12711 270
13136 271
11256 272
10594 273
9115 274
10930 275
9642 276
2590 277
6077 278
151 279
12756 280
9709 281
12325 282
10799 283
463 284
5908 285
1744 286
1167 287
9904 288
4968 289
2600 290
4241 291
11116 292
3451 293
456 294
11330 295
738 296
1053 297
3130 298
7549 299
1871 300
1837 301
7616 302
263 303
5483 304
4470 305
5437 306
3599 307
3630 308
2444 309
7393 310
4068 311
6222 312
7264 313
7140 314
7684 315
1735 316
2586 317
5297 318
1487 319
8735 320
10583 321
4720 322
4407 323
12698 324
219 325
6455 326
467 327
11701 328
3021 329
12474 330
7285 331
13118 332
6050 333
5925 334
11269 335
6064 336
7295 337
1774 338
11028 339
6608 340
12122 341
4360 342
7414 343
1759 344
1177 345
5245 346
7382 347
4651 348
10298 349
268 350
11231 351
9313 352
11253 353
2611 354
6120 355
7596 356
6258 357
9656 358
11083 359
7481 360
889 361
8655 362
1435 363
12656 364
5148 365
3135 366
4451 367
9595 368
7893 369
48 370
5496 371
3393 372
8115 373
3492 374
6215 375
2921 376
9361 377
5166 378
13001 379
2338 380
8538 381
1627 382
4035 383
12926 384
420 385
13158 386
6266 387
2555 388
2453 389
2622 390
11548 391
4201 392
5195 393
10099 394
6429 395
12914 396
11723 397
8278 398
3217 399
11784 400
12130 401
8274 402
5923 403
10704 404
12188 405
8862 406
4149 407
10289 408
11872 409
13164 410
7625 411
939 412
9224 413
637 414
12113 415
4354 416
2159 417
9184 418
11561 419
3545 420
11138 421
2276 422
2972 423
7842 424
6319 425
6865 426
2765 427
10550 428
6969 429
364 430
6686 431
1720 432
5235 433
2942 434
10471 435
11465 436
5276 437
6348 438
2694 439
12928 440
7601 441
13222 442
9540 443
9939 444
11813 445
8863 446
11053 447
870 448
11379 449
1833 450
10712 451
10817 452
5340 453
2290 454
3350 455
6520 456
890 457
11062 458
6054 459
2379 460
3356 461
10969 462
5292 463
10720 464
9037 465
11266 466
6577 467
6093 468
11594 469
8523 470
3476 471
5925 472
2497 473
4404 474
10493 475
5618 476
468 477
6993 478
12287 479
2399 480
10432 481
9819 482
7379 483
1051 484
8970 485
12535 486
13437 487
8815 488
5004 489
4261 490
139 491
5885 492
6172 493
480 494
9291 495
6447 496
10803 497
2181 498
4151 499
575 500
4593 501
11721 502
13479 503
11120 504
7644 505
11697 506
11605 507
6997 508
2044 509
2295 510
4483 511
11327 512
8079 513
6547 514
7659 515
5464 516
5464 517
9453 518
11114 519
474 520
900 521
5551 522
6630 523
7633 524
4120 525
2228 526
3716 527
12479 528
5907 529
7525 530
12433 531
7965 532
4291 533
13011 534
6974 535
12139 536
10561 537
3229 538
11505 539
11976 540
2353 541
6073 542
11802 543
13056 544
2022 545
11933 546
11174 547
6311 548
13147 549
1765 550
8016 551
11119 552
5546 553
8584 554
8033 555
7609 556
4424 557
7298 558
10591 559
10200 560
439 561
11145 562
9223 563
2249 564
8274 565
9611 566
7801 567
4573 568
11474 569
13358 570
7657 571
12972 572
8459 573
13175 574
9628 575
7727 576
1653 577
9770 578
336 579
1545 580
12280 581
2443 582
3926 583
9065 584
10254 585
9989 586
11625 587
908 588
1832 589
8105 590
10612 591
11566 592
1236 593
692 594
12934 595
1192 596
4253 597
7182 598
11703 599
11002 600
8549 601
4212 602
12830 603
7733 604
4786 605
2021 606
1529 607
78 608
11078 609
11196 610
9395 611
9141 612
355 613
45 614
1564 615
475 616
13052 617
50 618
11414 619
5939 620
4061 621
9409 622
12313 623
9471 624
10344 625
5743 626
6831 627
3924 628
6784 629
6432 630
8780 631
8428 632
2880 633
694 634
6107 635
9158 636
8004 637
10895 638
11710 639
1496 640
814 641
9992 642
10287 643
7559 644
3250 645
5685 646
6970 647
3179 648
1848 649
12588 650
2287 651
8568 652
6134 653
935 654
12009 655
6479 656
11167 657
10575 658
8563 659
6836 660
9238 661
10661 662
5309 663
3134 664
2914 665
6640 666
6396 667
9347 668
6859 669
1687 670
3496 671
3762 672
3980 673
2067 674
5648 675
703 676
9025 677
6646 678
10180 679
4332 680
12739 681
6757 682
13294 683
6201 684
4790 685
12864 686
4847 687
10750 688
12657 689
6678 690
8311 691
11042 692
8061 693
1762 694
9913 695
1988 696
422 697
11806 698
11977 699
1328 700
1648 701
9771 702
3222 703
13171 704
4474 705
2933 706
10755 707
7504 708
1613 709
8417 710
964 711
11021 712
11031 713
3285 714
13043 715
1498 716
5474 717
991 718
7786 719
6967 720
11896 721
1258 722
3509 723
7975 724
4224 725
5210 726
7057 727
6744 728
9180 729
11291 730
5724 731
1548 732
5598 733
3484 734
7567 735
786 736
5533 737
12698 738
11897 739
11002 740
3701 741
2731 742
11202 743
1450 744
6794 745
8918 746
12056 747
8481 748
10503 749
12795 750
1584 751
2707 752
2418 753
5047 754
717 755
7509 756
2079 757
11114 758
13470 759
1885 760
4840 761
12829 762
9661 763
7858 764
3788 765
4425 766
11643 767
12011 768
7039 769
4732 770
2385 771
8732 772
6660 773
9169 774
1290 775
4472 776
4902 777
9394 778
12499 779
7344 780
699 781
1758 782
8492 783
7288 784
3246 785
12509 786
6152 787
11453 788
7061 789
10545 790
263 791
4064 792
2501 793
9838 794
294 795
12047 796
9115 797
7719 798
7971 799
722 800
866 801
7722 802
1385 803
6752 804
10784 805
1342 806
7736 807
680 808
3459 809
3103 810
6296 811
7487 812
10612 813
9747 814
1706 815
11398 816
6781 817
4667 818
10503 819
9914 820
5165 821
5457 822
12453 823
10164 824
2934 825
171 826
11849 827
6809 828
11364 829
12657 830
10928 831
9023 832
333 833
11937 834
1655 835
6568 836
2845 837
9379 838
9712 839
2013 840
984 841
5563 842
6525 843
13070 844
4073 845
10978 846
8943 847
9005 848
9767 849
850 850
11827 851
7173 852
8389 853
2006 854
3154 855
1033 856
276 857
12251 858
10472 859
8922 860
7800 861
2815 862
12702 863
10462 864
3195 865
1836 866
11150 867
8508 868
9989 869
3864 870
5710 871
12823 872
11433 873
462 874
130 875
11038 876
2400 877
1829 878
7429 879
1045 880
2560 881
987 882
13411 883
56 884
5476 885
5394 886
4734 887
115 888
10887 889
4896 890
4194 891
7253 892
4197 893
9313 894
3507 895
13022 896
1555 897
880 898
6225 899
9860 900
7874 901
10719 902
7041 903
9840 904
3014 905
11708 906
1313 907
1120 908
2829 909
2256 910
9753 911
6628 912
491 913
12095 914
5025 915
6423 916
11885 917
11922 918
2345 919
2757 920
10055 921
9752 922
7511 923
5018 924
6191 925
11667 926
2605 927
5582 928
6959 929
11642 930
3943 931
4335 932
6103 933
10387 934
204 935
5776 936
4744 937
1728 938
9957 939
11245 940
6703 941
7470 942
825 943
9017 944
5484 945
6665 946
6809 947
5641 948
8200 949
3523 950
9544 951
4649 952
11565 953
5890 954
8382 955
11564 956
7274 957
12017 958
13087 959
3440 960
5291 961
8544 962
2049 963
386 964
4408 965
8741 966
6272 967
1616 968
9811 969
3322 970
12185 971
5332 972
2337 973
11206 974
4733 975
7165 976
4823 977
964 978
11951 979
7292 980
36 981
5664 982
4867 983
519 984
9470 985
675 986
7466 987
8077 988
1155 989
11729 990
8125 991
12306 992
652 993
7884 994
1100 995
4860 996
9358 997
3264 998
11391 999
11442 1000
1458 1001
4711 1002
1460 1003
8074 1004
764 1005
7123 1006
5291 1007
6905 1008
12564 1009
12912 1010
1344 1011
6121 1012
12423 1013
1542 1014
4268 1015
13180 1016
11868 1017
5761 1018
8299 1019
11099 1020
8050 1021
7961 1022
8702 1023
7517 1024
9126 1025
468 1026
3203 1027
5445 1028
7464 1029
5912 1030
8987 1031
11871 1032
12912 1033
8163 1034
12997 1035
9897 1036
3411 1037
12791 1038
1981 1039
1546 1040
11136 1041
3075 1042
10661 1043
11995 1044
5844 1045
7944 1046
2764 1047
4590 1048
10345 1049
10582 1050
6161 1051
11479 1052
2417 1053
12052 1054
11345 1055
8633 1056
4690 1057
819 1058
4816 1059
8591 1060
5159 1061
4861 1062
4681 1063
5605 1064
13324 1065
7531 1066
5753 1067
9164 1068
3512 1069
9429 1070
10278 1071
2656 1072
8556 1073
5401 1074
7009 1075
4396 1076
13348 1077
561 1078
4241 1079
9514 1080
193 1081
7056 1082
140 1083
4742 1084
12508 1085
8206 1086
4721 1087
10088 1088
10320 1089
10407 1090
6550 1091
2917 1092
842 1093
4165 1094
3007 1095
5759 1096
9005 1097
9221 1098
7532 1099
4191 1100
596 1101
3609 1102
3725 1103
7835 1104
10478 1105
365 1106
9035 1107
1019 1108
9232 1109
3257 1110
8773 1111
619 1112
3174 1113
12639 1114
6526 1115
3380 1116
8030 1117
11470 1118
8703 1119
7665 1120
8854 1121
12383 1122
12749 1123
2618 1124
2761 1125
5470 1126
7099 1127
12464 1128
6921 1129
311 1130
1689 1131
2213 1132
648 1133
1917 1134
656 1135
7741 1136
638 1137
1526 1138
9909 1139
7195 1140
9813 1141
9541 1142
8674 1143
9254 1144
9175 1145
12251 1146
4653 1147
12265 1148
1230 1149
12360 1150
13409 1151
12730 1152
11157 1153
959 1154
3218 1155
5395 1156
11048 1157
3603 1158
608 1159
10248 1160
100 1161
6847 1162
3301 1163
9829 1164
11406 1165
6606 1166
9604 1167
5313 1168
12968 1169
2383 1170
11583 1171
6634 1172
6194 1173
3725 1174
3892 1175
13161 1176
10753 1177
12836 1178
13298 1179
9965 1180
8194 1181
4893 1182
2591 1183
10149 1184
12253 1185
10465 1186
11817 1187
7937 1188
12789 1189
1427 1190
12838 1191
6726 1192
9458 1193
13216 1194
11559 1195
1671 1196
3632 1197
5596 1198
2004 1199
2403 1200
12707 1201
3175 1202
6969 1203
4855 1204
3307 1205
10816 1206
4795 1207
1657 1208
10753 1209
10240 1210
5410 1211
8050 1212
7830 1213
8825 1214
8748 1215
105 1216
5393 1217
2656 1218
8704 1219
917 1220
10609 1221
12089 1222
6072 1223
3375 1224
7612 1225
7253 1226
5559 1227
9486 1228
7374 1229
2880 1230
9860 1231
4588 1232
11660 1233
7539 1234
8515 1235
4940 1236
7935 1237
8681 1238
7977 1239
431 1240
7386 1241
11089 1242
7729 1243
5837 1244
8697 1245
442 1246
11359 1247
5759 1248
2134 1249
12774 1250
1852 1251
5107 1252
4607 1253
1767 1254
4527 1255
9732 1256
5431 1257
6534 1258
7389 1259
13097 1260
2987 1261
10959 1262
2900 1263
5805 1264
8111 1265
8342 1266
160 1267
1895 1268
7562 1269
295 1270
7033 1271
9821 1272
8642 1273
574 1274
7059 1275
10241 1276
809 1277
5883 1278
11977 1279
5759 1280
7927 1281
9053 1282
9965 1283
13284 1284
10206 1285
8053 1286
6749 1287
10224 1288
3612 1289
5395 1290
2759 1291
4330 1292
9596 1293
8345 1294
8224 1295
6242 1296
12860 1297
3128 1298
4047 1299
1718 1300
805 1301
5328 1302
11083 1303
7030 1304
5959 1305
3321 1306
2201 1307
1989 1308
11087 1309
10981 1310
2288 1311
13 1312
5133 1313
8857 1314
1080 1315
4701 1316
749 1317
11999 1318
12476 1319
60 1320
11056 1321
8129 1322
13168 1323
599 1324
6238 1325
2280 1326
2753 1327
8405 1328
3849 1329
3089 1330
11362 1331
7486 1332
3293 1333
3278 1334
12435 1335
4985 1336
9885 1337
5945 1338
3630 1339
7450 1340
1330 1341
3062 1342
3568 1343
5173 1344
10103 1345
7901 1346
2397 1347
2356 1348
12886 1349
