1000 800
6578 0
5478 1
3642 2
7045 3
8177 4
7771 5
6079 6
665 7
7282 8
7167 9
7496 10
3893 11
153 12
2315 13
2538 14
3807 15
9363 16
3326 17
3731 18
3909 19
5639 20
5443 21
1046 22
5043 23
9596 24
9909 25
6198 26
6745 27
323 28
5136 29
4148 30
2894 31
9384 32
8589 33
9419 34
36 35
4422 36
5870 37
6871 38
6990 39
3379 40
6264 41
6529 42
790 43
9194 44
4624 45
9182 46
740 47
3346 48
4490 49
5277 50
6871 51
4852 52
7071 53
5201 54
9749 55
1094 56
3173 57
4286 58
9456 59
738 60
3289 61
786 62
4663 63
5910 64
338 65
8702 66
1539 67
3482 68
2031 69
8946 70
4 71
8836 72
6551 73
7872 74
557 75
6798 76
5329 77
1793 78
3950 79
3510 80
3649 81
1980 82
5501 83
2569 84
6890 85
5272 86
6134 87
2584 88
2100 89
606 90
7501 91
2986 92
5081 93
1109 94
8150 95
2516 96
373 97
615 98
38 99
6576 100
5331 101
6701 102
2012 103
1391 104
7595 105
7907 106
3671 107
9549 108
8903 109
3824 110
9766 111
5885 112
6643 113
5030 114
3479 115
5939 116
9430 117
2663 118
5652 119
7739 120
2351 121
2534 122
8237 123
6860 124
6749 125
6802 126
7163 127
8387 128
1359 129
6011 130
8066 131
7326 132
2282 133
6141 134
7562 135
8134 136
2072 137
3300 138
8550 139
5694 140
4733 141
5860 142
5985 143
6319 144
2128 145
1534 146
7397 147
6183 148
9443 149
2110 150
9868 151
2836 152
9293 153
6250 154
7120 155
6358 156
9265 157
5851 158
3615 159
4201 160
4540 161
1895 162
4501 163
4741 164
4976 165
2690 166
661 167
7646 168
7374 169
3075 170
2811 171
2450 172
2405 173
1612 174
4284 175
5176 176
6288 177
887 178
7144 179
3654 180
7618 181
5531 182
321 183
7118 184
3323 185
7374 186
540 187
7232 188
1522 189
4637 190
4917 191
5497 192
2073 193
1963 194
8328 195
7917 196
5606 197
3391 198
1411 199
2083 200
8614 201
3487 202
3334 203
4120 204
2986 205
2300 206
1372 207
3465 208
8136 209
5516 210
6704 211
9834 212
5669 213
772 214
8741 215
8075 216
7789 217
8148 218
3125 219
4536 220
3869 221
3233 222
7022 223
9616 224
9417 225
1839 226
3649 227
6668 228
3802 229
1102 230
5472 231
8512 232
3395 233
5959 234
6239 235
2200 236
5548 237
7316 238
9412 239
3451 240
6896 241
3445 242
34 243
9738 244
4397 245
2730 246
1846 247
7546 248
3945 249
1427 250
8131 251
4467 252
784 253
468 254
7747 255
7478 256
6716 257
6634 258
2783 259
9481 260
9673 261
7326 262
1184 263
8937 264
3624 265
8052 266
6237 267
8712 268
1799 269
886 270
373 271
2714 272
4406 273
4866 274
3239 275
8894 276
853 277
2161 278
2462 279
6077 280
9675 281
5823 282
1552 283
1785 284
7151 285
2377 286
837 287
8736 288
5539 289
37 290
8315 291
6737 292
3426 293
24 294
2843 295
1647 296
4385 297
1021 298
5717 299
8157 300
6118 301
3107 302
4868 303
7648 304
7369 305
4902 306
2586 307
1126 308
315 309
1394 310
1719 311
5111 312
252 313
4936 314
1411 315
895 316
6062 317
4015 318
2327 319
6364 320
3031 321
8366 322
441 323
7763 324
8402 325
2944 326
380 327
8190 328
1599 329
9880 330
7513 331
4879 332
7173 333
2013 334
7029 335
7872 336
2799 337
4255 338
535 339
5952 340
966 341
1641 342
2516 343
3082 344
1749 345
8741 346
7731 347
5953 348
106 349
3420 350
5264 351
2192 352
3511 353
9270 354
7638 355
8899 356
6775 357
4556 358
6531 359
3002 360
7987 361
810 362
6360 363
1816 364
5375 365
1812 366
722 367
1724 368
209 369
8277 370
9533 371
5502 372
3384 373
5921 374
2692 375
2552 376
983 377
4355 378
8872 379
919 380
1574 381
1469 382
8722 383
2948 384
6615 385
8059 386
3819 387
4717 388
1627 389
9995 390
5108 391
8081 392
1253 393
6142 394
3374 395
6456 396
7468 397
7232 398
5320 399
7562 400
5880 401
6334 402
4435 403
3446 404
7681 405
3759 406
5636 407
5192 408
5118 409
9343 410
9623 411
6572 412
8229 413
7874 414
9853 415
2038 416
6375 417
176 418
713 419
4874 420
532 421
2408 422
9494 423
3873 424
9989 425
1611 426
133 427
6328 428
7875 429
2741 430
7212 431
5219 432
3002 433
3349 434
6957 435
8514 436
5370 437
1585 438
165 439
6696 440
8249 441
2841 442
7486 443
5941 444
6775 445
3566 446
9100 447
330 448
4222 449
7465 450
7368 451
8559 452
7837 453
9507 454
109 455
6963 456
4261 457
4435 458
5776 459
1928 460
962 461
6139 462
7241 463
779 464
5755 465
1140 466
4168 467
4200 468
2920 469
897 470
8844 471
1718 472
249 473
2813 474
5186 475
9074 476
3017 477
2426 478
5994 479
7466 480
1754 481
8903 482
6288 483
4883 484
5043 485
5431 486
8921 487
7862 488
881 489
1725 490
6346 491
681 492
2128 493
4624 494
7433 495
8726 496
6021 497
2548 498
9453 499
9166 500
6594 501
1693 502
7617 503
1840 504
812 505
1840 506
6054 507
1593 508
5045 509
512 510
1821 511
6621 512
3233 513
5947 514
9845 515
4526 516
1866 517
2293 518
8622 519
9003 520
7194 521
6409 522
1304 523
8134 524
2525 525
3398 526
2616 527
2566 528
7867 529
2329 530
6649 531
3699 532
944 533
9402 534
6647 535
6764 536
164 537
5898 538
8408 539
5695 540
5586 541
3001 542
9434 543
5826 544
4915 545
8808 546
1535 547
7996 548
2441 549
9431 550
7215 551
2245 552
561 553
2422 554
2269 555
9619 556
2000 557
3224 558
6894 559
6234 560
714 561
4873 562
9807 563
5856 564
6593 565
591 566
5825 567
4474 568
6861 569
4461 570
2617 571
9813 572
1437 573
4535 574
8626 575
5204 576
9996 577
8210 578
7664 579
6940 580
8221 581
3395 582
4395 583
4669 584
2964 585
7014 586
5888 587
6109 588
9990 589
7866 590
670 591
6815 592
5893 593
8073 594
8619 595
2926 596
3582 597
7498 598
5385 599
3684 600
9263 601
5428 602
6632 603
5295 604
386 605
5245 606
9424 607
3311 608
6682 609
4116 610
9388 611
2565 612
6038 613
8851 614
8537 615
1475 616
904 617
3645 618
1175 619
7452 620
6789 621
4210 622
3218 623
6021 624
128 625
7105 626
3319 627
5899 628
3894 629
9211 630
855 631
7737 632
3043 633
3449 634
5980 635
9169 636
2857 637
1627 638
9321 639
7855 640
6798 641
3414 642
112 643
5515 644
4146 645
989 646
5994 647
8748 648
9658 649
3926 650
1448 651
4877 652
4458 653
3926 654
9296 655
6598 656
7231 657
9008 658
8657 659
2675 660
2428 661
576 662
3621 663
5766 664
9120 665
460 666
2610 667
4533 668
4381 669
6556 670
8337 671
1247 672
1318 673
4869 674
3113 675
5666 676
6693 677
8258 678
8262 679
5533 680
7437 681
1134 682
5126 683
6660 684
9520 685
1211 686
7777 687
4423 688
1907 689
6157 690
3293 691
7079 692
1612 693
6309 694
521 695
9394 696
3489 697
5509 698
7766 699
1319 700
6110 701
118 702
117 703
587 704
9897 705
5324 706
5418 707
2004 708
62 709
7549 710
9094 711
9039 712
9788 713
2804 714
9953 715
3729 716
860 717
2334 718
1919 719
8962 720
7182 721
4945 722
9488 723
3428 724
965 725
5082 726
8644 727
930 728
7945 729
5502 730
2271 731
6854 732
6704 733
6467 734
5121 735
4413 736
3287 737
8700 738
9902 739
829 740
9904 741
5155 742
3071 743
862 744
5684 745
7595 746
5147 747
7497 748
5223 749
3719 750
2990 751
9307 752
9991 753
4595 754
2279 755
2737 756
5487 757
5576 758
2145 759
8792 760
2779 761
556 762
4757 763
3525 764
5300 765
2891 766
8676 767
3858 768
4576 769
610 770
9429 771
8437 772
9037 773
1401 774
9518 775
4649 776
3143 777
7698 778
3755 779
9397 780
4646 781
4717 782
2605 783
9050 784
5248 785
2726 786
5821 787
8047 788
2236 789
4409 790
8877 791
8694 792
9688 793
6383 794
7190 795
2266 796
2698 797
7451 798
3169 799
8714 800
284 801
2619 802
1117 803
2284 804
3030 805
1086 806
5626 807
4846 808
8785 809
2067 810
7482 811
8582 812
4195 813
483 814
5368 815
1902 816
8274 817
2759 818
8679 819
582 820
1205 821
8084 822
3444 823
1199 824
431 825
619 826
7989 827
5872 828
1013 829
6165 830
6 831
462 832
6325 833
2097 834
179 835
5931 836
8742 837
5618 838
8442 839
1531 840
1638 841
226 842
734 843
9878 844
4580 845
5023 846
8560 847
1223 848
6808 849
2004 850
9787 851
347 852
328 853
1183 854
7639 855
2367 856
9131 857
2125 858
2112 859
790 860
48 861
945 862
5637 863
9435 864
7643 865
785 866
301 867
6047 868
446 869
9102 870
3262 871
1186 872
4685 873
7677 874
7442 875
4773 876
9262 877
9976 878
9853 879
3284 880
7287 881
8459 882
4011 883
1535 884
6819 885
2133 886
9925 887
4410 888
9155 889
4561 890
2924 891
4017 892
1020 893
206 894
5802 895
7475 896
7371 897
8090 898
443 899
7530 900
7455 901
4649 902
755 903
8993 904
4291 905
5040 906
4726 907
6196 908
5221 909
7155 910
9131 911
3125 912
5551 913
9066 914
8997 915
2506 916
7658 917
1922 918
1191 919
975 920
6800 921
8243 922
1639 923
9568 924
3961 925
2766 926
384 927
6484 928
9241 929
467 930
7188 931
9491 932
2136 933
9511 934
1641 935
3530 936
2780 937
6378 938
3171 939
8932 940
4619 941
9779 942
9331 943
8934 944
6842 945
3816 946
4270 947
160 948
7901 949
3674 950
6488 951
3910 952
9193 953
1433 954
2730 955
1786 956
8877 957
8039 958
6354 959
1001 960
2222 961
749 962
3187 963
2344 964
2117 965
2615 966
6802 967
7853 968
9371 969
1973 970
8472 971
1710 972
4227 973
2383 974
1143 975
48 976
8559 977
5922 978
2385 979
7190 980
5148 981
703 982
555 983
6642 984
7395 985
8486 986
2016 987
3522 988
6908 989
6692 990
4832 991
7416 992
4491 993
1124 994
21 995
1617 996
9058 997
6777 998
4098 999
