1250 1150
4847 0
11107 1
11904 2
1562 3
10699 4
1466 5
11987 6
10114 7
9963 8
8723 9
10212 10
4753 11
9456 12
5533 13
10322 14
7979 15
2321 16
948 17
11956 18
566 19
4268 20
9466 21
10201 22
5822 23
10213 24
8348 25
11516 26
618 27
4646 28
5727 29
8121 30
7909 31
8646 32
1903 33
8140 34
12156 35
8864 36
2898 37
9772 38
2203 39
6151 40
803 41
415 42
2260 43
6231 44
9047 45
1164 46
1152 47
3339 48
1018 49
886 50
10180 51
2620 52
2537 53
7100 54
3020 55
1895 56
4514 57
1304 58
11684 59
4389 60
1428 61
6118 62
7819 63
9725 64
7597 65
229 66
11463 67
3495 68
11839 69
12491 70
12473 71
2761 72
18 73
9506 74
7261 75
5529 76
8849 77
2678 78
1382 79
8467 80
7951 81
2106 82
437 83
1854 84
11791 85
8740 86
12009 87
2216 88
1454 89
9455 90
2732 91
2794 92
6316 93
150 94
7603 95
6523 96
4659 97
8174 98
3160 99
3940 100
3046 101
3070 102
5491 103
12029 104
4101 105
11237 106
1354 107
5099 108
393 109
483 110
5265 111
11507 112
1610 113
1012 114
2634 115
5616 116
5155 117
600 118
3318 119
9152 120
5281 121
3229 122
4009 123
3714 124
3970 125
7 126
8495 127
12266 128
4931 129
6150 130
11117 131
9864 132
7327 133
9938 134
614 135
5863 136
3500 137
4880 138
6044 139
1656 140
10811 141
2402 142
7572 143
8372 144
11135 145
1042 146
872 147
5531 148
1826 149
3364 150
8449 151
8479 152
328 153
7071 154
5686 155
500 156
2317 157
9446 158
11226 159
6995 160
1259 161
9380 162
224 163
6010 164
5758 165
8161 166
7151 167
8724 168
2830 169
5040 170
10976 171
10775 172
10763 173
12421 174
8986 175
10729 176
5293 177
6502 178
11141 179
11356 180
9062 181
7934 182
7879 183
5667 184
9177 185
7458 186
2265 187
5029 188
341 189
4530 190
2911 191
7718 192
1236 193
880 194
4703 195
2400 196
9243 197
2255 198
7714 199
666 200
8858 201
1949 202
4363 203
7870 204
10487 205
7083 206
8400 207
7776 208
9709 209
43 210
1322 211
126 212
4634 213
499 214
2549 215
3026 216
10624 217
11214 218
948 219
5192 220
11661 221
6459 222
4247 223
6446 224
3875 225
11574 226
8023 227
910 228
1239 229
1185 230
1710 231
9850 232
8965 233
4262 234
5759 235
11603 236
3637 237
10728 238
6449 239
6326 240
7661 241
3636 242
162 243
3176 244
11899 245
5931 246
11184 247
9370 248
887 249
3044 250
9298 251
1391 252
1496 253
90 254
2944 255
11675 256
7076 257
612 258
7121 259
8257 260
11121 261
12225 262
9442 263
3364 264
5007 265
1937 266
6863 267
10586 268
4028 269
11702 270
12028 271
18 272
887 273
8623 274
6111 275
10599 276
3293 277
1295 278
4971 279
7930 280
7005 281
11045 282
11803 283
7359 284
5297 285
8374 286
3167 287
5878 288
6735 289
8310 290
8557 291
11586 292
838 293
9483 294
5552 295
8248 296
10947 297
388 298
1025 299
5818 300
6995 301
3246 302
9241 303
2260 304
12269 305
1077 306
6126 307
5272 308
10539 309
3488 310
4073 311
146 312
11356 313
7192 314
5239 315
5610 316
4718 317
9699 318
8756 319
10813 320
1419 321
10544 322
1807 323
7074 324
7897 325
158 326
5284 327
10485 328
3614 329
5897 330
10160 331
11698 332
11195 333
1342 334
2770 335
7808 336
8419 337
7633 338
711 339
4233 340
984 341
8565 342
5009 343
772 344
10084 345
9120 346
7744 347
7778 348
5076 349
12082 350
11822 351
3379 352
1410 353
8920 354
6652 355
11481 356
4157 357
11027 358
2563 359
4114 360
8494 361
4316 362
9144 363
6217 364
10329 365
6535 366
7118 367
11243 368
8579 369
8392 370
7569 371
5975 372
3016 373
1858 374
9680 375
5963 376
8478 377
3625 378
8046 379
7194 380
11980 381
877 382
9459 383
2330 384
739 385
1365 386
5973 387
9336 388
755 389
1407 390
8052 391
1768 392
8158 393
9343 394
11059 395
2848 396
1555 397
2969 398
8814 399
258 400
5991 401
9586 402
12209 403
6663 404
1887 405
7378 406
10736 407
7432 408
2151 409
7917 410
8667 411
9747 412
1226 413
6144 414
11019 415
11938 416
3706 417
3136 418
4643 419
5031 420
4651 421
12413 422
8786 423
4146 424
12319 425
3717 426
5747 427
8541 428
8111 429
231 430
8666 431
5180 432
4966 433
8708 434
12470 435
10944 436
432 437
1387 438
7393 439
2754 440
11228 441
8905 442
3197 443
318 444
3838 445
5593 446
9670 447
5900 448
1679 449
9573 450
11363 451
8217 452
5548 453
6399 454
7438 455
1720 456
5245 457
5566 458
12228 459
9870 460
4364 461
8046 462
3605 463
6932 464
7202 465
5861 466
9198 467
1372 468
4752 469
520 470
4289 471
10406 472
1781 473
8028 474
8400 475
5948 476
10465 477
2035 478
10845 479
12162 480
12336 481
3635 482
11585 483
9206 484
12472 485
2151 486
7057 487
1061 488
8999 489
8380 490
4582 491
10648 492
1785 493
11390 494
8826 495
8189 496
7661 497
8929 498
2327 499
11558 500
2821 501
7442 502
7296 503
11206 504
10726 505
6924 506
3237 507
6143 508
10351 509
310 510
9592 511
6549 512
12318 513
310 514
256 515
33 516
411 517
10576 518
3634 519
395 520
1780 521
4455 522
4804 523
5802 524
7499 525
12068 526
48 527
7847 528
6766 529
968 530
9068 531
3937 532
8989 533
9178 534
8381 535
2676 536
3813 537
7392 538
936 539
5653 540
7262 541
7261 542
10238 543
1771 544
11771 545
10225 546
3592 547
2748 548
11109 549
9119 550
6096 551
11416 552
465 553
7864 554
10579 555
9693 556
10121 557
8838 558
10980 559
9516 560
6403 561
8006 562
4506 563
11193 564
9598 565
11919 566
2140 567
9744 568
4817 569
8564 570
10026 571
7628 572
9726 573
6632 574
7268 575
6504 576
11914 577
9277 578
8924 579
5875 580
8797 581
11915 582
4232 583
12208 584
12259 585
8110 586
9817 587
11821 588
7937 589
4869 590
3418 591
8710 592
553 593
1607 594
11539 595
715 596
2389 597
6983 598
6173 599
4257 600
1233 601
3981 602
2285 603
7883 604
12205 605
7776 606
6143 607
8839 608
4331 609
8726 610
6975 611
1223 612
12017 613
2608 614
12125 615
10364 616
160 617
11607 618
11238 619
3493 620
8101 621
538 622
14 623
3903 624
4273 625
12339 626
11605 627
7038 628
767 629
12474 630
458 631
3289 632
11240 633
4207 634
1804 635
718 636
3383 637
11639 638
5568 639
3866 640
4159 641
6800 642
6909 643
1974 644
11501 645
10085 646
5439 647
1623 648
4087 649
8839 650
7367 651
3140 652
10748 653
2567 654
8749 655
11035 656
11819 657
2377 658
3031 659
3829 660
9454 661
10672 662
4331 663
6271 664
9973 665
4526 666
2957 667
91 668
10841 669
6158 670
6793 671
1571 672
8279 673
1607 674
5532 675
304 676
4991 677
4073 678
3968 679
1820 680
3912 681
5821 682
11420 683
8773 684
1787 685
10141 686
210 687
6842 688
11798 689
2079 690
5976 691
1581 692
171 693
3634 694
3156 695
1051 696
8738 697
5723 698
10345 699
8587 700
12263 701
6562 702
20 703
1217 704
584 705
10790 706
9300 707
5890 708
6379 709
11391 710
9070 711
3106 712
6486 713
10936 714
11807 715
6080 716
6700 717
11628 718
4146 719
11290 720
2477 721
8244 722
10119 723
10192 724
9576 725
7066 726
7070 727
10219 728
4550 729
2370 730
7845 731
9959 732
8406 733
4338 734
6998 735
2584 736
2498 737
4813 738
5978 739
3194 740
6445 741
5087 742
10232 743
5588 744
6251 745
2756 746
11206 747
12270 748
4286 749
685 750
8568 751
3675 752
1570 753
5177 754
8882 755
11931 756
5496 757
7515 758
2063 759
9141 760
1789 761
5091 762
12225 763
11046 764
399 765
2889 766
7934 767
6423 768
8957 769
5560 770
2827 771
4763 772
6018 773
9114 774
10590 775
2897 776
3629 777
12382 778
3192 779
11635 780
501 781
2877 782
1664 783
5840 784
6439 785
2193 786
10098 787
7777 788
150 789
4314 790
5251 791
5296 792
6793 793
919 794
5919 795
11415 796
3438 797
1268 798
502 799
3619 800
2756 801
8021 802
8870 803
5224 804
1894 805
9943 806
5025 807
7777 808
7199 809
5244 810
6975 811
4151 812
3949 813
4855 814
9121 815
6527 816
5140 817
10361 818
9993 819
10741 820
6248 821
5832 822
4027 823
10486 824
6710 825
12291 826
886 827
8925 828
237 829
678 830
11032 831
4816 832
12474 833
11304 834
10661 835
3070 836
11514 837
12115 838
5513 839
70 840
5981 841
2982 842
8894 843
4973 844
4907 845
7629 846
11552 847
8456 848
2826 849
5356 850
5941 851
5505 852
2941 853
5107 854
10867 855
61 856
5252 857
10987 858
10743 859
10870 860
7964 861
8949 862
10267 863
8229 864
7511 865
5942 866
8872 867
8136 868
10947 869
2946 870
10279 871
10537 872
12052 873
4094 874
12255 875
5006 876
2259 877
9715 878
39 879
659 880
12116 881
1641 882
9080 883
7838 884
5490 885
2925 886
4251 887
756 888
3524 889
386 890
1077 891
2444 892
10347 893
2858 894
5076 895
729 896
6749 897
11248 898
12339 899
9712 900
1300 901
9986 902
7228 903
11607 904
9615 905
1875 906
8119 907
8095 908
3899 909
11391 910
12259 911
7923 912
11565 913
1477 914
3543 915
2362 916
8678 917
10264 918
7875 919
10794 920
12177 921
3775 922
9202 923
2458 924
4709 925
11170 926
10224 927
9078 928
4552 929
6503 930
2932 931
570 932
409 933
9586 934
5927 935
229 936
2783 937
5888 938
3483 939
12267 940
8499 941
894 942
12254 943
9981 944
3687 945
10721 946
4091 947
7868 948
7577 949
10788 950
2864 951
2047 952
10292 953
9855 954
7878 955
582 956
3620 957
2991 958
2928 959
11262 960
8052 961
2529 962
4628 963
6213 964
6440 965
5508 966
8562 967
2250 968
5724 969
1672 970
5006 971
9343 972
591 973
3850 974
2256 975
1003 976
5507 977
8246 978
3135 979
11353 980
5521 981
10100 982
5687 983
12099 984
11102 985
11205 986
4020 987
1372 988
1677 989
2603 990
1277 991
4015 992
473 993
2581 994
7158 995
4658 996
8713 997
5379 998
6560 999
4560 1000
3624 1001
10118 1002
5440 1003
6528 1004
420 1005
11895 1006
9061 1007
4656 1008
6624 1009
4756 1010
10658 1011
7307 1012
2493 1013
3877 1014
5931 1015
3924 1016
7697 1017
9944 1018
6366 1019
2974 1020
9803 1021
11669 1022
9235 1023
7244 1024
11555 1025
3086 1026
9996 1027
3721 1028
1247 1029
4899 1030
10892 1031
7078 1032
6840 1033
1790 1034
6128 1035
7718 1036
7679 1037
11542 1038
2754 1039
236 1040
6770 1041
426 1042
7510 1043
4310 1044
2989 1045
10568 1046
10894 1047
7103 1048
1827 1049
3912 1050
449 1051
8711 1052
821 1053
9135 1054
6714 1055
6788 1056
9498 1057
5092 1058
10179 1059
5048 1060
8567 1061
5608 1062
12260 1063
7608 1064
11264 1065
9334 1066
11797 1067
8654 1068
5748 1069
3847 1070
7915 1071
10555 1072
1617 1073
3901 1074
1721 1075
11430 1076
11904 1077
3836 1078
8699 1079
4046 1080
2715 1081
10152 1082
4795 1083
8977 1084
5318 1085
3284 1086
2444 1087
11113 1088
1654 1089
11171 1090
650 1091
2496 1092
141 1093
12240 1094
5590 1095
3500 1096
5521 1097
3004 1098
3094 1099
11545 1100
8402 1101
10064 1102
8689 1103
9417 1104
1454 1105
5507 1106
977 1107
4455 1108
12396 1109
8611 1110
10881 1111
1678 1112
9329 1113
1520 1114
2935 1115
858 1116
10204 1117
7334 1118
3078 1119
8154 1120
6272 1121
11028 1122
10687 1123
8761 1124
180 1125
3946 1126
7353 1127
3216 1128
10465 1129
10914 1130
4403 1131
4940 1132
6133 1133
3349 1134
11760 1135
6839 1136
1364 1137
6046 1138
9981 1139
9678 1140
908 1141
4302 1142
1037 1143
2905 1144
10445 1145
868 1146
10530 1147
5734 1148
2818 1149
6877 1150
6347 1151
3389 1152
2661 1153
5950 1154
5570 1155
8043 1156
570 1157
6141 1158
7054 1159
11978 1160
2189 1161
10912 1162
9921 1163
10897 1164
762 1165
12484 1166
5076 1167
2279 1168
9852 1169
6978 1170
6021 1171
9564 1172
2491 1173
1921 1174
11055 1175
11516 1176
212 1177
6294 1178
7343 1179
10664 1180
7257 1181
9591 1182
22 1183
4159 1184
11448 1185
9738 1186
2168 1187
3536 1188
6248 1189
5348 1190
5846 1191
11563 1192
3571 1193
9579 1194
3840 1195
5865 1196
10559 1197
10719 1198
755 1199
8730 1200
2639 1201
8851 1202
10519 1203
6658 1204
10633 1205
7050 1206
10782 1207
2483 1208
778 1209
12024 1210
11191 1211
7131 1212
11587 1213
5030 1214
3081 1215
5280 1216
6921 1217
11771 1218
5074 1219
2605 1220
7276 1221
8242 1222
12221 1223
9983 1224
7160 1225
4059 1226
8098 1227
5624 1228
913 1229
6351 1230
9201 1231
10930 1232
6460 1233
6819 1234
10511 1235
1894 1236
715 1237
8770 1238
5736 1239
4648 1240
9515 1241
233 1242
2871 1243
262 1244
7249 1245
10471 1246
3720 1247
1383 1248
6139 1249
