1500 150
11095 0
3190 1
5309 2
5017 3
5371 4
3642 5
8728 6
7051 7
3343 8
4155 9
7988 10
2858 11
7140 12
12067 13
5010 14
4088 15
6779 16
12546 17
2452 18
1215 19
13369 20
7265 21
10957 22
11560 23
230 24
2583 25
7332 26
10350 27
11526 28
2494 29
1175 30
14225 31
11738 32
5363 33
9697 34
3354 35
11396 36
4176 37
13649 38
1252 39
12404 40
10173 41
9862 42
3224 43
8083 44
5297 45
3725 46
2811 47
5096 48
3218 49
2710 50
11276 51
7718 52
5563 53
7477 54
5640 55
7402 56
9916 57
3212 58
7227 59
3418 60
10155 61
168 62
12092 63
8641 64
2684 65
8955 66
3662 67
5212 68
865 69
7428 70
5551 71
6706 72
1995 73
10155 74
7268 75
11769 76
178 77
4608 78
2738 79
6520 80
13790 81
12938 82
2359 83
8892 84
14823 85
4779 86
1094 87
626 88
539 89
4746 90
6466 91
5914 92
4587 93
4110 94
10852 95
8266 96
3001 97
8859 98
5414 99
13660 100
360 101
14289 102
2102 103
7742 104
2001 105
4094 106
8186 107
3898 108
4453 109
13942 110
4086 111
13799 112
11446 113
3901 114
4351 115
8589 116
10754 117
14149 118
12921 119
3762 120
10686 121
10259 122
9490 123
1167 124
5102 125
1097 126
3986 127
5966 128
7916 129
5589 130
7552 131
2238 132
11987 133
9000 134
8149 135
14286 136
7478 137
14611 138
5658 139
8464 140
10891 141
4000 142
4894 143
9169 144
10741 145
2848 146
2650 147
8746 148
1125 149
68 150
11347 151
11650 152
8669 153
3513 154
170 155
14794 156
5748 157
10867 158
14349 159
2406 160
4041 161
10668 162
3721 163
14270 164
3122 165
14147 166
2486 167
14588 168
12539 169
9872 170
14051 171
3358 172
1511 173
11122 174
4847 175
9266 176
7608 177
5482 178
14143 179
14566 180
5760 181
9844 182
9820 183
14355 184
13673 185
6362 186
3871 187
7012 188
10529 189
1223 190
7751 191
2023 192
11622 193
11864 194
5825 195
189 196
1472 197
7484 198
3992 199
11737 200
6708 201
4725 202
11552 203
5252 204
1516 205
1300 206
3078 207
10791 208
3131 209
2542 210
5582 211
8392 212
6304 213
12574 214
6371 215
7206 216
10491 217
4441 218
14582 219
14615 220
6041 221
6527 222
699 223
9569 224
6645 225
6107 226
12036 227
12812 228
2252 229
402 230
13371 231
8491 232
14090 233
2033 234
11722 235
1477 236
11450 237
9071 238
7159 239
7320 240
5097 241
13660 242
2582 243
1686 244
269 245
6133 246
2764 247
1022 248
4663 249
4015 250
7390 251
4043 252
11418 253
6568 254
6154 255
2548 256
8071 257
2487 258
9603 259
5442 260
9814 261
4896 262
11264 263
7734 264
2289 265
8855 266
14386 267
8467 268
6176 269
3992 270
5119 271
8249 272
4902 273
10332 274
7583 275
13927 276
8546 277
13612 278
2397 279
11962 280
3640 281
11232 282
5979 283
3695 284
8956 285
97 286
5919 287
14537 288
11649 289
14317 290
2072 291
738 292
7127 293
104 294
14659 295
14780 296
5333 297
922 298
2326 299
12057 300
7599 301
3690 302
10284 303
5023 304
377 305
11336 306
9345 307
10735 308
12968 309
11402 310
8002 311
11425 312
13973 313
6086 314
2395 315
9939 316
5806 317
7026 318
14374 319
7539 320
2490 321
2302 322
12935 323
11541 324
146 325
11141 326
8091 327
7008 328
1656 329
8395 330
13484 331
817 332
2685 333
6427 334
12357 335
12139 336
10219 337
10546 338
3489 339
5426 340
4623 341
12082 342
11480 343
14634 344
13414 345
14509 346
2194 347
14342 348
13472 349
7713 350
6129 351
10298 352
6269 353
11327 354
9144 355
6463 356
6207 357
6831 358
2164 359
7841 360
3835 361
12959 362
5466 363
14980 364
10535 365
13618 366
9613 367
14107 368
9127 369
9066 370
11886 371
11900 372
5934 373
12486 374
7750 375
2576 376
8338 377
14892 378
14097 379
8345 380
1931 381
10957 382
1261 383
5079 384
9791 385
3081 386
13141 387
12105 388
5160 389
8767 390
7316 391
13559 392
6172 393
12523 394
1737 395
4423 396
8574 397
1197 398
10220 399
3978 400
7204 401
10577 402
11936 403
131 404
12569 405
7456 406
13849 407
7357 408
13828 409
11798 410
11102 411
3105 412
7050 413
4053 414
6833 415
14596 416
13092 417
4279 418
13487 419
6601 420
12202 421
9622 422
7835 423
10651 424
3205 425
2697 426
11344 427
2625 428
7140 429
12171 430
7594 431
9362 432
4887 433
2553 434
11371 435
5684 436
3109 437
7931 438
4658 439
5194 440
663 441
667 442
13433 443
1430 444
2299 445
5082 446
7914 447
8085 448
5315 449
8938 450
9064 451
1751 452
1789 453
9185 454
13269 455
4697 456
3240 457
460 458
6773 459
1893 460
4016 461
3302 462
11281 463
9064 464
11954 465
1837 466
995 467
2300 468
2240 469
11118 470
5698 471
10124 472
6977 473
3303 474
11633 475
9150 476
13813 477
4252 478
3967 479
6029 480
10005 481
9565 482
4189 483
7776 484
6310 485
10258 486
11052 487
13699 488
2694 489
8204 490
13513 491
3123 492
7443 493
4197 494
11826 495
8749 496
14768 497
9393 498
5142 499
12822 500
4942 501
10007 502
8966 503
14927 504
493 505
7344 506
1316 507
7618 508
12209 509
8891 510
12239 511
2795 512
2856 513
1199 514
5207 515
13624 516
6983 517
8820 518
6197 519
13519 520
3541 521
7253 522
9899 523
3472 524
14987 525
13158 526
4559 527
5935 528
11294 529
5684 530
14384 531
3715 532
3925 533
8076 534
13426 535
9054 536
9349 537
14358 538
1139 539
7204 540
4131 541
2556 542
1551 543
1522 544
12446 545
13549 546
9058 547
14110 548
13727 549
3140 550
12022 551
6378 552
5849 553
9258 554
1479 555
4593 556
8043 557
13607 558
8469 559
701 560
3789 561
11555 562
6075 563
6997 564
7670 565
14868 566
4831 567
498 568
10321 569
11651 570
9648 571
253 572
14397 573
11520 574
216 575
4261 576
13980 577
3021 578
14778 579
13601 580
11294 581
8955 582
7422 583
10805 584
8150 585
2935 586
4907 587
4229 588
14578 589
7165 590
5283 591
5859 592
2475 593
6755 594
4561 595
13502 596
13693 597
12377 598
1176 599
7195 600
3995 601
5893 602
12545 603
11469 604
8431 605
8777 606
9137 607
12231 608
14538 609
4931 610
9161 611
7478 612
5483 613
11304 614
6050 615
11048 616
12514 617
3914 618
4926 619
9385 620
14001 621
10164 622
7897 623
9307 624
13623 625
7261 626
10538 627
9504 628
13558 629
9357 630
6155 631
5314 632
2621 633
2666 634
14870 635
10819 636
1572 637
9236 638
6300 639
2714 640
11082 641
5815 642
2857 643
2157 644
1938 645
12738 646
13263 647
345 648
11995 649
6085 650
12619 651
4993 652
12033 653
14865 654
9696 655
6159 656
14095 657
9906 658
8269 659
7507 660
6819 661
13641 662
9159 663
4772 664
9973 665
7870 666
6633 667
12381 668
1906 669
3588 670
14778 671
3369 672
5161 673
750 674
9111 675
2393 676
9807 677
10231 678
3247 679
934 680
13738 681
2778 682
9183 683
13425 684
206 685
14088 686
12802 687
9682 688
5796 689
7904 690
9315 691
1134 692
5250 693
1545 694
5965 695
11522 696
14876 697
9532 698
2570 699
8234 700
6601 701
13392 702
10150 703
4624 704
5484 705
13743 706
3945 707
2707 708
3242 709
8928 710
10048 711
7768 712
3811 713
8899 714
1696 715
2718 716
361 717
14451 718
6737 719
12822 720
4528 721
8071 722
11281 723
14245 724
13380 725
2530 726
12997 727
8725 728
13876 729
8084 730
5113 731
14391 732
3272 733
9004 734
499 735
343 736
6815 737
12748 738
13286 739
8272 740
13087 741
9831 742
8685 743
8258 744
5977 745
3468 746
2685 747
8247 748
5388 749
5392 750
5456 751
1069 752
3904 753
13259 754
7034 755
11592 756
9210 757
12607 758
8157 759
5568 760
5579 761
13169 762
14482 763
5940 764
10302 765
11164 766
1704 767
8705 768
11877 769
4666 770
2441 771
6750 772
5222 773
405 774
10891 775
14483 776
1666 777
2268 778
2137 779
13879 780
7740 781
1932 782
5296 783
12484 784
14845 785
10918 786
1608 787
8023 788
1394 789
9994 790
8590 791
476 792
8217 793
12691 794
2987 795
13975 796
6859 797
2894 798
7298 799
4773 800
1932 801
7632 802
5337 803
12343 804
3995 805
9132 806
13581 807
12464 808
5173 809
14013 810
4053 811
13498 812
13418 813
3992 814
4044 815
4300 816
9543 817
14191 818
13564 819
13384 820
5710 821
4248 822
3395 823
10333 824
5457 825
4745 826
5416 827
5975 828
12084 829
2294 830
5553 831
9115 832
1226 833
1765 834
5833 835
5729 836
7578 837
11619 838
9433 839
7455 840
3028 841
12345 842
4983 843
5705 844
1515 845
7518 846
10112 847
10798 848
9612 849
8581 850
13362 851
14804 852
5148 853
12933 854
1400 855
14353 856
2365 857
6404 858
238 859
6675 860
8142 861
4171 862
325 863
9700 864
6220 865
6342 866
3195 867
9591 868
12850 869
783 870
7591 871
532 872
1124 873
5365 874
6298 875
1024 876
14086 877
13224 878
12794 879
834 880
2012 881
9478 882
9821 883
14348 884
4466 885
14976 886
2791 887
7652 888
12092 889
10627 890
12953 891
10543 892
1490 893
14432 894
10987 895
12653 896
4336 897
2572 898
3877 899
11682 900
9693 901
13676 902
9902 903
10136 904
6935 905
10706 906
13105 907
10400 908
13283 909
8611 910
11518 911
10688 912
7298 913
7710 914
4747 915
13428 916
14181 917
7464 918
4822 919
2121 920
14117 921
10452 922
5841 923
8763 924
7204 925
6107 926
10289 927
12714 928
6353 929
13102 930
14932 931
10484 932
11310 933
4241 934
13207 935
88 936
1331 937
10444 938
12703 939
10219 940
8612 941
6154 942
14039 943
4368 944
7928 945
7379 946
11519 947
2920 948
11642 949
2529 950
3045 951
687 952
13257 953
13419 954
12668 955
1027 956
932 957
6571 958
4092 959
4944 960
1110 961
10446 962
6111 963
8698 964
9312 965
9102 966
5073 967
10943 968
10751 969
6471 970
7949 971
9779 972
10536 973
12405 974
2011 975
6581 976
5424 977
7064 978
3797 979
7649 980
12460 981
2427 982
13389 983
14400 984
11102 985
10412 986
8144 987
12703 988
554 989
6425 990
13152 991
1463 992
2856 993
6157 994
5377 995
4605 996
10510 997
8619 998
1736 999
2784 1000
8350 1001
14525 1002
14612 1003
10618 1004
7266 1005
7850 1006
11696 1007
7875 1008
8186 1009
516 1010
9263 1011
13008 1012
5260 1013
6913 1014
2782 1015
14870 1016
13907 1017
10444 1018
1713 1019
11386 1020
11721 1021
915 1022
14128 1023
4423 1024
4772 1025
2879 1026
431 1027
1064 1028
2988 1029
346 1030
12318 1031
2110 1032
12176 1033
11150 1034
2690 1035
11150 1036
2103 1037
549 1038
3291 1039
2164 1040
5516 1041
6039 1042
14539 1043
9438 1044
4783 1045
10060 1046
9393 1047
2629 1048
4841 1049
10407 1050
5706 1051
8901 1052
9120 1053
4868 1054
10202 1055
1202 1056
12150 1057
4308 1058
36 1059
12390 1060
1126 1061
7277 1062
1181 1063
7855 1064
5781 1065
4862 1066
13091 1067
13157 1068
3852 1069
2670 1070
5373 1071
5318 1072
9074 1073
262 1074
5271 1075
8315 1076
9071 1077
765 1078
1184 1079
12611 1080
8767 1081
8358 1082
14339 1083
11447 1084
510 1085
716 1086
7409 1087
11167 1088
5613 1089
2817 1090
10191 1091
10769 1092
9854 1093
9547 1094
3421 1095
10611 1096
4257 1097
14585 1098
223 1099
14095 1100
14164 1101
12021 1102
5919 1103
14277 1104
1736 1105
14388 1106
13672 1107
995 1108
7371 1109
9372 1110
10494 1111
2058 1112
6398 1113
3443 1114
12218 1115
8919 1116
5970 1117
4209 1118
1976 1119
3942 1120
12748 1121
3339 1122
2843 1123
7003 1124
19 1125
9972 1126
10455 1127
4508 1128
87 1129
11837 1130
4150 1131
10475 1132
1377 1133
11685 1134
8966 1135
8330 1136
11138 1137
8455 1138
8421 1139
4015 1140
14188 1141
10895 1142
12378 1143
2786 1144
8502 1145
11046 1146
1109 1147
3539 1148
3705 1149
3229 1150
8580 1151
9087 1152
8883 1153
5228 1154
14047 1155
2390 1156
491 1157
7230 1158
12747 1159
2201 1160
2802 1161
9528 1162
1929 1163
5693 1164
1460 1165
8389 1166
8170 1167
1880 1168
2525 1169
2017 1170
5566 1171
9046 1172
4116 1173
6052 1174
8211 1175
10396 1176
7665 1177
13121 1178
4170 1179
9237 1180
3785 1181
12881 1182
8961 1183
7143 1184
14594 1185
13133 1186
3292 1187
2723 1188
5305 1189
6258 1190
3087 1191
11108 1192
11740 1193
1965 1194
10730 1195
14273 1196
727 1197
14114 1198
7624 1199
7243 1200
7037 1201
3150 1202
12223 1203
10176 1204
878 1205
10376 1206
2303 1207
13100 1208
3433 1209
6932 1210
11503 1211
1602 1212
12518 1213
7165 1214
6941 1215
12634 1216
8027 1217
8293 1218
1034 1219
1625 1220
11924 1221
4731 1222
11766 1223
12198 1224
13455 1225
4559 1226
6273 1227
10666 1228
4592 1229
6178 1230
1071 1231
2442 1232
6528 1233
1304 1234
13759 1235
1702 1236
448 1237
5973 1238
4273 1239
12774 1240
1394 1241
5316 1242
3105 1243
1711 1244
13060 1245
13024 1246
9817 1247
788 1248
12925 1249
3508 1250
2142 1251
13289 1252
9750 1253
10484 1254
8213 1255
4443 1256
4757 1257
11452 1258
3074 1259
2539 1260
11081 1261
12965 1262
7743 1263
14961 1264
1085 1265
5260 1266
13830 1267
12277 1268
4833 1269
13447 1270
5896 1271
11055 1272
9191 1273
10891 1274
12913 1275
4151 1276
13956 1277
2181 1278
6747 1279
4871 1280
10754 1281
13860 1282
7459 1283
2487 1284
254 1285
3309 1286
4926 1287
101 1288
8386 1289
6329 1290
9832 1291
12788 1292
14195 1293
14265 1294
2922 1295
4787 1296
3284 1297
592 1298
7543 1299
14627 1300
12769 1301
11989 1302
5050 1303
12459 1304
9147 1305
1981 1306
14431 1307
12056 1308
4862 1309
8740 1310
6792 1311
8528 1312
11281 1313
10899 1314
1468 1315
10052 1316
13334 1317
252 1318
4626 1319
807 1320
13524 1321
6906 1322
3276 1323
1273 1324
4806 1325
2690 1326
3868 1327
10661 1328
4278 1329
7044 1330
4357 1331
11730 1332
12225 1333
14654 1334
11837 1335
2855 1336
1373 1337
10069 1338
7932 1339
2258 1340
8969 1341
5794 1342
12173 1343
8186 1344
6114 1345
2101 1346
9644 1347
6276 1348
10532 1349
3389 1350
10640 1351
6847 1352
11686 1353
1917 1354
12378 1355
14169 1356
11450 1357
7008 1358
4462 1359
7562 1360
11573 1361
14391 1362
9816 1363
640 1364
1203 1365
10084 1366
12805 1367
10542 1368
8785 1369
11151 1370
5570 1371
13544 1372
10509 1373
4413 1374
10576 1375
5332 1376
10619 1377
8540 1378
9720 1379
10024 1380
6264 1381
9742 1382
1215 1383
3881 1384
4139 1385
12410 1386
10 1387
6665 1388
10147 1389
6317 1390
6903 1391
6462 1392
14296 1393
1302 1394
582 1395
3127 1396
6598 1397
6484 1398
2251 1399
11165 1400
5490 1401
2785 1402
13217 1403
10690 1404
2990 1405
11293 1406
4207 1407
3791 1408
6740 1409
2270 1410
11876 1411
12681 1412
4900 1413
1064 1414
10850 1415
5740 1416
7647 1417
9891 1418
5669 1419
10329 1420
4825 1421
12640 1422
11440 1423
8421 1424
11200 1425
10577 1426
13731 1427
9505 1428
10371 1429
11795 1430
10720 1431
4699 1432
10968 1433
12247 1434
10647 1435
3983 1436
9628 1437
3822 1438
897 1439
9210 1440
2020 1441
442 1442
8783 1443
4309 1444
14794 1445
10376 1446
9461 1447
5056 1448
14982 1449
1986 1450
10417 1451
14900 1452
325 1453
9463 1454
11462 1455
6439 1456
5240 1457
10418 1458
1111 1459
3764 1460
11376 1461
10536 1462
6934 1463
1236 1464
1372 1465
11611 1466
2511 1467
6577 1468
9655 1469
4906 1470
11759 1471
9166 1472
11863 1473
149 1474
6157 1475
6137 1476
11884 1477
2463 1478
13809 1479
1358 1480
5720 1481
13547 1482
3183 1483
2284 1484
5803 1485
9903 1486
7268 1487
4253 1488
893 1489
13900 1490
14179 1491
5784 1492
10789 1493
9629 1494
10824 1495
2375 1496
8833 1497
14665 1498
13535 1499
