1500 1150
7110 0
11263 1
8429 2
13232 3
13491 4
6617 5
14494 6
12651 7
1472 8
5916 9
4573 10
239 11
12422 12
12400 13
7511 14
9545 15
4495 16
10002 17
1895 18
4902 19
8117 20
12866 21
13791 22
6240 23
12742 24
9249 25
11802 26
8642 27
982 28
5386 29
134 30
7671 31
14175 32
11363 33
14605 34
8545 35
1900 36
5035 37
9125 38
14699 39
5019 40
12967 41
4440 42
9178 43
10254 44
7117 45
12824 46
3242 47
14050 48
5483 49
11336 50
9827 51
5221 52
982 53
5164 54
1046 55
10442 56
7660 57
12307 58
12216 59
6608 60
2412 61
7344 62
4378 63
13725 64
8682 65
6224 66
9149 67
7030 68
5550 69
1355 70
13076 71
6677 72
10362 73
2682 74
5201 75
6699 76
9429 77
2891 78
2684 79
13865 80
8648 81
8913 82
4633 83
7025 84
437 85
6758 86
14414 87
900 88
2006 89
3729 90
11189 91
4979 92
2547 93
1266 94
9042 95
1 96
5423 97
6261 98
1068 99
4854 100
6865 101
6985 102
8611 103
2649 104
13641 105
1839 106
7370 107
5596 108
11602 109
9457 110
11841 111
9171 112
6064 113
2964 114
12503 115
7773 116
4311 117
8904 118
7505 119
1918 120
2218 121
14557 122
12150 123
7014 124
13738 125
48 126
14819 127
14264 128
8103 129
10781 130
11660 131
10122 132
5461 133
11351 134
4027 135
13836 136
13395 137
12533 138
5948 139
3457 140
504 141
4687 142
14585 143
11495 144
8575 145
337 146
7457 147
1879 148
12588 149
7323 150
10438 151
4520 152
3117 153
12246 154
8437 155
7176 156
13989 157
10436 158
6194 159
10480 160
3653 161
12516 162
3652 163
967 164
3304 165
7481 166
13328 167
9735 168
10588 169
2288 170
6706 171
5646 172
4333 173
13670 174
12486 175
12242 176
3566 177
5351 178
13777 179
633 180
4940 181
4641 182
9289 183
6612 184
8477 185
4690 186
902 187
12353 188
3352 189
12582 190
5276 191
5679 192
7288 193
752 194
10751 195
1896 196
102 197
11344 198
6216 199
7778 200
730 201
14177 202
989 203
7994 204
8217 205
4476 206
1283 207
3281 208
3569 209
8726 210
1132 211
2616 212
9949 213
13731 214
10038 215
5725 216
7860 217
4107 218
1744 219
6075 220
1527 221
6720 222
843 223
11810 224
4966 225
14853 226
13061 227
4769 228
13435 229
9799 230
5341 231
12293 232
3265 233
3090 234
839 235
7214 236
585 237
6039 238
12662 239
1903 240
2182 241
7717 242
7298 243
7629 244
11601 245
13444 246
5416 247
10600 248
14825 249
9856 250
2144 251
3969 252
11119 253
12868 254
1745 255
3821 256
5559 257
14946 258
12170 259
9330 260
9375 261
1905 262
5260 263
12924 264
6456 265
12157 266
12287 267
11781 268
6761 269
9962 270
6804 271
9697 272
4124 273
9807 274
11801 275
2394 276
5439 277
14297 278
708 279
62 280
14161 281
663 282
8293 283
3223 284
8882 285
12696 286
9031 287
5038 288
12540 289
4118 290
3274 291
7937 292
12432 293
4923 294
3631 295
5754 296
6911 297
8603 298
12150 299
11008 300
11796 301
11083 302
9003 303
13085 304
1308 305
11565 306
9060 307
8151 308
14905 309
8841 310
13838 311
358 312
5567 313
10119 314
11727 315
3488 316
13786 317
4986 318
4158 319
2536 320
4407 321
3520 322
2535 323
4357 324
1645 325
12641 326
7377 327
5237 328
5634 329
4545 330
13269 331
13235 332
4413 333
1772 334
9082 335
11422 336
7020 337
58 338
5930 339
5213 340
4984 341
3233 342
2716 343
10373 344
14235 345
4546 346
538 347
8902 348
4355 349
8317 350
1604 351
1628 352
4818 353
1614 354
10498 355
218 356
4845 357
4023 358
11050 359
3542 360
1373 361
14929 362
4290 363
8772 364
10689 365
2529 366
3450 367
12561 368
6779 369
14416 370
9334 371
1897 372
7305 373
20 374
3380 375
14478 376
11268 377
491 378
5755 379
8636 380
14915 381
11576 382
13223 383
12063 384
3097 385
9630 386
12835 387
14376 388
7307 389
472 390
5268 391
11505 392
1946 393
7751 394
7381 395
11993 396
10852 397
13808 398
4402 399
3292 400
4057 401
3933 402
3747 403
6837 404
3859 405
5463 406
1280 407
8669 408
10040 409
2067 410
7890 411
7728 412
10549 413
12637 414
13705 415
5008 416
3057 417
10331 418
6082 419
351 420
182 421
584 422
3145 423
1172 424
40 425
14061 426
7362 427
8004 428
810 429
8927 430
6761 431
4249 432
7152 433
9325 434
4002 435
2953 436
72 437
14948 438
9824 439
6210 440
2170 441
8895 442
7744 443
5184 444
2157 445
13644 446
1603 447
12467 448
3145 449
1429 450
13429 451
10334 452
1270 453
610 454
1152 455
4172 456
9127 457
4536 458
2880 459
5006 460
9009 461
6671 462
7782 463
393 464
12379 465
10424 466
14986 467
648 468
4196 469
10560 470
3825 471
4383 472
6245 473
11030 474
2337 475
272 476
2219 477
8238 478
5452 479
14263 480
14519 481
8353 482
201 483
7861 484
10297 485
9314 486
13530 487
8797 488
5794 489
6529 490
13248 491
6846 492
6647 493
4224 494
6463 495
10723 496
11987 497
8725 498
5593 499
10828 500
12043 501
9746 502
10738 503
1149 504
14565 505
1622 506
8052 507
10166 508
8708 509
11693 510
1630 511
13604 512
2588 513
7247 514
4571 515
1529 516
4019 517
12750 518
4683 519
5072 520
2352 521
10326 522
8347 523
2580 524
6236 525
6169 526
11164 527
14917 528
13132 529
6950 530
13872 531
14606 532
4503 533
2579 534
6472 535
3448 536
14252 537
4276 538
12718 539
7374 540
14567 541
4813 542
11131 543
1185 544
10269 545
2806 546
10192 547
1897 548
10989 549
14954 550
5483 551
10283 552
13300 553
7622 554
9949 555
13359 556
5243 557
8272 558
11808 559
4910 560
2713 561
10200 562
7494 563
1539 564
14862 565
6981 566
13318 567
11170 568
9208 569
14036 570
4222 571
13549 572
1672 573
2699 574
9792 575
10025 576
14876 577
5758 578
1427 579
5555 580
10835 581
8363 582
5693 583
3783 584
3269 585
13629 586
4003 587
9557 588
12035 589
7808 590
7063 591
9936 592
4216 593
4763 594
751 595
7695 596
13569 597
5891 598
706 599
550 600
5966 601
437 602
14785 603
7611 604
1936 605
11111 606
5126 607
8115 608
7441 609
10708 610
9703 611
6426 612
2421 613
4461 614
3457 615
13782 616
14406 617
383 618
276 619
1618 620
7381 621
13636 622
8412 623
7616 624
4112 625
5072 626
12597 627
11690 628
9431 629
13611 630
7638 631
7154 632
11986 633
5549 634
9425 635
10694 636
5356 637
3551 638
4395 639
5200 640
4470 641
4381 642
13328 643
2800 644
6455 645
4550 646
295 647
1008 648
696 649
8946 650
11348 651
4477 652
12467 653
3287 654
3007 655
11497 656
8444 657
3153 658
10671 659
1238 660
6575 661
2090 662
7874 663
8328 664
6122 665
8988 666
10297 667
5550 668
6395 669
10842 670
11885 671
10640 672
8412 673
10658 674
487 675
7168 676
12248 677
7414 678
7033 679
5330 680
4441 681
5219 682
4597 683
4719 684
8131 685
5676 686
9141 687
13682 688
8350 689
14427 690
5886 691
11107 692
2092 693
2657 694
4665 695
6758 696
1312 697
5468 698
8574 699
14519 700
27 701
1592 702
12260 703
10920 704
2538 705
7140 706
9775 707
6453 708
7755 709
14142 710
4398 711
3646 712
11 713
4007 714
9311 715
11115 716
2440 717
6154 718
12785 719
12948 720
9959 721
12906 722
8849 723
1671 724
6650 725
794 726
1467 727
3184 728
2411 729
9563 730
9092 731
14132 732
6772 733
8123 734
2033 735
7075 736
1417 737
905 738
10715 739
6958 740
9158 741
6775 742
10541 743
13675 744
9726 745
9605 746
14926 747
14706 748
6730 749
10639 750
12806 751
4823 752
6500 753
13537 754
8041 755
5690 756
14122 757
14163 758
9770 759
4009 760
3686 761
5238 762
10563 763
1883 764
7793 765
11802 766
5754 767
9070 768
3777 769
6051 770
8275 771
8958 772
6012 773
2302 774
6273 775
1024 776
12606 777
9183 778
3722 779
11495 780
408 781
5611 782
5404 783
6192 784
9170 785
6361 786
7674 787
11914 788
9842 789
2710 790
6662 791
13720 792
1213 793
9202 794
2651 795
9601 796
5975 797
3497 798
10325 799
4014 800
5867 801
3419 802
7295 803
5295 804
4494 805
7686 806
7003 807
376 808
11823 809
1708 810
7687 811
13209 812
11153 813
9086 814
1347 815
13196 816
10670 817
12678 818
4430 819
14368 820
13527 821
8420 822
84 823
14243 824
9501 825
666 826
7030 827
8911 828
13370 829
8319 830
4870 831
2215 832
10670 833
1042 834
953 835
2684 836
9698 837
3520 838
1764 839
11575 840
3951 841
3387 842
575 843
7043 844
3391 845
836 846
7683 847
12675 848
14622 849
12807 850
3529 851
8824 852
7690 853
145 854
5740 855
10177 856
12832 857
1111 858
7212 859
8747 860
4278 861
468 862
10126 863
6142 864
8526 865
6083 866
10864 867
9476 868
9275 869
14709 870
10768 871
9263 872
14696 873
8373 874
1009 875
493 876
4087 877
3161 878
4719 879
10355 880
2342 881
7813 882
10672 883
638 884
12235 885
6787 886
5948 887
14365 888
7881 889
8809 890
6877 891
14110 892
5542 893
3408 894
10660 895
1047 896
12844 897
8562 898
13852 899
1471 900
8528 901
2720 902
523 903
8842 904
9090 905
5378 906
7858 907
6854 908
11014 909
13876 910
11699 911
2624 912
7952 913
9538 914
10109 915
1306 916
9380 917
4957 918
9761 919
8827 920
8555 921
6418 922
6718 923
1605 924
8880 925
10537 926
4410 927
2300 928
12233 929
13524 930
8838 931
10502 932
11686 933
10068 934
2520 935
10260 936
3738 937
1865 938
6887 939
14932 940
8056 941
14405 942
14808 943
1172 944
10297 945
1049 946
8088 947
4553 948
9516 949
10840 950
7381 951
698 952
1497 953
13043 954
3323 955
12713 956
7024 957
4757 958
8605 959
6594 960
1360 961
10640 962
3593 963
13624 964
11346 965
12493 966
6056 967
10019 968
5781 969
7446 970
11903 971
10088 972
297 973
8389 974
8928 975
11965 976
11497 977
8764 978
5391 979
5457 980
11502 981
350 982
6092 983
3640 984
8311 985
2022 986
9915 987
5322 988
5976 989
11635 990
7816 991
9399 992
7407 993
5430 994
3171 995
8782 996
1843 997
2639 998
2099 999
3824 1000
12517 1001
9546 1002
6881 1003
11050 1004
823 1005
6113 1006
2250 1007
2108 1008
13621 1009
11386 1010
14316 1011
14124 1012
8821 1013
6289 1014
5587 1015
6144 1016
9026 1017
7144 1018
11587 1019
7795 1020
81 1021
9063 1022
4424 1023
12991 1024
14036 1025
4719 1026
12955 1027
2398 1028
4840 1029
14893 1030
9695 1031
3444 1032
9726 1033
12207 1034
7330 1035
5287 1036
3520 1037
4442 1038
12097 1039
3367 1040
1629 1041
12962 1042
8047 1043
7624 1044
2796 1045
13582 1046
8024 1047
2936 1048
12985 1049
7375 1050
4645 1051
7292 1052
6720 1053
3214 1054
5862 1055
10578 1056
8644 1057
8717 1058
7061 1059
7568 1060
8455 1061
6075 1062
5589 1063
6924 1064
2426 1065
4881 1066
13801 1067
7267 1068
3285 1069
14898 1070
815 1071
3238 1072
12726 1073
5169 1074
14501 1075
14635 1076
9089 1077
11307 1078
10466 1079
11887 1080
8466 1081
12384 1082
4914 1083
11198 1084
7301 1085
11593 1086
2233 1087
6403 1088
354 1089
12516 1090
2962 1091
947 1092
4785 1093
499 1094
9026 1095
8885 1096
14756 1097
9397 1098
7487 1099
5436 1100
14517 1101
12083 1102
14918 1103
9669 1104
2730 1105
4382 1106
9445 1107
11984 1108
7768 1109
9068 1110
8598 1111
13664 1112
9284 1113
14478 1114
3491 1115
10263 1116
1318 1117
12912 1118
4796 1119
11362 1120
11423 1121
9908 1122
14298 1123
11269 1124
3899 1125
12658 1126
4987 1127
9375 1128
1105 1129
10144 1130
4136 1131
14843 1132
3448 1133
2576 1134
8674 1135
8172 1136
11730 1137
8280 1138
2954 1139
9389 1140
13798 1141
5433 1142
9432 1143
14719 1144
2869 1145
9015 1146
1812 1147
14701 1148
2929 1149
9236 1150
6124 1151
11309 1152
1011 1153
11617 1154
14091 1155
10334 1156
12643 1157
8681 1158
1877 1159
523 1160
8331 1161
8817 1162
9489 1163
4324 1164
33 1165
1723 1166
3033 1167
6166 1168
10058 1169
11632 1170
6719 1171
3984 1172
9318 1173
5935 1174
12916 1175
5510 1176
715 1177
14337 1178
14855 1179
1975 1180
8355 1181
13183 1182
2972 1183
161 1184
3798 1185
11749 1186
6399 1187
14037 1188
6681 1189
5275 1190
8858 1191
1286 1192
7144 1193
10900 1194
1795 1195
11529 1196
13056 1197
14979 1198
6338 1199
11415 1200
6095 1201
11770 1202
953 1203
6660 1204
12727 1205
11513 1206
4009 1207
13378 1208
1345 1209
6012 1210
4012 1211
9436 1212
10513 1213
9611 1214
12269 1215
5265 1216
3553 1217
14861 1218
10041 1219
14384 1220
11663 1221
2 1222
2815 1223
12584 1224
11998 1225
1007 1226
8672 1227
4588 1228
14960 1229
1866 1230
9142 1231
7554 1232
10022 1233
6309 1234
14709 1235
2712 1236
12944 1237
2390 1238
11777 1239
12453 1240
10181 1241
2155 1242
2016 1243
6992 1244
5918 1245
2397 1246
7919 1247
2402 1248
6516 1249
5230 1250
3124 1251
7810 1252
2121 1253
3847 1254
13640 1255
847 1256
5892 1257
12544 1258
6051 1259
7786 1260
4283 1261
14099 1262
10333 1263
847 1264
5428 1265
12508 1266
14648 1267
9304 1268
2974 1269
11928 1270
3142 1271
6415 1272
3755 1273
10283 1274
12673 1275
10287 1276
637 1277
13345 1278
4393 1279
2358 1280
6672 1281
10795 1282
5341 1283
2394 1284
6013 1285
8514 1286
7329 1287
6292 1288
11118 1289
3465 1290
9201 1291
7895 1292
2091 1293
5253 1294
8637 1295
3706 1296
8901 1297
35 1298
5662 1299
14096 1300
5904 1301
5610 1302
8853 1303
13487 1304
8831 1305
3300 1306
9463 1307
1228 1308
4624 1309
10937 1310
13184 1311
10218 1312
11640 1313
4271 1314
1823 1315
1898 1316
4985 1317
3102 1318
2318 1319
1421 1320
7192 1321
242 1322
12078 1323
4097 1324
8609 1325
8453 1326
5697 1327
7330 1328
9745 1329
6831 1330
8965 1331
3328 1332
13758 1333
14051 1334
14758 1335
4702 1336
14940 1337
394 1338
8549 1339
12308 1340
11063 1341
5723 1342
11598 1343
2331 1344
12370 1345
7484 1346
1694 1347
14914 1348
12931 1349
7222 1350
8222 1351
6280 1352
10977 1353
7471 1354
12990 1355
650 1356
6310 1357
13472 1358
2845 1359
1568 1360
6207 1361
3202 1362
2910 1363
11513 1364
14999 1365
9441 1366
4287 1367
10190 1368
7770 1369
2389 1370
13372 1371
2955 1372
911 1373
13861 1374
2878 1375
8424 1376
12564 1377
2751 1378
7283 1379
13067 1380
4090 1381
7097 1382
2782 1383
13267 1384
2900 1385
7842 1386
5401 1387
1189 1388
9321 1389
5680 1390
5212 1391
12429 1392
8591 1393
8383 1394
2579 1395
9713 1396
3723 1397
4503 1398
9045 1399
2754 1400
2237 1401
10713 1402
9284 1403
14123 1404
8307 1405
1594 1406
11411 1407
4035 1408
10729 1409
9709 1410
10704 1411
6293 1412
11636 1413
3817 1414
10547 1415
794 1416
8752 1417
5909 1418
5094 1419
11728 1420
2137 1421
3354 1422
1091 1423
2577 1424
3223 1425
14055 1426
12446 1427
4 1428
1289 1429
13347 1430
3340 1431
3529 1432
5677 1433
4828 1434
4337 1435
495 1436
2182 1437
5383 1438
14391 1439
10829 1440
3110 1441
5604 1442
13718 1443
49 1444
7805 1445
98 1446
1597 1447
11951 1448
13470 1449
2848 1450
12655 1451
6754 1452
14383 1453
12312 1454
14790 1455
4758 1456
11047 1457
7903 1458
1233 1459
3658 1460
13194 1461
4463 1462
12907 1463
11336 1464
10440 1465
640 1466
11795 1467
4135 1468
4911 1469
11549 1470
14720 1471
6315 1472
4745 1473
11208 1474
12033 1475
6344 1476
9551 1477
14822 1478
12114 1479
5520 1480
833 1481
1308 1482
6375 1483
4444 1484
1371 1485
10595 1486
2474 1487
7035 1488
2483 1489
11263 1490
10057 1491
13066 1492
3459 1493
7383 1494
10366 1495
8821 1496
5772 1497
11679 1498
13703 1499
