1200 650
6613 0
5356 1
6072 2
1145 3
8143 4
11337 5
3802 6
5997 7
11136 8
11578 9
4562 10
11389 11
7795 12
10065 13
8515 14
11709 15
3509 16
1049 17
11621 18
9584 19
10404 20
6023 21
6443 22
1579 23
714 24
2666 25
7554 26
1014 27
9314 28
5438 29
7251 30
590 31
3688 32
6475 33
4789 34
9681 35
7732 36
7270 37
4510 38
7885 39
8341 40
3342 41
6007 42
5281 43
11718 44
2963 45
7795 46
8167 47
4706 48
11752 49
9684 50
352 51
8001 52
7254 53
8183 54
5401 55
6480 56
6406 57
9207 58
6717 59
11059 60
7839 61
8231 62
6167 63
6660 64
424 65
9763 66
8546 67
2915 68
11888 69
10137 70
8912 71
6503 72
10736 73
6599 74
7876 75
3857 76
8887 77
3821 78
2508 79
8400 80
941 81
5451 82
8459 83
2069 84
4927 85
4194 86
11253 87
3850 88
7326 89
470 90
1421 91
10222 92
2991 93
5826 94
394 95
10556 96
11291 97
3231 98
5748 99
5692 100
6828 101
10669 102
2575 103
8814 104
8000 105
9716 106
3185 107
4446 108
151 109
6994 110
5833 111
1938 112
7373 113
9235 114
4609 115
1944 116
9301 117
2928 118
11341 119
7931 120
2887 121
8239 122
11486 123
10997 124
5403 125
1092 126
10808 127
6029 128
7672 129
6621 130
8374 131
4197 132
4081 133
9159 134
437 135
3674 136
8923 137
249 138
8721 139
10331 140
1797 141
1269 142
4175 143
10612 144
11358 145
7509 146
10904 147
7646 148
5136 149
9762 150
5283 151
11493 152
6361 153
10120 154
451 155
10242 156
9349 157
468 158
1753 159
5335 160
10615 161
3420 162
4998 163
7049 164
10993 165
6301 166
489 167
9527 168
2723 169
6865 170
5393 171
9878 172
6984 173
4750 174
11034 175
6450 176
5958 177
10802 178
6815 179
10130 180
7202 181
2083 182
7572 183
5646 184
3656 185
3901 186
734 187
3155 188
11294 189
5499 190
10154 191
1245 192
11402 193
630 194
8882 195
2801 196
2618 197
5218 198
1866 199
711 200
2324 201
10721 202
10156 203
2384 204
2917 205
1623 206
6588 207
7235 208
7426 209
6358 210
7364 211
1944 212
6577 213
6277 214
7438 215
4696 216
4594 217
11292 218
1785 219
8219 220
4768 221
4848 222
3972 223
5544 224
193 225
7115 226
6481 227
7945 228
1371 229
9529 230
3769 231
1486 232
8928 233
11665 234
8028 235
7539 236
4853 237
7665 238
1922 239
1104 240
230 241
5564 242
11821 243
3329 244
5317 245
664 246
7484 247
11088 248
2465 249
11908 250
2758 251
4960 252
4073 253
10286 254
131 255
10044 256
5380 257
7992 258
888 259
11620 260
2281 261
992 262
8716 263
10130 264
4391 265
10514 266
2472 267
4867 268
5237 269
6219 270
7151 271
7864 272
6730 273
7734 274
4902 275
11741 276
5543 277
5170 278
2940 279
2696 280
293 281
5348 282
3589 283
9837 284
9368 285
5345 286
5054 287
4114 288
3897 289
5315 290
9112 291
9211 292
9833 293
8981 294
9148 295
1266 296
779 297
4682 298
3267 299
259 300
6497 301
4400 302
988 303
9888 304
8422 305
9629 306
7657 307
7288 308
9901 309
8001 310
3891 311
1590 312
4383 313
8359 314
2335 315
8399 316
6447 317
10116 318
5075 319
8131 320
5667 321
8021 322
9073 323
3350 324
5016 325
4366 326
4203 327
7573 328
568 329
4396 330
6804 331
247 332
7852 333
11142 334
3660 335
11971 336
10982 337
4363 338
8825 339
10723 340
2718 341
1765 342
89 343
7039 344
1855 345
9784 346
3986 347
6372 348
6541 349
6134 350
10601 351
1331 352
440 353
1911 354
6768 355
7665 356
7610 357
4549 358
8417 359
857 360
7746 361
7246 362
5231 363
4106 364
2316 365
10436 366
5554 367
8115 368
11988 369
10499 370
5608 371
9166 372
4784 373
4205 374
4709 375
11635 376
9263 377
3220 378
9558 379
1847 380
8943 381
7602 382
11748 383
6584 384
1887 385
9498 386
2293 387
2037 388
851 389
11211 390
1181 391
4718 392
11398 393
7867 394
9798 395
9733 396
1696 397
8484 398
5323 399
6778 400
10074 401
2815 402
1996 403
7216 404
5268 405
6666 406
4716 407
8913 408
4601 409
1319 410
2469 411
2340 412
3994 413
6137 414
4112 415
7589 416
5653 417
11797 418
3971 419
7584 420
1906 421
1001 422
2296 423
4982 424
1283 425
11932 426
4801 427
11519 428
1098 429
2246 430
8709 431
10289 432
4491 433
3584 434
11205 435
5403 436
2909 437
6525 438
7656 439
10815 440
6345 441
3993 442
7254 443
8969 444
680 445
8524 446
3371 447
4225 448
418 449
8057 450
8697 451
1007 452
6506 453
9344 454
8200 455
7079 456
6736 457
6885 458
3722 459
37 460
7732 461
9901 462
8444 463
7477 464
4081 465
11482 466
6409 467
9264 468
1269 469
730 470
4943 471
2215 472
10645 473
2531 474
8472 475
4689 476
5272 477
3221 478
4374 479
11416 480
9017 481
5220 482
10528 483
10102 484
191 485
11095 486
11202 487
4127 488
8785 489
1997 490
1008 491
2727 492
11976 493
42 494
6244 495
6765 496
10499 497
336 498
2593 499
1912 500
11802 501
11989 502
7245 503
1216 504
3955 505
10787 506
3681 507
10349 508
4877 509
8163 510
7773 511
4858 512
6946 513
4998 514
2655 515
9148 516
2772 517
2857 518
4028 519
10494 520
11671 521
4781 522
265 523
10 524
931 525
3556 526
4868 527
4253 528
5473 529
973 530
11152 531
3547 532
2034 533
4474 534
10889 535
3186 536
4363 537
9357 538
10019 539
11166 540
5968 541
5697 542
4918 543
9375 544
6393 545
3598 546
7549 547
6071 548
11403 549
5982 550
5995 551
7739 552
9216 553
63 554
2323 555
697 556
2887 557
6721 558
1740 559
8869 560
11926 561
2763 562
7515 563
603 564
1238 565
531 566
2449 567
2391 568
4119 569
4682 570
911 571
7217 572
8447 573
4848 574
3136 575
7961 576
3745 577
2479 578
3456 579
5834 580
6985 581
6778 582
6536 583
3217 584
10420 585
7548 586
1033 587
2216 588
2887 589
9881 590
2689 591
9194 592
6611 593
4762 594
5192 595
5687 596
7371 597
6647 598
4086 599
11310 600
11944 601
2313 602
11111 603
7646 604
54 605
5792 606
7141 607
1092 608
6089 609
7773 610
2666 611
461 612
744 613
10749 614
804 615
2387 616
5929 617
166 618
8705 619
859 620
10334 621
5880 622
4929 623
4944 624
2495 625
1667 626
11033 627
273 628
6849 629
8209 630
11016 631
2054 632
3752 633
4388 634
8236 635
10860 636
9374 637
2357 638
10747 639
1012 640
5577 641
7856 642
11310 643
6344 644
1199 645
8543 646
7834 647
4908 648
376 649
9886 650
7452 651
4184 652
11987 653
11486 654
8639 655
1217 656
10823 657
10839 658
6726 659
1278 660
1282 661
11355 662
624 663
8252 664
7049 665
4731 666
6443 667
43 668
7985 669
4362 670
894 671
1162 672
4147 673
5197 674
6279 675
3873 676
11759 677
4113 678
9004 679
9674 680
9061 681
9660 682
8687 683
5294 684
3283 685
11356 686
11908 687
740 688
167 689
5608 690
5208 691
2735 692
11273 693
7428 694
11078 695
4550 696
7993 697
397 698
9701 699
10687 700
5356 701
4867 702
6050 703
7924 704
5337 705
11394 706
9286 707
9643 708
2479 709
9147 710
7476 711
7404 712
9044 713
7968 714
7528 715
10310 716
8928 717
10069 718
9726 719
6936 720
4279 721
10880 722
2678 723
10286 724
10833 725
9189 726
2751 727
2633 728
2596 729
6231 730
10664 731
4084 732
10103 733
8803 734
10813 735
7675 736
6735 737
1295 738
6357 739
2587 740
5639 741
1725 742
5746 743
5360 744
7234 745
5056 746
3493 747
8676 748
3917 749
3765 750
2866 751
6623 752
462 753
526 754
1815 755
6786 756
7686 757
3554 758
2028 759
1229 760
7779 761
10311 762
699 763
4240 764
7689 765
2599 766
8355 767
774 768
1961 769
860 770
11039 771
7251 772
8016 773
630 774
9241 775
4667 776
5362 777
2303 778
11862 779
1749 780
3864 781
9853 782
7844 783
2223 784
10457 785
2167 786
319 787
2827 788
2514 789
11243 790
8011 791
4311 792
11929 793
9468 794
10148 795
10552 796
126 797
2873 798
3945 799
2698 800
9205 801
384 802
1293 803
6038 804
4618 805
11162 806
2722 807
440 808
7423 809
5493 810
8225 811
3353 812
4351 813
2817 814
3847 815
10868 816
5025 817
1951 818
2383 819
6117 820
5628 821
8896 822
7331 823
6694 824
2246 825
3580 826
6860 827
2307 828
2297 829
11924 830
39 831
2370 832
2947 833
4370 834
7662 835
36 836
4385 837
3431 838
1947 839
914 840
8890 841
8725 842
11492 843
8323 844
1554 845
1590 846
1543 847
140 848
1006 849
5314 850
800 851
9672 852
8495 853
245 854
11688 855
6070 856
10381 857
11699 858
11625 859
9751 860
2534 861
898 862
8749 863
6861 864
11042 865
4392 866
8206 867
8501 868
8283 869
10881 870
11437 871
3415 872
11539 873
10353 874
11524 875
9911 876
7801 877
4855 878
4035 879
2559 880
3704 881
1697 882
1026 883
1810 884
10135 885
2647 886
2764 887
1309 888
11649 889
7762 890
5698 891
2929 892
2436 893
2974 894
6369 895
3743 896
5180 897
11604 898
7039 899
7626 900
6223 901
8176 902
918 903
7936 904
9719 905
5215 906
7917 907
5078 908
792 909
7443 910
5037 911
7470 912
3001 913
6723 914
8019 915
7216 916
10835 917
6968 918
11230 919
9438 920
6548 921
6543 922
268 923
5366 924
34 925
6818 926
5557 927
10519 928
4744 929
9974 930
11909 931
176 932
2390 933
2093 934
3488 935
5357 936
10338 937
2858 938
1750 939
426 940
168 941
232 942
8488 943
2303 944
7825 945
603 946
843 947
11860 948
8426 949
2560 950
11817 951
10591 952
6844 953
10929 954
11683 955
6383 956
1743 957
4707 958
40 959
8313 960
4340 961
6724 962
3983 963
7176 964
10283 965
7049 966
8625 967
2960 968
2672 969
4984 970
2352 971
4182 972
1026 973
1584 974
8967 975
4948 976
3544 977
526 978
7748 979
11797 980
1625 981
6655 982
4648 983
6232 984
3728 985
6043 986
11482 987
4826 988
2573 989
11682 990
1530 991
3053 992
2777 993
3103 994
11776 995
4035 996
5983 997
2898 998
930 999
1676 1000
10997 1001
4085 1002
6744 1003
1180 1004
7466 1005
4869 1006
7071 1007
8617 1008
4022 1009
8143 1010
7574 1011
11867 1012
11042 1013
10606 1014
5831 1015
3137 1016
8897 1017
9598 1018
7488 1019
10673 1020
1352 1021
6206 1022
3034 1023
5177 1024
7307 1025
10784 1026
7532 1027
5965 1028
6853 1029
8880 1030
6520 1031
4214 1032
11425 1033
11132 1034
1899 1035
11266 1036
11125 1037
4531 1038
4807 1039
11781 1040
4127 1041
10780 1042
10754 1043
2803 1044
3953 1045
10007 1046
11725 1047
2301 1048
2519 1049
4194 1050
8885 1051
7354 1052
1523 1053
11207 1054
5800 1055
5018 1056
6032 1057
10421 1058
2832 1059
10096 1060
11884 1061
295 1062
1114 1063
606 1064
11892 1065
8068 1066
696 1067
4560 1068
3724 1069
2889 1070
9375 1071
11193 1072
2692 1073
3097 1074
1352 1075
2939 1076
8162 1077
11180 1078
8831 1079
6335 1080
1853 1081
11242 1082
11617 1083
11964 1084
10811 1085
867 1086
606 1087
4229 1088
11830 1089
5449 1090
6991 1091
680 1092
1155 1093
2129 1094
8234 1095
9919 1096
5456 1097
11524 1098
542 1099
2073 1100
10329 1101
10020 1102
431 1103
4531 1104
11804 1105
2374 1106
8474 1107
5216 1108
9547 1109
97 1110
6219 1111
2142 1112
748 1113
10168 1114
3289 1115
9083 1116
7063 1117
1750 1118
8039 1119
3442 1120
347 1121
7545 1122
9379 1123
1911 1124
8150 1125
11507 1126
10929 1127
3894 1128
3671 1129
379 1130
7705 1131
8459 1132
5377 1133
3711 1134
6876 1135
2039 1136
9558 1137
5861 1138
7558 1139
2590 1140
4570 1141
849 1142
5911 1143
125 1144
9725 1145
3814 1146
2052 1147
2004 1148
5719 1149
11259 1150
9336 1151
5385 1152
7265 1153
446 1154
2095 1155
6032 1156
11604 1157
1255 1158
11809 1159
152 1160
4681 1161
3739 1162
3762 1163
9030 1164
7287 1165
6572 1166
4413 1167
3413 1168
10446 1169
1634 1170
6976 1171
687 1172
500 1173
4405 1174
6712 1175
2382 1176
4680 1177
2576 1178
594 1179
10961 1180
7555 1181
6275 1182
8131 1183
1727 1184
2760 1185
7620 1186
1040 1187
6936 1188
3644 1189
5134 1190
7843 1191
10212 1192
8092 1193
4332 1194
4931 1195
5718 1196
5444 1197
4989 1198
351 1199
