1150 300
2426 0
795 1
3649 2
1064 3
5159 4
9675 5
7214 6
10830 7
2842 8
6865 9
9298 10
1004 11
6812 12
2299 13
10798 14
7668 15
10927 16
3789 17
11486 18
5467 19
7128 20
2947 21
11306 22
3810 23
8883 24
8775 25
4457 26
2688 27
3571 28
5271 29
9861 30
2499 31
2474 32
8058 33
5129 34
9117 35
8346 36
4623 37
5912 38
9428 39
9630 40
1004 41
10467 42
9609 43
8785 44
9831 45
8168 46
659 47
7659 48
843 49
4702 50
4226 51
8595 52
9480 53
9185 54
2777 55
4274 56
3334 57
10917 58
3312 59
8952 60
3682 61
5240 62
6470 63
10879 64
8734 65
7324 66
9776 67
6311 68
5122 69
6661 70
5118 71
10337 72
5971 73
9419 74
234 75
828 76
7554 77
5612 78
5572 79
321 80
3662 81
3379 82
10545 83
6398 84
10510 85
3684 86
1690 87
6043 88
3261 89
11437 90
5384 91
2735 92
1454 93
6793 94
4610 95
4133 96
485 97
2504 98
2346 99
10502 100
3139 101
3348 102
6190 103
6448 104
2277 105
10426 106
6708 107
1532 108
7735 109
6541 110
208 111
2577 112
2466 113
605 114
2213 115
5712 116
2033 117
5372 118
3140 119
5633 120
5859 121
7328 122
2029 123
1512 124
7348 125
9348 126
5526 127
11464 128
3855 129
8574 130
5285 131
6151 132
34 133
6862 134
7357 135
10341 136
10828 137
2062 138
10191 139
5398 140
2937 141
8998 142
3191 143
8849 144
6519 145
1228 146
566 147
237 148
2516 149
4311 150
8051 151
5477 152
1219 153
1091 154
5625 155
9278 156
8297 157
8902 158
5139 159
7371 160
6299 161
2687 162
8104 163
4852 164
6098 165
4926 166
10191 167
8801 168
4303 169
92 170
5133 171
1425 172
9548 173
2665 174
9271 175
3267 176
1511 177
8718 178
10868 179
150 180
3458 181
7369 182
234 183
11051 184
8908 185
6730 186
9341 187
6768 188
9281 189
8631 190
3888 191
1258 192
5591 193
7841 194
6961 195
1680 196
3195 197
2191 198
1544 199
4473 200
11065 201
1830 202
9711 203
7569 204
5653 205
11310 206
999 207
2163 208
7630 209
8829 210
4826 211
2089 212
5626 213
2387 214
7331 215
7426 216
8619 217
9452 218
8940 219
326 220
8319 221
4595 222
10072 223
4152 224
6916 225
11293 226
3002 227
2003 228
8323 229
2730 230
606 231
2241 232
7063 233
2799 234
2285 235
8491 236
865 237
9135 238
7758 239
8379 240
5215 241
11402 242
7840 243
7203 244
677 245
7222 246
2326 247
7955 248
9932 249
6817 250
10135 251
1179 252
10934 253
1832 254
1705 255
70 256
439 257
6501 258
440 259
9346 260
6474 261
2989 262
2098 263
1132 264
2683 265
10066 266
3821 267
3470 268
4517 269
4410 270
3993 271
2520 272
9422 273
1622 274
3288 275
6357 276
4602 277
8042 278
838 279
7993 280
831 281
6837 282
11495 283
11302 284
2281 285
4281 286
7660 287
10087 288
6801 289
2952 290
2801 291
10623 292
7276 293
3285 294
10006 295
1075 296
3735 297
4197 298
4930 299
7876 300
6477 301
294 302
4880 303
7504 304
2781 305
11476 306
8937 307
10734 308
10764 309
4077 310
6239 311
5930 312
10842 313
2870 314
3279 315
8541 316
831 317
9591 318
6213 319
8483 320
5618 321
10212 322
8935 323
7075 324
9639 325
120 326
660 327
7005 328
2884 329
1286 330
8178 331
7055 332
3178 333
5899 334
4908 335
10080 336
7750 337
2356 338
5005 339
10895 340
4138 341
7877 342
5217 343
1403 344
3301 345
9686 346
2350 347
1874 348
2833 349
1412 350
7688 351
4311 352
9746 353
11494 354
6962 355
3586 356
10002 357
11360 358
8246 359
1595 360
7443 361
2523 362
2945 363
11429 364
3204 365
290 366
10038 367
6850 368
5427 369
1730 370
11281 371
7185 372
11148 373
11465 374
2565 375
3751 376
6741 377
545 378
6122 379
3535 380
4963 381
6630 382
395 383
5539 384
9024 385
2795 386
3756 387
6299 388
3834 389
3476 390
8471 391
4101 392
2527 393
6395 394
215 395
10171 396
5011 397
9676 398
6737 399
4044 400
6310 401
258 402
2083 403
1586 404
6820 405
4725 406
5989 407
7276 408
7751 409
5908 410
9143 411
6562 412
10072 413
7810 414
6725 415
9181 416
4194 417
4426 418
2731 419
5529 420
11205 421
10540 422
1565 423
4073 424
8604 425
2201 426
2970 427
6293 428
5591 429
5412 430
8710 431
9801 432
9480 433
10936 434
8773 435
8709 436
2953 437
619 438
6498 439
2542 440
7304 441
3134 442
1496 443
3017 444
8730 445
10420 446
6949 447
7645 448
167 449
6086 450
9860 451
1625 452
8353 453
511 454
9490 455
4581 456
6533 457
6967 458
6096 459
193 460
5524 461
6561 462
4092 463
2489 464
33 465
7997 466
5490 467
5790 468
2281 469
9748 470
5079 471
10621 472
4407 473
3294 474
680 475
3654 476
10756 477
6166 478
2782 479
2639 480
7025 481
2050 482
1934 483
5251 484
661 485
2354 486
6331 487
11100 488
3617 489
7424 490
1406 491
4005 492
5175 493
6755 494
9794 495
2732 496
8654 497
6991 498
4791 499
4203 500
8468 501
10847 502
4214 503
9970 504
11128 505
6199 506
8268 507
10306 508
10389 509
6462 510
2711 511
8957 512
3033 513
6524 514
1733 515
10691 516
6741 517
9215 518
4385 519
3197 520
8345 521
9611 522
7003 523
9367 524
6103 525
268 526
4825 527
6016 528
1003 529
11080 530
8651 531
10523 532
2527 533
9230 534
10230 535
2973 536
7008 537
7371 538
4394 539
1968 540
6182 541
4130 542
7020 543
10849 544
6504 545
707 546
451 547
4682 548
11253 549
11107 550
576 551
2902 552
5349 553
301 554
9817 555
11261 556
1430 557
605 558
1375 559
8454 560
8612 561
2645 562
7253 563
79 564
3487 565
3105 566
8649 567
622 568
6174 569
585 570
8551 571
2933 572
3405 573
9677 574
6307 575
9096 576
8167 577
6159 578
5524 579
9495 580
8685 581
2410 582
1122 583
6543 584
5608 585
2143 586
822 587
1612 588
3286 589
2890 590
10229 591
1896 592
3241 593
6691 594
6318 595
6432 596
11200 597
11220 598
5256 599
7873 600
3700 601
2916 602
1151 603
6700 604
7307 605
4770 606
5765 607
2308 608
3276 609
856 610
5310 611
10819 612
10914 613
8386 614
7436 615
8512 616
9424 617
1624 618
10552 619
9805 620
11075 621
10385 622
6412 623
11017 624
6297 625
9986 626
5782 627
10826 628
6629 629
9705 630
8530 631
5801 632
7922 633
590 634
1425 635
8419 636
2285 637
4240 638
8826 639
9445 640
8737 641
10895 642
467 643
7401 644
8045 645
1266 646
7909 647
3107 648
8182 649
7587 650
1865 651
5170 652
8231 653
11126 654
7975 655
6226 656
5928 657
1393 658
9582 659
7705 660
3910 661
2365 662
640 663
922 664
9415 665
7245 666
3769 667
1027 668
8151 669
9967 670
2001 671
461 672
85 673
1161 674
7986 675
6488 676
4687 677
1211 678
5814 679
5710 680
8342 681
7409 682
5173 683
4688 684
425 685
8258 686
9952 687
1287 688
4871 689
8537 690
11149 691
7707 692
10422 693
1253 694
9776 695
6630 696
4647 697
4154 698
794 699
11468 700
529 701
410 702
9906 703
10829 704
861 705
9628 706
620 707
7873 708
10951 709
313 710
442 711
8054 712
2577 713
10693 714
5499 715
1926 716
2269 717
10327 718
3586 719
6560 720
9273 721
10524 722
5706 723
6687 724
1747 725
4658 726
2626 727
1125 728
1104 729
6013 730
2946 731
11184 732
2547 733
7676 734
5607 735
5093 736
5038 737
1019 738
3493 739
11034 740
4842 741
10494 742
10023 743
2049 744
3712 745
1172 746
2267 747
7421 748
210 749
10264 750
9317 751
1628 752
3805 753
10532 754
605 755
340 756
5195 757
9209 758
1265 759
3128 760
7917 761
1589 762
1822 763
5172 764
10334 765
5228 766
2326 767
975 768
8549 769
9807 770
1779 771
880 772
10238 773
10142 774
2887 775
9800 776
3595 777
3671 778
10285 779
6137 780
4216 781
1092 782
11008 783
9834 784
1519 785
4398 786
1885 787
6290 788
2592 789
2037 790
3595 791
6078 792
6756 793
1360 794
4027 795
10763 796
5582 797
5853 798
9868 799
10263 800
2072 801
4996 802
4489 803
4751 804
8507 805
4029 806
2785 807
8706 808
8764 809
6803 810
4736 811
9572 812
8919 813
9804 814
3631 815
1901 816
2485 817
10411 818
4640 819
237 820
10067 821
5588 822
9950 823
355 824
949 825
2091 826
8863 827
2051 828
8629 829
9259 830
11077 831
3935 832
5646 833
7917 834
10303 835
1131 836
10043 837
8981 838
448 839
6175 840
3790 841
9031 842
5309 843
641 844
10337 845
8023 846
11093 847
7155 848
6441 849
1554 850
3543 851
3251 852
4709 853
4731 854
8373 855
10267 856
11288 857
9406 858
1252 859
3454 860
7403 861
2141 862
2092 863
6984 864
4983 865
11322 866
10479 867
10287 868
2102 869
8089 870
3485 871
6846 872
8483 873
9989 874
4041 875
7819 876
4090 877
4627 878
6879 879
10225 880
3090 881
5324 882
10034 883
4284 884
2337 885
1774 886
2021 887
4365 888
8736 889
389 890
7777 891
1663 892
10371 893
11208 894
3497 895
6984 896
2024 897
10547 898
2570 899
2173 900
4570 901
7240 902
2040 903
7973 904
3144 905
6158 906
1933 907
4095 908
9817 909
2102 910
3858 911
2110 912
6892 913
10221 914
9891 915
3365 916
3678 917
10124 918
2244 919
7065 920
10851 921
8207 922
1190 923
9659 924
5962 925
4736 926
7768 927
407 928
4113 929
1911 930
5771 931
4341 932
2295 933
4760 934
4043 935
2250 936
1692 937
5637 938
7452 939
2848 940
5709 941
8688 942
6643 943
10672 944
9001 945
9267 946
2522 947
10544 948
4940 949
6327 950
3505 951
7236 952
5692 953
9865 954
1749 955
1841 956
5684 957
5518 958
2691 959
7598 960
10417 961
8174 962
367 963
4198 964
7827 965
7854 966
797 967
10688 968
1311 969
11284 970
3382 971
11011 972
10120 973
4358 974
10972 975
6621 976
9240 977
5405 978
5815 979
111 980
8700 981
42 982
10764 983
11448 984
8576 985
5305 986
9838 987
6921 988
7563 989
3066 990
9133 991
5611 992
4619 993
3443 994
669 995
8896 996
598 997
4653 998
2291 999
10104 1000
10763 1001
4326 1002
7040 1003
2699 1004
10056 1005
1954 1006
8106 1007
7903 1008
1581 1009
7686 1010
7070 1011
573 1012
740 1013
8709 1014
1907 1015
8595 1016
7850 1017
812 1018
9347 1019
4438 1020
4748 1021
8377 1022
9355 1023
9841 1024
264 1025
5213 1026
6215 1027
8503 1028
9378 1029
1886 1030
1268 1031
924 1032
1680 1033
3929 1034
1032 1035
1221 1036
1653 1037
4576 1038
7825 1039
8152 1040
10577 1041
4080 1042
2900 1043
9582 1044
639 1045
3867 1046
10236 1047
1438 1048
6024 1049
3260 1050
7775 1051
4281 1052
7056 1053
10658 1054
11259 1055
10111 1056
2111 1057
1101 1058
2601 1059
9100 1060
4625 1061
6314 1062
1823 1063
4755 1064
1872 1065
8635 1066
1703 1067
7275 1068
11400 1069
1428 1070
2435 1071
8846 1072
8471 1073
1858 1074
4174 1075
9979 1076
610 1077
7246 1078
1882 1079
10379 1080
9974 1081
5434 1082
9711 1083
3036 1084
10826 1085
5501 1086
4925 1087
11141 1088
2009 1089
9460 1090
9496 1091
69 1092
8306 1093
11464 1094
1545 1095
9629 1096
5378 1097
1960 1098
3784 1099
2751 1100
9493 1101
7251 1102
10526 1103
1285 1104
3374 1105
3863 1106
7908 1107
9570 1108
863 1109
908 1110
6368 1111
8005 1112
2981 1113
7461 1114
2431 1115
10353 1116
2005 1117
6356 1118
113 1119
8924 1120
9511 1121
394 1122
2361 1123
9837 1124
8700 1125
3885 1126
2017 1127
9732 1128
5603 1129
9580 1130
5112 1131
8116 1132
866 1133
8126 1134
7386 1135
916 1136
10127 1137
8624 1138
8577 1139
8587 1140
1293 1141
8185 1142
423 1143
4760 1144
6204 1145
533 1146
10942 1147
7349 1148
5157 1149
