1300 900
7067 0
6438 1
10856 2
6766 3
8196 4
2959 5
1341 6
2600 7
394 8
4970 9
2565 10
3639 11
4701 12
4619 13
7644 14
3906 15
6151 16
8329 17
9215 18
11616 19
8976 20
11591 21
6940 22
12546 23
11017 24
5929 25
7890 26
1823 27
400 28
9311 29
10245 30
12593 31
5746 32
505 33
4515 34
969 35
733 36
9418 37
10139 38
9118 39
564 40
4777 41
3524 42
9154 43
12911 44
9113 45
511 46
9078 47
1491 48
5226 49
2448 50
12368 51
8129 52
10192 53
1496 54
1756 55
3024 56
6376 57
9666 58
4335 59
3112 60
9570 61
4016 62
3664 63
10202 64
5809 65
8615 66
563 67
8613 68
12340 69
4417 70
2725 71
3723 72
5000 73
9279 74
5521 75
11545 76
6200 77
2424 78
8245 79
4244 80
11153 81
11585 82
9470 83
2199 84
5521 85
7148 86
2307 87
9930 88
6598 89
1669 90
7328 91
1763 92
10869 93
11413 94
8220 95
9278 96
1495 97
6352 98
6059 99
5470 100
3279 101
4067 102
3433 103
4206 104
4788 105
9810 106
5019 107
3616 108
7144 109
12965 110
12655 111
10311 112
4072 113
6721 114
7959 115
9990 116
9321 117
3839 118
6820 119
4887 120
10417 121
8784 122
11868 123
8732 124
2126 125
3068 126
4069 127
7893 128
7785 129
6681 130
4339 131
9115 132
12708 133
4253 134
11899 135
5048 136
9305 137
10611 138
12542 139
8771 140
2299 141
4988 142
7623 143
4527 144
5545 145
11896 146
3978 147
6260 148
9945 149
5841 150
11678 151
2747 152
4227 153
5670 154
4862 155
2282 156
10814 157
9071 158
556 159
9806 160
12646 161
2231 162
8553 163
854 164
6179 165
6463 166
8185 167
9364 168
892 169
6512 170
6250 171
6540 172
7983 173
6098 174
6309 175
8885 176
1381 177
9423 178
9647 179
1955 180
7108 181
3013 182
8781 183
12847 184
239 185
3337 186
3445 187
5780 188
7770 189
119 190
4214 191
12781 192
4425 193
766 194
10712 195
9822 196
5718 197
978 198
11348 199
7263 200
641 201
1058 202
2760 203
4219 204
8561 205
928 206
2190 207
11068 208
1923 209
5301 210
2870 211
1634 212
4519 213
10578 214
6313 215
5244 216
4136 217
9245 218
7176 219
2683 220
9831 221
11229 222
1923 223
7574 224
2597 225
11422 226
6389 227
12649 228
113 229
3595 230
12093 231
4840 232
8799 233
11779 234
9358 235
709 236
3833 237
11087 238
3140 239
2204 240
12579 241
5938 242
7425 243
7888 244
1336 245
6165 246
12525 247
3155 248
12746 249
5072 250
9022 251
9894 252
3279 253
1311 254
9642 255
7315 256
8862 257
8421 258
12210 259
11902 260
6690 261
1257 262
11801 263
184 264
3603 265
6411 266
19 267
7178 268
7485 269
7722 270
12603 271
12663 272
12712 273
8488 274
12756 275
5764 276
835 277
1373 278
8946 279
1132 280
4715 281
11807 282
10542 283
4749 284
512 285
11238 286
12265 287
779 288
6775 289
3123 290
12592 291
7076 292
6748 293
4007 294
3628 295
9905 296
4629 297
2948 298
4118 299
4348 300
8031 301
6841 302
8639 303
4403 304
3353 305
3153 306
33 307
9547 308
2039 309
12615 310
2885 311
2696 312
8068 313
4475 314
4574 315
4447 316
4957 317
11166 318
864 319
7022 320
2507 321
3467 322
2652 323
8877 324
3013 325
6667 326
5732 327
10222 328
10437 329
4050 330
1552 331
5651 332
1257 333
9905 334
2734 335
3465 336
12839 337
4968 338
6197 339
4240 340
10793 341
4268 342
12103 343
7428 344
6824 345
2843 346
949 347
5784 348
6061 349
7450 350
4432 351
2178 352
8999 353
5190 354
5912 355
3192 356
9883 357
10561 358
8827 359
10747 360
12581 361
5456 362
2033 363
12554 364
2331 365
12816 366
7672 367
12396 368
2008 369
11348 370
5450 371
898 372
1533 373
1373 374
5554 375
3868 376
7551 377
6439 378
11551 379
1064 380
3695 381
5149 382
1244 383
5957 384
9818 385
1905 386
4793 387
11377 388
11458 389
11585 390
5052 391
7120 392
12256 393
797 394
9897 395
8949 396
5718 397
4476 398
8526 399
1908 400
6307 401
5837 402
7413 403
11026 404
7480 405
6848 406
5498 407
2243 408
1293 409
9296 410
11404 411
8893 412
1312 413
9187 414
3677 415
4052 416
1940 417
7401 418
8405 419
11535 420
9477 421
10610 422
7216 423
4953 424
5817 425
1885 426
8779 427
5310 428
6097 429
7456 430
3852 431
12964 432
536 433
7087 434
9141 435
10146 436
5116 437
10108 438
1430 439
11177 440
6349 441
4740 442
971 443
1196 444
4004 445
4222 446
7003 447
7192 448
8882 449
4554 450
11833 451
8522 452
8929 453
9484 454
9640 455
2503 456
4523 457
8039 458
4366 459
8326 460
4983 461
12414 462
9610 463
3109 464
10384 465
9263 466
8998 467
10227 468
6736 469
1751 470
10985 471
2591 472
3732 473
5180 474
9740 475
3458 476
5097 477
10276 478
444 479
3403 480
3647 481
6051 482
5916 483
9281 484
12096 485
11276 486
1839 487
5487 488
11465 489
12483 490
6057 491
11333 492
11057 493
4641 494
11982 495
5762 496
3126 497
11755 498
4596 499
3774 500
9701 501
3869 502
10133 503
4485 504
8979 505
2615 506
6207 507
9710 508
12056 509
3393 510
12638 511
6590 512
8067 513
3517 514
1742 515
3948 516
239 517
8339 518
1315 519
139 520
2952 521
10743 522
11506 523
6037 524
1121 525
6397 526
7935 527
12193 528
494 529
2238 530
2538 531
9593 532
2952 533
3063 534
6565 535
444 536
3685 537
1460 538
1258 539
5629 540
10285 541
2977 542
6917 543
3458 544
222 545
795 546
12641 547
2983 548
882 549
6815 550
10915 551
1160 552
2141 553
5898 554
9862 555
9940 556
761 557
11820 558
6098 559
4188 560
11376 561
10859 562
11109 563
9798 564
4067 565
5878 566
12094 567
10877 568
3512 569
2295 570
6288 571
1670 572
10223 573
12788 574
3212 575
7290 576
5264 577
4934 578
11597 579
3682 580
7063 581
6830 582
9074 583
12841 584
8877 585
1127 586
11330 587
8871 588
6710 589
12775 590
8540 591
7587 592
7564 593
11745 594
3791 595
8579 596
11544 597
8934 598
3250 599
6709 600
8151 601
10192 602
3761 603
8614 604
11889 605
8825 606
5040 607
1959 608
9019 609
8939 610
11965 611
9108 612
11353 613
4759 614
12670 615
4570 616
2365 617
3867 618
7736 619
6765 620
12243 621
12593 622
2295 623
7911 624
1871 625
9893 626
2951 627
10509 628
10687 629
1186 630
11511 631
3674 632
10567 633
1909 634
9899 635
3157 636
3434 637
12448 638
1355 639
3394 640
10704 641
10619 642
4115 643
6097 644
5381 645
6704 646
4381 647
6156 648
12266 649
4624 650
4696 651
7343 652
9787 653
4116 654
7602 655
3927 656
3633 657
5622 658
2240 659
10798 660
3687 661
12726 662
3003 663
171 664
9675 665
11627 666
6142 667
6063 668
7068 669
7090 670
8503 671
3414 672
5527 673
7922 674
3527 675
2064 676
3090 677
1530 678
12942 679
4881 680
3546 681
4971 682
1054 683
4738 684
1431 685
1909 686
11242 687
2180 688
8576 689
7683 690
6935 691
8488 692
3502 693
12082 694
4995 695
8588 696
8080 697
8054 698
3922 699
7925 700
392 701
4287 702
7437 703
1124 704
7566 705
11742 706
12910 707
6914 708
194 709
6415 710
5725 711
4071 712
1539 713
4932 714
445 715
4743 716
8600 717
2159 718
3640 719
8038 720
12548 721
442 722
2668 723
12875 724
1693 725
1437 726
3357 727
3739 728
5496 729
1729 730
3359 731
12609 732
9737 733
9089 734
4972 735
4088 736
622 737
8976 738
3886 739
6675 740
3725 741
10795 742
7197 743
4187 744
394 745
10 746
9997 747
2845 748
10966 749
12181 750
12477 751
8969 752
12747 753
8841 754
906 755
6814 756
8572 757
3129 758
8785 759
2834 760
11931 761
12327 762
4961 763
3517 764
11045 765
7275 766
3513 767
3584 768
5710 769
8413 770
9899 771
7409 772
4218 773
1465 774
65 775
8800 776
8889 777
4962 778
2959 779
656 780
8607 781
6652 782
3257 783
9653 784
2106 785
7013 786
4532 787
3405 788
5690 789
10895 790
12455 791
10555 792
4478 793
8733 794
2080 795
3038 796
11000 797
112 798
4611 799
9919 800
3263 801
479 802
4827 803
1345 804
5252 805
11464 806
5365 807
11567 808
3078 809
2896 810
5084 811
5116 812
4523 813
3600 814
11900 815
5742 816
607 817
5108 818
1631 819
11247 820
7546 821
10261 822
10843 823
982 824
7708 825
9767 826
94 827
7316 828
7905 829
1298 830
11657 831
4719 832
5802 833
2052 834
6944 835
9742 836
12013 837
5202 838
10650 839
1707 840
8115 841
10779 842
3970 843
3622 844
10875 845
6158 846
5182 847
981 848
11092 849
11043 850
9176 851
11330 852
1469 853
1409 854
9040 855
10963 856
8001 857
10610 858
5400 859
1370 860
4104 861
8267 862
3337 863
6890 864
11782 865
11613 866
6551 867
8820 868
12788 869
4242 870
1336 871
11021 872
10180 873
3921 874
12046 875
12116 876
8898 877
5665 878
3971 879
12714 880
4688 881
5692 882
10777 883
9138 884
153 885
6883 886
10440 887
8404 888
3100 889
6527 890
11480 891
11823 892
5631 893
8179 894
6312 895
914 896
6413 897
7642 898
3204 899
5758 900
3127 901
10033 902
5991 903
7233 904
8116 905
9310 906
5990 907
1720 908
1121 909
2435 910
10761 911
9433 912
9430 913
961 914
4436 915
5723 916
7601 917
6227 918
2706 919
11054 920
3596 921
5119 922
12287 923
12242 924
2992 925
6980 926
8997 927
5975 928
12186 929
5694 930
5212 931
4912 932
11438 933
3283 934
2763 935
2811 936
9624 937
4852 938
3699 939
11625 940
10036 941
3774 942
2435 943
7843 944
7811 945
8310 946
12982 947
915 948
6709 949
3893 950
5702 951
478 952
4544 953
9532 954
11546 955
2823 956
7923 957
7093 958
4104 959
1130 960
8347 961
2625 962
2700 963
8098 964
7063 965
7740 966
2990 967
12695 968
4890 969
5527 970
1583 971
3075 972
6144 973
8062 974
8479 975
11599 976
1458 977
9126 978
9440 979
2224 980
12934 981
84 982
9910 983
9302 984
3307 985
12171 986
11873 987
360 988
10487 989
6583 990
2958 991
10056 992
637 993
2126 994
5302 995
7451 996
7485 997
12798 998
2564 999
6211 1000
10495 1001
11170 1002
3295 1003
1014 1004
2918 1005
1370 1006
12721 1007
8596 1008
6131 1009
12170 1010
57 1011
4519 1012
3375 1013
12916 1014
303 1015
358 1016
1918 1017
6049 1018
5184 1019
12371 1020
10997 1021
10639 1022
4489 1023
7109 1024
12715 1025
8386 1026
4313 1027
5023 1028
7255 1029
10075 1030
12475 1031
5568 1032
395 1033
9789 1034
7109 1035
341 1036
588 1037
1009 1038
7075 1039
9795 1040
12872 1041
8294 1042
7293 1043
7134 1044
5964 1045
12191 1046
6556 1047
8951 1048
475 1049
11990 1050
7627 1051
1872 1052
3422 1053
8303 1054
94 1055
8674 1056
11638 1057
12818 1058
12431 1059
397 1060
11656 1061
1507 1062
6616 1063
9866 1064
5473 1065
3355 1066
2371 1067
4881 1068
6513 1069
9686 1070
2189 1071
2933 1072
12613 1073
7325 1074
2010 1075
8862 1076
11779 1077
6597 1078
9777 1079
10741 1080
9173 1081
12698 1082
6449 1083
2660 1084
12832 1085
5191 1086
1263 1087
2186 1088
1076 1089
4453 1090
1700 1091
2463 1092
10305 1093
12359 1094
7754 1095
5046 1096
8276 1097
1752 1098
1124 1099
1857 1100
8820 1101
1921 1102
2680 1103
1312 1104
6543 1105
1192 1106
5487 1107
3769 1108
12121 1109
1812 1110
125 1111
10130 1112
6680 1113
9675 1114
7393 1115
1032 1116
11367 1117
6140 1118
4136 1119
3531 1120
1844 1121
9625 1122
5992 1123
11524 1124
11488 1125
8885 1126
12582 1127
8674 1128
12031 1129
3536 1130
7343 1131
7351 1132
4128 1133
2802 1134
4170 1135
6599 1136
5538 1137
8394 1138
1088 1139
1173 1140
6439 1141
6441 1142
1192 1143
11525 1144
2133 1145
3358 1146
10330 1147
8666 1148
6326 1149
11378 1150
5829 1151
9982 1152
5758 1153
3416 1154
9090 1155
9313 1156
1769 1157
7310 1158
5436 1159
9947 1160
8379 1161
5609 1162
10447 1163
7585 1164
1128 1165
9827 1166
2840 1167
7990 1168
12116 1169
7735 1170
3167 1171
11134 1172
7537 1173
954 1174
502 1175
6135 1176
6603 1177
4320 1178
4184 1179
4815 1180
2769 1181
3787 1182
10895 1183
8830 1184
12715 1185
4648 1186
2247 1187
3891 1188
4419 1189
2894 1190
2592 1191
3117 1192
11040 1193
11379 1194
8682 1195
3619 1196
6135 1197
5385 1198
6341 1199
8391 1200
11315 1201
6516 1202
3514 1203
5528 1204
2597 1205
5241 1206
9711 1207
17 1208
4740 1209
2444 1210
1566 1211
4338 1212
3164 1213
533 1214
3245 1215
7033 1216
4713 1217
4588 1218
42 1219
2587 1220
3300 1221
9657 1222
8631 1223
3416 1224
6205 1225
11446 1226
12288 1227
12401 1228
6064 1229
3784 1230
6972 1231
2298 1232
8624 1233
7422 1234
3477 1235
11581 1236
1298 1237
6319 1238
3742 1239
7459 1240
126 1241
2028 1242
10154 1243
4000 1244
1643 1245
4678 1246
10524 1247
7710 1248
8320 1249
5957 1250
3607 1251
6620 1252
3130 1253
8929 1254
9184 1255
6230 1256
4044 1257
6934 1258
4221 1259
7318 1260
6842 1261
5388 1262
3343 1263
12369 1264
5787 1265
7900 1266
3273 1267
10087 1268
10135 1269
39 1270
4068 1271
10442 1272
8276 1273
3243 1274
3893 1275
968 1276
442 1277
12648 1278
8598 1279
11656 1280
5641 1281
10289 1282
1999 1283
8013 1284
10970 1285
4956 1286
12125 1287
8869 1288
1436 1289
4942 1290
11903 1291
10967 1292
8624 1293
12444 1294
6257 1295
12000 1296
5997 1297
2546 1298
12241 1299
