1600 1650
5605 0
1066 1
86 2
13885 3
1062 4
14086 5
15931 6
15118 7
15431 8
6830 9
5769 10
4248 11
1353 12
2723 13
10450 14
14333 15
9118 16
3398 17
10579 18
14747 19
3887 20
2380 21
11453 22
4845 23
11814 24
13130 25
9561 26
7448 27
14976 28
3890 29
1190 30
5272 31
183 32
15887 33
10685 34
10698 35
13855 36
13792 37
10773 38
1306 39
15343 40
502 41
12957 42
3655 43
3506 44
7519 45
13556 46
13769 47
12693 48
2564 49
6834 50
11206 51
8375 52
9639 53
9867 54
5214 55
11630 56
14774 57
12516 58
15280 59
9373 60
6019 61
275 62
9798 63
8208 64
14428 65
6305 66
3315 67
8060 68
5423 69
6332 70
4987 71
1287 72
14178 73
10281 74
9695 75
2682 76
15493 77
12537 78
8864 79
12323 80
13519 81
7293 82
3087 83
1200 84
5746 85
8213 86
12924 87
9984 88
11498 89
15911 90
4633 91
12949 92
467 93
5605 94
4942 95
5933 96
375 97
3095 98
7900 99
2162 100
9019 101
11481 102
13850 103
12945 104
5581 105
3847 106
11553 107
11487 108
15310 109
10924 110
13752 111
664 112
9903 113
4959 114
8261 115
9353 116
1415 117
1616 118
13486 119
10140 120
3218 121
15149 122
2995 123
10078 124
8551 125
8828 126
1760 127
10252 128
1132 129
10773 130
7565 131
5088 132
2002 133
5163 134
15042 135
8910 136
6015 137
6117 138
7773 139
5046 140
1872 141
12327 142
10149 143
11165 144
13794 145
5252 146
2184 147
9627 148
6798 149
14471 150
10438 151
13048 152
3280 153
1783 154
660 155
111 156
8396 157
7263 158
13840 159
8818 160
4314 161
12260 162
12729 163
8671 164
15669 165
8008 166
8312 167
14607 168
977 169
5094 170
5387 171
5452 172
546 173
1947 174
8932 175
1911 176
7478 177
11608 178
6928 179
8790 180
6441 181
9716 182
775 183
443 184
1563 185
10836 186
9948 187
8060 188
2182 189
1567 190
1247 191
7229 192
8210 193
2116 194
15697 195
14728 196
8281 197
4414 198
15706 199
11541 200
8563 201
10398 202
14048 203
5757 204
3910 205
2903 206
9841 207
12290 208
5425 209
5357 210
8713 211
6073 212
13578 213
15976 214
283 215
6021 216
13848 217
11850 218
1008 219
5491 220
8778 221
9147 222
13367 223
15937 224
4704 225
13856 226
15672 227
8356 228
4336 229
8506 230
11564 231
1894 232
1559 233
15307 234
4705 235
5187 236
4980 237
6439 238
7088 239
10285 240
8136 241
9349 242
15104 243
4397 244
11342 245
13181 246
6572 247
5048 248
5027 249
2506 250
15863 251
8672 252
6437 253
8653 254
14634 255
9834 256
2687 257
4360 258
9576 259
5924 260
4905 261
69 262
48 263
15632 264
12102 265
7906 266
9478 267
6786 268
2572 269
6887 270
9507 271
8483 272
6544 273
9252 274
5481 275
15760 276
11760 277
3106 278
13930 279
6880 280
1541 281
11199 282
3826 283
125 284
11821 285
14526 286
7292 287
6753 288
6579 289
3417 290
11435 291
3889 292
2510 293
5870 294
15819 295
9391 296
12879 297
3530 298
2807 299
11434 300
14648 301
4488 302
2625 303
4830 304
14322 305
2284 306
13683 307
7705 308
5512 309
8132 310
1236 311
15545 312
8028 313
9415 314
3073 315
14401 316
7406 317
10015 318
2605 319
9724 320
8361 321
3388 322
9180 323
10320 324
895 325
15174 326
15500 327
12675 328
4759 329
12016 330
5734 331
10585 332
9611 333
322 334
15645 335
10544 336
2780 337
2931 338
7596 339
10385 340
1828 341
1035 342
8467 343
11746 344
13056 345
15585 346
3672 347
7237 348
11634 349
1830 350
10656 351
5601 352
12000 353
1965 354
14273 355
2461 356
4970 357
6493 358
3843 359
1501 360
1221 361
14657 362
821 363
9808 364
3536 365
9877 366
11423 367
13143 368
7061 369
4131 370
1798 371
10022 372
10094 373
2952 374
1385 375
5263 376
15528 377
4396 378
12589 379
1195 380
12446 381
3200 382
14830 383
4008 384
2919 385
7230 386
12134 387
1801 388
14373 389
5184 390
636 391
4033 392
12632 393
10141 394
9150 395
4753 396
8269 397
5466 398
13964 399
13052 400
663 401
10879 402
11958 403
12646 404
7651 405
2189 406
10776 407
11965 408
9325 409
11161 410
13949 411
6477 412
9997 413
13691 414
6120 415
13860 416
447 417
8585 418
4388 419
9858 420
14783 421
12424 422
13899 423
14193 424
12815 425
6515 426
9203 427
15076 428
10547 429
7429 430
15111 431
8314 432
4405 433
15576 434
12967 435
1195 436
7042 437
5197 438
10686 439
10836 440
10133 441
9186 442
13159 443
5021 444
14975 445
3925 446
8819 447
5609 448
11368 449
201 450
12924 451
1348 452
2348 453
8189 454
13768 455
12459 456
5593 457
956 458
1533 459
15579 460
11544 461
8700 462
4263 463
15586 464
4815 465
5228 466
10883 467
5192 468
12609 469
405 470
10787 471
13296 472
9419 473
10683 474
7529 475
12877 476
2683 477
8782 478
8824 479
5932 480
1031 481
12963 482
7937 483
9399 484
2771 485
12886 486
3173 487
14848 488
7516 489
389 490
3717 491
10024 492
13600 493
12354 494
8855 495
8369 496
15990 497
1653 498
13180 499
4262 500
11680 501
10489 502
9592 503
1432 504
1031 505
14559 506
5271 507
14052 508
6052 509
6266 510
11665 511
10720 512
15976 513
7543 514
15449 515
9003 516
2548 517
1161 518
6226 519
14496 520
12947 521
11760 522
1446 523
11957 524
26 525
9024 526
15942 527
8410 528
11254 529
6088 530
9487 531
7687 532
13455 533
15930 534
2327 535
5175 536
1490 537
12129 538
15315 539
4258 540
14160 541
12912 542
12784 543
13635 544
1804 545
14132 546
15954 547
4225 548
15110 549
9477 550
9821 551
2618 552
3445 553
1832 554
5472 555
6913 556
12173 557
15042 558
2279 559
8765 560
10910 561
15400 562
13272 563
2262 564
13734 565
15123 566
3280 567
12246 568
5397 569
9808 570
10731 571
1088 572
2658 573
11626 574
12447 575
7884 576
1741 577
15298 578
5876 579
14921 580
10527 581
6341 582
13105 583
194 584
3489 585
12515 586
1583 587
10214 588
1426 589
9913 590
14944 591
8178 592
9746 593
11969 594
1053 595
8858 596
6989 597
8187 598
814 599
13043 600
4742 601
12379 602
7039 603
10757 604
7457 605
7950 606
13843 607
559 608
10292 609
14925 610
14340 611
11643 612
1246 613
6156 614
4265 615
6688 616
10652 617
9995 618
8288 619
13787 620
1914 621
5083 622
1608 623
9538 624
217 625
14144 626
2220 627
7630 628
10515 629
8450 630
15760 631
103 632
13934 633
9198 634
12638 635
14880 636
1289 637
7990 638
10158 639
349 640
11246 641
3649 642
7895 643
13549 644
6392 645
4668 646
246 647
14828 648
843 649
13781 650
589 651
13494 652
5714 653
1328 654
11534 655
4454 656
8732 657
658 658
1092 659
3838 660
10870 661
13505 662
5899 663
11615 664
6440 665
11760 666
9474 667
11980 668
11372 669
15234 670
8466 671
7873 672
1888 673
14114 674
4792 675
9206 676
2975 677
1013 678
755 679
13918 680
1816 681
3433 682
8098 683
10072 684
14214 685
6934 686
6850 687
2672 688
1859 689
1897 690
410 691
6738 692
14653 693
1844 694
7225 695
11423 696
6197 697
6701 698
2117 699
14887 700
13285 701
11841 702
3310 703
2754 704
10229 705
14385 706
14383 707
8051 708
13135 709
14425 710
10729 711
7552 712
13976 713
5855 714
14518 715
15056 716
7279 717
653 718
14640 719
3108 720
4735 721
2912 722
15847 723
2025 724
483 725
15439 726
4070 727
8375 728
14223 729
6771 730
4106 731
399 732
13356 733
360 734
5852 735
13162 736
15452 737
1237 738
14715 739
1398 740
15462 741
6707 742
15248 743
4416 744
12333 745
12191 746
8095 747
13700 748
1263 749
5185 750
12063 751
2051 752
15478 753
6320 754
5323 755
491 756
12076 757
2207 758
8527 759
2045 760
13718 761
9938 762
6265 763
282 764
313 765
11443 766
11298 767
8592 768
14767 769
918 770
824 771
11403 772
8907 773
13891 774
4597 775
15657 776
10114 777
2178 778
14373 779
14272 780
8241 781
12274 782
11887 783
10606 784
4015 785
11169 786
6537 787
4754 788
9451 789
2382 790
2314 791
10535 792
14135 793
14494 794
4841 795
7508 796
3374 797
13349 798
10261 799
3049 800
15913 801
4698 802
659 803
11982 804
10245 805
9655 806
13577 807
15085 808
2017 809
14741 810
9410 811
8953 812
4682 813
15768 814
12889 815
2274 816
7391 817
15123 818
12666 819
5372 820
11064 821
9209 822
15676 823
13462 824
12151 825
13651 826
10093 827
10211 828
5064 829
15671 830
8065 831
213 832
13523 833
10281 834
666 835
4264 836
7048 837
5583 838
2268 839
105 840
2348 841
14331 842
2760 843
2191 844
13665 845
7542 846
3768 847
631 848
10629 849
9760 850
5748 851
6429 852
11152 853
12286 854
12084 855
9404 856
8040 857
4722 858
2003 859
1710 860
726 861
6920 862
11448 863
14463 864
13772 865
11368 866
11561 867
10996 868
3901 869
2877 870
11596 871
1988 872
9598 873
2136 874
15896 875
15081 876
1529 877
9505 878
8141 879
14225 880
10661 881
2783 882
6663 883
2944 884
8893 885
2525 886
5855 887
9433 888
13017 889
4792 890
8697 891
6315 892
10245 893
598 894
15168 895
4351 896
9991 897
9195 898
10344 899
1792 900
2156 901
11433 902
4241 903
6667 904
709 905
11479 906
14622 907
8445 908
14235 909
11722 910
15951 911
13712 912
14554 913
7882 914
255 915
7193 916
15237 917
6895 918
1052 919
5599 920
8912 921
15479 922
2327 923
826 924
3539 925
6449 926
12201 927
15762 928
14299 929
2453 930
9955 931
2358 932
9072 933
3532 934
6133 935
6780 936
13823 937
5261 938
15509 939
1935 940
12989 941
10097 942
2039 943
14326 944
1384 945
3391 946
5907 947
3122 948
920 949
1567 950
7530 951
9711 952
9019 953
1043 954
4663 955
671 956
149 957
10230 958
8478 959
8876 960
10416 961
4243 962
3872 963
12237 964
2679 965
3995 966
11621 967
11461 968
5669 969
6019 970
7710 971
12912 972
11620 973
8248 974
6300 975
4893 976
10892 977
4970 978
14582 979
695 980
889 981
12837 982
2745 983
15100 984
14289 985
1109 986
10552 987
6791 988
13151 989
3343 990
5193 991
796 992
2743 993
10459 994
3746 995
4842 996
7761 997
13123 998
13588 999
9831 1000
409 1001
203 1002
1139 1003
10222 1004
1863 1005
8959 1006
11578 1007
3373 1008
3680 1009
8136 1010
15269 1011
4499 1012
6156 1013
1788 1014
14721 1015
11623 1016
2778 1017
5676 1018
12573 1019
5054 1020
450 1021
13300 1022
7337 1023
2947 1024
13175 1025
13588 1026
12636 1027
5000 1028
14128 1029
4125 1030
7394 1031
2671 1032
11654 1033
7002 1034
5268 1035
14859 1036
7939 1037
8750 1038
14681 1039
338 1040
15628 1041
1669 1042
13995 1043
7225 1044
3096 1045
14378 1046
8922 1047
1724 1048
8921 1049
9583 1050
13517 1051
11064 1052
9278 1053
15396 1054
8612 1055
1977 1056
195 1057
4171 1058
10010 1059
14526 1060
11940 1061
8039 1062
9245 1063
13881 1064
7632 1065
7363 1066
3833 1067
3920 1068
14929 1069
3393 1070
9111 1071
13683 1072
14798 1073
4318 1074
8161 1075
7855 1076
4180 1077
7045 1078
2288 1079
14813 1080
10174 1081
13014 1082
5795 1083
10891 1084
1873 1085
12732 1086
6040 1087
8257 1088
15230 1089
12578 1090
7366 1091
4304 1092
8659 1093
543 1094
10896 1095
3434 1096
11395 1097
9326 1098
207 1099
2127 1100
12123 1101
12032 1102
6244 1103
11901 1104
9170 1105
7128 1106
11637 1107
6211 1108
5995 1109
10860 1110
15841 1111
12563 1112
3174 1113
4798 1114
13509 1115
1386 1116
11702 1117
4440 1118
383 1119
7746 1120
8575 1121
5798 1122
15604 1123
11121 1124
2855 1125
4071 1126
1524 1127
15500 1128
8186 1129
8429 1130
10943 1131
5852 1132
12658 1133
1745 1134
1190 1135
8386 1136
15465 1137
3305 1138
9719 1139
9035 1140
1571 1141
4358 1142
3305 1143
4289 1144
738 1145
6051 1146
6354 1147
12201 1148
10143 1149
1096 1150
7797 1151
4141 1152
755 1153
13707 1154
14932 1155
10808 1156
6430 1157
5788 1158
8526 1159
10982 1160
15541 1161
3546 1162
3577 1163
3751 1164
3505 1165
1287 1166
13584 1167
14208 1168
4006 1169
7057 1170
8280 1171
1085 1172
11663 1173
9522 1174
3582 1175
8476 1176
14312 1177
8884 1178
12011 1179
6088 1180
520 1181
8204 1182
10760 1183
5941 1184
8752 1185
7038 1186
7030 1187
8114 1188
8193 1189
13580 1190
1731 1191
6869 1192
1668 1193
8252 1194
11871 1195
2496 1196
12282 1197
12015 1198
4269 1199
11195 1200
6861 1201
6882 1202
10830 1203
1071 1204
14284 1205
9572 1206
1262 1207
2870 1208
1869 1209
576 1210
6781 1211
14120 1212
12351 1213
12604 1214
8146 1215
13619 1216
12856 1217
6005 1218
6136 1219
7352 1220
7909 1221
15110 1222
2493 1223
5509 1224
13048 1225
2795 1226
6134 1227
4240 1228
14420 1229
12677 1230
1788 1231
5155 1232
15546 1233
77 1234
3047 1235
9002 1236
2019 1237
7031 1238
9808 1239
1401 1240
6946 1241
1832 1242
3796 1243
13179 1244
4844 1245
14038 1246
15400 1247
15660 1248
13880 1249
10230 1250
13683 1251
5621 1252
10131 1253
2512 1254
5048 1255
117 1256
1873 1257
9294 1258
15171 1259
12140 1260
13584 1261
1253 1262
15791 1263
3202 1264
8994 1265
5616 1266
11341 1267
9857 1268
15785 1269
14692 1270
9406 1271
438 1272
7192 1273
4073 1274
13875 1275
14517 1276
15665 1277
5428 1278
14124 1279
6856 1280
8529 1281
15626 1282
9896 1283
11302 1284
9776 1285
15284 1286
2197 1287
175 1288
15085 1289
11731 1290
2407 1291
8811 1292
8954 1293
15667 1294
1327 1295
4322 1296
3251 1297
6139 1298
10159 1299
15307 1300
14919 1301
12202 1302
13959 1303
13943 1304
3782 1305
14438 1306
305 1307
4263 1308
12883 1309
8633 1310
4582 1311
9189 1312
886 1313
4499 1314
5024 1315
12845 1316
8517 1317
4728 1318
4021 1319
1181 1320
12835 1321
6366 1322
8656 1323
105 1324
7787 1325
7616 1326
9709 1327
11723 1328
15864 1329
5442 1330
9028 1331
15577 1332
10215 1333
8976 1334
8464 1335
492 1336
8577 1337
15042 1338
8555 1339
10853 1340
7306 1341
269 1342
1203 1343
7080 1344
8598 1345
8262 1346
5665 1347
9289 1348
15554 1349
3707 1350
6077 1351
8846 1352
10077 1353
1695 1354
9222 1355
9581 1356
8216 1357
5671 1358
4435 1359
3194 1360
10646 1361
11138 1362
7576 1363
2072 1364
2960 1365
3370 1366
4857 1367
1614 1368
15479 1369
746 1370
15412 1371
10769 1372
8374 1373
7554 1374
12102 1375
1237 1376
787 1377
13518 1378
7123 1379
534 1380
14975 1381
52 1382
6547 1383
5892 1384
6733 1385
6055 1386
3423 1387
9882 1388
11840 1389
7266 1390
15079 1391
9251 1392
13972 1393
11654 1394
794 1395
11259 1396
9012 1397
10041 1398
12865 1399
10653 1400
2287 1401
4501 1402
14141 1403
6017 1404
2772 1405
7831 1406
7288 1407
7868 1408
7480 1409
8636 1410
742 1411
743 1412
1643 1413
4272 1414
13620 1415
665 1416
14170 1417
8164 1418
9027 1419
11862 1420
93 1421
8982 1422
3468 1423
14260 1424
665 1425
6399 1426
10352 1427
716 1428
216 1429
4225 1430
8203 1431
2704 1432
11040 1433
896 1434
7373 1435
4224 1436
15756 1437
3672 1438
874 1439
8076 1440
11802 1441
14976 1442
14762 1443
6668 1444
172 1445
11961 1446
13014 1447
4452 1448
14071 1449
8576 1450
4916 1451
3069 1452
8536 1453
14659 1454
8968 1455
4265 1456
10997 1457
14616 1458
9442 1459
2733 1460
4891 1461
13532 1462
4212 1463
954 1464
5649 1465
11680 1466
5650 1467
11118 1468
2729 1469
14867 1470
6727 1471
7567 1472
3751 1473
11764 1474
13620 1475
13434 1476
10229 1477
14735 1478
13655 1479
12128 1480
6692 1481
13686 1482
2205 1483
7375 1484
14211 1485
6077 1486
4860 1487
9419 1488
982 1489
8202 1490
9833 1491
1110 1492
12749 1493
5534 1494
7839 1495
13755 1496
10920 1497
10767 1498
10136 1499
11305 1500
1280 1501
6587 1502
13642 1503
1189 1504
7048 1505
3021 1506
6879 1507
8424 1508
2548 1509
12491 1510
4976 1511
12875 1512
6285 1513
15931 1514
13994 1515
1529 1516
7264 1517
2248 1518
5548 1519
12997 1520
9256 1521
9382 1522
3053 1523
2045 1524
13965 1525
14685 1526
10050 1527
9420 1528
1267 1529
13930 1530
6202 1531
6312 1532
2939 1533
3961 1534
11123 1535
14954 1536
106 1537
9976 1538
807 1539
3350 1540
5562 1541
15923 1542
7629 1543
2837 1544
6324 1545
9374 1546
11263 1547
14124 1548
12254 1549
7159 1550
8347 1551
11986 1552
6198 1553
15428 1554
8096 1555
3086 1556
4922 1557
4396 1558
5880 1559
700 1560
6054 1561
14085 1562
14204 1563
1558 1564
2872 1565
4616 1566
11303 1567
2435 1568
11363 1569
8531 1570
13464 1571
7006 1572
10564 1573
10508 1574
6457 1575
9078 1576
11871 1577
9667 1578
1480 1579
5504 1580
14640 1581
14384 1582
6046 1583
4811 1584
14776 1585
10182 1586
4520 1587
10795 1588
584 1589
8219 1590
2712 1591
9357 1592
15149 1593
10273 1594
13459 1595
3916 1596
4037 1597
2780 1598
12966 1599
