1000 150
4418 0
260 1
1633 2
7568 3
1292 4
8814 5
397 6
5801 7
2632 8
2390 9
2309 10
6081 11
2748 12
6701 13
1867 14
3566 15
6719 16
2671 17
1601 18
6816 19
258 20
9191 21
348 22
1987 23
7314 24
388 25
805 26
8423 27
8436 28
1377 29
1979 30
6596 31
5534 32
2960 33
90 34
6376 35
8511 36
9284 37
8933 38
6877 39
8192 40
2081 41
6276 42
8719 43
7423 44
4671 45
922 46
8730 47
6257 48
6969 49
2566 50
1159 51
7738 52
3349 53
1842 54
6405 55
614 56
6945 57
5158 58
9592 59
3930 60
3288 61
6773 62
3926 63
2375 64
5107 65
4208 66
3652 67
2735 68
9423 69
4564 70
1157 71
2699 72
6107 73
4822 74
6366 75
9336 76
5108 77
4334 78
1869 79
9488 80
8960 81
4447 82
4713 83
906 84
8052 85
2207 86
8230 87
240 88
396 89
2925 90
3923 91
1088 92
8426 93
5828 94
2145 95
2683 96
7810 97
3274 98
9871 99
5009 100
4992 101
6812 102
8330 103
8403 104
1245 105
9260 106
9931 107
1735 108
5940 109
7958 110
7129 111
1604 112
5360 113
6232 114
3770 115
1223 116
3646 117
325 118
6727 119
7243 120
9239 121
6017 122
9941 123
9802 124
2334 125
5324 126
5159 127
7637 128
8465 129
5556 130
7856 131
9558 132
2650 133
5330 134
684 135
4379 136
6245 137
7629 138
5211 139
1241 140
8450 141
3415 142
1008 143
6137 144
4265 145
2685 146
1471 147
1152 148
7962 149
1149 150
7498 151
7873 152
7055 153
1909 154
5581 155
8587 156
3676 157
4425 158
7708 159
7288 160
3576 161
5264 162
9039 163
6378 164
7859 165
2057 166
2812 167
3336 168
8904 169
7883 170
9489 171
9464 172
5087 173
5219 174
4436 175
9778 176
3498 177
7219 178
2095 179
3140 180
5027 181
4744 182
6304 183
9516 184
2522 185
7824 186
7361 187
8853 188
5087 189
6869 190
8656 191
3118 192
2109 193
5340 194
2433 195
3223 196
9616 197
2542 198
6626 199
5520 200
5412 201
8484 202
9015 203
7468 204
1461 205
884 206
3144 207
5565 208
5953 209
9275 210
624 211
4910 212
4098 213
6070 214
897 215
5167 216
5188 217
9821 218
7655 219
7656 220
1159 221
639 222
9031 223
5173 224
7283 225
6563 226
3829 227
7158 228
6376 229
4207 230
8816 231
2525 232
6725 233
6525 234
7335 235
3096 236
2586 237
1946 238
1613 239
3959 240
6931 241
1441 242
6996 243
8688 244
1043 245
5505 246
4910 247
3161 248
3461 249
4939 250
1235 251
3762 252
7700 253
8217 254
7047 255
9207 256
4216 257
5893 258
6365 259
9337 260
8704 261
3673 262
7070 263
3278 264
9335 265
553 266
8850 267
8793 268
9361 269
673 270
189 271
6429 272
2638 273
3574 274
5744 275
6348 276
1866 277
9329 278
5960 279
1675 280
1816 281
5161 282
7830 283
123 284
2544 285
1844 286
4300 287
1493 288
522 289
9540 290
3675 291
2176 292
1955 293
6329 294
2902 295
5998 296
7210 297
8282 298
1669 299
1583 300
3550 301
2570 302
1602 303
9649 304
960 305
9577 306
1033 307
3503 308
8332 309
6831 310
4414 311
2402 312
3928 313
4606 314
1020 315
4871 316
4101 317
3537 318
3913 319
8890 320
1038 321
5784 322
1646 323
7802 324
5415 325
5927 326
2038 327
4134 328
8730 329
5541 330
2335 331
5502 332
1274 333
6386 334
4561 335
5365 336
2280 337
3742 338
9144 339
4997 340
6890 341
6999 342
5159 343
6087 344
298 345
7347 346
2325 347
3253 348
1733 349
1016 350
5667 351
9478 352
7386 353
667 354
9804 355
940 356
8365 357
5862 358
5205 359
8694 360
3196 361
5405 362
4014 363
7275 364
5201 365
6363 366
5667 367
9620 368
602 369
3844 370
849 371
6404 372
2784 373
5033 374
5191 375
5470 376
8435 377
3715 378
4812 379
790 380
9376 381
9683 382
5126 383
8069 384
2677 385
4919 386
171 387
9897 388
5357 389
3297 390
2714 391
6198 392
9696 393
7681 394
4970 395
790 396
8331 397
5308 398
7296 399
5039 400
5281 401
6890 402
4857 403
7833 404
2719 405
5035 406
6198 407
9454 408
3939 409
5174 410
1129 411
9585 412
1120 413
3171 414
9160 415
3254 416
3407 417
2724 418
7940 419
9698 420
2624 421
1232 422
5758 423
8463 424
4750 425
4572 426
9571 427
9507 428
2623 429
9046 430
5062 431
5461 432
4001 433
8125 434
1656 435
4194 436
499 437
4679 438
8669 439
6780 440
1573 441
6753 442
7640 443
8434 444
3834 445
9683 446
8509 447
4627 448
8991 449
4624 450
8358 451
3430 452
1526 453
1053 454
4899 455
5308 456
5758 457
5141 458
784 459
8918 460
5046 461
7524 462
4210 463
6483 464
3451 465
2538 466
8145 467
7739 468
2832 469
3570 470
125 471
9337 472
2302 473
2373 474
5415 475
3876 476
1099 477
434 478
9177 479
6542 480
6370 481
7297 482
7420 483
6892 484
4848 485
5106 486
2019 487
5251 488
6781 489
4822 490
9938 491
5525 492
688 493
48 494
1183 495
2435 496
7822 497
5838 498
5618 499
6572 500
524 501
4861 502
9885 503
4131 504
5928 505
7727 506
8398 507
56 508
3701 509
7306 510
105 511
1697 512
5738 513
8345 514
8711 515
9154 516
5594 517
2741 518
1953 519
7814 520
8784 521
5812 522
8046 523
8083 524
1696 525
4900 526
6007 527
163 528
6977 529
883 530
6982 531
369 532
6576 533
3307 534
6660 535
9003 536
581 537
2045 538
8581 539
2889 540
7573 541
6376 542
9788 543
3996 544
2040 545
8514 546
6685 547
3493 548
66 549
6216 550
8571 551
6695 552
537 553
5466 554
7472 555
3923 556
498 557
3970 558
9170 559
8819 560
1804 561
4420 562
5846 563
4162 564
511 565
4664 566
7215 567
2632 568
1181 569
285 570
7686 571
7966 572
7071 573
4331 574
9926 575
8855 576
789 577
6442 578
4532 579
9438 580
5883 581
5247 582
8142 583
5709 584
8198 585
4831 586
1124 587
7077 588
6103 589
6262 590
4573 591
1778 592
418 593
9322 594
8519 595
6147 596
7273 597
9502 598
9756 599
1542 600
2904 601
3313 602
9766 603
2911 604
8975 605
1639 606
2122 607
350 608
4142 609
5410 610
1054 611
1881 612
4127 613
2759 614
7451 615
2684 616
6566 617
6253 618
655 619
1087 620
6490 621
7889 622
8354 623
9477 624
8677 625
8389 626
938 627
9923 628
8804 629
2004 630
4928 631
1034 632
398 633
5040 634
1938 635
2697 636
4585 637
3282 638
6712 639
9894 640
6726 641
6646 642
8498 643
3545 644
5177 645
9347 646
6731 647
8624 648
4099 649
7988 650
7426 651
3914 652
2912 653
7817 654
7787 655
8019 656
799 657
1462 658
5292 659
6783 660
686 661
6338 662
5478 663
4496 664
7263 665
9394 666
2697 667
9003 668
2297 669
8795 670
6713 671
3971 672
4625 673
7005 674
2977 675
8711 676
2349 677
2711 678
4582 679
5747 680
8419 681
2533 682
7871 683
8388 684
6218 685
4215 686
7038 687
7061 688
4757 689
7450 690
8571 691
4105 692
4076 693
4056 694
7138 695
4449 696
9993 697
2374 698
813 699
8510 700
5298 701
5195 702
9695 703
3873 704
3506 705
7486 706
6731 707
1063 708
5890 709
8550 710
573 711
632 712
8109 713
841 714
4678 715
859 716
87 717
7204 718
6886 719
6449 720
9653 721
6873 722
4650 723
1708 724
8161 725
9107 726
6942 727
8939 728
479 729
8548 730
5939 731
4325 732
1653 733
4070 734
7946 735
8724 736
8862 737
976 738
3401 739
5739 740
7859 741
2782 742
7695 743
1405 744
9734 745
6677 746
4432 747
9361 748
4265 749
5975 750
6847 751
8494 752
452 753
8733 754
7998 755
4891 756
1057 757
7646 758
9474 759
5296 760
9333 761
199 762
7487 763
9718 764
4847 765
1016 766
5625 767
8828 768
8413 769
3748 770
7626 771
8308 772
2957 773
6135 774
1400 775
1254 776
6509 777
1354 778
9802 779
1967 780
7704 781
2537 782
8463 783
5769 784
6624 785
7290 786
3257 787
5538 788
8226 789
8843 790
2531 791
1525 792
8792 793
3571 794
9971 795
1306 796
9662 797
9361 798
5039 799
3890 800
4943 801
3726 802
7584 803
6290 804
968 805
1782 806
9846 807
6981 808
5434 809
4092 810
664 811
3571 812
3841 813
7784 814
1144 815
9568 816
1694 817
5743 818
4469 819
2155 820
5978 821
6768 822
4942 823
6226 824
9100 825
5783 826
9053 827
3643 828
6708 829
9927 830
9250 831
4942 832
4044 833
4621 834
8713 835
9375 836
8406 837
9413 838
5028 839
4809 840
5536 841
945 842
6471 843
4324 844
2769 845
1152 846
6889 847
8562 848
9519 849
7989 850
7164 851
9814 852
8971 853
2922 854
9783 855
1242 856
3242 857
7657 858
3148 859
9339 860
2462 861
2499 862
4466 863
4541 864
3980 865
8281 866
9449 867
4530 868
2227 869
4206 870
1626 871
2065 872
9129 873
9514 874
1399 875
7670 876
4117 877
9681 878
2619 879
2215 880
2040 881
2369 882
3042 883
7828 884
6503 885
8873 886
7377 887
5378 888
1064 889
3093 890
8305 891
9977 892
3063 893
2568 894
7095 895
8561 896
3911 897
1869 898
3221 899
1562 900
4483 901
8225 902
228 903
580 904
5760 905
7910 906
235 907
1739 908
8585 909
4621 910
6246 911
4786 912
4597 913
3914 914
3636 915
7618 916
6922 917
4019 918
7644 919
5054 920
9184 921
6458 922
7103 923
5786 924
3370 925
3140 926
8433 927
2658 928
6526 929
1208 930
5176 931
106 932
998 933
3008 934
2991 935
8528 936
8646 937
415 938
3222 939
85 940
2656 941
5516 942
3321 943
1373 944
1491 945
3185 946
1067 947
1785 948
5302 949
2202 950
2589 951
1710 952
2876 953
936 954
5442 955
5466 956
3901 957
5154 958
957 959
1329 960
1946 961
855 962
2262 963
6363 964
2175 965
1306 966
793 967
6778 968
1134 969
5069 970
214 971
3163 972
8192 973
8469 974
1705 975
6998 976
8538 977
4838 978
3641 979
2495 980
2201 981
221 982
3593 983
3792 984
95 985
3725 986
7668 987
748 988
8329 989
4977 990
4094 991
1153 992
1584 993
1605 994
2756 995
4207 996
7529 997
9417 998
7655 999
