1400 1150
3495 0
8684 1
4545 2
1807 3
7137 4
11982 5
493 6
2665 7
9937 8
3632 9
6783 10
10397 11
8288 12
6947 13
13958 14
1561 15
4270 16
8896 17
6982 18
817 19
8988 20
13812 21
12869 22
7395 23
10906 24
11616 25
10391 26
11438 27
4634 28
5611 29
3420 30
4495 31
1941 32
9991 33
4268 34
12504 35
11544 36
1880 37
1837 38
12229 39
6423 40
12900 41
6514 42
10015 43
6993 44
4340 45
2064 46
8556 47
6392 48
2214 49
9299 50
6194 51
8996 52
4831 53
6232 54
3589 55
12469 56
4404 57
5634 58
13364 59
9701 60
8713 61
7175 62
2763 63
3479 64
5992 65
8549 66
13665 67
13254 68
750 69
10881 70
698 71
10259 72
13480 73
8438 74
3473 75
951 76
13379 77
7132 78
10256 79
8288 80
12923 81
2298 82
7094 83
13334 84
10671 85
13045 86
6234 87
7596 88
7340 89
568 90
11170 91
8583 92
5086 93
13653 94
2099 95
533 96
10037 97
6290 98
13302 99
10720 100
1148 101
8862 102
13705 103
3720 104
6757 105
2724 106
9657 107
189 108
3835 109
12991 110
13415 111
7917 112
8393 113
2365 114
3336 115
12547 116
9346 117
11737 118
3662 119
4271 120
2383 121
2921 122
11036 123
382 124
6698 125
10946 126
8041 127
4142 128
7279 129
10945 130
11749 131
4093 132
977 133
12943 134
13195 135
5960 136
9108 137
12662 138
11101 139
7748 140
5003 141
5103 142
10605 143
13553 144
6871 145
4998 146
3954 147
11388 148
4826 149
6785 150
2707 151
13670 152
9429 153
1676 154
10925 155
9322 156
11554 157
13446 158
3507 159
10739 160
5658 161
9462 162
6345 163
6885 164
11530 165
9225 166
12506 167
11824 168
719 169
7975 170
13209 171
2472 172
1517 173
7212 174
13902 175
9766 176
12804 177
8426 178
1249 179
4934 180
7996 181
12338 182
1077 183
1597 184
6593 185
11555 186
10795 187
6700 188
7938 189
8043 190
1163 191
13350 192
7657 193
10983 194
1519 195
449 196
12095 197
8235 198
6893 199
39 200
3867 201
2378 202
9545 203
3218 204
4235 205
565 206
4477 207
8693 208
3782 209
8300 210
13733 211
7611 212
12618 213
4063 214
13119 215
33 216
3782 217
4325 218
2351 219
9475 220
13255 221
7712 222
11315 223
227 224
11274 225
79 226
5644 227
5536 228
13879 229
4724 230
9447 231
942 232
1067 233
11459 234
3069 235
12540 236
1160 237
7544 238
3906 239
11239 240
7832 241
2537 242
11296 243
13377 244
4348 245
10761 246
4817 247
13720 248
7316 249
3450 250
10368 251
12255 252
13802 253
3249 254
3116 255
10646 256
6418 257
10351 258
5542 259
13268 260
13878 261
11985 262
3668 263
11053 264
3032 265
10363 266
12566 267
10347 268
7318 269
4992 270
3609 271
11185 272
2767 273
5428 274
3899 275
11146 276
11990 277
38 278
11659 279
13208 280
3983 281
56 282
10771 283
9319 284
13837 285
7913 286
7185 287
8080 288
2451 289
13539 290
12142 291
1220 292
849 293
9416 294
1876 295
7464 296
4660 297
7867 298
5149 299
8862 300
1043 301
13748 302
3627 303
5477 304
6426 305
3105 306
4042 307
3099 308
2053 309
2744 310
11199 311
4542 312
9314 313
9342 314
5356 315
7995 316
3143 317
6089 318
5300 319
11216 320
6224 321
12460 322
5841 323
11218 324
12187 325
11333 326
3700 327
5636 328
13549 329
3469 330
200 331
8644 332
3096 333
85 334
13027 335
2328 336
586 337
7755 338
6312 339
7633 340
10199 341
9350 342
13942 343
12139 344
6724 345
493 346
7039 347
12459 348
7389 349
9692 350
3627 351
11405 352
632 353
6583 354
9947 355
4174 356
1457 357
1383 358
2034 359
2193 360
5298 361
10851 362
9956 363
9095 364
2375 365
75 366
5885 367
5589 368
11259 369
10589 370
7306 371
3931 372
13303 373
11265 374
13256 375
8578 376
1324 377
4044 378
2800 379
9745 380
10416 381
4757 382
8805 383
2915 384
5874 385
10460 386
12443 387
4637 388
8805 389
7665 390
13655 391
10754 392
2081 393
13317 394
7636 395
10022 396
10261 397
9743 398
10625 399
7140 400
11938 401
11064 402
8667 403
2418 404
274 405
6705 406
5473 407
3689 408
10664 409
12945 410
5932 411
9960 412
7980 413
7002 414
7841 415
10067 416
2105 417
10036 418
9058 419
6966 420
11662 421
7530 422
2227 423
10764 424
13138 425
7418 426
5001 427
7164 428
11351 429
3531 430
2781 431
5357 432
13280 433
10926 434
5587 435
13246 436
2873 437
3170 438
6980 439
1793 440
8272 441
3592 442
8349 443
7795 444
4799 445
12093 446
11185 447
6320 448
3048 449
8076 450
11418 451
10031 452
10728 453
13276 454
12031 455
9329 456
13276 457
3379 458
4174 459
13076 460
5397 461
5309 462
7093 463
5879 464
7717 465
2287 466
13534 467
5250 468
10853 469
7770 470
5814 471
6144 472
5226 473
7595 474
11134 475
5750 476
6923 477
11409 478
13659 479
10382 480
13333 481
7904 482
7245 483
11721 484
604 485
4090 486
591 487
13584 488
10530 489
11453 490
2926 491
7493 492
11494 493
6335 494
7091 495
12899 496
11106 497
1486 498
7561 499
12790 500
11248 501
8219 502
13052 503
2272 504
8933 505
1597 506
3917 507
10098 508
3916 509
13541 510
8048 511
3483 512
3917 513
11439 514
5132 515
6665 516
9498 517
11245 518
11816 519
7385 520
3095 521
8791 522
13224 523
11078 524
5073 525
11847 526
761 527
7526 528
13989 529
11283 530
9842 531
13101 532
11646 533
6472 534
13163 535
2679 536
818 537
13267 538
2212 539
8325 540
741 541
6992 542
7149 543
13609 544
6952 545
9423 546
945 547
115 548
3944 549
2276 550
4413 551
5485 552
2872 553
4097 554
315 555
9294 556
5262 557
12967 558
12604 559
1111 560
4655 561
11229 562
1631 563
10936 564
11562 565
6218 566
12670 567
7787 568
1871 569
4767 570
13876 571
4580 572
10703 573
12086 574
9784 575
8799 576
5007 577
2623 578
6588 579
12277 580
3012 581
2343 582
1692 583
5822 584
2477 585
12812 586
3530 587
13616 588
1400 589
6206 590
75 591
1002 592
4939 593
5200 594
7438 595
9654 596
11245 597
9965 598
520 599
5213 600
8881 601
9515 602
9021 603
13651 604
1870 605
7353 606
1882 607
12524 608
6004 609
500 610
8521 611
9540 612
4987 613
7310 614
5524 615
3133 616
3979 617
866 618
10178 619
11221 620
2673 621
4249 622
13464 623
4688 624
6296 625
4393 626
13042 627
7612 628
13753 629
9510 630
7663 631
9151 632
2852 633
11130 634
13949 635
13441 636
4059 637
7382 638
5266 639
11810 640
5894 641
7961 642
1100 643
3382 644
7910 645
8530 646
8669 647
9328 648
12269 649
4501 650
12662 651
8829 652
1984 653
7351 654
1812 655
341 656
6433 657
10964 658
1042 659
13644 660
12407 661
9781 662
9962 663
8445 664
11438 665
12655 666
1866 667
7110 668
4769 669
9151 670
2304 671
12865 672
5207 673
13366 674
13678 675
9433 676
6164 677
3689 678
5351 679
6035 680
13621 681
9102 682
7689 683
106 684
4024 685
8146 686
8752 687
1734 688
13971 689
12367 690
8401 691
4022 692
5980 693
7333 694
3027 695
11016 696
13616 697
13098 698
1605 699
8930 700
7295 701
6655 702
13062 703
3025 704
4679 705
5077 706
13458 707
8330 708
9821 709
9386 710
6776 711
1636 712
1706 713
4870 714
10072 715
8188 716
6692 717
8146 718
4249 719
8393 720
8096 721
4313 722
11505 723
13782 724
11459 725
869 726
11983 727
10409 728
2375 729
2594 730
8255 731
12826 732
7947 733
8885 734
6474 735
991 736
304 737
2572 738
6876 739
3334 740
3015 741
3754 742
2099 743
11036 744
617 745
3940 746
8632 747
1643 748
462 749
2112 750
1903 751
12653 752
10561 753
8350 754
6151 755
8848 756
558 757
4010 758
2267 759
6465 760
5277 761
4682 762
5803 763
6304 764
5283 765
9789 766
4427 767
13698 768
3851 769
505 770
1962 771
4461 772
4259 773
6335 774
8501 775
3458 776
6859 777
734 778
779 779
6300 780
2481 781
13551 782
928 783
10591 784
4823 785
1813 786
13816 787
1738 788
12184 789
13542 790
5190 791
3025 792
7792 793
6892 794
9447 795
13309 796
10522 797
630 798
1905 799
5181 800
4835 801
5280 802
6873 803
972 804
12720 805
1227 806
1335 807
4886 808
12025 809
3888 810
4034 811
675 812
264 813
13115 814
6229 815
2622 816
12017 817
2876 818
8993 819
10318 820
13521 821
8221 822
5891 823
13869 824
10923 825
10960 826
4763 827
11130 828
10995 829
2023 830
9787 831
7635 832
3830 833
26 834
13662 835
9391 836
10987 837
11246 838
2368 839
10571 840
10904 841
1718 842
12527 843
7727 844
11589 845
10383 846
8841 847
3038 848
1120 849
11374 850
4970 851
8006 852
9853 853
13514 854
10522 855
803 856
6691 857
9724 858
8464 859
10244 860
830 861
10502 862
9273 863
12758 864
2575 865
10928 866
4378 867
387 868
8764 869
10978 870
153 871
3636 872
3134 873
3294 874
3664 875
1829 876
3170 877
9931 878
12731 879
4084 880
1718 881
4622 882
13388 883
1522 884
8830 885
3566 886
12707 887
12717 888
4095 889
973 890
2316 891
2710 892
3120 893
4311 894
13089 895
1705 896
10370 897
2747 898
12883 899
6978 900
2400 901
6765 902
47 903
13976 904
9055 905
7584 906
299 907
8750 908
7778 909
7067 910
11560 911
5448 912
628 913
3168 914
5674 915
7790 916
1673 917
12355 918
8618 919
3416 920
1158 921
8110 922
2279 923
2243 924
8585 925
4244 926
101 927
11777 928
11483 929
10591 930
8704 931
11490 932
678 933
8834 934
8767 935
1557 936
4873 937
7317 938
8026 939
9431 940
6078 941
10070 942
2219 943
12135 944
13441 945
12354 946
12941 947
4714 948
8264 949
12558 950
11640 951
12055 952
9803 953
4805 954
6850 955
9079 956
13828 957
10634 958
10873 959
6910 960
11660 961
11470 962
9801 963
5362 964
10152 965
5573 966
12828 967
10320 968
4359 969
2011 970
13147 971
10885 972
12699 973
10014 974
1911 975
13597 976
6557 977
5559 978
13435 979
12032 980
11261 981
3390 982
5373 983
7973 984
13861 985
6930 986
4046 987
7858 988
2318 989
3652 990
11937 991
4306 992
2529 993
2736 994
5109 995
4662 996
4655 997
3758 998
5666 999
13659 1000
4034 1001
9641 1002
8047 1003
7083 1004
7329 1005
11115 1006
5888 1007
500 1008
11637 1009
8371 1010
7650 1011
10342 1012
367 1013
11238 1014
8536 1015
9282 1016
13561 1017
1595 1018
3088 1019
1428 1020
7841 1021
6130 1022
4587 1023
4354 1024
4491 1025
10449 1026
12268 1027
2473 1028
4456 1029
2699 1030
6634 1031
10177 1032
6100 1033
9414 1034
7055 1035
9837 1036
7388 1037
5152 1038
9249 1039
10848 1040
7674 1041
12264 1042
1178 1043
8611 1044
8548 1045
5281 1046
12115 1047
11922 1048
4515 1049
10526 1050
2295 1051
10440 1052
4537 1053
13187 1054
4689 1055
6503 1056
10912 1057
13599 1058
512 1059
9070 1060
8743 1061
2012 1062
10639 1063
9567 1064
12921 1065
5339 1066
11444 1067
2736 1068
2006 1069
2241 1070
12449 1071
5606 1072
6631 1073
3936 1074
12476 1075
7589 1076
3538 1077
9569 1078
9853 1079
10063 1080
7470 1081
7217 1082
139 1083
5627 1084
4216 1085
6294 1086
2593 1087
4201 1088
11126 1089
11247 1090
4204 1091
13326 1092
8632 1093
6944 1094
1145 1095
6258 1096
6372 1097
4664 1098
1317 1099
11240 1100
6829 1101
12537 1102
166 1103
5618 1104
3529 1105
6579 1106
9501 1107
9235 1108
11361 1109
1353 1110
12636 1111
9627 1112
2555 1113
9606 1114
9802 1115
6482 1116
11621 1117
1614 1118
9763 1119
698 1120
1586 1121
4896 1122
10860 1123
10785 1124
7647 1125
8481 1126
12265 1127
11781 1128
11378 1129
10617 1130
1385 1131
4785 1132
5481 1133
797 1134
5762 1135
13891 1136
3636 1137
7135 1138
10343 1139
5685 1140
4861 1141
10729 1142
13002 1143
3984 1144
9383 1145
11932 1146
3140 1147
6701 1148
11418 1149
7735 1150
10689 1151
649 1152
6663 1153
6268 1154
8592 1155
4509 1156
7579 1157
453 1158
11953 1159
8984 1160
12181 1161
111 1162
3139 1163
8038 1164
3575 1165
4762 1166
4520 1167
12833 1168
6574 1169
4783 1170
8871 1171
8732 1172
12455 1173
5013 1174
3203 1175
70 1176
6730 1177
10173 1178
451 1179
2261 1180
2286 1181
8507 1182
12109 1183
10063 1184
6352 1185
3814 1186
10016 1187
4395 1188
10804 1189
6137 1190
11993 1191
928 1192
7216 1193
6472 1194
9585 1195
5880 1196
2866 1197
11981 1198
11481 1199
9651 1200
10850 1201
12062 1202
4359 1203
4035 1204
9130 1205
1258 1206
2857 1207
2763 1208
144 1209
9894 1210
10676 1211
423 1212
13893 1213
11784 1214
13612 1215
7196 1216
12372 1217
5644 1218
10545 1219
13629 1220
2442 1221
10411 1222
4334 1223
10761 1224
12616 1225
1306 1226
10529 1227
8842 1228
6903 1229
13478 1230
9361 1231
2124 1232
10372 1233
5834 1234
6849 1235
10296 1236
9267 1237
166 1238
3011 1239
8931 1240
12944 1241
7931 1242
4303 1243
6573 1244
9011 1245
13772 1246
4936 1247
9441 1248
11638 1249
13782 1250
679 1251
11821 1252
13661 1253
12520 1254
13863 1255
6488 1256
3968 1257
2255 1258
512 1259
2785 1260
9044 1261
7938 1262
10171 1263
4096 1264
8075 1265
10066 1266
11380 1267
8973 1268
2386 1269
8619 1270
8062 1271
5695 1272
12881 1273
9757 1274
6138 1275
13072 1276
8410 1277
2443 1278
12201 1279
9915 1280
6902 1281
5987 1282
6666 1283
10083 1284
13791 1285
6517 1286
3680 1287
490 1288
8423 1289
8546 1290
1658 1291
7416 1292
6251 1293
4250 1294
11435 1295
3768 1296
13744 1297
7948 1298
306 1299
10306 1300
4407 1301
11450 1302
9922 1303
12834 1304
8456 1305
7353 1306
4044 1307
522 1308
13079 1309
4968 1310
5767 1311
3997 1312
5796 1313
3509 1314
8088 1315
5977 1316
6786 1317
2755 1318
4918 1319
9169 1320
13048 1321
3754 1322
5236 1323
415 1324
1750 1325
5590 1326
9409 1327
4623 1328
11502 1329
5541 1330
6869 1331
2190 1332
8815 1333
2368 1334
33 1335
7750 1336
8729 1337
3006 1338
11503 1339
5586 1340
11287 1341
9832 1342
4380 1343
6119 1344
6278 1345
13448 1346
1206 1347
3108 1348
10116 1349
2410 1350
4758 1351
12442 1352
4941 1353
7898 1354
6553 1355
11223 1356
8154 1357
4414 1358
21 1359
9803 1360
6471 1361
8648 1362
12517 1363
271 1364
648 1365
11006 1366
9868 1367
3180 1368
2994 1369
11558 1370
5598 1371
10340 1372
11813 1373
10309 1374
13295 1375
13379 1376
11470 1377
8944 1378
1552 1379
2145 1380
3624 1381
9076 1382
2825 1383
3098 1384
13306 1385
10911 1386
8618 1387
2469 1388
12031 1389
11494 1390
4854 1391
10554 1392
805 1393
2581 1394
13411 1395
2908 1396
3328 1397
9295 1398
7938 1399
