1300 750
10769 0
9677 1
1851 2
5669 3
3196 4
11545 5
1146 6
11097 7
3203 8
9225 9
12208 10
10330 11
5672 12
12976 13
11217 14
4529 15
4581 16
5701 17
5478 18
8862 19
10934 20
1014 21
4023 22
4626 23
447 24
11200 25
12214 26
4072 27
8398 28
5215 29
7428 30
2208 31
978 32
4056 33
325 34
1339 35
7674 36
2100 37
9097 38
12634 39
7732 40
9234 41
1207 42
651 43
8970 44
7288 45
11472 46
6949 47
5237 48
1362 49
10628 50
8264 51
7980 52
9115 53
4058 54
10507 55
3394 56
2210 57
209 58
11017 59
2346 60
5739 61
6037 62
3286 63
9263 64
7445 65
5013 66
12986 67
12660 68
2814 69
1671 70
7946 71
1430 72
11429 73
4471 74
10933 75
1214 76
3828 77
6112 78
9270 79
2949 80
7221 81
8106 82
11478 83
1825 84
11373 85
8375 86
8183 87
10260 88
10191 89
4001 90
12376 91
8098 92
12783 93
2100 94
1065 95
6460 96
515 97
1581 98
1408 99
3615 100
3206 101
11243 102
9348 103
5992 104
10885 105
6798 106
6962 107
3000 108
994 109
2482 110
6044 111
8105 112
9432 113
10293 114
11862 115
2504 116
1043 117
6410 118
1031 119
5999 120
666 121
10933 122
4423 123
7418 124
12571 125
9824 126
7252 127
8229 128
8225 129
2673 130
7615 131
5647 132
7925 133
1952 134
9582 135
7304 136
7693 137
4572 138
7701 139
4719 140
157 141
9216 142
2525 143
8109 144
11488 145
2843 146
3066 147
12662 148
8044 149
8247 150
4524 151
8128 152
6276 153
8013 154
3210 155
11032 156
9913 157
8170 158
7126 159
12764 160
10155 161
1743 162
7296 163
378 164
2882 165
11516 166
2349 167
7299 168
12415 169
11299 170
11908 171
12835 172
12282 173
8914 174
9165 175
1172 176
7327 177
10780 178
3919 179
9475 180
6863 181
3448 182
9125 183
6851 184
10458 185
6418 186
4404 187
11796 188
8904 189
12146 190
6932 191
12444 192
10937 193
8813 194
7692 195
4323 196
324 197
9261 198
4155 199
12267 200
7739 201
5550 202
8471 203
4046 204
7739 205
5389 206
8495 207
8232 208
5661 209
5251 210
12423 211
1572 212
10465 213
1302 214
6514 215
5781 216
9508 217
7451 218
3296 219
12405 220
1254 221
11774 222
3896 223
11431 224
7462 225
1933 226
9520 227
6108 228
9099 229
6384 230
5856 231
12234 232
7859 233
4016 234
11506 235
2025 236
5210 237
7884 238
1362 239
4854 240
3457 241
7608 242
9405 243
7518 244
3815 245
7327 246
6721 247
6397 248
7063 249
5340 250
8169 251
8495 252
4845 253
7183 254
3943 255
10437 256
5298 257
11171 258
8955 259
9598 260
594 261
1277 262
4243 263
992 264
11766 265
6671 266
10154 267
9093 268
8408 269
3626 270
8899 271
2353 272
4321 273
5175 274
12691 275
9381 276
6811 277
3686 278
12099 279
9785 280
9303 281
9425 282
11546 283
12711 284
4950 285
12032 286
7755 287
7196 288
5998 289
12959 290
11282 291
8764 292
11805 293
3441 294
11005 295
10966 296
9433 297
12150 298
12215 299
4325 300
363 301
7282 302
6902 303
8451 304
2616 305
6217 306
12926 307
4338 308
12593 309
5091 310
10116 311
3636 312
4949 313
7942 314
2677 315
10155 316
256 317
12951 318
12431 319
1019 320
4001 321
8948 322
1219 323
8035 324
3237 325
6860 326
3784 327
9553 328
2153 329
8656 330
5275 331
6049 332
11237 333
7380 334
4684 335
11470 336
12191 337
885 338
8017 339
1342 340
3734 341
6916 342
9921 343
2519 344
4820 345
1151 346
2457 347
11425 348
9304 349
9910 350
390 351
11196 352
1380 353
11645 354
6227 355
205 356
2397 357
1982 358
10492 359
5777 360
7582 361
6679 362
11333 363
3791 364
9731 365
9166 366
1333 367
9901 368
12098 369
11095 370
3370 371
10301 372
178 373
6883 374
520 375
5784 376
6499 377
9730 378
2796 379
9985 380
127 381
1407 382
6138 383
7071 384
9417 385
1746 386
1490 387
6900 388
4023 389
2833 390
9575 391
11020 392
12015 393
249 394
4301 395
2394 396
4311 397
991 398
2424 399
12255 400
3589 401
10976 402
5475 403
2185 404
12787 405
4865 406
4399 407
8671 408
5638 409
10576 410
3699 411
7571 412
9388 413
11477 414
1253 415
2107 416
1065 417
5407 418
1450 419
5163 420
6825 421
388 422
446 423
4365 424
10841 425
12819 426
4324 427
11309 428
841 429
11886 430
4993 431
11974 432
4048 433
11907 434
4643 435
8135 436
5001 437
10601 438
7024 439
1550 440
7743 441
4957 442
6769 443
1727 444
7534 445
778 446
1396 447
10254 448
2144 449
10068 450
8820 451
8288 452
4462 453
1839 454
12523 455
6846 456
3754 457
10556 458
11986 459
12060 460
5462 461
1964 462
387 463
11027 464
8346 465
9900 466
2174 467
6685 468
7249 469
1894 470
9724 471
595 472
9750 473
5106 474
5963 475
12356 476
10663 477
4829 478
3138 479
9508 480
10949 481
10234 482
7724 483
3875 484
8788 485
10238 486
360 487
7132 488
1282 489
12114 490
9406 491
12878 492
9265 493
11305 494
8237 495
8052 496
11491 497
9692 498
7664 499
10666 500
10632 501
11286 502
3663 503
3178 504
5933 505
10625 506
5172 507
9774 508
5921 509
12712 510
8039 511
2871 512
3698 513
9292 514
5287 515
5122 516
12962 517
9884 518
12087 519
8561 520
141 521
4591 522
8330 523
3403 524
6950 525
7271 526
8276 527
6284 528
11089 529
2431 530
10852 531
10899 532
10793 533
7511 534
1182 535
10210 536
6040 537
4007 538
2685 539
1763 540
8152 541
569 542
2617 543
5777 544
4512 545
9001 546
9496 547
1112 548
11249 549
1620 550
5518 551
4242 552
4889 553
2608 554
1866 555
5914 556
5147 557
5667 558
1478 559
1216 560
5837 561
830 562
5881 563
12904 564
3063 565
9470 566
5469 567
9011 568
3964 569
3578 570
10145 571
5292 572
12686 573
8087 574
8557 575
2380 576
12659 577
11720 578
10922 579
4968 580
12958 581
3889 582
2698 583
2562 584
481 585
7879 586
8726 587
5642 588
1451 589
12281 590
3241 591
9735 592
3760 593
10121 594
1196 595
5718 596
11240 597
7073 598
3588 599
2286 600
9432 601
6313 602
9639 603
5441 604
2842 605
834 606
5067 607
1838 608
6908 609
8254 610
3793 611
12956 612
7149 613
974 614
7170 615
8637 616
5174 617
445 618
11867 619
5821 620
12470 621
9037 622
537 623
9602 624
6640 625
11422 626
11763 627
7626 628
9384 629
7048 630
1637 631
4064 632
8553 633
1782 634
10865 635
1243 636
11908 637
4856 638
2851 639
8206 640
3699 641
10928 642
9758 643
1268 644
4939 645
12782 646
1052 647
7126 648
8144 649
5407 650
1103 651
4680 652
11608 653
11805 654
6216 655
11914 656
3020 657
6919 658
580 659
1879 660
6449 661
11920 662
7826 663
720 664
9415 665
9495 666
7631 667
6309 668
10259 669
1155 670
4645 671
10249 672
12684 673
6018 674
11202 675
8064 676
6311 677
4930 678
4654 679
9206 680
9710 681
178 682
11961 683
6562 684
8097 685
12098 686
4982 687
12363 688
7542 689
10621 690
7446 691
4035 692
1244 693
1877 694
2981 695
2887 696
4536 697
6372 698
8940 699
7173 700
8217 701
9118 702
12918 703
2870 704
10880 705
5789 706
1846 707
10986 708
9630 709
4010 710
5738 711
1198 712
7912 713
1449 714
9831 715
2848 716
6270 717
10268 718
9017 719
6534 720
4346 721
6836 722
12321 723
12078 724
11609 725
237 726
6751 727
4901 728
11288 729
3484 730
8192 731
11352 732
10584 733
335 734
1863 735
3268 736
7153 737
958 738
10186 739
1517 740
8345 741
8378 742
9950 743
1 744
4780 745
7637 746
1149 747
11132 748
270 749
2028 750
11980 751
11567 752
9378 753
5728 754
12526 755
10557 756
6366 757
9139 758
12428 759
12007 760
5933 761
9287 762
2173 763
3567 764
10732 765
785 766
7801 767
8190 768
10616 769
8383 770
260 771
946 772
2982 773
12039 774
9781 775
9838 776
6810 777
7600 778
3014 779
9105 780
10057 781
6809 782
11501 783
2460 784
1791 785
8026 786
5306 787
2839 788
8140 789
9238 790
12883 791
8629 792
12990 793
4162 794
873 795
5833 796
4127 797
371 798
6948 799
2187 800
11164 801
12847 802
6774 803
5535 804
5488 805
3657 806
544 807
6081 808
5342 809
8954 810
6871 811
1925 812
2320 813
104 814
465 815
9378 816
3108 817
2262 818
5059 819
6605 820
69 821
435 822
9591 823
11986 824
11042 825
4607 826
5594 827
11163 828
12637 829
11103 830
11576 831
11413 832
937 833
12410 834
5863 835
11061 836
1999 837
6475 838
6813 839
1282 840
4539 841
12545 842
4356 843
2099 844
10540 845
12654 846
7070 847
12028 848
2615 849
5684 850
11332 851
11325 852
2388 853
3039 854
1263 855
1638 856
3572 857
1094 858
5964 859
7130 860
281 861
10262 862
1203 863
12964 864
3170 865
829 866
3367 867
8858 868
9219 869
9813 870
9581 871
6700 872
9972 873
2504 874
5508 875
9512 876
9154 877
7823 878
10529 879
729 880
7599 881
10257 882
2767 883
11024 884
11999 885
12433 886
10903 887
5370 888
4706 889
1056 890
6914 891
2618 892
7655 893
12796 894
9584 895
1970 896
10102 897
9664 898
2844 899
8025 900
7592 901
9134 902
11437 903
7084 904
10509 905
6534 906
7695 907
4329 908
12653 909
11624 910
759 911
10108 912
4684 913
8259 914
3565 915
7954 916
8167 917
3422 918
2356 919
3719 920
2252 921
7675 922
903 923
8509 924
8421 925
6566 926
11536 927
3625 928
7332 929
3072 930
61 931
11216 932
5311 933
7040 934
5358 935
10451 936
8129 937
5436 938
798 939
3502 940
9029 941
5461 942
11897 943
5036 944
5671 945
3549 946
6965 947
3865 948
2007 949
7044 950
411 951
3752 952
6866 953
11671 954
905 955
4675 956
2803 957
718 958
5347 959
9746 960
1891 961
12990 962
1912 963
5494 964
10455 965
3210 966
10968 967
11446 968
7671 969
11607 970
8653 971
1805 972
5625 973
7315 974
7495 975
6650 976
12697 977
3731 978
2710 979
2411 980
782 981
11598 982
3849 983
9135 984
12944 985
7532 986
2114 987
7882 988
12379 989
7387 990
1189 991
7369 992
5835 993
3961 994
4416 995
8581 996
6985 997
12794 998
3638 999
2292 1000
12741 1001
7187 1002
8032 1003
10157 1004
12401 1005
11081 1006
9460 1007
9676 1008
8398 1009
6293 1010
7939 1011
6908 1012
10414 1013
4288 1014
4384 1015
5441 1016
4842 1017
10355 1018
1729 1019
9975 1020
4697 1021
3139 1022
4664 1023
10761 1024
3707 1025
9959 1026
8477 1027
10239 1028
10738 1029
577 1030
5297 1031
10173 1032
1910 1033
12281 1034
1410 1035
3654 1036
10701 1037
8931 1038
9980 1039
785 1040
7519 1041
12337 1042
9893 1043
952 1044
12916 1045
12468 1046
12570 1047
1216 1048
6821 1049
12086 1050
5072 1051
6225 1052
4520 1053
11483 1054
2630 1055
6568 1056
2436 1057
2168 1058
12150 1059
3512 1060
12827 1061
546 1062
12487 1063
5225 1064
12811 1065
10937 1066
4030 1067
9588 1068
2445 1069
6757 1070
3931 1071
1644 1072
246 1073
11628 1074
7294 1075
3212 1076
5202 1077
3654 1078
3795 1079
8139 1080
10536 1081
7089 1082
3818 1083
10427 1084
9723 1085
7189 1086
207 1087
6732 1088
4798 1089
11804 1090
3106 1091
2822 1092
454 1093
1471 1094
2325 1095
3131 1096
10243 1097
10598 1098
11421 1099
4408 1100
3980 1101
8925 1102
4145 1103
1326 1104
2949 1105
8561 1106
9891 1107
5176 1108
1940 1109
855 1110
7968 1111
7603 1112
12684 1113
1336 1114
3870 1115
2865 1116
11415 1117
11763 1118
7367 1119
7477 1120
6602 1121
6845 1122
1039 1123
9937 1124
4582 1125
10170 1126
5858 1127
8497 1128
11611 1129
5429 1130
4346 1131
5751 1132
1324 1133
10305 1134
11148 1135
9450 1136
3656 1137
9180 1138
12109 1139
10690 1140
11706 1141
133 1142
4627 1143
192 1144
12949 1145
1576 1146
5092 1147
9547 1148
3634 1149
10410 1150
9505 1151
930 1152
2443 1153
4742 1154
6014 1155
4177 1156
4136 1157
5608 1158
11410 1159
8011 1160
9974 1161
2210 1162
2278 1163
12558 1164
1559 1165
2199 1166
11159 1167
6871 1168
12932 1169
3015 1170
901 1171
9938 1172
9064 1173
7803 1174
1271 1175
1858 1176
1907 1177
5820 1178
12694 1179
5253 1180
6604 1181
2530 1182
6020 1183
12531 1184
4603 1185
12025 1186
1028 1187
9538 1188
12306 1189
3404 1190
6648 1191
5135 1192
3727 1193
3921 1194
7144 1195
8107 1196
7313 1197
5538 1198
8255 1199
7237 1200
4366 1201
10161 1202
7574 1203
1385 1204
2417 1205
5322 1206
9948 1207
9866 1208
8260 1209
2374 1210
1690 1211
3197 1212
5922 1213
1872 1214
3862 1215
5208 1216
7367 1217
2104 1218
4838 1219
11351 1220
5748 1221
9544 1222
5909 1223
9453 1224
10113 1225
3311 1226
7279 1227
12152 1228
6745 1229
11729 1230
1825 1231
12753 1232
7774 1233
4969 1234
1414 1235
5713 1236
12919 1237
1516 1238
8174 1239
9460 1240
478 1241
9830 1242
7627 1243
7602 1244
10325 1245
12096 1246
11807 1247
11068 1248
3969 1249
2570 1250
7153 1251
10239 1252
7480 1253
9754 1254
7424 1255
10084 1256
5243 1257
47 1258
10973 1259
11800 1260
3027 1261
2267 1262
8147 1263
11245 1264
5701 1265
5376 1266
2107 1267
79 1268
4644 1269
1271 1270
7343 1271
9371 1272
1519 1273
11444 1274
10970 1275
5569 1276
993 1277
4628 1278
125 1279
1483 1280
11863 1281
10440 1282
1189 1283
4993 1284
8464 1285
5624 1286
6661 1287
501 1288
580 1289
12191 1290
12105 1291
9190 1292
5463 1293
1898 1294
7978 1295
9703 1296
923 1297
4039 1298
12851 1299
