1200 1250
3950 0
11688 1
2525 2
8023 3
8133 4
11754 5
3536 6
882 7
9455 8
3983 9
10459 10
11866 11
8751 12
9616 13
11980 14
3079 15
3355 16
2581 17
9224 18
4865 19
4762 20
5985 21
2485 22
8647 23
3145 24
3115 25
8535 26
10756 27
10082 28
9246 29
9044 30
3400 31
9267 32
9449 33
8555 34
883 35
965 36
11181 37
8874 38
8723 39
6239 40
11252 41
6824 42
7963 43
3589 44
1720 45
103 46
1564 47
9313 48
5613 49
7300 50
5426 51
3944 52
5663 53
3245 54
8710 55
11717 56
3429 57
976 58
7603 59
7753 60
10983 61
1972 62
2094 63
6213 64
9437 65
10029 66
7557 67
1614 68
11152 69
8836 70
11397 71
9523 72
10337 73
6688 74
5189 75
3480 76
10578 77
11289 78
1676 79
1253 80
1164 81
2811 82
9488 83
10112 84
5261 85
3084 86
2378 87
4145 88
6029 89
267 90
7760 91
11787 92
4415 93
10098 94
4078 95
11930 96
4667 97
4039 98
7829 99
6670 100
6971 101
7250 102
7535 103
943 104
531 105
6252 106
6407 107
11883 108
7919 109
3560 110
10869 111
8490 112
8216 113
1840 114
6730 115
10368 116
7263 117
6794 118
10604 119
24 120
3168 121
10704 122
4147 123
135 124
11875 125
1711 126
3447 127
3582 128
10385 129
11709 130
11704 131
8521 132
2932 133
7187 134
1278 135
10625 136
7128 137
5561 138
3644 139
7148 140
10342 141
11096 142
11708 143
6579 144
1892 145
3985 146
7072 147
9756 148
4595 149
11522 150
9460 151
1442 152
8908 153
5577 154
10462 155
8942 156
173 157
2203 158
8249 159
4846 160
1882 161
1479 162
618 163
8757 164
8268 165
441 166
4346 167
3968 168
1442 169
662 170
8560 171
10347 172
3652 173
7647 174
4814 175
1111 176
4324 177
11818 178
3298 179
9476 180
2920 181
1589 182
9972 183
1967 184
5754 185
3169 186
11693 187
2978 188
8292 189
9191 190
9132 191
5560 192
2942 193
11383 194
11157 195
4122 196
9209 197
7232 198
11121 199
7156 200
8592 201
4380 202
9698 203
3944 204
2458 205
10152 206
8537 207
447 208
5195 209
6103 210
10008 211
9044 212
11353 213
11230 214
7176 215
11841 216
11630 217
11458 218
11666 219
3576 220
9954 221
9385 222
7538 223
7497 224
2867 225
11437 226
6815 227
4032 228
9971 229
2208 230
1074 231
1101 232
8674 233
7374 234
10809 235
6590 236
11301 237
5020 238
11231 239
6275 240
11940 241
10861 242
1254 243
3878 244
10241 245
1848 246
9254 247
9191 248
3486 249
6809 250
8416 251
4474 252
1373 253
5579 254
5547 255
10908 256
10217 257
2667 258
7928 259
2325 260
806 261
7612 262
2278 263
1213 264
10511 265
5674 266
8603 267
60 268
9510 269
9541 270
50 271
3458 272
5096 273
2892 274
11113 275
1872 276
8930 277
2397 278
2367 279
4831 280
10663 281
1785 282
6655 283
4882 284
4606 285
9513 286
2160 287
4729 288
11198 289
9061 290
9539 291
10483 292
2537 293
10391 294
2254 295
9534 296
10922 297
11824 298
10679 299
5638 300
3497 301
11814 302
2532 303
7786 304
11112 305
8778 306
10599 307
4649 308
4410 309
4354 310
8023 311
6757 312
9498 313
5058 314
6443 315
7861 316
8139 317
2534 318
10714 319
11387 320
1949 321
9843 322
6514 323
9227 324
3288 325
4732 326
8528 327
5508 328
363 329
2307 330
7989 331
9887 332
3631 333
11339 334
2296 335
8625 336
8954 337
3231 338
5668 339
1473 340
6295 341
262 342
1390 343
195 344
9967 345
1442 346
1560 347
11774 348
4704 349
6623 350
5520 351
650 352
9533 353
11385 354
3863 355
8195 356
7543 357
2409 358
8006 359
4145 360
9935 361
10266 362
793 363
7426 364
2752 365
7152 366
2775 367
9729 368
1709 369
10643 370
4676 371
7092 372
1974 373
6881 374
10722 375
7265 376
11852 377
824 378
4366 379
7529 380
5094 381
11034 382
6680 383
11837 384
9528 385
2859 386
8790 387
5349 388
9113 389
7350 390
3358 391
11143 392
3307 393
7466 394
4511 395
3466 396
11296 397
2331 398
4347 399
2514 400
1267 401
2838 402
32 403
15 404
6615 405
3806 406
4229 407
2612 408
1965 409
8205 410
765 411
3828 412
6598 413
8578 414
3817 415
5206 416
8967 417
1625 418
4915 419
4412 420
4425 421
2229 422
2320 423
265 424
10519 425
1152 426
8202 427
4057 428
9129 429
9603 430
7371 431
1232 432
4862 433
6690 434
3359 435
3617 436
6284 437
7597 438
10465 439
1276 440
3310 441
10970 442
8265 443
1604 444
9648 445
11939 446
10798 447
3079 448
9847 449
11751 450
4340 451
7248 452
4210 453
923 454
7612 455
9847 456
8216 457
5403 458
8455 459
6157 460
4784 461
10101 462
9715 463
8321 464
11182 465
3916 466
11058 467
2139 468
11284 469
3264 470
4479 471
8172 472
3223 473
296 474
5146 475
11294 476
6686 477
10485 478
1314 479
3677 480
9556 481
1332 482
10933 483
4751 484
6098 485
11413 486
7372 487
8434 488
11744 489
9929 490
8180 491
7105 492
10670 493
2060 494
8252 495
11376 496
7915 497
6300 498
846 499
7339 500
3495 501
11599 502
10579 503
6272 504
3073 505
10746 506
10083 507
4329 508
6105 509
7502 510
1088 511
3215 512
2464 513
11919 514
8684 515
3779 516
9620 517
4478 518
6569 519
5412 520
2338 521
8768 522
11086 523
3627 524
3106 525
11315 526
6398 527
11494 528
1974 529
1748 530
2620 531
8742 532
1996 533
3050 534
4777 535
2640 536
2004 537
3250 538
3580 539
2773 540
10067 541
11041 542
1159 543
10947 544
11092 545
8827 546
2865 547
3707 548
11490 549
4541 550
6850 551
1851 552
6951 553
4726 554
2401 555
5786 556
6475 557
9401 558
3115 559
3832 560
1119 561
5189 562
3430 563
3327 564
8676 565
2813 566
11273 567
7053 568
5763 569
881 570
8675 571
2512 572
9767 573
6676 574
766 575
5092 576
10202 577
7179 578
11022 579
5926 580
7335 581
11311 582
9688 583
1797 584
1025 585
4314 586
2806 587
10221 588
10185 589
7649 590
9845 591
5300 592
6004 593
2744 594
10519 595
7775 596
1656 597
10781 598
4491 599
10325 600
6701 601
8973 602
1703 603
6641 604
8222 605
5673 606
11077 607
8880 608
1634 609
77 610
8291 611
9341 612
8148 613
6788 614
7849 615
3427 616
8852 617
8694 618
6218 619
10378 620
175 621
2666 622
11548 623
2455 624
49 625
11733 626
10520 627
2836 628
2352 629
8143 630
3874 631
3188 632
11137 633
7415 634
8876 635
3769 636
5659 637
11863 638
9652 639
11994 640
8982 641
3876 642
9947 643
9915 644
6696 645
4303 646
4554 647
8505 648
4897 649
1112 650
6727 651
10537 652
9162 653
5999 654
10353 655
1521 656
8435 657
10903 658
8742 659
7228 660
7246 661
5551 662
92 663
3125 664
1807 665
9896 666
982 667
4941 668
11090 669
4287 670
731 671
7322 672
7820 673
6422 674
5467 675
6207 676
8508 677
6270 678
11539 679
8784 680
6629 681
1767 682
8371 683
6743 684
4443 685
4067 686
1924 687
2470 688
9113 689
7436 690
11674 691
1487 692
95 693
253 694
332 695
8954 696
1538 697
9300 698
6944 699
10983 700
1139 701
6958 702
10896 703
5400 704
1472 705
5054 706
3727 707
10190 708
5073 709
1409 710
1368 711
8383 712
10258 713
10863 714
9340 715
8011 716
2963 717
10576 718
10643 719
10311 720
7254 721
7010 722
7995 723
543 724
881 725
1454 726
11502 727
6102 728
3524 729
1223 730
7783 731
10831 732
8687 733
5694 734
6022 735
6445 736
7621 737
1863 738
1341 739
514 740
8393 741
748 742
7662 743
3134 744
5862 745
5720 746
9252 747
9431 748
9023 749
3557 750
9277 751
3549 752
1834 753
2431 754
8363 755
1357 756
4154 757
3384 758
9271 759
3752 760
6156 761
1977 762
4203 763
2722 764
528 765
6629 766
9251 767
1713 768
5283 769
9464 770
7315 771
5316 772
8163 773
2796 774
5766 775
7200 776
9971 777
11163 778
2202 779
2330 780
9292 781
9137 782
8493 783
719 784
918 785
3776 786
11204 787
8897 788
9031 789
6193 790
4967 791
405 792
4126 793
2667 794
665 795
455 796
4445 797
5446 798
7379 799
10365 800
992 801
1011 802
9163 803
2576 804
10 805
3239 806
8115 807
10046 808
8285 809
9846 810
9694 811
5264 812
2068 813
1615 814
3888 815
1329 816
11918 817
9139 818
2447 819
6086 820
4811 821
11522 822
3547 823
11617 824
2795 825
2091 826
7378 827
8830 828
8888 829
586 830
905 831
947 832
3965 833
5566 834
10975 835
5504 836
6836 837
7194 838
2956 839
888 840
10111 841
9288 842
4894 843
8030 844
5218 845
3691 846
10418 847
3357 848
2710 849
11459 850
4661 851
5778 852
5624 853
8730 854
7893 855
1297 856
5133 857
10143 858
5545 859
4108 860
7039 861
6829 862
7582 863
3375 864
7284 865
2670 866
5889 867
10243 868
1063 869
3639 870
2485 871
11351 872
1598 873
7073 874
10697 875
11807 876
8553 877
2608 878
2337 879
799 880
7509 881
6841 882
11600 883
4630 884
3459 885
530 886
10074 887
10885 888
2634 889
3742 890
8208 891
7125 892
1566 893
1620 894
4067 895
4835 896
538 897
10716 898
9945 899
5964 900
7968 901
5800 902
11518 903
3644 904
4501 905
4996 906
363 907
7902 908
6799 909
10817 910
2717 911
3270 912
11915 913
11603 914
11344 915
11958 916
9351 917
10841 918
5333 919
10765 920
2149 921
4314 922
11632 923
9389 924
4933 925
11406 926
3942 927
6691 928
9795 929
6553 930
1738 931
6925 932
7630 933
9041 934
6353 935
6912 936
6911 937
5829 938
6418 939
5878 940
4128 941
6436 942
2746 943
6375 944
1062 945
4348 946
4582 947
3777 948
1945 949
6476 950
10768 951
3634 952
2833 953
743 954
6388 955
6698 956
9440 957
10730 958
2845 959
8812 960
1428 961
10338 962
4638 963
7577 964
6155 965
814 966
4418 967
9175 968
10102 969
84 970
7257 971
5472 972
6275 973
776 974
4686 975
3508 976
2930 977
9127 978
6257 979
11612 980
11616 981
1156 982
3627 983
1705 984
11333 985
6824 986
2652 987
2792 988
9949 989
4397 990
8506 991
8682 992
10993 993
626 994
3051 995
5442 996
1093 997
1031 998
10384 999
2887 1000
1073 1001
11595 1002
4944 1003
6069 1004
5090 1005
7737 1006
1711 1007
1039 1008
1524 1009
10829 1010
11129 1011
10811 1012
423 1013
3174 1014
11271 1015
9351 1016
3337 1017
6731 1018
4569 1019
3357 1020
3436 1021
8693 1022
3602 1023
4159 1024
2840 1025
2154 1026
6310 1027
2969 1028
2017 1029
294 1030
732 1031
10721 1032
1656 1033
4219 1034
615 1035
9131 1036
8212 1037
9710 1038
1821 1039
3523 1040
3735 1041
2581 1042
1558 1043
11899 1044
5770 1045
9325 1046
10524 1047
5204 1048
2171 1049
5952 1050
7014 1051
8263 1052
307 1053
2725 1054
11322 1055
3593 1056
6225 1057
2089 1058
4119 1059
10992 1060
3524 1061
4256 1062
5558 1063
1494 1064
2992 1065
292 1066
10815 1067
8834 1068
1073 1069
9716 1070
4283 1071
3226 1072
3068 1073
7296 1074
9008 1075
9595 1076
1046 1077
8155 1078
9143 1079
10039 1080
8822 1081
5597 1082
4560 1083
4219 1084
6640 1085
7150 1086
11131 1087
5302 1088
3148 1089
8078 1090
1886 1091
3485 1092
6913 1093
5567 1094
1572 1095
956 1096
7326 1097
6149 1098
8717 1099
9829 1100
9238 1101
3345 1102
11045 1103
11475 1104
11224 1105
8976 1106
11842 1107
574 1108
3943 1109
8092 1110
11204 1111
9930 1112
8679 1113
1078 1114
2158 1115
3090 1116
11244 1117
2889 1118
4680 1119
2752 1120
9409 1121
11279 1122
11172 1123
6097 1124
3879 1125
6061 1126
4391 1127
10023 1128
3199 1129
8554 1130
2653 1131
1949 1132
5279 1133
6403 1134
996 1135
4445 1136
11597 1137
1253 1138
5871 1139
2541 1140
7425 1141
4476 1142
10450 1143
4414 1144
11245 1145
9140 1146
1228 1147
9059 1148
9060 1149
2952 1150
8418 1151
8572 1152
5391 1153
7657 1154
4766 1155
4017 1156
394 1157
6925 1158
11341 1159
4914 1160
11347 1161
7999 1162
2299 1163
7830 1164
4456 1165
9596 1166
2864 1167
567 1168
1346 1169
8388 1170
9718 1171
10526 1172
8928 1173
11422 1174
1270 1175
11933 1176
3619 1177
5231 1178
8802 1179
613 1180
5704 1181
11422 1182
9190 1183
9598 1184
7831 1185
4048 1186
4746 1187
1898 1188
3185 1189
11300 1190
10757 1191
226 1192
4948 1193
2805 1194
8821 1195
2066 1196
5887 1197
5521 1198
4259 1199
