1650 1350
11342 0
9307 1
16331 2
3033 3
8269 4
12740 5
10064 6
10123 7
12351 8
2416 9
2362 10
2768 11
13285 12
14234 13
2136 14
3403 15
4476 16
8829 17
5451 18
13025 19
8337 20
2878 21
8010 22
8146 23
6421 24
10024 25
7064 26
12265 27
11140 28
13707 29
2976 30
8539 31
15558 32
12978 33
63 34
8235 35
753 36
2433 37
6477 38
16341 39
2167 40
10346 41
14193 42
8549 43
9491 44
14980 45
4612 46
3331 47
2422 48
1880 49
11380 50
16120 51
2886 52
7522 53
1300 54
10758 55
14072 56
16352 57
8497 58
5226 59
8698 60
6793 61
5271 62
238 63
4244 64
9388 65
3150 66
8619 67
9095 68
16464 69
10195 70
9856 71
796 72
3974 73
14765 74
3739 75
13957 76
8400 77
3282 78
5805 79
2295 80
15958 81
12 82
13384 83
8858 84
10039 85
468 86
2591 87
11445 88
11719 89
9909 90
2047 91
2305 92
12584 93
12965 94
13752 95
10308 96
13619 97
14534 98
1620 99
6809 100
16230 101
9266 102
3119 103
10909 104
766 105
865 106
8498 107
5005 108
1199 109
6112 110
14322 111
11246 112
2926 113
12504 114
13650 115
7199 116
7648 117
7402 118
16372 119
13564 120
9803 121
4062 122
15400 123
6849 124
7736 125
5517 126
6154 127
3294 128
11691 129
12937 130
14444 131
8648 132
4857 133
449 134
6974 135
2499 136
381 137
4046 138
3152 139
15940 140
9019 141
3742 142
14062 143
58 144
14891 145
16165 146
4890 147
3360 148
13149 149
9914 150
7251 151
4607 152
8687 153
6480 154
7416 155
12858 156
14355 157
10597 158
9608 159
6888 160
1432 161
16052 162
11851 163
9825 164
13056 165
11674 166
1423 167
904 168
6692 169
7633 170
8396 171
16078 172
9394 173
2636 174
15416 175
5314 176
13093 177
6088 178
8395 179
15298 180
8955 181
14259 182
12654 183
8940 184
10564 185
2814 186
10622 187
132 188
6039 189
8087 190
2197 191
2364 192
3746 193
2042 194
1981 195
11677 196
12179 197
15083 198
16244 199
14226 200
1116 201
4876 202
9843 203
1459 204
4113 205
4811 206
4769 207
14474 208
9677 209
1158 210
3315 211
10167 212
14476 213
9366 214
8079 215
16251 216
10202 217
2843 218
8781 219
4965 220
9507 221
9199 222
4350 223
9451 224
1840 225
493 226
5106 227
15887 228
16133 229
11674 230
4954 231
10445 232
6125 233
10549 234
12185 235
3020 236
14480 237
15980 238
6172 239
15543 240
16295 241
7855 242
11252 243
5400 244
10400 245
5498 246
2365 247
9022 248
9779 249
11374 250
8723 251
14087 252
4 253
10944 254
15292 255
6093 256
2228 257
16374 258
2609 259
502 260
8091 261
14327 262
102 263
8371 264
10434 265
15444 266
7949 267
10048 268
5085 269
8615 270
1580 271
7179 272
7478 273
1214 274
9478 275
6499 276
2899 277
11091 278
13706 279
7296 280
2788 281
1364 282
5266 283
2478 284
14446 285
14686 286
777 287
2774 288
2678 289
10574 290
2773 291
12210 292
2561 293
6194 294
9579 295
13475 296
7225 297
9567 298
5696 299
10996 300
9791 301
8674 302
2037 303
3960 304
7555 305
3436 306
15146 307
10671 308
3517 309
583 310
13441 311
9674 312
16181 313
8085 314
3440 315
947 316
13412 317
1819 318
13636 319
15375 320
2436 321
8951 322
11502 323
15872 324
1332 325
7211 326
7989 327
11812 328
15677 329
12523 330
4733 331
1010 332
561 333
320 334
2189 335
10109 336
15162 337
10281 338
4854 339
8048 340
1309 341
3091 342
5449 343
8044 344
16247 345
10122 346
1960 347
4691 348
6261 349
7429 350
820 351
7218 352
6531 353
8347 354
1364 355
12486 356
16381 357
1049 358
11096 359
7760 360
2168 361
1979 362
10590 363
11831 364
13086 365
10619 366
15370 367
279 368
6885 369
14203 370
8115 371
8543 372
3293 373
11395 374
3690 375
9835 376
10416 377
12277 378
4433 379
8901 380
12238 381
4671 382
942 383
14234 384
5255 385
10356 386
16484 387
10795 388
3234 389
9512 390
11947 391
3721 392
6791 393
3845 394
8804 395
5814 396
15825 397
13947 398
5366 399
9126 400
13141 401
12136 402
10008 403
5987 404
4682 405
9623 406
3653 407
12049 408
6025 409
6943 410
10723 411
9038 412
15532 413
5153 414
14634 415
2099 416
11226 417
16086 418
14618 419
2239 420
5236 421
1628 422
9141 423
3627 424
8966 425
1353 426
5566 427
11063 428
9551 429
14346 430
13806 431
6135 432
5088 433
13423 434
13019 435
11066 436
6973 437
13012 438
8060 439
13730 440
512 441
9367 442
9252 443
13075 444
12949 445
1018 446
2373 447
3651 448
9166 449
7674 450
5203 451
6047 452
8670 453
8868 454
4804 455
13645 456
291 457
5129 458
6865 459
14846 460
6327 461
6226 462
13453 463
16248 464
14088 465
2457 466
16480 467
11056 468
1908 469
7368 470
3751 471
8001 472
3274 473
12685 474
11367 475
7465 476
10257 477
6748 478
11749 479
10622 480
2771 481
13693 482
6643 483
656 484
12857 485
1753 486
5954 487
13915 488
16368 489
7584 490
14657 491
1655 492
12713 493
8085 494
9331 495
7661 496
7302 497
13444 498
2643 499
7380 500
16189 501
13296 502
3054 503
9191 504
14561 505
14487 506
12413 507
11239 508
11863 509
4013 510
12027 511
11269 512
1056 513
5091 514
3094 515
2250 516
15978 517
2640 518
8319 519
4059 520
11790 521
5283 522
9602 523
12080 524
5291 525
5849 526
4662 527
11352 528
3687 529
14443 530
10172 531
12130 532
4954 533
3963 534
9674 535
102 536
7702 537
3935 538
7606 539
10305 540
15714 541
13459 542
2938 543
14188 544
6428 545
1221 546
11309 547
7430 548
463 549
5860 550
7774 551
4588 552
5874 553
4377 554
6707 555
7311 556
9998 557
254 558
9867 559
9945 560
6067 561
840 562
13160 563
12991 564
10096 565
8268 566
1955 567
2714 568
5737 569
8210 570
7172 571
11088 572
8346 573
12475 574
8044 575
14162 576
7463 577
8399 578
12916 579
14932 580
2837 581
9368 582
16148 583
13108 584
1999 585
14537 586
13848 587
2492 588
6337 589
4163 590
6847 591
15592 592
7486 593
14139 594
8687 595
3213 596
15480 597
4981 598
7646 599
5626 600
1426 601
16195 602
10418 603
5586 604
884 605
1732 606
7434 607
5684 608
15440 609
7099 610
11560 611
9614 612
4715 613
13293 614
16080 615
11436 616
15874 617
14796 618
13055 619
985 620
8223 621
2600 622
11975 623
12370 624
7910 625
15092 626
4285 627
680 628
2099 629
25 630
6297 631
4028 632
11834 633
16490 634
13307 635
13324 636
15459 637
15214 638
2657 639
8220 640
1436 641
12914 642
7241 643
13689 644
12870 645
6504 646
9237 647
12867 648
1947 649
3207 650
15275 651
11821 652
9795 653
3068 654
14334 655
14312 656
5783 657
956 658
384 659
14436 660
2488 661
12266 662
5406 663
15777 664
12843 665
2425 666
12558 667
12455 668
9661 669
9837 670
12499 671
3999 672
13911 673
8076 674
14422 675
8893 676
11716 677
4850 678
4362 679
8217 680
544 681
11931 682
13960 683
11069 684
2432 685
6144 686
4127 687
15078 688
12856 689
12489 690
15460 691
7199 692
11675 693
12431 694
9698 695
15209 696
14072 697
2032 698
7447 699
2166 700
5203 701
6236 702
5411 703
1584 704
6891 705
9258 706
1639 707
15379 708
1149 709
2204 710
14258 711
15549 712
80 713
516 714
10415 715
10794 716
3312 717
18 718
12133 719
7878 720
5579 721
15186 722
7216 723
9331 724
3159 725
976 726
3137 727
3755 728
16314 729
1188 730
3527 731
15064 732
12738 733
8759 734
5424 735
404 736
9254 737
11114 738
15381 739
4510 740
11878 741
5698 742
11307 743
6874 744
810 745
8546 746
1105 747
11601 748
5199 749
2811 750
1816 751
15613 752
16429 753
15397 754
7507 755
7212 756
15423 757
3102 758
9620 759
2474 760
12748 761
15122 762
8218 763
10463 764
6493 765
8258 766
3731 767
6219 768
3536 769
11341 770
11029 771
14406 772
15519 773
7894 774
9003 775
4063 776
13680 777
11040 778
6159 779
13938 780
14417 781
2832 782
1736 783
12370 784
4483 785
15557 786
9509 787
5775 788
10150 789
3439 790
15054 791
15955 792
6593 793
13351 794
14998 795
4477 796
15190 797
11523 798
16158 799
2254 800
2909 801
6103 802
11541 803
9236 804
11711 805
13759 806
15741 807
3432 808
16241 809
7639 810
514 811
369 812
2662 813
5874 814
10571 815
8315 816
14984 817
1723 818
6409 819
3789 820
3306 821
6995 822
1103 823
5258 824
4071 825
5216 826
3995 827
7006 828
6333 829
12731 830
5377 831
3046 832
777 833
13285 834
4932 835
6597 836
15229 837
4336 838
3030 839
12197 840
12330 841
3106 842
7469 843
14968 844
4612 845
13228 846
1691 847
14415 848
1603 849
7698 850
7583 851
15477 852
4718 853
6892 854
1211 855
11932 856
11978 857
12173 858
6526 859
2421 860
953 861
7901 862
11795 863
3925 864
13970 865
15805 866
2369 867
6538 868
13008 869
15405 870
7915 871
8457 872
12326 873
1437 874
11795 875
3318 876
15061 877
9606 878
13986 879
3454 880
15659 881
15058 882
7209 883
12412 884
1519 885
6140 886
5439 887
4995 888
11663 889
891 890
5692 891
13979 892
13672 893
489 894
15234 895
7941 896
3847 897
15973 898
1015 899
13545 900
14545 901
12531 902
570 903
14161 904
5976 905
6672 906
3081 907
13137 908
6333 909
16162 910
1679 911
4916 912
2866 913
11569 914
6526 915
2658 916
9799 917
6816 918
4149 919
4679 920
11609 921
4077 922
15353 923
15180 924
10572 925
2061 926
15591 927
15121 928
8898 929
5855 930
12532 931
14198 932
13299 933
8229 934
879 935
5976 936
5188 937
9778 938
12431 939
12999 940
1336 941
2380 942
6237 943
12106 944
7035 945
6820 946
1891 947
16171 948
35 949
393 950
3279 951
8445 952
8569 953
10754 954
15096 955
8951 956
221 957
589 958
4573 959
4351 960
10766 961
2490 962
13746 963
3740 964
4843 965
11883 966
13088 967
9867 968
6158 969
12743 970
11762 971
11481 972
11336 973
16229 974
4685 975
3627 976
8039 977
6363 978
3170 979
14138 980
5855 981
14018 982
14801 983
3502 984
7635 985
33 986
12192 987
8960 988
15331 989
8024 990
7592 991
2048 992
15257 993
1463 994
11538 995
7190 996
4166 997
9131 998
8010 999
3079 1000
3128 1001
5313 1002
14473 1003
4595 1004
9855 1005
3950 1006
9772 1007
746 1008
5124 1009
12399 1010
3117 1011
10958 1012
15954 1013
9037 1014
10567 1015
13291 1016
16092 1017
2937 1018
5646 1019
7158 1020
3169 1021
12029 1022
16115 1023
9419 1024
4442 1025
9909 1026
8258 1027
10998 1028
15792 1029
5936 1030
11503 1031
5402 1032
260 1033
7871 1034
14905 1035
1472 1036
5687 1037
1033 1038
3208 1039
12167 1040
7635 1041
5717 1042
7114 1043
14392 1044
1659 1045
14625 1046
8382 1047
11115 1048
4723 1049
4622 1050
722 1051
3476 1052
14496 1053
1509 1054
8174 1055
14652 1056
5970 1057
8858 1058
15395 1059
15640 1060
8040 1061
10060 1062
12712 1063
4446 1064
8522 1065
3804 1066
214 1067
9548 1068
8133 1069
5122 1070
15425 1071
8147 1072
4122 1073
9088 1074
1183 1075
11017 1076
6835 1077
1298 1078
6334 1079
4247 1080
7446 1081
103 1082
3897 1083
15719 1084
3455 1085
10389 1086
13524 1087
492 1088
13698 1089
6426 1090
2034 1091
8190 1092
5799 1093
14620 1094
12416 1095
1148 1096
13621 1097
3853 1098
595 1099
2415 1100
6237 1101
15266 1102
14926 1103
4786 1104
2864 1105
14255 1106
6700 1107
14064 1108
10555 1109
14857 1110
11669 1111
11527 1112
11007 1113
13401 1114
3164 1115
8535 1116
8804 1117
13449 1118
12747 1119
1317 1120
10622 1121
10939 1122
9768 1123
13760 1124
13875 1125
2548 1126
821 1127
7329 1128
14980 1129
1601 1130
2002 1131
5953 1132
890 1133
8230 1134
9307 1135
1449 1136
2129 1137
16115 1138
15589 1139
877 1140
8426 1141
5449 1142
4528 1143
10412 1144
8181 1145
1882 1146
16465 1147
3450 1148
15434 1149
10726 1150
6776 1151
7749 1152
3048 1153
7762 1154
4584 1155
10942 1156
3539 1157
15447 1158
15145 1159
4966 1160
2740 1161
1991 1162
10127 1163
14293 1164
10086 1165
4108 1166
557 1167
6828 1168
6235 1169
15076 1170
2472 1171
2514 1172
12301 1173
5648 1174
11494 1175
10580 1176
9696 1177
7443 1178
16282 1179
13471 1180
14603 1181
5880 1182
9882 1183
7208 1184
2562 1185
8789 1186
10894 1187
8681 1188
9166 1189
14864 1190
14615 1191
2577 1192
2813 1193
14347 1194
1989 1195
8786 1196
9913 1197
4887 1198
7280 1199
4766 1200
14077 1201
3539 1202
11772 1203
3294 1204
11597 1205
6193 1206
656 1207
13253 1208
12566 1209
15335 1210
12348 1211
15476 1212
1281 1213
2841 1214
4382 1215
4643 1216
13653 1217
12535 1218
5596 1219
13487 1220
6841 1221
13962 1222
14582 1223
16180 1224
14291 1225
2741 1226
12197 1227
3332 1228
11026 1229
3507 1230
16226 1231
1473 1232
7414 1233
10035 1234
6633 1235
7432 1236
12079 1237
8364 1238
5927 1239
1938 1240
3776 1241
2830 1242
6761 1243
2558 1244
488 1245
16384 1246
437 1247
14025 1248
6194 1249
10463 1250
6749 1251
11764 1252
15598 1253
13739 1254
83 1255
7979 1256
10025 1257
3248 1258
13635 1259
12015 1260
15977 1261
4815 1262
7715 1263
14442 1264
2513 1265
13314 1266
8865 1267
9519 1268
4905 1269
334 1270
3769 1271
3983 1272
16378 1273
2589 1274
7747 1275
16480 1276
7591 1277
7139 1278
15862 1279
9262 1280
12463 1281
8277 1282
5990 1283
11896 1284
232 1285
9444 1286
12010 1287
2282 1288
10454 1289
12558 1290
11853 1291
10312 1292
16337 1293
7193 1294
7551 1295
13043 1296
8922 1297
13447 1298
15880 1299
10727 1300
6719 1301
6914 1302
11843 1303
4728 1304
10725 1305
2721 1306
5544 1307
9092 1308
14351 1309
1935 1310
2639 1311
2585 1312
7703 1313
14065 1314
12027 1315
4942 1316
12997 1317
1502 1318
10060 1319
8719 1320
11933 1321
6815 1322
3946 1323
677 1324
6874 1325
9419 1326
5061 1327
12071 1328
8982 1329
10798 1330
15027 1331
8883 1332
9645 1333
3845 1334
6787 1335
15966 1336
15330 1337
4478 1338
7908 1339
9750 1340
13235 1341
410 1342
4299 1343
2576 1344
3303 1345
15256 1346
11211 1347
4918 1348
2581 1349
15562 1350
6208 1351
223 1352
11884 1353
8976 1354
5220 1355
8919 1356
10375 1357
7637 1358
5218 1359
13216 1360
7433 1361
2348 1362
7768 1363
13068 1364
11785 1365
14506 1366
15049 1367
15310 1368
913 1369
7848 1370
559 1371
13645 1372
1466 1373
11292 1374
6790 1375
6858 1376
593 1377
12306 1378
8034 1379
6118 1380
213 1381
6855 1382
1361 1383
4739 1384
8445 1385
11528 1386
14421 1387
9851 1388
12535 1389
15243 1390
4161 1391
3514 1392
14644 1393
9812 1394
8143 1395
4503 1396
8352 1397
6730 1398
14423 1399
198 1400
3734 1401
2278 1402
8797 1403
3455 1404
15182 1405
8168 1406
5045 1407
7779 1408
15225 1409
10068 1410
3207 1411
6660 1412
8357 1413
1725 1414
10156 1415
3509 1416
4876 1417
1619 1418
9161 1419
13400 1420
2540 1421
7928 1422
12724 1423
318 1424
223 1425
1878 1426
11650 1427
7004 1428
5873 1429
15836 1430
8751 1431
4277 1432
11238 1433
8199 1434
14473 1435
1556 1436
15452 1437
3561 1438
6276 1439
3200 1440
8934 1441
9128 1442
16369 1443
13626 1444
15770 1445
10884 1446
5446 1447
15493 1448
3911 1449
10783 1450
1334 1451
15866 1452
1787 1453
2440 1454
15192 1455
13963 1456
14696 1457
14914 1458
1746 1459
9511 1460
1472 1461
3 1462
13069 1463
5954 1464
2681 1465
12293 1466
8741 1467
5677 1468
11471 1469
14247 1470
13865 1471
4941 1472
3996 1473
7154 1474
14034 1475
467 1476
13068 1477
3815 1478
6407 1479
3126 1480
3818 1481
8163 1482
7900 1483
4741 1484
1895 1485
9029 1486
8082 1487
15712 1488
586 1489
14806 1490
6929 1491
8766 1492
8155 1493
16467 1494
5793 1495
11782 1496
12697 1497
10680 1498
6586 1499
10637 1500
3493 1501
6225 1502
13821 1503
8122 1504
9451 1505
14396 1506
15552 1507
1026 1508
5920 1509
12581 1510
4733 1511
13139 1512
15496 1513
9608 1514
5065 1515
5671 1516
13774 1517
13846 1518
16350 1519
494 1520
11128 1521
3586 1522
14542 1523
12166 1524
12863 1525
13758 1526
5316 1527
5594 1528
5567 1529
7980 1530
11156 1531
8373 1532
7392 1533
12030 1534
16398 1535
331 1536
14492 1537
4001 1538
14032 1539
10320 1540
12963 1541
8 1542
8151 1543
8885 1544
7595 1545
5218 1546
11573 1547
12180 1548
5479 1549
1318 1550
2892 1551
11405 1552
2592 1553
6600 1554
2273 1555
7377 1556
6431 1557
2562 1558
6744 1559
11777 1560
1316 1561
8073 1562
933 1563
15409 1564
15361 1565
9142 1566
16397 1567
3944 1568
6534 1569
4176 1570
10320 1571
16493 1572
6527 1573
9754 1574
6387 1575
5063 1576
3633 1577
6504 1578
14424 1579
9320 1580
4342 1581
162 1582
9312 1583
16308 1584
14979 1585
5352 1586
15977 1587
16269 1588
4552 1589
6228 1590
12774 1591
2891 1592
5071 1593
2362 1594
4267 1595
4178 1596
13073 1597
4829 1598
8263 1599
7670 1600
16321 1601
7998 1602
15338 1603
13524 1604
12769 1605
740 1606
12462 1607
9807 1608
15445 1609
8748 1610
7175 1611
7258 1612
2282 1613
12777 1614
5164 1615
1793 1616
1490 1617
7432 1618
3203 1619
6268 1620
15436 1621
9733 1622
7496 1623
11295 1624
14265 1625
8371 1626
1773 1627
10156 1628
2507 1629
15957 1630
2727 1631
8653 1632
7398 1633
1367 1634
9161 1635
6879 1636
4355 1637
15112 1638
1300 1639
10751 1640
15252 1641
11813 1642
5137 1643
10969 1644
2355 1645
13886 1646
11774 1647
6325 1648
11731 1649
