1250 1500
6543 0
5873 1
11737 2
6882 3
1462 4
821 5
6749 6
7383 7
12411 8
6592 9
2263 10
402 11
9205 12
10621 13
4412 14
3571 15
10021 16
1981 17
12418 18
11515 19
4421 20
2148 21
3333 22
6274 23
8279 24
3089 25
2749 26
3366 27
286 28
5995 29
5673 30
9181 31
3939 32
8714 33
2052 34
928 35
1329 36
9381 37
7948 38
743 39
6656 40
274 41
2024 42
591 43
3302 44
1982 45
6594 46
9643 47
7583 48
330 49
6943 50
187 51
5572 52
4182 53
10835 54
757 55
4688 56
6079 57
8554 58
10963 59
1330 60
6102 61
3851 62
7703 63
12452 64
3309 65
1 66
6425 67
9783 68
2956 69
3157 70
3211 71
9081 72
10102 73
4755 74
4073 75
12479 76
11928 77
4291 78
4497 79
1033 80
7071 81
11520 82
266 83
1044 84
11306 85
686 86
4717 87
1678 88
7689 89
2401 90
1153 91
37 92
1632 93
7795 94
10498 95
7895 96
10680 97
1445 98
8695 99
4384 100
604 101
2409 102
1900 103
196 104
3541 105
7557 106
3490 107
909 108
1607 109
3886 110
9312 111
6653 112
1674 113
50 114
927 115
7200 116
1284 117
7611 118
995 119
11745 120
8605 121
7203 122
12281 123
11284 124
7325 125
5278 126
7565 127
12241 128
7955 129
10562 130
449 131
10181 132
10478 133
10844 134
2038 135
1930 136
9657 137
10383 138
9789 139
2816 140
2314 141
2013 142
9814 143
1345 144
3955 145
8793 146
8703 147
2519 148
6782 149
2398 150
5089 151
159 152
4548 153
10295 154
9705 155
6554 156
4901 157
11465 158
10475 159
10 160
5262 161
2717 162
5193 163
8151 164
5127 165
8915 166
9945 167
8707 168
1679 169
7989 170
12385 171
1257 172
9861 173
5020 174
9977 175
7616 176
1795 177
5541 178
4911 179
4568 180
11511 181
3023 182
4610 183
7728 184
12330 185
8610 186
5413 187
961 188
4114 189
9209 190
7083 191
11866 192
7259 193
7416 194
2095 195
7289 196
1113 197
1021 198
8021 199
6521 200
9476 201
1924 202
10971 203
10027 204
3710 205
8237 206
233 207
11581 208
8560 209
11719 210
3199 211
3776 212
239 213
10142 214
4260 215
5655 216
4020 217
2083 218
11978 219
5685 220
8658 221
4762 222
598 223
7160 224
10260 225
4214 226
4632 227
542 228
11294 229
5406 230
3596 231
1350 232
3635 233
8723 234
7688 235
9707 236
3991 237
7811 238
574 239
11290 240
310 241
5424 242
10839 243
967 244
5670 245
8549 246
237 247
3966 248
1716 249
12280 250
3179 251
3921 252
397 253
2050 254
9943 255
2586 256
7214 257
2179 258
2884 259
11780 260
7957 261
12111 262
6538 263
198 264
5541 265
8389 266
3726 267
1703 268
8902 269
4161 270
4389 271
2294 272
11076 273
4614 274
2944 275
2907 276
12494 277
7456 278
9857 279
12428 280
4877 281
2031 282
6063 283
6440 284
1580 285
12147 286
6904 287
6809 288
2201 289
9549 290
1400 291
8483 292
10578 293
724 294
5738 295
5984 296
3175 297
10891 298
207 299
9040 300
270 301
1386 302
487 303
1383 304
11029 305
679 306
7650 307
3742 308
2691 309
2930 310
7273 311
9572 312
130 313
4870 314
12236 315
2488 316
10324 317
2262 318
11825 319
9328 320
1544 321
59 322
3244 323
6897 324
10528 325
7304 326
9500 327
5341 328
1838 329
6664 330
5904 331
9044 332
3354 333
10018 334
2807 335
8454 336
1978 337
11911 338
8285 339
9928 340
6414 341
315 342
1945 343
7060 344
1992 345
6575 346
8288 347
11854 348
5680 349
11109 350
1243 351
5029 352
8322 353
1426 354
5597 355
11869 356
4545 357
11749 358
9888 359
5083 360
11016 361
2998 362
1640 363
10559 364
6128 365
2325 366
7691 367
9789 368
9646 369
4211 370
816 371
5970 372
11536 373
944 374
7203 375
7913 376
3404 377
6117 378
2658 379
60 380
3593 381
11849 382
2750 383
8214 384
3804 385
2612 386
6541 387
3158 388
9594 389
2631 390
9987 391
7305 392
11112 393
6868 394
5162 395
1362 396
8155 397
9825 398
7235 399
203 400
8178 401
2560 402
6070 403
8191 404
11015 405
10450 406
5287 407
7598 408
3077 409
2795 410
4034 411
499 412
4356 413
12354 414
5936 415
7275 416
11326 417
11252 418
11737 419
2764 420
130 421
2140 422
6940 423
579 424
8248 425
7211 426
2359 427
1841 428
97 429
7184 430
7472 431
8894 432
4346 433
5744 434
3009 435
8688 436
5742 437
575 438
10699 439
5913 440
4063 441
8631 442
4879 443
8537 444
2470 445
8264 446
4528 447
12433 448
3933 449
1629 450
9595 451
8717 452
10374 453
8793 454
2418 455
317 456
11415 457
145 458
2551 459
2330 460
2257 461
4016 462
6414 463
6341 464
3034 465
6632 466
6888 467
5434 468
2858 469
8868 470
8466 471
6050 472
4394 473
1432 474
532 475
9455 476
3789 477
10943 478
5520 479
5921 480
618 481
5169 482
1151 483
7239 484
10946 485
2178 486
3970 487
8992 488
6482 489
1689 490
8634 491
8591 492
5623 493
2144 494
12177 495
8409 496
10701 497
9162 498
2408 499
4160 500
629 501
9282 502
9779 503
2440 504
6046 505
8301 506
4819 507
9580 508
10528 509
8181 510
7251 511
836 512
6520 513
6275 514
12081 515
12340 516
10545 517
5294 518
4782 519
5255 520
10441 521
8162 522
2242 523
117 524
6449 525
1990 526
2575 527
3335 528
862 529
2742 530
7671 531
5024 532
1870 533
7664 534
9303 535
3711 536
9777 537
10053 538
3523 539
10519 540
9275 541
12026 542
1712 543
2947 544
1385 545
3677 546
7274 547
8939 548
8204 549
6077 550
2242 551
7347 552
3993 553
10482 554
9742 555
6720 556
10399 557
2284 558
9313 559
4091 560
8562 561
8293 562
8361 563
3641 564
1034 565
10008 566
4292 567
2116 568
795 569
3132 570
8178 571
11932 572
1872 573
8292 574
11536 575
10070 576
1926 577
11215 578
11371 579
11052 580
2011 581
9724 582
8089 583
11481 584
10658 585
7624 586
6266 587
11565 588
5657 589
5132 590
10120 591
1595 592
4417 593
8087 594
1423 595
2241 596
553 597
7677 598
6342 599
3401 600
150 601
5489 602
1950 603
5802 604
509 605
9237 606
3426 607
7173 608
5364 609
1880 610
8110 611
9265 612
2122 613
5438 614
6315 615
9598 616
6863 617
6553 618
10062 619
5982 620
12471 621
2728 622
8284 623
6858 624
4341 625
11163 626
11625 627
3009 628
9839 629
5442 630
10308 631
628 632
3559 633
9240 634
9775 635
9711 636
260 637
9297 638
11419 639
5640 640
1179 641
886 642
3969 643
5773 644
7017 645
3501 646
10444 647
4530 648
7417 649
4776 650
6504 651
10787 652
9401 653
11423 654
4112 655
4666 656
2000 657
8181 658
12492 659
11140 660
2331 661
12220 662
9263 663
4828 664
5802 665
9742 666
6462 667
4591 668
9222 669
6276 670
3430 671
4600 672
5583 673
1075 674
4441 675
7873 676
7171 677
5102 678
4167 679
7791 680
9383 681
8069 682
9958 683
4460 684
10890 685
5607 686
4037 687
8337 688
8581 689
3024 690
4504 691
8185 692
7403 693
5162 694
5891 695
452 696
1079 697
3216 698
10121 699
6943 700
6820 701
5724 702
3904 703
3240 704
11249 705
11403 706
11710 707
6936 708
11332 709
2729 710
2606 711
810 712
3175 713
12046 714
3865 715
10498 716
9524 717
1776 718
5963 719
5976 720
1820 721
10487 722
5892 723
4082 724
9826 725
9485 726
3241 727
11066 728
10291 729
3674 730
1251 731
10987 732
5513 733
5409 734
2135 735
5224 736
5972 737
2240 738
2288 739
12016 740
2807 741
12333 742
1031 743
5275 744
3190 745
4306 746
6046 747
4569 748
11059 749
1918 750
5247 751
5219 752
5908 753
3006 754
626 755
4973 756
9436 757
7562 758
6634 759
5451 760
6380 761
2925 762
153 763
3417 764
9228 765
9784 766
11265 767
11972 768
2582 769
10477 770
8030 771
7761 772
2669 773
8277 774
5598 775
4610 776
9561 777
9960 778
10976 779
3681 780
11724 781
1475 782
10076 783
7875 784
1553 785
10940 786
2218 787
11054 788
7446 789
1150 790
9020 791
6836 792
6971 793
3108 794
9448 795
12268 796
1863 797
6375 798
731 799
5520 800
11762 801
2237 802
11756 803
8332 804
4489 805
9128 806
4313 807
9210 808
7799 809
5128 810
7005 811
4352 812
9874 813
12479 814
3642 815
9278 816
8789 817
9686 818
11638 819
984 820
4687 821
11338 822
11445 823
9937 824
4258 825
10590 826
10432 827
2746 828
9441 829
11082 830
710 831
2271 832
8980 833
1746 834
137 835
3000 836
9188 837
303 838
6477 839
7553 840
7705 841
1289 842
9399 843
7891 844
324 845
5096 846
1576 847
2189 848
2271 849
7303 850
12325 851
6522 852
3548 853
1687 854
2983 855
3566 856
1407 857
463 858
11340 859
8802 860
2612 861
6669 862
5154 863
4530 864
4441 865
9254 866
9535 867
11879 868
9542 869
9991 870
10400 871
922 872
1553 873
9322 874
11335 875
1648 876
12410 877
3760 878
708 879
10642 880
2362 881
11265 882
10583 883
10219 884
12095 885
9840 886
8793 887
6191 888
923 889
3433 890
7987 891
1933 892
10951 893
8229 894
3455 895
4052 896
5293 897
9239 898
12109 899
221 900
6739 901
5717 902
5396 903
9065 904
9961 905
6342 906
5 907
1517 908
2039 909
11767 910
6456 911
8044 912
11899 913
6813 914
5215 915
5476 916
6996 917
5795 918
9135 919
4600 920
10148 921
11588 922
9043 923
1032 924
1247 925
8405 926
1430 927
8864 928
1441 929
611 930
2257 931
8916 932
3176 933
5208 934
6486 935
10285 936
7108 937
5637 938
3030 939
2230 940
1094 941
1320 942
4057 943
4603 944
4612 945
10114 946
9273 947
10250 948
7996 949
3999 950
8193 951
3993 952
7441 953
9990 954
3260 955
9488 956
2599 957
6812 958
8118 959
1581 960
11852 961
11512 962
7433 963
875 964
8157 965
10127 966
6701 967
1116 968
10380 969
11492 970
11425 971
2892 972
2790 973
9186 974
8839 975
9334 976
2191 977
1476 978
11887 979
1979 980
9838 981
4985 982
4356 983
1349 984
8553 985
3865 986
12411 987
1671 988
2552 989
9936 990
8790 991
3662 992
226 993
9007 994
1325 995
181 996
9876 997
7310 998
184 999
1510 1000
4767 1001
3522 1002
734 1003
6701 1004
9294 1005
7145 1006
11446 1007
3340 1008
5806 1009
7184 1010
10460 1011
10903 1012
10368 1013
6743 1014
9184 1015
12401 1016
1001 1017
11367 1018
3031 1019
3184 1020
4798 1021
9834 1022
5144 1023
11477 1024
10623 1025
21 1026
8754 1027
7075 1028
108 1029
7985 1030
7051 1031
4432 1032
1223 1033
6260 1034
7266 1035
9199 1036
4690 1037
6119 1038
9164 1039
9576 1040
9238 1041
5639 1042
5914 1043
2464 1044
10922 1045
3633 1046
6383 1047
9412 1048
250 1049
7771 1050
1473 1051
7775 1052
7610 1053
2108 1054
6798 1055
4824 1056
469 1057
7574 1058
12177 1059
1911 1060
11407 1061
10355 1062
9671 1063
9218 1064
104 1065
10104 1066
3679 1067
9401 1068
10101 1069
11297 1070
4239 1071
4007 1072
7408 1073
3449 1074
7938 1075
9511 1076
12230 1077
10794 1078
4288 1079
9480 1080
3357 1081
7596 1082
1393 1083
5876 1084
4158 1085
7627 1086
9774 1087
6921 1088
9029 1089
6534 1090
6975 1091
11194 1092
1408 1093
6834 1094
2677 1095
6912 1096
9287 1097
5302 1098
5624 1099
10282 1100
6104 1101
7055 1102
8964 1103
10446 1104
3442 1105
10438 1106
4202 1107
9089 1108
4885 1109
6449 1110
6082 1111
657 1112
9630 1113
98 1114
5330 1115
11189 1116
3695 1117
3377 1118
5204 1119
5607 1120
6543 1121
10153 1122
8534 1123
7962 1124
9446 1125
7361 1126
5437 1127
451 1128
4406 1129
1186 1130
2350 1131
7670 1132
8300 1133
195 1134
7394 1135
7183 1136
11709 1137
932 1138
4910 1139
2129 1140
10663 1141
2031 1142
2207 1143
11077 1144
7160 1145
11212 1146
8462 1147
6752 1148
917 1149
4962 1150
8229 1151
2714 1152
1999 1153
4574 1154
978 1155
6351 1156
10498 1157
11800 1158
10137 1159
9083 1160
439 1161
7440 1162
9315 1163
8784 1164
3147 1165
5159 1166
5763 1167
5544 1168
2066 1169
6156 1170
12059 1171
4424 1172
4360 1173
641 1174
7937 1175
5274 1176
10568 1177
10908 1178
5289 1179
12180 1180
5452 1181
6713 1182
5080 1183
10785 1184
11110 1185
8458 1186
11237 1187
4415 1188
11276 1189
6749 1190
91 1191
11347 1192
7358 1193
1278 1194
7812 1195
2956 1196
297 1197
4608 1198
2104 1199
2055 1200
5040 1201
10906 1202
6955 1203
2578 1204
12446 1205
10179 1206
12099 1207
2780 1208
9179 1209
7426 1210
9915 1211
8060 1212
10026 1213
4333 1214
4380 1215
3011 1216
11499 1217
1460 1218
6436 1219
10603 1220
1843 1221
10980 1222
4010 1223
9623 1224
2162 1225
9790 1226
8905 1227
1918 1228
2944 1229
2725 1230
2674 1231
10407 1232
555 1233
2871 1234
8660 1235
8577 1236
1774 1237
10175 1238
5972 1239
253 1240
6950 1241
11350 1242
359 1243
8264 1244
11225 1245
12289 1246
5394 1247
9298 1248
6152 1249
