1350 250
3284 0
5281 1
10813 2
4895 3
9133 4
4912 5
2389 6
3605 7
7621 8
6786 9
7100 10
1124 11
5690 12
2023 13
727 14
7928 15
11613 16
8099 17
2708 18
5717 19
11718 20
5400 21
2577 22
8306 23
2601 24
4797 25
945 26
3099 27
7201 28
9491 29
9534 30
1179 31
5918 32
10318 33
9681 34
12173 35
4654 36
1679 37
5436 38
1157 39
9996 40
7156 41
4268 42
2669 43
5909 44
1841 45
4970 46
7066 47
8966 48
10761 49
5342 50
10763 51
3278 52
2746 53
7998 54
9935 55
1200 56
4709 57
5315 58
5535 59
5368 60
4568 61
2491 62
12996 63
11625 64
5874 65
10828 66
7637 67
3788 68
7796 69
13297 70
11908 71
2064 72
4555 73
11920 74
11634 75
8971 76
5351 77
4895 78
3036 79
3986 80
570 81
874 82
3369 83
13478 84
2663 85
9863 86
3629 87
13368 88
1205 89
7437 90
1734 91
1296 92
5540 93
8139 94
5048 95
10520 96
5039 97
5236 98
4976 99
145 100
748 101
11432 102
4828 103
6681 104
5213 105
157 106
3018 107
6396 108
4679 109
5724 110
4578 111
4080 112
9831 113
4895 114
233 115
10932 116
1717 117
2335 118
9283 119
12454 120
693 121
12037 122
2081 123
2977 124
507 125
5906 126
1525 127
12645 128
8460 129
8439 130
10210 131
13190 132
10424 133
5455 134
7513 135
9192 136
2465 137
12771 138
11098 139
7491 140
12586 141
9559 142
8113 143
9178 144
760 145
3651 146
147 147
351 148
11287 149
949 150
1938 151
12602 152
8430 153
10651 154
11505 155
549 156
445 157
13254 158
6100 159
8492 160
430 161
5072 162
7704 163
6098 164
9272 165
9999 166
7380 167
3768 168
3130 169
235 170
895 171
3480 172
7602 173
13285 174
1279 175
13130 176
10352 177
5763 178
7323 179
5766 180
11270 181
9808 182
8672 183
9749 184
6675 185
8251 186
6585 187
5360 188
12153 189
13371 190
13078 191
3164 192
2070 193
12835 194
8981 195
10329 196
12130 197
6967 198
8997 199
7138 200
4233 201
7275 202
348 203
528 204
11140 205
5367 206
5392 207
9554 208
774 209
5024 210
1497 211
4938 212
11217 213
3371 214
7468 215
10465 216
9797 217
4204 218
4164 219
3117 220
7041 221
5998 222
13061 223
11533 224
3864 225
8446 226
854 227
2945 228
409 229
5745 230
6209 231
2532 232
10063 233
11317 234
13340 235
11197 236
5721 237
8453 238
12545 239
12164 240
9991 241
2458 242
2907 243
8745 244
3698 245
3025 246
3315 247
4497 248
730 249
7478 250
4242 251
1992 252
6765 253
11463 254
12828 255
449 256
2848 257
2908 258
13180 259
10883 260
7241 261
8852 262
11268 263
12186 264
11389 265
12749 266
8777 267
12963 268
1182 269
7866 270
3185 271
12562 272
2676 273
6433 274
5556 275
8113 276
10086 277
6449 278
231 279
4258 280
6393 281
8270 282
11989 283
7275 284
3613 285
4528 286
13349 287
6133 288
12861 289
12773 290
6472 291
2467 292
6847 293
10527 294
479 295
3814 296
3124 297
5923 298
11341 299
6596 300
3558 301
11185 302
13300 303
344 304
7298 305
886 306
10365 307
10662 308
12517 309
3178 310
145 311
2010 312
5633 313
5355 314
10563 315
8463 316
13314 317
8203 318
5738 319
11308 320
4744 321
12611 322
12074 323
3277 324
5132 325
9828 326
2255 327
6457 328
10430 329
5831 330
12527 331
8900 332
10770 333
9345 334
12583 335
6906 336
490 337
5646 338
5931 339
9067 340
194 341
7868 342
4999 343
4352 344
6110 345
2138 346
6917 347
6301 348
9856 349
7863 350
10404 351
469 352
11324 353
8935 354
12550 355
6301 356
3531 357
8840 358
5303 359
4608 360
6810 361
11183 362
1859 363
6519 364
429 365
8732 366
6108 367
5036 368
12816 369
3750 370
6203 371
3415 372
10399 373
6102 374
1779 375
4951 376
10630 377
2347 378
10422 379
9333 380
1961 381
5850 382
6938 383
11516 384
9775 385
9954 386
8209 387
6313 388
9820 389
13269 390
2203 391
3295 392
2567 393
2113 394
11126 395
10621 396
2225 397
3059 398
8954 399
7202 400
4172 401
354 402
11768 403
7206 404
12942 405
5837 406
806 407
12329 408
210 409
9929 410
13182 411
4667 412
3762 413
2539 414
11953 415
3242 416
303 417
2649 418
9084 419
10945 420
7321 421
989 422
177 423
486 424
11834 425
551 426
7018 427
7439 428
342 429
6415 430
7277 431
2437 432
6304 433
3900 434
3806 435
1310 436
5221 437
11961 438
2853 439
11610 440
5756 441
3756 442
2840 443
12644 444
5404 445
2580 446
9804 447
2889 448
4492 449
13146 450
326 451
9151 452
5107 453
3167 454
11435 455
7127 456
10642 457
896 458
12647 459
2767 460
2678 461
7704 462
795 463
6854 464
3574 465
5285 466
11223 467
6090 468
1657 469
11135 470
13255 471
5019 472
11218 473
12754 474
3189 475
9527 476
11113 477
6659 478
5733 479
12314 480
4826 481
6871 482
2681 483
10405 484
8314 485
1885 486
3906 487
9411 488
13036 489
8700 490
4549 491
8434 492
2678 493
5461 494
12853 495
6790 496
11031 497
12415 498
1070 499
10365 500
12442 501
159 502
6354 503
6134 504
5929 505
5391 506
7773 507
471 508
9486 509
6759 510
756 511
7612 512
177 513
5320 514
5332 515
9957 516
5056 517
9670 518
10726 519
7477 520
10023 521
6816 522
10523 523
2417 524
3854 525
13317 526
9599 527
6979 528
9233 529
373 530
9566 531
2506 532
12207 533
3120 534
3007 535
6924 536
12477 537
10016 538
11362 539
11471 540
5273 541
1338 542
9448 543
43 544
8353 545
8545 546
8621 547
12670 548
1471 549
12185 550
12811 551
12268 552
10810 553
3674 554
8957 555
8096 556
5932 557
3976 558
7862 559
1316 560
4170 561
3806 562
9938 563
5441 564
5916 565
7329 566
9492 567
8876 568
2391 569
10028 570
13190 571
1287 572
1581 573
11843 574
1750 575
10120 576
9792 577
12752 578
4619 579
10015 580
12082 581
3730 582
503 583
3336 584
2324 585
9689 586
9365 587
13250 588
2898 589
9489 590
671 591
5130 592
11818 593
5472 594
7768 595
2270 596
3377 597
4825 598
2223 599
1666 600
10439 601
5987 602
3258 603
7736 604
4753 605
6760 606
9522 607
9733 608
6805 609
5687 610
104 611
3225 612
8087 613
11608 614
7242 615
5350 616
2076 617
5417 618
9835 619
1086 620
12898 621
9028 622
4754 623
2508 624
11455 625
80 626
12227 627
6044 628
11060 629
6683 630
652 631
1161 632
11069 633
763 634
8022 635
1593 636
2352 637
6609 638
3913 639
7968 640
6782 641
6478 642
1095 643
3922 644
3055 645
12862 646
13347 647
12448 648
371 649
9946 650
9955 651
1703 652
3617 653
3750 654
10166 655
1769 656
967 657
633 658
7991 659
295 660
13389 661
8954 662
4336 663
4553 664
10690 665
10506 666
7195 667
10844 668
13241 669
9246 670
6157 671
5408 672
3180 673
857 674
12769 675
6233 676
6425 677
6595 678
4364 679
3001 680
9738 681
2417 682
8700 683
3467 684
8359 685
9859 686
12682 687
9212 688
10862 689
7839 690
802 691
969 692
3748 693
6026 694
10519 695
6060 696
1724 697
10929 698
10026 699
6608 700
12150 701
3479 702
9994 703
12040 704
4017 705
12242 706
6677 707
6236 708
6498 709
4925 710
10208 711
6267 712
1183 713
9255 714
7030 715
7335 716
6959 717
12860 718
12500 719
6751 720
5530 721
8524 722
8597 723
5564 724
6679 725
6554 726
3092 727
9158 728
4238 729
12675 730
13095 731
375 732
7667 733
1075 734
5893 735
11550 736
8653 737
483 738
6347 739
2643 740
582 741
10499 742
6999 743
3528 744
8613 745
1005 746
11347 747
6075 748
11458 749
6887 750
8173 751
1907 752
13306 753
8891 754
7422 755
11172 756
2390 757
6245 758
4528 759
11364 760
1536 761
8174 762
2073 763
12008 764
3974 765
4838 766
966 767
4246 768
8720 769
930 770
7296 771
5460 772
12947 773
2341 774
4391 775
5171 776
10658 777
11630 778
10656 779
3682 780
1016 781
1726 782
8806 783
4019 784
93 785
2762 786
1744 787
11192 788
157 789
12888 790
69 791
5515 792
4032 793
3781 794
12628 795
8999 796
7000 797
6967 798
6219 799
716 800
11487 801
9872 802
644 803
3362 804
2010 805
10106 806
2395 807
2938 808
1731 809
11781 810
7451 811
1155 812
12795 813
6211 814
2325 815
12601 816
3939 817
2209 818
4764 819
8002 820
7373 821
6808 822
5119 823
4011 824
2633 825
611 826
2101 827
2063 828
2798 829
11645 830
274 831
6071 832
4253 833
281 834
1716 835
5435 836
12011 837
12942 838
10316 839
12665 840
11301 841
3813 842
7784 843
13007 844
977 845
5513 846
1876 847
8418 848
5551 849
2196 850
812 851
12522 852
8665 853
10979 854
1503 855
141 856
8224 857
1524 858
11943 859
9968 860
13190 861
10385 862
12675 863
4615 864
2892 865
1780 866
908 867
10593 868
11103 869
4008 870
7660 871
10122 872
4860 873
2364 874
9253 875
1740 876
2230 877
857 878
8657 879
13105 880
4623 881
1673 882
2345 883
1599 884
13130 885
12348 886
9391 887
1951 888
10766 889
2855 890
6683 891
1873 892
9848 893
3084 894
8364 895
9295 896
9184 897
5853 898
8674 899
12132 900
10381 901
5386 902
11192 903
5828 904
1576 905
7810 906
7810 907
6615 908
9088 909
8317 910
1071 911
12687 912
13345 913
10613 914
1826 915
556 916
384 917
4222 918
11332 919
11011 920
8980 921
6589 922
7834 923
10421 924
11624 925
1183 926
5902 927
10665 928
925 929
1077 930
2011 931
6499 932
10922 933
157 934
7362 935
5612 936
2539 937
582 938
777 939
7067 940
12500 941
1365 942
8166 943
10697 944
11168 945
1074 946
9216 947
3987 948
1144 949
369 950
4641 951
8503 952
8305 953
12564 954
13034 955
8028 956
877 957
9355 958
3947 959
3243 960
1831 961
3087 962
1363 963
9861 964
460 965
1933 966
13210 967
11269 968
4750 969
10218 970
783 971
11433 972
12421 973
5931 974
7158 975
808 976
8862 977
13189 978
8023 979
10772 980
4920 981
5305 982
9961 983
1412 984
13405 985
12574 986
8621 987
11328 988
5206 989
449 990
8779 991
1638 992
11271 993
13030 994
8358 995
3549 996
6401 997
12095 998
11977 999
6529 1000
8373 1001
5774 1002
11118 1003
12351 1004
7860 1005
4941 1006
5514 1007
9341 1008
5755 1009
5158 1010
1531 1011
12480 1012
12096 1013
5569 1014
10716 1015
739 1016
10995 1017
9994 1018
1564 1019
7913 1020
5334 1021
4185 1022
5348 1023
12974 1024
1395 1025
5310 1026
1879 1027
6740 1028
4412 1029
10764 1030
12740 1031
751 1032
2501 1033
9299 1034
2613 1035
12619 1036
9054 1037
6573 1038
1897 1039
6506 1040
8862 1041
2039 1042
687 1043
13016 1044
11700 1045
11096 1046
1209 1047
8529 1048
4964 1049
2548 1050
3523 1051
2347 1052
13424 1053
9390 1054
11394 1055
10503 1056
8503 1057
12149 1058
7904 1059
9543 1060
6328 1061
3255 1062
6962 1063
3807 1064
4807 1065
8915 1066
5422 1067
3702 1068
3529 1069
12890 1070
7354 1071
3809 1072
2409 1073
10263 1074
2531 1075
2197 1076
123 1077
11140 1078
10750 1079
10404 1080
10475 1081
1065 1082
9767 1083
8025 1084
7294 1085
10674 1086
2252 1087
1790 1088
8283 1089
13016 1090
10805 1091
8649 1092
10282 1093
8721 1094
2318 1095
8277 1096
3328 1097
12 1098
7799 1099
13013 1100
9108 1101
12747 1102
6139 1103
11196 1104
4467 1105
9793 1106
11634 1107
10354 1108
6275 1109
175 1110
9132 1111
8879 1112
11623 1113
993 1114
10795 1115
11250 1116
5949 1117
4476 1118
4206 1119
7966 1120
10388 1121
173 1122
10090 1123
4748 1124
1541 1125
6750 1126
6278 1127
13498 1128
12944 1129
10831 1130
13473 1131
4172 1132
10067 1133
10290 1134
1066 1135
10979 1136
9853 1137
6386 1138
4843 1139
7819 1140
11821 1141
6108 1142
11279 1143
2363 1144
12302 1145
10951 1146
4535 1147
5452 1148
12284 1149
7635 1150
10805 1151
1458 1152
4156 1153
356 1154
2030 1155
10292 1156
8634 1157
2176 1158
6241 1159
11034 1160
183 1161
4509 1162
3620 1163
2760 1164
4915 1165
7420 1166
6626 1167
3048 1168
11523 1169
8280 1170
13170 1171
8138 1172
12232 1173
1031 1174
12880 1175
5143 1176
3728 1177
8822 1178
10776 1179
13349 1180
11303 1181
1279 1182
189 1183
8746 1184
1672 1185
2553 1186
5172 1187
4896 1188
5735 1189
2466 1190
4793 1191
4297 1192
11043 1193
10420 1194
8542 1195
4409 1196
12044 1197
2655 1198
11239 1199
8461 1200
5360 1201
11936 1202
13073 1203
1434 1204
7480 1205
2643 1206
3938 1207
3235 1208
3815 1209
4723 1210
6 1211
8295 1212
5863 1213
12406 1214
7998 1215
4695 1216
4386 1217
11934 1218
11942 1219
6869 1220
11069 1221
12216 1222
102 1223
8938 1224
4064 1225
10087 1226
10506 1227
2503 1228
8136 1229
9327 1230
89 1231
4819 1232
2202 1233
9817 1234
11628 1235
13271 1236
12244 1237
3896 1238
10605 1239
3412 1240
12812 1241
8720 1242
13232 1243
12271 1244
9240 1245
4663 1246
8638 1247
9034 1248
9137 1249
13371 1250
2395 1251
13409 1252
10232 1253
6761 1254
11840 1255
11039 1256
11912 1257
3736 1258
2603 1259
8898 1260
5039 1261
6710 1262
3927 1263
13430 1264
1130 1265
10661 1266
10933 1267
8145 1268
10731 1269
10104 1270
12618 1271
10486 1272
5366 1273
4685 1274
8244 1275
6096 1276
6074 1277
6347 1278
8282 1279
10634 1280
4469 1281
959 1282
8476 1283
8190 1284
6533 1285
5431 1286
4011 1287
10603 1288
5726 1289
3711 1290
7579 1291
10109 1292
12447 1293
4370 1294
6321 1295
377 1296
11355 1297
12254 1298
10735 1299
5486 1300
6116 1301
2259 1302
10403 1303
1531 1304
8944 1305
7328 1306
12570 1307
6091 1308
4718 1309
9690 1310
3150 1311
10750 1312
2645 1313
3713 1314
9766 1315
10335 1316
585 1317
585 1318
8716 1319
2636 1320
7716 1321
3236 1322
12976 1323
12349 1324
2872 1325
10686 1326
1127 1327
12612 1328
2689 1329
12558 1330
9719 1331
11839 1332
10652 1333
544 1334
865 1335
9299 1336
13426 1337
1381 1338
10341 1339
7609 1340
8448 1341
9279 1342
10258 1343
13189 1344
5939 1345
5977 1346
5610 1347
5373 1348
2764 1349
