1350 1050
3731 0
173 1
6934 2
12062 3
1732 4
8613 5
9532 6
60 7
3580 8
9198 9
5727 10
10597 11
5293 12
3016 13
12188 14
11835 15
5817 16
7088 17
8750 18
11859 19
4912 20
3351 21
5925 22
342 23
3007 24
10122 25
2252 26
1940 27
2311 28
11498 29
452 30
3854 31
252 32
6375 33
1782 34
8575 35
11400 36
4378 37
1938 38
1063 39
7078 40
1718 41
6979 42
9191 43
1557 44
13486 45
1323 46
4549 47
9933 48
5354 49
234 50
6573 51
6345 52
12032 53
6177 54
10776 55
12241 56
7143 57
8496 58
5058 59
12200 60
6251 61
13198 62
11844 63
2630 64
103 65
7574 66
10972 67
9295 68
170 69
12415 70
6232 71
10892 72
3276 73
10304 74
10555 75
9502 76
8341 77
11909 78
2625 79
4987 80
893 81
3443 82
6904 83
6841 84
10064 85
6245 86
12101 87
4082 88
6307 89
3864 90
2612 91
2226 92
6150 93
11898 94
3613 95
8707 96
6229 97
195 98
3639 99
2041 100
8076 101
2990 102
3074 103
4843 104
12388 105
5095 106
2484 107
25 108
2204 109
3592 110
8340 111
5295 112
9709 113
307 114
3083 115
3201 116
3406 117
8046 118
2890 119
6556 120
9594 121
12262 122
4410 123
1391 124
4247 125
12933 126
13119 127
6112 128
6993 129
6961 130
4169 131
7271 132
590 133
8246 134
10424 135
12462 136
11494 137
6373 138
11570 139
5467 140
12598 141
4096 142
4390 143
2486 144
6988 145
6426 146
11002 147
8167 148
4357 149
8250 150
6886 151
10575 152
5344 153
1044 154
4873 155
6915 156
11473 157
12145 158
11490 159
5236 160
8291 161
3637 162
11956 163
9410 164
11637 165
1707 166
4822 167
12723 168
1942 169
11346 170
12533 171
12733 172
6058 173
13047 174
7161 175
6305 176
12501 177
7582 178
5446 179
6475 180
13157 181
5546 182
272 183
12600 184
9828 185
12722 186
464 187
5076 188
613 189
530 190
12007 191
9945 192
3628 193
12428 194
11108 195
11189 196
8807 197
13495 198
3620 199
5072 200
12483 201
467 202
7877 203
803 204
12717 205
2192 206
12321 207
4107 208
9665 209
11088 210
8798 211
6451 212
4448 213
9111 214
5569 215
2050 216
9165 217
9920 218
12695 219
440 220
958 221
734 222
6741 223
3764 224
3973 225
4757 226
10871 227
13101 228
11086 229
7172 230
971 231
5011 232
9966 233
521 234
830 235
10961 236
8229 237
8671 238
6007 239
6109 240
3270 241
5760 242
5603 243
7410 244
7915 245
7975 246
8218 247
9793 248
10797 249
9000 250
3356 251
2949 252
7938 253
2694 254
1172 255
13396 256
5200 257
6831 258
9479 259
5904 260
8264 261
4637 262
12261 263
6681 264
97 265
960 266
9970 267
24 268
12379 269
5503 270
6744 271
6668 272
6239 273
4826 274
6158 275
8626 276
12622 277
699 278
3433 279
7743 280
9105 281
3437 282
11867 283
9127 284
2180 285
11138 286
3630 287
12259 288
970 289
10171 290
874 291
10733 292
4561 293
7499 294
13190 295
11589 296
5525 297
8094 298
6114 299
7678 300
9349 301
1088 302
3449 303
6545 304
3065 305
4350 306
12697 307
2984 308
12872 309
3932 310
12833 311
1904 312
3360 313
6717 314
6229 315
12803 316
13062 317
12460 318
11348 319
1211 320
7750 321
13211 322
12070 323
9974 324
1739 325
6288 326
10757 327
340 328
3227 329
12878 330
6266 331
2566 332
1305 333
4540 334
4868 335
1995 336
5790 337
1702 338
10746 339
8482 340
9049 341
5472 342
7098 343
3750 344
3884 345
8533 346
2316 347
9428 348
8594 349
2788 350
8576 351
2230 352
6929 353
13469 354
4611 355
13003 356
10371 357
13226 358
7390 359
4860 360
11555 361
12443 362
7099 363
4348 364
8400 365
487 366
4630 367
13496 368
4793 369
1688 370
1194 371
5909 372
4078 373
11785 374
7707 375
1519 376
6137 377
9431 378
11262 379
9616 380
5416 381
1437 382
6734 383
570 384
3401 385
4542 386
11957 387
11625 388
12651 389
10923 390
12296 391
13202 392
6435 393
5656 394
4212 395
1764 396
3057 397
1905 398
1172 399
13239 400
9780 401
2490 402
5081 403
34 404
11435 405
12876 406
10532 407
7487 408
5128 409
3444 410
7377 411
8604 412
378 413
13044 414
7358 415
10384 416
3514 417
12762 418
1319 419
4284 420
9490 421
7029 422
7885 423
8890 424
715 425
3427 426
10534 427
4259 428
2488 429
585 430
4626 431
5497 432
9944 433
3425 434
10210 435
7756 436
1554 437
12725 438
9235 439
104 440
12732 441
13036 442
443 443
7179 444
10526 445
856 446
10973 447
7950 448
1580 449
13485 450
4128 451
6396 452
1875 453
11153 454
2270 455
5104 456
4078 457
10896 458
5980 459
1863 460
5993 461
10308 462
7305 463
12877 464
8528 465
6022 466
11649 467
2664 468
10803 469
13038 470
5728 471
318 472
3131 473
10171 474
10088 475
427 476
9127 477
12285 478
11741 479
7901 480
3645 481
46 482
1779 483
13080 484
1491 485
3127 486
7118 487
4862 488
7231 489
7692 490
4684 491
8107 492
3422 493
12041 494
10234 495
3252 496
4390 497
11680 498
3229 499
11551 500
11228 501
264 502
8439 503
3918 504
10814 505
4736 506
13272 507
7871 508
5926 509
3544 510
11556 511
2599 512
8878 513
6982 514
12931 515
6478 516
5113 517
2921 518
3842 519
10884 520
8852 521
2728 522
979 523
7239 524
9176 525
6526 526
3976 527
8017 528
7851 529
9821 530
1478 531
1139 532
11019 533
4401 534
7175 535
4782 536
2606 537
7027 538
7557 539
3000 540
3409 541
1412 542
8849 543
10414 544
3382 545
191 546
2236 547
13214 548
5212 549
10668 550
10561 551
6083 552
8235 553
13131 554
6939 555
1983 556
4243 557
10808 558
10117 559
1612 560
4425 561
5655 562
1486 563
384 564
1412 565
684 566
3955 567
3769 568
3777 569
3749 570
4308 571
1165 572
2157 573
9265 574
6538 575
1249 576
947 577
5906 578
1998 579
8646 580
5460 581
10550 582
8850 583
3674 584
2417 585
8374 586
3081 587
2389 588
7535 589
1719 590
7803 591
8622 592
6996 593
9818 594
4982 595
10628 596
10533 597
12103 598
12668 599
12670 600
4293 601
2940 602
8655 603
7390 604
9557 605
4433 606
13409 607
11346 608
8589 609
6118 610
4419 611
8848 612
9070 613
8123 614
11402 615
2787 616
8876 617
9118 618
9382 619
1712 620
11936 621
8848 622
6898 623
2174 624
10513 625
503 626
2944 627
9204 628
4653 629
2760 630
10309 631
10586 632
1451 633
7212 634
4292 635
12211 636
6887 637
376 638
6183 639
5026 640
10091 641
9497 642
1450 643
10213 644
11010 645
1129 646
5411 647
12816 648
1019 649
4790 650
3767 651
11549 652
957 653
4280 654
11503 655
3859 656
6539 657
3699 658
2259 659
13351 660
12577 661
9279 662
2503 663
3943 664
12124 665
11445 666
7839 667
4065 668
1433 669
153 670
4890 671
3681 672
1316 673
11994 674
10894 675
2711 676
2164 677
1051 678
6376 679
12336 680
5778 681
2377 682
4231 683
1802 684
11666 685
9254 686
4906 687
9897 688
3236 689
1006 690
2693 691
9094 692
1012 693
5576 694
482 695
404 696
6218 697
6290 698
8399 699
4916 700
7058 701
9692 702
1534 703
7169 704
4229 705
5210 706
6634 707
9322 708
3304 709
3912 710
1323 711
5442 712
9205 713
10984 714
7279 715
2680 716
7117 717
3555 718
7682 719
2467 720
2271 721
6415 722
11168 723
8687 724
3915 725
1214 726
5518 727
3666 728
4382 729
2503 730
1534 731
8537 732
10171 733
9770 734
10366 735
1696 736
3908 737
5200 738
8342 739
3880 740
1803 741
1951 742
5938 743
11046 744
6322 745
5228 746
4238 747
1638 748
2390 749
8871 750
3051 751
4875 752
9684 753
1243 754
7301 755
12170 756
7840 757
9228 758
11453 759
12024 760
5116 761
7398 762
5896 763
10787 764
12183 765
11896 766
1004 767
9389 768
11303 769
8388 770
1335 771
11458 772
6762 773
10598 774
13249 775
6754 776
3255 777
9939 778
1915 779
12017 780
5020 781
4312 782
2223 783
12537 784
5351 785
5139 786
11574 787
1953 788
11023 789
12697 790
9455 791
6788 792
10957 793
9159 794
9490 795
3817 796
10998 797
4053 798
12071 799
93 800
9457 801
7508 802
3120 803
10138 804
2376 805
2938 806
62 807
4849 808
9250 809
583 810
1137 811
13084 812
9325 813
11494 814
6458 815
3935 816
2963 817
4759 818
6928 819
11248 820
662 821
8541 822
10226 823
3571 824
6339 825
2003 826
7066 827
9883 828
11187 829
9363 830
5381 831
3830 832
5948 833
10174 834
13394 835
12921 836
6326 837
12236 838
4883 839
2318 840
3355 841
5461 842
3038 843
10623 844
796 845
10153 846
560 847
3882 848
517 849
1157 850
8806 851
3598 852
1920 853
10266 854
10195 855
7054 856
5027 857
1468 858
3240 859
3026 860
11701 861
12246 862
10409 863
13207 864
5523 865
6006 866
7735 867
6585 868
6944 869
4041 870
7681 871
7428 872
4541 873
1875 874
2914 875
11084 876
529 877
10240 878
1309 879
6923 880
4896 881
1351 882
7521 883
1244 884
3698 885
1879 886
9590 887
6464 888
7600 889
4165 890
13498 891
4259 892
258 893
7521 894
2122 895
10837 896
4028 897
9346 898
8688 899
12785 900
562 901
11807 902
9627 903
3687 904
11474 905
10918 906
8511 907
6083 908
11617 909
6966 910
1134 911
4645 912
7717 913
11423 914
10992 915
12346 916
9150 917
11961 918
6227 919
9789 920
10593 921
9213 922
2975 923
2150 924
1601 925
2178 926
5491 927
1952 928
744 929
4124 930
12749 931
345 932
12887 933
6779 934
3684 935
7383 936
13194 937
10783 938
8134 939
7927 940
2604 941
10952 942
2943 943
7820 944
7283 945
4561 946
12730 947
12883 948
7632 949
8076 950
7877 951
12140 952
7431 953
9392 954
2773 955
7304 956
2023 957
11108 958
6467 959
8159 960
12164 961
4015 962
9752 963
5620 964
7509 965
3146 966
643 967
7839 968
11978 969
7674 970
10375 971
5939 972
5185 973
1198 974
2600 975
7426 976
5996 977
245 978
5615 979
12045 980
1215 981
8241 982
3191 983
8234 984
904 985
10313 986
6559 987
10311 988
5902 989
2956 990
1678 991
4705 992
5331 993
9974 994
262 995
1038 996
2293 997
3173 998
12746 999
8602 1000
2585 1001
2123 1002
3387 1003
13484 1004
9473 1005
4951 1006
8221 1007
7459 1008
8393 1009
6454 1010
10501 1011
5343 1012
525 1013
11844 1014
6880 1015
6388 1016
3582 1017
1685 1018
11345 1019
13294 1020
3644 1021
1796 1022
7728 1023
13135 1024
5317 1025
6128 1026
10883 1027
2573 1028
6696 1029
8794 1030
7293 1031
3827 1032
5728 1033
5797 1034
6090 1035
10467 1036
1835 1037
10236 1038
7727 1039
8039 1040
2974 1041
10629 1042
11165 1043
13394 1044
10362 1045
9816 1046
1173 1047
1273 1048
10068 1049
7452 1050
4926 1051
3542 1052
8279 1053
6477 1054
8740 1055
3488 1056
10821 1057
6545 1058
12773 1059
549 1060
8941 1061
10345 1062
5365 1063
1548 1064
12267 1065
9537 1066
6855 1067
8220 1068
6750 1069
9200 1070
12787 1071
731 1072
11651 1073
11351 1074
7752 1075
11816 1076
8782 1077
4353 1078
869 1079
8068 1080
10137 1081
7926 1082
8286 1083
11848 1084
2113 1085
1378 1086
12045 1087
1619 1088
7780 1089
8440 1090
7714 1091
6883 1092
2426 1093
3785 1094
133 1095
4830 1096
191 1097
2474 1098
4300 1099
1251 1100
2874 1101
6007 1102
1529 1103
3454 1104
4160 1105
12784 1106
8260 1107
5250 1108
7372 1109
314 1110
12368 1111
673 1112
10549 1113
2313 1114
9032 1115
6681 1116
1014 1117
7253 1118
7858 1119
2439 1120
9801 1121
2727 1122
1544 1123
10113 1124
1283 1125
13261 1126
10098 1127
9060 1128
5386 1129
5422 1130
12303 1131
10063 1132
6223 1133
8803 1134
1008 1135
125 1136
9477 1137
11706 1138
6059 1139
4671 1140
4858 1141
940 1142
9666 1143
7463 1144
2750 1145
5487 1146
10432 1147
6737 1148
10220 1149
2396 1150
44 1151
12221 1152
1084 1153
3529 1154
13475 1155
4024 1156
11490 1157
12513 1158
11534 1159
8887 1160
6817 1161
13007 1162
1304 1163
4872 1164
2046 1165
11972 1166
410 1167
5295 1168
8441 1169
13469 1170
10883 1171
2386 1172
5315 1173
474 1174
105 1175
11760 1176
10937 1177
11697 1178
4031 1179
1242 1180
13016 1181
7909 1182
8933 1183
3911 1184
7609 1185
1819 1186
7361 1187
4113 1188
11155 1189
10503 1190
6410 1191
6211 1192
2986 1193
4956 1194
9048 1195
12739 1196
8381 1197
6898 1198
7314 1199
6981 1200
6408 1201
4616 1202
9350 1203
9982 1204
1397 1205
11070 1206
2369 1207
9086 1208
2867 1209
5559 1210
10124 1211
9887 1212
7441 1213
2476 1214
3304 1215
6530 1216
1319 1217
6336 1218
1686 1219
9501 1220
7592 1221
11631 1222
2594 1223
12126 1224
5630 1225
10588 1226
1930 1227
1194 1228
731 1229
5732 1230
9537 1231
2796 1232
7275 1233
1607 1234
5072 1235
9954 1236
3747 1237
3842 1238
12725 1239
6516 1240
7097 1241
11134 1242
1925 1243
4768 1244
2092 1245
4508 1246
4917 1247
4475 1248
4555 1249
6482 1250
1413 1251
8205 1252
2014 1253
13327 1254
407 1255
11693 1256
11409 1257
5700 1258
7539 1259
6693 1260
13189 1261
2305 1262
7827 1263
8459 1264
1131 1265
11771 1266
4020 1267
3900 1268
2066 1269
11636 1270
12209 1271
10721 1272
1742 1273
6286 1274
11611 1275
12020 1276
5245 1277
5470 1278
9732 1279
2027 1280
1230 1281
9916 1282
11796 1283
1388 1284
6599 1285
7589 1286
8677 1287
10707 1288
735 1289
9176 1290
10304 1291
3661 1292
10663 1293
6958 1294
216 1295
11699 1296
1605 1297
4929 1298
6498 1299
406 1300
8242 1301
6201 1302
11333 1303
11053 1304
3123 1305
12762 1306
4546 1307
8629 1308
6505 1309
1758 1310
78 1311
2575 1312
11201 1313
10586 1314
12352 1315
9420 1316
10124 1317
13395 1318
13117 1319
6970 1320
1916 1321
12813 1322
13326 1323
8131 1324
5761 1325
2121 1326
1048 1327
13070 1328
3423 1329
9990 1330
11524 1331
4660 1332
13361 1333
12896 1334
3713 1335
2599 1336
6072 1337
7019 1338
456 1339
524 1340
2309 1341
10205 1342
9879 1343
8103 1344
12471 1345
12429 1346
12766 1347
8995 1348
5735 1349
