1200 1000
7588 0
5319 1
3173 2
3887 3
10407 4
4589 5
8833 6
9186 7
8259 8
11788 9
11419 10
5379 11
8774 12
1555 13
9954 14
3736 15
6359 16
11803 17
617 18
9530 19
10439 20
6768 21
6263 22
2027 23
10349 24
2001 25
10421 26
3633 27
1023 28
3786 29
6118 30
1410 31
11975 32
6308 33
9238 34
6774 35
4806 36
5013 37
1928 38
1303 39
4550 40
4317 41
11480 42
5779 43
2428 44
1791 45
11606 46
3158 47
1751 48
11303 49
6325 50
7551 51
5933 52
5642 53
11652 54
11094 55
2411 56
7754 57
9478 58
9277 59
9129 60
3482 61
1080 62
8660 63
10461 64
6357 65
7645 66
9612 67
1424 68
2452 69
1581 70
4240 71
8487 72
8342 73
10229 74
8146 75
7106 76
2917 77
2363 78
6261 79
2775 80
7200 81
9789 82
11718 83
11793 84
9550 85
10259 86
1220 87
6922 88
7772 89
4716 90
4388 91
8741 92
1742 93
9642 94
2912 95
9018 96
1929 97
5250 98
9526 99
3779 100
11274 101
6268 102
9493 103
10390 104
8962 105
8678 106
2093 107
6001 108
4991 109
7776 110
2052 111
3710 112
8111 113
8405 114
4157 115
5610 116
5142 117
2620 118
2446 119
425 120
9602 121
6538 122
8628 123
9584 124
8643 125
10704 126
2768 127
9201 128
2705 129
4885 130
53 131
4492 132
601 133
7742 134
30 135
2788 136
10421 137
2416 138
1386 139
6540 140
7247 141
6593 142
5463 143
11137 144
3125 145
2031 146
7611 147
10869 148
2937 149
4682 150
2670 151
2897 152
5406 153
4843 154
1172 155
8369 156
9633 157
4610 158
4336 159
8455 160
1104 161
8071 162
8295 163
4516 164
4756 165
10149 166
9956 167
2546 168
9900 169
11560 170
7633 171
7409 172
501 173
6341 174
11341 175
1493 176
1661 177
11735 178
7102 179
9345 180
7106 181
5695 182
2051 183
913 184
1970 185
10498 186
9835 187
4291 188
1220 189
3663 190
7517 191
5641 192
1951 193
884 194
6334 195
862 196
4835 197
6624 198
8603 199
7093 200
9822 201
1857 202
2737 203
9672 204
2341 205
2697 206
8805 207
489 208
9597 209
5730 210
11268 211
4999 212
4665 213
1035 214
11504 215
10056 216
6414 217
8926 218
10428 219
9363 220
1195 221
2472 222
4261 223
7395 224
8044 225
5608 226
11379 227
3829 228
7926 229
7245 230
6236 231
6235 232
2396 233
5024 234
4049 235
1581 236
7233 237
6157 238
11649 239
639 240
3141 241
3187 242
4355 243
5911 244
5601 245
9862 246
9758 247
9331 248
8627 249
800 250
4776 251
10334 252
550 253
7558 254
8493 255
1021 256
3340 257
10756 258
3110 259
4271 260
8975 261
5225 262
2452 263
1575 264
1517 265
4177 266
5033 267
3362 268
5448 269
791 270
9932 271
9241 272
10206 273
9199 274
7620 275
6495 276
5234 277
2083 278
8296 279
1529 280
2195 281
3727 282
9071 283
2696 284
756 285
3121 286
1712 287
5909 288
1190 289
11293 290
10658 291
6452 292
11864 293
4457 294
5866 295
88 296
9637 297
5439 298
10366 299
10063 300
3555 301
320 302
3548 303
1514 304
2532 305
2956 306
1878 307
6953 308
4912 309
807 310
9451 311
6909 312
9658 313
215 314
6886 315
6348 316
7662 317
10381 318
9709 319
6835 320
8788 321
4536 322
8870 323
2444 324
9006 325
6233 326
2399 327
6041 328
9910 329
6602 330
3365 331
1015 332
581 333
1099 334
10938 335
3502 336
1023 337
9663 338
9477 339
805 340
9878 341
1123 342
7622 343
8281 344
9925 345
5074 346
1234 347
7131 348
5084 349
10965 350
64 351
4028 352
9827 353
497 354
11244 355
8934 356
5200 357
2524 358
2316 359
4596 360
2221 361
7843 362
6755 363
7237 364
4469 365
3191 366
6 367
10909 368
11632 369
2011 370
4677 371
292 372
11869 373
5594 374
8331 375
5782 376
9497 377
10506 378
9005 379
8885 380
8701 381
844 382
7757 383
2010 384
8535 385
1066 386
345 387
5877 388
11662 389
11034 390
9291 391
6669 392
9861 393
6219 394
11987 395
6432 396
9005 397
8808 398
1077 399
2761 400
11381 401
805 402
998 403
3079 404
6240 405
9738 406
9878 407
1772 408
7611 409
1119 410
11265 411
8738 412
8686 413
10087 414
10244 415
7581 416
2159 417
4165 418
7982 419
3609 420
1166 421
7832 422
4346 423
4909 424
7718 425
9802 426
6589 427
9352 428
8290 429
980 430
11673 431
2288 432
6767 433
2525 434
6686 435
2059 436
8994 437
11407 438
7708 439
2555 440
669 441
7535 442
3207 443
716 444
8461 445
10332 446
6453 447
6911 448
1442 449
203 450
2748 451
7394 452
1298 453
5931 454
7091 455
11854 456
10704 457
7240 458
6025 459
4890 460
645 461
11471 462
10849 463
2156 464
9204 465
9573 466
5541 467
7801 468
7591 469
4716 470
5983 471
4797 472
10117 473
9940 474
9837 475
7685 476
5953 477
7254 478
1401 479
7517 480
1287 481
7363 482
2792 483
411 484
9735 485
4463 486
7052 487
1199 488
10202 489
2128 490
2638 491
6739 492
5021 493
4909 494
5565 495
7870 496
3 497
9371 498
1448 499
6825 500
11900 501
8558 502
6401 503
138 504
11730 505
5321 506
7399 507
2012 508
4323 509
8001 510
9924 511
8713 512
6632 513
1215 514
6089 515
3890 516
10913 517
331 518
172 519
4376 520
10299 521
11166 522
10435 523
5457 524
6800 525
6675 526
6375 527
1598 528
6925 529
1882 530
175 531
8006 532
8448 533
9746 534
11585 535
3479 536
3866 537
127 538
3181 539
2260 540
1510 541
11059 542
6315 543
4987 544
7006 545
9717 546
3734 547
7713 548
4769 549
11062 550
8271 551
11062 552
2473 553
3675 554
2633 555
8715 556
139 557
4676 558
11328 559
9139 560
5420 561
2491 562
10073 563
7489 564
9372 565
10637 566
7231 567
4838 568
5986 569
8806 570
7021 571
1651 572
8857 573
2071 574
10313 575
9478 576
6039 577
4151 578
749 579
8805 580
7319 581
5519 582
9358 583
1302 584
82 585
11567 586
7859 587
7747 588
639 589
53 590
6942 591
10588 592
4912 593
1777 594
9152 595
2922 596
10166 597
8455 598
2177 599
1329 600
9841 601
9396 602
1771 603
11675 604
11096 605
6811 606
1470 607
88 608
1013 609
4290 610
4616 611
3142 612
5135 613
8520 614
11240 615
9195 616
8880 617
8147 618
10586 619
1755 620
3726 621
1340 622
9581 623
10440 624
4867 625
11632 626
1241 627
10713 628
9664 629
3542 630
2374 631
6413 632
11545 633
5021 634
146 635
11343 636
7747 637
8965 638
11304 639
4732 640
7386 641
6529 642
4857 643
5011 644
10984 645
8049 646
2084 647
5795 648
6506 649
8353 650
1307 651
4123 652
6866 653
3726 654
2472 655
11716 656
3436 657
5116 658
4836 659
11649 660
9157 661
1305 662
4504 663
376 664
7492 665
662 666
185 667
11172 668
5 669
3524 670
11 671
634 672
2590 673
507 674
2139 675
5189 676
11482 677
2026 678
2986 679
8465 680
4626 681
4341 682
8488 683
2679 684
2481 685
6581 686
10740 687
10059 688
8884 689
11138 690
4842 691
8932 692
9283 693
8387 694
6402 695
7094 696
4970 697
6353 698
9870 699
3671 700
3492 701
8567 702
10140 703
3590 704
5424 705
6942 706
10000 707
1681 708
5556 709
2607 710
11761 711
9016 712
11081 713
1840 714
2468 715
6979 716
4826 717
2469 718
1250 719
4696 720
6227 721
6111 722
11446 723
5306 724
89 725
6393 726
1807 727
10947 728
4767 729
1252 730
9738 731
8189 732
1233 733
7976 734
4433 735
7405 736
8920 737
629 738
10491 739
1724 740
11083 741
10036 742
9272 743
7740 744
2699 745
9345 746
2243 747
3371 748
8289 749
11778 750
11258 751
3099 752
11998 753
11544 754
11858 755
11348 756
3252 757
9254 758
6458 759
5792 760
6981 761
4003 762
1159 763
3244 764
8262 765
5275 766
8912 767
10551 768
6288 769
2311 770
11405 771
11427 772
7815 773
2720 774
7547 775
4994 776
10345 777
11275 778
10033 779
11138 780
2304 781
11827 782
10689 783
10331 784
9212 785
6938 786
7461 787
826 788
10727 789
9579 790
1654 791
6206 792
1528 793
11327 794
4584 795
9333 796
1587 797
5230 798
10039 799
8812 800
647 801
1408 802
9020 803
1728 804
9671 805
11883 806
2531 807
338 808
1173 809
8556 810
9655 811
10215 812
2783 813
1958 814
8606 815
7428 816
7470 817
7379 818
10474 819
7488 820
9385 821
6156 822
5499 823
9179 824
11245 825
1712 826
6338 827
2098 828
10741 829
3712 830
10622 831
2924 832
6613 833
4820 834
1379 835
8447 836
6768 837
7366 838
5566 839
4471 840
10664 841
10533 842
6238 843
1541 844
9490 845
5491 846
3340 847
2626 848
10232 849
3307 850
2237 851
3900 852
4920 853
9487 854
3522 855
2070 856
8991 857
6887 858
4740 859
3847 860
1798 861
7173 862
6377 863
8921 864
8343 865
7629 866
9305 867
1090 868
10541 869
4916 870
7415 871
9640 872
4985 873
7458 874
1117 875
3457 876
1434 877
4713 878
7146 879
11054 880
373 881
838 882
2446 883
9818 884
1139 885
10944 886
74 887
4626 888
3542 889
8576 890
8881 891
10611 892
2957 893
2765 894
6056 895
9716 896
634 897
227 898
2158 899
2642 900
2752 901
10480 902
9941 903
4362 904
5449 905
7501 906
6300 907
9116 908
11565 909
9000 910
8160 911
1536 912
8034 913
3181 914
6485 915
10284 916
3572 917
1559 918
5361 919
6415 920
6617 921
1783 922
8237 923
8424 924
8506 925
3296 926
5583 927
253 928
5866 929
2985 930
11012 931
5234 932
1426 933
9317 934
9489 935
6198 936
1771 937
1441 938
6772 939
9934 940
1586 941
1494 942
10969 943
7143 944
6377 945
7036 946
1143 947
10814 948
9337 949
185 950
8541 951
1218 952
11857 953
6426 954
5182 955
5375 956
9684 957
3512 958
11703 959
3996 960
9197 961
4665 962
7862 963
211 964
1844 965
3922 966
10563 967
8320 968
279 969
9317 970
10573 971
7936 972
8131 973
4582 974
1784 975
1194 976
1887 977
5472 978
8622 979
11772 980
565 981
6732 982
11987 983
6997 984
2890 985
5321 986
8077 987
10037 988
10942 989
10849 990
10547 991
5757 992
7712 993
7115 994
3802 995
2677 996
6376 997
7193 998
8800 999
5602 1000
9973 1001
623 1002
10970 1003
7256 1004
4612 1005
1196 1006
10384 1007
11789 1008
3535 1009
10787 1010
8134 1011
280 1012
4821 1013
2274 1014
1536 1015
2974 1016
8823 1017
3982 1018
8916 1019
9782 1020
4904 1021
10370 1022
3520 1023
7487 1024
7595 1025
11905 1026
1351 1027
2545 1028
1246 1029
8426 1030
8568 1031
10223 1032
1563 1033
3536 1034
5054 1035
5028 1036
662 1037
8159 1038
4365 1039
8911 1040
9269 1041
8674 1042
6237 1043
10024 1044
496 1045
3049 1046
9205 1047
6315 1048
9881 1049
999 1050
5012 1051
6016 1052
10428 1053
11446 1054
5847 1055
825 1056
10660 1057
11079 1058
9767 1059
5116 1060
10917 1061
8662 1062
8431 1063
11549 1064
6421 1065
9716 1066
7921 1067
11195 1068
4595 1069
1129 1070
2232 1071
1781 1072
5789 1073
4392 1074
3370 1075
4858 1076
4559 1077
11366 1078
7736 1079
570 1080
9003 1081
1167 1082
2107 1083
7117 1084
7400 1085
5034 1086
2384 1087
2145 1088
2890 1089
2149 1090
5555 1091
9395 1092
1090 1093
10423 1094
68 1095
290 1096
4411 1097
9248 1098
3158 1099
707 1100
1150 1101
3761 1102
836 1103
10864 1104
10113 1105
10842 1106
4028 1107
3519 1108
11009 1109
1569 1110
5685 1111
10841 1112
9755 1113
10568 1114
3206 1115
9453 1116
6770 1117
5050 1118
10624 1119
8308 1120
9562 1121
6629 1122
8625 1123
3780 1124
371 1125
1376 1126
2761 1127
1568 1128
4849 1129
8074 1130
3112 1131
5088 1132
8908 1133
69 1134
971 1135
3198 1136
2310 1137
887 1138
9420 1139
1376 1140
5524 1141
7159 1142
5708 1143
5974 1144
11914 1145
11130 1146
9151 1147
852 1148
11173 1149
869 1150
3878 1151
10082 1152
2424 1153
2005 1154
9705 1155
8340 1156
11442 1157
11910 1158
7204 1159
1060 1160
1194 1161
5170 1162
8214 1163
6199 1164
9040 1165
9008 1166
1503 1167
1999 1168
9487 1169
6435 1170
2840 1171
112 1172
4800 1173
4900 1174
9747 1175
11725 1176
5872 1177
8414 1178
4785 1179
429 1180
8931 1181
8632 1182
4804 1183
11428 1184
10330 1185
3922 1186
7423 1187
10749 1188
2904 1189
6089 1190
11379 1191
6133 1192
5300 1193
10352 1194
2226 1195
6838 1196
8824 1197
8848 1198
5200 1199
