1500 1050
7800 0
9022 1
12535 2
12799 3
7167 4
13017 5
11259 6
2069 7
1160 8
12630 9
8959 10
12045 11
2285 12
2155 13
13168 14
8209 15
8079 16
8507 17
2095 18
3076 19
12577 20
12181 21
7646 22
3534 23
6853 24
14682 25
13738 26
12272 27
4853 28
6866 29
12934 30
14049 31
112 32
7498 33
14497 34
11864 35
11938 36
12707 37
7742 38
107 39
9459 40
8213 41
8920 42
13353 43
14089 44
6113 45
11446 46
9812 47
12071 48
4932 49
14561 50
10730 51
4769 52
7624 53
14364 54
7121 55
5421 56
14500 57
2036 58
13797 59
7200 60
8472 61
7781 62
4914 63
12148 64
5883 65
2928 66
9043 67
9984 68
10043 69
7675 70
6310 71
8693 72
5358 73
6039 74
2641 75
10452 76
9187 77
6871 78
14262 79
1981 80
13506 81
1595 82
4231 83
11707 84
4132 85
344 86
12901 87
6758 88
14129 89
13120 90
6529 91
4508 92
14222 93
3086 94
4972 95
12724 96
4472 97
7686 98
3961 99
7271 100
2313 101
1274 102
11661 103
6248 104
4600 105
13898 106
6316 107
11217 108
14326 109
13844 110
3214 111
5993 112
7817 113
6768 114
3524 115
3858 116
1773 117
11325 118
9713 119
12780 120
7850 121
523 122
3023 123
7892 124
1412 125
13582 126
3436 127
2757 128
13893 129
8524 130
13873 131
14397 132
3111 133
7163 134
477 135
5910 136
10565 137
11083 138
12374 139
7719 140
657 141
3775 142
8190 143
14590 144
2602 145
14330 146
2095 147
14387 148
14258 149
11270 150
6214 151
11256 152
8163 153
12040 154
8176 155
5318 156
12349 157
1122 158
14089 159
137 160
5069 161
12593 162
117 163
11534 164
798 165
11384 166
3545 167
5343 168
10663 169
10931 170
5610 171
11848 172
3854 173
13900 174
5643 175
9445 176
5861 177
4782 178
2675 179
4646 180
13908 181
12203 182
8813 183
8428 184
12984 185
1554 186
13743 187
3140 188
2522 189
14375 190
14974 191
11814 192
10941 193
8213 194
6401 195
8226 196
10597 197
10841 198
1010 199
12624 200
978 201
10805 202
7606 203
7080 204
11568 205
6906 206
3816 207
8763 208
1176 209
12033 210
11691 211
11068 212
11279 213
5410 214
3738 215
11504 216
3103 217
4691 218
10436 219
3295 220
5346 221
14820 222
2199 223
7736 224
1555 225
2227 226
12287 227
9337 228
6459 229
14071 230
10382 231
14241 232
2925 233
1657 234
11252 235
13820 236
10251 237
9254 238
5362 239
14283 240
879 241
8757 242
3789 243
1778 244
6175 245
2520 246
5868 247
1613 248
12409 249
14532 250
1337 251
12279 252
1368 253
8634 254
7297 255
13878 256
9198 257
12931 258
6990 259
2924 260
1749 261
2360 262
12718 263
2051 264
1634 265
7284 266
8889 267
11762 268
5872 269
10812 270
358 271
12945 272
126 273
4802 274
13602 275
1249 276
504 277
7714 278
3757 279
6387 280
10803 281
332 282
12741 283
2601 284
8552 285
5858 286
13600 287
8721 288
4775 289
2312 290
7217 291
1464 292
13423 293
6377 294
5169 295
11403 296
5646 297
6886 298
4695 299
29 300
10102 301
11387 302
14324 303
5892 304
4071 305
6859 306
8289 307
12755 308
5955 309
14402 310
1477 311
138 312
12868 313
1631 314
5743 315
10167 316
11601 317
13769 318
5204 319
8475 320
3367 321
4442 322
3517 323
3655 324
11195 325
10584 326
4850 327
12373 328
7182 329
5888 330
4859 331
13595 332
14311 333
3846 334
6036 335
5712 336
6603 337
5288 338
5602 339
13517 340
11163 341
14649 342
5609 343
13977 344
13986 345
2171 346
7701 347
12169 348
3737 349
11459 350
9464 351
2007 352
2724 353
7273 354
12433 355
2911 356
10255 357
350 358
11193 359
2253 360
8031 361
13754 362
391 363
8650 364
5631 365
6740 366
8054 367
7772 368
13268 369
9962 370
10892 371
216 372
326 373
872 374
10767 375
760 376
13893 377
13591 378
9335 379
8643 380
7352 381
4631 382
13853 383
8380 384
10438 385
2655 386
10876 387
4050 388
13530 389
12730 390
10241 391
6476 392
12529 393
2163 394
2630 395
6219 396
5303 397
14868 398
11777 399
11110 400
13296 401
2224 402
6694 403
8842 404
6282 405
13423 406
13614 407
13801 408
2152 409
7653 410
4647 411
152 412
11254 413
507 414
125 415
9126 416
10407 417
2617 418
10874 419
9461 420
3484 421
9126 422
4079 423
10464 424
11261 425
6033 426
521 427
11872 428
3399 429
10390 430
1020 431
8780 432
12976 433
13978 434
5876 435
2747 436
2765 437
10469 438
11242 439
13279 440
5612 441
13492 442
12735 443
7011 444
7071 445
2233 446
10127 447
14969 448
1470 449
8443 450
8518 451
6700 452
8078 453
7948 454
7808 455
9760 456
4549 457
9843 458
2827 459
14915 460
6200 461
12031 462
2169 463
4426 464
8201 465
12414 466
4283 467
9993 468
5837 469
9653 470
1905 471
4030 472
7738 473
1258 474
9200 475
13089 476
4942 477
2170 478
2980 479
1954 480
7577 481
7682 482
8971 483
7598 484
5222 485
4703 486
11282 487
2173 488
6556 489
6084 490
12766 491
9481 492
12438 493
105 494
11538 495
2445 496
6685 497
11588 498
13381 499
8672 500
6798 501
6454 502
13162 503
14311 504
3776 505
4927 506
13684 507
7533 508
4832 509
10903 510
753 511
8546 512
4813 513
14870 514
5744 515
12647 516
2692 517
13847 518
1600 519
6327 520
12083 521
5498 522
480 523
1289 524
14270 525
7216 526
10076 527
14223 528
2175 529
9651 530
5099 531
5520 532
6868 533
9875 534
1845 535
6805 536
9039 537
8331 538
5215 539
4730 540
1783 541
7605 542
8862 543
10330 544
9126 545
2260 546
3834 547
3914 548
11248 549
10943 550
7858 551
6985 552
141 553
8529 554
522 555
13448 556
5334 557
10836 558
10530 559
8294 560
2274 561
5134 562
14904 563
8164 564
1694 565
5271 566
14897 567
3346 568
6440 569
13841 570
7135 571
4581 572
4519 573
9870 574
8212 575
12039 576
6166 577
8180 578
10999 579
5712 580
10052 581
10093 582
11195 583
13606 584
12713 585
3346 586
9332 587
2140 588
3240 589
10400 590
8674 591
3338 592
5718 593
6367 594
1285 595
6502 596
13010 597
14280 598
7243 599
12556 600
1426 601
13015 602
5765 603
12769 604
14473 605
8353 606
2661 607
5321 608
14272 609
6628 610
829 611
9190 612
2741 613
9983 614
5521 615
5718 616
2718 617
14278 618
10416 619
12949 620
7919 621
10836 622
3147 623
13217 624
8806 625
14066 626
689 627
13508 628
8468 629
14843 630
9900 631
5236 632
8252 633
11519 634
7279 635
8959 636
10218 637
9007 638
2085 639
3134 640
7157 641
10842 642
14461 643
7574 644
14589 645
13752 646
6166 647
14346 648
13360 649
1800 650
4746 651
11823 652
5561 653
6227 654
9838 655
12687 656
3258 657
12055 658
5702 659
4950 660
155 661
11836 662
2712 663
8525 664
13630 665
824 666
7984 667
10949 668
6769 669
12838 670
2485 671
7836 672
9204 673
14264 674
8418 675
1176 676
6905 677
10859 678
1578 679
14502 680
9978 681
8372 682
794 683
903 684
6867 685
2583 686
9904 687
7067 688
1778 689
1779 690
14968 691
4547 692
6763 693
10741 694
7428 695
13091 696
8732 697
7766 698
12019 699
11376 700
11811 701
9536 702
12189 703
7028 704
5424 705
1917 706
1364 707
11967 708
8165 709
6911 710
12712 711
13983 712
8786 713
4572 714
1611 715
5842 716
285 717
5528 718
3629 719
7087 720
5568 721
12522 722
9224 723
6662 724
1070 725
14819 726
3749 727
9468 728
14730 729
13853 730
9411 731
8056 732
13478 733
11401 734
4841 735
11926 736
4755 737
4494 738
13101 739
89 740
9328 741
7222 742
6681 743
14253 744
6069 745
9186 746
6247 747
1741 748
5973 749
8549 750
6547 751
1176 752
8327 753
11770 754
1820 755
3987 756
11633 757
13972 758
8899 759
13427 760
14934 761
4181 762
14752 763
630 764
12182 765
4185 766
13600 767
2290 768
7846 769
4134 770
2951 771
13547 772
7172 773
1195 774
9418 775
4169 776
8386 777
13639 778
13147 779
5677 780
8498 781
10365 782
6856 783
9557 784
1646 785
9642 786
2970 787
1038 788
11954 789
2820 790
12535 791
14731 792
4707 793
14853 794
7990 795
14535 796
8401 797
7848 798
9545 799
11906 800
9491 801
10969 802
2746 803
9311 804
3472 805
703 806
383 807
7713 808
12476 809
3528 810
11186 811
5909 812
14852 813
4907 814
8584 815
4161 816
8568 817
733 818
12856 819
3991 820
12824 821
2933 822
5112 823
10373 824
263 825
4880 826
2113 827
10993 828
7120 829
9634 830
11862 831
6206 832
12961 833
11056 834
1578 835
8210 836
4263 837
3065 838
10213 839
3566 840
2384 841
6774 842
883 843
11516 844
10194 845
10722 846
7800 847
11690 848
4159 849
2677 850
11676 851
2090 852
9957 853
12616 854
479 855
133 856
3716 857
14317 858
8975 859
7907 860
14613 861
4959 862
8649 863
6932 864
10715 865
10408 866
9006 867
1532 868
1886 869
9754 870
6365 871
7788 872
1220 873
14978 874
1230 875
12659 876
11368 877
5871 878
9245 879
4712 880
5346 881
8846 882
4677 883
7590 884
490 885
9641 886
2412 887
13904 888
10467 889
12450 890
795 891
6397 892
751 893
13867 894
13633 895
12528 896
6131 897
8195 898
6858 899
1415 900
1645 901
1527 902
11705 903
5478 904
10019 905
13836 906
14836 907
10433 908
4275 909
13004 910
10586 911
4635 912
14179 913
3961 914
219 915
5358 916
809 917
4335 918
12132 919
2531 920
10598 921
5626 922
9719 923
6855 924
5159 925
3945 926
2988 927
11565 928
1447 929
11256 930
4839 931
12396 932
3512 933
13360 934
10828 935
5415 936
11503 937
9234 938
12558 939
76 940
11910 941
11924 942
6841 943
698 944
7881 945
8864 946
12445 947
14703 948
4717 949
1447 950
12329 951
504 952
11800 953
11981 954
3484 955
7894 956
3698 957
13469 958
5665 959
1500 960
6026 961
14838 962
5547 963
12132 964
9582 965
11544 966
13753 967
3307 968
6913 969
11166 970
2002 971
7015 972
8007 973
6307 974
8717 975
12570 976
672 977
13292 978
12613 979
3086 980
8647 981
12478 982
14650 983
8766 984
12145 985
12869 986
8289 987
11288 988
1084 989
1022 990
672 991
1123 992
14401 993
5678 994
8749 995
8199 996
4022 997
3011 998
6740 999
7368 1000
4784 1001
4465 1002
14625 1003
3647 1004
5355 1005
2549 1006
6179 1007
10652 1008
7419 1009
6320 1010
2470 1011
4495 1012
7619 1013
11590 1014
14285 1015
8315 1016
11706 1017
13988 1018
13922 1019
5032 1020
11941 1021
8132 1022
8007 1023
3648 1024
5815 1025
11369 1026
9986 1027
2839 1028
285 1029
12215 1030
14726 1031
7385 1032
12517 1033
3824 1034
10469 1035
3272 1036
2455 1037
1749 1038
11170 1039
8024 1040
6331 1041
12970 1042
3889 1043
6603 1044
9671 1045
14746 1046
6213 1047
1505 1048
5572 1049
4522 1050
2152 1051
9683 1052
6479 1053
9862 1054
5453 1055
11294 1056
983 1057
13770 1058
9431 1059
8183 1060
265 1061
1993 1062
12687 1063
10008 1064
2982 1065
5666 1066
5288 1067
882 1068
12552 1069
13322 1070
1672 1071
10904 1072
882 1073
1354 1074
4136 1075
2431 1076
14523 1077
1810 1078
11348 1079
2925 1080
14383 1081
14618 1082
8499 1083
3688 1084
7366 1085
12256 1086
11488 1087
4494 1088
1059 1089
400 1090
13716 1091
3507 1092
1656 1093
4226 1094
1725 1095
595 1096
12681 1097
12335 1098
8244 1099
564 1100
10498 1101
11745 1102
9018 1103
10244 1104
12840 1105
10296 1106
14624 1107
11709 1108
1666 1109
3362 1110
12350 1111
3037 1112
4625 1113
3038 1114
2015 1115
10385 1116
1173 1117
6455 1118
3518 1119
779 1120
14096 1121
2844 1122
6130 1123
1834 1124
118 1125
5562 1126
9546 1127
12083 1128
4000 1129
1323 1130
4127 1131
7150 1132
8602 1133
9214 1134
14725 1135
6624 1136
8424 1137
7215 1138
12065 1139
6499 1140
10451 1141
12867 1142
14246 1143
12547 1144
1661 1145
42 1146
3880 1147
11527 1148
11771 1149
338 1150
1171 1151
6571 1152
12307 1153
3287 1154
6549 1155
3618 1156
10997 1157
14570 1158
9439 1159
5489 1160
8054 1161
8376 1162
5512 1163
669 1164
3409 1165
5118 1166
6014 1167
10312 1168
10210 1169
7667 1170
10635 1171
9722 1172
1371 1173
2891 1174
4968 1175
11927 1176
12068 1177
8793 1178
9934 1179
2753 1180
1604 1181
14734 1182
12599 1183
3334 1184
13134 1185
5496 1186
6348 1187
4709 1188
8394 1189
4638 1190
11329 1191
8681 1192
13875 1193
6953 1194
14674 1195
2301 1196
3467 1197
211 1198
824 1199
1681 1200
1962 1201
10652 1202
1320 1203
11941 1204
12827 1205
3588 1206
12878 1207
14153 1208
4137 1209
14229 1210
4437 1211
538 1212
12801 1213
13034 1214
14384 1215
8913 1216
10778 1217
4148 1218
2116 1219
1624 1220
10746 1221
10968 1222
12394 1223
5136 1224
4908 1225
5909 1226
4791 1227
10215 1228
10435 1229
10469 1230
11406 1231
11901 1232
4856 1233
10235 1234
5386 1235
14273 1236
13568 1237
2678 1238
8109 1239
73 1240
12301 1241
9488 1242
10845 1243
13508 1244
3943 1245
3056 1246
376 1247
8462 1248
10074 1249
11066 1250
13668 1251
11391 1252
186 1253
3726 1254
14273 1255
2311 1256
6503 1257
451 1258
6928 1259
3166 1260
5379 1261
14204 1262
7870 1263
9489 1264
5036 1265
674 1266
10767 1267
3954 1268
5553 1269
12765 1270
3400 1271
2635 1272
7218 1273
3378 1274
461 1275
3837 1276
6899 1277
14787 1278
819 1279
2490 1280
7954 1281
5533 1282
8082 1283
10751 1284
2916 1285
8265 1286
10543 1287
198 1288
10213 1289
667 1290
11826 1291
10187 1292
1732 1293
6834 1294
3558 1295
14771 1296
11458 1297
6152 1298
10886 1299
2827 1300
4129 1301
10784 1302
312 1303
6969 1304
6603 1305
4459 1306
7960 1307
1147 1308
5130 1309
1890 1310
14057 1311
2292 1312
961 1313
8379 1314
10902 1315
3146 1316
14012 1317
2701 1318
10031 1319
1361 1320
4524 1321
11689 1322
8696 1323
12539 1324
7750 1325
5704 1326
982 1327
4436 1328
8605 1329
4505 1330
6273 1331
5128 1332
10675 1333
9540 1334
4690 1335
602 1336
7725 1337
11577 1338
12658 1339
4210 1340
12519 1341
12938 1342
14874 1343
14875 1344
5912 1345
9505 1346
4002 1347
14746 1348
8320 1349
4131 1350
12372 1351
14855 1352
13878 1353
8621 1354
267 1355
5544 1356
6618 1357
905 1358
2456 1359
3643 1360
12323 1361
12181 1362
7481 1363
3850 1364
7476 1365
11920 1366
698 1367
11262 1368
1197 1369
11065 1370
4100 1371
7113 1372
11793 1373
12842 1374
732 1375
6729 1376
367 1377
6010 1378
7680 1379
13841 1380
9802 1381
9633 1382
11075 1383
14226 1384
6242 1385
4204 1386
4154 1387
12562 1388
1849 1389
4434 1390
15000 1391
11693 1392
4395 1393
4945 1394
7734 1395
9016 1396
3923 1397
11138 1398
7567 1399
1188 1400
11574 1401
3596 1402
14634 1403
6024 1404
3124 1405
9786 1406
10364 1407
9623 1408
14689 1409
2089 1410
6939 1411
6981 1412
11212 1413
10958 1414
6094 1415
10491 1416
549 1417
7705 1418
545 1419
5437 1420
6858 1421
4032 1422
3252 1423
4861 1424
5646 1425
13969 1426
11340 1427
39 1428
2567 1429
2802 1430
13563 1431
12274 1432
13095 1433
5701 1434
2200 1435
7476 1436
115 1437
10978 1438
6638 1439
2168 1440
11707 1441
900 1442
4783 1443
13506 1444
14462 1445
7501 1446
13541 1447
3587 1448
6173 1449
12923 1450
11422 1451
1335 1452
8257 1453
11882 1454
2292 1455
2600 1456
7008 1457
10293 1458
11772 1459
835 1460
2791 1461
10258 1462
6991 1463
7688 1464
5404 1465
11864 1466
8218 1467
5725 1468
9892 1469
2569 1470
12419 1471
10473 1472
5327 1473
2106 1474
13405 1475
6808 1476
9666 1477
6350 1478
10827 1479
14026 1480
12691 1481
12297 1482
7935 1483
6035 1484
4682 1485
8028 1486
8107 1487
7690 1488
2765 1489
5254 1490
9800 1491
3126 1492
14515 1493
14184 1494
8194 1495
2907 1496
5389 1497
10527 1498
1894 1499
