1150 1500
5575 0
5872 1
2989 2
1373 3
1758 4
6578 5
10374 6
87 7
7457 8
5500 9
10923 10
6360 11
21 12
8312 13
3687 14
1419 15
637 16
9469 17
7089 18
3201 19
7527 20
1654 21
10963 22
3658 23
7804 24
6945 25
1381 26
2768 27
10675 28
6634 29
5057 30
6759 31
5925 32
5122 33
8129 34
2932 35
4229 36
7686 37
8058 38
9491 39
5928 40
3395 41
8176 42
8894 43
4792 44
6105 45
4032 46
68 47
4805 48
1345 49
748 50
9912 51
2101 52
8623 53
9459 54
4275 55
719 56
7856 57
3811 58
11360 59
9644 60
2300 61
1823 62
4599 63
1741 64
9944 65
8411 66
4843 67
10018 68
9118 69
1223 70
256 71
3959 72
10392 73
6692 74
6311 75
9638 76
2567 77
9763 78
639 79
9490 80
5781 81
4432 82
6667 83
43 84
7393 85
11438 86
9643 87
5274 88
1435 89
3668 90
1896 91
8261 92
10313 93
7971 94
7548 95
7675 96
1165 97
2168 98
8412 99
1507 100
1991 101
6387 102
4160 103
7438 104
4345 105
4109 106
6817 107
1453 108
6798 109
816 110
6808 111
4680 112
2891 113
1600 114
9377 115
543 116
277 117
10004 118
1048 119
7142 120
1967 121
8580 122
4724 123
9989 124
4108 125
1987 126
10293 127
9258 128
3787 129
10236 130
2706 131
2252 132
10315 133
11003 134
365 135
2558 136
1244 137
10485 138
6295 139
2827 140
7763 141
3477 142
6114 143
802 144
4661 145
6857 146
1897 147
8221 148
2410 149
10168 150
6987 151
4277 152
4105 153
3051 154
5077 155
6176 156
8049 157
1351 158
7855 159
9184 160
532 161
8962 162
3066 163
4966 164
11100 165
958 166
2228 167
10454 168
3287 169
9070 170
2048 171
5750 172
8857 173
7522 174
8040 175
823 176
8199 177
10521 178
6874 179
275 180
4671 181
7229 182
9650 183
4239 184
2637 185
7395 186
6430 187
423 188
10127 189
10958 190
4594 191
9066 192
7904 193
7482 194
5840 195
8157 196
2764 197
3157 198
3833 199
1548 200
10061 201
5300 202
1584 203
5746 204
9200 205
5646 206
4975 207
10235 208
8956 209
8935 210
11359 211
2006 212
10817 213
8439 214
10294 215
7693 216
10018 217
10547 218
2731 219
9432 220
173 221
11261 222
5244 223
5338 224
1692 225
7140 226
2645 227
9479 228
7920 229
10003 230
10069 231
10283 232
5674 233
2194 234
7474 235
8374 236
6260 237
10166 238
161 239
9443 240
4226 241
5197 242
6928 243
4598 244
5756 245
1712 246
9219 247
726 248
9174 249
1092 250
1636 251
2304 252
5930 253
2078 254
8640 255
6033 256
8523 257
3289 258
1281 259
9559 260
11078 261
3131 262
2793 263
3161 264
5619 265
8182 266
1862 267
2358 268
3049 269
6060 270
5529 271
2888 272
11389 273
8429 274
3932 275
1049 276
9170 277
10686 278
10053 279
9551 280
7613 281
612 282
10852 283
309 284
3769 285
2310 286
8412 287
5963 288
8926 289
963 290
7982 291
4740 292
6653 293
7617 294
8958 295
5034 296
6045 297
4038 298
4564 299
3945 300
3714 301
9716 302
10110 303
9998 304
7019 305
5474 306
2589 307
4904 308
4527 309
9460 310
262 311
3799 312
11353 313
6255 314
9119 315
8934 316
2917 317
9865 318
1900 319
7924 320
2162 321
248 322
11069 323
3185 324
10282 325
1983 326
9931 327
209 328
3709 329
7927 330
4619 331
3589 332
5301 333
9891 334
6672 335
4906 336
8500 337
7215 338
5512 339
4989 340
7288 341
5397 342
2937 343
6796 344
11263 345
7839 346
7890 347
8971 348
3171 349
7101 350
897 351
7270 352
5356 353
10824 354
3768 355
3294 356
4000 357
6409 358
9338 359
1858 360
8837 361
8077 362
11045 363
4929 364
5997 365
5554 366
6036 367
7961 368
10146 369
4487 370
8843 371
10055 372
8916 373
9086 374
7113 375
11394 376
10923 377
3358 378
3377 379
7742 380
5732 381
8418 382
10512 383
7851 384
8098 385
6931 386
9511 387
7910 388
10496 389
192 390
2712 391
7010 392
2866 393
6263 394
1327 395
10634 396
8030 397
7137 398
4967 399
5449 400
526 401
3600 402
3177 403
5818 404
10959 405
610 406
731 407
5530 408
9597 409
8278 410
5758 411
3737 412
3196 413
1774 414
10103 415
8434 416
10868 417
7807 418
258 419
7447 420
10169 421
2423 422
1719 423
2073 424
1999 425
3606 426
9362 427
5530 428
7756 429
10669 430
2661 431
8195 432
9670 433
2730 434
9761 435
2646 436
2257 437
6508 438
9204 439
5446 440
9221 441
6192 442
3520 443
6472 444
8429 445
8131 446
1405 447
6578 448
150 449
1086 450
1539 451
4078 452
9883 453
6976 454
10280 455
4754 456
8510 457
2617 458
7873 459
6333 460
11166 461
211 462
5951 463
6277 464
719 465
9553 466
5208 467
7236 468
476 469
3583 470
4176 471
5312 472
6033 473
1677 474
1738 475
7002 476
5669 477
4065 478
8796 479
6590 480
9232 481
10347 482
10759 483
1835 484
2917 485
5723 486
9100 487
11207 488
5427 489
1534 490
7945 491
9036 492
4024 493
6708 494
10741 495
1059 496
4029 497
11349 498
1297 499
11237 500
4808 501
1410 502
6970 503
996 504
2623 505
11039 506
6958 507
3570 508
6368 509
1347 510
1715 511
10184 512
2074 513
11299 514
7499 515
1388 516
8979 517
2573 518
9152 519
5494 520
8935 521
2861 522
10585 523
1435 524
10196 525
9179 526
7071 527
7216 528
3480 529
11245 530
1291 531
7134 532
6547 533
1997 534
4133 535
9818 536
8462 537
4384 538
5079 539
4232 540
9264 541
9537 542
706 543
990 544
1942 545
6520 546
6044 547
6310 548
1528 549
9430 550
359 551
2078 552
5908 553
11433 554
3564 555
9865 556
7708 557
7826 558
1201 559
6170 560
3558 561
4841 562
11329 563
8752 564
10838 565
6352 566
3319 567
9046 568
1701 569
3683 570
7278 571
11151 572
9385 573
6780 574
9503 575
8077 576
1409 577
10011 578
7232 579
159 580
2879 581
4696 582
7036 583
9782 584
8517 585
9268 586
6378 587
7560 588
11111 589
9784 590
2273 591
950 592
5989 593
8213 594
7843 595
2476 596
6035 597
3785 598
6061 599
2081 600
4477 601
4069 602
9155 603
8298 604
8157 605
9425 606
11064 607
4132 608
4908 609
8726 610
7786 611
9320 612
5799 613
154 614
1654 615
6140 616
8392 617
4249 618
2038 619
9765 620
734 621
10861 622
3766 623
10565 624
4229 625
6521 626
5964 627
7697 628
9351 629
3786 630
4016 631
8767 632
5079 633
3289 634
10899 635
5299 636
4533 637
7474 638
7169 639
4798 640
8594 641
618 642
7648 643
2202 644
192 645
415 646
6549 647
6326 648
8755 649
5035 650
7556 651
5598 652
863 653
411 654
1964 655
6025 656
739 657
9504 658
5769 659
3187 660
7099 661
6933 662
5477 663
10931 664
1977 665
692 666
6511 667
2164 668
9606 669
226 670
3165 671
9719 672
7031 673
1876 674
7125 675
7976 676
4886 677
2745 678
8302 679
2557 680
8296 681
9448 682
8564 683
1009 684
5145 685
5954 686
5183 687
11196 688
2570 689
3595 690
2718 691
3594 692
4922 693
9893 694
2856 695
11261 696
10465 697
2922 698
11133 699
2484 700
10933 701
4224 702
8378 703
1770 704
11090 705
11314 706
3335 707
1900 708
1591 709
9031 710
7452 711
10312 712
2683 713
8887 714
6039 715
5313 716
9216 717
10637 718
2936 719
10560 720
9830 721
7336 722
6381 723
9897 724
3932 725
781 726
4839 727
2346 728
8373 729
4124 730
6968 731
342 732
7146 733
7938 734
815 735
5668 736
1635 737
10240 738
9407 739
10475 740
5473 741
8804 742
489 743
5874 744
5486 745
10952 746
5027 747
2616 748
4045 749
3180 750
921 751
7620 752
8960 753
11436 754
10964 755
5501 756
10714 757
532 758
950 759
2531 760
2390 761
9410 762
1593 763
4248 764
6083 765
9110 766
1641 767
7931 768
5604 769
7090 770
659 771
5206 772
2306 773
11469 774
2291 775
8040 776
9400 777
7691 778
3348 779
2857 780
4109 781
9680 782
7221 783
108 784
9043 785
9951 786
358 787
2406 788
661 789
939 790
2097 791
10819 792
270 793
9031 794
242 795
11156 796
1311 797
7178 798
858 799
11269 800
6232 801
304 802
11 803
5379 804
2807 805
7396 806
4784 807
6743 808
1939 809
3593 810
8278 811
1897 812
10557 813
1224 814
1833 815
11262 816
10087 817
8697 818
334 819
4474 820
10965 821
332 822
4577 823
6195 824
3613 825
9358 826
9719 827
714 828
6015 829
4912 830
4563 831
3479 832
9273 833
148 834
2256 835
10643 836
10652 837
257 838
5496 839
3741 840
3344 841
5768 842
4104 843
6156 844
7433 845
734 846
9437 847
205 848
1667 849
8365 850
9916 851
1084 852
7547 853
6890 854
5404 855
6516 856
8770 857
8258 858
8454 859
10022 860
5885 861
4553 862
8515 863
6866 864
5702 865
372 866
10356 867
9930 868
8400 869
1916 870
4884 871
754 872
4974 873
5375 874
2500 875
2931 876
3381 877
8380 878
5598 879
6515 880
6465 881
10883 882
6773 883
7808 884
9081 885
5144 886
5610 887
820 888
3346 889
7934 890
1151 891
629 892
10053 893
5947 894
8244 895
9834 896
2683 897
8930 898
6392 899
7530 900
1342 901
7491 902
6503 903
1544 904
8705 905
4692 906
6953 907
11126 908
9951 909
6798 910
4343 911
2401 912
10649 913
9023 914
5619 915
10775 916
4180 917
2795 918
4535 919
1693 920
1590 921
922 922
5535 923
8520 924
3775 925
5764 926
5840 927
7952 928
3029 929
6401 930
8416 931
2518 932
6591 933
8974 934
5399 935
7241 936
120 937
4062 938
8375 939
5371 940
1709 941
7080 942
7323 943
9480 944
11120 945
3245 946
10266 947
2235 948
4903 949
11000 950
5847 951
5011 952
9976 953
5566 954
4609 955
300 956
4895 957
10579 958
920 959
504 960
5189 961
6642 962
1283 963
6462 964
10197 965
357 966
2711 967
9671 968
4824 969
3539 970
4985 971
5711 972
1594 973
2060 974
6437 975
5419 976
9968 977
10768 978
5489 979
2047 980
8618 981
1240 982
4447 983
10971 984
2049 985
3291 986
4174 987
2005 988
3905 989
4984 990
10626 991
10026 992
1430 993
8324 994
8110 995
6509 996
6053 997
2977 998
654 999
6456 1000
7970 1001
9047 1002
5750 1003
3853 1004
487 1005
3130 1006
1551 1007
6391 1008
1895 1009
1024 1010
4801 1011
2645 1012
389 1013
8417 1014
10280 1015
1015 1016
6038 1017
5055 1018
5718 1019
9773 1020
694 1021
4426 1022
7681 1023
10157 1024
7643 1025
5629 1026
9650 1027
9272 1028
8730 1029
8349 1030
4476 1031
10068 1032
10241 1033
3706 1034
8017 1035
10753 1036
3253 1037
4534 1038
6156 1039
2801 1040
7012 1041
9352 1042
11045 1043
3111 1044
10743 1045
11388 1046
5887 1047
7199 1048
4734 1049
2062 1050
6501 1051
5928 1052
765 1053
263 1054
629 1055
6690 1056
9163 1057
5276 1058
2784 1059
10200 1060
9120 1061
1181 1062
1815 1063
6665 1064
3716 1065
6294 1066
7370 1067
8981 1068
3554 1069
693 1070
4428 1071
9925 1072
3811 1073
8278 1074
9632 1075
9488 1076
5421 1077
2363 1078
6990 1079
2523 1080
9563 1081
2160 1082
2548 1083
2926 1084
7533 1085
8554 1086
1229 1087
10423 1088
1054 1089
3952 1090
244 1091
3969 1092
4636 1093
9928 1094
6653 1095
9864 1096
4985 1097
4266 1098
250 1099
7339 1100
10695 1101
11469 1102
4061 1103
3219 1104
6137 1105
10103 1106
787 1107
11086 1108
5565 1109
4335 1110
1451 1111
8647 1112
4499 1113
3249 1114
3750 1115
5996 1116
3103 1117
3567 1118
10264 1119
3797 1120
10226 1121
7522 1122
9343 1123
189 1124
1165 1125
8277 1126
3010 1127
3730 1128
11298 1129
9595 1130
2641 1131
2285 1132
3402 1133
631 1134
1780 1135
11150 1136
9458 1137
2659 1138
1895 1139
4383 1140
7794 1141
10888 1142
7291 1143
10416 1144
3657 1145
10237 1146
4843 1147
8162 1148
10788 1149
