1450 1550
5608 0
2332 1
9945 2
9067 3
12995 4
2402 5
4640 6
13495 7
12638 8
362 9
13956 10
3447 11
1385 12
14357 13
14108 14
7280 15
10729 16
7470 17
7604 18
3834 19
8634 20
13172 21
13231 22
5897 23
7117 24
2297 25
4484 26
11211 27
13001 28
4801 29
11464 30
7820 31
5670 32
12562 33
6145 34
14472 35
8015 36
4588 37
10711 38
13311 39
2180 40
541 41
13955 42
5192 43
1367 44
5924 45
314 46
9027 47
13699 48
11219 49
1786 50
4225 51
5810 52
7241 53
10417 54
6328 55
9072 56
13476 57
2067 58
7893 59
8340 60
10242 61
385 62
8173 63
7519 64
8945 65
8400 66
11797 67
328 68
5180 69
10753 70
1511 71
14365 72
6150 73
3914 74
311 75
14119 76
11694 77
10729 78
11732 79
2134 80
5869 81
837 82
13523 83
10427 84
7726 85
1717 86
5516 87
8353 88
9121 89
8598 90
6229 91
7310 92
9691 93
5082 94
6174 95
10109 96
4351 97
8728 98
6676 99
6888 100
11562 101
12316 102
1213 103
2008 104
4986 105
4834 106
13407 107
2672 108
1820 109
4544 110
9614 111
13245 112
10494 113
4620 114
4519 115
9807 116
9184 117
7056 118
11762 119
9 120
14091 121
13901 122
7779 123
9793 124
9883 125
12685 126
14405 127
9260 128
1031 129
2043 130
2295 131
13668 132
9493 133
10813 134
932 135
12023 136
12729 137
6327 138
10480 139
12323 140
11060 141
2301 142
6751 143
9682 144
7242 145
12859 146
4980 147
12409 148
5155 149
9783 150
10333 151
190 152
5332 153
2922 154
9833 155
1157 156
2580 157
8583 158
6561 159
13842 160
9900 161
12783 162
4551 163
7263 164
745 165
569 166
6174 167
6100 168
8651 169
1518 170
4950 171
8500 172
10989 173
3754 174
8834 175
5633 176
13376 177
3122 178
274 179
278 180
1024 181
10002 182
3059 183
2388 184
8972 185
8948 186
3188 187
4272 188
10378 189
6686 190
70 191
3257 192
7169 193
10919 194
9354 195
5184 196
2762 197
3199 198
11162 199
2548 200
3695 201
11485 202
11252 203
11335 204
5466 205
8032 206
3362 207
4317 208
7 209
12954 210
9843 211
5440 212
6397 213
3985 214
2192 215
12686 216
14241 217
7621 218
4303 219
3866 220
5517 221
7970 222
101 223
7050 224
11816 225
9001 226
2563 227
7523 228
1538 229
4672 230
9793 231
4852 232
8231 233
179 234
9220 235
1624 236
8125 237
4103 238
13496 239
6223 240
13008 241
5076 242
12156 243
5338 244
5251 245
3709 246
8254 247
2642 248
12644 249
6332 250
14091 251
7822 252
2190 253
1653 254
8671 255
8974 256
3677 257
10161 258
3662 259
6114 260
11683 261
892 262
5846 263
6701 264
4546 265
13769 266
14246 267
1728 268
5391 269
1823 270
5386 271
1934 272
3827 273
11797 274
2722 275
2544 276
12911 277
11011 278
7123 279
7569 280
3149 281
2358 282
9940 283
8196 284
14361 285
10051 286
14170 287
4165 288
8657 289
1701 290
2497 291
8884 292
5670 293
6400 294
8608 295
9927 296
10373 297
3358 298
13615 299
6061 300
12223 301
2219 302
11146 303
6505 304
5547 305
5804 306
8150 307
12040 308
153 309
4916 310
4373 311
4355 312
13612 313
338 314
12080 315
13395 316
7880 317
10481 318
14193 319
10036 320
12659 321
13769 322
13049 323
2897 324
9807 325
11300 326
12486 327
3385 328
2445 329
9565 330
14407 331
1908 332
5498 333
11085 334
12817 335
2963 336
9516 337
13758 338
11313 339
165 340
3098 341
6339 342
10067 343
2625 344
8205 345
12853 346
8367 347
4562 348
13128 349
8319 350
9481 351
14199 352
5958 353
5624 354
556 355
2172 356
2073 357
3224 358
4018 359
7956 360
11163 361
11509 362
2584 363
12607 364
1376 365
842 366
808 367
949 368
7123 369
1425 370
5742 371
234 372
11361 373
3125 374
11425 375
275 376
3450 377
5114 378
8370 379
9339 380
794 381
14325 382
11918 383
8895 384
13290 385
9934 386
12726 387
12361 388
9129 389
4604 390
6896 391
9301 392
3933 393
2057 394
10735 395
14172 396
3602 397
4683 398
1447 399
10139 400
8024 401
11822 402
5811 403
916 404
7805 405
12352 406
9402 407
5867 408
4160 409
13039 410
418 411
8608 412
2846 413
9121 414
12833 415
10492 416
8472 417
13767 418
9068 419
6552 420
1057 421
6956 422
657 423
7549 424
4653 425
1392 426
12408 427
3967 428
8503 429
13157 430
3455 431
5344 432
9663 433
5503 434
6437 435
12221 436
11872 437
9436 438
1301 439
2192 440
5947 441
10048 442
1103 443
13801 444
12419 445
7118 446
12573 447
7454 448
8005 449
5886 450
2644 451
8514 452
4016 453
8778 454
4415 455
1405 456
6305 457
9435 458
11859 459
9770 460
5084 461
7361 462
11310 463
5775 464
5431 465
10480 466
2177 467
8224 468
7968 469
9985 470
2530 471
3257 472
166 473
4015 474
7536 475
3469 476
12909 477
5048 478
12866 479
10706 480
12380 481
2259 482
8244 483
12485 484
14244 485
13255 486
5586 487
14011 488
6505 489
7474 490
13092 491
9674 492
8350 493
932 494
5372 495
10506 496
13054 497
2936 498
13124 499
9057 500
3417 501
11901 502
2834 503
653 504
4393 505
1655 506
12324 507
8529 508
925 509
2174 510
5398 511
1077 512
3983 513
3022 514
7366 515
11325 516
5490 517
11996 518
9617 519
953 520
9020 521
5303 522
9361 523
1785 524
6312 525
12827 526
1207 527
6840 528
9961 529
8887 530
4632 531
13257 532
9767 533
1096 534
9961 535
2903 536
14439 537
5617 538
8401 539
3595 540
13703 541
10304 542
11947 543
7907 544
7628 545
13903 546
6115 547
11415 548
3462 549
1918 550
1737 551
14274 552
2316 553
9247 554
2214 555
7068 556
7812 557
12956 558
6928 559
8820 560
9351 561
1412 562
7227 563
7230 564
12780 565
4772 566
1036 567
4606 568
546 569
2593 570
12732 571
4888 572
13035 573
13173 574
9669 575
4461 576
10615 577
6442 578
1862 579
4923 580
6458 581
14492 582
6150 583
8208 584
615 585
2622 586
11567 587
2477 588
4617 589
12751 590
9171 591
1020 592
3019 593
9546 594
12380 595
8183 596
4477 597
4793 598
4963 599
14424 600
10457 601
10543 602
11831 603
13519 604
13222 605
8973 606
3736 607
13363 608
7108 609
10752 610
6806 611
10433 612
3785 613
1704 614
11798 615
1732 616
5749 617
10680 618
4005 619
5633 620
717 621
6958 622
13608 623
377 624
3061 625
9713 626
8084 627
2351 628
4859 629
13280 630
10899 631
9887 632
6661 633
12048 634
6354 635
3247 636
11223 637
5913 638
6120 639
1411 640
9122 641
7536 642
12511 643
13033 644
1308 645
9559 646
10606 647
8144 648
5413 649
2582 650
7625 651
1196 652
3619 653
509 654
356 655
14335 656
1988 657
11372 658
12412 659
5499 660
6300 661
1924 662
1617 663
14110 664
2193 665
2781 666
4298 667
6094 668
14000 669
8893 670
797 671
3213 672
1838 673
12786 674
411 675
1433 676
13274 677
925 678
134 679
2002 680
11349 681
530 682
4566 683
1735 684
6004 685
1029 686
2090 687
9697 688
5591 689
14417 690
2463 691
4708 692
757 693
3269 694
2600 695
3159 696
4884 697
7437 698
5686 699
8562 700
8785 701
11457 702
13370 703
9089 704
4070 705
5305 706
2616 707
13159 708
13904 709
9055 710
11370 711
14246 712
6145 713
7563 714
7272 715
9431 716
2460 717
10483 718
4178 719
6572 720
14204 721
6155 722
12104 723
4587 724
12134 725
7325 726
8564 727
587 728
9234 729
2670 730
609 731
1657 732
6053 733
8853 734
677 735
432 736
11934 737
7127 738
6938 739
7999 740
234 741
2824 742
7106 743
2644 744
11141 745
13363 746
1786 747
11955 748
9148 749
12134 750
3889 751
4044 752
3244 753
10783 754
6053 755
11326 756
5899 757
606 758
284 759
7343 760
5717 761
2273 762
6932 763
3235 764
10906 765
2040 766
14136 767
10989 768
13361 769
3802 770
2209 771
6713 772
12226 773
12472 774
991 775
1091 776
2626 777
9826 778
10162 779
2296 780
2368 781
2761 782
12729 783
2657 784
10145 785
13212 786
1427 787
456 788
12634 789
11369 790
1532 791
2179 792
12637 793
11248 794
6749 795
13442 796
3512 797
5813 798
5306 799
12926 800
2000 801
13978 802
8795 803
13548 804
2533 805
13821 806
647 807
11993 808
12001 809
9149 810
7763 811
9373 812
5265 813
10779 814
8070 815
10663 816
5303 817
13195 818
13022 819
6842 820
4615 821
701 822
12533 823
13952 824
2134 825
3725 826
9672 827
9595 828
2055 829
12557 830
14364 831
14255 832
8941 833
5249 834
131 835
11993 836
4230 837
9417 838
4762 839
446 840
8282 841
6939 842
2579 843
12323 844
8230 845
5912 846
8557 847
4766 848
4971 849
3707 850
6471 851
9562 852
7261 853
6090 854
1650 855
7635 856
11781 857
13278 858
10923 859
2412 860
2358 861
605 862
9928 863
5242 864
4966 865
113 866
10223 867
11210 868
2753 869
8049 870
4831 871
1825 872
11235 873
5019 874
3024 875
10710 876
4607 877
10187 878
1307 879
6941 880
5316 881
1645 882
11456 883
9540 884
3497 885
8686 886
12211 887
7770 888
8008 889
6713 890
3043 891
866 892
4091 893
13142 894
13578 895
7769 896
1690 897
5065 898
827 899
13056 900
2329 901
8664 902
5539 903
12380 904
6821 905
1408 906
5017 907
5473 908
5900 909
907 910
9940 911
8172 912
7628 913
3176 914
5602 915
3356 916
4744 917
8467 918
14413 919
5792 920
7940 921
2356 922
376 923
9949 924
12783 925
5106 926
603 927
10222 928
5254 929
9674 930
6491 931
4471 932
6247 933
9180 934
10178 935
13108 936
703 937
2558 938
3696 939
11089 940
3183 941
4046 942
11002 943
7336 944
8959 945
838 946
13272 947
6223 948
4942 949
11792 950
6523 951
2891 952
660 953
7475 954
7438 955
6082 956
7116 957
3023 958
11867 959
10225 960
1832 961
3171 962
10815 963
13710 964
4900 965
7534 966
13453 967
10465 968
2752 969
11468 970
5911 971
5018 972
923 973
10103 974
6353 975
427 976
14205 977
5835 978
4649 979
11867 980
2034 981
1975 982
11538 983
3035 984
4377 985
12720 986
4719 987
14257 988
1035 989
14255 990
13587 991
732 992
2212 993
659 994
8447 995
9695 996
86 997
12760 998
5188 999
5303 1000
4469 1001
8262 1002
3389 1003
5584 1004
6228 1005
7792 1006
9117 1007
12572 1008
9269 1009
7174 1010
3157 1011
7539 1012
4673 1013
8521 1014
4893 1015
11466 1016
12479 1017
5107 1018
5846 1019
10854 1020
8473 1021
2335 1022
14219 1023
3864 1024
2371 1025
8353 1026
6152 1027
9370 1028
2709 1029
12192 1030
13922 1031
4754 1032
12886 1033
5576 1034
13449 1035
8332 1036
4245 1037
4012 1038
6440 1039
7472 1040
4784 1041
3323 1042
4500 1043
9266 1044
7852 1045
3710 1046
7582 1047
2532 1048
12723 1049
4720 1050
3070 1051
1278 1052
7243 1053
4294 1054
1516 1055
11943 1056
977 1057
13532 1058
1696 1059
1549 1060
7325 1061
8378 1062
5282 1063
4883 1064
232 1065
454 1066
9781 1067
8905 1068
4824 1069
851 1070
12386 1071
13149 1072
11613 1073
7367 1074
8934 1075
3499 1076
13755 1077
11496 1078
1528 1079
4734 1080
7492 1081
5603 1082
616 1083
8827 1084
13579 1085
7397 1086
9405 1087
10887 1088
4310 1089
5416 1090
11782 1091
10823 1092
2901 1093
11104 1094
2263 1095
7251 1096
323 1097
1996 1098
2409 1099
14472 1100
14171 1101
8202 1102
13072 1103
13089 1104
11236 1105
1316 1106
6793 1107
3707 1108
11253 1109
3079 1110
2169 1111
4226 1112
10032 1113
5066 1114
13875 1115
1831 1116
1807 1117
9388 1118
14082 1119
11400 1120
1568 1121
2774 1122
8889 1123
7486 1124
5692 1125
9598 1126
7132 1127
3269 1128
2641 1129
4407 1130
4762 1131
9486 1132
6930 1133
3686 1134
4123 1135
7969 1136
11603 1137
10186 1138
996 1139
10960 1140
1562 1141
821 1142
11987 1143
3825 1144
6714 1145
2431 1146
5865 1147
5203 1148
9223 1149
7506 1150
11037 1151
6181 1152
13620 1153
6006 1154
7978 1155
11255 1156
9965 1157
1826 1158
6174 1159
6717 1160
5636 1161
13754 1162
6794 1163
13924 1164
11816 1165
2692 1166
9294 1167
12271 1168
4040 1169
11102 1170
11117 1171
10365 1172
7750 1173
4668 1174
7566 1175
5937 1176
9892 1177
972 1178
11737 1179
9910 1180
7373 1181
7331 1182
7637 1183
8160 1184
2279 1185
13518 1186
12376 1187
14341 1188
9958 1189
13473 1190
6176 1191
7079 1192
4491 1193
5690 1194
1620 1195
4405 1196
1210 1197
6642 1198
3973 1199
8880 1200
3872 1201
11773 1202
1620 1203
3467 1204
9215 1205
2076 1206
11695 1207
2513 1208
5745 1209
13454 1210
1306 1211
11323 1212
6860 1213
3283 1214
14362 1215
13646 1216
3319 1217
4780 1218
11872 1219
13941 1220
11206 1221
13164 1222
1828 1223
13701 1224
3656 1225
2819 1226
6528 1227
306 1228
10139 1229
42 1230
2949 1231
497 1232
10227 1233
8322 1234
6100 1235
583 1236
4943 1237
9694 1238
8251 1239
12440 1240
4672 1241
1850 1242
1726 1243
13343 1244
2781 1245
8543 1246
14443 1247
12294 1248
3889 1249
1209 1250
6242 1251
9213 1252
8249 1253
2624 1254
13513 1255
2307 1256
7776 1257
12510 1258
4408 1259
11511 1260
5422 1261
12898 1262
4709 1263
2422 1264
9024 1265
5633 1266
12795 1267
4875 1268
148 1269
12605 1270
11168 1271
5156 1272
8640 1273
5130 1274
9386 1275
11790 1276
913 1277
944 1278
9816 1279
12219 1280
309 1281
13634 1282
405 1283
14297 1284
5267 1285
13179 1286
13864 1287
4433 1288
7467 1289
12498 1290
12668 1291
5496 1292
1749 1293
8643 1294
5505 1295
5237 1296
10859 1297
10020 1298
266 1299
13398 1300
8615 1301
11751 1302
1402 1303
5429 1304
11826 1305
7881 1306
11726 1307
4326 1308
3576 1309
4255 1310
6502 1311
8052 1312
1424 1313
10554 1314
106 1315
12556 1316
9064 1317
3427 1318
3916 1319
11921 1320
3039 1321
10298 1322
8933 1323
6437 1324
3007 1325
7734 1326
8226 1327
5945 1328
7664 1329
491 1330
2039 1331
3846 1332
9197 1333
7345 1334
5228 1335
4171 1336
6075 1337
10944 1338
4564 1339
8073 1340
10038 1341
2451 1342
12289 1343
1900 1344
1816 1345
9400 1346
2247 1347
3969 1348
10120 1349
4109 1350
7468 1351
7251 1352
11312 1353
5239 1354
3880 1355
8947 1356
9608 1357
3650 1358
4010 1359
11066 1360
12561 1361
13448 1362
12978 1363
4345 1364
8467 1365
4732 1366
9608 1367
9435 1368
13940 1369
13024 1370
8740 1371
11801 1372
13375 1373
11439 1374
1236 1375
2609 1376
12099 1377
2098 1378
5085 1379
468 1380
9582 1381
591 1382
3275 1383
12320 1384
5200 1385
12898 1386
13519 1387
7199 1388
11102 1389
10242 1390
1066 1391
13734 1392
6915 1393
4899 1394
14251 1395
5305 1396
8143 1397
9348 1398
12959 1399
2819 1400
10673 1401
5827 1402
12163 1403
3831 1404
8550 1405
6370 1406
8642 1407
7399 1408
14450 1409
4926 1410
8741 1411
11936 1412
13121 1413
11273 1414
11235 1415
6974 1416
10678 1417
8302 1418
3841 1419
9864 1420
5279 1421
13023 1422
14324 1423
176 1424
12300 1425
3898 1426
12629 1427
12745 1428
9321 1429
4630 1430
4751 1431
12572 1432
5430 1433
8755 1434
8298 1435
7645 1436
11907 1437
864 1438
2170 1439
11879 1440
13276 1441
13563 1442
2724 1443
5150 1444
9099 1445
11464 1446
6094 1447
4556 1448
2048 1449
