1350 1550
3464 0
5454 1
7836 2
8145 3
9569 4
3364 5
13307 6
6841 7
3703 8
13454 9
4021 10
12843 11
7267 12
11749 13
2666 14
848 15
3154 16
1811 17
6680 18
11657 19
9183 20
11368 21
2846 22
11723 23
2128 24
9750 25
8602 26
10726 27
7383 28
4333 29
7410 30
12853 31
1470 32
6370 33
9224 34
5410 35
6561 36
953 37
6520 38
3650 39
10088 40
2887 41
8759 42
7980 43
650 44
12079 45
3724 46
417 47
828 48
8528 49
12538 50
3165 51
830 52
12178 53
3524 54
11128 55
13294 56
8363 57
10534 58
5382 59
1832 60
816 61
13445 62
12919 63
7278 64
3142 65
7887 66
8960 67
7896 68
1342 69
5223 70
9540 71
10965 72
9303 73
11652 74
2396 75
43 76
2907 77
12437 78
12463 79
6713 80
9992 81
10867 82
9403 83
5424 84
2364 85
9851 86
1368 87
13086 88
3422 89
1264 90
11075 91
7975 92
9289 93
10366 94
12606 95
109 96
6333 97
408 98
8165 99
8913 100
5495 101
9564 102
4239 103
2771 104
5238 105
4097 106
9998 107
9285 108
11017 109
11649 110
490 111
9632 112
4859 113
2846 114
4869 115
13074 116
7180 117
863 118
6460 119
11481 120
2551 121
6497 122
7024 123
536 124
4588 125
10278 126
1998 127
4183 128
13418 129
11573 130
6766 131
7775 132
9123 133
8359 134
1344 135
1838 136
7056 137
970 138
13290 139
3430 140
767 141
11340 142
8989 143
10300 144
7065 145
10381 146
11922 147
1439 148
7308 149
12114 150
10859 151
4471 152
1494 153
9054 154
11124 155
10706 156
5978 157
7594 158
11770 159
1399 160
9273 161
9844 162
10816 163
8382 164
9728 165
8208 166
12661 167
11863 168
4382 169
13185 170
9235 171
5637 172
787 173
1379 174
5179 175
3305 176
349 177
5594 178
10759 179
4679 180
12032 181
2137 182
5707 183
3027 184
2893 185
10972 186
3301 187
2140 188
1659 189
8488 190
8256 191
1202 192
9833 193
10012 194
9819 195
5572 196
6031 197
9983 198
1631 199
1981 200
369 201
7917 202
8295 203
6166 204
4525 205
7360 206
7245 207
1987 208
4686 209
8619 210
5817 211
11361 212
934 213
3700 214
3316 215
8222 216
13296 217
1709 218
12577 219
1480 220
6767 221
2116 222
5580 223
8738 224
12818 225
9004 226
9029 227
11287 228
1091 229
4016 230
7057 231
3015 232
2354 233
9521 234
8408 235
9250 236
2464 237
7660 238
11567 239
4250 240
9174 241
6099 242
10184 243
13017 244
7058 245
6837 246
9264 247
12423 248
12867 249
1795 250
738 251
1167 252
11464 253
5304 254
10775 255
936 256
5611 257
13010 258
6387 259
10634 260
11258 261
8066 262
3610 263
10716 264
6562 265
1034 266
8591 267
5678 268
2441 269
9183 270
959 271
12458 272
5829 273
7501 274
11322 275
13276 276
686 277
3389 278
745 279
2062 280
6459 281
12817 282
11346 283
5366 284
6475 285
9285 286
11893 287
9054 288
6360 289
8890 290
10076 291
1184 292
4274 293
7826 294
2513 295
6771 296
11450 297
2494 298
9872 299
5316 300
2098 301
3187 302
11339 303
12994 304
5999 305
6791 306
1280 307
454 308
9651 309
3922 310
1195 311
15 312
2571 313
10824 314
9058 315
3458 316
5862 317
2136 318
7944 319
5069 320
12655 321
5877 322
5579 323
6769 324
8934 325
7977 326
8896 327
7559 328
11536 329
11088 330
12907 331
2731 332
206 333
2454 334
6509 335
11073 336
7052 337
8840 338
9347 339
361 340
10020 341
8835 342
8760 343
8763 344
4501 345
9841 346
7553 347
9454 348
1516 349
3006 350
8461 351
920 352
5283 353
3452 354
6887 355
3996 356
10730 357
4948 358
630 359
5135 360
10015 361
4383 362
1477 363
1550 364
3714 365
4636 366
6337 367
315 368
4982 369
994 370
2498 371
2039 372
3327 373
1699 374
1197 375
4549 376
13040 377
981 378
5395 379
13444 380
8845 381
10879 382
10468 383
5162 384
8116 385
1552 386
9396 387
2525 388
3687 389
315 390
9611 391
5933 392
5972 393
11195 394
5448 395
8343 396
11847 397
10980 398
12904 399
11438 400
620 401
2534 402
7414 403
63 404
4527 405
2403 406
7305 407
11729 408
4380 409
10945 410
5715 411
1683 412
2044 413
4927 414
12334 415
401 416
5228 417
8867 418
7679 419
6187 420
3526 421
8077 422
5537 423
9227 424
11752 425
10530 426
12099 427
7589 428
11933 429
6161 430
11448 431
3858 432
2902 433
11594 434
6063 435
242 436
3980 437
10425 438
1469 439
4431 440
10351 441
6340 442
2689 443
7279 444
6595 445
580 446
7179 447
11079 448
6947 449
7724 450
8325 451
2118 452
12201 453
9820 454
953 455
12564 456
11421 457
875 458
11887 459
7422 460
367 461
10029 462
13097 463
2284 464
8481 465
8485 466
5071 467
3858 468
8843 469
10236 470
7482 471
6911 472
9422 473
5862 474
2679 475
1924 476
5241 477
10401 478
315 479
1222 480
8731 481
1137 482
2444 483
3160 484
8025 485
2185 486
11900 487
1845 488
6213 489
13174 490
993 491
8524 492
13271 493
9311 494
484 495
10330 496
7706 497
7906 498
8840 499
9473 500
278 501
5478 502
1874 503
9899 504
5140 505
9050 506
9381 507
6573 508
6752 509
12501 510
822 511
13253 512
972 513
4316 514
5622 515
41 516
1269 517
1668 518
11892 519
7799 520
4261 521
11659 522
10313 523
6276 524
5886 525
8179 526
6577 527
2296 528
5104 529
13337 530
3076 531
10171 532
4483 533
794 534
5549 535
5168 536
4202 537
7254 538
8685 539
1355 540
10029 541
10322 542
10909 543
5810 544
2193 545
6181 546
4536 547
2158 548
6824 549
2213 550
1549 551
12881 552
7909 553
6909 554
5728 555
4721 556
2227 557
1355 558
10919 559
1209 560
4409 561
8442 562
5225 563
2969 564
2986 565
353 566
10329 567
6428 568
12438 569
10481 570
946 571
6714 572
9816 573
10664 574
3648 575
10749 576
8596 577
10380 578
3389 579
6142 580
11682 581
4734 582
12679 583
10440 584
4323 585
7437 586
1493 587
324 588
7652 589
5651 590
506 591
269 592
6036 593
9259 594
4790 595
5154 596
2014 597
11511 598
448 599
10163 600
1101 601
4566 602
12153 603
9441 604
6440 605
2732 606
13225 607
4331 608
8383 609
2115 610
295 611
8529 612
12028 613
13136 614
11848 615
7134 616
2232 617
7039 618
7657 619
3423 620
12073 621
5665 622
2940 623
7972 624
7752 625
4622 626
12098 627
9121 628
11802 629
3136 630
4830 631
13217 632
4508 633
667 634
12478 635
11612 636
5355 637
10550 638
8482 639
13334 640
77 641
6174 642
5766 643
4340 644
12954 645
6318 646
2989 647
8623 648
10047 649
3114 650
5704 651
2193 652
4251 653
1419 654
13116 655
12475 656
3380 657
3892 658
12391 659
8411 660
285 661
9648 662
5868 663
4558 664
2307 665
1304 666
4176 667
11123 668
8234 669
57 670
9001 671
12604 672
1085 673
5528 674
8374 675
8920 676
12726 677
3050 678
5079 679
341 680
2886 681
13061 682
669 683
9562 684
10537 685
12538 686
953 687
7206 688
5519 689
13303 690
1037 691
12915 692
8080 693
10363 694
5253 695
1743 696
1410 697
7582 698
5666 699
491 700
12781 701
2941 702
2492 703
6876 704
6413 705
7501 706
7882 707
9148 708
8067 709
10472 710
4297 711
2590 712
11542 713
10269 714
7599 715
850 716
11305 717
3074 718
11827 719
1297 720
10167 721
10622 722
13064 723
653 724
7615 725
8759 726
8260 727
961 728
8379 729
6776 730
10955 731
10731 732
644 733
1371 734
1650 735
12423 736
532 737
11454 738
427 739
6383 740
8385 741
7547 742
5771 743
11602 744
11403 745
49 746
12989 747
6136 748
4911 749
1749 750
2283 751
11383 752
13405 753
6160 754
380 755
5839 756
6192 757
2861 758
13058 759
9698 760
6497 761
11779 762
13210 763
6943 764
9584 765
5716 766
6585 767
9654 768
9187 769
7425 770
1952 771
1885 772
7727 773
5752 774
10267 775
11592 776
5489 777
3431 778
12704 779
5590 780
790 781
4059 782
13435 783
681 784
1603 785
6566 786
11156 787
2044 788
7526 789
2527 790
4066 791
12398 792
10308 793
11554 794
8861 795
9663 796
279 797
1664 798
9243 799
8496 800
1915 801
5895 802
12804 803
11960 804
6697 805
12719 806
9280 807
13314 808
10262 809
6135 810
10879 811
5453 812
529 813
8190 814
551 815
531 816
3987 817
3317 818
6355 819
3127 820
2066 821
13259 822
8909 823
453 824
12321 825
7738 826
2211 827
5032 828
2161 829
971 830
1332 831
5588 832
5842 833
12075 834
12511 835
4502 836
2596 837
4630 838
9615 839
10055 840
9504 841
4198 842
4300 843
11293 844
2263 845
8634 846
11005 847
7685 848
4205 849
4448 850
731 851
6888 852
7579 853
2699 854
2211 855
375 856
8932 857
11454 858
8674 859
4208 860
5582 861
502 862
8203 863
11423 864
11545 865
1737 866
9145 867
274 868
10371 869
4929 870
4657 871
6555 872
4596 873
607 874
23 875
636 876
13021 877
12826 878
12241 879
10679 880
1882 881
2109 882
7997 883
6910 884
3521 885
7509 886
2285 887
10310 888
637 889
9430 890
7578 891
12934 892
3069 893
13242 894
10927 895
1162 896
6585 897
5200 898
8458 899
9688 900
5788 901
11939 902
10228 903
11315 904
3491 905
9075 906
6247 907
1925 908
4738 909
1183 910
5831 911
7064 912
2251 913
6681 914
5871 915
13164 916
13346 917
10854 918
8061 919
9722 920
2633 921
12598 922
2053 923
1120 924
10740 925
5785 926
11070 927
11604 928
8125 929
9559 930
8198 931
12045 932
3904 933
5067 934
4035 935
135 936
872 937
3914 938
1059 939
11122 940
4855 941
10939 942
9970 943
9523 944
7150 945
12520 946
5028 947
4878 948
2034 949
978 950
2423 951
6768 952
3808 953
9515 954
5048 955
4470 956
416 957
4277 958
1600 959
12889 960
526 961
7903 962
993 963
13249 964
3150 965
6300 966
9874 967
10007 968
11422 969
5301 970
3583 971
7374 972
10926 973
1590 974
12748 975
5850 976
6967 977
12612 978
393 979
11187 980
2867 981
2606 982
10903 983
11135 984
13069 985
8761 986
628 987
482 988
8619 989
10664 990
6462 991
12484 992
5670 993
3696 994
4327 995
11137 996
9225 997
8819 998
7724 999
5362 1000
13083 1001
8069 1002
5235 1003
2738 1004
9154 1005
3304 1006
5841 1007
3591 1008
5952 1009
2237 1010
1951 1011
7134 1012
8112 1013
9301 1014
7512 1015
6309 1016
5295 1017
3285 1018
4670 1019
11861 1020
10172 1021
910 1022
7970 1023
11345 1024
7981 1025
10774 1026
7951 1027
3156 1028
8402 1029
605 1030
7143 1031
11673 1032
13285 1033
1515 1034
1142 1035
5302 1036
10826 1037
1312 1038
11113 1039
3833 1040
12688 1041
13027 1042
12215 1043
13067 1044
9523 1045
2799 1046
9078 1047
5368 1048
1459 1049
11301 1050
4728 1051
2697 1052
1319 1053
13318 1054
3186 1055
400 1056
6546 1057
8267 1058
13357 1059
8576 1060
10270 1061
9371 1062
11559 1063
6092 1064
1147 1065
9164 1066
278 1067
5663 1068
3874 1069
2522 1070
1066 1071
1300 1072
4222 1073
10116 1074
10678 1075
12711 1076
12663 1077
7841 1078
2892 1079
9672 1080
11549 1081
585 1082
9485 1083
9952 1084
6468 1085
12555 1086
2233 1087
10558 1088
13249 1089
9438 1090
277 1091
4639 1092
4595 1093
12633 1094
1736 1095
4893 1096
409 1097
1202 1098
7050 1099
10126 1100
3071 1101
9530 1102
5462 1103
1273 1104
4237 1105
10539 1106
1337 1107
2789 1108
1149 1109
13457 1110
3775 1111
3715 1112
10339 1113
3191 1114
1400 1115
12853 1116
2809 1117
9198 1118
200 1119
12636 1120
3380 1121
11988 1122
13057 1123
11499 1124
3979 1125
747 1126
4339 1127
5762 1128
11176 1129
3228 1130
1341 1131
5514 1132
9793 1133
1115 1134
11110 1135
9250 1136
9815 1137
9233 1138
5006 1139
12751 1140
5940 1141
558 1142
11295 1143
4663 1144
9602 1145
2557 1146
7088 1147
1498 1148
11747 1149
5986 1150
4902 1151
1592 1152
13051 1153
1378 1154
8452 1155
11903 1156
6531 1157
12090 1158
4915 1159
11142 1160
6027 1161
8825 1162
6540 1163
1933 1164
9013 1165
684 1166
5920 1167
9435 1168
867 1169
12637 1170
4825 1171
10777 1172
6803 1173
3594 1174
6957 1175
11370 1176
10658 1177
13070 1178
8246 1179
1116 1180
7779 1181
10807 1182
9172 1183
6806 1184
9845 1185
261 1186
9190 1187
2171 1188
12166 1189
5396 1190
4310 1191
12993 1192
3808 1193
6501 1194
2301 1195
4781 1196
3120 1197
3442 1198
11400 1199
3923 1200
3055 1201
4890 1202
13168 1203
12685 1204
3187 1205
5907 1206
1051 1207
5643 1208
2293 1209
11845 1210
7183 1211
580 1212
4091 1213
1027 1214
4620 1215
12881 1216
3461 1217
9619 1218
2263 1219
9583 1220
13159 1221
13288 1222
7779 1223
2577 1224
10622 1225
12518 1226
8464 1227
5400 1228
860 1229
8756 1230
9738 1231
5513 1232
3797 1233
8050 1234
5206 1235
196 1236
2849 1237
2636 1238
9718 1239
7886 1240
8613 1241
11594 1242
6860 1243
9086 1244
9257 1245
10530 1246
11285 1247
5737 1248
12233 1249
2413 1250
4745 1251
5385 1252
6093 1253
154 1254
7478 1255
11534 1256
10576 1257
11245 1258
7429 1259
4963 1260
4493 1261
3537 1262
9416 1263
4594 1264
5098 1265
12919 1266
7878 1267
13276 1268
8960 1269
4928 1270
1240 1271
2072 1272
792 1273
10658 1274
3421 1275
7649 1276
3803 1277
12634 1278
12673 1279
10065 1280
5764 1281
5768 1282
3986 1283
7119 1284
3419 1285
329 1286
840 1287
816 1288
5716 1289
7183 1290
3086 1291
6473 1292
2329 1293
194 1294
2641 1295
1485 1296
9203 1297
840 1298
7903 1299
7360 1300
11879 1301
8609 1302
8067 1303
10787 1304
8838 1305
5419 1306
9955 1307
5575 1308
11309 1309
8876 1310
3142 1311
10705 1312
11543 1313
4483 1314
239 1315
12202 1316
8927 1317
6848 1318
5104 1319
8608 1320
10422 1321
7285 1322
2039 1323
11042 1324
1241 1325
281 1326
11819 1327
2525 1328
5480 1329
11431 1330
375 1331
74 1332
1266 1333
11820 1334
6785 1335
748 1336
5064 1337
3565 1338
682 1339
6459 1340
8950 1341
11249 1342
3047 1343
8406 1344
11835 1345
4545 1346
11054 1347
9757 1348
6783 1349
