1450 1450
7730 0
11610 1
2473 2
7265 3
6219 4
2337 5
10528 6
1943 7
3358 8
8517 9
10542 10
7766 11
8458 12
11704 13
11397 14
8699 15
4386 16
3883 17
2179 18
3399 19
11518 20
10525 21
12735 22
8548 23
10794 24
1752 25
11085 26
5047 27
7240 28
10935 29
9131 30
7075 31
4672 32
1332 33
14208 34
11541 35
6109 36
13316 37
9357 38
10173 39
5614 40
8776 41
7873 42
14080 43
3426 44
11163 45
11544 46
13267 47
783 48
13593 49
2742 50
2260 51
7690 52
4492 53
7888 54
4838 55
567 56
6486 57
12278 58
5127 59
2696 60
13830 61
13709 62
1289 63
10037 64
9094 65
4118 66
10220 67
92 68
5429 69
11328 70
12758 71
13240 72
9788 73
9543 74
2052 75
5359 76
13041 77
7378 78
10251 79
5520 80
989 81
2579 82
9488 83
14500 84
1245 85
11122 86
5666 87
13335 88
8652 89
7695 90
2108 91
14394 92
5480 93
257 94
3314 95
8521 96
8996 97
2618 98
3499 99
3739 100
4656 101
862 102
2877 103
5601 104
12732 105
13354 106
13508 107
5957 108
8138 109
5466 110
10314 111
10492 112
7803 113
4538 114
14357 115
3620 116
12001 117
8126 118
9916 119
2634 120
803 121
11419 122
1543 123
1671 124
2330 125
4105 126
4715 127
10025 128
9531 129
7495 130
1979 131
14459 132
6561 133
12815 134
7852 135
1164 136
5505 137
14124 138
9593 139
10467 140
3987 141
14094 142
9316 143
8780 144
4499 145
9139 146
1420 147
9567 148
7141 149
6538 150
6001 151
2879 152
12651 153
10313 154
9775 155
5870 156
12016 157
13817 158
10135 159
6823 160
13145 161
2200 162
13133 163
4072 164
10539 165
4443 166
10933 167
1155 168
9942 169
8637 170
2819 171
13747 172
2296 173
3884 174
2841 175
10139 176
10770 177
10285 178
1998 179
3518 180
2802 181
10178 182
11326 183
3554 184
5962 185
202 186
10235 187
12179 188
14149 189
7643 190
9232 191
12217 192
8430 193
4972 194
4073 195
13823 196
3021 197
6102 198
6568 199
9172 200
129 201
3072 202
9486 203
2287 204
889 205
7102 206
10736 207
13594 208
3565 209
2464 210
7825 211
11222 212
9911 213
10507 214
12481 215
2698 216
4191 217
6343 218
8612 219
1233 220
3501 221
4919 222
2576 223
3733 224
4300 225
13187 226
4819 227
3853 228
4063 229
10968 230
10207 231
9330 232
4309 233
4325 234
309 235
10287 236
4212 237
8795 238
5709 239
9045 240
3280 241
13418 242
14353 243
12913 244
1232 245
12920 246
3251 247
6022 248
7592 249
9016 250
9233 251
14139 252
9196 253
5677 254
8138 255
13594 256
4282 257
8973 258
6783 259
850 260
5950 261
2782 262
13414 263
7199 264
10920 265
6734 266
3309 267
3477 268
4841 269
4343 270
1798 271
3647 272
8774 273
8730 274
2178 275
11133 276
6525 277
11721 278
12259 279
4969 280
5253 281
13231 282
7708 283
8450 284
11051 285
4360 286
5219 287
1199 288
7799 289
9903 290
3671 291
9930 292
4965 293
7989 294
5705 295
12651 296
9246 297
5815 298
9074 299
12245 300
1920 301
13959 302
8742 303
7501 304
14183 305
6374 306
13915 307
8382 308
5308 309
2887 310
10314 311
13518 312
9584 313
5695 314
10692 315
13899 316
7183 317
3672 318
9497 319
7564 320
7443 321
4121 322
5496 323
10741 324
13307 325
4566 326
10097 327
3094 328
12739 329
4180 330
9819 331
3701 332
11000 333
11271 334
3910 335
9165 336
11813 337
5713 338
10645 339
3053 340
9252 341
3920 342
5548 343
13751 344
7651 345
5305 346
1571 347
3753 348
5572 349
3963 350
5635 351
9188 352
5208 353
3463 354
417 355
12879 356
5757 357
13345 358
758 359
348 360
13780 361
1027 362
11462 363
6870 364
11645 365
14301 366
3643 367
6173 368
13499 369
1872 370
2487 371
1840 372
9264 373
14057 374
4799 375
10491 376
11513 377
8362 378
3319 379
10816 380
11601 381
6518 382
12781 383
8629 384
13387 385
10292 386
9248 387
11761 388
3316 389
1666 390
1993 391
1995 392
7349 393
2783 394
9262 395
12838 396
977 397
13864 398
4492 399
2167 400
9725 401
13500 402
9544 403
12868 404
13239 405
9946 406
8077 407
631 408
10047 409
13730 410
11803 411
5449 412
13530 413
8385 414
3516 415
3503 416
2412 417
14306 418
9007 419
9080 420
3007 421
12461 422
13652 423
4465 424
11431 425
11774 426
3018 427
2359 428
12318 429
12628 430
5832 431
14500 432
7616 433
12393 434
11706 435
7890 436
5659 437
4874 438
4217 439
7406 440
13462 441
11666 442
8982 443
8740 444
7270 445
6414 446
7570 447
7337 448
7312 449
82 450
11449 451
11889 452
827 453
1514 454
9139 455
7342 456
6044 457
12834 458
6801 459
715 460
3796 461
11429 462
11226 463
5941 464
2727 465
6588 466
4235 467
5018 468
5520 469
12565 470
2578 471
6476 472
13696 473
9730 474
8419 475
7207 476
10723 477
9249 478
8247 479
677 480
2835 481
13286 482
11838 483
5291 484
7003 485
11471 486
3651 487
10701 488
9804 489
2186 490
8404 491
6452 492
5593 493
11662 494
5176 495
11349 496
3915 497
771 498
8127 499
12660 500
9957 501
205 502
1252 503
800 504
7232 505
1925 506
5186 507
6017 508
12683 509
6178 510
9062 511
10175 512
4298 513
11814 514
4974 515
6141 516
7869 517
10985 518
11048 519
9154 520
2438 521
2698 522
5122 523
5807 524
7554 525
2424 526
12203 527
7625 528
12361 529
14468 530
12569 531
8157 532
9800 533
12013 534
11252 535
919 536
8413 537
53 538
9967 539
7401 540
11858 541
7754 542
11058 543
3651 544
7342 545
14058 546
6798 547
12917 548
12555 549
3174 550
7853 551
3204 552
2829 553
5566 554
6144 555
6765 556
1274 557
1612 558
3054 559
13534 560
11750 561
6568 562
6994 563
5492 564
7386 565
10638 566
4809 567
6553 568
7233 569
3660 570
1175 571
274 572
753 573
10121 574
557 575
1262 576
6311 577
11340 578
8875 579
372 580
7971 581
5246 582
11530 583
2787 584
5320 585
1356 586
8950 587
2872 588
1878 589
13824 590
3477 591
2521 592
13906 593
278 594
12258 595
9991 596
1414 597
1382 598
6532 599
2892 600
8786 601
11450 602
7661 603
11537 604
6295 605
2573 606
12825 607
7777 608
9056 609
10294 610
7517 611
11065 612
11619 613
5359 614
4772 615
5931 616
12167 617
9293 618
11595 619
1582 620
10732 621
11817 622
10319 623
7694 624
4867 625
521 626
3026 627
5000 628
10002 629
10263 630
9413 631
3948 632
277 633
11794 634
7336 635
2349 636
11417 637
331 638
7573 639
6772 640
8974 641
5710 642
11079 643
2295 644
9570 645
8675 646
13818 647
12985 648
7382 649
672 650
13908 651
752 652
11588 653
12196 654
8108 655
1670 656
13589 657
7866 658
13435 659
1806 660
9588 661
10584 662
3045 663
389 664
11799 665
7211 666
4362 667
17 668
2330 669
9072 670
5075 671
3511 672
3255 673
5072 674
7073 675
7508 676
8074 677
13381 678
12431 679
304 680
180 681
13527 682
10027 683
14055 684
2615 685
6114 686
2621 687
1073 688
12646 689
3132 690
14309 691
6171 692
1068 693
8732 694
6458 695
11435 696
2723 697
12814 698
470 699
7187 700
1315 701
9012 702
11890 703
11467 704
6587 705
13783 706
7967 707
2904 708
7 709
13310 710
1320 711
6576 712
9117 713
10640 714
11508 715
1951 716
752 717
12424 718
11491 719
13053 720
7189 721
4868 722
11418 723
913 724
10625 725
14199 726
12596 727
12179 728
5795 729
11797 730
1782 731
792 732
9758 733
2578 734
4991 735
7420 736
3197 737
6091 738
2484 739
5287 740
1405 741
9011 742
12052 743
8611 744
364 745
11816 746
8368 747
3686 748
12357 749
9157 750
9544 751
9002 752
7404 753
14092 754
2524 755
4852 756
5958 757
7129 758
9672 759
4795 760
11414 761
10740 762
4989 763
13613 764
116 765
6027 766
3720 767
9040 768
9466 769
5985 770
8621 771
11399 772
1639 773
11371 774
4634 775
13108 776
9377 777
13689 778
11470 779
567 780
3525 781
4169 782
1601 783
9216 784
5551 785
13157 786
12618 787
8196 788
6518 789
5866 790
4185 791
7136 792
9713 793
7998 794
260 795
8911 796
5238 797
6083 798
13551 799
9764 800
13631 801
2506 802
8197 803
6384 804
2739 805
12523 806
3386 807
8999 808
5086 809
2145 810
943 811
2232 812
6881 813
9532 814
11081 815
12049 816
8064 817
306 818
4527 819
14045 820
7239 821
13234 822
11528 823
2752 824
1184 825
13385 826
4327 827
13023 828
10064 829
10208 830
6608 831
3496 832
3936 833
8712 834
6700 835
12631 836
9951 837
1439 838
3107 839
5042 840
5509 841
3688 842
10191 843
508 844
9298 845
5732 846
8985 847
11143 848
7533 849
7769 850
9765 851
3711 852
10277 853
13802 854
8621 855
311 856
604 857
7595 858
7578 859
6221 860
2344 861
3122 862
7136 863
6472 864
1888 865
8054 866
11189 867
9755 868
1392 869
4757 870
6970 871
10906 872
4004 873
12206 874
9520 875
5583 876
5940 877
473 878
6635 879
12017 880
3508 881
7223 882
9944 883
1393 884
9375 885
8840 886
12990 887
975 888
9999 889
11827 890
5147 891
9431 892
3962 893
8152 894
504 895
161 896
438 897
5467 898
4851 899
14202 900
11706 901
5075 902
10546 903
772 904
1577 905
6071 906
5227 907
10266 908
7918 909
8459 910
2208 911
1934 912
4779 913
4703 914
6055 915
2209 916
4465 917
4192 918
7831 919
5880 920
12327 921
8666 922
2077 923
11962 924
8571 925
10338 926
2942 927
13676 928
7438 929
1462 930
10852 931
12655 932
2120 933
13340 934
1172 935
6677 936
10578 937
4220 938
10644 939
6778 940
12133 941
13501 942
5177 943
12783 944
9550 945
7092 946
3640 947
13985 948
7474 949
8258 950
4696 951
9356 952
735 953
3205 954
5592 955
7635 956
5618 957
9681 958
9877 959
3067 960
1471 961
7691 962
8584 963
985 964
10660 965
10980 966
155 967
13231 968
10028 969
7610 970
3526 971
2680 972
10108 973
3879 974
12447 975
4375 976
11969 977
12071 978
9039 979
12680 980
3003 981
4509 982
3824 983
10243 984
180 985
11963 986
1525 987
11862 988
1469 989
5647 990
3102 991
13516 992
1503 993
11148 994
8539 995
9819 996
2984 997
8988 998
246 999
7383 1000
11161 1001
1343 1002
13644 1003
12576 1004
4016 1005
13162 1006
6145 1007
13169 1008
11680 1009
11073 1010
9268 1011
6179 1012
3982 1013
12170 1014
10175 1015
13782 1016
12685 1017
9128 1018
7775 1019
11107 1020
7048 1021
7960 1022
3192 1023
11283 1024
12393 1025
6345 1026
2045 1027
3482 1028
10409 1029
2508 1030
11389 1031
5262 1032
4091 1033
12966 1034
5910 1035
5325 1036
4260 1037
1478 1038
12985 1039
8894 1040
2805 1041
11115 1042
4774 1043
1753 1044
3844 1045
12053 1046
7046 1047
8577 1048
9745 1049
5229 1050
1927 1051
10864 1052
7380 1053
1174 1054
14108 1055
9476 1056
11428 1057
2513 1058
1116 1059
14029 1060
7899 1061
76 1062
13692 1063
3624 1064
6308 1065
5970 1066
718 1067
3872 1068
10910 1069
393 1070
11148 1071
65 1072
12529 1073
1793 1074
643 1075
1172 1076
6483 1077
6780 1078
9817 1079
12611 1080
2369 1081
10300 1082
4814 1083
5678 1084
6440 1085
1604 1086
560 1087
13409 1088
6802 1089
10375 1090
4774 1091
1391 1092
9574 1093
6549 1094
3676 1095
767 1096
7887 1097
12868 1098
3983 1099
5403 1100
4854 1101
8397 1102
11611 1103
7073 1104
8540 1105
7714 1106
5325 1107
534 1108
5971 1109
12937 1110
2928 1111
4386 1112
3894 1113
3551 1114
2484 1115
1250 1116
5714 1117
11024 1118
6295 1119
11640 1120
2952 1121
3930 1122
3780 1123
11620 1124
10141 1125
8383 1126
11598 1127
14276 1128
7156 1129
8471 1130
12107 1131
6802 1132
4963 1133
3965 1134
40 1135
2525 1136
2770 1137
14421 1138
11215 1139
2275 1140
2387 1141
3753 1142
5119 1143
8304 1144
3975 1145
10156 1146
6106 1147
6003 1148
11418 1149
3531 1150
12197 1151
2938 1152
2196 1153
1653 1154
8479 1155
6414 1156
13552 1157
13274 1158
5670 1159
6506 1160
2765 1161
11509 1162
3844 1163
3032 1164
12042 1165
13528 1166
9951 1167
9213 1168
8239 1169
12174 1170
13869 1171
10111 1172
7303 1173
10964 1174
1194 1175
6904 1176
5174 1177
3603 1178
307 1179
5824 1180
12426 1181
5692 1182
8354 1183
13161 1184
3686 1185
10685 1186
2255 1187
14188 1188
9740 1189
9231 1190
12673 1191
3353 1192
6109 1193
3797 1194
11672 1195
8764 1196
8210 1197
12178 1198
12167 1199
12860 1200
6120 1201
11400 1202
2500 1203
14336 1204
7242 1205
5752 1206
3549 1207
5573 1208
8718 1209
8459 1210
5117 1211
5520 1212
13460 1213
10039 1214
6883 1215
23 1216
14210 1217
7046 1218
1307 1219
2605 1220
7293 1221
12838 1222
8615 1223
9781 1224
7315 1225
6680 1226
11252 1227
1777 1228
5073 1229
13323 1230
14204 1231
5131 1232
11498 1233
1727 1234
4938 1235
5785 1236
13733 1237
13031 1238
6372 1239
5151 1240
7320 1241
10168 1242
9136 1243
12416 1244
11200 1245
13422 1246
5854 1247
3864 1248
13695 1249
7503 1250
2340 1251
4967 1252
11045 1253
13395 1254
10253 1255
5342 1256
14114 1257
13934 1258
634 1259
5282 1260
5163 1261
13139 1262
10513 1263
5196 1264
779 1265
10649 1266
3658 1267
3809 1268
13420 1269
13528 1270
5341 1271
6868 1272
12098 1273
6520 1274
12588 1275
1893 1276
11361 1277
12602 1278
11339 1279
13061 1280
2466 1281
7480 1282
5652 1283
1004 1284
1698 1285
5383 1286
11936 1287
9818 1288
8378 1289
9375 1290
1396 1291
3631 1292
11372 1293
12836 1294
1986 1295
8721 1296
6953 1297
7511 1298
10691 1299
3719 1300
10543 1301
2215 1302
10930 1303
11126 1304
6295 1305
7188 1306
8683 1307
9495 1308
9841 1309
2889 1310
6 1311
13381 1312
2250 1313
3615 1314
13878 1315
12278 1316
2130 1317
7613 1318
8753 1319
6521 1320
9832 1321
12421 1322
12978 1323
13389 1324
8421 1325
14116 1326
14041 1327
11523 1328
6636 1329
4176 1330
207 1331
3626 1332
8460 1333
7433 1334
882 1335
9831 1336
9299 1337
403 1338
9637 1339
128 1340
319 1341
5931 1342
9511 1343
954 1344
4649 1345
6556 1346
6200 1347
3077 1348
1464 1349
4926 1350
6636 1351
4593 1352
13775 1353
287 1354
4725 1355
9290 1356
9307 1357
6855 1358
6723 1359
10176 1360
4206 1361
10717 1362
13085 1363
9594 1364
2363 1365
1380 1366
11355 1367
9359 1368
8876 1369
13097 1370
9899 1371
13514 1372
7454 1373
4325 1374
5559 1375
12530 1376
1244 1377
13934 1378
3088 1379
2191 1380
6230 1381
3208 1382
6301 1383
11758 1384
2999 1385
6983 1386
13066 1387
914 1388
1869 1389
1090 1390
9505 1391
11346 1392
1508 1393
2873 1394
2451 1395
11727 1396
9738 1397
13951 1398
8024 1399
1193 1400
1802 1401
10521 1402
7584 1403
8751 1404
2417 1405
6178 1406
9804 1407
9209 1408
9918 1409
14476 1410
646 1411
8547 1412
8879 1413
12509 1414
6187 1415
10156 1416
10584 1417
12909 1418
6182 1419
6405 1420
5043 1421
12952 1422
7963 1423
5606 1424
756 1425
12088 1426
7229 1427
4891 1428
13006 1429
8426 1430
5101 1431
11728 1432
10655 1433
2767 1434
6528 1435
14033 1436
6703 1437
12007 1438
1635 1439
750 1440
13170 1441
11985 1442
2894 1443
9848 1444
12411 1445
7255 1446
7656 1447
14201 1448
3614 1449
