1500 350
11222 0
1050 1
12453 2
3616 3
2536 4
5044 5
4955 6
4583 7
8735 8
3739 9
551 10
5285 11
8390 12
12537 13
2761 14
2751 15
1704 16
7967 17
10070 18
5036 19
8660 20
3675 21
13691 22
2972 23
7980 24
4043 25
11243 26
5499 27
12969 28
1133 29
11742 30
3081 31
8009 32
406 33
8751 34
9742 35
5903 36
12585 37
9517 38
10601 39
8123 40
14293 41
7582 42
9805 43
5750 44
1263 45
13641 46
13500 47
6581 48
1442 49
5750 50
14159 51
370 52
1246 53
13192 54
6172 55
8566 56
8646 57
2915 58
13744 59
3785 60
13882 61
6225 62
9066 63
8546 64
8232 65
487 66
5781 67
9688 68
1016 69
14844 70
1555 71
13973 72
7602 73
3198 74
14406 75
12439 76
706 77
5107 78
13137 79
6305 80
1746 81
12081 82
13184 83
897 84
13992 85
8013 86
8028 87
8884 88
13568 89
3915 90
10252 91
29 92
11893 93
5933 94
11587 95
7013 96
8179 97
14127 98
7692 99
3794 100
8855 101
12928 102
1271 103
11433 104
2541 105
11500 106
525 107
13165 108
7266 109
694 110
5584 111
14584 112
12262 113
6975 114
4710 115
7376 116
8913 117
14293 118
5619 119
7206 120
8823 121
4363 122
11180 123
12152 124
11050 125
12577 126
11722 127
6064 128
11680 129
14211 130
11736 131
346 132
7334 133
9687 134
1420 135
3217 136
633 137
12705 138
322 139
6906 140
11493 141
1669 142
9256 143
13190 144
7200 145
10366 146
7296 147
564 148
12119 149
6956 150
7666 151
1737 152
11732 153
8071 154
269 155
1294 156
3081 157
400 158
3210 159
14578 160
5920 161
10181 162
127 163
12226 164
13592 165
2836 166
9989 167
7591 168
8852 169
12034 170
13359 171
14961 172
14009 173
470 174
13775 175
4347 176
10314 177
10972 178
165 179
3579 180
9854 181
2730 182
8654 183
957 184
3853 185
259 186
13861 187
13100 188
7943 189
12094 190
5137 191
14170 192
3600 193
13687 194
12827 195
11263 196
5983 197
977 198
5791 199
8522 200
14611 201
11998 202
13806 203
1154 204
1258 205
14697 206
4571 207
2115 208
10567 209
8771 210
10611 211
5571 212
818 213
7669 214
12154 215
2978 216
1878 217
786 218
950 219
9294 220
1506 221
6288 222
158 223
10057 224
14158 225
5901 226
7278 227
8111 228
3783 229
425 230
8928 231
13313 232
8980 233
496 234
4388 235
11717 236
4427 237
4400 238
11347 239
14142 240
10452 241
3148 242
1470 243
13017 244
4011 245
8366 246
2862 247
7240 248
7643 249
4979 250
13 251
1498 252
773 253
5011 254
5916 255
10707 256
13864 257
4960 258
5506 259
14886 260
14176 261
4431 262
4840 263
11055 264
10499 265
3901 266
13609 267
355 268
8624 269
1505 270
9058 271
3577 272
7144 273
10801 274
5284 275
2601 276
188 277
9819 278
10653 279
3775 280
2476 281
7003 282
772 283
13160 284
1623 285
2054 286
1125 287
6085 288
14547 289
1786 290
1325 291
10748 292
5736 293
13517 294
8888 295
7703 296
14826 297
5288 298
13738 299
14864 300
7104 301
11311 302
4804 303
4746 304
5677 305
9905 306
34 307
7504 308
11698 309
121 310
1784 311
14880 312
2123 313
2940 314
8178 315
9531 316
5806 317
1797 318
7705 319
5236 320
5873 321
4953 322
467 323
14665 324
14807 325
13542 326
8103 327
14554 328
7968 329
9131 330
304 331
1134 332
8077 333
11708 334
2752 335
7121 336
4968 337
2398 338
14294 339
1974 340
6531 341
5611 342
325 343
5923 344
2450 345
1440 346
2107 347
7278 348
14593 349
4469 350
8035 351
7791 352
556 353
5962 354
2743 355
4697 356
11653 357
11067 358
3375 359
8552 360
693 361
6186 362
4574 363
4617 364
3295 365
13019 366
6415 367
14930 368
13224 369
8600 370
7225 371
14425 372
2842 373
6734 374
1687 375
177 376
9518 377
1413 378
4540 379
11387 380
12820 381
11690 382
14327 383
9427 384
7506 385
2351 386
6380 387
651 388
914 389
1422 390
7270 391
4401 392
14588 393
1730 394
5326 395
4032 396
8558 397
13553 398
3162 399
3158 400
10600 401
792 402
3030 403
9267 404
6019 405
7640 406
9555 407
12825 408
9342 409
9641 410
5930 411
223 412
8135 413
1534 414
452 415
4127 416
11348 417
12194 418
13779 419
6818 420
9467 421
743 422
5596 423
13894 424
13009 425
7988 426
8482 427
285 428
2397 429
2573 430
7642 431
11800 432
3259 433
1310 434
6667 435
14418 436
6575 437
6510 438
11054 439
10043 440
5164 441
6473 442
3158 443
14254 444
9482 445
5081 446
10428 447
4590 448
8208 449
14401 450
8242 451
12585 452
12865 453
4764 454
4997 455
12261 456
3413 457
1965 458
1562 459
10875 460
9421 461
13609 462
12349 463
9019 464
1808 465
8957 466
1570 467
7459 468
9866 469
13982 470
3089 471
1281 472
14209 473
3782 474
6679 475
2084 476
13253 477
6347 478
12876 479
9988 480
918 481
5143 482
6315 483
3060 484
10809 485
13009 486
301 487
8357 488
12160 489
12764 490
3514 491
4246 492
11900 493
10660 494
2509 495
7381 496
3712 497
9520 498
367 499
6735 500
8641 501
6776 502
11402 503
6761 504
14198 505
5479 506
8989 507
11155 508
9114 509
14379 510
5085 511
8017 512
6042 513
8308 514
9892 515
578 516
3363 517
10680 518
12239 519
8973 520
3614 521
7746 522
14873 523
13920 524
2536 525
11467 526
4252 527
4398 528
14934 529
9925 530
1496 531
9641 532
5880 533
12627 534
14045 535
10123 536
14712 537
14535 538
12057 539
13928 540
2403 541
5443 542
10436 543
12931 544
2850 545
1765 546
6754 547
4850 548
12916 549
4485 550
9262 551
1799 552
12557 553
14781 554
12195 555
1796 556
11743 557
3735 558
9949 559
5539 560
11733 561
7135 562
7835 563
2199 564
642 565
6873 566
3904 567
8092 568
4572 569
7283 570
13143 571
5037 572
685 573
3968 574
14167 575
10280 576
3391 577
1943 578
14287 579
10326 580
11809 581
500 582
9402 583
2453 584
2821 585
5573 586
10690 587
1133 588
5340 589
12658 590
12821 591
2382 592
8882 593
1648 594
7960 595
869 596
8001 597
121 598
12296 599
13703 600
9812 601
6584 602
1480 603
1925 604
4640 605
14997 606
5794 607
1306 608
13865 609
10967 610
14967 611
5522 612
11802 613
766 614
10193 615
4004 616
1682 617
12311 618
11698 619
3232 620
5839 621
8733 622
4050 623
3352 624
5745 625
12216 626
2727 627
13424 628
10444 629
803 630
12968 631
8399 632
11114 633
4540 634
2957 635
3216 636
3743 637
14243 638
13598 639
11326 640
7711 641
6212 642
136 643
3554 644
3139 645
9225 646
8769 647
11199 648
13652 649
3842 650
1745 651
9165 652
4924 653
7282 654
8737 655
7528 656
7663 657
7014 658
10011 659
7970 660
11405 661
11122 662
4905 663
10748 664
4178 665
3329 666
6114 667
308 668
12158 669
7920 670
1573 671
7641 672
10384 673
2008 674
1836 675
9350 676
13677 677
1824 678
7503 679
6532 680
7039 681
6085 682
5823 683
11799 684
11577 685
560 686
8532 687
13666 688
5879 689
9122 690
5381 691
7090 692
5808 693
7087 694
9859 695
11647 696
2719 697
12306 698
12360 699
14350 700
9053 701
3983 702
1678 703
336 704
9612 705
8913 706
10188 707
14912 708
12622 709
14041 710
4510 711
11224 712
13584 713
12188 714
2901 715
401 716
13571 717
5312 718
5905 719
11170 720
7715 721
366 722
8859 723
2520 724
2091 725
8206 726
4446 727
6097 728
1633 729
3812 730
10448 731
2659 732
162 733
11493 734
11584 735
2595 736
7126 737
11367 738
6004 739
6014 740
996 741
3186 742
860 743
1585 744
5836 745
13205 746
9396 747
9919 748
448 749
6458 750
4354 751
4569 752
2255 753
14011 754
11018 755
1031 756
44 757
13873 758
14176 759
10812 760
3587 761
11652 762
13069 763
13696 764
419 765
5208 766
14223 767
10317 768
11090 769
14023 770
7430 771
14018 772
9765 773
13714 774
1022 775
7072 776
8850 777
1871 778
14010 779
11580 780
9214 781
7224 782
11519 783
5477 784
7233 785
10587 786
9860 787
10408 788
6906 789
6404 790
14505 791
3827 792
7031 793
3506 794
1354 795
3824 796
12218 797
4383 798
13173 799
8641 800
9856 801
7135 802
2761 803
5411 804
5395 805
9018 806
13351 807
4971 808
3203 809
4142 810
3032 811
11634 812
1605 813
13874 814
11637 815
11786 816
2857 817
12456 818
13990 819
12334 820
7899 821
8854 822
11147 823
4019 824
2276 825
12939 826
14606 827
10247 828
8756 829
13646 830
12545 831
7115 832
1320 833
1202 834
9893 835
5032 836
4976 837
8104 838
9802 839
14321 840
5260 841
11558 842
13082 843
8181 844
3443 845
6419 846
12416 847
6335 848
3385 849
3003 850
983 851
3777 852
9408 853
13474 854
5619 855
8700 856
12004 857
6868 858
14645 859
5452 860
3405 861
7251 862
8828 863
9945 864
11177 865
9310 866
14558 867
2023 868
14197 869
2482 870
14963 871
9773 872
14234 873
14465 874
1292 875
11028 876
3991 877
1358 878
4404 879
1171 880
13625 881
4578 882
1931 883
7893 884
4626 885
4837 886
11083 887
9905 888
11296 889
13702 890
6758 891
7521 892
11984 893
12670 894
11392 895
8164 896
10518 897
12026 898
14910 899
1652 900
2904 901
5649 902
8505 903
12403 904
3493 905
48 906
4036 907
14114 908
14251 909
3633 910
14588 911
12807 912
10201 913
8353 914
6179 915
14596 916
1741 917
4317 918
5215 919
7585 920
10367 921
2630 922
2343 923
4054 924
3105 925
2701 926
4002 927
12192 928
1848 929
7374 930
11230 931
13586 932
8049 933
11280 934
10901 935
2383 936
11284 937
3157 938
6185 939
9454 940
8515 941
4534 942
12914 943
10753 944
1079 945
11979 946
5378 947
5139 948
12449 949
6643 950
2043 951
2197 952
5643 953
611 954
8286 955
6314 956
11787 957
1555 958
3757 959
3759 960
11251 961
11437 962
14125 963
6403 964
9272 965
7233 966
14411 967
1852 968
10475 969
10473 970
12380 971
6263 972
13620 973
8015 974
4186 975
11216 976
3540 977
2508 978
8082 979
3873 980
9547 981
3967 982
11147 983
10778 984
8448 985
2203 986
12637 987
4798 988
3760 989
5569 990
10665 991
8840 992
651 993
6408 994
9147 995
9769 996
1468 997
12011 998
13007 999
8854 1000
9552 1001
963 1002
278 1003
6103 1004
10221 1005
12141 1006
6527 1007
6570 1008
10195 1009
7514 1010
12173 1011
9397 1012
2808 1013
4432 1014
582 1015
92 1016
13837 1017
6155 1018
6912 1019
3067 1020
12237 1021
5862 1022
3648 1023
4481 1024
7680 1025
9364 1026
7127 1027
8991 1028
12398 1029
8876 1030
6014 1031
2334 1032
13133 1033
4301 1034
14938 1035
12404 1036
3625 1037
8606 1038
2595 1039
5511 1040
14214 1041
14436 1042
7871 1043
1901 1044
6230 1045
11259 1046
589 1047
9466 1048
11106 1049
3902 1050
4842 1051
11260 1052
4757 1053
5033 1054
4591 1055
9498 1056
5762 1057
4699 1058
5685 1059
1215 1060
12884 1061
5578 1062
4209 1063
2380 1064
12165 1065
6293 1066
9394 1067
12558 1068
4329 1069
8073 1070
9961 1071
1797 1072
13761 1073
13159 1074
10987 1075
14710 1076
7232 1077
5374 1078
1114 1079
6007 1080
103 1081
9944 1082
3151 1083
2294 1084
12432 1085
5016 1086
8553 1087
2680 1088
12074 1089
12286 1090
7941 1091
6560 1092
6631 1093
13079 1094
12045 1095
12959 1096
7646 1097
12872 1098
13479 1099
317 1100
1021 1101
5893 1102
12525 1103
940 1104
6082 1105
6896 1106
8451 1107
13130 1108
7691 1109
13906 1110
376 1111
14188 1112
1243 1113
2707 1114
1799 1115
89 1116
604 1117
6854 1118
12884 1119
4919 1120
2994 1121
12033 1122
11807 1123
11106 1124
8678 1125
2308 1126
7890 1127
6278 1128
5873 1129
14536 1130
1835 1131
13242 1132
2426 1133
4397 1134
10379 1135
4607 1136
12104 1137
667 1138
14644 1139
7799 1140
6755 1141
11920 1142
14225 1143
425 1144
11647 1145
8852 1146
12622 1147
14451 1148
3014 1149
13317 1150
8981 1151
653 1152
10830 1153
13858 1154
9581 1155
11608 1156
14565 1157
2367 1158
4312 1159
12627 1160
5578 1161
13355 1162
2073 1163
4817 1164
6786 1165
3043 1166
854 1167
5620 1168
250 1169
161 1170
5705 1171
7222 1172
4668 1173
3646 1174
6898 1175
9458 1176
1789 1177
406 1178
4337 1179
13826 1180
14796 1181
14621 1182
12658 1183
6279 1184
2145 1185
8113 1186
13869 1187
13338 1188
4157 1189
18 1190
13077 1191
7890 1192
2192 1193
11968 1194
4411 1195
2714 1196
13705 1197
10205 1198
12717 1199
10321 1200
1517 1201
6546 1202
1354 1203
12177 1204
9393 1205
8314 1206
10159 1207
2980 1208
14605 1209
5075 1210
199 1211
11055 1212
14442 1213
14555 1214
12905 1215
3822 1216
7531 1217
6219 1218
3123 1219
10985 1220
6009 1221
11560 1222
11344 1223
12402 1224
11842 1225
6446 1226
13256 1227
9657 1228
3662 1229
8105 1230
6934 1231
14667 1232
3926 1233
5332 1234
14845 1235
5840 1236
858 1237
4146 1238
11908 1239
8952 1240
8771 1241
1461 1242
3828 1243
13379 1244
13197 1245
1200 1246
7855 1247
7494 1248
4987 1249
9669 1250
11511 1251
12475 1252
11561 1253
2922 1254
2898 1255
1857 1256
14372 1257
8592 1258
4091 1259
2483 1260
13503 1261
3672 1262
13916 1263
9183 1264
72 1265
8764 1266
11710 1267
1345 1268
6604 1269
7491 1270
11721 1271
8291 1272
2355 1273
4148 1274
8609 1275
14871 1276
1598 1277
11003 1278
10722 1279
2286 1280
14974 1281
8775 1282
466 1283
2534 1284
6051 1285
9722 1286
13153 1287
13486 1288
5732 1289
631 1290
13369 1291
7428 1292
8636 1293
12086 1294
12171 1295
1005 1296
731 1297
3397 1298
7573 1299
11439 1300
7330 1301
7962 1302
8713 1303
12261 1304
10246 1305
3348 1306
7253 1307
9713 1308
3556 1309
13429 1310
9368 1311
3060 1312
8400 1313
11306 1314
10233 1315
1780 1316
6961 1317
14033 1318
2135 1319
8023 1320
422 1321
9583 1322
225 1323
1233 1324
9371 1325
2932 1326
7794 1327
2012 1328
808 1329
10647 1330
7852 1331
8819 1332
4437 1333
14186 1334
888 1335
14907 1336
13799 1337
8347 1338
4680 1339
12466 1340
14518 1341
7191 1342
11308 1343
13761 1344
7916 1345
5370 1346
12667 1347
11370 1348
13433 1349
9102 1350
14225 1351
13204 1352
6192 1353
2436 1354
5900 1355
4954 1356
12526 1357
2019 1358
5082 1359
3213 1360
6523 1361
804 1362
1893 1363
14394 1364
10796 1365
8023 1366
14279 1367
5759 1368
162 1369
6381 1370
5739 1371
7588 1372
12614 1373
5122 1374
14194 1375
13585 1376
12020 1377
1286 1378
10727 1379
9571 1380
14569 1381
739 1382
6286 1383
9539 1384
8481 1385
9312 1386
7528 1387
9833 1388
14074 1389
9951 1390
2323 1391
10598 1392
9712 1393
2596 1394
13764 1395
2333 1396
1139 1397
12008 1398
8057 1399
9272 1400
13866 1401
8712 1402
10337 1403
13079 1404
8751 1405
9051 1406
10818 1407
12529 1408
157 1409
7539 1410
7687 1411
3720 1412
11090 1413
13724 1414
13669 1415
2699 1416
7342 1417
5362 1418
12513 1419
6590 1420
998 1421
7409 1422
3658 1423
9046 1424
11657 1425
5884 1426
1167 1427
12525 1428
3433 1429
6399 1430
1999 1431
575 1432
3067 1433
9440 1434
9924 1435
5918 1436
3507 1437
119 1438
8972 1439
3765 1440
2128 1441
6668 1442
3476 1443
3209 1444
8457 1445
8848 1446
5900 1447
9012 1448
11333 1449
5358 1450
13544 1451
8599 1452
10993 1453
8291 1454
13570 1455
8716 1456
9122 1457
4658 1458
831 1459
819 1460
6252 1461
14748 1462
1110 1463
10924 1464
1499 1465
13830 1466
1550 1467
2105 1468
6032 1469
3726 1470
651 1471
515 1472
14891 1473
3375 1474
211 1475
11996 1476
13933 1477
11102 1478
10524 1479
2322 1480
11374 1481
14012 1482
5559 1483
14477 1484
5633 1485
279 1486
12831 1487
5508 1488
192 1489
8627 1490
7772 1491
6236 1492
5043 1493
10002 1494
4314 1495
4909 1496
3158 1497
13233 1498
8303 1499
