1250 650
8265 0
660 1
1271 2
6289 3
10044 4
2191 5
7397 6
7104 7
7403 8
9010 9
12032 10
11315 11
2528 12
9301 13
6815 14
1964 15
5114 16
2078 17
6478 18
2268 19
12305 20
1867 21
2435 22
2512 23
4123 24
8322 25
6921 26
1822 27
2192 28
6890 29
3258 30
11940 31
11439 32
10041 33
5654 34
1223 35
6982 36
11709 37
7645 38
10981 39
3260 40
294 41
9898 42
5125 43
2633 44
4668 45
8217 46
6697 47
5123 48
294 49
5630 50
11448 51
6355 52
6817 53
9344 54
1087 55
2086 56
588 57
7529 58
2320 59
4346 60
4972 61
6193 62
2550 63
11934 64
6621 65
3566 66
9228 67
7001 68
696 69
835 70
8882 71
9035 72
1528 73
6446 74
7379 75
2825 76
11277 77
9855 78
2889 79
8010 80
1096 81
9324 82
6005 83
4466 84
9441 85
8214 86
2699 87
8399 88
2073 89
7211 90
12120 91
1222 92
3626 93
10085 94
5114 95
11012 96
3098 97
3213 98
2563 99
1049 100
5024 101
6301 102
11559 103
5679 104
2424 105
1068 106
9907 107
9801 108
9899 109
7974 110
12143 111
4214 112
2466 113
11695 114
3970 115
6017 116
11897 117
10788 118
7268 119
6351 120
7239 121
7208 122
10023 123
10217 124
7388 125
3885 126
2786 127
11346 128
3306 129
6016 130
12087 131
5283 132
4043 133
4918 134
2232 135
10440 136
9627 137
518 138
5004 139
4818 140
346 141
2744 142
7597 143
9198 144
6157 145
1718 146
11610 147
2382 148
7840 149
3061 150
3621 151
11496 152
8752 153
8542 154
5091 155
6016 156
11733 157
10544 158
3580 159
809 160
623 161
12261 162
10327 163
1889 164
1635 165
4188 166
3799 167
11758 168
11103 169
4490 170
9151 171
8561 172
7602 173
3262 174
4019 175
3536 176
7038 177
7190 178
1241 179
2507 180
3261 181
5360 182
5024 183
5757 184
5474 185
673 186
5665 187
3746 188
9316 189
6416 190
7703 191
4698 192
10195 193
6420 194
90 195
11564 196
3338 197
1412 198
5487 199
5167 200
238 201
11776 202
11687 203
1080 204
4148 205
3563 206
588 207
10159 208
740 209
4182 210
10517 211
4944 212
12329 213
1218 214
6414 215
7738 216
9024 217
9013 218
9167 219
8138 220
3089 221
4491 222
12024 223
2708 224
6619 225
9071 226
12451 227
2030 228
787 229
6417 230
10846 231
5028 232
10241 233
6362 234
5549 235
8876 236
11004 237
11217 238
11851 239
6316 240
1374 241
9835 242
2123 243
3658 244
2000 245
9664 246
5852 247
2752 248
10399 249
12160 250
1076 251
3234 252
3407 253
906 254
11608 255
5115 256
10598 257
9431 258
11485 259
1281 260
8464 261
8940 262
3759 263
3561 264
3365 265
7661 266
7373 267
271 268
10324 269
6629 270
2802 271
9355 272
10257 273
4852 274
11075 275
10597 276
11343 277
3906 278
9598 279
7794 280
4983 281
9857 282
5192 283
824 284
8660 285
10201 286
9152 287
5715 288
4244 289
5418 290
2645 291
10490 292
117 293
6641 294
12187 295
11383 296
4946 297
9307 298
3812 299
5429 300
1016 301
5050 302
10099 303
7819 304
9727 305
5049 306
11547 307
2466 308
6227 309
11340 310
12269 311
4381 312
1217 313
622 314
10735 315
3790 316
283 317
4096 318
10055 319
7667 320
6177 321
195 322
6802 323
1757 324
9896 325
1659 326
10909 327
11163 328
5708 329
3803 330
2987 331
3488 332
2850 333
523 334
7143 335
4238 336
12043 337
4766 338
1246 339
9512 340
6400 341
321 342
1360 343
2002 344
3400 345
1045 346
8910 347
5403 348
2226 349
5950 350
4602 351
10719 352
11219 353
3382 354
11897 355
2177 356
4829 357
1907 358
4847 359
10618 360
907 361
11931 362
970 363
7609 364
8974 365
9979 366
11807 367
732 368
1021 369
6184 370
11417 371
8544 372
6530 373
11405 374
3313 375
11925 376
10745 377
11139 378
8964 379
6264 380
9476 381
10575 382
1583 383
1952 384
2712 385
2331 386
8722 387
4514 388
11415 389
1397 390
11853 391
5205 392
725 393
975 394
547 395
6333 396
7763 397
5140 398
1549 399
978 400
1760 401
2321 402
11393 403
347 404
11044 405
3031 406
3020 407
9710 408
3553 409
68 410
8769 411
5655 412
4668 413
2842 414
4995 415
1430 416
5309 417
11700 418
684 419
9415 420
9065 421
3140 422
6081 423
1641 424
1913 425
7426 426
8898 427
1859 428
1807 429
4667 430
1691 431
6177 432
5857 433
1370 434
1799 435
11732 436
7039 437
5319 438
11337 439
6562 440
3589 441
11953 442
12161 443
7076 444
7288 445
2399 446
9767 447
12101 448
4278 449
7429 450
3460 451
798 452
8141 453
5954 454
739 455
6728 456
2129 457
1933 458
11638 459
1502 460
4622 461
7534 462
1034 463
5811 464
4534 465
5912 466
2911 467
6626 468
6370 469
3692 470
7486 471
10430 472
6827 473
2521 474
3403 475
1396 476
10424 477
11448 478
8810 479
5398 480
1654 481
3823 482
5164 483
10685 484
10687 485
3595 486
8344 487
6157 488
4400 489
7910 490
4779 491
9277 492
9181 493
4780 494
1458 495
4876 496
8549 497
569 498
8545 499
11326 500
5132 501
6543 502
4589 503
954 504
12336 505
9351 506
233 507
1533 508
4602 509
2162 510
1788 511
10609 512
9539 513
5081 514
11912 515
1778 516
9239 517
1571 518
2172 519
2721 520
325 521
8972 522
4344 523
4948 524
9401 525
12329 526
3447 527
6742 528
2273 529
12315 530
12055 531
8394 532
1872 533
858 534
11590 535
5819 536
6324 537
8772 538
969 539
10929 540
5131 541
12197 542
6357 543
2295 544
2033 545
3653 546
4313 547
5101 548
439 549
4860 550
4364 551
2143 552
9915 553
3634 554
11143 555
8902 556
3347 557
559 558
2480 559
11960 560
2645 561
10037 562
4344 563
1002 564
6436 565
10839 566
11917 567
7122 568
11109 569
4886 570
5655 571
5959 572
4097 573
1343 574
2030 575
8166 576
3093 577
6730 578
10100 579
11496 580
640 581
8385 582
9675 583
2053 584
4433 585
11134 586
4393 587
9347 588
8362 589
4393 590
11356 591
11488 592
3820 593
6560 594
11932 595
9880 596
6853 597
1366 598
7187 599
5419 600
8612 601
11033 602
7414 603
2314 604
4610 605
5813 606
6215 607
1923 608
1343 609
2798 610
8788 611
4026 612
2458 613
5148 614
6362 615
8029 616
3648 617
2542 618
1210 619
9830 620
2567 621
4032 622
5229 623
1610 624
6268 625
298 626
5925 627
4228 628
1070 629
8418 630
8202 631
10319 632
2461 633
1045 634
10669 635
4796 636
11041 637
6975 638
8680 639
5431 640
8590 641
2914 642
5152 643
1303 644
501 645
2041 646
11854 647
9604 648
4525 649
6285 650
6202 651
2662 652
3889 653
10102 654
429 655
7586 656
5295 657
8189 658
1909 659
12258 660
9002 661
10713 662
6599 663
3935 664
1980 665
3867 666
11885 667
8255 668
7844 669
5852 670
5367 671
5934 672
8572 673
10610 674
10502 675
4687 676
778 677
12239 678
1485 679
9381 680
7600 681
7071 682
461 683
4796 684
5085 685
2013 686
4768 687
10685 688
4666 689
8569 690
9973 691
2881 692
8766 693
7906 694
6023 695
4971 696
7851 697
3881 698
4343 699
4438 700
1259 701
12139 702
983 703
9743 704
3502 705
2097 706
8462 707
6902 708
5451 709
6077 710
8688 711
5287 712
10427 713
3931 714
11628 715
12237 716
9702 717
9520 718
8512 719
6416 720
1556 721
4410 722
4325 723
3206 724
192 725
7502 726
3096 727
5698 728
11384 729
4931 730
4867 731
879 732
6599 733
1760 734
3129 735
324 736
10397 737
84 738
7375 739
777 740
1811 741
7081 742
9494 743
6384 744
7687 745
4279 746
11742 747
489 748
946 749
10647 750
10483 751
6784 752
7565 753
3827 754
11867 755
11125 756
10154 757
4192 758
10207 759
1300 760
7685 761
7714 762
6767 763
10402 764
10668 765
4232 766
2155 767
7928 768
8372 769
6179 770
655 771
3124 772
4698 773
9076 774
2915 775
9814 776
8757 777
10854 778
5903 779
1322 780
3237 781
2439 782
12304 783
99 784
9051 785
3082 786
401 787
8068 788
11195 789
2945 790
2965 791
1902 792
7749 793
7031 794
680 795
5364 796
10874 797
2786 798
10249 799
10897 800
2830 801
11872 802
8121 803
7035 804
4785 805
9883 806
5909 807
4107 808
9417 809
7127 810
10125 811
7890 812
8727 813
1756 814
9931 815
3521 816
2543 817
10412 818
4608 819
9887 820
1334 821
5642 822
6524 823
2257 824
3018 825
5528 826
6001 827
10534 828
2816 829
4139 830
8310 831
11101 832
7934 833
507 834
3781 835
11944 836
3112 837
6365 838
10285 839
1992 840
7574 841
9019 842
1801 843
1737 844
4328 845
8469 846
9688 847
6072 848
10867 849
4543 850
7505 851
3706 852
4189 853
10981 854
3303 855
7362 856
345 857
9172 858
5478 859
1422 860
3104 861
9563 862
9471 863
10140 864
9988 865
1829 866
11578 867
11133 868
7446 869
2338 870
10823 871
5453 872
6097 873
4320 874
9619 875
1052 876
2398 877
11732 878
3707 879
6927 880
1533 881
5029 882
2588 883
7239 884
7110 885
11463 886
8474 887
7503 888
2195 889
7588 890
1290 891
8876 892
1916 893
7894 894
9001 895
7493 896
6999 897
4807 898
6654 899
43 900
9945 901
7979 902
7692 903
808 904
11010 905
1488 906
10416 907
8730 908
9100 909
11321 910
7494 911
11976 912
8340 913
7397 914
3380 915
5298 916
11630 917
9676 918
8584 919
4725 920
8939 921
5231 922
5581 923
2091 924
614 925
2645 926
4468 927
7669 928
779 929
1126 930
5284 931
8814 932
12088 933
11615 934
11568 935
1228 936
12169 937
9996 938
5277 939
122 940
1918 941
12418 942
2016 943
3143 944
11725 945
10659 946
2774 947
6279 948
12186 949
5944 950
11964 951
6871 952
5096 953
3167 954
1667 955
8275 956
2104 957
7230 958
1112 959
1503 960
8393 961
11040 962
9343 963
3885 964
8321 965
7835 966
7989 967
9972 968
6655 969
2209 970
4848 971
10016 972
8998 973
2663 974
11347 975
11929 976
6350 977
5402 978
1481 979
10393 980
11816 981
9366 982
9332 983
8970 984
703 985
6727 986
4604 987
3160 988
2565 989
8674 990
12016 991
12480 992
1922 993
6555 994
2378 995
2064 996
5178 997
780 998
10824 999
1742 1000
7654 1001
1228 1002
5493 1003
8474 1004
5264 1005
5230 1006
8093 1007
3720 1008
7626 1009
3750 1010
11166 1011
3223 1012
9469 1013
1605 1014
6559 1015
7970 1016
10714 1017
1960 1018
1466 1019
4843 1020
8832 1021
7306 1022
9776 1023
3090 1024
6378 1025
9147 1026
8580 1027
5291 1028
8761 1029
10393 1030
11394 1031
314 1032
8038 1033
2345 1034
553 1035
10344 1036
8070 1037
11180 1038
2502 1039
11839 1040
7727 1041
2461 1042
8649 1043
5735 1044
20 1045
4498 1046
11441 1047
2389 1048
5316 1049
3403 1050
1806 1051
311 1052
3656 1053
285 1054
8957 1055
10231 1056
11982 1057
1840 1058
6622 1059
9498 1060
8065 1061
3084 1062
11515 1063
10523 1064
6584 1065
5510 1066
10698 1067
1060 1068
4020 1069
5527 1070
9675 1071
8251 1072
3271 1073
8156 1074
741 1075
2829 1076
11814 1077
4640 1078
10005 1079
776 1080
12 1081
7822 1082
4457 1083
6482 1084
6176 1085
3850 1086
2712 1087
5845 1088
5754 1089
4235 1090
2258 1091
6058 1092
452 1093
4730 1094
7294 1095
4239 1096
9742 1097
7894 1098
1574 1099
732 1100
9256 1101
1702 1102
1305 1103
1518 1104
4650 1105
4106 1106
5677 1107
9708 1108
3000 1109
2861 1110
7184 1111
11635 1112
4576 1113
12261 1114
4241 1115
6887 1116
12387 1117
6547 1118
6670 1119
1556 1120
4165 1121
700 1122
6870 1123
11302 1124
1423 1125
531 1126
7849 1127
62 1128
6380 1129
11642 1130
4235 1131
1376 1132
4474 1133
6166 1134
5756 1135
8187 1136
9321 1137
9620 1138
791 1139
9401 1140
10070 1141
9340 1142
5684 1143
6281 1144
6142 1145
35 1146
8547 1147
8397 1148
7420 1149
4522 1150
11032 1151
7158 1152
985 1153
8248 1154
3244 1155
3032 1156
10571 1157
9148 1158
522 1159
10881 1160
7280 1161
4100 1162
2588 1163
1344 1164
11674 1165
6130 1166
8990 1167
2112 1168
5985 1169
7748 1170
701 1171
2324 1172
3388 1173
11022 1174
818 1175
1902 1176
4375 1177
4447 1178
5067 1179
12222 1180
4650 1181
6397 1182
4436 1183
11524 1184
9694 1185
7320 1186
7753 1187
333 1188
4761 1189
6656 1190
3337 1191
10521 1192
8054 1193
2639 1194
3165 1195
3503 1196
8564 1197
10960 1198
758 1199
7051 1200
11528 1201
10807 1202
9983 1203
5994 1204
12091 1205
2510 1206
1861 1207
2716 1208
1397 1209
1553 1210
4804 1211
5396 1212
3099 1213
9 1214
11410 1215
11470 1216
6111 1217
8145 1218
6514 1219
6960 1220
4188 1221
4064 1222
3480 1223
11999 1224
10677 1225
9610 1226
2720 1227
10612 1228
9425 1229
5253 1230
2024 1231
9690 1232
11865 1233
8003 1234
8070 1235
8221 1236
621 1237
9889 1238
1652 1239
11863 1240
9460 1241
10234 1242
1600 1243
11604 1244
7565 1245
4164 1246
11530 1247
9333 1248
9495 1249
