1150 750
6200 0
5731 1
2667 2
44 3
9350 4
7897 5
3495 6
5469 7
10427 8
3984 9
4240 10
3733 11
6788 12
8029 13
9706 14
8897 15
8428 16
2989 17
7906 18
1643 19
302 20
517 21
3838 22
5844 23
881 24
1459 25
732 26
6859 27
8316 28
4536 29
9927 30
1334 31
11400 32
1635 33
7851 34
6685 35
8795 36
361 37
1603 38
69 39
4860 40
11012 41
8189 42
554 43
2259 44
8583 45
2397 46
5677 47
5628 48
3602 49
4436 50
2593 51
10777 52
9375 53
2815 54
8752 55
581 56
1920 57
11384 58
3487 59
8658 60
6016 61
2644 62
4066 63
3632 64
10188 65
7315 66
9186 67
5729 68
8335 69
503 70
1274 71
3867 72
2421 73
9707 74
9790 75
11300 76
6769 77
7170 78
3989 79
1926 80
113 81
1577 82
948 83
6549 84
9644 85
2085 86
7238 87
8 88
10567 89
6467 90
1876 91
6331 92
8631 93
5396 94
5075 95
483 96
8816 97
1752 98
3486 99
6742 100
3387 101
8860 102
9699 103
6905 104
7373 105
4303 106
4828 107
2613 108
4579 109
4125 110
6167 111
10988 112
388 113
7326 114
586 115
9900 116
9995 117
8755 118
7826 119
724 120
3784 121
9227 122
3502 123
7479 124
3174 125
2298 126
7028 127
7320 128
10879 129
11042 130
6367 131
2016 132
10316 133
4919 134
8397 135
3926 136
7342 137
2763 138
6116 139
714 140
19 141
6795 142
7641 143
6178 144
7910 145
6203 146
1393 147
714 148
10645 149
5268 150
4322 151
3856 152
5033 153
11168 154
9041 155
4676 156
6483 157
5110 158
6807 159
33 160
3229 161
880 162
2530 163
2549 164
7273 165
4161 166
6329 167
8270 168
11400 169
2012 170
9242 171
2903 172
11445 173
9936 174
8701 175
9661 176
7113 177
3416 178
4268 179
6140 180
5628 181
7396 182
9579 183
2165 184
3631 185
4850 186
4063 187
3389 188
2537 189
5003 190
8626 191
4433 192
5956 193
4913 194
10239 195
2584 196
2035 197
4189 198
6072 199
4484 200
6433 201
2565 202
6066 203
3483 204
614 205
10550 206
10435 207
3637 208
11310 209
7445 210
1938 211
5408 212
4016 213
1767 214
2563 215
7327 216
7286 217
4446 218
10852 219
8103 220
2341 221
1174 222
2087 223
3319 224
8834 225
7654 226
468 227
7751 228
513 229
389 230
8534 231
4595 232
3687 233
2601 234
6642 235
6490 236
7983 237
3280 238
3526 239
1124 240
9899 241
5330 242
6481 243
9679 244
7755 245
6473 246
1162 247
9747 248
5710 249
5470 250
11305 251
9631 252
6454 253
3733 254
148 255
784 256
9295 257
4688 258
1799 259
8719 260
4635 261
5451 262
3857 263
9495 264
5983 265
4361 266
5341 267
691 268
289 269
3156 270
5534 271
2886 272
3970 273
2723 274
5149 275
9635 276
7841 277
11052 278
1627 279
5896 280
1569 281
2265 282
3505 283
3640 284
11372 285
7185 286
7648 287
7618 288
483 289
9633 290
1275 291
3148 292
11036 293
8542 294
1010 295
3890 296
2646 297
4382 298
1757 299
5777 300
6233 301
7269 302
10434 303
6689 304
4618 305
9185 306
2834 307
2175 308
8165 309
11405 310
10910 311
10216 312
5736 313
10234 314
10194 315
5080 316
351 317
11406 318
3780 319
11036 320
189 321
3358 322
2559 323
8757 324
3877 325
7552 326
7582 327
5809 328
5807 329
10951 330
9302 331
3510 332
10724 333
3972 334
8244 335
5972 336
8403 337
11112 338
10848 339
10622 340
2519 341
6801 342
4276 343
6363 344
6335 345
5544 346
675 347
10685 348
8576 349
10624 350
7056 351
7614 352
10499 353
7899 354
10479 355
9032 356
5496 357
6714 358
7870 359
4534 360
7666 361
9681 362
2138 363
9438 364
9731 365
4097 366
9616 367
4550 368
4842 369
8129 370
10209 371
10226 372
44 373
6491 374
3022 375
9338 376
5997 377
8302 378
5906 379
5458 380
10868 381
9545 382
3437 383
6187 384
4486 385
5782 386
5453 387
7993 388
10493 389
10673 390
156 391
9778 392
7587 393
7466 394
2187 395
8458 396
8515 397
8176 398
8122 399
4160 400
6568 401
3108 402
7698 403
9746 404
6013 405
10993 406
4076 407
10833 408
9911 409
7237 410
6935 411
5004 412
6502 413
3590 414
4629 415
7167 416
6487 417
8425 418
8859 419
3395 420
4250 421
477 422
9555 423
9477 424
2643 425
5848 426
9910 427
8923 428
11174 429
1931 430
9090 431
6566 432
10892 433
4876 434
8370 435
1552 436
8371 437
10574 438
3984 439
4538 440
1802 441
6412 442
319 443
3954 444
9711 445
9693 446
5938 447
911 448
1791 449
9163 450
7400 451
5886 452
4266 453
5358 454
3264 455
4982 456
9781 457
2255 458
214 459
3943 460
6557 461
7754 462
8644 463
7605 464
6242 465
1339 466
4306 467
6879 468
6786 469
8508 470
3797 471
1663 472
2272 473
2250 474
8162 475
2312 476
3555 477
4000 478
9356 479
9475 480
3729 481
1635 482
2702 483
6316 484
2289 485
5248 486
10277 487
10969 488
8401 489
703 490
1574 491
4883 492
4725 493
1794 494
4065 495
5720 496
2695 497
1163 498
1960 499
1739 500
3632 501
759 502
541 503
10709 504
11105 505
6136 506
11077 507
7452 508
11118 509
3623 510
7527 511
4861 512
9456 513
7379 514
3290 515
9647 516
10794 517
1999 518
5020 519
6403 520
1857 521
2160 522
8468 523
9211 524
2655 525
5095 526
10163 527
9536 528
6632 529
3948 530
3248 531
412 532
2735 533
6656 534
7466 535
1534 536
3321 537
864 538
6024 539
10955 540
4162 541
7435 542
2120 543
11219 544
3604 545
964 546
8179 547
11443 548
634 549
9545 550
2480 551
1965 552
4671 553
745 554
8446 555
10208 556
1303 557
10511 558
1463 559
7087 560
10204 561
9361 562
2809 563
6338 564
9615 565
4433 566
7005 567
3565 568
7672 569
8820 570
6495 571
4876 572
6282 573
7165 574
7212 575
8083 576
2575 577
493 578
7731 579
1919 580
3045 581
2983 582
4066 583
11227 584
2832 585
978 586
5289 587
3093 588
3493 589
9841 590
746 591
157 592
4811 593
11405 594
6091 595
9989 596
11406 597
6523 598
7923 599
10464 600
1382 601
1874 602
10144 603
5780 604
9341 605
909 606
4124 607
1817 608
5112 609
267 610
4403 611
4171 612
7335 613
10298 614
2286 615
303 616
8111 617
7570 618
2984 619
5435 620
8404 621
1214 622
5339 623
6034 624
7909 625
2214 626
8283 627
6615 628
7508 629
667 630
11172 631
2074 632
2530 633
1802 634
5533 635
7817 636
5261 637
2762 638
6071 639
5037 640
9607 641
4744 642
1732 643
1368 644
3421 645
5023 646
1186 647
69 648
10916 649
3100 650
3838 651
5534 652
1607 653
9972 654
3237 655
6886 656
3619 657
8499 658
10480 659
9922 660
7576 661
8385 662
4113 663
7054 664
7321 665
6513 666
4875 667
277 668
8543 669
9729 670
5413 671
8649 672
8522 673
2927 674
8567 675
8157 676
6847 677
8782 678
10783 679
9932 680
6502 681
6761 682
1878 683
1614 684
7104 685
547 686
2658 687
3197 688
9439 689
10231 690
11259 691
4815 692
10756 693
5193 694
7194 695
888 696
8975 697
3009 698
6963 699
5424 700
4816 701
7032 702
4810 703
6155 704
4964 705
809 706
10779 707
11013 708
4648 709
3097 710
2401 711
8706 712
10165 713
7077 714
8789 715
8334 716
127 717
4298 718
3508 719
10587 720
3225 721
7625 722
1529 723
10988 724
7351 725
10417 726
3108 727
8168 728
6150 729
10294 730
3827 731
4697 732
5815 733
3325 734
886 735
3726 736
6184 737
9517 738
11361 739
6902 740
6732 741
5718 742
3721 743
9737 744
11205 745
7018 746
10482 747
5950 748
4627 749
10951 750
4708 751
2637 752
2116 753
1323 754
9017 755
3126 756
488 757
4483 758
1723 759
6663 760
3601 761
6470 762
8466 763
10901 764
4637 765
10986 766
9126 767
6604 768
383 769
1248 770
6598 771
7497 772
5547 773
5226 774
7590 775
1037 776
4362 777
3153 778
5718 779
2943 780
9271 781
7888 782
1531 783
7907 784
11181 785
3590 786
9080 787
6029 788
8584 789
1304 790
4611 791
705 792
8777 793
2527 794
8092 795
516 796
8874 797
10758 798
11286 799
3028 800
2450 801
2454 802
6200 803
9200 804
6583 805
1894 806
9174 807
4012 808
3511 809
4249 810
3745 811
10148 812
9913 813
7553 814
10351 815
7171 816
642 817
3430 818
3648 819
9110 820
10608 821
4112 822
1217 823
3932 824
465 825
11042 826
6547 827
4143 828
8297 829
10824 830
2870 831
6240 832
6256 833
9971 834
6625 835
5347 836
10831 837
11454 838
11010 839
10431 840
235 841
2287 842
382 843
7383 844
699 845
8593 846
2944 847
408 848
5333 849
1676 850
8036 851
139 852
3791 853
1821 854
8779 855
4152 856
1171 857
3835 858
4120 859
1261 860
9060 861
947 862
10894 863
295 864
10549 865
5456 866
9763 867
83 868
7023 869
1283 870
6943 871
849 872
11435 873
7568 874
10150 875
3075 876
1425 877
7204 878
6171 879
269 880
6288 881
10127 882
3866 883
9890 884
4132 885
10463 886
10031 887
3715 888
3809 889
7134 890
4431 891
1473 892
9334 893
10125 894
9656 895
4196 896
3596 897
1991 898
7670 899
5084 900
8791 901
10311 902
1658 903
2335 904
2393 905
3449 906
5265 907
10943 908
840 909
5307 910
6617 911
3800 912
2867 913
1646 914
1565 915
842 916
1979 917
4058 918
10607 919
4509 920
5912 921
1925 922
9084 923
6325 924
5 925
8836 926
4685 927
5395 928
11149 929
6337 930
1358 931
11419 932
4865 933
2155 934
1947 935
3105 936
3332 937
5096 938
4343 939
10287 940
10196 941
3610 942
3543 943
8648 944
10547 945
4037 946
4932 947
88 948
3846 949
1279 950
10979 951
4753 952
2719 953
9717 954
7211 955
6705 956
1843 957
6282 958
9149 959
5360 960
8741 961
1734 962
6064 963
1639 964
11000 965
6973 966
5801 967
4250 968
3268 969
1443 970
11221 971
9127 972
1112 973
5085 974
8473 975
603 976
5187 977
5201 978
11183 979
3119 980
9193 981
5696 982
7989 983
9569 984
304 985
2840 986
3656 987
8046 988
4568 989
8475 990
1715 991
9496 992
2260 993
1469 994
567 995
11288 996
8265 997
11433 998
9758 999
5253 1000
5608 1001
7646 1002
4125 1003
8227 1004
214 1005
7210 1006
2478 1007
3985 1008
10030 1009
3433 1010
1556 1011
9840 1012
6532 1013
524 1014
1250 1015
225 1016
10615 1017
4010 1018
2993 1019
11456 1020
64 1021
335 1022
8101 1023
3942 1024
2478 1025
679 1026
3802 1027
2524 1028
4841 1029
5848 1030
7843 1031
6535 1032
4043 1033
1650 1034
2216 1035
3786 1036
2461 1037
1891 1038
4030 1039
11180 1040
2169 1041
6955 1042
8565 1043
4097 1044
2103 1045
2587 1046
3466 1047
890 1048
7550 1049
7631 1050
5716 1051
982 1052
4245 1053
11190 1054
4310 1055
7339 1056
1250 1057
7655 1058
147 1059
7956 1060
4573 1061
4757 1062
10207 1063
10819 1064
5424 1065
10703 1066
7507 1067
379 1068
9803 1069
8985 1070
103 1071
7363 1072
7592 1073
3374 1074
5626 1075
6379 1076
8133 1077
1418 1078
6438 1079
5998 1080
10406 1081
3083 1082
5633 1083
8698 1084
4271 1085
967 1086
3884 1087
6564 1088
11101 1089
248 1090
8324 1091
7482 1092
3441 1093
9443 1094
5721 1095
9818 1096
10665 1097
5177 1098
5754 1099
10406 1100
3950 1101
3912 1102
10108 1103
8173 1104
8106 1105
5677 1106
11329 1107
291 1108
468 1109
9233 1110
3563 1111
363 1112
1878 1113
6140 1114
11073 1115
91 1116
8629 1117
9934 1118
9076 1119
11027 1120
9742 1121
1703 1122
2946 1123
9728 1124
1671 1125
511 1126
10266 1127
2017 1128
3101 1129
894 1130
5739 1131
3374 1132
6443 1133
8084 1134
1255 1135
1678 1136
2494 1137
7031 1138
1830 1139
9600 1140
2098 1141
11051 1142
1699 1143
8468 1144
4600 1145
8279 1146
470 1147
1145 1148
4445 1149
