1200 850
2554 0
11088 1
7401 2
4024 3
4019 4
2208 5
9920 6
5770 7
11505 8
1135 9
4961 10
2903 11
3858 12
2763 13
8089 14
2180 15
11426 16
9252 17
3199 18
303 19
461 20
9063 21
620 22
43 23
520 24
10686 25
7014 26
5664 27
938 28
2167 29
6230 30
3495 31
7970 32
2894 33
1631 34
2216 35
4167 36
6328 37
3106 38
5712 39
7701 40
1860 41
10147 42
11468 43
7631 44
1931 45
410 46
8872 47
1839 48
9627 49
4346 50
7163 51
11488 52
6215 53
11517 54
11524 55
10565 56
5656 57
1288 58
11109 59
7331 60
3779 61
6993 62
3536 63
409 64
8607 65
764 66
8974 67
503 68
8098 69
2971 70
5732 71
46 72
11847 73
2761 74
9743 75
7398 76
2992 77
7434 78
8135 79
4459 80
10800 81
6612 82
11915 83
2004 84
2373 85
1165 86
4612 87
3790 88
2270 89
6914 90
9252 91
5492 92
10190 93
6122 94
7069 95
10548 96
2489 97
7745 98
10989 99
2386 100
8062 101
10276 102
6896 103
7483 104
6104 105
10198 106
11387 107
3104 108
2750 109
9873 110
10757 111
208 112
5909 113
552 114
7144 115
6137 116
624 117
8463 118
7262 119
8431 120
10695 121
5711 122
10128 123
4729 124
1030 125
4618 126
1589 127
504 128
380 129
2019 130
5755 131
8204 132
8919 133
10582 134
11238 135
7545 136
9902 137
5182 138
4406 139
9970 140
822 141
10582 142
6000 143
8132 144
8696 145
9823 146
4861 147
4613 148
3110 149
5346 150
2651 151
1773 152
6718 153
5311 154
2830 155
3647 156
4315 157
11683 158
1822 159
9282 160
694 161
9565 162
1845 163
11431 164
1229 165
1710 166
11613 167
6552 168
8409 169
9625 170
10407 171
3241 172
10032 173
4361 174
3380 175
10918 176
3688 177
6328 178
7755 179
2748 180
1594 181
2704 182
880 183
9348 184
8718 185
5051 186
5620 187
5369 188
10579 189
6588 190
5581 191
6835 192
3744 193
3529 194
288 195
11065 196
8556 197
8700 198
10062 199
7310 200
6972 201
3985 202
9938 203
9932 204
1923 205
3929 206
4207 207
7605 208
3920 209
5497 210
9507 211
7551 212
5417 213
6516 214
10029 215
8898 216
11798 217
9715 218
11160 219
8447 220
11851 221
2330 222
450 223
2662 224
7983 225
5600 226
6939 227
8377 228
3439 229
10976 230
8520 231
5348 232
514 233
3600 234
4919 235
4268 236
9936 237
10634 238
4870 239
11422 240
7719 241
7822 242
6034 243
8493 244
8995 245
3588 246
2068 247
7674 248
1341 249
3044 250
446 251
3613 252
830 253
6446 254
10821 255
11395 256
6566 257
8727 258
3164 259
9926 260
8079 261
9770 262
9713 263
10470 264
3435 265
5122 266
11676 267
10814 268
1177 269
3885 270
8190 271
7552 272
8204 273
9852 274
5685 275
59 276
10408 277
7475 278
9231 279
1514 280
3154 281
8379 282
4181 283
5942 284
776 285
4467 286
2955 287
7673 288
8638 289
6522 290
10003 291
1242 292
7810 293
8183 294
9112 295
23 296
5224 297
6178 298
8095 299
11255 300
8309 301
4170 302
2833 303
5519 304
2033 305
8219 306
10070 307
2301 308
2861 309
6767 310
1704 311
10627 312
1701 313
4764 314
720 315
10419 316
11788 317
1960 318
5875 319
3972 320
10219 321
6866 322
2788 323
4978 324
10267 325
5493 326
3652 327
3127 328
10664 329
4517 330
4519 331
9213 332
9407 333
8820 334
6758 335
9804 336
11101 337
3081 338
5370 339
1481 340
9751 341
2809 342
10469 343
9925 344
570 345
1080 346
2712 347
3809 348
7295 349
4001 350
1326 351
8807 352
2129 353
3030 354
4411 355
307 356
8321 357
6318 358
1622 359
8734 360
2872 361
10529 362
9394 363
9211 364
6277 365
9637 366
680 367
975 368
7005 369
4639 370
7545 371
6715 372
10082 373
2258 374
5230 375
3137 376
524 377
4287 378
9909 379
8089 380
780 381
8670 382
4081 383
7023 384
11226 385
2681 386
2941 387
4379 388
10369 389
2504 390
670 391
5762 392
377 393
5189 394
2083 395
4603 396
1741 397
10453 398
10953 399
285 400
6324 401
5266 402
6334 403
6883 404
7586 405
3810 406
4969 407
581 408
655 409
2138 410
3170 411
8730 412
3994 413
1673 414
8072 415
6892 416
9276 417
6400 418
1879 419
1890 420
2495 421
5089 422
8367 423
9613 424
7727 425
5193 426
3788 427
7615 428
10791 429
1216 430
3282 431
9146 432
9261 433
9536 434
5435 435
2053 436
3800 437
7083 438
4555 439
11668 440
10232 441
6494 442
1844 443
4089 444
31 445
10763 446
3829 447
3651 448
5423 449
7779 450
562 451
5783 452
11160 453
2194 454
11536 455
11645 456
87 457
509 458
9584 459
2957 460
4525 461
4472 462
11057 463
7271 464
10702 465
1130 466
5119 467
10178 468
883 469
10954 470
2477 471
5221 472
10958 473
10428 474
10723 475
9130 476
6925 477
364 478
366 479
640 480
6296 481
10542 482
1567 483
7604 484
550 485
11536 486
4739 487
3441 488
8643 489
9967 490
1607 491
11433 492
4057 493
9660 494
1876 495
10408 496
1111 497
4125 498
5479 499
11983 500
2185 501
8119 502
6045 503
7308 504
7019 505
1481 506
5314 507
460 508
3667 509
3352 510
7100 511
10342 512
3146 513
3208 514
7441 515
9691 516
10949 517
4794 518
289 519
9764 520
2438 521
3556 522
11808 523
4512 524
10756 525
6048 526
10560 527
5198 528
5319 529
560 530
7022 531
10380 532
573 533
3968 534
9921 535
8804 536
9203 537
9586 538
10255 539
158 540
340 541
351 542
2672 543
11984 544
1151 545
7324 546
10323 547
10895 548
9380 549
5663 550
11557 551
1422 552
2272 553
1411 554
10479 555
413 556
9887 557
931 558
6865 559
7603 560
8379 561
8798 562
2637 563
9559 564
6981 565
2927 566
7845 567
5410 568
7020 569
5153 570
1918 571
10227 572
9597 573
451 574
4619 575
10623 576
3359 577
7035 578
8059 579
8926 580
8715 581
6066 582
5210 583
7958 584
5639 585
3752 586
3181 587
2123 588
2001 589
8886 590
1548 591
11263 592
2448 593
8128 594
3752 595
2206 596
674 597
3508 598
7659 599
9544 600
6267 601
5036 602
10095 603
795 604
395 605
1774 606
11982 607
1357 608
6989 609
6885 610
10370 611
4832 612
8861 613
6258 614
9225 615
7895 616
10836 617
2273 618
6187 619
7386 620
7508 621
936 622
5203 623
9206 624
8719 625
9143 626
3986 627
4371 628
3485 629
3075 630
7649 631
7953 632
7651 633
6695 634
3604 635
11443 636
11588 637
11191 638
3077 639
7821 640
309 641
7160 642
8331 643
8028 644
5840 645
4453 646
2389 647
7992 648
8848 649
5033 650
8831 651
6973 652
4492 653
2486 654
8482 655
6721 656
3624 657
11246 658
8911 659
3806 660
6232 661
1916 662
8529 663
10762 664
10413 665
6958 666
9652 667
6012 668
1734 669
9565 670
3643 671
3821 672
7907 673
9811 674
3187 675
684 676
3029 677
1338 678
3751 679
11472 680
4419 681
10232 682
6614 683
6617 684
2607 685
3736 686
2070 687
765 688
7544 689
4249 690
9212 691
6455 692
9021 693
3762 694
11629 695
10031 696
1667 697
8402 698
9709 699
6606 700
2775 701
10120 702
10168 703
2832 704
10443 705
2847 706
8602 707
8431 708
3821 709
7547 710
8364 711
6968 712
4527 713
9310 714
9410 715
1373 716
11711 717
3621 718
4191 719
10422 720
6696 721
6611 722
1901 723
1096 724
11566 725
2148 726
4105 727
7719 728
10841 729
8226 730
1912 731
5171 732
9574 733
9040 734
1292 735
1295 736
6452 737
1908 738
8999 739
11369 740
8369 741
5715 742
7798 743
7680 744
6740 745
5434 746
140 747
1094 748
9872 749
107 750
11143 751
6322 752
4715 753
9905 754
10939 755
9640 756
1513 757
1980 758
3865 759
10088 760
9513 761
8335 762
3896 763
7899 764
1549 765
1339 766
5279 767
10343 768
7539 769
4822 770
4137 771
11309 772
5671 773
9142 774
11115 775
658 776
6083 777
11302 778
4814 779
5920 780
4841 781
7540 782
10660 783
6041 784
2670 785
5110 786
11974 787
3411 788
7249 789
1613 790
3649 791
1036 792
6687 793
1503 794
3680 795
6937 796
9000 797
9927 798
5120 799
9310 800
1048 801
2483 802
6492 803
7698 804
9096 805
6275 806
1316 807
10564 808
4784 809
2890 810
5402 811
5963 812
10685 813
1360 814
3179 815
2992 816
11009 817
3280 818
10512 819
4731 820
6667 821
4744 822
2132 823
10392 824
3001 825
741 826
8981 827
6017 828
3561 829
7417 830
4506 831
7552 832
6051 833
8404 834
2293 835
5087 836
8696 837
8486 838
7926 839
11588 840
9919 841
7379 842
5749 843
9463 844
1517 845
4513 846
8844 847
11545 848
5745 849
9064 850
5241 851
9979 852
816 853
11921 854
1367 855
5344 856
11349 857
393 858
7917 859
3560 860
903 861
11538 862
5120 863
753 864
2117 865
9862 866
3108 867
9725 868
2370 869
6272 870
6216 871
11642 872
1158 873
10709 874
3435 875
4398 876
6463 877
3873 878
9194 879
6660 880
2362 881
1015 882
457 883
11465 884
983 885
1577 886
3172 887
6435 888
4186 889
6015 890
7750 891
2733 892
6566 893
10352 894
8720 895
3345 896
3126 897
11882 898
3069 899
281 900
6840 901
2795 902
10321 903
9382 904
6232 905
6137 906
9862 907
2024 908
1006 909
4146 910
11656 911
4108 912
4267 913
3208 914
6558 915
2210 916
8910 917
2396 918
11032 919
6313 920
3011 921
9067 922
7457 923
6883 924
9647 925
5509 926
10169 927
5430 928
899 929
1064 930
11850 931
3612 932
659 933
9790 934
1097 935
4085 936
11872 937
6523 938
10739 939
5588 940
7481 941
11872 942
594 943
4755 944
4259 945
11763 946
2243 947
3260 948
5975 949
1448 950
2093 951
10053 952
4223 953
733 954
4906 955
7115 956
7405 957
5153 958
9143 959
11275 960
8373 961
8249 962
9068 963
4770 964
9697 965
796 966
9883 967
6639 968
3028 969
3223 970
6216 971
6032 972
658 973
6489 974
8012 975
3025 976
5881 977
3525 978
11015 979
2226 980
11407 981
11801 982
2007 983
11185 984
863 985
9644 986
90 987
11664 988
6707 989
7281 990
10237 991
989 992
10109 993
10733 994
5874 995
9935 996
318 997
400 998
6558 999
8976 1000
11898 1001
7000 1002
7240 1003
1536 1004
8192 1005
3751 1006
9027 1007
9234 1008
11353 1009
594 1010
8329 1011
575 1012
8791 1013
1600 1014
10325 1015
8794 1016
11098 1017
9451 1018
5427 1019
6160 1020
10782 1021
7870 1022
735 1023
5020 1024
1946 1025
4483 1026
2354 1027
11907 1028
3312 1029
10466 1030
8487 1031
2306 1032
3651 1033
5123 1034
5762 1035
5595 1036
2233 1037
8009 1038
596 1039
11341 1040
2286 1041
8347 1042
6337 1043
733 1044
6964 1045
5813 1046
9573 1047
6072 1048
1730 1049
8983 1050
6051 1051
11136 1052
715 1053
4652 1054
10525 1055
5065 1056
10943 1057
1531 1058
4445 1059
11598 1060
7686 1061
5274 1062
5887 1063
11344 1064
7767 1065
6056 1066
6815 1067
11418 1068
8111 1069
1964 1070
3771 1071
8299 1072
10109 1073
10582 1074
6898 1075
1332 1076
979 1077
7249 1078
1691 1079
5553 1080
9754 1081
6821 1082
11161 1083
5995 1084
9 1085
1644 1086
4947 1087
7065 1088
3257 1089
8072 1090
7007 1091
9887 1092
9875 1093
11180 1094
2965 1095
7016 1096
3785 1097
7173 1098
6394 1099
5274 1100
10158 1101
7430 1102
4535 1103
3145 1104
2388 1105
4731 1106
5638 1107
2804 1108
9455 1109
217 1110
2856 1111
4651 1112
11590 1113
138 1114
3147 1115
10701 1116
11466 1117
9690 1118
5965 1119
2871 1120
1654 1121
5094 1122
385 1123
4199 1124
825 1125
96 1126
7576 1127
354 1128
5844 1129
4418 1130
10465 1131
3347 1132
1772 1133
10663 1134
1254 1135
2385 1136
10129 1137
7323 1138
382 1139
1097 1140
8981 1141
4265 1142
2470 1143
9350 1144
4468 1145
6865 1146
6760 1147
4566 1148
4545 1149
2104 1150
11562 1151
10193 1152
9380 1153
11764 1154
7344 1155
11311 1156
10852 1157
8781 1158
8108 1159
1650 1160
4744 1161
2421 1162
2762 1163
10320 1164
160 1165
3533 1166
2135 1167
3061 1168
7251 1169
9222 1170
8743 1171
6237 1172
5448 1173
1764 1174
9221 1175
6513 1176
1099 1177
8656 1178
2190 1179
2201 1180
9519 1181
11789 1182
9796 1183
10673 1184
4663 1185
3169 1186
3553 1187
10189 1188
9367 1189
3035 1190
1824 1191
7121 1192
2870 1193
7928 1194
9515 1195
5968 1196
7087 1197
11479 1198
1659 1199
