1150 1400
4121 0
4183 1
7081 2
5106 3
9923 4
3106 5
4556 6
5346 7
11192 8
1454 9
6818 10
8367 11
6935 12
981 13
10835 14
1038 15
4464 16
8964 17
8746 18
10677 19
4248 20
2672 21
4576 22
9897 23
7116 24
10407 25
8922 26
1821 27
1557 28
9313 29
556 30
3284 31
4517 32
11151 33
7648 34
2534 35
8903 36
4865 37
11131 38
5049 39
44 40
8208 41
1583 42
10964 43
9902 44
9560 45
2058 46
1534 47
6902 48
389 49
5843 50
4972 51
8167 52
759 53
9220 54
2078 55
6260 56
2857 57
2246 58
9980 59
2056 60
2560 61
2187 62
4535 63
373 64
8542 65
10780 66
7642 67
9002 68
1574 69
3936 70
5627 71
5186 72
10588 73
2570 74
2725 75
4088 76
3152 77
7851 78
4171 79
7498 80
8853 81
7941 82
805 83
7654 84
4034 85
8498 86
8598 87
8250 88
8623 89
3192 90
5237 91
6656 92
4216 93
7129 94
1942 95
11145 96
5519 97
1621 98
9526 99
7815 100
5501 101
10950 102
10400 103
8902 104
11412 105
4338 106
4685 107
2207 108
3604 109
9092 110
9502 111
10311 112
10516 113
9618 114
5562 115
8184 116
9060 117
3962 118
7281 119
188 120
6880 121
4644 122
10178 123
6743 124
11416 125
10478 126
9510 127
7758 128
3127 129
10759 130
3753 131
3067 132
7958 133
9706 134
10272 135
8050 136
2055 137
4827 138
8490 139
5322 140
6956 141
5019 142
866 143
8247 144
1747 145
4360 146
3301 147
5043 148
9441 149
1802 150
11040 151
9979 152
8899 153
9154 154
8554 155
6357 156
7873 157
11197 158
4490 159
8818 160
1606 161
2283 162
1384 163
5849 164
5452 165
437 166
2295 167
26 168
453 169
11298 170
11437 171
3903 172
10796 173
10301 174
8212 175
4574 176
7702 177
6115 178
9264 179
3912 180
6211 181
3600 182
6260 183
8264 184
10652 185
753 186
156 187
2522 188
9103 189
357 190
1994 191
1381 192
3100 193
10010 194
2739 195
9863 196
7887 197
6252 198
9270 199
11297 200
4138 201
6319 202
11108 203
2855 204
10991 205
2687 206
470 207
5319 208
8586 209
1082 210
7495 211
9638 212
4832 213
8620 214
10768 215
414 216
11105 217
7050 218
909 219
2327 220
10867 221
9309 222
4720 223
2344 224
3289 225
9646 226
1054 227
514 228
7016 229
11184 230
2131 231
10922 232
10773 233
9584 234
11386 235
4583 236
4825 237
2605 238
6065 239
7094 240
3883 241
5498 242
2231 243
2181 244
9027 245
1662 246
4362 247
9952 248
141 249
4617 250
1841 251
10976 252
10450 253
6766 254
3153 255
734 256
8002 257
3774 258
6397 259
7954 260
972 261
1090 262
1045 263
4867 264
951 265
417 266
10824 267
5862 268
7543 269
5853 270
3000 271
5730 272
7674 273
8814 274
7315 275
4058 276
8469 277
1082 278
8911 279
6546 280
10298 281
6512 282
2320 283
7526 284
8773 285
8522 286
10140 287
1343 288
7254 289
3670 290
4344 291
4898 292
4290 293
9204 294
5808 295
5999 296
8221 297
5238 298
5660 299
397 300
878 301
6586 302
8309 303
8210 304
4373 305
9156 306
7604 307
875 308
8720 309
5208 310
909 311
7377 312
8465 313
10815 314
7989 315
1009 316
9 317
879 318
3917 319
3147 320
7339 321
4554 322
3934 323
6248 324
4650 325
3958 326
2497 327
4401 328
5525 329
7566 330
1479 331
2671 332
9474 333
9135 334
10476 335
2959 336
8264 337
3050 338
2690 339
3676 340
8336 341
8104 342
3974 343
8008 344
6721 345
6237 346
9635 347
10119 348
7391 349
2451 350
6771 351
2716 352
8105 353
4915 354
6788 355
4639 356
6211 357
8656 358
9976 359
1446 360
6721 361
293 362
7567 363
8862 364
10260 365
9379 366
3395 367
9418 368
8618 369
7326 370
6413 371
10266 372
4523 373
6805 374
9089 375
7358 376
1152 377
10683 378
9273 379
6445 380
3239 381
10773 382
9306 383
4534 384
8563 385
3033 386
6530 387
9293 388
10850 389
2469 390
10369 391
1862 392
6854 393
7734 394
5752 395
1182 396
4558 397
5695 398
2093 399
6354 400
7293 401
2010 402
11052 403
2380 404
327 405
4895 406
8979 407
7787 408
2650 409
7223 410
897 411
10222 412
1193 413
8407 414
1682 415
7088 416
2039 417
6287 418
9284 419
8323 420
9034 421
1287 422
10810 423
7649 424
5391 425
6282 426
2392 427
4374 428
10262 429
10025 430
3818 431
10736 432
5253 433
6872 434
5522 435
8356 436
8356 437
6183 438
10173 439
1812 440
9135 441
877 442
4043 443
6382 444
7455 445
7224 446
8397 447
2522 448
6227 449
4138 450
10945 451
10786 452
10469 453
4220 454
10065 455
3814 456
11330 457
8874 458
6940 459
6917 460
3555 461
2424 462
11145 463
1495 464
3312 465
3152 466
8330 467
5608 468
8841 469
3999 470
4204 471
10280 472
4748 473
8791 474
8099 475
8364 476
5368 477
1585 478
9286 479
6814 480
4367 481
6183 482
2751 483
4648 484
10972 485
10021 486
1920 487
5849 488
2204 489
7299 490
8186 491
3712 492
5050 493
6983 494
1293 495
10103 496
10419 497
11219 498
3659 499
260 500
10316 501
11251 502
9945 503
10320 504
9880 505
4463 506
7355 507
1998 508
9346 509
7203 510
8970 511
11061 512
8437 513
2102 514
5291 515
7627 516
7725 517
1127 518
10795 519
9434 520
3841 521
9791 522
8550 523
227 524
11441 525
2035 526
1770 527
4983 528
4946 529
3004 530
956 531
4647 532
1949 533
10240 534
11497 535
4925 536
10103 537
10796 538
6338 539
6579 540
31 541
9666 542
7260 543
7240 544
10120 545
3325 546
3596 547
5252 548
4895 549
3127 550
5447 551
6737 552
6999 553
5472 554
2011 555
879 556
107 557
5429 558
710 559
387 560
3662 561
4897 562
6328 563
1185 564
2371 565
9734 566
255 567
5277 568
5002 569
11462 570
8701 571
4022 572
9159 573
8657 574
8763 575
179 576
6495 577
6971 578
4013 579
1486 580
8405 581
4618 582
7088 583
5507 584
4143 585
3961 586
9881 587
9626 588
1267 589
10056 590
11368 591
5866 592
4282 593
5577 594
6121 595
1773 596
9729 597
3680 598
4522 599
4585 600
805 601
6162 602
4958 603
8438 604
1141 605
5673 606
3275 607
5755 608
11406 609
997 610
6743 611
2315 612
4047 613
2704 614
2624 615
7002 616
881 617
1676 618
4978 619
1775 620
796 621
4212 622
3960 623
9789 624
9655 625
6128 626
10632 627
2065 628
3868 629
5057 630
5553 631
6199 632
3663 633
7467 634
4177 635
11134 636
9431 637
1887 638
2607 639
1431 640
3786 641
4210 642
4939 643
6215 644
8410 645
5015 646
9743 647
4392 648
10296 649
1430 650
1639 651
8945 652
2060 653
2277 654
5644 655
501 656
4559 657
11149 658
1774 659
6709 660
3795 661
6052 662
11188 663
953 664
9427 665
4512 666
1416 667
7008 668
7218 669
11285 670
4692 671
9324 672
1135 673
1287 674
7523 675
10763 676
4500 677
6840 678
6140 679
9829 680
8870 681
4248 682
3523 683
5831 684
9930 685
6030 686
11142 687
2931 688
1144 689
5892 690
9219 691
2620 692
3464 693
5625 694
5842 695
5809 696
10639 697
935 698
121 699
11289 700
2904 701
6031 702
2145 703
11130 704
7600 705
10486 706
3211 707
9407 708
10265 709
1649 710
6503 711
9335 712
8638 713
4821 714
8721 715
5822 716
1355 717
7398 718
1049 719
9810 720
7420 721
9888 722
9750 723
2880 724
10426 725
486 726
4898 727
4732 728
8730 729
9589 730
8803 731
10755 732
9995 733
11057 734
7718 735
9692 736
3761 737
9843 738
2613 739
2727 740
8513 741
4983 742
1884 743
8700 744
1526 745
10762 746
433 747
1543 748
3954 749
3311 750
4452 751
5184 752
6000 753
10858 754
8767 755
10893 756
10836 757
4110 758
9135 759
5787 760
11378 761
4851 762
3841 763
6137 764
5068 765
11404 766
64 767
5521 768
7967 769
5560 770
4171 771
1876 772
10874 773
1393 774
11420 775
7851 776
11095 777
5177 778
6095 779
6122 780
955 781
11474 782
10660 783
10608 784
8549 785
1098 786
9492 787
7831 788
4469 789
3260 790
6804 791
5462 792
4893 793
2201 794
11387 795
7667 796
929 797
871 798
474 799
390 800
7119 801
391 802
6555 803
5239 804
6454 805
10186 806
795 807
1981 808
5653 809
9683 810
9856 811
1484 812
7736 813
5993 814
5016 815
257 816
9869 817
7795 818
9727 819
6166 820
3925 821
969 822
4759 823
10581 824
8395 825
11010 826
6705 827
10233 828
3519 829
7200 830
5475 831
4447 832
852 833
4677 834
537 835
9184 836
6861 837
3196 838
7642 839
9558 840
580 841
7273 842
232 843
8856 844
363 845
8895 846
4871 847
3118 848
1926 849
4591 850
6595 851
8067 852
2668 853
5588 854
8824 855
7214 856
2581 857
2462 858
2711 859
10460 860
11054 861
5031 862
573 863
3265 864
137 865
9877 866
6027 867
10552 868
812 869
8060 870
8361 871
3463 872
10868 873
8372 874
9724 875
3915 876
968 877
3470 878
8212 879
7505 880
1361 881
9980 882
4543 883
2598 884
5587 885
9559 886
2732 887
10826 888
546 889
10836 890
571 891
2253 892
1832 893
10656 894
471 895
461 896
9742 897
1786 898
802 899
3663 900
9207 901
8592 902
7496 903
6092 904
3637 905
1280 906
5144 907
753 908
10641 909
6425 910
353 911
10133 912
1609 913
1716 914
6729 915
4975 916
2309 917
391 918
4801 919
8897 920
6547 921
8277 922
863 923
8550 924
8917 925
7702 926
8232 927
1207 928
2965 929
9083 930
10444 931
9165 932
7888 933
1926 934
9866 935
4581 936
6009 937
7514 938
726 939
10508 940
9347 941
8707 942
9592 943
7587 944
1035 945
8666 946
9835 947
2490 948
6354 949
11373 950
11337 951
7632 952
10164 953
9765 954
2964 955
8083 956
6900 957
8250 958
3143 959
4955 960
8301 961
11412 962
3061 963
9005 964
1420 965
8029 966
7616 967
2443 968
1643 969
5720 970
3967 971
2548 972
7601 973
10796 974
5319 975
436 976
11208 977
4250 978
1243 979
884 980
8896 981
9010 982
5605 983
515 984
8547 985
9998 986
3909 987
10271 988
10769 989
4308 990
8198 991
6943 992
364 993
8505 994
3673 995
10789 996
5249 997
11209 998
4041 999
6541 1000
3997 1001
592 1002
2754 1003
3896 1004
4602 1005
10887 1006
3510 1007
1570 1008
9578 1009
6646 1010
620 1011
2607 1012
5338 1013
8921 1014
6276 1015
6844 1016
11045 1017
8995 1018
2213 1019
10855 1020
2383 1021
1352 1022
1280 1023
5408 1024
5066 1025
5931 1026
8379 1027
3789 1028
7530 1029
1785 1030
5021 1031
10496 1032
9235 1033
9663 1034
2900 1035
5976 1036
9638 1037
328 1038
2868 1039
2647 1040
10742 1041
10089 1042
4207 1043
4951 1044
5737 1045
1993 1046
2261 1047
1245 1048
45 1049
11323 1050
3361 1051
7769 1052
3934 1053
9539 1054
11144 1055
900 1056
2961 1057
2367 1058
11071 1059
712 1060
961 1061
8463 1062
6320 1063
3531 1064
2147 1065
2357 1066
2085 1067
4289 1068
5649 1069
5944 1070
3055 1071
8361 1072
5050 1073
220 1074
1433 1075
1998 1076
5134 1077
6861 1078
2092 1079
3935 1080
687 1081
5908 1082
2472 1083
8717 1084
3793 1085
3130 1086
6519 1087
6395 1088
1148 1089
9614 1090
7477 1091
2794 1092
5553 1093
8618 1094
9338 1095
10465 1096
7680 1097
9813 1098
8859 1099
7863 1100
4651 1101
7646 1102
1057 1103
9970 1104
1717 1105
7746 1106
2418 1107
4797 1108
2158 1109
9197 1110
4386 1111
3769 1112
7619 1113
9707 1114
11386 1115
3427 1116
9141 1117
10942 1118
2184 1119
454 1120
9618 1121
1997 1122
9402 1123
5336 1124
2014 1125
6676 1126
982 1127
7063 1128
6159 1129
9090 1130
3622 1131
3370 1132
2323 1133
4363 1134
680 1135
2405 1136
2781 1137
5105 1138
394 1139
9229 1140
5397 1141
8807 1142
714 1143
581 1144
1297 1145
391 1146
8360 1147
10849 1148
11040 1149
