1200 550
9006 0
6900 1
11813 2
9038 3
7323 4
1577 5
3810 6
11310 7
6144 8
10537 9
5795 10
1064 11
8761 12
11325 13
10527 14
6616 15
632 16
849 17
2755 18
4394 19
6577 20
6356 21
10645 22
5741 23
9023 24
6465 25
1507 26
2483 27
658 28
9265 29
4847 30
10034 31
1061 32
706 33
5831 34
9166 35
7391 36
2606 37
7022 38
11987 39
7899 40
2546 41
5931 42
2769 43
10278 44
10047 45
8012 46
6462 47
11057 48
11240 49
3252 50
3579 51
846 52
9215 53
5266 54
6102 55
5009 56
8861 57
7377 58
574 59
5567 60
1193 61
10952 62
5956 63
8352 64
9386 65
6697 66
8105 67
2720 68
11957 69
3065 70
9162 71
10441 72
8050 73
2047 74
5774 75
6931 76
10699 77
5228 78
10489 79
2445 80
3384 81
6825 82
1976 83
10741 84
7947 85
4862 86
3426 87
9530 88
1569 89
2184 90
2312 91
8368 92
4580 93
9137 94
269 95
6312 96
1787 97
10486 98
305 99
7095 100
3823 101
9502 102
1559 103
3410 104
671 105
10297 106
9506 107
39 108
10859 109
1472 110
5195 111
3617 112
2076 113
11503 114
10387 115
3040 116
2686 117
7605 118
8064 119
11113 120
159 121
9190 122
8285 123
2317 124
9636 125
9386 126
6852 127
4983 128
4741 129
11229 130
392 131
11003 132
5704 133
9498 134
5754 135
6627 136
5195 137
525 138
11310 139
4753 140
472 141
3762 142
3639 143
5742 144
2386 145
11690 146
5861 147
3939 148
375 149
510 150
8381 151
3407 152
702 153
3058 154
11550 155
116 156
6507 157
1050 158
3714 159
9475 160
10233 161
1559 162
10557 163
10390 164
3324 165
3852 166
7930 167
1675 168
2788 169
5996 170
10500 171
10460 172
583 173
3796 174
9938 175
7830 176
5348 177
6396 178
11938 179
7995 180
1623 181
11986 182
5192 183
2354 184
10639 185
63 186
151 187
3459 188
10288 189
2187 190
11300 191
3427 192
361 193
3932 194
1873 195
4709 196
7621 197
1121 198
5361 199
11542 200
876 201
10972 202
11933 203
9961 204
6207 205
9298 206
9506 207
1402 208
10620 209
514 210
9102 211
7963 212
3745 213
2122 214
9155 215
982 216
2119 217
11151 218
6371 219
6049 220
8287 221
4966 222
3275 223
2591 224
2765 225
4401 226
9561 227
1181 228
10538 229
9720 230
4001 231
5403 232
2188 233
1381 234
10469 235
7838 236
3844 237
1140 238
4551 239
11649 240
3594 241
10073 242
8128 243
10845 244
6041 245
4402 246
9869 247
2880 248
7112 249
10299 250
5516 251
6910 252
6393 253
2987 254
1489 255
1277 256
5386 257
3424 258
5037 259
5130 260
960 261
10617 262
11524 263
10337 264
4528 265
9165 266
5252 267
779 268
4020 269
10893 270
7103 271
1744 272
11687 273
3930 274
4296 275
2688 276
7160 277
10140 278
3059 279
6125 280
4074 281
11879 282
9542 283
2103 284
2035 285
3605 286
1854 287
9476 288
8688 289
6239 290
8618 291
3091 292
4073 293
7410 294
7991 295
7242 296
10057 297
6034 298
5612 299
8899 300
5722 301
1968 302
3315 303
9961 304
6503 305
7540 306
331 307
9530 308
11136 309
11983 310
3690 311
7335 312
3236 313
7330 314
4623 315
4236 316
10830 317
5605 318
7796 319
8853 320
7382 321
10190 322
3603 323
5857 324
7694 325
1970 326
2236 327
76 328
2616 329
10957 330
11179 331
7734 332
1806 333
6191 334
6806 335
10584 336
5144 337
9958 338
10570 339
5154 340
11769 341
9656 342
4286 343
5855 344
11432 345
8819 346
3947 347
11765 348
411 349
5826 350
11390 351
2487 352
10036 353
8876 354
10115 355
8209 356
3563 357
11431 358
10058 359
9745 360
7567 361
9287 362
4704 363
1656 364
2171 365
2488 366
7429 367
3002 368
11259 369
11298 370
3432 371
2677 372
10862 373
10563 374
7962 375
2880 376
10263 377
2944 378
6171 379
9166 380
11093 381
7160 382
9497 383
7439 384
9949 385
2959 386
7647 387
3544 388
11242 389
6679 390
8681 391
10605 392
919 393
3797 394
9799 395
3655 396
7156 397
6687 398
2294 399
1921 400
10482 401
6756 402
3180 403
7977 404
7569 405
4776 406
3274 407
379 408
5541 409
2466 410
5685 411
1809 412
1308 413
6210 414
7778 415
4423 416
1445 417
2138 418
11781 419
1250 420
10983 421
2241 422
3722 423
9633 424
1450 425
9036 426
3863 427
5497 428
4563 429
10927 430
10430 431
11782 432
7344 433
4991 434
10004 435
9877 436
1637 437
6518 438
5122 439
2476 440
7298 441
7236 442
1589 443
1079 444
6063 445
9550 446
8706 447
2592 448
2508 449
5853 450
5723 451
3051 452
6251 453
9661 454
10678 455
4454 456
2461 457
7822 458
10461 459
2094 460
3904 461
8346 462
11924 463
5955 464
9345 465
4043 466
6938 467
5635 468
6917 469
10369 470
11594 471
7090 472
7918 473
3252 474
7857 475
7997 476
6734 477
220 478
9234 479
3469 480
5167 481
2999 482
6725 483
1232 484
6651 485
1194 486
5899 487
1993 488
1313 489
2390 490
2731 491
3973 492
8064 493
5750 494
7019 495
6825 496
4220 497
9846 498
3947 499
7876 500
8702 501
8447 502
2486 503
3257 504
11698 505
2803 506
8521 507
4526 508
7890 509
10335 510
10025 511
9355 512
11608 513
10470 514
9567 515
11538 516
10996 517
10689 518
1743 519
5455 520
4955 521
4649 522
1132 523
6756 524
9775 525
47 526
2988 527
951 528
10779 529
4774 530
5841 531
973 532
7674 533
6831 534
11109 535
8205 536
6523 537
7339 538
5707 539
7290 540
6943 541
6152 542
5511 543
6558 544
8502 545
6422 546
253 547
4595 548
3723 549
7451 550
3440 551
4192 552
3279 553
11969 554
7327 555
1885 556
3842 557
3749 558
10418 559
4339 560
9516 561
3071 562
10791 563
4303 564
7460 565
6229 566
4477 567
11608 568
6673 569
8192 570
9928 571
8218 572
8306 573
1003 574
8928 575
6189 576
2734 577
7988 578
5773 579
7034 580
11623 581
7564 582
2393 583
8240 584
7474 585
6246 586
11236 587
5170 588
1322 589
2968 590
6848 591
8956 592
4228 593
6291 594
6640 595
1446 596
5093 597
11366 598
11083 599
2653 600
1946 601
5696 602
426 603
3254 604
4735 605
2720 606
11761 607
4762 608
5826 609
6417 610
1683 611
9958 612
9541 613
8804 614
722 615
1813 616
6185 617
176 618
11117 619
6252 620
195 621
8510 622
10435 623
11807 624
8412 625
1293 626
4152 627
11154 628
2701 629
6144 630
8711 631
261 632
4548 633
7806 634
4724 635
723 636
900 637
9357 638
8618 639
10137 640
3150 641
8627 642
11212 643
6283 644
2215 645
10493 646
6368 647
5886 648
4039 649
2480 650
9198 651
2259 652
11408 653
8498 654
8240 655
10666 656
3767 657
3061 658
9865 659
3276 660
3908 661
2070 662
4102 663
9042 664
7692 665
10979 666
100 667
5501 668
9579 669
2290 670
7423 671
5258 672
10053 673
9473 674
1065 675
6043 676
8885 677
4272 678
495 679
630 680
2041 681
4102 682
9726 683
9688 684
1466 685
10190 686
4273 687
9135 688
11199 689
8871 690
4216 691
2622 692
3393 693
11943 694
4019 695
728 696
2770 697
7961 698
508 699
3790 700
2568 701
409 702
6238 703
6321 704
6235 705
10989 706
862 707
2787 708
5797 709
2786 710
11782 711
6406 712
6915 713
9959 714
635 715
9115 716
1345 717
4058 718
69 719
4316 720
1637 721
6905 722
113 723
10037 724
9138 725
3824 726
2141 727
4501 728
8337 729
8283 730
7014 731
3465 732
226 733
802 734
6605 735
2434 736
922 737
70 738
9138 739
7146 740
6428 741
7708 742
746 743
11975 744
4445 745
6884 746
11158 747
1535 748
5889 749
6915 750
1606 751
9754 752
514 753
2426 754
1159 755
8967 756
10100 757
2438 758
2505 759
2738 760
11373 761
4869 762
467 763
6214 764
11337 765
4731 766
6482 767
2952 768
438 769
9385 770
1302 771
1666 772
5691 773
7840 774
5808 775
1313 776
4330 777
831 778
1593 779
11064 780
7887 781
8686 782
8268 783
11468 784
2533 785
5071 786
5439 787
9619 788
7429 789
2976 790
5176 791
10950 792
6746 793
4579 794
2186 795
11047 796
3815 797
10772 798
10100 799
427 800
2522 801
6582 802
5485 803
2680 804
11366 805
9818 806
1451 807
4573 808
5579 809
8250 810
1185 811
2190 812
2925 813
5622 814
5647 815
8876 816
950 817
9181 818
11059 819
4715 820
8311 821
5296 822
9171 823
9588 824
9758 825
9509 826
9744 827
46 828
464 829
2113 830
3958 831
4788 832
5183 833
5883 834
5689 835
3046 836
5797 837
4311 838
11172 839
5124 840
9196 841
11567 842
11589 843
2362 844
9083 845
5860 846
2064 847
8019 848
3417 849
9333 850
8918 851
9597 852
3445 853
9357 854
10167 855
11436 856
10886 857
4268 858
6213 859
10759 860
8467 861
9884 862
4034 863
11306 864
8366 865
222 866
8341 867
9794 868
1280 869
1729 870
800 871
1300 872
9696 873
9131 874
767 875
11886 876
2927 877
5217 878
6763 879
804 880
9291 881
8304 882
7405 883
9894 884
8451 885
10328 886
11789 887
5868 888
7962 889
10200 890
11422 891
2944 892
1295 893
1234 894
7397 895
8187 896
6871 897
1080 898
7803 899
4613 900
11909 901
3954 902
10943 903
7385 904
7603 905
9952 906
4017 907
4185 908
2194 909
5221 910
7169 911
9815 912
10847 913
6441 914
1627 915
2346 916
7879 917
4320 918
900 919
10366 920
10648 921
2992 922
3255 923
10332 924
10340 925
5912 926
7173 927
3601 928
7317 929
11613 930
2145 931
11314 932
2535 933
8235 934
6435 935
9039 936
1130 937
10368 938
4577 939
3579 940
6258 941
3960 942
4590 943
2039 944
4036 945
7061 946
7271 947
11211 948
10084 949
7539 950
3358 951
2374 952
11631 953
2358 954
1287 955
926 956
9467 957
10761 958
10492 959
11421 960
5661 961
1122 962
3006 963
1245 964
3140 965
11985 966
8946 967
1805 968
61 969
32 970
8243 971
9975 972
1293 973
11347 974
7924 975
8643 976
10709 977
9369 978
4998 979
5009 980
3943 981
6387 982
8107 983
6537 984
1491 985
5265 986
5289 987
9409 988
11788 989
1404 990
72 991
10594 992
9564 993
752 994
9003 995
10992 996
6927 997
733 998
9950 999
771 1000
2521 1001
2239 1002
5133 1003
10185 1004
11241 1005
1762 1006
239 1007
1320 1008
2053 1009
5608 1010
1404 1011
1789 1012
3375 1013
5344 1014
7519 1015
817 1016
11882 1017
11151 1018
1474 1019
298 1020
10168 1021
10881 1022
5410 1023
9794 1024
8577 1025
2316 1026
4365 1027
10383 1028
3286 1029
930 1030
3959 1031
4016 1032
6890 1033
10028 1034
1575 1035
10263 1036
5532 1037
5861 1038
8920 1039
10344 1040
9124 1041
510 1042
9154 1043
1100 1044
3912 1045
1836 1046
9898 1047
5213 1048
10860 1049
6647 1050
1611 1051
5494 1052
10511 1053
7831 1054
6273 1055
3326 1056
333 1057
10984 1058
1352 1059
6506 1060
3675 1061
7644 1062
8459 1063
869 1064
9817 1065
1333 1066
756 1067
1740 1068
3362 1069
10344 1070
10533 1071
11005 1072
1093 1073
11327 1074
5777 1075
645 1076
6891 1077
7719 1078
8511 1079
5937 1080
8071 1081
4948 1082
3583 1083
11601 1084
2293 1085
2454 1086
6362 1087
8564 1088
4231 1089
961 1090
9448 1091
10627 1092
1140 1093
5825 1094
9371 1095
11764 1096
10362 1097
63 1098
7832 1099
9576 1100
11493 1101
9759 1102
491 1103
3263 1104
7779 1105
7617 1106
3182 1107
30 1108
1620 1109
3186 1110
7748 1111
8753 1112
749 1113
11431 1114
2848 1115
43 1116
5849 1117
9193 1118
2498 1119
56 1120
3302 1121
8381 1122
6938 1123
5290 1124
9665 1125
558 1126
7414 1127
7978 1128
10580 1129
6959 1130
2053 1131
7407 1132
3188 1133
6409 1134
10667 1135
8828 1136
622 1137
6085 1138
5867 1139
2167 1140
2674 1141
1052 1142
5121 1143
5532 1144
7815 1145
4102 1146
7214 1147
9334 1148
9412 1149
3481 1150
9990 1151
4235 1152
10951 1153
4514 1154
2443 1155
10701 1156
2138 1157
5778 1158
5659 1159
6766 1160
72 1161
1710 1162
9107 1163
9870 1164
11729 1165
10333 1166
7263 1167
3750 1168
778 1169
6506 1170
2905 1171
2036 1172
6447 1173
234 1174
5535 1175
11264 1176
8608 1177
11173 1178
3681 1179
8661 1180
2619 1181
3602 1182
11382 1183
954 1184
1120 1185
4275 1186
11921 1187
2448 1188
11706 1189
1780 1190
3661 1191
8094 1192
11898 1193
3654 1194
2234 1195
9890 1196
6232 1197
157 1198
7599 1199
