1350 950
4824 0
227 1
4443 2
2173 3
963 4
1526 5
13444 6
11350 7
4094 8
1906 9
7423 10
1842 11
7127 12
3405 13
5483 14
11009 15
9606 16
11417 17
3755 18
3347 19
12121 20
11317 21
3032 22
6751 23
8458 24
8880 25
7939 26
11730 27
2231 28
6806 29
5809 30
4591 31
12771 32
9136 33
1293 34
12893 35
12575 36
2263 37
9823 38
12642 39
5522 40
11856 41
3662 42
2276 43
1798 44
8472 45
2738 46
11475 47
2764 48
1261 49
2805 50
10381 51
8550 52
4403 53
3484 54
4735 55
6992 56
10947 57
5425 58
3958 59
627 60
268 61
5114 62
9415 63
12151 64
6701 65
7631 66
803 67
8914 68
5029 69
12839 70
10047 71
10764 72
13131 73
5090 74
11961 75
2711 76
2487 77
2185 78
6206 79
2980 80
4993 81
6930 82
5757 83
1659 84
1946 85
1224 86
5489 87
2439 88
7263 89
12300 90
4691 91
4532 92
986 93
12947 94
10160 95
4345 96
8020 97
11110 98
8586 99
9721 100
4538 101
9142 102
2389 103
2457 104
6497 105
6998 106
6806 107
11221 108
3021 109
7979 110
4108 111
4524 112
3085 113
5313 114
3820 115
843 116
11565 117
1971 118
7245 119
8690 120
2303 121
6169 122
10171 123
8636 124
9229 125
13124 126
13177 127
11497 128
10760 129
4675 130
2552 131
6872 132
11941 133
3766 134
12850 135
601 136
10695 137
7800 138
11008 139
7667 140
11856 141
4766 142
8983 143
5247 144
13029 145
1106 146
1575 147
11561 148
13170 149
776 150
6450 151
11492 152
688 153
1287 154
2352 155
9498 156
10276 157
8941 158
2192 159
6320 160
5948 161
8773 162
2157 163
10607 164
9108 165
8155 166
9902 167
5359 168
695 169
8716 170
4947 171
8963 172
821 173
1433 174
1108 175
2928 176
9380 177
4396 178
5578 179
9349 180
2678 181
11555 182
11096 183
7567 184
12253 185
12084 186
10875 187
4683 188
4311 189
10875 190
91 191
1656 192
2412 193
879 194
7828 195
12413 196
2436 197
2773 198
2268 199
5815 200
7202 201
8897 202
10755 203
1765 204
2559 205
4521 206
1222 207
7279 208
10664 209
8341 210
8562 211
11861 212
5655 213
13121 214
12593 215
7045 216
11753 217
11338 218
13052 219
6149 220
13093 221
13180 222
10150 223
6030 224
12879 225
7902 226
4034 227
10378 228
9782 229
4835 230
13050 231
5580 232
2218 233
5490 234
11720 235
2948 236
4335 237
2110 238
1722 239
10209 240
855 241
7752 242
3781 243
392 244
10635 245
12222 246
3938 247
9953 248
4598 249
2836 250
11836 251
6769 252
7347 253
2890 254
2374 255
8885 256
2461 257
4506 258
12231 259
12197 260
2494 261
3366 262
2518 263
12764 264
4619 265
10885 266
11697 267
6200 268
1552 269
2927 270
11029 271
4218 272
5298 273
12886 274
12232 275
11605 276
8589 277
9011 278
10991 279
8749 280
6275 281
11590 282
9282 283
10327 284
12450 285
2032 286
12391 287
3577 288
5754 289
6963 290
2469 291
13151 292
12332 293
9299 294
10220 295
12764 296
1303 297
9180 298
1114 299
8091 300
1194 301
8069 302
3280 303
4249 304
841 305
6453 306
865 307
3656 308
9347 309
11967 310
11126 311
10561 312
8854 313
5556 314
6757 315
2798 316
8092 317
9214 318
10447 319
8053 320
3667 321
8150 322
9295 323
12806 324
7169 325
5852 326
2675 327
5745 328
13254 329
5081 330
13144 331
13407 332
8501 333
807 334
3101 335
10317 336
10928 337
8238 338
4863 339
5339 340
4408 341
10021 342
5345 343
3704 344
3977 345
13062 346
3895 347
2486 348
11434 349
7087 350
4351 351
12812 352
12064 353
4006 354
12363 355
12473 356
3589 357
11322 358
4836 359
13002 360
6172 361
11234 362
1458 363
11826 364
5469 365
4170 366
9471 367
10775 368
9994 369
11515 370
4717 371
13160 372
2603 373
5505 374
1674 375
8917 376
10069 377
4564 378
7156 379
8885 380
3777 381
4143 382
5831 383
4466 384
13098 385
9264 386
11051 387
6930 388
9420 389
6512 390
6564 391
2890 392
2351 393
8147 394
10397 395
12844 396
13040 397
7743 398
9612 399
9726 400
6194 401
12605 402
2907 403
10390 404
5653 405
1499 406
2957 407
6804 408
3905 409
10605 410
3524 411
226 412
6942 413
7676 414
383 415
9467 416
2817 417
12636 418
6844 419
9055 420
1006 421
13473 422
6652 423
10594 424
8093 425
6227 426
1213 427
5659 428
9738 429
2458 430
11263 431
3812 432
7424 433
12827 434
303 435
11021 436
10880 437
8379 438
2687 439
9634 440
12967 441
7920 442
12199 443
7553 444
7625 445
6124 446
10826 447
8717 448
11009 449
5287 450
5661 451
8646 452
7769 453
11552 454
7812 455
10040 456
7873 457
3843 458
5955 459
8031 460
9289 461
7670 462
850 463
5265 464
9311 465
6380 466
2989 467
8989 468
194 469
5306 470
415 471
8122 472
7924 473
9025 474
795 475
9464 476
5463 477
6429 478
3641 479
11090 480
9800 481
4819 482
1259 483
1514 484
3327 485
11161 486
9720 487
507 488
11328 489
5935 490
2964 491
264 492
7534 493
3598 494
1086 495
298 496
1853 497
10987 498
1789 499
5600 500
13286 501
2974 502
4597 503
220 504
4643 505
9334 506
12320 507
4 508
694 509
8144 510
1421 511
7532 512
583 513
9060 514
8104 515
3001 516
2295 517
3171 518
8814 519
11702 520
7491 521
11105 522
8746 523
4141 524
12231 525
12232 526
11950 527
2475 528
10518 529
6772 530
3745 531
2492 532
4476 533
3355 534
8016 535
6187 536
12293 537
7482 538
10985 539
11351 540
6664 541
3144 542
4536 543
8123 544
4322 545
883 546
8039 547
9743 548
13453 549
10212 550
5561 551
2360 552
11123 553
273 554
11687 555
7103 556
10984 557
5689 558
11216 559
3505 560
12789 561
13065 562
2943 563
8042 564
302 565
959 566
4407 567
5174 568
12811 569
10308 570
3724 571
7059 572
8187 573
12253 574
12434 575
6620 576
720 577
6282 578
6342 579
13201 580
3423 581
11696 582
5111 583
7574 584
2374 585
13367 586
6303 587
8117 588
6968 589
3701 590
4068 591
8293 592
10616 593
12295 594
8042 595
11161 596
6564 597
7806 598
4997 599
8700 600
12901 601
9799 602
7752 603
7801 604
9298 605
13456 606
4015 607
12465 608
12945 609
1056 610
4098 611
7159 612
8158 613
6244 614
9920 615
5899 616
7377 617
2664 618
9583 619
3542 620
12971 621
7310 622
8078 623
6849 624
12588 625
12288 626
7073 627
7643 628
12880 629
562 630
10224 631
6229 632
11866 633
8052 634
8900 635
7740 636
7639 637
8384 638
9912 639
4382 640
8736 641
9589 642
6273 643
3155 644
693 645
6131 646
2552 647
3767 648
631 649
13188 650
879 651
8296 652
8192 653
10864 654
7266 655
1009 656
7796 657
12665 658
5455 659
6448 660
6484 661
6767 662
11182 663
9991 664
5574 665
11441 666
6480 667
3288 668
6167 669
1453 670
5792 671
4006 672
5381 673
1188 674
12216 675
10031 676
11267 677
5831 678
3031 679
9359 680
12986 681
7215 682
987 683
8535 684
48 685
799 686
13133 687
4112 688
12446 689
11854 690
12878 691
10 692
1336 693
13226 694
1946 695
9889 696
13441 697
11647 698
9000 699
7712 700
10891 701
10860 702
9758 703
11128 704
9591 705
3142 706
816 707
2108 708
748 709
12814 710
6082 711
13342 712
7046 713
5985 714
7172 715
12692 716
6680 717
12959 718
8614 719
6055 720
5679 721
3097 722
12267 723
8255 724
3193 725
1792 726
1136 727
7305 728
7298 729
12432 730
11870 731
10683 732
2360 733
771 734
171 735
7959 736
1964 737
8983 738
4093 739
4717 740
4856 741
776 742
6549 743
5466 744
10056 745
5493 746
90 747
10008 748
10278 749
5311 750
2751 751
12852 752
3465 753
4792 754
12137 755
1558 756
8100 757
1397 758
301 759
12283 760
3863 761
5083 762
4212 763
9134 764
2262 765
7520 766
1830 767
13137 768
306 769
5866 770
12481 771
6649 772
11215 773
3755 774
11745 775
2244 776
4744 777
5667 778
4143 779
12756 780
892 781
3195 782
9259 783
11034 784
910 785
6054 786
11282 787
4228 788
5030 789
1309 790
12813 791
5587 792
5372 793
11739 794
6830 795
6001 796
3022 797
12058 798
3493 799
8393 800
7765 801
6498 802
381 803
13168 804
992 805
1807 806
1582 807
6302 808
7924 809
4824 810
11707 811
7569 812
12606 813
6433 814
7776 815
10391 816
11350 817
5057 818
13398 819
5403 820
7769 821
11599 822
4640 823
3456 824
5910 825
5677 826
8922 827
9212 828
810 829
6079 830
9134 831
12502 832
2217 833
12165 834
770 835
4481 836
2067 837
11781 838
6334 839
10431 840
13396 841
1059 842
5856 843
6544 844
8365 845
321 846
3546 847
11311 848
4488 849
3279 850
10802 851
13188 852
4008 853
1858 854
10594 855
335 856
7848 857
4833 858
722 859
11075 860
3479 861
3721 862
12572 863
525 864
7197 865
10159 866
11155 867
11405 868
8073 869
5653 870
1023 871
7732 872
1933 873
10216 874
748 875
11345 876
1259 877
13246 878
8099 879
10448 880
9975 881
12672 882
1618 883
7278 884
1042 885
7187 886
4483 887
4075 888
11559 889
6931 890
314 891
3260 892
708 893
11669 894
6009 895
10093 896
1448 897
2351 898
10603 899
4239 900
10846 901
1448 902
2856 903
12049 904
6923 905
9077 906
13344 907
6876 908
2749 909
5531 910
2619 911
10306 912
2664 913
8252 914
7579 915
4458 916
10627 917
1791 918
5402 919
12704 920
12587 921
11737 922
10803 923
3606 924
4352 925
2103 926
12975 927
8132 928
8218 929
2583 930
2325 931
12479 932
3678 933
9531 934
10058 935
10679 936
281 937
6066 938
13015 939
2734 940
5675 941
6501 942
9168 943
1850 944
1550 945
2054 946
12761 947
11097 948
527 949
11696 950
2634 951
8109 952
6191 953
11791 954
3301 955
6542 956
1173 957
1642 958
2293 959
9865 960
1215 961
12594 962
675 963
3659 964
6881 965
3694 966
8756 967
5914 968
1820 969
12425 970
849 971
9234 972
6684 973
9416 974
1640 975
11092 976
7915 977
13478 978
6722 979
8469 980
3704 981
12536 982
12873 983
909 984
9193 985
5655 986
946 987
1211 988
7364 989
7376 990
9947 991
3521 992
12330 993
2441 994
2847 995
2747 996
8612 997
8297 998
11771 999
9123 1000
12187 1001
8752 1002
10650 1003
1215 1004
8791 1005
6418 1006
12243 1007
11089 1008
11309 1009
13021 1010
4071 1011
12833 1012
6280 1013
3804 1014
3931 1015
1871 1016
10276 1017
11588 1018
3233 1019
10232 1020
3132 1021
10323 1022
3742 1023
2772 1024
6124 1025
10753 1026
12688 1027
271 1028
1681 1029
12183 1030
10124 1031
2955 1032
9459 1033
3576 1034
9775 1035
2464 1036
3796 1037
11517 1038
7085 1039
4456 1040
12847 1041
5742 1042
5946 1043
6700 1044
12880 1045
9373 1046
4067 1047
9331 1048
5507 1049
10337 1050
7788 1051
292 1052
5916 1053
5094 1054
8078 1055
5697 1056
1897 1057
8497 1058
6061 1059
6383 1060
13139 1061
11993 1062
1461 1063
2193 1064
8717 1065
9411 1066
4819 1067
250 1068
9070 1069
2342 1070
7878 1071
11897 1072
6177 1073
7326 1074
277 1075
912 1076
10221 1077
4993 1078
3947 1079
8382 1080
7487 1081
9557 1082
13477 1083
5405 1084
10844 1085
4015 1086
2966 1087
678 1088
11272 1089
10232 1090
2394 1091
13309 1092
6095 1093
5561 1094
6237 1095
8721 1096
6355 1097
1898 1098
9251 1099
1792 1100
10490 1101
3376 1102
10308 1103
12508 1104
11385 1105
11196 1106
2745 1107
9506 1108
3538 1109
2785 1110
7448 1111
8792 1112
6835 1113
4437 1114
5654 1115
12022 1116
7906 1117
10839 1118
450 1119
11088 1120
12844 1121
458 1122
5079 1123
4429 1124
5389 1125
12709 1126
6848 1127
12998 1128
10924 1129
10905 1130
2255 1131
10486 1132
114 1133
11995 1134
5857 1135
2259 1136
7229 1137
7131 1138
11878 1139
12429 1140
981 1141
2031 1142
10279 1143
6050 1144
6331 1145
913 1146
10164 1147
12410 1148
322 1149
2690 1150
6120 1151
1547 1152
11578 1153
13071 1154
8533 1155
2354 1156
13008 1157
5627 1158
9174 1159
12625 1160
1018 1161
9841 1162
5409 1163
10776 1164
3533 1165
1546 1166
12690 1167
4760 1168
5600 1169
10232 1170
8097 1171
5926 1172
9755 1173
272 1174
8680 1175
5435 1176
5066 1177
1268 1178
3372 1179
3459 1180
2134 1181
10960 1182
3064 1183
9529 1184
7381 1185
7174 1186
11303 1187
5378 1188
11443 1189
6628 1190
9932 1191
8474 1192
7141 1193
4512 1194
1194 1195
6485 1196
2009 1197
831 1198
5842 1199
1508 1200
10949 1201
5492 1202
11684 1203
8858 1204
7829 1205
5024 1206
4338 1207
10042 1208
12971 1209
815 1210
7658 1211
4721 1212
9920 1213
12108 1214
12645 1215
4223 1216
1393 1217
7659 1218
4653 1219
231 1220
10452 1221
49 1222
5817 1223
3881 1224
12055 1225
752 1226
3620 1227
249 1228
1102 1229
8229 1230
312 1231
2987 1232
1627 1233
1647 1234
6614 1235
11317 1236
2467 1237
8388 1238
8984 1239
5075 1240
12522 1241
12423 1242
5840 1243
9293 1244
1107 1245
5634 1246
3857 1247
7720 1248
4359 1249
8664 1250
11328 1251
2183 1252
13074 1253
5812 1254
4257 1255
12764 1256
7509 1257
2424 1258
5113 1259
7799 1260
6425 1261
7601 1262
12023 1263
12362 1264
12465 1265
3080 1266
9244 1267
8374 1268
7721 1269
1564 1270
5375 1271
257 1272
3860 1273
13040 1274
7214 1275
6008 1276
581 1277
12489 1278
1736 1279
2737 1280
3376 1281
3801 1282
5129 1283
8340 1284
3033 1285
8485 1286
4585 1287
7374 1288
2008 1289
2803 1290
7983 1291
4283 1292
10146 1293
13267 1294
7230 1295
3509 1296
12567 1297
7680 1298
7272 1299
6541 1300
9053 1301
12162 1302
8197 1303
12273 1304
6892 1305
2315 1306
2350 1307
4858 1308
6407 1309
6128 1310
8100 1311
1226 1312
1372 1313
1309 1314
9928 1315
9328 1316
8433 1317
12822 1318
4768 1319
1022 1320
7843 1321
2434 1322
6123 1323
6178 1324
7971 1325
12090 1326
7084 1327
4611 1328
7668 1329
13338 1330
10317 1331
5437 1332
4447 1333
8168 1334
4709 1335
9344 1336
6536 1337
1331 1338
4183 1339
11151 1340
3876 1341
4956 1342
7365 1343
2340 1344
2741 1345
2492 1346
3266 1347
12380 1348
11430 1349
