1400 1000
5249 0
1258 1
12984 2
38 3
1039 4
11042 5
11027 6
6874 7
13529 8
5612 9
7524 10
8307 11
9495 12
7496 13
1905 14
3291 15
2899 16
7076 17
12457 18
4004 19
11934 20
7389 21
1123 22
8865 23
2516 24
3175 25
538 26
583 27
1241 28
4633 29
4112 30
8806 31
9357 32
3176 33
4200 34
8490 35
6533 36
733 37
5924 38
2061 39
367 40
11556 41
10610 42
1194 43
5279 44
13989 45
694 46
1169 47
9069 48
13346 49
208 50
832 51
1435 52
9563 53
1234 54
8673 55
854 56
9816 57
5041 58
12479 59
2203 60
11851 61
13083 62
1757 63
7241 64
10873 65
475 66
13882 67
4363 68
1091 69
7828 70
6436 71
240 72
1157 73
2823 74
1792 75
13288 76
6401 77
1324 78
4020 79
8970 80
13656 81
12756 82
7741 83
11623 84
3679 85
9312 86
4913 87
4189 88
6539 89
2252 90
2956 91
3083 92
851 93
4165 94
13666 95
10411 96
5771 97
6610 98
12536 99
13749 100
10159 101
2964 102
2045 103
6105 104
9535 105
9038 106
13144 107
8682 108
5909 109
11174 110
378 111
866 112
1152 113
957 114
487 115
11250 116
2219 117
7128 118
2381 119
13785 120
7555 121
9379 122
3577 123
9286 124
2979 125
5933 126
9188 127
10019 128
13224 129
3323 130
7605 131
10645 132
11351 133
13153 134
105 135
3346 136
4642 137
11593 138
3174 139
6583 140
3509 141
10616 142
13115 143
965 144
9480 145
7273 146
4108 147
977 148
1824 149
4620 150
7447 151
1368 152
11340 153
4512 154
13746 155
12481 156
12098 157
2793 158
2015 159
7815 160
10085 161
9974 162
10524 163
8612 164
5526 165
9092 166
411 167
5222 168
6287 169
2147 170
4645 171
12484 172
6393 173
6083 174
10101 175
3113 176
1972 177
1785 178
9553 179
3199 180
12465 181
6633 182
12128 183
8401 184
3587 185
9095 186
12729 187
3325 188
13569 189
11401 190
12326 191
9883 192
8898 193
4099 194
8812 195
3014 196
12255 197
634 198
1218 199
2690 200
209 201
142 202
3793 203
2711 204
6413 205
8969 206
3143 207
1963 208
8472 209
13958 210
10344 211
11321 212
9689 213
800 214
10533 215
10523 216
11902 217
11926 218
5544 219
3059 220
11855 221
2141 222
1725 223
10897 224
6738 225
12013 226
13451 227
2301 228
802 229
12459 230
9689 231
13664 232
7131 233
9564 234
8065 235
9403 236
8231 237
7219 238
7607 239
822 240
1852 241
6596 242
1997 243
6534 244
4775 245
980 246
1438 247
8025 248
1901 249
12424 250
2571 251
3336 252
5191 253
12287 254
7943 255
11091 256
4145 257
5862 258
8176 259
13746 260
143 261
13283 262
10786 263
3646 264
9479 265
13230 266
11144 267
1624 268
7553 269
10459 270
6082 271
1628 272
10435 273
8290 274
13949 275
8277 276
9939 277
5342 278
7268 279
12516 280
4974 281
8035 282
10410 283
3860 284
2849 285
12932 286
3430 287
12848 288
10146 289
6026 290
8790 291
7033 292
8239 293
7349 294
13626 295
655 296
6835 297
7038 298
10647 299
8387 300
6313 301
13136 302
10512 303
11180 304
12680 305
4174 306
6960 307
10250 308
10203 309
2503 310
7412 311
13739 312
9011 313
7787 314
3140 315
658 316
4551 317
10033 318
3052 319
5667 320
5091 321
12201 322
13222 323
3142 324
10272 325
1105 326
4415 327
11635 328
12824 329
6770 330
330 331
5932 332
4777 333
1536 334
2790 335
9826 336
5382 337
11039 338
7549 339
10387 340
5078 341
7849 342
10318 343
7555 344
12004 345
8972 346
6600 347
6510 348
12085 349
7564 350
1184 351
5164 352
11528 353
932 354
1454 355
852 356
7195 357
10290 358
9243 359
10061 360
11205 361
3204 362
10299 363
4204 364
4720 365
1399 366
8641 367
9378 368
269 369
2770 370
6503 371
591 372
8618 373
5289 374
8313 375
3494 376
5631 377
4426 378
689 379
12157 380
12526 381
770 382
13465 383
12016 384
11019 385
3620 386
11999 387
5749 388
789 389
4603 390
10080 391
5528 392
6973 393
5580 394
10474 395
142 396
11800 397
11086 398
865 399
13909 400
3253 401
6736 402
2544 403
7966 404
4644 405
597 406
5368 407
2518 408
11792 409
12832 410
7871 411
3634 412
1138 413
6771 414
12387 415
419 416
13459 417
4881 418
11391 419
13078 420
4602 421
9341 422
12659 423
844 424
10594 425
7792 426
11041 427
8286 428
6310 429
1190 430
8237 431
10861 432
9600 433
3680 434
13557 435
11874 436
6705 437
4371 438
7462 439
4798 440
7529 441
10753 442
12516 443
6678 444
3299 445
9990 446
6200 447
2472 448
5429 449
20 450
3660 451
3418 452
2508 453
6719 454
11060 455
5649 456
8959 457
333 458
13353 459
11378 460
3185 461
6404 462
595 463
2614 464
648 465
2404 466
7438 467
467 468
11539 469
2769 470
5225 471
7893 472
10717 473
10417 474
13694 475
4543 476
9202 477
3914 478
12594 479
64 480
10823 481
139 482
2298 483
13237 484
13885 485
11957 486
4957 487
1392 488
8352 489
8937 490
8463 491
1088 492
782 493
12253 494
7137 495
825 496
4350 497
3017 498
9465 499
12702 500
13833 501
13343 502
13588 503
1170 504
1696 505
1709 506
7173 507
9126 508
11794 509
5953 510
7464 511
6314 512
10298 513
12109 514
4001 515
13756 516
11929 517
8795 518
7871 519
846 520
10446 521
1342 522
12531 523
10846 524
142 525
4628 526
11580 527
13282 528
11956 529
13113 530
11510 531
3094 532
4457 533
13143 534
6353 535
2283 536
4661 537
13192 538
11788 539
4919 540
7205 541
669 542
13501 543
10320 544
8688 545
13675 546
821 547
3918 548
3083 549
163 550
9050 551
7090 552
10653 553
7174 554
683 555
2408 556
5461 557
10282 558
4722 559
8516 560
6900 561
728 562
8021 563
5537 564
10924 565
3045 566
10440 567
820 568
7704 569
12724 570
1777 571
7920 572
11049 573
10152 574
12500 575
3396 576
10738 577
12554 578
275 579
3379 580
12599 581
11872 582
6371 583
10766 584
7961 585
13643 586
7549 587
9520 588
10348 589
7541 590
2041 591
11064 592
13332 593
10461 594
7924 595
11813 596
6874 597
2446 598
4266 599
9182 600
10561 601
6816 602
13157 603
363 604
10440 605
678 606
13776 607
7754 608
12532 609
12024 610
2241 611
6764 612
4998 613
1238 614
8406 615
817 616
80 617
10772 618
7308 619
7454 620
778 621
7150 622
1169 623
10969 624
8156 625
9138 626
4385 627
7681 628
11260 629
941 630
3645 631
1920 632
10136 633
1897 634
11141 635
3681 636
1555 637
1434 638
11650 639
10973 640
11925 641
5872 642
12895 643
5719 644
13365 645
6117 646
1241 647
8505 648
11093 649
54 650
5071 651
4826 652
11366 653
5527 654
11528 655
11317 656
10147 657
3384 658
11197 659
9247 660
12559 661
3680 662
9759 663
257 664
5497 665
12974 666
7923 667
9417 668
11053 669
10912 670
10587 671
11887 672
1243 673
10337 674
4331 675
13155 676
12699 677
3718 678
2921 679
9787 680
2383 681
5492 682
12551 683
9250 684
11556 685
2634 686
9110 687
5223 688
13512 689
12592 690
1372 691
6580 692
5257 693
3281 694
7670 695
13732 696
8527 697
4790 698
2046 699
9145 700
8446 701
12764 702
9316 703
5818 704
5931 705
13293 706
10151 707
6270 708
2210 709
1537 710
13867 711
3711 712
3423 713
6226 714
6738 715
5883 716
11496 717
2568 718
1103 719
5378 720
7186 721
6584 722
5189 723
6403 724
10265 725
12629 726
13519 727
8524 728
8608 729
12917 730
3979 731
2511 732
7688 733
7136 734
4379 735
8538 736
8560 737
7109 738
2871 739
13969 740
622 741
13041 742
9045 743
2689 744
6868 745
6960 746
12711 747
12967 748
2820 749
601 750
6163 751
253 752
12160 753
12114 754
6100 755
10118 756
2937 757
10567 758
10558 759
9496 760
13976 761
13454 762
6016 763
982 764
6180 765
11787 766
103 767
4850 768
7248 769
4672 770
1788 771
1275 772
4855 773
10191 774
11130 775
2945 776
6201 777
1791 778
947 779
4138 780
6043 781
7959 782
6251 783
7 784
4754 785
8610 786
627 787
4581 788
3903 789
12380 790
5354 791
7509 792
3793 793
11253 794
10054 795
12711 796
10980 797
10500 798
292 799
4494 800
5359 801
2419 802
911 803
8704 804
5600 805
7351 806
3973 807
13982 808
13420 809
5047 810
9079 811
3526 812
807 813
4834 814
10459 815
4708 816
8222 817
6579 818
576 819
7086 820
11384 821
7009 822
12734 823
8393 824
7396 825
8351 826
6326 827
9371 828
225 829
1669 830
4908 831
13947 832
1008 833
5795 834
11038 835
13467 836
6852 837
10217 838
1186 839
13948 840
1332 841
1140 842
4223 843
10019 844
189 845
5221 846
12541 847
10416 848
9340 849
3841 850
8698 851
1852 852
8171 853
5774 854
9615 855
10739 856
4049 857
3304 858
10017 859
7181 860
13108 861
1589 862
6763 863
2353 864
5702 865
9836 866
6768 867
986 868
9009 869
7423 870
5045 871
6470 872
7041 873
7288 874
2042 875
231 876
10987 877
12044 878
7688 879
9119 880
6427 881
9119 882
671 883
5030 884
13017 885
2206 886
506 887
2161 888
8720 889
2589 890
4155 891
6858 892
10276 893
5142 894
492 895
8684 896
12730 897
2198 898
4086 899
4334 900
5501 901
9533 902
1719 903
4293 904
2894 905
13022 906
9719 907
4294 908
2120 909
7138 910
4389 911
3327 912
4678 913
4014 914
12048 915
9095 916
8331 917
6674 918
608 919
5834 920
10119 921
428 922
4459 923
3439 924
10814 925
893 926
5422 927
5723 928
7403 929
13615 930
2485 931
4318 932
4126 933
9919 934
1201 935
1139 936
3207 937
10191 938
10508 939
6929 940
12605 941
10131 942
7947 943
198 944
9633 945
8186 946
5730 947
3111 948
12061 949
10944 950
12994 951
10472 952
869 953
11210 954
13509 955
7434 956
7946 957
12469 958
3687 959
9636 960
4108 961
12573 962
9565 963
2846 964
10379 965
6511 966
9178 967
8604 968
5090 969
8989 970
4937 971
4156 972
113 973
10082 974
9060 975
6359 976
862 977
5668 978
10743 979
4840 980
11218 981
9214 982
12378 983
7709 984
3966 985
10990 986
5632 987
2198 988
8357 989
10070 990
3308 991
12613 992
11612 993
7160 994
10852 995
7258 996
13806 997
6642 998
4579 999
1465 1000
12738 1001
7110 1002
6637 1003
3931 1004
3918 1005
4603 1006
5342 1007
13589 1008
2906 1009
9827 1010
1134 1011
6650 1012
977 1013
7817 1014
12856 1015
2110 1016
1783 1017
9621 1018
9913 1019
8409 1020
1733 1021
2928 1022
13661 1023
3809 1024
13705 1025
11169 1026
11734 1027
10058 1028
13136 1029
8503 1030
11461 1031
11435 1032
10513 1033
10914 1034
9632 1035
213 1036
7534 1037
2770 1038
2975 1039
5617 1040
6138 1041
623 1042
5984 1043
7071 1044
8521 1045
6180 1046
1383 1047
7704 1048
6301 1049
11458 1050
9718 1051
11260 1052
12444 1053
6411 1054
5804 1055
10398 1056
9608 1057
2487 1058
715 1059
4678 1060
3477 1061
12436 1062
13472 1063
11199 1064
11606 1065
12265 1066
13396 1067
2593 1068
5062 1069
1131 1070
7403 1071
8474 1072
9855 1073
10451 1074
9800 1075
5431 1076
9219 1077
2143 1078
4396 1079
6643 1080
13216 1081
12055 1082
2696 1083
9992 1084
7720 1085
4688 1086
8076 1087
2904 1088
11905 1089
4012 1090
9914 1091
5444 1092
5325 1093
7156 1094
6767 1095
10316 1096
11073 1097
13581 1098
7597 1099
4616 1100
5130 1101
9105 1102
13620 1103
9240 1104
12088 1105
2147 1106
10885 1107
7646 1108
670 1109
6262 1110
13163 1111
1662 1112
13527 1113
1563 1114
12324 1115
4459 1116
2082 1117
553 1118
10570 1119
1096 1120
5687 1121
8316 1122
6027 1123
1894 1124
9896 1125
6286 1126
11487 1127
3425 1128
2498 1129
9612 1130
2911 1131
13682 1132
11920 1133
5539 1134
3031 1135
2698 1136
9080 1137
460 1138
11464 1139
13164 1140
2760 1141
4576 1142
3161 1143
110 1144
5754 1145
11968 1146
5302 1147
2236 1148
7730 1149
8585 1150
2981 1151
5304 1152
10310 1153
6375 1154
10904 1155
6884 1156
2611 1157
11456 1158
11294 1159
1628 1160
1178 1161
9624 1162
1246 1163
900 1164
5850 1165
12802 1166
1666 1167
13059 1168
7236 1169
12781 1170
6556 1171
6849 1172
5445 1173
7407 1174
8517 1175
2168 1176
11751 1177
6580 1178
12884 1179
12785 1180
1977 1181
4576 1182
4635 1183
7213 1184
9130 1185
3303 1186
12085 1187
1529 1188
1837 1189
9293 1190
1800 1191
10087 1192
10962 1193
1642 1194
7130 1195
3699 1196
4198 1197
10371 1198
10938 1199
8317 1200
176 1201
4676 1202
396 1203
2941 1204
10249 1205
11971 1206
10358 1207
11395 1208
9083 1209
13207 1210
5550 1211
2938 1212
5915 1213
7193 1214
7763 1215
1436 1216
11002 1217
11001 1218
1704 1219
6073 1220
13438 1221
443 1222
3763 1223
4739 1224
199 1225
12559 1226
2244 1227
1836 1228
13344 1229
4453 1230
3265 1231
8558 1232
3862 1233
1448 1234
6341 1235
9622 1236
8135 1237
13052 1238
5616 1239
7280 1240
1649 1241
5129 1242
11440 1243
174 1244
10525 1245
1672 1246
728 1247
7984 1248
11540 1249
4845 1250
6911 1251
5167 1252
9192 1253
3797 1254
9428 1255
1157 1256
9709 1257
4182 1258
8448 1259
5033 1260
3697 1261
6427 1262
4947 1263
5147 1264
8562 1265
12621 1266
8770 1267
1784 1268
7124 1269
9237 1270
5415 1271
12344 1272
165 1273
7932 1274
3637 1275
472 1276
1605 1277
4410 1278
6388 1279
11104 1280
3535 1281
5369 1282
1048 1283
9934 1284
13377 1285
10289 1286
11240 1287
13026 1288
2025 1289
1464 1290
3021 1291
7070 1292
10745 1293
5478 1294
10965 1295
860 1296
10843 1297
12713 1298
8014 1299
2235 1300
6028 1301
83 1302
10295 1303
12906 1304
12661 1305
10701 1306
9831 1307
3599 1308
7966 1309
7753 1310
11461 1311
915 1312
2299 1313
5570 1314
11011 1315
3104 1316
2773 1317
11999 1318
2785 1319
6088 1320
376 1321
12695 1322
13194 1323
10730 1324
6858 1325
1382 1326
11732 1327
2615 1328
12495 1329
1899 1330
2456 1331
1999 1332
1026 1333
3383 1334
11431 1335
566 1336
8867 1337
6478 1338
7758 1339
12190 1340
3104 1341
3454 1342
9825 1343
4633 1344
11499 1345
9106 1346
2203 1347
3051 1348
9137 1349
8094 1350
339 1351
6326 1352
6175 1353
8253 1354
8858 1355
12783 1356
7529 1357
1053 1358
4363 1359
6039 1360
775 1361
12408 1362
9352 1363
9436 1364
6930 1365
6140 1366
10321 1367
9959 1368
8238 1369
13111 1370
720 1371
1317 1372
6153 1373
4614 1374
3303 1375
3529 1376
2773 1377
4759 1378
3797 1379
5200 1380
3753 1381
13532 1382
1940 1383
11066 1384
8533 1385
175 1386
5097 1387
7829 1388
4273 1389
61 1390
4354 1391
1691 1392
5457 1393
1008 1394
8310 1395
13436 1396
1410 1397
4133 1398
1858 1399
