1500 650
13854 0
12279 1
11723 2
10482 3
10067 4
10706 5
1650 6
11255 7
14032 8
13265 9
5959 10
14888 11
12127 12
7895 13
2303 14
10564 15
12957 16
11164 17
3485 18
5454 19
4885 20
7425 21
1999 22
12803 23
2031 24
13898 25
8929 26
11041 27
5599 28
13709 29
9874 30
14284 31
13157 32
11941 33
6816 34
8299 35
8981 36
11385 37
9266 38
4834 39
11605 40
3544 41
5717 42
4056 43
10881 44
10543 45
7753 46
8854 47
8766 48
14519 49
10780 50
4967 51
5460 52
1419 53
6678 54
4321 55
564 56
2691 57
11619 58
11569 59
9991 60
13483 61
7987 62
10774 63
9595 64
2489 65
76 66
11200 67
6257 68
57 69
2251 70
3325 71
11415 72
5375 73
563 74
3478 75
1176 76
2636 77
10151 78
6164 79
7920 80
8383 81
11000 82
13142 83
13483 84
14771 85
13486 86
341 87
7751 88
8486 89
2914 90
2727 91
8996 92
3479 93
4267 94
3412 95
6603 96
9836 97
12705 98
2409 99
6291 100
5072 101
11679 102
5307 103
13356 104
11550 105
608 106
9382 107
4189 108
2989 109
9620 110
11582 111
5014 112
5569 113
13245 114
5236 115
12137 116
10086 117
6455 118
5542 119
10532 120
6519 121
10714 122
4615 123
8428 124
4786 125
9667 126
8899 127
13937 128
8486 129
14691 130
11383 131
9666 132
727 133
6996 134
7514 135
2708 136
5236 137
504 138
1758 139
6272 140
3992 141
942 142
3966 143
5461 144
5572 145
1562 146
2625 147
8401 148
4746 149
876 150
9156 151
7667 152
7570 153
6049 154
11928 155
3802 156
9091 157
2383 158
6336 159
12513 160
6540 161
14263 162
11472 163
11511 164
7640 165
11105 166
10225 167
7200 168
7238 169
1420 170
4936 171
5963 172
7969 173
7738 174
2339 175
8717 176
12658 177
3545 178
12562 179
6100 180
14642 181
13970 182
9270 183
13408 184
3654 185
6650 186
1888 187
11381 188
10676 189
8119 190
13268 191
10457 192
4626 193
5156 194
9810 195
10151 196
12566 197
5939 198
1878 199
13596 200
11439 201
3524 202
8374 203
1644 204
13522 205
3427 206
466 207
9693 208
9800 209
1674 210
4677 211
5770 212
11227 213
9407 214
4016 215
7095 216
6347 217
14500 218
7862 219
8826 220
8674 221
2389 222
7513 223
5611 224
10279 225
12412 226
12128 227
6910 228
391 229
3622 230
14166 231
5508 232
14275 233
5444 234
3925 235
6862 236
10618 237
4453 238
7173 239
6310 240
3566 241
12481 242
7072 243
14696 244
8270 245
2529 246
10620 247
1645 248
5183 249
9764 250
6097 251
11808 252
12274 253
5662 254
6546 255
8708 256
9631 257
9397 258
127 259
1608 260
11605 261
841 262
9023 263
1542 264
5300 265
9272 266
1585 267
242 268
11884 269
14588 270
7052 271
14921 272
7610 273
10430 274
13395 275
7743 276
4497 277
11637 278
63 279
440 280
7251 281
2315 282
281 283
3458 284
14274 285
2617 286
13284 287
10929 288
1525 289
3189 290
9470 291
3436 292
9461 293
12462 294
13355 295
4421 296
12483 297
7428 298
2868 299
4431 300
3788 301
10452 302
13085 303
9500 304
12469 305
2736 306
3060 307
8178 308
11575 309
11477 310
11283 311
14684 312
11035 313
1887 314
4348 315
10606 316
2346 317
14520 318
12870 319
14484 320
12880 321
3155 322
4835 323
4080 324
7783 325
3569 326
8682 327
1232 328
8472 329
12618 330
2345 331
8281 332
6061 333
13545 334
11879 335
13443 336
12841 337
1886 338
14686 339
8153 340
13371 341
14156 342
3634 343
1425 344
11410 345
10979 346
263 347
11956 348
14143 349
4344 350
2404 351
2272 352
1884 353
3475 354
14560 355
8621 356
2247 357
820 358
6919 359
1150 360
588 361
2772 362
7105 363
4182 364
9781 365
4051 366
11708 367
4899 368
12057 369
13766 370
7253 371
13325 372
2310 373
3786 374
4262 375
11814 376
235 377
13412 378
153 379
11761 380
9158 381
5917 382
13608 383
12552 384
4241 385
2194 386
2249 387
7732 388
4484 389
2318 390
13240 391
10572 392
8839 393
14895 394
2683 395
12100 396
12438 397
5120 398
12054 399
3512 400
7438 401
6609 402
10963 403
6678 404
14991 405
4516 406
4313 407
780 408
14441 409
7863 410
10098 411
1050 412
14745 413
10973 414
13679 415
5689 416
12337 417
5892 418
170 419
6572 420
8857 421
1582 422
14587 423
13836 424
5656 425
6543 426
4275 427
10870 428
12675 429
11630 430
9683 431
2141 432
9146 433
10292 434
1317 435
12026 436
10471 437
9959 438
3148 439
7103 440
10193 441
1286 442
13496 443
2787 444
6137 445
4877 446
12367 447
3673 448
3270 449
1619 450
10979 451
9741 452
2681 453
9977 454
9926 455
12482 456
9625 457
2893 458
10927 459
3680 460
13499 461
5004 462
7847 463
198 464
13860 465
1495 466
8256 467
13878 468
11734 469
10953 470
8778 471
10184 472
14797 473
4518 474
8051 475
13105 476
3386 477
3079 478
11937 479
10309 480
4415 481
665 482
14496 483
2117 484
7334 485
4700 486
11323 487
6046 488
8649 489
1553 490
9842 491
1890 492
2253 493
13312 494
1375 495
8392 496
11939 497
6719 498
335 499
6272 500
14517 501
7942 502
348 503
11635 504
11707 505
14223 506
1066 507
6089 508
5397 509
11409 510
5589 511
8817 512
5364 513
949 514
9228 515
8682 516
9100 517
14764 518
6017 519
7617 520
5109 521
3396 522
12363 523
11152 524
5013 525
13235 526
10965 527
6266 528
4300 529
13389 530
9362 531
11509 532
3208 533
13631 534
13978 535
4463 536
13565 537
12493 538
9956 539
13993 540
11914 541
4451 542
9241 543
7702 544
12595 545
8822 546
3165 547
8989 548
10854 549
477 550
3317 551
9639 552
12027 553
3361 554
7850 555
226 556
11485 557
4537 558
8265 559
9584 560
13851 561
3940 562
150 563
5392 564
10712 565
1183 566
14707 567
8657 568
4091 569
2347 570
9910 571
3302 572
12666 573
6074 574
2590 575
6650 576
317 577
4683 578
2141 579
14159 580
2564 581
11533 582
12164 583
6535 584
11448 585
9288 586
1898 587
3605 588
12596 589
14249 590
5635 591
3281 592
3582 593
10717 594
11947 595
4070 596
12677 597
13461 598
6290 599
3287 600
9967 601
3776 602
7402 603
1841 604
1701 605
7612 606
14247 607
7619 608
4551 609
3867 610
13904 611
9597 612
5268 613
72 614
2920 615
6056 616
7093 617
2749 618
8362 619
11084 620
4499 621
12838 622
8181 623
2172 624
4420 625
4296 626
5773 627
663 628
10921 629
5608 630
4105 631
4516 632
3100 633
12740 634
14456 635
14822 636
314 637
1962 638
1269 639
11904 640
489 641
7749 642
2415 643
13235 644
2333 645
2913 646
6182 647
3734 648
11843 649
12398 650
8696 651
4901 652
11571 653
8701 654
13349 655
1202 656
4807 657
2240 658
508 659
11498 660
7569 661
13558 662
11429 663
5587 664
2454 665
6170 666
7928 667
8179 668
9020 669
14203 670
4158 671
3992 672
6295 673
13754 674
2454 675
7985 676
2575 677
10465 678
9760 679
3779 680
9158 681
12814 682
5145 683
10908 684
4051 685
13057 686
11558 687
14602 688
10176 689
11356 690
1492 691
11773 692
13772 693
4772 694
5808 695
3584 696
8860 697
9021 698
12328 699
8627 700
13525 701
7700 702
11811 703
11586 704
10029 705
3234 706
14172 707
7117 708
9089 709
6075 710
1162 711
9922 712
7222 713
1391 714
4278 715
6012 716
9154 717
13643 718
12237 719
12060 720
7571 721
9883 722
10340 723
1289 724
5752 725
11695 726
11068 727
7243 728
10368 729
14152 730
4064 731
699 732
6116 733
13895 734
3998 735
14593 736
5653 737
14128 738
4892 739
8038 740
7593 741
3199 742
6405 743
4564 744
5222 745
12218 746
486 747
9945 748
11746 749
5877 750
512 751
12449 752
3680 753
9882 754
12993 755
12642 756
4771 757
3042 758
3420 759
1866 760
11582 761
1795 762
934 763
5528 764
11335 765
930 766
13168 767
4366 768
8994 769
4867 770
1072 771
1116 772
7159 773
12796 774
5732 775
13437 776
902 777
11133 778
54 779
11522 780
4853 781
731 782
10543 783
2445 784
8146 785
5056 786
10775 787
11142 788
13383 789
10573 790
10833 791
10470 792
9333 793
1940 794
9338 795
13755 796
5608 797
636 798
6777 799
2704 800
837 801
7289 802
11630 803
5553 804
6353 805
5048 806
1710 807
13901 808
7442 809
9264 810
13496 811
9728 812
942 813
11457 814
420 815
4167 816
5604 817
4243 818
852 819
8869 820
4546 821
9355 822
5820 823
11127 824
10691 825
5682 826
14113 827
14450 828
7969 829
5587 830
7933 831
14537 832
8987 833
4954 834
1541 835
1838 836
1566 837
13095 838
9624 839
5404 840
12737 841
8279 842
14516 843
2205 844
3841 845
2249 846
4975 847
490 848
8429 849
12059 850
7908 851
10266 852
2154 853
3376 854
3610 855
5381 856
10603 857
4876 858
11329 859
8569 860
654 861
8049 862
10888 863
7784 864
3715 865
11499 866
9527 867
1508 868
11861 869
5180 870
9099 871
300 872
3099 873
707 874
5330 875
7312 876
7829 877
8781 878
12282 879
2333 880
10025 881
9602 882
14326 883
13024 884
6728 885
2594 886
3755 887
6184 888
7976 889
1057 890
12826 891
10928 892
7112 893
6455 894
6054 895
13236 896
9622 897
9792 898
1344 899
1304 900
4583 901
6374 902
8995 903
14091 904
1262 905
12201 906
6910 907
11266 908
14478 909
4004 910
14338 911
2173 912
3419 913
1907 914
908 915
7280 916
10291 917
4981 918
9733 919
7729 920
2044 921
3864 922
1270 923
11727 924
13037 925
4167 926
5149 927
14362 928
7231 929
13435 930
4322 931
6536 932
12763 933
1161 934
9672 935
9804 936
7224 937
571 938
3339 939
712 940
14666 941
8144 942
10529 943
2303 944
9171 945
8094 946
8943 947
1006 948
3311 949
7274 950
12879 951
14961 952
2264 953
9733 954
12816 955
11744 956
3679 957
7971 958
8673 959
1961 960
153 961
7967 962
5221 963
14965 964
1364 965
11802 966
9573 967
11796 968
4121 969
6271 970
6349 971
13834 972
788 973
4743 974
4 975
12425 976
4974 977
10817 978
14026 979
22 980
4916 981
5591 982
14082 983
12505 984
13362 985
5404 986
5189 987
3086 988
10719 989
12899 990
8672 991
9376 992
14926 993
9877 994
12770 995
14196 996
3740 997
14499 998
12118 999
7581 1000
8241 1001
512 1002
14810 1003
3415 1004
3652 1005
1725 1006
10319 1007
12192 1008
3821 1009
6236 1010
13549 1011
11103 1012
7916 1013
14650 1014
5130 1015
9668 1016
4181 1017
3478 1018
14334 1019
11086 1020
5310 1021
3254 1022
7368 1023
10390 1024
14124 1025
9960 1026
3819 1027
7327 1028
994 1029
1923 1030
8441 1031
12436 1032
944 1033
12468 1034
10944 1035
13086 1036
4693 1037
10186 1038
12585 1039
1033 1040
12567 1041
6687 1042
13844 1043
2979 1044
1326 1045
1834 1046
421 1047
11704 1048
1919 1049
10499 1050
12955 1051
2674 1052
5451 1053
1541 1054
7761 1055
12348 1056
11687 1057
4042 1058
14480 1059
8646 1060
13226 1061
781 1062
5666 1063
2012 1064
8005 1065
14088 1066
13805 1067
10056 1068
3293 1069
6890 1070
8343 1071
13458 1072
6782 1073
1317 1074
13639 1075
6132 1076
12876 1077
11512 1078
1786 1079
9148 1080
225 1081
4881 1082
3647 1083
2353 1084
1760 1085
10574 1086
7288 1087
777 1088
5177 1089
5642 1090
3032 1091
3914 1092
2757 1093
11084 1094
4690 1095
1408 1096
6473 1097
3599 1098
9316 1099
7273 1100
1207 1101
3494 1102
2899 1103
4194 1104
10335 1105
5597 1106
1388 1107
13359 1108
9840 1109
12962 1110
9991 1111
1332 1112
14730 1113
1483 1114
13310 1115
11394 1116
13914 1117
3305 1118
14047 1119
10145 1120
3112 1121
2955 1122
6043 1123
5003 1124
3122 1125
5483 1126
12045 1127
6085 1128
9866 1129
9043 1130
6707 1131
12628 1132
13731 1133
6456 1134
306 1135
13550 1136
14574 1137
9605 1138
3815 1139
9131 1140
1290 1141
3386 1142
12654 1143
6163 1144
5226 1145
3405 1146
9962 1147
9366 1148
4013 1149
3430 1150
663 1151
5859 1152
572 1153
7169 1154
11397 1155
10014 1156
14018 1157
10900 1158
2772 1159
12282 1160
6974 1161
7909 1162
8204 1163
7993 1164
8698 1165
10295 1166
2892 1167
1499 1168
9281 1169
1672 1170
3547 1171
4195 1172
6123 1173
11524 1174
2650 1175
11772 1176
1187 1177
9958 1178
3254 1179
13129 1180
51 1181
7800 1182
2274 1183
1718 1184
5865 1185
3652 1186
5376 1187
13943 1188
10779 1189
517 1190
14422 1191
6845 1192
9111 1193
2206 1194
7589 1195
5257 1196
7050 1197
3115 1198
13943 1199
10221 1200
3500 1201
10325 1202
12186 1203
5490 1204
6869 1205
1765 1206
10829 1207
7093 1208
5692 1209
10640 1210
5074 1211
11202 1212
8325 1213
3482 1214
9629 1215
2161 1216
4787 1217
8699 1218
787 1219
2388 1220
13135 1221
12635 1222
12620 1223
813 1224
6481 1225
9719 1226
7765 1227
618 1228
3192 1229
3874 1230
13629 1231
13756 1232
7306 1233
9795 1234
7959 1235
9757 1236
5487 1237
5650 1238
248 1239
13992 1240
4020 1241
13977 1242
14956 1243
5532 1244
13926 1245
8155 1246
1231 1247
6149 1248
8371 1249
2044 1250
3865 1251
10902 1252
1846 1253
8641 1254
12928 1255
14834 1256
6276 1257
7438 1258
8472 1259
2147 1260
504 1261
4677 1262
13772 1263
6428 1264
7837 1265
5066 1266
14313 1267
927 1268
4216 1269
621 1270
8411 1271
7930 1272
3576 1273
11143 1274
8697 1275
2308 1276
14509 1277
6501 1278
13336 1279
8475 1280
6512 1281
5748 1282
2358 1283
12293 1284
6672 1285
10131 1286
12644 1287
13670 1288
1437 1289
12949 1290
4710 1291
6399 1292
8233 1293
298 1294
14774 1295
6789 1296
3373 1297
4761 1298
5674 1299
8235 1300
12769 1301
13206 1302
7371 1303
8520 1304
6085 1305
7650 1306
729 1307
11530 1308
4774 1309
9866 1310
9234 1311
6182 1312
7977 1313
4844 1314
11013 1315
887 1316
834 1317
2160 1318
3450 1319
13661 1320
6150 1321
36 1322
9603 1323
2828 1324
5266 1325
6747 1326
12099 1327
13694 1328
8708 1329
4069 1330
3502 1331
3524 1332
4931 1333
168 1334
13547 1335
1498 1336
9424 1337
9407 1338
13264 1339
6607 1340
485 1341
5496 1342
12439 1343
11268 1344
7614 1345
9472 1346
3150 1347
14933 1348
4429 1349
1293 1350
9803 1351
9153 1352
13582 1353
11136 1354
4541 1355
14311 1356
6666 1357
11172 1358
11703 1359
13018 1360
170 1361
7738 1362
4324 1363
11311 1364
13361 1365
957 1366
8668 1367
14958 1368
11722 1369
14942 1370
14561 1371
7019 1372
10890 1373
7552 1374
7329 1375
5832 1376
11839 1377
312 1378
2947 1379
550 1380
9424 1381
2038 1382
5099 1383
14653 1384
8720 1385
7531 1386
576 1387
3518 1388
11981 1389
6301 1390
6497 1391
4645 1392
13735 1393
8352 1394
379 1395
9276 1396
4139 1397
7825 1398
8397 1399
942 1400
4269 1401
1795 1402
1319 1403
7102 1404
9337 1405
13296 1406
6840 1407
2829 1408
11460 1409
10200 1410
13753 1411
10730 1412
2276 1413
9358 1414
5569 1415
8505 1416
8389 1417
12388 1418
12236 1419
12133 1420
4917 1421
11501 1422
14872 1423
3576 1424
2288 1425
9857 1426
4722 1427
6348 1428
8631 1429
10358 1430
13881 1431
3577 1432
3708 1433
8719 1434
3979 1435
3705 1436
1522 1437
3293 1438
1667 1439
14636 1440
8694 1441
4245 1442
891 1443
3832 1444
12795 1445
14955 1446
7449 1447
10508 1448
7209 1449
12893 1450
12406 1451
254 1452
8840 1453
12402 1454
12809 1455
11591 1456
9834 1457
6124 1458
7467 1459
6577 1460
623 1461
3789 1462
11419 1463
239 1464
9811 1465
8970 1466
10067 1467
1819 1468
3535 1469
12323 1470
9180 1471
986 1472
12642 1473
6009 1474
5079 1475
9379 1476
9179 1477
857 1478
5207 1479
5186 1480
4335 1481
3490 1482
8046 1483
13514 1484
8842 1485
13683 1486
10027 1487
10358 1488
9963 1489
3773 1490
14624 1491
9299 1492
5651 1493
8155 1494
6984 1495
6888 1496
4236 1497
6858 1498
14250 1499
