1450 150
13029 0
11809 1
12105 2
5609 3
1794 4
620 5
6965 6
1249 7
2124 8
3679 9
5481 10
848 11
6370 12
12079 13
13602 14
13208 15
2128 16
10126 17
14059 18
2527 19
10768 20
6398 21
12372 22
9172 23
11953 24
9504 25
857 26
2651 27
1801 28
11373 29
4393 30
5808 31
8866 32
1335 33
11955 34
12421 35
435 36
5381 37
13568 38
1177 39
11901 40
8810 41
10628 42
4031 43
8777 44
7238 45
1123 46
6889 47
13144 48
11483 49
13228 50
12600 51
347 52
11978 53
11530 54
5561 55
8874 56
10798 57
451 58
9983 59
12945 60
12114 61
1678 62
7713 63
12021 64
717 65
9687 66
12818 67
10230 68
10926 69
11928 70
2218 71
9078 72
2110 73
5169 74
5862 75
6727 76
7492 77
8646 78
2346 79
12173 80
9504 81
7565 82
9638 83
8143 84
3374 85
6886 86
2594 87
14275 88
4458 89
11520 90
6155 91
8631 92
8766 93
12305 94
13767 95
4408 96
2913 97
6045 98
5862 99
13186 100
1122 101
13513 102
427 103
12660 104
10614 105
10640 106
4299 107
3184 108
1670 109
4892 110
13614 111
2327 112
2016 113
4548 114
3697 115
14299 116
10108 117
1932 118
10202 119
502 120
3032 121
14441 122
14478 123
11355 124
5095 125
11054 126
14324 127
3572 128
10188 129
1810 130
13959 131
4689 132
14191 133
6260 134
8584 135
1651 136
7950 137
5180 138
10753 139
10615 140
12666 141
1553 142
12457 143
2669 144
13068 145
4340 146
536 147
2518 148
886 149
84 150
1634 151
3064 152
1357 153
9756 154
2051 155
5460 156
8953 157
6314 158
4030 159
3693 160
2853 161
12233 162
4058 163
3215 164
5432 165
13775 166
5525 167
5459 168
13499 169
5718 170
12945 171
7327 172
14341 173
14403 174
5455 175
10363 176
5786 177
12563 178
5874 179
7677 180
13157 181
11186 182
1315 183
2635 184
3251 185
580 186
8163 187
6925 188
4208 189
4240 190
14154 191
3330 192
14131 193
10205 194
12138 195
14091 196
10379 197
8261 198
1048 199
12453 200
9323 201
9515 202
1621 203
13864 204
13525 205
11025 206
13782 207
3785 208
6328 209
11171 210
1780 211
7132 212
11891 213
7740 214
10866 215
10349 216
1966 217
11128 218
7316 219
4735 220
12861 221
11896 222
11100 223
1850 224
9372 225
3576 226
13715 227
6204 228
8382 229
3934 230
12637 231
6217 232
1274 233
3833 234
7213 235
11202 236
3595 237
9146 238
11392 239
9790 240
2204 241
10478 242
1562 243
11962 244
7709 245
9444 246
13726 247
12380 248
13484 249
578 250
12646 251
6191 252
22 253
6124 254
3341 255
7564 256
10621 257
12398 258
12814 259
13287 260
11876 261
8655 262
6721 263
11688 264
2988 265
11356 266
11382 267
13201 268
1183 269
12915 270
12548 271
2680 272
12370 273
9045 274
827 275
5275 276
1519 277
2717 278
8991 279
956 280
4186 281
13665 282
4157 283
6227 284
10014 285
3514 286
8696 287
10300 288
1086 289
6059 290
2576 291
9289 292
2409 293
3723 294
5792 295
11342 296
12594 297
2430 298
7591 299
7599 300
494 301
7220 302
14300 303
10003 304
4857 305
14285 306
1294 307
9005 308
434 309
8779 310
6103 311
12550 312
7098 313
10927 314
1201 315
9123 316
2714 317
5233 318
12465 319
13379 320
2690 321
7504 322
5516 323
2696 324
9387 325
8695 326
5785 327
13779 328
6507 329
5845 330
952 331
582 332
560 333
6332 334
12145 335
3244 336
3063 337
1034 338
2222 339
13073 340
3518 341
10872 342
7408 343
10768 344
490 345
9807 346
3777 347
8765 348
5898 349
8130 350
7989 351
331 352
8786 353
2096 354
14160 355
4582 356
5941 357
994 358
200 359
48 360
2659 361
5716 362
7581 363
8809 364
8653 365
5505 366
4345 367
4735 368
5314 369
7414 370
12141 371
12864 372
3060 373
2626 374
13515 375
2873 376
13767 377
1186 378
11168 379
989 380
11590 381
8823 382
6397 383
5161 384
727 385
8543 386
7922 387
13604 388
516 389
7528 390
2267 391
13671 392
5913 393
3656 394
10252 395
12145 396
5943 397
8210 398
7438 399
14236 400
4900 401
12781 402
113 403
13691 404
5742 405
5177 406
2951 407
1051 408
4349 409
9871 410
546 411
11488 412
94 413
1736 414
5060 415
1604 416
13910 417
10262 418
4667 419
1476 420
12191 421
6230 422
10180 423
8520 424
5243 425
7774 426
10103 427
10893 428
3273 429
8565 430
11447 431
11277 432
3118 433
1432 434
5714 435
10125 436
8563 437
13523 438
1196 439
3169 440
12381 441
870 442
14051 443
4843 444
11415 445
8760 446
6426 447
13450 448
12283 449
10454 450
4663 451
14414 452
10181 453
2403 454
13429 455
8025 456
9483 457
13586 458
5119 459
12864 460
8668 461
14224 462
309 463
13483 464
472 465
10049 466
4361 467
12600 468
9477 469
7795 470
9209 471
8396 472
2205 473
9106 474
1345 475
10870 476
11198 477
4625 478
704 479
8893 480
12131 481
4314 482
7655 483
10999 484
1199 485
11241 486
13189 487
7693 488
1935 489
6833 490
507 491
6963 492
2610 493
7759 494
1309 495
11327 496
6301 497
4174 498
10762 499
10172 500
2141 501
3437 502
6683 503
5657 504
8492 505
7007 506
13067 507
13052 508
2191 509
3256 510
12998 511
1524 512
2909 513
1041 514
13913 515
12148 516
2584 517
334 518
8027 519
12620 520
4950 521
11056 522
116 523
11807 524
6996 525
8105 526
1488 527
10519 528
5291 529
10615 530
14330 531
10969 532
10302 533
344 534
13262 535
734 536
11036 537
14219 538
6815 539
377 540
11481 541
2577 542
6728 543
10370 544
13650 545
3950 546
9662 547
8854 548
7307 549
12295 550
4640 551
6231 552
3205 553
11272 554
8902 555
1572 556
6556 557
6472 558
9047 559
2582 560
5348 561
9028 562
6901 563
13451 564
13927 565
14452 566
12278 567
9558 568
4183 569
12982 570
2583 571
9572 572
9972 573
4857 574
8899 575
2021 576
1913 577
2584 578
424 579
8509 580
2561 581
5226 582
10608 583
11128 584
9146 585
8640 586
4916 587
4344 588
5223 589
13304 590
14497 591
6630 592
5660 593
10407 594
706 595
1237 596
6744 597
4795 598
9825 599
7714 600
12926 601
10844 602
1215 603
14416 604
1029 605
3504 606
3471 607
8856 608
8531 609
12459 610
8417 611
12328 612
3455 613
9369 614
3320 615
5530 616
22 617
8798 618
4254 619
10425 620
11573 621
6463 622
12774 623
13020 624
8597 625
3824 626
14353 627
510 628
11321 629
4701 630
9548 631
4112 632
12459 633
2846 634
7339 635
3384 636
1837 637
4875 638
2195 639
1853 640
2288 641
1555 642
7452 643
6940 644
4634 645
1220 646
10479 647
11872 648
12515 649
6776 650
8868 651
1666 652
11523 653
473 654
12931 655
6249 656
6445 657
11080 658
5436 659
3447 660
838 661
13189 662
5992 663
7166 664
7088 665
8391 666
2133 667
9198 668
10104 669
12854 670
6182 671
6522 672
7739 673
588 674
11974 675
5792 676
1108 677
12389 678
2820 679
14152 680
8550 681
1709 682
13590 683
2044 684
4607 685
325 686
5309 687
4967 688
392 689
4062 690
9476 691
9052 692
9870 693
6398 694
11087 695
9009 696
12281 697
13768 698
604 699
13984 700
4039 701
595 702
12851 703
6258 704
13806 705
6694 706
4590 707
4210 708
14148 709
4999 710
10744 711
2063 712
8724 713
2605 714
3143 715
8781 716
6851 717
7979 718
11441 719
13282 720
12849 721
2712 722
2802 723
8478 724
12623 725
6490 726
164 727
2772 728
100 729
1446 730
13673 731
13186 732
3787 733
14060 734
9683 735
10156 736
4819 737
10147 738
12367 739
2690 740
4412 741
4230 742
14184 743
9065 744
69 745
5651 746
8696 747
2485 748
7058 749
3014 750
2133 751
8467 752
8404 753
6129 754
11427 755
14143 756
14457 757
14232 758
509 759
1955 760
9807 761
3600 762
12412 763
10887 764
12885 765
8976 766
9202 767
9281 768
1094 769
6362 770
8485 771
4609 772
10342 773
11509 774
5713 775
9935 776
588 777
189 778
2280 779
4859 780
9034 781
14448 782
7874 783
7028 784
4762 785
3095 786
11824 787
2948 788
10874 789
14171 790
5156 791
12630 792
7295 793
4189 794
6913 795
9056 796
803 797
12150 798
211 799
9419 800
3018 801
10069 802
11600 803
7314 804
2305 805
1147 806
5857 807
13241 808
5967 809
6795 810
5256 811
3804 812
4562 813
7114 814
11996 815
10879 816
8713 817
4666 818
12619 819
13972 820
6192 821
172 822
14281 823
9850 824
11793 825
7721 826
7574 827
2905 828
4819 829
6930 830
9996 831
7951 832
5880 833
7303 834
14144 835
13486 836
2210 837
6628 838
14463 839
2620 840
4743 841
11448 842
1866 843
7494 844
9980 845
12683 846
2490 847
3707 848
14213 849
4854 850
8551 851
6053 852
10882 853
4853 854
12545 855
4429 856
8647 857
11662 858
4289 859
13648 860
13309 861
5598 862
4281 863
11676 864
12744 865
7376 866
4877 867
11205 868
10660 869
6437 870
8220 871
691 872
1846 873
4468 874
12396 875
5619 876
4160 877
2912 878
594 879
11585 880
2526 881
8104 882
5595 883
10597 884
8049 885
13721 886
2133 887
2257 888
9403 889
1034 890
13853 891
2856 892
6053 893
2862 894
7611 895
8874 896
613 897
14149 898
4558 899
8141 900
10064 901
8071 902
9054 903
11150 904
1453 905
7041 906
13715 907
14125 908
3604 909
9761 910
7577 911
10732 912
2597 913
8542 914
13059 915
3480 916
1630 917
6459 918
3382 919
14190 920
13913 921
9203 922
14407 923
1209 924
1581 925
1764 926
10208 927
10142 928
1148 929
3477 930
10534 931
10770 932
13141 933
10044 934
9793 935
2833 936
1047 937
366 938
4409 939
8753 940
7247 941
8082 942
1386 943
9256 944
1260 945
439 946
14179 947
11409 948
13248 949
8183 950
3434 951
12304 952
9313 953
3461 954
11046 955
1873 956
3610 957
8197 958
11524 959
12096 960
7652 961
363 962
1628 963
9563 964
11482 965
668 966
9485 967
5047 968
8671 969
3017 970
8258 971
11939 972
14297 973
1236 974
3016 975
5868 976
529 977
5561 978
13072 979
8165 980
1816 981
11555 982
845 983
2833 984
4679 985
3962 986
12288 987
13725 988
158 989
4866 990
5687 991
3969 992
6321 993
2814 994
4974 995
3296 996
4259 997
3945 998
443 999
490 1000
14104 1001
12241 1002
7438 1003
197 1004
1595 1005
765 1006
313 1007
1114 1008
4670 1009
4244 1010
7594 1011
493 1012
6225 1013
1589 1014
9024 1015
4135 1016
10724 1017
6128 1018
6983 1019
13793 1020
14411 1021
8603 1022
4501 1023
10450 1024
5727 1025
3870 1026
9921 1027
10924 1028
11041 1029
6699 1030
12224 1031
1583 1032
11920 1033
4853 1034
7793 1035
7222 1036
5725 1037
12387 1038
11918 1039
14500 1040
12311 1041
9866 1042
13127 1043
1296 1044
9326 1045
2550 1046
8984 1047
6061 1048
1729 1049
1239 1050
6831 1051
3589 1052
14439 1053
13572 1054
464 1055
13428 1056
13684 1057
13725 1058
5652 1059
7957 1060
12042 1061
2812 1062
547 1063
8900 1064
6790 1065
990 1066
3844 1067
3692 1068
6851 1069
12797 1070
11421 1071
8265 1072
6128 1073
2447 1074
6515 1075
11637 1076
1614 1077
4287 1078
1238 1079
5535 1080
13117 1081
2112 1082
4661 1083
8094 1084
1523 1085
4542 1086
4027 1087
11247 1088
5258 1089
12177 1090
1293 1091
11793 1092
7439 1093
10625 1094
12241 1095
6341 1096
11123 1097
5931 1098
12336 1099
8298 1100
7814 1101
4985 1102
6651 1103
4155 1104
5533 1105
862 1106
11561 1107
1959 1108
2735 1109
1698 1110
2038 1111
7104 1112
1123 1113
13588 1114
14495 1115
3155 1116
3339 1117
9258 1118
3829 1119
7824 1120
3091 1121
2013 1122
864 1123
11388 1124
4331 1125
1435 1126
3763 1127
2534 1128
214 1129
9639 1130
9891 1131
2993 1132
14316 1133
11071 1134
8256 1135
7239 1136
7446 1137
2573 1138
12480 1139
7477 1140
7455 1141
13648 1142
2724 1143
160 1144
572 1145
5431 1146
8456 1147
4879 1148
13328 1149
7295 1150
13257 1151
3442 1152
9548 1153
6018 1154
5108 1155
5982 1156
537 1157
8909 1158
7014 1159
6887 1160
4561 1161
8545 1162
1486 1163
9910 1164
8427 1165
5633 1166
881 1167
5614 1168
4099 1169
13543 1170
8550 1171
8350 1172
10027 1173
719 1174
373 1175
3456 1176
3591 1177
1310 1178
14489 1179
10474 1180
10222 1181
1130 1182
10550 1183
7630 1184
9930 1185
9203 1186
11038 1187
8299 1188
11620 1189
4939 1190
8499 1191
11705 1192
8624 1193
1478 1194
5372 1195
2961 1196
8846 1197
14398 1198
8427 1199
8266 1200
13799 1201
13293 1202
10218 1203
10660 1204
6109 1205
1614 1206
620 1207
13238 1208
5080 1209
9781 1210
6802 1211
9988 1212
10958 1213
1387 1214
8878 1215
404 1216
2271 1217
12134 1218
10979 1219
6577 1220
5115 1221
815 1222
3187 1223
6670 1224
8555 1225
5430 1226
11961 1227
6842 1228
1693 1229
11321 1230
11524 1231
2998 1232
4794 1233
10960 1234
12496 1235
300 1236
4600 1237
3013 1238
8480 1239
7187 1240
7270 1241
1462 1242
13741 1243
5480 1244
1969 1245
5418 1246
1496 1247
6984 1248
5435 1249
2402 1250
14335 1251
9001 1252
8149 1253
4299 1254
10747 1255
10021 1256
11532 1257
13689 1258
6272 1259
285 1260
13145 1261
5979 1262
13394 1263
6643 1264
11270 1265
2560 1266
13151 1267
10102 1268
65 1269
8762 1270
66 1271
8999 1272
1423 1273
13595 1274
14426 1275
2861 1276
2054 1277
4502 1278
1396 1279
1772 1280
3899 1281
13340 1282
3927 1283
13098 1284
7616 1285
13440 1286
3432 1287
12357 1288
2369 1289
31 1290
5424 1291
2538 1292
8737 1293
2154 1294
12196 1295
5089 1296
13428 1297
10585 1298
925 1299
1866 1300
10142 1301
13251 1302
10556 1303
10246 1304
12606 1305
10932 1306
10284 1307
201 1308
6947 1309
7798 1310
309 1311
3363 1312
805 1313
9693 1314
3684 1315
2054 1316
7810 1317
12928 1318
6832 1319
2416 1320
14304 1321
5139 1322
13609 1323
8933 1324
6980 1325
5650 1326
10324 1327
1625 1328
14196 1329
13520 1330
5230 1331
10691 1332
6628 1333
2557 1334
13933 1335
6063 1336
7015 1337
847 1338
6067 1339
3054 1340
6789 1341
4048 1342
4583 1343
4748 1344
4007 1345
13197 1346
9123 1347
8876 1348
14283 1349
4942 1350
10153 1351
13500 1352
12509 1353
7161 1354
5031 1355
12551 1356
7822 1357
4926 1358
14109 1359
12462 1360
11566 1361
9296 1362
14157 1363
12565 1364
13961 1365
1062 1366
10123 1367
4738 1368
5917 1369
8710 1370
6868 1371
1871 1372
2335 1373
7517 1374
11770 1375
9237 1376
3086 1377
14027 1378
1110 1379
12601 1380
10789 1381
9432 1382
6628 1383
13677 1384
9340 1385
10412 1386
6155 1387
9626 1388
758 1389
7257 1390
2369 1391
1297 1392
9159 1393
9707 1394
5103 1395
1993 1396
7365 1397
14385 1398
14152 1399
3886 1400
13153 1401
1956 1402
6498 1403
10178 1404
7276 1405
5869 1406
465 1407
404 1408
13688 1409
2745 1410
11885 1411
4289 1412
11652 1413
643 1414
7690 1415
7553 1416
4574 1417
5980 1418
6707 1419
8198 1420
5502 1421
8159 1422
7302 1423
2272 1424
13193 1425
2142 1426
7072 1427
13975 1428
5925 1429
1444 1430
11206 1431
9962 1432
4635 1433
79 1434
12287 1435
6113 1436
1716 1437
2346 1438
7427 1439
3482 1440
5081 1441
6419 1442
14201 1443
704 1444
13805 1445
6839 1446
4508 1447
7417 1448
8419 1449
