1600 1600
5515 0
9812 1
15019 2
11637 3
14977 4
8238 5
491 6
13670 7
13622 8
12211 9
5519 10
15614 11
8548 12
12748 13
2741 14
9105 15
4143 16
2502 17
914 18
12677 19
4280 20
3032 21
4973 22
12438 23
5401 24
12477 25
9339 26
11379 27
5522 28
4363 29
4215 30
742 31
11400 32
2694 33
4820 34
1972 35
1131 36
14298 37
8371 38
12096 39
8270 40
1557 41
6515 42
9162 43
129 44
525 45
1747 46
7702 47
4391 48
1603 49
5464 50
2388 51
5593 52
9894 53
709 54
7864 55
12460 56
1486 57
8354 58
14322 59
1836 60
8758 61
7772 62
4698 63
2112 64
5108 65
12452 66
13178 67
1645 68
13703 69
10195 70
3999 71
11988 72
6243 73
4477 74
3641 75
15586 76
1138 77
10914 78
5152 79
8125 80
7624 81
15545 82
7738 83
3962 84
12414 85
9933 86
14940 87
5219 88
13512 89
13388 90
1304 91
3407 92
8745 93
2934 94
13059 95
13174 96
13726 97
4035 98
11019 99
14942 100
15403 101
5229 102
6008 103
3894 104
3842 105
8572 106
14620 107
11264 108
1550 109
7331 110
1628 111
13668 112
5764 113
15665 114
15734 115
15868 116
2025 117
6980 118
3948 119
1934 120
5029 121
14406 122
2949 123
1997 124
15773 125
4454 126
1213 127
14673 128
7335 129
13107 130
2841 131
9562 132
1235 133
9250 134
14142 135
15157 136
4777 137
3964 138
4196 139
4743 140
7166 141
12906 142
8587 143
6755 144
2651 145
8255 146
1839 147
12162 148
3367 149
692 150
12515 151
15149 152
7568 153
3748 154
4418 155
1253 156
11491 157
13242 158
14848 159
11382 160
2090 161
12468 162
197 163
15348 164
4294 165
13899 166
4938 167
9228 168
12281 169
10701 170
13770 171
1961 172
11189 173
12149 174
15787 175
9302 176
12570 177
9818 178
7258 179
1715 180
4770 181
1326 182
4260 183
12896 184
6659 185
7518 186
13760 187
11546 188
7187 189
3465 190
3104 191
2749 192
7739 193
5869 194
12675 195
13611 196
15184 197
3918 198
2831 199
6904 200
6297 201
6908 202
4116 203
1384 204
6045 205
10589 206
1855 207
4916 208
2436 209
4884 210
575 211
5338 212
13824 213
3260 214
9138 215
4874 216
2217 217
6992 218
3973 219
307 220
6008 221
2051 222
12707 223
14780 224
7415 225
12326 226
11439 227
85 228
7000 229
14947 230
6140 231
7295 232
4494 233
8397 234
124 235
2060 236
5952 237
8205 238
12765 239
2596 240
9233 241
11674 242
9869 243
12666 244
11619 245
11534 246
13454 247
1636 248
11435 249
15559 250
4384 251
998 252
6648 253
5296 254
7334 255
4715 256
8117 257
3664 258
4929 259
3840 260
15244 261
9336 262
9812 263
8469 264
10092 265
5888 266
11517 267
2630 268
13022 269
12230 270
2670 271
15904 272
7574 273
9121 274
1673 275
9700 276
3897 277
6250 278
897 279
14095 280
12527 281
2766 282
1142 283
3882 284
8939 285
4558 286
8426 287
11062 288
10381 289
9256 290
8346 291
10920 292
177 293
11303 294
12065 295
12713 296
7052 297
12270 298
2686 299
14800 300
15746 301
3488 302
13290 303
6033 304
14843 305
7554 306
11328 307
7969 308
11169 309
4268 310
4499 311
1192 312
5108 313
8273 314
4561 315
1744 316
9504 317
5860 318
3199 319
2611 320
1085 321
13445 322
644 323
4691 324
6563 325
2046 326
7655 327
12796 328
11927 329
4098 330
11799 331
1401 332
5325 333
1221 334
13901 335
7081 336
12775 337
8514 338
11359 339
7451 340
14127 341
14890 342
7595 343
7669 344
6750 345
66 346
4019 347
9910 348
3776 349
7831 350
3482 351
998 352
4676 353
6192 354
3360 355
6100 356
9024 357
8557 358
2522 359
3738 360
7747 361
14424 362
14002 363
951 364
2404 365
12575 366
3678 367
13111 368
1011 369
14081 370
13543 371
14203 372
5885 373
1973 374
1934 375
928 376
5896 377
9419 378
15374 379
2845 380
15725 381
15811 382
4235 383
3387 384
792 385
6615 386
14077 387
10802 388
8802 389
15073 390
14841 391
5068 392
1441 393
15472 394
111 395
9473 396
2217 397
10934 398
12343 399
8713 400
8002 401
14278 402
12775 403
14434 404
11625 405
9623 406
12739 407
13365 408
392 409
1217 410
2242 411
4512 412
14556 413
2026 414
6514 415
12789 416
5681 417
1500 418
9724 419
449 420
2666 421
13328 422
10498 423
2992 424
9518 425
2599 426
6044 427
14061 428
6928 429
7291 430
7524 431
13014 432
14596 433
788 434
2456 435
10460 436
1296 437
15172 438
11210 439
4696 440
3102 441
8894 442
8054 443
6267 444
1657 445
9536 446
3047 447
14169 448
3495 449
4900 450
642 451
7576 452
12371 453
13209 454
8364 455
5244 456
6207 457
440 458
12605 459
4577 460
14090 461
5198 462
7383 463
902 464
7805 465
8626 466
8316 467
4749 468
6022 469
12111 470
14622 471
1691 472
9019 473
13392 474
7485 475
3445 476
12478 477
11290 478
378 479
14331 480
9574 481
7938 482
267 483
5412 484
9228 485
15324 486
6803 487
5221 488
8598 489
12043 490
3821 491
13959 492
10525 493
7712 494
13059 495
10255 496
10931 497
5380 498
8253 499
1939 500
6762 501
10974 502
12789 503
4411 504
1057 505
8497 506
7657 507
9081 508
13416 509
9621 510
13447 511
6056 512
11163 513
2401 514
10459 515
2757 516
11525 517
3340 518
5924 519
12868 520
8788 521
2631 522
13387 523
13760 524
7614 525
7410 526
12125 527
3937 528
4280 529
1487 530
7311 531
5309 532
6359 533
1620 534
5951 535
14847 536
12689 537
7729 538
2459 539
7391 540
5186 541
13518 542
487 543
1371 544
5800 545
710 546
8091 547
6237 548
2096 549
11569 550
13827 551
8168 552
15889 553
430 554
1918 555
7787 556
15927 557
12828 558
1270 559
11733 560
5674 561
5343 562
12072 563
3257 564
958 565
9425 566
267 567
2630 568
7921 569
2716 570
11554 571
14148 572
10184 573
8413 574
15660 575
8339 576
11969 577
7938 578
13182 579
10844 580
1679 581
4950 582
13837 583
5571 584
15972 585
761 586
7671 587
11448 588
8032 589
10112 590
9611 591
12288 592
6285 593
15823 594
5563 595
8923 596
13590 597
9461 598
5640 599
3351 600
13004 601
13591 602
15377 603
2577 604
4270 605
13874 606
3896 607
15687 608
13992 609
8170 610
2870 611
13820 612
8002 613
14338 614
2931 615
10115 616
1836 617
10813 618
9628 619
8251 620
4287 621
2865 622
1287 623
5008 624
6597 625
9042 626
2068 627
14559 628
8346 629
10832 630
4917 631
1896 632
5063 633
15925 634
3548 635
9612 636
7599 637
12203 638
9965 639
13163 640
4463 641
5969 642
11865 643
2012 644
15654 645
4902 646
803 647
15154 648
7724 649
1778 650
1221 651
40 652
2658 653
7188 654
4428 655
2159 656
11055 657
7389 658
7183 659
6167 660
11823 661
12030 662
9834 663
5547 664
4679 665
1088 666
5467 667
5637 668
3407 669
6970 670
11177 671
9477 672
12142 673
9584 674
12965 675
10006 676
4661 677
15312 678
4392 679
800 680
11184 681
14532 682
3474 683
10508 684
12340 685
7479 686
3187 687
8259 688
3391 689
3606 690
9147 691
13316 692
7132 693
2019 694
4358 695
5540 696
288 697
6152 698
13852 699
13520 700
12102 701
4024 702
2687 703
6127 704
2318 705
10844 706
7090 707
7864 708
406 709
3356 710
12013 711
13429 712
3869 713
12972 714
15906 715
96 716
15445 717
3256 718
13926 719
9394 720
8238 721
814 722
5862 723
10333 724
1455 725
10124 726
1010 727
10316 728
14934 729
4734 730
8959 731
5023 732
3225 733
5541 734
3652 735
5729 736
3347 737
8647 738
1659 739
8322 740
259 741
15304 742
9239 743
5817 744
15024 745
15064 746
1375 747
8024 748
7256 749
9715 750
12409 751
14201 752
1916 753
12438 754
7254 755
12454 756
5931 757
2795 758
13876 759
2573 760
14590 761
15839 762
7564 763
8074 764
5780 765
4082 766
12674 767
5883 768
2832 769
12223 770
13908 771
1865 772
6185 773
10286 774
5569 775
8923 776
7702 777
1152 778
6415 779
1882 780
3807 781
7527 782
4212 783
1690 784
13096 785
14756 786
14253 787
12299 788
13140 789
11050 790
13429 791
4731 792
11933 793
2908 794
6574 795
3838 796
6163 797
10603 798
13219 799
4037 800
187 801
11705 802
2440 803
5091 804
335 805
4081 806
15104 807
9968 808
14597 809
13846 810
11183 811
13132 812
6465 813
1411 814
14137 815
15829 816
15051 817
13333 818
14801 819
6121 820
7515 821
8137 822
3249 823
7878 824
3316 825
6526 826
10850 827
1128 828
10785 829
7002 830
2443 831
7595 832
7684 833
540 834
414 835
11900 836
5341 837
9108 838
1873 839
4337 840
390 841
11828 842
4242 843
1668 844
2768 845
4920 846
13077 847
3224 848
12955 849
6476 850
2553 851
305 852
3886 853
14046 854
880 855
11048 856
14385 857
4739 858
7597 859
12168 860
13947 861
9466 862
7302 863
12433 864
2146 865
6684 866
1420 867
14342 868
14666 869
7658 870
7631 871
8961 872
12072 873
4368 874
1443 875
5920 876
50 877
14011 878
10273 879
3745 880
14147 881
14273 882
8136 883
12859 884
15684 885
6303 886
1213 887
6782 888
2181 889
8459 890
14041 891
11841 892
6184 893
4508 894
15170 895
9012 896
13571 897
10315 898
5252 899
182 900
13389 901
2491 902
10584 903
6990 904
12833 905
6147 906
9955 907
9870 908
7267 909
5106 910
10110 911
11922 912
12602 913
15087 914
5386 915
14516 916
815 917
1517 918
8378 919
4542 920
9799 921
10767 922
5218 923
12624 924
1726 925
737 926
6539 927
6470 928
2861 929
3378 930
7188 931
4978 932
11431 933
5829 934
15846 935
4809 936
4876 937
11187 938
170 939
15282 940
15535 941
13031 942
4535 943
4608 944
8940 945
7725 946
10377 947
1777 948
6360 949
662 950
11906 951
3266 952
13971 953
9864 954
10940 955
10930 956
1351 957
10134 958
13275 959
1883 960
9004 961
1972 962
4238 963
9014 964
8083 965
10447 966
7569 967
8718 968
10550 969
14331 970
264 971
10554 972
12171 973
11643 974
13902 975
12053 976
10534 977
1867 978
14860 979
11256 980
6236 981
188 982
11435 983
690 984
6932 985
8278 986
10067 987
10546 988
12050 989
2469 990
2438 991
7213 992
15865 993
12379 994
8876 995
9083 996
10254 997
7601 998
1218 999
988 1000
3482 1001
583 1002
9610 1003
2135 1004
1611 1005
6944 1006
12329 1007
8276 1008
12204 1009
15753 1010
9396 1011
15358 1012
13089 1013
9508 1014
10800 1015
1116 1016
8276 1017
7306 1018
1318 1019
6615 1020
15075 1021
10379 1022
5952 1023
8533 1024
3172 1025
15198 1026
12121 1027
13555 1028
7310 1029
11971 1030
13228 1031
14589 1032
12370 1033
7312 1034
13573 1035
14796 1036
12075 1037
14840 1038
7815 1039
10283 1040
3121 1041
7416 1042
8730 1043
505 1044
2205 1045
9481 1046
10881 1047
10763 1048
1217 1049
11199 1050
727 1051
11861 1052
7588 1053
14243 1054
13728 1055
5757 1056
5934 1057
6732 1058
13064 1059
6410 1060
8611 1061
4244 1062
587 1063
12080 1064
15084 1065
11325 1066
4466 1067
9250 1068
12954 1069
15877 1070
7921 1071
3106 1072
7222 1073
6236 1074
11332 1075
57 1076
1759 1077
6473 1078
11909 1079
556 1080
1331 1081
4815 1082
3897 1083
7408 1084
3170 1085
4745 1086
7975 1087
12522 1088
13188 1089
7074 1090
4906 1091
14406 1092
7405 1093
10084 1094
12246 1095
3717 1096
8642 1097
2694 1098
364 1099
7259 1100
15618 1101
11101 1102
11995 1103
495 1104
11638 1105
11530 1106
1393 1107
8243 1108
13934 1109
2219 1110
9955 1111
9780 1112
7410 1113
221 1114
9278 1115
9897 1116
14377 1117
14192 1118
982 1119
1223 1120
857 1121
13065 1122
13119 1123
2195 1124
11711 1125
1296 1126
9977 1127
10333 1128
1094 1129
2066 1130
4367 1131
1058 1132
10302 1133
1252 1134
502 1135
13152 1136
13603 1137
13548 1138
11023 1139
14037 1140
13889 1141
15283 1142
8123 1143
14263 1144
14788 1145
15980 1146
12151 1147
2955 1148
14220 1149
15869 1150
14095 1151
12072 1152
615 1153
13822 1154
15327 1155
2516 1156
10925 1157
5525 1158
11406 1159
15447 1160
1620 1161
4574 1162
15074 1163
9037 1164
8098 1165
13711 1166
15772 1167
4431 1168
4920 1169
7801 1170
4574 1171
10728 1172
3178 1173
7992 1174
15868 1175
1474 1176
12960 1177
9299 1178
5764 1179
7566 1180
14604 1181
1018 1182
14398 1183
1295 1184
5680 1185
9555 1186
3927 1187
15112 1188
11882 1189
11365 1190
15395 1191
15141 1192
829 1193
11312 1194
7827 1195
9633 1196
11028 1197
3388 1198
11250 1199
2852 1200
3382 1201
10983 1202
7689 1203
14340 1204
1055 1205
140 1206
11567 1207
4744 1208
3461 1209
1351 1210
13100 1211
11819 1212
6227 1213
4728 1214
15614 1215
15658 1216
2172 1217
11198 1218
754 1219
4946 1220
10748 1221
4102 1222
6979 1223
14260 1224
1443 1225
7307 1226
7520 1227
15631 1228
10867 1229
7066 1230
8315 1231
497 1232
8849 1233
9477 1234
10772 1235
266 1236
3834 1237
2092 1238
1486 1239
12103 1240
131 1241
10895 1242
9465 1243
6684 1244
13763 1245
5865 1246
9636 1247
15882 1248
4102 1249
15355 1250
13409 1251
136 1252
4040 1253
7874 1254
15364 1255
4548 1256
14852 1257
1285 1258
14467 1259
6668 1260
15724 1261
14138 1262
12696 1263
12291 1264
4994 1265
7624 1266
889 1267
7886 1268
1308 1269
4485 1270
5191 1271
6546 1272
7574 1273
259 1274
7206 1275
9663 1276
19 1277
14302 1278
3924 1279
15922 1280
3363 1281
11397 1282
12070 1283
13553 1284
14581 1285
2027 1286
12172 1287
4283 1288
8875 1289
8478 1290
1496 1291
601 1292
4921 1293
13958 1294
23 1295
3278 1296
3348 1297
2311 1298
10460 1299
5272 1300
14964 1301
7785 1302
13862 1303
3274 1304
9716 1305
11233 1306
9376 1307
9194 1308
9724 1309
7141 1310
1690 1311
14781 1312
9212 1313
12033 1314
11667 1315
8801 1316
14084 1317
15559 1318
3766 1319
14574 1320
1055 1321
7357 1322
9424 1323
3559 1324
6403 1325
6454 1326
14149 1327
8654 1328
578 1329
8414 1330
11988 1331
3866 1332
7227 1333
7869 1334
12923 1335
14935 1336
1755 1337
4944 1338
14405 1339
3761 1340
15623 1341
3801 1342
14557 1343
14802 1344
7250 1345
5817 1346
2259 1347
5655 1348
13986 1349
6756 1350
12059 1351
11514 1352
5354 1353
5337 1354
11967 1355
3957 1356
9371 1357
5645 1358
2797 1359
3897 1360
9840 1361
14780 1362
5427 1363
14081 1364
2865 1365
8307 1366
11915 1367
7931 1368
2707 1369
2321 1370
2436 1371
2771 1372
12482 1373
1990 1374
4070 1375
3604 1376
2471 1377
13340 1378
13510 1379
12216 1380
5883 1381
3280 1382
6185 1383
3561 1384
15799 1385
11179 1386
12272 1387
435 1388
5355 1389
7285 1390
15578 1391
10607 1392
14460 1393
13489 1394
2457 1395
4238 1396
8540 1397
11176 1398
2891 1399
14215 1400
7977 1401
8116 1402
8785 1403
9389 1404
8577 1405
8494 1406
9713 1407
5218 1408
9965 1409
5400 1410
12498 1411
11369 1412
8452 1413
12992 1414
3738 1415
7030 1416
4115 1417
1438 1418
15109 1419
732 1420
12309 1421
13079 1422
6303 1423
15664 1424
9403 1425
5332 1426
91 1427
11051 1428
11649 1429
3610 1430
6675 1431
8714 1432
9490 1433
3258 1434
9140 1435
675 1436
12641 1437
10433 1438
15033 1439
11253 1440
1804 1441
1326 1442
5776 1443
12175 1444
2356 1445
10288 1446
13718 1447
1040 1448
1540 1449
15706 1450
14451 1451
10908 1452
13571 1453
14862 1454
5850 1455
6622 1456
13016 1457
12658 1458
1101 1459
9804 1460
3980 1461
2983 1462
9500 1463
1157 1464
1907 1465
14268 1466
2675 1467
9531 1468
11881 1469
11577 1470
77 1471
4681 1472
9205 1473
11943 1474
10604 1475
10324 1476
7886 1477
15774 1478
3185 1479
15259 1480
2278 1481
14919 1482
14488 1483
12955 1484
6724 1485
7283 1486
3861 1487
10814 1488
12766 1489
9999 1490
2291 1491
10413 1492
2713 1493
11494 1494
1215 1495
7751 1496
8127 1497
4926 1498
4055 1499
6192 1500
12630 1501
14699 1502
7700 1503
1749 1504
13283 1505
10826 1506
1073 1507
5690 1508
3602 1509
3866 1510
65 1511
6568 1512
5122 1513
10038 1514
12765 1515
5385 1516
13298 1517
11692 1518
857 1519
7662 1520
5546 1521
10192 1522
9246 1523
4277 1524
1145 1525
13259 1526
4525 1527
4828 1528
10622 1529
14334 1530
9360 1531
4743 1532
2515 1533
4159 1534
1056 1535
224 1536
9023 1537
9112 1538
10622 1539
202 1540
13864 1541
11546 1542
15383 1543
3353 1544
1548 1545
6792 1546
3684 1547
13253 1548
8399 1549
12238 1550
8943 1551
9513 1552
3024 1553
13223 1554
4795 1555
11073 1556
3916 1557
12259 1558
13295 1559
1964 1560
9870 1561
2079 1562
8511 1563
3398 1564
11663 1565
137 1566
5618 1567
1373 1568
2462 1569
11480 1570
766 1571
6140 1572
12844 1573
11610 1574
2076 1575
13960 1576
3068 1577
5655 1578
8259 1579
8647 1580
5545 1581
1414 1582
8578 1583
12136 1584
8849 1585
10878 1586
8149 1587
15355 1588
977 1589
8659 1590
8314 1591
2003 1592
7453 1593
12127 1594
12743 1595
953 1596
13939 1597
10008 1598
15535 1599
