1200 350
10532 0
2469 1
5574 2
7631 3
12000 4
9965 5
2464 6
9573 7
9111 8
1196 9
246 10
11623 11
7505 12
10812 13
9677 14
6733 15
2586 16
4707 17
7669 18
11291 19
11368 20
7028 21
2074 22
7849 23
9909 24
4967 25
8007 26
1716 27
6629 28
2329 29
1230 30
1720 31
2614 32
3146 33
11403 34
7553 35
10111 36
10420 37
1219 38
11969 39
6652 40
7918 41
8653 42
11635 43
2746 44
5104 45
1747 46
5479 47
4821 48
10804 49
8100 50
10158 51
4082 52
1615 53
8339 54
10496 55
9742 56
11648 57
8731 58
7030 59
557 60
4841 61
11244 62
2187 63
3637 64
11261 65
5900 66
158 67
6996 68
1631 69
4417 70
1474 71
6310 72
5789 73
10871 74
8542 75
6783 76
245 77
11918 78
8896 79
2336 80
2398 81
10246 82
5853 83
3821 84
3245 85
4012 86
8500 87
11858 88
8812 89
1792 90
7421 91
10589 92
5881 93
7439 94
6031 95
4500 96
5848 97
7085 98
5303 99
868 100
2940 101
2765 102
1993 103
7899 104
8866 105
9405 106
2318 107
6735 108
237 109
3866 110
10904 111
10533 112
5725 113
1984 114
9384 115
7021 116
8426 117
7595 118
11617 119
2446 120
6911 121
7331 122
6704 123
4773 124
5347 125
7276 126
8246 127
1149 128
7688 129
7454 130
7174 131
263 132
1204 133
4520 134
4104 135
7702 136
7907 137
1099 138
10494 139
8315 140
7498 141
6459 142
5841 143
10784 144
8732 145
1640 146
8565 147
1009 148
812 149
6188 150
5334 151
8357 152
2726 153
9159 154
11332 155
7728 156
752 157
8940 158
4017 159
10744 160
9200 161
4723 162
11378 163
5645 164
11276 165
2628 166
4889 167
9556 168
9357 169
7659 170
10919 171
2693 172
5413 173
4148 174
10309 175
4707 176
3840 177
8347 178
9573 179
5821 180
4189 181
2677 182
2399 183
7561 184
10904 185
10994 186
10897 187
4452 188
5736 189
6384 190
2121 191
7538 192
9443 193
7271 194
3300 195
11859 196
6745 197
1098 198
4727 199
11663 200
4256 201
7047 202
7235 203
47 204
9825 205
9151 206
11576 207
1557 208
5069 209
10524 210
11888 211
2370 212
744 213
5508 214
3615 215
5227 216
1498 217
1536 218
2182 219
1182 220
11414 221
10326 222
4815 223
2289 224
5662 225
8835 226
7319 227
2535 228
11914 229
3835 230
1158 231
10950 232
6751 233
11793 234
3434 235
1261 236
9576 237
3635 238
6350 239
11314 240
9512 241
3843 242
897 243
3175 244
9194 245
7179 246
5791 247
11669 248
9671 249
31 250
2897 251
2129 252
6851 253
6976 254
3403 255
6677 256
2511 257
5926 258
7928 259
7853 260
6325 261
8953 262
2476 263
5181 264
10053 265
5588 266
5287 267
6255 268
7960 269
23 270
281 271
5473 272
10364 273
1788 274
11192 275
9629 276
4964 277
6336 278
8169 279
66 280
711 281
6779 282
5570 283
2131 284
8631 285
2219 286
11189 287
11783 288
11286 289
3514 290
11369 291
62 292
2755 293
8614 294
12000 295
9633 296
8022 297
6376 298
10092 299
8295 300
8606 301
5548 302
3038 303
2427 304
5707 305
2931 306
9539 307
2441 308
265 309
187 310
3104 311
82 312
8671 313
850 314
10548 315
5742 316
2368 317
2165 318
10631 319
11437 320
10886 321
6900 322
844 323
3084 324
8540 325
3283 326
4090 327
5491 328
6220 329
2904 330
5 331
1976 332
1391 333
3831 334
11429 335
5736 336
4249 337
5573 338
674 339
9050 340
11529 341
3237 342
6087 343
8045 344
1641 345
11859 346
7328 347
6129 348
11065 349
10562 350
4073 351
9859 352
7948 353
10703 354
8208 355
6847 356
11081 357
11977 358
11368 359
5874 360
10943 361
7527 362
4077 363
6029 364
10124 365
3030 366
8507 367
4026 368
3642 369
9519 370
4289 371
2432 372
2161 373
2303 374
2760 375
6473 376
10168 377
3989 378
655 379
6384 380
9760 381
10330 382
9132 383
8807 384
146 385
10351 386
8373 387
8623 388
1336 389
179 390
3043 391
4476 392
4110 393
10075 394
11724 395
4571 396
11109 397
6903 398
1279 399
1551 400
1287 401
3661 402
3964 403
11527 404
9614 405
4884 406
7104 407
6286 408
774 409
1070 410
4345 411
8605 412
9010 413
8091 414
5881 415
3061 416
4808 417
10108 418
4319 419
7440 420
3354 421
5294 422
10849 423
3959 424
4713 425
10495 426
9019 427
6528 428
5717 429
1625 430
6065 431
10944 432
9796 433
11497 434
8183 435
11877 436
8576 437
11024 438
10498 439
6620 440
8894 441
10105 442
5077 443
10637 444
2807 445
10104 446
10190 447
3867 448
4170 449
11623 450
7855 451
9737 452
9318 453
1075 454
3588 455
2340 456
8116 457
6503 458
6417 459
6266 460
10348 461
10447 462
2376 463
4007 464
8069 465
5346 466
3370 467
7908 468
1157 469
2969 470
5131 471
531 472
30 473
4287 474
6122 475
7837 476
1088 477
2431 478
2455 479
8701 480
9475 481
591 482
7963 483
4016 484
8692 485
8770 486
11916 487
8384 488
10925 489
4951 490
5189 491
5647 492
7684 493
10147 494
6241 495
7668 496
1089 497
1337 498
11979 499
8077 500
7624 501
8142 502
2273 503
9544 504
6261 505
11038 506
3310 507
2103 508
7677 509
5326 510
7245 511
4213 512
10545 513
9772 514
3100 515
1820 516
3135 517
8558 518
11072 519
7961 520
10691 521
8969 522
11158 523
4566 524
108 525
4061 526
4642 527
2691 528
393 529
4997 530
887 531
7867 532
5389 533
8578 534
11350 535
2387 536
9997 537
9066 538
9739 539
10323 540
6650 541
7967 542
11768 543
10319 544
5537 545
1030 546
5333 547
6853 548
2267 549
6590 550
4703 551
6988 552
4589 553
9801 554
9487 555
6109 556
4344 557
5964 558
9239 559
4053 560
2686 561
4567 562
9710 563
785 564
9858 565
6462 566
2172 567
3111 568
3936 569
1864 570
543 571
6106 572
6584 573
10205 574
2018 575
1488 576
11074 577
3606 578
2160 579
2464 580
8525 581
5935 582
617 583
1452 584
9834 585
6475 586
9633 587
5999 588
9485 589
721 590
5587 591
296 592
1505 593
6947 594
2035 595
10834 596
5642 597
2840 598
3749 599
959 600
10020 601
665 602
3920 603
2879 604
1874 605
555 606
8968 607
10744 608
4618 609
6153 610
7037 611
8096 612
4822 613
9140 614
4462 615
5162 616
6120 617
4601 618
2834 619
10856 620
9836 621
4797 622
8966 623
7646 624
4063 625
10174 626
4242 627
5724 628
5813 629
30 630
9920 631
2084 632
2217 633
1241 634
537 635
6067 636
5488 637
4849 638
1114 639
7210 640
5571 641
733 642
5255 643
2267 644
8311 645
5124 646
8129 647
1173 648
6256 649
212 650
5210 651
10080 652
375 653
5394 654
1757 655
2741 656
9022 657
6869 658
2599 659
11400 660
4038 661
1881 662
405 663
11333 664
6602 665
10846 666
861 667
4453 668
5066 669
5718 670
7453 671
9623 672
2587 673
8264 674
5415 675
8505 676
5074 677
5897 678
10666 679
4504 680
5168 681
1912 682
11209 683
6983 684
4884 685
3262 686
1397 687
160 688
828 689
1330 690
2715 691
8919 692
10522 693
839 694
174 695
8294 696
5076 697
965 698
10672 699
8654 700
2929 701
3702 702
181 703
3274 704
2670 705
8454 706
139 707
6102 708
113 709
3053 710
3597 711
11513 712
6007 713
663 714
1580 715
9156 716
10026 717
6863 718
4114 719
5861 720
8140 721
3228 722
6521 723
10718 724
684 725
5333 726
10051 727
7663 728
6931 729
8502 730
11178 731
4960 732
237 733
7546 734
7330 735
1493 736
2157 737
1290 738
6276 739
4008 740
954 741
1224 742
11463 743
1712 744
11801 745
1587 746
4635 747
9127 748
8095 749
7942 750
816 751
2493 752
5681 753
7673 754
7986 755
1462 756
4151 757
8122 758
508 759
6375 760
10498 761
3079 762
1433 763
2186 764
5493 765
183 766
7293 767
11457 768
8471 769
10292 770
9160 771
5760 772
7640 773
6043 774
1376 775
10026 776
4100 777
3039 778
9539 779
5953 780
314 781
6974 782
11167 783
3469 784
2090 785
2176 786
2586 787
4212 788
10792 789
11446 790
3402 791
10833 792
4596 793
2348 794
9088 795
5878 796
11906 797
7712 798
9654 799
2345 800
3933 801
6250 802
8051 803
1731 804
9754 805
6367 806
6546 807
4694 808
2017 809
4036 810
5331 811
9212 812
2413 813
11548 814
9465 815
4593 816
396 817
1321 818
156 819
5870 820
5109 821
1273 822
5753 823
3219 824
4157 825
10792 826
809 827
11008 828
4540 829
3269 830
3344 831
1080 832
3165 833
5138 834
11138 835
3509 836
4213 837
6529 838
6654 839
8155 840
4295 841
10046 842
11260 843
11348 844
1742 845
4784 846
664 847
2288 848
6388 849
11337 850
4496 851
8551 852
7727 853
5642 854
2133 855
9034 856
5297 857
405 858
2378 859
6889 860
10547 861
4630 862
8866 863
7477 864
6131 865
3585 866
2069 867
7486 868
11932 869
6114 870
573 871
5608 872
11099 873
10498 874
4127 875
2293 876
11576 877
11150 878
10738 879
9881 880
7071 881
4128 882
5191 883
6759 884
6584 885
6482 886
4667 887
8514 888
4174 889
9424 890
9839 891
2660 892
454 893
6896 894
8814 895
2551 896
294 897
6341 898
1943 899
1176 900
1819 901
3379 902
1283 903
7147 904
10704 905
2850 906
3580 907
8072 908
5399 909
9015 910
4890 911
11244 912
2053 913
8370 914
10010 915
8778 916
3428 917
5587 918
10735 919
6944 920
8205 921
8579 922
3058 923
1147 924
2936 925
1756 926
9542 927
4179 928
7466 929
4905 930
3589 931
9682 932
2115 933
671 934
8222 935
7904 936
1484 937
10550 938
5875 939
2245 940
5665 941
10399 942
4027 943
380 944
8170 945
6284 946
5252 947
11412 948
3867 949
675 950
10585 951
10817 952
9671 953
4158 954
8969 955
2657 956
8234 957
4165 958
5832 959
654 960
6221 961
8001 962
7315 963
806 964
727 965
7718 966
7109 967
10697 968
11463 969
7602 970
11033 971
6819 972
5703 973
11961 974
104 975
6305 976
11304 977
7167 978
1424 979
10563 980
10179 981
4069 982
3906 983
10194 984
6716 985
285 986
11859 987
4307 988
1930 989
3628 990
6518 991
3277 992
8238 993
8593 994
3972 995
3346 996
9633 997
1744 998
7578 999
8196 1000
5951 1001
11359 1002
3081 1003
8552 1004
4895 1005
4629 1006
9794 1007
1732 1008
6276 1009
5814 1010
7682 1011
3811 1012
9964 1013
2819 1014
7106 1015
8619 1016
2371 1017
2179 1018
10696 1019
1014 1020
507 1021
2165 1022
3791 1023
5217 1024
4697 1025
9093 1026
8896 1027
1792 1028
3328 1029
5258 1030
9551 1031
7068 1032
9350 1033
5713 1034
9544 1035
783 1036
6705 1037
8753 1038
907 1039
3060 1040
671 1041
10215 1042
9754 1043
854 1044
4399 1045
477 1046
6864 1047
7748 1048
4196 1049
11573 1050
1113 1051
3057 1052
448 1053
8672 1054
9628 1055
882 1056
11675 1057
8306 1058
308 1059
572 1060
5487 1061
3652 1062
7628 1063
5267 1064
6570 1065
11691 1066
2243 1067
9299 1068
5783 1069
8493 1070
2275 1071
1721 1072
2369 1073
3028 1074
5340 1075
6584 1076
9605 1077
8460 1078
10878 1079
2823 1080
5667 1081
9184 1082
6812 1083
389 1084
946 1085
9282 1086
11674 1087
8015 1088
6738 1089
7831 1090
3615 1091
11465 1092
860 1093
10960 1094
2319 1095
1668 1096
1111 1097
2199 1098
1724 1099
7889 1100
10510 1101
5784 1102
8762 1103
664 1104
6655 1105
2915 1106
10353 1107
4310 1108
2826 1109
894 1110
8670 1111
3453 1112
5533 1113
524 1114
7224 1115
2393 1116
5381 1117
4196 1118
3913 1119
5528 1120
3370 1121
11165 1122
6521 1123
3417 1124
7428 1125
5567 1126
8741 1127
2387 1128
1975 1129
7867 1130
421 1131
2489 1132
11222 1133
3132 1134
10610 1135
7434 1136
6149 1137
5026 1138
1124 1139
8092 1140
11098 1141
4390 1142
2045 1143
2490 1144
5987 1145
2136 1146
1885 1147
1418 1148
846 1149
2722 1150
73 1151
1448 1152
1627 1153
1418 1154
10291 1155
9733 1156
6440 1157
6525 1158
9928 1159
11624 1160
6015 1161
5731 1162
11350 1163
749 1164
945 1165
9052 1166
120 1167
8385 1168
1997 1169
4801 1170
3287 1171
6955 1172
3440 1173
10211 1174
10633 1175
4626 1176
5614 1177
1888 1178
11150 1179
2963 1180
9942 1181
10126 1182
1355 1183
3882 1184
6758 1185
558 1186
1430 1187
3005 1188
6260 1189
4600 1190
5201 1191
11086 1192
3225 1193
1184 1194
8217 1195
6606 1196
89 1197
3511 1198
3899 1199
