1650 650
10192 0
5900 1
1872 2
10091 3
9290 4
12010 5
8566 6
15249 7
11868 8
9694 9
16338 10
8985 11
9715 12
15315 13
7678 14
7030 15
6088 16
1423 17
8675 18
12447 19
5570 20
10956 21
5931 22
13628 23
14765 24
13641 25
13065 26
8350 27
14624 28
12166 29
8772 30
10026 31
8838 32
9830 33
15997 34
6130 35
957 36
8220 37
12714 38
14462 39
3944 40
3007 41
5007 42
15316 43
9365 44
4664 45
9433 46
9417 47
14422 48
3152 49
14579 50
13478 51
6380 52
16275 53
3625 54
6910 55
4194 56
616 57
9172 58
11377 59
5012 60
5098 61
1756 62
7954 63
13875 64
153 65
12097 66
12256 67
13506 68
13868 69
9211 70
11486 71
893 72
13163 73
276 74
958 75
3595 76
5198 77
7627 78
2858 79
1649 80
10201 81
11657 82
10028 83
5664 84
11195 85
8782 86
12299 87
15150 88
13281 89
8346 90
9370 91
13789 92
10382 93
3525 94
4475 95
3080 96
8956 97
2807 98
4640 99
12230 100
1031 101
8616 102
14281 103
12051 104
15600 105
4596 106
10134 107
15461 108
10145 109
8982 110
3487 111
8846 112
15675 113
13444 114
7719 115
14183 116
769 117
14185 118
13713 119
5333 120
4098 121
15239 122
10147 123
7046 124
2615 125
5869 126
9675 127
11009 128
8488 129
2836 130
121 131
9835 132
9024 133
163 134
11688 135
2010 136
10580 137
9335 138
1074 139
13497 140
5284 141
14406 142
3362 143
9902 144
5906 145
9034 146
1916 147
7497 148
8307 149
14008 150
1178 151
15469 152
11882 153
2592 154
12735 155
866 156
16479 157
10714 158
13250 159
3406 160
4997 161
1397 162
8709 163
16046 164
10559 165
2367 166
10568 167
3363 168
12245 169
15779 170
11889 171
3947 172
13008 173
4278 174
14206 175
4936 176
4925 177
7377 178
12860 179
298 180
14327 181
10508 182
1818 183
15554 184
11010 185
894 186
12228 187
16289 188
13014 189
8824 190
16500 191
12823 192
6018 193
6611 194
12216 195
7644 196
11433 197
11176 198
3100 199
9017 200
5262 201
5734 202
16385 203
12614 204
10044 205
1779 206
1924 207
5983 208
12418 209
1174 210
9235 211
13971 212
6459 213
8215 214
4730 215
13851 216
11609 217
9358 218
16037 219
14119 220
2790 221
9594 222
8938 223
4687 224
15966 225
6506 226
601 227
3117 228
9711 229
8346 230
13723 231
14529 232
6204 233
12502 234
2366 235
9723 236
3213 237
12518 238
11271 239
8806 240
2705 241
5647 242
10227 243
5308 244
4668 245
5483 246
8576 247
13398 248
8832 249
15590 250
3380 251
13563 252
11299 253
9772 254
9201 255
6104 256
2280 257
5697 258
13149 259
7036 260
5432 261
411 262
7637 263
13121 264
5490 265
10748 266
3230 267
14034 268
13192 269
3768 270
6256 271
15695 272
3966 273
15426 274
3770 275
9446 276
15638 277
5304 278
299 279
14496 280
12205 281
4236 282
4237 283
958 284
1699 285
8621 286
4581 287
11750 288
3306 289
3119 290
15368 291
6636 292
5730 293
5511 294
14992 295
5592 296
11158 297
7838 298
3192 299
6628 300
4396 301
953 302
15441 303
5574 304
13055 305
14851 306
68 307
7290 308
5754 309
3879 310
4701 311
3988 312
4204 313
11153 314
7721 315
2260 316
1749 317
3888 318
11426 319
10780 320
14294 321
13653 322
3424 323
13049 324
9678 325
8389 326
9041 327
5102 328
11339 329
10538 330
15249 331
16184 332
2387 333
10064 334
4744 335
3807 336
2402 337
10739 338
11093 339
7842 340
6421 341
10781 342
6835 343
11922 344
12569 345
1642 346
16232 347
11467 348
13406 349
10047 350
11355 351
3492 352
3412 353
4488 354
12799 355
3985 356
6376 357
11458 358
9481 359
11144 360
11826 361
5581 362
9423 363
12985 364
660 365
1416 366
15937 367
4310 368
688 369
2001 370
1926 371
6892 372
3464 373
5710 374
15032 375
6400 376
11818 377
10624 378
11248 379
348 380
7031 381
2900 382
6725 383
13189 384
1747 385
6023 386
542 387
15571 388
7508 389
7816 390
12199 391
2843 392
4716 393
13270 394
12565 395
679 396
11442 397
6461 398
10936 399
7616 400
16004 401
13803 402
1745 403
5847 404
7153 405
8643 406
5347 407
16398 408
4242 409
8429 410
11316 411
6273 412
14549 413
5592 414
10027 415
15360 416
36 417
9812 418
15415 419
11661 420
5378 421
5563 422
14590 423
3339 424
1882 425
10363 426
8387 427
2149 428
6868 429
8668 430
10624 431
11432 432
9500 433
3495 434
7858 435
11253 436
1922 437
5886 438
15489 439
8959 440
2499 441
7853 442
2199 443
5979 444
15141 445
934 446
15503 447
5803 448
8900 449
9083 450
7942 451
13145 452
8628 453
13812 454
6039 455
2739 456
6991 457
7987 458
5482 459
3981 460
13443 461
6769 462
2028 463
10499 464
4648 465
7929 466
8353 467
4595 468
16347 469
14559 470
15414 471
4982 472
11709 473
11050 474
6893 475
14786 476
849 477
1973 478
15019 479
3595 480
1779 481
13616 482
4874 483
16231 484
3678 485
13794 486
13391 487
13182 488
15398 489
11701 490
5573 491
5794 492
15786 493
12282 494
15521 495
5821 496
8526 497
5784 498
9023 499
2551 500
8741 501
8337 502
15758 503
12858 504
14501 505
14476 506
8027 507
7979 508
11640 509
11172 510
8627 511
12823 512
540 513
7614 514
11242 515
3207 516
12702 517
4673 518
994 519
12614 520
1097 521
491 522
4044 523
13003 524
10030 525
13238 526
14231 527
15729 528
431 529
15389 530
2892 531
14259 532
1598 533
12525 534
14238 535
13479 536
1831 537
4230 538
9132 539
15804 540
6441 541
14782 542
11901 543
4682 544
3154 545
1811 546
8984 547
10585 548
941 549
14151 550
16277 551
15493 552
14467 553
12837 554
2318 555
4837 556
5306 557
3736 558
15406 559
4193 560
10639 561
8635 562
6246 563
9123 564
1673 565
6882 566
7083 567
1759 568
8511 569
15341 570
7978 571
12101 572
50 573
5891 574
14697 575
355 576
8166 577
2598 578
15192 579
14200 580
2383 581
3336 582
13588 583
9685 584
7527 585
11687 586
10870 587
3717 588
16243 589
2140 590
13077 591
12940 592
5886 593
13287 594
6739 595
8001 596
3546 597
9714 598
5410 599
6005 600
3416 601
9750 602
5647 603
15430 604
5246 605
8155 606
8017 607
10367 608
9712 609
1264 610
218 611
15716 612
4043 613
13166 614
621 615
10644 616
4335 617
6754 618
4164 619
7639 620
12674 621
5555 622
8861 623
5594 624
674 625
3254 626
5898 627
5689 628
9670 629
7565 630
6277 631
12740 632
13808 633
15192 634
2040 635
15185 636
1919 637
12949 638
13463 639
2829 640
14953 641
3148 642
14441 643
11180 644
11862 645
5531 646
2111 647
2363 648
8452 649
5111 650
8021 651
6241 652
1587 653
1980 654
12616 655
7573 656
3116 657
7596 658
10760 659
5911 660
9715 661
4324 662
3485 663
4243 664
3729 665
12445 666
5315 667
4745 668
11285 669
3319 670
11758 671
13181 672
7460 673
11411 674
6373 675
5519 676
5660 677
8470 678
5252 679
7987 680
11519 681
12260 682
8958 683
9314 684
10816 685
8112 686
14516 687
2350 688
10104 689
1422 690
11785 691
5454 692
950 693
12715 694
1175 695
7161 696
13754 697
7408 698
4144 699
4643 700
11613 701
14008 702
15658 703
1427 704
3303 705
6828 706
8784 707
2382 708
217 709
850 710
16491 711
9058 712
13897 713
491 714
13585 715
3898 716
6275 717
12108 718
10366 719
9539 720
6852 721
1210 722
10761 723
3078 724
4718 725
10540 726
8655 727
14423 728
10475 729
8882 730
1367 731
16477 732
8427 733
9108 734
10675 735
8540 736
12310 737
5671 738
4028 739
9602 740
9605 741
165 742
5612 743
14940 744
6946 745
7576 746
10517 747
14400 748
13426 749
12263 750
4668 751
7378 752
13157 753
8956 754
11198 755
12298 756
5004 757
15987 758
6918 759
3671 760
14939 761
948 762
10992 763
16402 764
10181 765
1466 766
7429 767
9092 768
6635 769
10118 770
12378 771
7587 772
13127 773
16344 774
3775 775
12933 776
6484 777
2796 778
13887 779
5894 780
10985 781
13273 782
6458 783
5409 784
10413 785
13771 786
6838 787
7681 788
2801 789
10311 790
2411 791
6681 792
14708 793
643 794
7983 795
13528 796
6113 797
963 798
342 799
14378 800
8962 801
7092 802
2996 803
7912 804
9468 805
14724 806
7329 807
8606 808
1376 809
8924 810
2852 811
13163 812
14529 813
902 814
1062 815
923 816
5511 817
15144 818
2892 819
618 820
14668 821
12407 822
3926 823
2254 824
8730 825
12907 826
6450 827
13779 828
12065 829
8877 830
8914 831
5782 832
470 833
1114 834
5585 835
3393 836
10941 837
15958 838
7038 839
2215 840
15232 841
15492 842
9163 843
10068 844
5426 845
695 846
149 847
7551 848
15185 849
10970 850
9416 851
15522 852
2360 853
5692 854
8448 855
7513 856
12220 857
14498 858
10799 859
6667 860
10250 861
8856 862
4549 863
16248 864
15216 865
11255 866
6564 867
10310 868
1767 869
2909 870
5608 871
16315 872
13682 873
6642 874
11992 875
7749 876
8438 877
4693 878
1804 879
13288 880
3401 881
6485 882
11771 883
15285 884
9629 885
905 886
11086 887
398 888
5288 889
448 890
5458 891
15503 892
6014 893
14106 894
586 895
15621 896
8760 897
13622 898
11400 899
10219 900
1254 901
9032 902
2534 903
7324 904
11619 905
8614 906
6857 907
14626 908
13893 909
13185 910
1976 911
5999 912
9986 913
13159 914
2011 915
14850 916
13348 917
7478 918
3842 919
7846 920
966 921
1493 922
9471 923
11941 924
5735 925
6251 926
4832 927
3525 928
12150 929
1018 930
14754 931
796 932
5255 933
171 934
2591 935
3114 936
2229 937
4122 938
11672 939
14223 940
7216 941
6468 942
8372 943
6109 944
6340 945
10909 946
2828 947
8905 948
4086 949
15765 950
3817 951
5099 952
14870 953
13061 954
3143 955
8353 956
12816 957
15313 958
11961 959
12422 960
15145 961
15073 962
11531 963
8753 964
7589 965
11366 966
10132 967
6785 968
12049 969
13887 970
3805 971
4779 972
13494 973
13559 974
9166 975
10734 976
405 977
10005 978
5811 979
2895 980
3279 981
7219 982
11270 983
12334 984
10163 985
5666 986
9225 987
11389 988
5110 989
3733 990
9944 991
7339 992
11948 993
14212 994
2269 995
933 996
1867 997
15288 998
1275 999
16046 1000
15237 1001
15001 1002
2963 1003
7323 1004
12674 1005
9709 1006
5250 1007
7277 1008
2406 1009
2331 1010
6679 1011
7381 1012
4001 1013
3876 1014
6886 1015
10947 1016
15253 1017
12091 1018
1110 1019
2663 1020
2304 1021
12077 1022
13052 1023
11219 1024
6868 1025
9508 1026
5908 1027
3922 1028
10043 1029
2294 1030
9562 1031
7788 1032
3710 1033
7843 1034
6831 1035
5074 1036
8924 1037
4915 1038
13221 1039
11342 1040
12696 1041
2627 1042
12821 1043
8248 1044
4300 1045
5323 1046
15572 1047
7505 1048
6526 1049
6763 1050
14639 1051
9633 1052
2663 1053
14127 1054
7277 1055
2194 1056
13600 1057
15957 1058
13098 1059
9737 1060
5085 1061
14896 1062
10503 1063
10143 1064
1910 1065
13836 1066
10543 1067
15818 1068
4418 1069
7450 1070
2326 1071
15612 1072
8136 1073
2940 1074
5845 1075
8319 1076
10798 1077
12025 1078
9664 1079
11023 1080
8429 1081
10665 1082
170 1083
6280 1084
14686 1085
5983 1086
11664 1087
691 1088
13938 1089
8401 1090
7900 1091
9804 1092
14392 1093
16100 1094
10284 1095
5319 1096
10337 1097
13483 1098
15080 1099
13334 1100
12928 1101
14488 1102
4897 1103
11085 1104
14576 1105
6565 1106
4532 1107
8101 1108
977 1109
13227 1110
12262 1111
645 1112
949 1113
8429 1114
3283 1115
11809 1116
3350 1117
5270 1118
7458 1119
10322 1120
4904 1121
15734 1122
12178 1123
12421 1124
13839 1125
571 1126
273 1127
10672 1128
2870 1129
3233 1130
2548 1131
3143 1132
8950 1133
11389 1134
238 1135
13809 1136
14358 1137
7214 1138
13626 1139
14975 1140
1100 1141
15104 1142
14785 1143
3512 1144
13434 1145
1616 1146
6603 1147
11302 1148
16292 1149
12955 1150
7100 1151
15601 1152
6917 1153
9105 1154
10733 1155
14493 1156
7797 1157
2223 1158
14156 1159
6548 1160
13276 1161
208 1162
6842 1163
6998 1164
2008 1165
2962 1166
3676 1167
7610 1168
11481 1169
7998 1170
1403 1171
3162 1172
6494 1173
13414 1174
1660 1175
6672 1176
6556 1177
4813 1178
10018 1179
4075 1180
8565 1181
7853 1182
1468 1183
7055 1184
2856 1185
11767 1186
15464 1187
1444 1188
5855 1189
14285 1190
6185 1191
1871 1192
11776 1193
12122 1194
15461 1195
472 1196
3451 1197
11333 1198
4386 1199
10382 1200
362 1201
226 1202
5212 1203
7493 1204
8367 1205
15508 1206
10921 1207
529 1208
663 1209
864 1210
14516 1211
1706 1212
14386 1213
13380 1214
3206 1215
235 1216
13177 1217
14619 1218
2602 1219
15920 1220
8187 1221
4088 1222
8220 1223
10865 1224
2836 1225
13691 1226
9500 1227
6023 1228
11077 1229
16230 1230
11398 1231
6783 1232
5239 1233
13374 1234
10351 1235
1229 1236
3605 1237
13926 1238
14713 1239
16318 1240
6671 1241
15046 1242
7304 1243
5538 1244
63 1245
4995 1246
2725 1247
2285 1248
4977 1249
15067 1250
7197 1251
5923 1252
10934 1253
2695 1254
2070 1255
5463 1256
11771 1257
2791 1258
5680 1259
3108 1260
5897 1261
7913 1262
14731 1263
12942 1264
12403 1265
9989 1266
7400 1267
3775 1268
3752 1269
7354 1270
6827 1271
10088 1272
12824 1273
10641 1274
11575 1275
1823 1276
9473 1277
15030 1278
6675 1279
11481 1280
8362 1281
7838 1282
11503 1283
14825 1284
15481 1285
10337 1286
10661 1287
13226 1288
9196 1289
8903 1290
16198 1291
7356 1292
8465 1293
12697 1294
2596 1295
9589 1296
16154 1297
8023 1298
11771 1299
4651 1300
2446 1301
5281 1302
3516 1303
3261 1304
9943 1305
2670 1306
10732 1307
1491 1308
5769 1309
5892 1310
12352 1311
10971 1312
2054 1313
9120 1314
4866 1315
13029 1316
1378 1317
6796 1318
10425 1319
5039 1320
1670 1321
9394 1322
11902 1323
656 1324
9915 1325
1442 1326
14913 1327
12728 1328
14305 1329
12584 1330
12365 1331
38 1332
9763 1333
6945 1334
7942 1335
8930 1336
15784 1337
6249 1338
1902 1339
10622 1340
16121 1341
3055 1342
16175 1343
2102 1344
3047 1345
9781 1346
8090 1347
13824 1348
11866 1349
14236 1350
2203 1351
15391 1352
610 1353
2932 1354
5140 1355
9374 1356
9533 1357
9240 1358
13813 1359
11779 1360
10654 1361
10286 1362
11747 1363
9714 1364
6886 1365
12763 1366
14155 1367
979 1368
3408 1369
1913 1370
13160 1371
4631 1372
16466 1373
7590 1374
4272 1375
3593 1376
10555 1377
2896 1378
7962 1379
6845 1380
11750 1381
9241 1382
3022 1383
7046 1384
291 1385
14391 1386
4333 1387
12734 1388
7098 1389
15652 1390
5211 1391
14007 1392
6318 1393
9255 1394
13244 1395
14736 1396
10461 1397
3685 1398
3963 1399
10968 1400
14620 1401
8147 1402
2760 1403
6964 1404
117 1405
16059 1406
13485 1407
9804 1408
9920 1409
14576 1410
2710 1411
5206 1412
265 1413
15595 1414
9671 1415
5802 1416
11389 1417
3643 1418
6666 1419
5857 1420
10215 1421
15485 1422
6061 1423
4257 1424
5609 1425
3879 1426
11868 1427
10044 1428
2 1429
13598 1430
8617 1431
752 1432
14696 1433
16371 1434
14235 1435
2321 1436
13549 1437
9681 1438
4864 1439
13043 1440
1441 1441
7928 1442
5806 1443
255 1444
8227 1445
9122 1446
2316 1447
15325 1448
5809 1449
14726 1450
2726 1451
9451 1452
720 1453
14050 1454
10073 1455
14188 1456
11540 1457
184 1458
11407 1459
2404 1460
11321 1461
7853 1462
14311 1463
5644 1464
3006 1465
3702 1466
10204 1467
11398 1468
13226 1469
13220 1470
14065 1471
5406 1472
3651 1473
12934 1474
14230 1475
15137 1476
16141 1477
7646 1478
9936 1479
3627 1480
7363 1481
4974 1482
8971 1483
8409 1484
16157 1485
1202 1486
810 1487
12120 1488
11224 1489
6335 1490
15621 1491
14578 1492
15855 1493
11276 1494
16150 1495
12965 1496
9770 1497
8298 1498
2723 1499
8839 1500
5935 1501
10541 1502
7006 1503
7653 1504
3984 1505
6208 1506
1948 1507
4885 1508
14081 1509
12197 1510
15740 1511
8338 1512
7206 1513
2885 1514
8547 1515
5139 1516
10387 1517
1922 1518
16001 1519
9771 1520
5839 1521
5680 1522
602 1523
9020 1524
9706 1525
4688 1526
15386 1527
9041 1528
4894 1529
10329 1530
8938 1531
9722 1532
13928 1533
16184 1534
1837 1535
5712 1536
13299 1537
12198 1538
6202 1539
14270 1540
1508 1541
14987 1542
16331 1543
16498 1544
4272 1545
15370 1546
15174 1547
13025 1548
399 1549
2410 1550
7354 1551
9650 1552
2751 1553
3726 1554
659 1555
1772 1556
16036 1557
13396 1558
13791 1559
6109 1560
3587 1561
14330 1562
14716 1563
16070 1564
426 1565
11196 1566
6383 1567
4956 1568
11856 1569
16498 1570
10804 1571
10795 1572
2072 1573
15123 1574
2249 1575
5644 1576
8025 1577
10178 1578
15515 1579
1352 1580
6406 1581
9287 1582
6923 1583
8490 1584
13690 1585
4106 1586
1732 1587
16492 1588
10781 1589
15767 1590
4060 1591
81 1592
10102 1593
9774 1594
1083 1595
425 1596
3821 1597
1678 1598
8754 1599
7763 1600
780 1601
9624 1602
8908 1603
15738 1604
2179 1605
8823 1606
14282 1607
14229 1608
4698 1609
8523 1610
8316 1611
763 1612
4778 1613
9083 1614
3921 1615
4591 1616
15076 1617
69 1618
9494 1619
10165 1620
9441 1621
6566 1622
15406 1623
4787 1624
4038 1625
3637 1626
2625 1627
5880 1628
10699 1629
2577 1630
1383 1631
13645 1632
10462 1633
893 1634
3979 1635
9700 1636
1566 1637
6810 1638
1063 1639
15601 1640
12177 1641
11674 1642
2422 1643
14459 1644
2834 1645
433 1646
1868 1647
7297 1648
12654 1649
