1250 300
12028 0
153 1
8892 2
2820 3
4580 4
3440 5
11975 6
2758 7
10998 8
2440 9
5411 10
5055 11
11761 12
9369 13
11435 14
8560 15
4769 16
6173 17
6075 18
2700 19
1825 20
9165 21
4129 22
12431 23
8170 24
737 25
7029 26
10391 27
5976 28
9274 29
4334 30
351 31
10115 32
322 33
6882 34
11597 35
11122 36
7028 37
4706 38
6618 39
9645 40
8848 41
8270 42
8557 43
501 44
440 45
6982 46
10493 47
11971 48
7082 49
6044 50
10408 51
30 52
2301 53
5030 54
10665 55
961 56
8979 57
11785 58
9580 59
3473 60
8804 61
5001 62
6360 63
2165 64
8491 65
1574 66
11795 67
10228 68
10348 69
10781 70
11755 71
11589 72
5263 73
1789 74
6361 75
998 76
3547 77
8583 78
473 79
11979 80
9793 81
8038 82
11299 83
4413 84
12412 85
9222 86
6711 87
10796 88
11346 89
2189 90
3028 91
11753 92
8464 93
3202 94
5203 95
9768 96
9749 97
82 98
4651 99
4085 100
8334 101
7502 102
10410 103
10292 104
4803 105
11164 106
12164 107
12391 108
2717 109
8877 110
2209 111
8790 112
11878 113
5896 114
9946 115
6531 116
10000 117
6505 118
5445 119
1831 120
1562 121
4048 122
1519 123
6071 124
1503 125
10768 126
769 127
9646 128
11613 129
3945 130
8142 131
413 132
7811 133
7447 134
6339 135
4317 136
8527 137
6599 138
5295 139
9992 140
9729 141
11659 142
5190 143
1762 144
1348 145
7315 146
7312 147
5168 148
11048 149
4976 150
1759 151
1622 152
564 153
1580 154
10659 155
8362 156
7537 157
11026 158
4433 159
5600 160
10192 161
8415 162
7796 163
1025 164
10177 165
8973 166
4148 167
6796 168
3714 169
9257 170
5535 171
5588 172
5450 173
1786 174
32 175
12497 176
9355 177
7530 178
5340 179
12213 180
8633 181
10287 182
4744 183
7266 184
4546 185
5945 186
11827 187
1004 188
9673 189
10471 190
10266 191
2958 192
3706 193
11732 194
8746 195
8336 196
1997 197
2330 198
1866 199
1044 200
10746 201
9834 202
4139 203
6701 204
136 205
1621 206
2746 207
4669 208
1074 209
10181 210
10491 211
5155 212
1960 213
6158 214
7679 215
3924 216
3019 217
6352 218
9223 219
4341 220
3347 221
12038 222
6289 223
4325 224
8304 225
12425 226
3304 227
9552 228
3952 229
4701 230
8397 231
4879 232
8958 233
6567 234
1697 235
5081 236
9057 237
9476 238
7693 239
4389 240
11681 241
1096 242
7381 243
7825 244
9127 245
9001 246
11835 247
5400 248
12179 249
8000 250
4392 251
8134 252
8754 253
2840 254
4052 255
9178 256
2332 257
2729 258
3239 259
4842 260
12334 261
5549 262
6687 263
8235 264
7207 265
3112 266
7308 267
10922 268
3273 269
8080 270
10981 271
2478 272
6185 273
9163 274
2610 275
1827 276
12254 277
10734 278
11419 279
5821 280
6954 281
4679 282
11571 283
2193 284
7080 285
8352 286
10626 287
7618 288
7029 289
10405 290
7624 291
11691 292
4270 293
4340 294
10897 295
8290 296
5427 297
9378 298
10719 299
6185 300
11711 301
7607 302
11772 303
10162 304
6616 305
7020 306
4484 307
7185 308
4586 309
3161 310
11687 311
3764 312
9464 313
8284 314
4098 315
11976 316
2341 317
508 318
3028 319
4120 320
3559 321
7395 322
3274 323
7138 324
10050 325
519 326
4318 327
1907 328
3990 329
8528 330
1674 331
704 332
11606 333
4517 334
648 335
4614 336
9083 337
8743 338
4742 339
7487 340
10591 341
5415 342
6791 343
3378 344
10992 345
11383 346
10181 347
6450 348
2696 349
2045 350
10204 351
4524 352
2389 353
7541 354
6922 355
1008 356
12072 357
8214 358
11912 359
1990 360
11614 361
11871 362
3861 363
8750 364
8592 365
7420 366
7188 367
3570 368
3133 369
10848 370
12317 371
8498 372
7393 373
2245 374
4898 375
4399 376
6325 377
9503 378
8301 379
2086 380
11177 381
7965 382
7101 383
8270 384
5879 385
891 386
4037 387
9194 388
12320 389
1583 390
8077 391
3133 392
4033 393
4046 394
1285 395
5117 396
10007 397
10136 398
1310 399
9094 400
6581 401
419 402
10048 403
9297 404
12163 405
206 406
6879 407
6721 408
4655 409
9052 410
7847 411
7062 412
5718 413
7659 414
1649 415
10929 416
8630 417
4281 418
581 419
6194 420
12382 421
6066 422
9769 423
1697 424
5320 425
5087 426
7583 427
4794 428
11179 429
2539 430
4531 431
9276 432
12437 433
288 434
9348 435
11024 436
2084 437
6153 438
73 439
6611 440
2242 441
7553 442
7840 443
3457 444
9384 445
233 446
10083 447
4204 448
10843 449
9555 450
4806 451
973 452
224 453
6105 454
10438 455
5876 456
575 457
3084 458
917 459
3050 460
11417 461
9306 462
11573 463
11601 464
1949 465
1857 466
2107 467
2136 468
7692 469
8522 470
12243 471
90 472
8814 473
8406 474
8123 475
11378 476
17 477
11471 478
12470 479
6620 480
90 481
6495 482
4475 483
9647 484
11526 485
4206 486
9360 487
3308 488
832 489
4587 490
5854 491
2928 492
3274 493
2355 494
8200 495
3845 496
8626 497
4470 498
11645 499
4979 500
8178 501
3967 502
2276 503
7330 504
11579 505
6383 506
259 507
6555 508
2311 509
8103 510
9124 511
8896 512
10707 513
1654 514
1978 515
11107 516
4762 517
572 518
363 519
10185 520
3375 521
11736 522
1975 523
2058 524
2973 525
9828 526
6729 527
7206 528
1949 529
9747 530
10079 531
10796 532
6755 533
2551 534
5391 535
57 536
2185 537
6132 538
12339 539
4288 540
8855 541
12054 542
7799 543
993 544
5050 545
12499 546
3994 547
6395 548
6955 549
3284 550
9165 551
7859 552
5811 553
175 554
5024 555
12052 556
4109 557
1009 558
11017 559
99 560
8475 561
4292 562
999 563
5814 564
6457 565
2032 566
9555 567
6399 568
11213 569
3840 570
6491 571
11891 572
3305 573
6070 574
7587 575
1361 576
10380 577
9066 578
1475 579
10576 580
6450 581
7701 582
4485 583
12020 584
7938 585
3442 586
1180 587
1745 588
8283 589
10266 590
256 591
9655 592
8121 593
8736 594
12140 595
638 596
577 597
3109 598
6271 599
9854 600
2615 601
3358 602
1302 603
3443 604
1039 605
5378 606
7268 607
12429 608
5343 609
6568 610
2956 611
10947 612
3688 613
11499 614
12393 615
11494 616
2720 617
7489 618
2879 619
3974 620
10137 621
4509 622
9541 623
517 624
5856 625
709 626
7754 627
8151 628
941 629
981 630
8642 631
1057 632
12236 633
1806 634
6458 635
2100 636
7680 637
9469 638
9184 639
6128 640
6980 641
62 642
4390 643
8729 644
7423 645
8049 646
1453 647
7511 648
6326 649
2585 650
2802 651
2734 652
6149 653
3444 654
5441 655
11630 656
11417 657
4144 658
5137 659
12049 660
1045 661
3586 662
8174 663
3763 664
1771 665
9285 666
9978 667
4633 668
3856 669
7799 670
1077 671
2136 672
8085 673
5320 674
505 675
473 676
7683 677
9376 678
10627 679
2580 680
6450 681
4350 682
5188 683
1424 684
2327 685
9123 686
5462 687
8766 688
10527 689
5309 690
2630 691
5426 692
3576 693
9186 694
2726 695
10943 696
5760 697
11056 698
9329 699
6568 700
10862 701
540 702
6914 703
294 704
2009 705
7616 706
2951 707
5383 708
6167 709
9210 710
7953 711
6844 712
7930 713
10726 714
5133 715
8754 716
842 717
2208 718
10192 719
7610 720
6948 721
3227 722
11486 723
6179 724
11669 725
7542 726
10847 727
1922 728
12376 729
941 730
192 731
9809 732
3663 733
11677 734
5889 735
5116 736
8829 737
8683 738
10854 739
3121 740
5889 741
11934 742
5785 743
6349 744
8563 745
9353 746
11519 747
12390 748
1334 749
11761 750
9389 751
652 752
10600 753
7227 754
4419 755
7487 756
586 757
9526 758
4740 759
11685 760
6934 761
1742 762
2933 763
11206 764
581 765
4081 766
676 767
675 768
6711 769
11670 770
11546 771
6766 772
3937 773
8741 774
3472 775
10999 776
7466 777
7322 778
4551 779
2332 780
9572 781
127 782
8344 783
3232 784
1158 785
4062 786
7544 787
2681 788
4240 789
839 790
11117 791
4154 792
1165 793
10324 794
1352 795
10279 796
5369 797
1372 798
7067 799
8940 800
1962 801
489 802
7898 803
6376 804
10735 805
872 806
8834 807
8935 808
1361 809
195 810
11690 811
4984 812
9462 813
11112 814
3271 815
9021 816
10639 817
8604 818
2442 819
9332 820
6564 821
11561 822
1905 823
587 824
2943 825
1614 826
10369 827
4528 828
10938 829
6295 830
2142 831
60 832
9203 833
2774 834
8825 835
4348 836
406 837
7585 838
8850 839
8857 840
4890 841
2350 842
1000 843
2127 844
3143 845
6821 846
5345 847
4780 848
6449 849
2757 850
5396 851
9958 852
2685 853
8844 854
3701 855
1699 856
8888 857
7535 858
1991 859
9719 860
5000 861
5217 862
317 863
5711 864
8447 865
1678 866
4048 867
7719 868
10093 869
12254 870
4832 871
3817 872
8298 873
7963 874
11530 875
1405 876
856 877
9365 878
10283 879
8041 880
11020 881
311 882
11646 883
7334 884
1245 885
1254 886
2929 887
6949 888
1103 889
2010 890
8328 891
5031 892
3640 893
493 894
1682 895
2469 896
8994 897
10525 898
9865 899
4596 900
2280 901
11140 902
8026 903
7569 904
1733 905
12064 906
4303 907
10603 908
10092 909
6597 910
5668 911
1857 912
1859 913
7290 914
4213 915
4780 916
7138 917
561 918
2465 919
2080 920
3106 921
5902 922
9074 923
11372 924
1433 925
3754 926
7035 927
9722 928
260 929
138 930
1951 931
9172 932
10453 933
5769 934
5096 935
744 936
790 937
2560 938
4851 939
5451 940
8468 941
3422 942
7042 943
6408 944
776 945
9788 946
5181 947
8870 948
1360 949
9897 950
7224 951
4816 952
10604 953
478 954
7030 955
2259 956
4081 957
1319 958
1249 959
3031 960
11398 961
9458 962
3749 963
10382 964
8969 965
579 966
10719 967
8370 968
11430 969
11314 970
11721 971
2377 972
9679 973
8814 974
12148 975
3649 976
6011 977
10311 978
9971 979
1382 980
1022 981
6506 982
10512 983
11955 984
11283 985
2573 986
6179 987
8150 988
7842 989
10741 990
2696 991
6378 992
126 993
8598 994
2321 995
5907 996
801 997
1170 998
1006 999
1193 1000
10143 1001
4943 1002
8214 1003
4199 1004
11630 1005
10768 1006
7944 1007
4490 1008
6410 1009
4479 1010
8391 1011
1080 1012
5146 1013
3940 1014
10022 1015
2320 1016
5874 1017
903 1018
1425 1019
5969 1020
10490 1021
3043 1022
9776 1023
3896 1024
10212 1025
7015 1026
12275 1027
4362 1028
5916 1029
4045 1030
11565 1031
8067 1032
2103 1033
8979 1034
3020 1035
3943 1036
1333 1037
5331 1038
9319 1039
3634 1040
6602 1041
7252 1042
3889 1043
12021 1044
7952 1045
7513 1046
1737 1047
9824 1048
7828 1049
11802 1050
10011 1051
7252 1052
3194 1053
3708 1054
12269 1055
524 1056
1722 1057
9282 1058
12389 1059
4462 1060
10177 1061
5077 1062
994 1063
2514 1064
6138 1065
11407 1066
6908 1067
4950 1068
11304 1069
12345 1070
6350 1071
9321 1072
5397 1073
3891 1074
3845 1075
9080 1076
3702 1077
6673 1078
7745 1079
8231 1080
8947 1081
6191 1082
405 1083
9315 1084
431 1085
3421 1086
2169 1087
9657 1088
5515 1089
4162 1090
1040 1091
1497 1092
3047 1093
2807 1094
167 1095
10451 1096
10114 1097
6343 1098
10611 1099
4593 1100
9559 1101
7743 1102
988 1103
1090 1104
2266 1105
4491 1106
12362 1107
8131 1108
1568 1109
10163 1110
9433 1111
2046 1112
4865 1113
4182 1114
6381 1115
9666 1116
3300 1117
10085 1118
10533 1119
3223 1120
9027 1121
10515 1122
7317 1123
7556 1124
11765 1125
11333 1126
2317 1127
5268 1128
8120 1129
4163 1130
9170 1131
625 1132
10506 1133
7294 1134
8468 1135
4023 1136
12027 1137
5642 1138
9076 1139
6276 1140
6810 1141
9121 1142
9646 1143
10512 1144
5847 1145
3109 1146
5639 1147
205 1148
1316 1149
4394 1150
2863 1151
159 1152
8547 1153
9005 1154
6239 1155
6123 1156
11674 1157
8180 1158
9757 1159
2557 1160
9633 1161
6346 1162
438 1163
6546 1164
3447 1165
11982 1166
1918 1167
9461 1168
10403 1169
3449 1170
7588 1171
9701 1172
10408 1173
11850 1174
8132 1175
7659 1176
12336 1177
12361 1178
108 1179
8371 1180
10671 1181
7417 1182
7324 1183
6664 1184
2893 1185
1605 1186
3336 1187
3215 1188
891 1189
3973 1190
8021 1191
3321 1192
17 1193
1605 1194
12023 1195
9440 1196
6968 1197
7899 1198
9233 1199
7986 1200
3073 1201
314 1202
5685 1203
1390 1204
10183 1205
7741 1206
10081 1207
922 1208
6500 1209
4270 1210
1300 1211
4231 1212
5425 1213
11441 1214
6945 1215
10582 1216
9200 1217
1208 1218
12171 1219
3283 1220
10723 1221
11800 1222
5616 1223
11477 1224
11741 1225
1179 1226
5645 1227
11859 1228
2391 1229
1561 1230
7766 1231
12347 1232
10167 1233
7307 1234
6776 1235
6793 1236
4209 1237
4249 1238
11159 1239
5644 1240
7377 1241
6597 1242
8299 1243
1005 1244
4783 1245
11772 1246
4785 1247
440 1248
2081 1249
