1600 950
7853 0
11900 1
12073 2
13304 3
9384 4
6327 5
13271 6
2577 7
1119 8
7683 9
13438 10
6263 11
37 12
6782 13
12459 14
13028 15
15117 16
7966 17
13104 18
5421 19
12574 20
7396 21
7483 22
11706 23
14573 24
1043 25
6538 26
3114 27
6318 28
5277 29
8463 30
9152 31
5553 32
11653 33
10829 34
13937 35
7403 36
11748 37
8653 38
2390 39
10788 40
14422 41
11316 42
10845 43
14361 44
5533 45
2754 46
8772 47
7928 48
5529 49
6264 50
6710 51
5900 52
6942 53
8008 54
11144 55
11086 56
8400 57
13291 58
11434 59
2200 60
975 61
14607 62
8764 63
2910 64
2304 65
9751 66
11669 67
13351 68
14038 69
115 70
8477 71
13137 72
13272 73
15156 74
12362 75
9759 76
336 77
13449 78
2202 79
7726 80
1904 81
6646 82
3327 83
6265 84
9163 85
2498 86
5098 87
14441 88
14854 89
3099 90
5313 91
4033 92
2091 93
10049 94
7558 95
11916 96
7360 97
8276 98
9584 99
13041 100
1254 101
13846 102
8869 103
10059 104
11433 105
9091 106
4359 107
14581 108
14612 109
13344 110
11864 111
8697 112
10581 113
2759 114
4964 115
945 116
14514 117
7693 118
13650 119
3441 120
12198 121
14232 122
4137 123
1397 124
2026 125
6811 126
8340 127
15297 128
13953 129
12984 130
15055 131
757 132
13684 133
10607 134
13994 135
9833 136
11805 137
1128 138
8056 139
5718 140
1065 141
9115 142
7891 143
12988 144
6255 145
4540 146
12648 147
11055 148
12074 149
9795 150
2636 151
11621 152
7982 153
14939 154
14983 155
1422 156
12403 157
6137 158
4568 159
10532 160
11507 161
9486 162
11836 163
13785 164
4765 165
10742 166
15130 167
14629 168
6912 169
5864 170
13690 171
9265 172
11052 173
3742 174
9861 175
5523 176
5268 177
2864 178
3336 179
9567 180
5733 181
12317 182
3907 183
8919 184
6187 185
3796 186
3292 187
3528 188
13300 189
6619 190
13026 191
6690 192
1789 193
11329 194
4322 195
11227 196
5743 197
6769 198
651 199
12692 200
4995 201
415 202
6792 203
14578 204
12223 205
9295 206
10540 207
1600 208
6227 209
15952 210
14557 211
15222 212
5775 213
7896 214
8003 215
887 216
4081 217
12644 218
9571 219
8246 220
13205 221
11818 222
3297 223
6178 224
8339 225
5730 226
2288 227
5640 228
15837 229
14739 230
9467 231
12507 232
4143 233
1979 234
9358 235
2865 236
12742 237
7025 238
14103 239
2430 240
13693 241
1442 242
290 243
13568 244
462 245
1039 246
12200 247
15073 248
12002 249
9308 250
5878 251
2723 252
11004 253
1008 254
10752 255
11661 256
13190 257
15832 258
6445 259
14200 260
7876 261
1233 262
4892 263
1936 264
6782 265
13451 266
13565 267
9927 268
5488 269
2185 270
6998 271
9071 272
15526 273
3339 274
15120 275
10028 276
10116 277
12862 278
3040 279
995 280
9131 281
2656 282
4626 283
13805 284
29 285
12783 286
5904 287
1960 288
3481 289
8534 290
3431 291
12559 292
3135 293
10855 294
13060 295
13245 296
12227 297
11113 298
1434 299
13287 300
5387 301
8327 302
15769 303
13325 304
11941 305
1028 306
10418 307
10339 308
6927 309
2840 310
5416 311
3549 312
499 313
11722 314
14306 315
2936 316
7180 317
9256 318
8998 319
10156 320
5435 321
5532 322
9383 323
6654 324
6519 325
7208 326
5808 327
13088 328
1507 329
6489 330
5907 331
7887 332
3139 333
1921 334
1363 335
9424 336
14846 337
6083 338
2836 339
10289 340
6512 341
7176 342
12116 343
6340 344
13608 345
11795 346
6025 347
6018 348
1702 349
11422 350
12437 351
13824 352
9393 353
15396 354
13604 355
1826 356
8061 357
9022 358
13269 359
8709 360
11001 361
5276 362
6659 363
2577 364
10226 365
12587 366
3922 367
953 368
9605 369
5737 370
4398 371
15327 372
7968 373
7619 374
11985 375
7903 376
9841 377
2115 378
13126 379
4335 380
10659 381
10660 382
6421 383
10532 384
447 385
10419 386
9684 387
4342 388
13445 389
11657 390
10297 391
8300 392
4962 393
6548 394
7037 395
13515 396
7494 397
15366 398
4933 399
14086 400
13287 401
12483 402
2916 403
13363 404
11669 405
12527 406
8770 407
12917 408
15938 409
13775 410
10229 411
9754 412
9355 413
15944 414
2373 415
13821 416
4041 417
1420 418
2584 419
5553 420
4498 421
4726 422
12791 423
1371 424
1604 425
13623 426
3877 427
13846 428
2430 429
177 430
1351 431
56 432
5702 433
6866 434
6718 435
6091 436
12956 437
3414 438
14325 439
1280 440
7331 441
13294 442
10475 443
7517 444
415 445
5883 446
8874 447
607 448
9314 449
15036 450
6213 451
2411 452
2382 453
15095 454
12280 455
5708 456
10173 457
5852 458
8629 459
6080 460
14525 461
14342 462
11333 463
15690 464
11678 465
6673 466
14725 467
9901 468
10190 469
13556 470
2469 471
544 472
5731 473
7687 474
2897 475
3694 476
2005 477
12651 478
6003 479
11388 480
3785 481
11956 482
3459 483
12161 484
13794 485
845 486
1582 487
11001 488
3829 489
8876 490
3851 491
15188 492
6822 493
15313 494
2654 495
7182 496
10521 497
14909 498
9406 499
3657 500
3600 501
405 502
10602 503
10380 504
5468 505
14387 506
11966 507
8700 508
1017 509
14954 510
270 511
15254 512
4401 513
8080 514
3670 515
1735 516
12300 517
10173 518
13774 519
518 520
9129 521
9048 522
4762 523
11781 524
6730 525
1898 526
6783 527
3904 528
2929 529
14999 530
15872 531
5086 532
14678 533
12254 534
14319 535
1122 536
14220 537
12071 538
15999 539
1882 540
2343 541
9595 542
14939 543
3245 544
9319 545
14317 546
3516 547
12861 548
5780 549
6426 550
6862 551
605 552
1870 553
4132 554
6167 555
10382 556
1188 557
2185 558
8232 559
4782 560
1235 561
10233 562
8373 563
2778 564
4781 565
3172 566
9805 567
15775 568
8383 569
11629 570
14584 571
13555 572
15651 573
12431 574
14058 575
9865 576
2610 577
15874 578
213 579
4117 580
9355 581
4352 582
12430 583
2207 584
12896 585
4608 586
7682 587
10851 588
5466 589
12431 590
2541 591
3587 592
8481 593
10797 594
3573 595
9645 596
9028 597
1236 598
2769 599
12117 600
11941 601
4408 602
6367 603
8952 604
15739 605
9444 606
5366 607
10918 608
11138 609
886 610
10895 611
7577 612
13225 613
6041 614
6420 615
426 616
6158 617
2212 618
12410 619
5115 620
2228 621
7709 622
15883 623
4780 624
1457 625
6396 626
817 627
3124 628
4902 629
5931 630
9720 631
13746 632
3822 633
8876 634
14049 635
11105 636
11574 637
14798 638
1261 639
2179 640
5865 641
5677 642
6945 643
4264 644
3993 645
8193 646
8049 647
9108 648
7793 649
4720 650
2823 651
7985 652
1468 653
5934 654
13092 655
12964 656
4319 657
15051 658
13794 659
3136 660
4471 661
8544 662
12540 663
3177 664
4004 665
4406 666
11249 667
14056 668
10967 669
7681 670
15281 671
910 672
15311 673
8337 674
14564 675
39 676
4764 677
1233 678
13857 679
4415 680
15156 681
5543 682
14252 683
5990 684
5604 685
8610 686
7408 687
9780 688
12594 689
1569 690
4041 691
14211 692
8775 693
4311 694
6092 695
14111 696
11429 697
13282 698
7611 699
15873 700
6900 701
656 702
14917 703
12397 704
11761 705
3765 706
3168 707
1350 708
2138 709
14520 710
6077 711
1665 712
6643 713
1679 714
13764 715
13713 716
10106 717
9161 718
12949 719
1945 720
14304 721
13002 722
370 723
14752 724
3364 725
13494 726
10189 727
15416 728
13792 729
9499 730
2976 731
15616 732
15258 733
11192 734
12459 735
3986 736
2095 737
12013 738
2094 739
3204 740
4500 741
10698 742
11667 743
9280 744
12271 745
1050 746
9089 747
13701 748
4203 749
3145 750
4565 751
4446 752
3335 753
198 754
10021 755
5948 756
8697 757
12300 758
2141 759
9905 760
11772 761
11239 762
4496 763
12036 764
7080 765
2804 766
1015 767
11419 768
6312 769
1946 770
13303 771
1048 772
15700 773
6012 774
6036 775
8008 776
4702 777
3952 778
8192 779
6855 780
4158 781
12861 782
1745 783
8510 784
14995 785
927 786
13003 787
7914 788
6151 789
992 790
13501 791
3915 792
4134 793
15328 794
12056 795
2515 796
11026 797
910 798
4235 799
8414 800
4638 801
14502 802
12541 803
6174 804
310 805
1337 806
12453 807
7400 808
15922 809
14631 810
2546 811
14038 812
8562 813
6444 814
9746 815
5210 816
11702 817
13586 818
7098 819
5726 820
11661 821
10434 822
10056 823
13663 824
2086 825
12772 826
386 827
14574 828
7918 829
15415 830
3725 831
12587 832
8843 833
1230 834
10843 835
7804 836
5120 837
8445 838
12457 839
7629 840
5155 841
83 842
7859 843
6391 844
9487 845
3696 846
4384 847
13717 848
6230 849
7468 850
10079 851
11980 852
877 853
701 854
6327 855
9456 856
67 857
8101 858
6168 859
5859 860
6970 861
8629 862
12196 863
11180 864
14881 865
7544 866
13838 867
3332 868
4275 869
11808 870
13807 871
11993 872
9871 873
5828 874
11839 875
14824 876
10334 877
3445 878
9315 879
7178 880
1840 881
5929 882
1578 883
6750 884
3077 885
15702 886
13108 887
9233 888
5643 889
13435 890
15977 891
15936 892
3183 893
11513 894
12093 895
2246 896
5209 897
1067 898
4623 899
14497 900
8122 901
242 902
11860 903
9636 904
14579 905
6375 906
4860 907
13743 908
4198 909
7985 910
10464 911
828 912
10467 913
8996 914
13502 915
13934 916
12560 917
3186 918
14048 919
5272 920
9346 921
7223 922
8443 923
13137 924
7989 925
11583 926
1337 927
13514 928
10018 929
1515 930
1948 931
9224 932
10132 933
11423 934
15717 935
13151 936
8715 937
11158 938
6296 939
12120 940
12473 941
6107 942
9524 943
13117 944
1833 945
4080 946
1717 947
7761 948
15093 949
4129 950
10305 951
13743 952
637 953
6543 954
15145 955
12095 956
12819 957
13143 958
3968 959
13118 960
1483 961
1264 962
198 963
436 964
9848 965
348 966
2749 967
14179 968
3873 969
6415 970
7217 971
15598 972
7076 973
1374 974
15743 975
8437 976
8440 977
11148 978
2855 979
9780 980
3268 981
8473 982
4866 983
5990 984
757 985
8015 986
9997 987
15787 988
15494 989
3592 990
10304 991
3493 992
10678 993
13138 994
7817 995
9872 996
6502 997
4827 998
1906 999
5123 1000
15151 1001
3662 1002
14445 1003
13885 1004
6094 1005
14304 1006
452 1007
7069 1008
1680 1009
4377 1010
9277 1011
291 1012
11008 1013
10029 1014
309 1015
10193 1016
10392 1017
2942 1018
3859 1019
512 1020
15570 1021
9471 1022
7158 1023
4087 1024
2610 1025
12136 1026
5732 1027
5107 1028
8622 1029
12916 1030
13957 1031
10461 1032
11515 1033
48 1034
1942 1035
12149 1036
11350 1037
5559 1038
10207 1039
15875 1040
10711 1041
2532 1042
9136 1043
10237 1044
6873 1045
4212 1046
1122 1047
14105 1048
12398 1049
11538 1050
4134 1051
7144 1052
7404 1053
3608 1054
7762 1055
13830 1056
891 1057
7980 1058
6434 1059
4188 1060
4581 1061
15643 1062
4969 1063
6698 1064
14467 1065
766 1066
11771 1067
12870 1068
11738 1069
7749 1070
9863 1071
9806 1072
4454 1073
15598 1074
846 1075
3208 1076
11393 1077
14044 1078
15685 1079
1719 1080
14660 1081
12065 1082
5721 1083
3436 1084
8172 1085
5130 1086
6804 1087
13686 1088
8043 1089
11270 1090
3925 1091
10239 1092
10071 1093
15778 1094
13166 1095
9862 1096
4668 1097
6178 1098
10445 1099
8096 1100
2792 1101
3709 1102
160 1103
9829 1104
10653 1105
12549 1106
11783 1107
427 1108
14696 1109
9287 1110
11292 1111
10683 1112
9249 1113
8990 1114
9142 1115
1516 1116
1567 1117
5865 1118
10649 1119
12801 1120
5075 1121
12292 1122
1639 1123
4124 1124
12015 1125
12776 1126
1610 1127
13828 1128
9391 1129
1343 1130
205 1131
3227 1132
12944 1133
7169 1134
8002 1135
3094 1136
3110 1137
7966 1138
14612 1139
6916 1140
12165 1141
11043 1142
13632 1143
10374 1144
2968 1145
2102 1146
13828 1147
15033 1148
4886 1149
6911 1150
11165 1151
12283 1152
2870 1153
8834 1154
1610 1155
6301 1156
7937 1157
3545 1158
2027 1159
4439 1160
442 1161
15304 1162
13973 1163
11530 1164
2590 1165
730 1166
2329 1167
14576 1168
7389 1169
74 1170
11634 1171
11569 1172
15067 1173
297 1174
12922 1175
13647 1176
15380 1177
13500 1178
12463 1179
11250 1180
7705 1181
1002 1182
4764 1183
13986 1184
2417 1185
1897 1186
11733 1187
14616 1188
13243 1189
257 1190
13678 1191
1672 1192
5879 1193
13827 1194
5509 1195
2564 1196
15742 1197
3526 1198
11256 1199
6576 1200
6200 1201
686 1202
12754 1203
15851 1204
9606 1205
8867 1206
4508 1207
6819 1208
3154 1209
2063 1210
11118 1211
12386 1212
9652 1213
2768 1214
8116 1215
11964 1216
10730 1217
14963 1218
2554 1219
5564 1220
12037 1221
10407 1222
15150 1223
2953 1224
9208 1225
8311 1226
2505 1227
1955 1228
15138 1229
4381 1230
6455 1231
10330 1232
3175 1233
973 1234
11813 1235
3386 1236
2617 1237
11038 1238
12292 1239
12706 1240
590 1241
13523 1242
6334 1243
6282 1244
14874 1245
13917 1246
5003 1247
727 1248
5392 1249
15024 1250
1408 1251
12998 1252
10425 1253
3627 1254
9256 1255
13818 1256
14851 1257
6651 1258
12586 1259
15298 1260
3134 1261
4461 1262
8708 1263
9858 1264
2594 1265
7598 1266
7488 1267
10754 1268
12204 1269
2466 1270
4877 1271
14067 1272
4750 1273
8109 1274
4422 1275
9759 1276
1365 1277
8551 1278
1637 1279
2124 1280
10794 1281
13859 1282
14230 1283
4933 1284
13084 1285
11897 1286
5035 1287
2484 1288
1031 1289
1219 1290
13329 1291
6683 1292
11142 1293
7358 1294
14692 1295
6850 1296
6255 1297
13959 1298
6913 1299
8219 1300
7695 1301
1320 1302
2652 1303
12995 1304
3507 1305
1522 1306
291 1307
6370 1308
1954 1309
59 1310
8063 1311
2700 1312
13991 1313
2314 1314
7646 1315
5319 1316
6577 1317
7031 1318
1076 1319
14831 1320
7590 1321
3704 1322
14026 1323
10052 1324
5424 1325
2724 1326
7032 1327
8231 1328
7735 1329
2706 1330
15406 1331
12893 1332
12424 1333
4544 1334
6138 1335
6087 1336
3216 1337
3376 1338
9373 1339
12298 1340
138 1341
859 1342
7976 1343
6489 1344
8466 1345
1051 1346
13148 1347
8195 1348
6830 1349
14634 1350
8045 1351
2650 1352
1141 1353
9135 1354
11463 1355
5078 1356
13723 1357
7978 1358
12129 1359
14621 1360
15355 1361
10496 1362
12579 1363
9420 1364
7730 1365
3560 1366
8431 1367
12804 1368
9861 1369
13639 1370
6823 1371
5987 1372
13145 1373
6126 1374
169 1375
14169 1376
3104 1377
1313 1378
5133 1379
14031 1380
10504 1381
1470 1382
15496 1383
299 1384
277 1385
14570 1386
6895 1387
11855 1388
3429 1389
1174 1390
13389 1391
13472 1392
10965 1393
3155 1394
6743 1395
15677 1396
11554 1397
8863 1398
3349 1399
10503 1400
11765 1401
2630 1402
6777 1403
8347 1404
3222 1405
7453 1406
4666 1407
4806 1408
10425 1409
3746 1410
1430 1411
15041 1412
9150 1413
2025 1414
8263 1415
122 1416
10138 1417
13953 1418
13074 1419
6066 1420
3825 1421
390 1422
13845 1423
726 1424
15135 1425
14537 1426
9684 1427
14334 1428
9477 1429
14745 1430
11496 1431
2351 1432
13767 1433
2895 1434
4558 1435
10668 1436
12377 1437
6570 1438
5456 1439
5106 1440
9060 1441
11407 1442
3980 1443
10338 1444
1444 1445
11749 1446
14444 1447
14931 1448
631 1449
1300 1450
7384 1451
2489 1452
10363 1453
15698 1454
7013 1455
1359 1456
11819 1457
2292 1458
668 1459
7629 1460
7221 1461
14536 1462
2792 1463
5176 1464
13851 1465
10873 1466
10017 1467
8217 1468
6196 1469
2107 1470
12633 1471
6090 1472
5509 1473
1531 1474
12372 1475
5860 1476
384 1477
13984 1478
14484 1479
15426 1480
7547 1481
8187 1482
15634 1483
12450 1484
1617 1485
1931 1486
2613 1487
1899 1488
5263 1489
619 1490
13081 1491
7916 1492
7273 1493
4583 1494
9433 1495
13258 1496
14831 1497
11393 1498
2420 1499
8276 1500
15541 1501
14417 1502
6192 1503
5778 1504
11127 1505
13031 1506
3201 1507
1566 1508
2734 1509
3133 1510
3223 1511
15012 1512
702 1513
640 1514
9239 1515
9026 1516
9467 1517
6758 1518
4405 1519
9539 1520
9039 1521
13943 1522
1131 1523
10458 1524
1341 1525
198 1526
467 1527
11706 1528
15417 1529
4185 1530
10798 1531
14380 1532
5623 1533
8855 1534
3695 1535
9896 1536
12635 1537
7428 1538
6069 1539
14856 1540
14354 1541
4568 1542
5460 1543
4066 1544
2282 1545
9974 1546
14851 1547
14536 1548
767 1549
3986 1550
8080 1551
9796 1552
1501 1553
156 1554
8333 1555
3999 1556
3400 1557
4215 1558
1756 1559
6753 1560
8970 1561
11633 1562
6765 1563
14418 1564
1520 1565
14475 1566
14983 1567
5135 1568
11835 1569
2503 1570
12527 1571
15687 1572
361 1573
7221 1574
12633 1575
1632 1576
15307 1577
2966 1578
2453 1579
15816 1580
2614 1581
2950 1582
8066 1583
13133 1584
13046 1585
357 1586
4393 1587
9082 1588
8283 1589
14608 1590
3882 1591
6134 1592
4651 1593
6873 1594
4305 1595
439 1596
2674 1597
3646 1598
4567 1599
