1150 450
7205 0
1759 1
1280 2
4451 3
9612 4
3765 5
2118 6
9518 7
10200 8
9195 9
1703 10
6952 11
8454 12
3832 13
10150 14
1164 15
6124 16
5886 17
9281 18
6559 19
4645 20
4938 21
10236 22
853 23
5534 24
10285 25
8187 26
4761 27
305 28
4015 29
7589 30
4814 31
9249 32
8174 33
4699 34
11462 35
6348 36
3786 37
8145 38
2375 39
10101 40
8112 41
10438 42
9550 43
3488 44
7775 45
920 46
5585 47
3685 48
8763 49
10743 50
1328 51
7821 52
9942 53
11119 54
6650 55
9126 56
9018 57
7987 58
1209 59
7972 60
6119 61
10471 62
3117 63
7571 64
112 65
10125 66
7669 67
10892 68
2917 69
524 70
11327 71
9023 72
9713 73
8228 74
7538 75
6732 76
3423 77
7045 78
2229 79
11058 80
7368 81
10110 82
5303 83
2900 84
6860 85
10380 86
290 87
6849 88
9561 89
8077 90
2794 91
7156 92
6996 93
11372 94
8709 95
4509 96
2972 97
3196 98
10418 99
2380 100
8696 101
11469 102
11473 103
11228 104
5862 105
8529 106
5352 107
5205 108
1158 109
4471 110
10001 111
6385 112
7353 113
10099 114
11413 115
7262 116
3283 117
9559 118
10240 119
11171 120
2306 121
7352 122
9302 123
8755 124
1879 125
1083 126
9151 127
1706 128
7451 129
11187 130
5665 131
7335 132
9769 133
4508 134
8877 135
3723 136
3493 137
2365 138
2971 139
4518 140
2410 141
9282 142
2659 143
6168 144
6940 145
494 146
7261 147
526 148
3221 149
2176 150
2995 151
9908 152
708 153
181 154
213 155
4958 156
10075 157
8322 158
1972 159
9363 160
1545 161
6735 162
5405 163
4460 164
8354 165
3704 166
6855 167
10500 168
5569 169
5949 170
10255 171
214 172
2076 173
3876 174
7668 175
2738 176
7457 177
4643 178
728 179
2266 180
5015 181
5684 182
9530 183
6222 184
3868 185
3989 186
11339 187
915 188
7010 189
4137 190
763 191
4148 192
2307 193
4013 194
4357 195
8570 196
299 197
10080 198
11357 199
10629 200
6986 201
9117 202
10894 203
9654 204
3570 205
9613 206
9972 207
4208 208
9585 209
4251 210
1452 211
6580 212
2402 213
506 214
6619 215
847 216
5170 217
9282 218
5301 219
1720 220
9043 221
2694 222
6640 223
7952 224
2200 225
7487 226
3425 227
11174 228
3456 229
5679 230
10840 231
7997 232
1067 233
10477 234
8115 235
8705 236
8129 237
2142 238
346 239
1830 240
1436 241
4691 242
4772 243
2212 244
10579 245
10404 246
1434 247
442 248
4169 249
1617 250
4958 251
9676 252
5772 253
94 254
3707 255
2716 256
7087 257
2432 258
4563 259
3864 260
2643 261
1187 262
3511 263
6732 264
5919 265
6000 266
1048 267
1224 268
2656 269
4722 270
109 271
5169 272
6957 273
480 274
8830 275
10245 276
6740 277
4084 278
618 279
6264 280
1107 281
2255 282
3352 283
204 284
7651 285
8954 286
10082 287
1514 288
727 289
6252 290
10013 291
9528 292
1060 293
6394 294
300 295
1345 296
6989 297
2817 298
8499 299
3281 300
1862 301
11034 302
10208 303
11027 304
6065 305
940 306
4755 307
434 308
1761 309
11313 310
10369 311
7842 312
4482 313
7427 314
9100 315
6167 316
2186 317
2629 318
7628 319
9558 320
7049 321
6122 322
4149 323
10116 324
3803 325
6008 326
10797 327
2794 328
4328 329
8266 330
764 331
614 332
1087 333
4800 334
447 335
9015 336
10707 337
6603 338
9210 339
11282 340
419 341
4669 342
1713 343
5630 344
7042 345
5920 346
3310 347
6916 348
10273 349
8658 350
10740 351
4369 352
5583 353
2457 354
3553 355
1312 356
1585 357
7623 358
1799 359
3377 360
466 361
4641 362
7267 363
2208 364
2710 365
5984 366
10752 367
6069 368
4753 369
1916 370
7526 371
9754 372
6844 373
407 374
1656 375
9320 376
7448 377
10198 378
10196 379
617 380
6676 381
3150 382
565 383
1349 384
3795 385
9408 386
11023 387
1729 388
3844 389
3583 390
11417 391
6814 392
1453 393
1908 394
9907 395
3371 396
10853 397
2887 398
5497 399
4288 400
5687 401
8282 402
960 403
2442 404
5055 405
1227 406
7731 407
574 408
5036 409
7726 410
112 411
1156 412
9718 413
5593 414
9209 415
3175 416
11286 417
7709 418
4182 419
3746 420
8035 421
6527 422
5609 423
8390 424
9346 425
4092 426
1536 427
3427 428
5416 429
1030 430
7320 431
8712 432
2577 433
6992 434
9308 435
871 436
5742 437
7264 438
333 439
5075 440
9403 441
3691 442
6770 443
3321 444
1982 445
10536 446
7810 447
1585 448
9145 449
8600 450
10345 451
949 452
7871 453
11229 454
10998 455
2380 456
8081 457
2174 458
1954 459
3039 460
3661 461
976 462
10679 463
5891 464
786 465
6592 466
7114 467
4135 468
5412 469
10689 470
7272 471
10724 472
377 473
10669 474
7739 475
4219 476
10772 477
6618 478
1306 479
11198 480
6130 481
289 482
10227 483
10091 484
10291 485
10940 486
183 487
10437 488
2393 489
3915 490
8700 491
9303 492
7379 493
1799 494
8016 495
4824 496
4319 497
7653 498
3583 499
3010 500
2070 501
177 502
9648 503
5039 504
7945 505
9678 506
1337 507
1653 508
1836 509
3559 510
6019 511
2379 512
11240 513
10 514
5999 515
6837 516
3967 517
2240 518
9798 519
3105 520
7494 521
274 522
5252 523
4133 524
7917 525
5934 526
2099 527
10616 528
9881 529
3146 530
1948 531
6923 532
8799 533
3511 534
3832 535
8009 536
1045 537
1139 538
1638 539
10826 540
7000 541
8802 542
6801 543
10865 544
2687 545
9842 546
2604 547
9642 548
5393 549
5542 550
2602 551
3183 552
12 553
3564 554
1159 555
184 556
4061 557
7658 558
6190 559
8447 560
573 561
284 562
1739 563
6367 564
5725 565
64 566
5000 567
2584 568
3236 569
2641 570
3944 571
4335 572
3898 573
3676 574
8569 575
2614 576
6508 577
10513 578
3732 579
18 580
10694 581
7080 582
9060 583
4044 584
5420 585
312 586
7751 587
3532 588
1689 589
1065 590
2841 591
4436 592
1659 593
568 594
8489 595
8906 596
5675 597
10271 598
6399 599
6587 600
1710 601
10873 602
9464 603
7656 604
10045 605
1904 606
4997 607
9697 608
1923 609
79 610
10936 611
111 612
2615 613
9939 614
10501 615
6072 616
5626 617
4118 618
5750 619
6207 620
9808 621
8351 622
7549 623
8624 624
5253 625
9021 626
7628 627
4949 628
7291 629
9808 630
11409 631
11019 632
3944 633
7942 634
571 635
185 636
4113 637
1735 638
324 639
5673 640
7244 641
9529 642
3418 643
3507 644
4749 645
6427 646
6382 647
7851 648
3029 649
5485 650
11384 651
3448 652
3434 653
1230 654
6275 655
3030 656
9342 657
5018 658
5999 659
9574 660
5430 661
9960 662
1107 663
3988 664
9117 665
8625 666
262 667
10854 668
8045 669
6331 670
9419 671
4059 672
5926 673
7687 674
4070 675
1997 676
9841 677
5030 678
1455 679
10376 680
8563 681
2703 682
7810 683
7881 684
2995 685
5411 686
2928 687
10356 688
6609 689
7623 690
4003 691
9990 692
10753 693
7458 694
5160 695
4815 696
10845 697
2736 698
827 699
6795 700
2275 701
3735 702
6295 703
9538 704
8929 705
7682 706
7156 707
9056 708
2553 709
3053 710
5948 711
5018 712
3509 713
2087 714
1764 715
9734 716
6504 717
6520 718
1230 719
8381 720
618 721
9379 722
7869 723
8496 724
10397 725
4934 726
1382 727
4856 728
4378 729
4168 730
4831 731
1005 732
9056 733
10741 734
9052 735
8294 736
7268 737
1403 738
10780 739
5649 740
1814 741
7289 742
1233 743
6532 744
1720 745
4430 746
6563 747
3727 748
4297 749
1225 750
2268 751
10914 752
10800 753
6179 754
5272 755
9924 756
10200 757
10152 758
2717 759
4827 760
5563 761
11143 762
9475 763
3287 764
3391 765
4643 766
6476 767
8554 768
9102 769
1108 770
7318 771
11150 772
8615 773
1377 774
11481 775
8566 776
4167 777
9753 778
5543 779
10157 780
8598 781
9354 782
3968 783
8197 784
8063 785
5892 786
8553 787
10588 788
530 789
1260 790
1789 791
2299 792
4400 793
4712 794
10396 795
7739 796
9443 797
5239 798
10467 799
7049 800
11210 801
8803 802
11137 803
5257 804
5528 805
10101 806
971 807
489 808
232 809
2429 810
1907 811
2433 812
11100 813
2651 814
7325 815
7875 816
10520 817
11468 818
2780 819
8376 820
4571 821
3625 822
7552 823
5733 824
4073 825
2237 826
3651 827
11308 828
10496 829
6691 830
5594 831
7198 832
11230 833
1231 834
8979 835
11255 836
9443 837
4048 838
3489 839
11152 840
5891 841
10672 842
9430 843
923 844
9785 845
3039 846
2369 847
2793 848
4175 849
6506 850
9970 851
3102 852
278 853
7330 854
468 855
11266 856
7987 857
9934 858
8343 859
10616 860
5975 861
8895 862
8784 863
6347 864
10954 865
10310 866
2277 867
2902 868
5343 869
9736 870
3218 871
1986 872
114 873
8375 874
9058 875
6559 876
5414 877
6622 878
11342 879
5703 880
5176 881
9381 882
559 883
4324 884
1997 885
9840 886
3316 887
4231 888
2184 889
7441 890
8884 891
9570 892
2707 893
4808 894
4807 895
617 896
907 897
154 898
4832 899
8210 900
7126 901
3865 902
9134 903
10645 904
5644 905
6413 906
7960 907
4503 908
2620 909
6190 910
1055 911
4093 912
3791 913
9117 914
3778 915
1399 916
5711 917
4443 918
6641 919
1621 920
1365 921
3120 922
1624 923
7934 924
8339 925
1102 926
7534 927
1727 928
7897 929
206 930
3695 931
6327 932
2067 933
1339 934
4316 935
228 936
59 937
3828 938
5032 939
6962 940
7031 941
7906 942
7856 943
8033 944
9574 945
6129 946
345 947
7410 948
9868 949
3801 950
5380 951
8066 952
5898 953
6194 954
2936 955
3678 956
7587 957
9992 958
8419 959
2184 960
5860 961
4725 962
11162 963
6485 964
4779 965
5837 966
6718 967
7460 968
3992 969
5715 970
7118 971
1333 972
8307 973
6143 974
6127 975
7453 976
8345 977
9520 978
11047 979
10344 980
7440 981
3464 982
1888 983
6927 984
7685 985
8968 986
10130 987
2844 988
10412 989
5647 990
8692 991
8014 992
5331 993
6439 994
11349 995
5691 996
6464 997
50 998
7451 999
7041 1000
2037 1001
3783 1002
10629 1003
8018 1004
3552 1005
6998 1006
10860 1007
1190 1008
2364 1009
393 1010
2517 1011
2801 1012
6420 1013
354 1014
8877 1015
3107 1016
9287 1017
5207 1018
5825 1019
9300 1020
4524 1021
2487 1022
696 1023
4829 1024
7440 1025
9948 1026
8069 1027
4333 1028
1081 1029
3935 1030
5517 1031
4966 1032
2602 1033
7941 1034
7255 1035
11237 1036
9595 1037
4989 1038
9655 1039
2865 1040
2981 1041
11210 1042
10996 1043
3994 1044
3424 1045
6857 1046
7987 1047
11044 1048
4708 1049
1838 1050
8862 1051
3504 1052
7868 1053
5753 1054
711 1055
5537 1056
8731 1057
1026 1058
3246 1059
3088 1060
733 1061
5858 1062
2556 1063
464 1064
7960 1065
6563 1066
9425 1067
10572 1068
6216 1069
5644 1070
10137 1071
10142 1072
7757 1073
7552 1074
8688 1075
8822 1076
1063 1077
1898 1078
2168 1079
524 1080
5304 1081
4693 1082
6908 1083
5425 1084
4052 1085
4327 1086
10799 1087
9444 1088
5058 1089
3004 1090
8057 1091
7718 1092
2261 1093
146 1094
6402 1095
11473 1096
134 1097
7745 1098
1348 1099
9545 1100
4660 1101
5180 1102
5691 1103
7185 1104
5993 1105
126 1106
345 1107
7799 1108
5971 1109
7331 1110
2917 1111
1710 1112
9286 1113
11454 1114
8947 1115
5660 1116
7521 1117
9881 1118
2885 1119
610 1120
8016 1121
1026 1122
9850 1123
722 1124
8919 1125
4347 1126
7878 1127
9954 1128
5832 1129
1442 1130
3698 1131
3289 1132
2976 1133
8515 1134
6563 1135
1502 1136
21 1137
6084 1138
1486 1139
4630 1140
2575 1141
1468 1142
7035 1143
7232 1144
9427 1145
10970 1146
10146 1147
2488 1148
6342 1149
