1550 1000
1066 0
2677 1
11563 2
3107 3
14798 4
1528 5
5640 6
936 7
3856 8
8354 9
3896 10
13720 11
8025 12
14223 13
10897 14
13236 15
954 16
2967 17
6727 18
486 19
7493 20
3577 21
14572 22
7989 23
9128 24
13448 25
13148 26
3394 27
749 28
9710 29
1468 30
5571 31
336 32
5699 33
4870 34
13672 35
11693 36
6686 37
10279 38
15365 39
503 40
11492 41
11900 42
5916 43
5926 44
10786 45
3737 46
13638 47
12988 48
4784 49
8447 50
3047 51
8673 52
6436 53
3612 54
13081 55
4569 56
7464 57
3396 58
614 59
10861 60
3911 61
14657 62
8052 63
2329 64
1365 65
8382 66
1639 67
11830 68
5062 69
11163 70
15305 71
8353 72
14491 73
4616 74
612 75
8194 76
661 77
4840 78
9677 79
13560 80
3259 81
9887 82
4114 83
3422 84
10117 85
458 86
9361 87
9676 88
3713 89
2191 90
6318 91
12566 92
2993 93
4432 94
1504 95
1663 96
7467 97
9463 98
13374 99
652 100
1982 101
5879 102
887 103
14212 104
5669 105
1893 106
6318 107
11568 108
2595 109
4823 110
7334 111
10627 112
15113 113
11512 114
2210 115
1684 116
5975 117
1910 118
1459 119
12338 120
2495 121
550 122
12528 123
2951 124
584 125
5480 126
9767 127
5765 128
6175 129
13152 130
3151 131
9053 132
4533 133
9188 134
1086 135
10621 136
7893 137
13023 138
10124 139
12159 140
8971 141
10401 142
9411 143
5694 144
10559 145
1139 146
12493 147
9786 148
2010 149
10666 150
11761 151
9099 152
691 153
8417 154
5719 155
8619 156
10845 157
9816 158
7507 159
1617 160
2424 161
2615 162
14360 163
6055 164
9407 165
8057 166
15104 167
12143 168
9858 169
14573 170
5183 171
12529 172
1679 173
10880 174
12059 175
10449 176
2208 177
10695 178
4076 179
15121 180
5957 181
6719 182
3764 183
15472 184
14259 185
5976 186
5426 187
11782 188
3352 189
14449 190
6449 191
11235 192
427 193
13645 194
10951 195
375 196
7112 197
4452 198
4063 199
3256 200
9085 201
5488 202
15186 203
2769 204
5588 205
6765 206
9769 207
9049 208
468 209
10119 210
14860 211
7103 212
13716 213
14723 214
1025 215
8155 216
10640 217
7858 218
3609 219
10745 220
13737 221
11088 222
5944 223
8972 224
6327 225
11247 226
2145 227
14898 228
3221 229
10378 230
6006 231
4092 232
12951 233
1242 234
883 235
8506 236
7628 237
1899 238
1313 239
7239 240
4208 241
13264 242
5882 243
2649 244
6380 245
1771 246
2430 247
3327 248
5792 249
1633 250
2954 251
894 252
3106 253
10805 254
3249 255
4981 256
11787 257
14888 258
1479 259
14908 260
8281 261
471 262
6848 263
12651 264
14127 265
12710 266
4390 267
6335 268
5636 269
5307 270
10506 271
15322 272
7730 273
6358 274
663 275
4267 276
11658 277
1412 278
5834 279
4824 280
11482 281
14770 282
15347 283
5404 284
3971 285
3983 286
7354 287
2735 288
4640 289
8394 290
1336 291
1927 292
6606 293
13792 294
13166 295
9589 296
4301 297
2705 298
7552 299
10315 300
3875 301
14982 302
7363 303
13802 304
11199 305
14534 306
2259 307
3909 308
3003 309
12481 310
11462 311
14128 312
5887 313
13580 314
423 315
37 316
4541 317
12475 318
8329 319
10120 320
9520 321
6485 322
10483 323
1221 324
7210 325
14258 326
14112 327
5576 328
1193 329
6760 330
7294 331
11421 332
8188 333
10002 334
2906 335
4247 336
10421 337
10202 338
2639 339
8868 340
2515 341
14269 342
9480 343
10536 344
13508 345
4553 346
3608 347
4368 348
9487 349
8795 350
1601 351
14385 352
7970 353
7059 354
10049 355
6673 356
24 357
1188 358
7050 359
13187 360
8674 361
9513 362
11439 363
12431 364
949 365
14511 366
9419 367
6029 368
13222 369
12409 370
4011 371
7981 372
173 373
6209 374
954 375
9664 376
3293 377
7900 378
10107 379
6630 380
9924 381
7691 382
13793 383
7620 384
13335 385
6243 386
12855 387
2749 388
628 389
6168 390
1496 391
5595 392
3133 393
898 394
12 395
5482 396
11666 397
12055 398
15290 399
1511 400
11836 401
12379 402
11012 403
9691 404
2144 405
3376 406
13600 407
12205 408
5575 409
138 410
3383 411
3537 412
14983 413
9430 414
1096 415
1420 416
15211 417
5642 418
6751 419
1105 420
12377 421
12295 422
1637 423
5882 424
5929 425
4478 426
7738 427
12678 428
11533 429
13513 430
9388 431
14217 432
2128 433
8306 434
4861 435
7816 436
11792 437
8085 438
12293 439
8806 440
13327 441
6559 442
9322 443
6319 444
10582 445
5463 446
14210 447
11590 448
12998 449
10664 450
1470 451
7088 452
237 453
1923 454
7002 455
11572 456
14520 457
15474 458
5985 459
4940 460
14047 461
14497 462
8411 463
15039 464
7697 465
14209 466
9739 467
13510 468
10545 469
2715 470
1487 471
15410 472
12117 473
4516 474
5606 475
13216 476
3575 477
7414 478
5887 479
10355 480
67 481
6892 482
8559 483
13640 484
7828 485
4589 486
13538 487
12930 488
4792 489
8803 490
14674 491
15118 492
15166 493
5941 494
12645 495
10623 496
3416 497
1072 498
9587 499
8359 500
889 501
8362 502
12537 503
7810 504
15338 505
764 506
3563 507
2611 508
4693 509
8035 510
10898 511
3433 512
7911 513
8997 514
4489 515
7622 516
2061 517
3302 518
9859 519
2721 520
8840 521
5692 522
1604 523
15225 524
14726 525
1387 526
14797 527
10597 528
2889 529
1657 530
2701 531
12375 532
9717 533
11787 534
5197 535
4601 536
13228 537
5369 538
14862 539
7815 540
11425 541
15080 542
6107 543
14067 544
2048 545
3752 546
9080 547
15098 548
1625 549
2128 550
4536 551
14804 552
14905 553
7003 554
1632 555
5924 556
4233 557
12560 558
12679 559
8334 560
13008 561
12219 562
3060 563
4418 564
6361 565
14370 566
9529 567
6817 568
341 569
4325 570
14825 571
11964 572
11994 573
1518 574
2917 575
14797 576
12872 577
12257 578
6602 579
5451 580
12975 581
2364 582
8807 583
13680 584
4675 585
2833 586
98 587
14093 588
1695 589
14556 590
12045 591
11889 592
14545 593
7789 594
738 595
5927 596
10861 597
2797 598
8860 599
5913 600
11337 601
14174 602
4641 603
6236 604
4904 605
15042 606
2061 607
933 608
12471 609
15338 610
173 611
6495 612
1211 613
15364 614
13423 615
10596 616
13123 617
8312 618
13510 619
2021 620
5300 621
9691 622
4878 623
8297 624
15459 625
6826 626
13405 627
7701 628
12800 629
7887 630
5525 631
1262 632
1054 633
6013 634
8954 635
6677 636
15235 637
6775 638
2474 639
1555 640
2664 641
13081 642
8751 643
7802 644
14068 645
4586 646
1584 647
12693 648
15407 649
649 650
10449 651
4475 652
10851 653
454 654
6866 655
647 656
15347 657
8294 658
12638 659
11794 660
3218 661
5730 662
12155 663
14529 664
7173 665
10953 666
10638 667
5785 668
8077 669
13925 670
12681 671
6881 672
11061 673
12441 674
7147 675
1726 676
11444 677
475 678
15241 679
74 680
9494 681
2450 682
8098 683
6683 684
192 685
14535 686
3814 687
8789 688
382 689
14608 690
132 691
4744 692
2577 693
7150 694
11923 695
672 696
621 697
13529 698
1294 699
8518 700
473 701
3214 702
3284 703
8200 704
9752 705
5122 706
6062 707
10974 708
1492 709
6091 710
12912 711
386 712
5234 713
14958 714
13739 715
12999 716
11647 717
14716 718
13901 719
11687 720
10659 721
7054 722
8280 723
12472 724
4300 725
5080 726
11141 727
3267 728
13641 729
585 730
482 731
11353 732
11597 733
4085 734
5127 735
8680 736
14768 737
2961 738
13601 739
2431 740
6646 741
2255 742
5152 743
8301 744
7554 745
9325 746
13237 747
986 748
11150 749
1081 750
13570 751
5492 752
8652 753
4531 754
12772 755
12127 756
3693 757
11490 758
4966 759
11013 760
1040 761
5984 762
4407 763
1999 764
7907 765
435 766
4354 767
5826 768
12751 769
11575 770
8372 771
9590 772
2411 773
705 774
14553 775
11730 776
7840 777
1688 778
2142 779
673 780
14434 781
9953 782
294 783
11480 784
14670 785
7442 786
9225 787
13567 788
6638 789
1857 790
13758 791
6394 792
11792 793
2709 794
5648 795
11673 796
14901 797
11485 798
12585 799
12692 800
4810 801
15238 802
3234 803
11934 804
13325 805
5880 806
3813 807
15289 808
8439 809
535 810
3657 811
15128 812
8110 813
2939 814
13112 815
11032 816
12688 817
9257 818
11620 819
1055 820
3023 821
626 822
5004 823
9678 824
1863 825
8708 826
8184 827
7902 828
13131 829
11584 830
5172 831
6366 832
11995 833
14360 834
8408 835
14416 836
2773 837
7794 838
2159 839
10134 840
13623 841
8688 842
6628 843
9503 844
535 845
13975 846
7648 847
7804 848
302 849
3622 850
4488 851
14198 852
2231 853
12346 854
2559 855
11306 856
8073 857
14064 858
14023 859
14251 860
8112 861
11791 862
14313 863
4365 864
11526 865
13860 866
9802 867
2276 868
4254 869
3981 870
10715 871
5444 872
9705 873
2796 874
5263 875
4445 876
8256 877
8520 878
5334 879
7576 880
8777 881
2596 882
4726 883
5857 884
14509 885
4726 886
8340 887
1228 888
7123 889
3495 890
5894 891
9920 892
11571 893
6485 894
10215 895
2521 896
12419 897
3345 898
4472 899
271 900
2481 901
1761 902
10114 903
8549 904
14088 905
515 906
15281 907
11556 908
14695 909
11505 910
9651 911
10209 912
15440 913
5170 914
13277 915
14298 916
12843 917
8427 918
3524 919
833 920
14190 921
7524 922
11554 923
12829 924
14775 925
11361 926
4138 927
10921 928
2965 929
8444 930
2917 931
1645 932
7263 933
9819 934
9541 935
761 936
10850 937
13798 938
15084 939
2615 940
11141 941
1835 942
5788 943
497 944
11237 945
5042 946
14134 947
12359 948
15288 949
12054 950
9688 951
1148 952
15442 953
12379 954
2278 955
3685 956
8429 957
1252 958
12575 959
345 960
833 961
11019 962
510 963
9014 964
7974 965
6150 966
11842 967
4639 968
7693 969
13440 970
9079 971
9470 972
7024 973
11264 974
12018 975
836 976
11650 977
15 978
465 979
9179 980
6500 981
7389 982
6740 983
14673 984
3808 985
10454 986
9538 987
9696 988
7057 989
8938 990
7041 991
10339 992
2156 993
9763 994
12826 995
2254 996
11663 997
14999 998
1953 999
11124 1000
8295 1001
4515 1002
13019 1003
4032 1004
4161 1005
8514 1006
582 1007
4696 1008
571 1009
14119 1010
3919 1011
11696 1012
1650 1013
14267 1014
11991 1015
5428 1016
4953 1017
13957 1018
11462 1019
9268 1020
13666 1021
10901 1022
14170 1023
5714 1024
2162 1025
6481 1026
11693 1027
6133 1028
4156 1029
8398 1030
5963 1031
4684 1032
14095 1033
3971 1034
9211 1035
6043 1036
753 1037
11843 1038
6871 1039
12445 1040
2366 1041
3508 1042
10488 1043
8184 1044
6973 1045
2616 1046
14363 1047
7605 1048
9353 1049
8300 1050
9209 1051
408 1052
13614 1053
11082 1054
3572 1055
13692 1056
8945 1057
15228 1058
7786 1059
10874 1060
6079 1061
8313 1062
14888 1063
13768 1064
3574 1065
1107 1066
7785 1067
4991 1068
7150 1069
12562 1070
10505 1071
5761 1072
8326 1073
839 1074
14021 1075
10477 1076
11772 1077
3284 1078
12604 1079
14081 1080
3795 1081
11156 1082
13068 1083
12400 1084
7357 1085
3703 1086
15383 1087
5587 1088
9874 1089
11880 1090
6487 1091
12471 1092
12028 1093
1403 1094
2931 1095
2004 1096
13547 1097
9695 1098
3351 1099
5083 1100
4248 1101
10148 1102
10032 1103
9338 1104
4143 1105
3196 1106
8885 1107
2474 1108
7744 1109
13745 1110
6497 1111
7844 1112
13045 1113
11505 1114
10497 1115
2327 1116
5114 1117
279 1118
2297 1119
5263 1120
6333 1121
10590 1122
13809 1123
13606 1124
6876 1125
7061 1126
12860 1127
13623 1128
7902 1129
4731 1130
14570 1131
12774 1132
12369 1133
14872 1134
15037 1135
3362 1136
13926 1137
10165 1138
2189 1139
5162 1140
8117 1141
5236 1142
12389 1143
11406 1144
10642 1145
2340 1146
10464 1147
12749 1148
6426 1149
867 1150
4653 1151
15344 1152
14322 1153
10942 1154
6513 1155
12423 1156
324 1157
12257 1158
935 1159
3455 1160
3026 1161
8206 1162
14841 1163
1034 1164
1187 1165
4856 1166
3497 1167
1423 1168
7054 1169
6718 1170
6956 1171
3943 1172
7022 1173
10818 1174
1082 1175
5043 1176
6791 1177
14358 1178
4492 1179
6154 1180
7232 1181
2644 1182
7510 1183
7826 1184
487 1185
1016 1186
4749 1187
6155 1188
5023 1189
3396 1190
6644 1191
8932 1192
9383 1193
11082 1194
2784 1195
4704 1196
5007 1197
9297 1198
1422 1199
3395 1200
3576 1201
15000 1202
13346 1203
9742 1204
12939 1205
11552 1206
2959 1207
2907 1208
11743 1209
14374 1210
1141 1211
14316 1212
14906 1213
12146 1214
6609 1215
10832 1216
5279 1217
13072 1218
9765 1219
7580 1220
7588 1221
351 1222
5384 1223
4967 1224
14952 1225
1720 1226
13557 1227
6283 1228
13903 1229
1512 1230
13698 1231
12588 1232
15466 1233
8447 1234
2791 1235
9119 1236
14742 1237
2709 1238
15183 1239
564 1240
15080 1241
4096 1242
12029 1243
7963 1244
8664 1245
12780 1246
10483 1247
13735 1248
1831 1249
11029 1250
14896 1251
12550 1252
3899 1253
14964 1254
11459 1255
4513 1256
12716 1257
1106 1258
5829 1259
13344 1260
4026 1261
2675 1262
3063 1263
1928 1264
10442 1265
3828 1266
5644 1267
9267 1268
15025 1269
11690 1270
6518 1271
7268 1272
5484 1273
10374 1274
4256 1275
1457 1276
6254 1277
13659 1278
797 1279
7466 1280
4120 1281
2411 1282
8459 1283
4877 1284
9608 1285
8174 1286
2797 1287
1234 1288
12011 1289
241 1290
6271 1291
8677 1292
12908 1293
116 1294
7054 1295
7636 1296
995 1297
13829 1298
3019 1299
2649 1300
10372 1301
2927 1302
7444 1303
8452 1304
278 1305
4955 1306
14038 1307
14953 1308
11415 1309
437 1310
7767 1311
4856 1312
4001 1313
3955 1314
8233 1315
216 1316
10310 1317
4406 1318
22 1319
13095 1320
2432 1321
4030 1322
1161 1323
12274 1324
1730 1325
8843 1326
15067 1327
5479 1328
7032 1329
12057 1330
6563 1331
8846 1332
13335 1333
9308 1334
14474 1335
12081 1336
2327 1337
1402 1338
9369 1339
2385 1340
8587 1341
9719 1342
1340 1343
10269 1344
4513 1345
14539 1346
4889 1347
9108 1348
3684 1349
4703 1350
9078 1351
11443 1352
10025 1353
4612 1354
10625 1355
7124 1356
3835 1357
6550 1358
840 1359
6410 1360
2298 1361
6843 1362
2993 1363
674 1364
6842 1365
8435 1366
492 1367
4591 1368
15196 1369
2291 1370
6341 1371
999 1372
8235 1373
13115 1374
5564 1375
14416 1376
12420 1377
3269 1378
1225 1379
12748 1380
3998 1381
7029 1382
8450 1383
5076 1384
5973 1385
8931 1386
564 1387
8948 1388
7415 1389
1118 1390
818 1391
14189 1392
7948 1393
7348 1394
13739 1395
12470 1396
397 1397
363 1398
12333 1399
6491 1400
2087 1401
13105 1402
4233 1403
12075 1404
9674 1405
8650 1406
13429 1407
14916 1408
938 1409
2236 1410
11124 1411
4058 1412
7931 1413
4348 1414
1990 1415
10501 1416
3100 1417
8128 1418
3435 1419
4117 1420
8980 1421
11846 1422
6914 1423
314 1424
11259 1425
13108 1426
12208 1427
8655 1428
2254 1429
8510 1430
1618 1431
6030 1432
5464 1433
14764 1434
14301 1435
14490 1436
3015 1437
2711 1438
851 1439
13546 1440
7708 1441
12995 1442
3636 1443
15239 1444
1268 1445
11374 1446
5577 1447
7671 1448
5938 1449
13620 1450
10102 1451
5971 1452
672 1453
11102 1454
6539 1455
12471 1456
15243 1457
9833 1458
840 1459
10790 1460
6567 1461
12976 1462
9463 1463
3212 1464
2212 1465
12351 1466
5674 1467
5767 1468
4093 1469
3586 1470
8410 1471
637 1472
5762 1473
7946 1474
9231 1475
4971 1476
317 1477
820 1478
11870 1479
12872 1480
5143 1481
5006 1482
531 1483
4440 1484
7311 1485
10411 1486
5228 1487
1641 1488
4035 1489
12858 1490
12521 1491
1691 1492
6795 1493
4924 1494
893 1495
7619 1496
4150 1497
11936 1498
775 1499
9576 1500
9688 1501
1529 1502
13031 1503
261 1504
11250 1505
11909 1506
5387 1507
12635 1508
14444 1509
4658 1510
10753 1511
6341 1512
4880 1513
10051 1514
4575 1515
10308 1516
3203 1517
4027 1518
5951 1519
11200 1520
14032 1521
8941 1522
3507 1523
4688 1524
2066 1525
15476 1526
12192 1527
14143 1528
12679 1529
588 1530
6675 1531
4585 1532
7014 1533
9925 1534
6258 1535
9807 1536
4147 1537
15047 1538
12019 1539
8787 1540
13202 1541
5542 1542
10166 1543
5364 1544
8181 1545
6226 1546
5270 1547
12400 1548
2044 1549
