100 1350
119 0
445 1
819 2
155 3
723 4
735 5
806 6
415 7
918 8
113 9
496 10
631 11
187 12
581 13
950 14
828 15
980 16
654 17
100 18
780 19
732 20
480 21
135 22
194 23
24 24
565 25
605 26
12 27
16 28
432 29
617 30
906 31
258 32
424 33
541 34
174 35
324 36
387 37
639 38
25 39
733 40
411 41
586 42
954 43
603 44
753 45
805 46
981 47
292 48
717 49
990 50
348 51
324 52
692 53
515 54
36 55
899 56
866 57
673 58
944 59
217 60
343 61
505 62
854 63
531 64
794 65
667 66
105 67
673 68
251 69
399 70
35 71
793 72
428 73
973 74
710 75
196 76
740 77
960 78
735 79
989 80
338 81
64 82
167 83
47 84
822 85
181 86
401 87
341 88
576 89
591 90
360 91
906 92
590 93
718 94
411 95
723 96
691 97
769 98
322 99
