1150 200
7477 0
1782 1
5860 2
10574 3
10065 4
9261 5
6652 6
59 7
3307 8
1093 9
81 10
4252 11
11334 12
10715 13
1749 14
3218 15
1957 16
2266 17
1902 18
10893 19
9019 20
7591 21
9061 22
6186 23
6630 24
11068 25
754 26
9263 27
6113 28
10025 29
7405 30
3224 31
792 32
692 33
5938 34
967 35
670 36
3105 37
4276 38
7401 39
11168 40
9596 41
3177 42
410 43
1119 44
2923 45
1744 46
1323 47
10390 48
774 49
2846 50
10961 51
7557 52
4825 53
98 54
6825 55
3478 56
10408 57
2062 58
8958 59
10219 60
1867 61
2227 62
8209 63
8519 64
3811 65
8773 66
603 67
10664 68
7150 69
5796 70
5032 71
6287 72
2902 73
2688 74
10702 75
3051 76
7868 77
4563 78
8033 79
8907 80
4996 81
11165 82
1379 83
6679 84
2032 85
9951 86
5091 87
9089 88
4917 89
4994 90
10118 91
10895 92
9057 93
2951 94
3176 95
8426 96
5828 97
4234 98
6809 99
8017 100
10741 101
2665 102
6288 103
2114 104
2624 105
2587 106
10767 107
629 108
11176 109
9956 110
8374 111
9347 112
7265 113
8938 114
2462 115
9754 116
5376 117
6594 118
4791 119
9851 120
3165 121
10525 122
7117 123
9012 124
2076 125
7147 126
2678 127
417 128
9661 129
3147 130
3163 131
11354 132
4794 133
1597 134
607 135
2615 136
9468 137
9998 138
5508 139
4144 140
7401 141
7738 142
5833 143
8618 144
1501 145
362 146
9652 147
7272 148
6862 149
2638 150
4106 151
196 152
9482 153
9709 154
6523 155
7233 156
7861 157
3632 158
3891 159
4899 160
1457 161
3214 162
1585 163
3161 164
5233 165
11453 166
2927 167
11305 168
3599 169
1941 170
5935 171
6600 172
11325 173
11404 174
6947 175
11410 176
551 177
4097 178
9333 179
2797 180
10472 181
11329 182
142 183
4476 184
2106 185
4381 186
10168 187
2492 188
1403 189
6239 190
3508 191
2076 192
1256 193
8336 194
10506 195
4462 196
9603 197
5642 198
6394 199
3941 200
6552 201
11299 202
8387 203
187 204
6292 205
9368 206
4409 207
7941 208
3632 209
3160 210
10840 211
780 212
1532 213
5770 214
6391 215
11064 216
5260 217
10765 218
5477 219
3419 220
4122 221
8953 222
8083 223
3194 224
2509 225
7682 226
1717 227
2564 228
1518 229
7089 230
1464 231
3956 232
2705 233
5692 234
9867 235
2665 236
1720 237
4994 238
10293 239
11329 240
1960 241
11129 242
7733 243
10093 244
1880 245
10106 246
10023 247
4334 248
625 249
5957 250
1385 251
9333 252
10400 253
8134 254
908 255
11260 256
10581 257
9409 258
216 259
3986 260
6596 261
2280 262
5729 263
850 264
9405 265
2073 266
8500 267
8084 268
7383 269
1616 270
8628 271
4324 272
497 273
7699 274
8631 275
7114 276
7548 277
11279 278
7746 279
272 280
7511 281
8053 282
4977 283
6526 284
8498 285
2350 286
10884 287
9055 288
5666 289
5481 290
4791 291
3106 292
3998 293
8783 294
522 295
9806 296
3776 297
10712 298
2536 299
1396 300
3502 301
8817 302
5846 303
10020 304
10162 305
8723 306
2437 307
4602 308
1218 309
747 310
8851 311
7309 312
6006 313
9848 314
2433 315
2066 316
11447 317
9104 318
6274 319
8759 320
2079 321
8967 322
6105 323
6280 324
1122 325
10545 326
166 327
5697 328
2861 329
5424 330
9929 331
10774 332
8335 333
6345 334
2100 335
10858 336
3098 337
9102 338
6688 339
303 340
7650 341
6208 342
21 343
1896 344
5847 345
1427 346
11372 347
5091 348
4941 349
9636 350
2338 351
2450 352
2703 353
5613 354
3250 355
8822 356
3345 357
10512 358
10955 359
10148 360
6641 361
3615 362
505 363
8812 364
1890 365
6811 366
642 367
3955 368
1336 369
1692 370
8004 371
10455 372
744 373
2425 374
11172 375
6399 376
7965 377
196 378
2206 379
5473 380
5108 381
6793 382
10833 383
3404 384
5506 385
11475 386
4602 387
461 388
11455 389
8515 390
1825 391
5426 392
5414 393
2637 394
8477 395
3893 396
5218 397
9243 398
7497 399
3452 400
2247 401
5462 402
1141 403
8830 404
4574 405
295 406
5806 407
6930 408
9211 409
4309 410
6187 411
6532 412
4832 413
6648 414
289 415
8303 416
9656 417
843 418
3779 419
11020 420
8319 421
1400 422
1657 423
8018 424
8445 425
8417 426
6925 427
4778 428
1220 429
3018 430
2744 431
3713 432
11174 433
4510 434
7889 435
6577 436
3132 437
9716 438
8334 439
8389 440
8304 441
2496 442
8779 443
4180 444
11150 445
4136 446
6983 447
4851 448
9619 449
10771 450
5363 451
440 452
6117 453
2542 454
4117 455
5265 456
1762 457
94 458
5027 459
10313 460
2514 461
3807 462
9148 463
9963 464
10201 465
9062 466
7920 467
1175 468
7989 469
4406 470
20 471
9499 472
2646 473
1220 474
10416 475
3920 476
1336 477
7287 478
1201 479
3392 480
2410 481
4891 482
2279 483
9474 484
8190 485
3714 486
7512 487
3943 488
6228 489
7836 490
8124 491
9882 492
4530 493
2873 494
7212 495
10871 496
4150 497
9572 498
10350 499
4365 500
9493 501
7025 502
2047 503
8454 504
10570 505
9217 506
11350 507
1518 508
5583 509
462 510
11241 511
2606 512
2719 513
8962 514
10340 515
11134 516
2641 517
1565 518
5971 519
359 520
6103 521
5497 522
7145 523
3929 524
3047 525
387 526
2878 527
8223 528
6805 529
6102 530
8791 531
10972 532
1687 533
7281 534
6013 535
4104 536
9048 537
10039 538
906 539
4069 540
9839 541
11460 542
9675 543
4554 544
8700 545
10353 546
3026 547
3166 548
5253 549
7108 550
719 551
8534 552
7373 553
8956 554
6471 555
8838 556
6752 557
10360 558
861 559
10362 560
436 561
1244 562
1403 563
9121 564
7517 565
2976 566
10744 567
5883 568
6738 569
10136 570
8473 571
1270 572
11453 573
7961 574
1099 575
10091 576
5 577
8153 578
8227 579
1424 580
1957 581
1666 582
10884 583
2338 584
9856 585
10432 586
566 587
6391 588
2413 589
6542 590
2253 591
10247 592
4025 593
9512 594
7188 595
5610 596
1001 597
2427 598
6335 599
5967 600
8355 601
11303 602
3550 603
6776 604
2929 605
8151 606
10601 607
4172 608
9995 609
2596 610
5785 611
9377 612
3914 613
3247 614
5746 615
5460 616
7510 617
3491 618
1855 619
6412 620
128 621
2471 622
3691 623
3756 624
6086 625
1876 626
8119 627
11069 628
7429 629
2358 630
515 631
3696 632
9192 633
6310 634
10388 635
5993 636
8587 637
3240 638
3017 639
8552 640
7347 641
6896 642
5800 643
2902 644
8663 645
6840 646
2261 647
10692 648
6204 649
6031 650
1811 651
8657 652
5449 653
10438 654
3051 655
501 656
511 657
1299 658
4456 659
6738 660
560 661
3425 662
6715 663
3658 664
1950 665
272 666
8378 667
2249 668
9126 669
8243 670
10409 671
3431 672
9514 673
10724 674
11196 675
2350 676
9911 677
5670 678
591 679
6241 680
6220 681
3698 682
5982 683
8116 684
10758 685
4121 686
3568 687
4477 688
10732 689
3521 690
4991 691
4647 692
6321 693
4015 694
5136 695
1692 696
165 697
3442 698
1527 699
8304 700
4116 701
2817 702
9440 703
5542 704
2348 705
4246 706
11132 707
5239 708
8812 709
6834 710
4185 711
9815 712
9089 713
4602 714
314 715
10664 716
1460 717
1178 718
8998 719
6454 720
7657 721
8953 722
8436 723
1159 724
9241 725
3835 726
5360 727
9746 728
370 729
3521 730
6918 731
3593 732
1503 733
9008 734
744 735
7763 736
1381 737
8950 738
11356 739
8034 740
6333 741
10847 742
2782 743
9952 744
3305 745
3701 746
65 747
4986 748
6469 749
10693 750
6541 751
9402 752
4380 753
4367 754
4767 755
4335 756
220 757
6525 758
9095 759
1106 760
1075 761
8994 762
6241 763
3901 764
1936 765
9771 766
9671 767
6057 768
11312 769
10128 770
8774 771
769 772
7893 773
5868 774
6702 775
1511 776
4983 777
7770 778
7230 779
7008 780
9866 781
10401 782
1209 783
4758 784
2007 785
11307 786
10540 787
9574 788
9292 789
7677 790
10391 791
11149 792
3413 793
2217 794
8304 795
7838 796
983 797
4335 798
2707 799
10310 800
1691 801
3120 802
4045 803
9193 804
11113 805
9966 806
10123 807
1257 808
3302 809
4099 810
4158 811
7133 812
1533 813
9569 814
10289 815
1179 816
7103 817
6291 818
379 819
4296 820
2796 821
7753 822
5947 823
6749 824
3552 825
8833 826
2277 827
9757 828
4121 829
5541 830
7408 831
5487 832
8686 833
1766 834
4171 835
10134 836
637 837
7703 838
737 839
5493 840
7505 841
3652 842
5859 843
4127 844
1786 845
802 846
2754 847
8389 848
9495 849
2996 850
6098 851
1288 852
4879 853
5399 854
8870 855
9611 856
8169 857
5591 858
155 859
1123 860
708 861
7363 862
4871 863
11323 864
3362 865
5383 866
3002 867
1514 868
10485 869
9318 870
8975 871
3048 872
2072 873
6394 874
7888 875
4320 876
10372 877
7262 878
4630 879
1494 880
3331 881
7796 882
7065 883
115 884
4457 885
5271 886
1700 887
1730 888
8709 889
3719 890
8268 891
427 892
44 893
6964 894
7864 895
7155 896
1769 897
8687 898
765 899
10634 900
10882 901
1407 902
10556 903
9110 904
9605 905
10112 906
322 907
2472 908
8293 909
6822 910
9856 911
10912 912
11039 913
2434 914
10979 915
1449 916
10730 917
2824 918
3452 919
4456 920
9923 921
10368 922
10655 923
8963 924
2530 925
4065 926
5509 927
11003 928
9790 929
621 930
8824 931
376 932
2903 933
4363 934
798 935
6282 936
11420 937
8571 938
7723 939
5454 940
8960 941
4077 942
13 943
11182 944
2466 945
831 946
10826 947
10946 948
8830 949
1953 950
3926 951
8398 952
4926 953
6169 954
4347 955
973 956
6156 957
6962 958
9723 959
4958 960
6892 961
5316 962
946 963
175 964
3716 965
627 966
3865 967
379 968
807 969
9082 970
1569 971
5274 972
6617 973
7624 974
7668 975
9954 976
9659 977
6149 978
4808 979
6767 980
9314 981
5734 982
10257 983
2367 984
11308 985
10289 986
7634 987
3802 988
6410 989
1653 990
7679 991
1247 992
4543 993
4320 994
4343 995
7232 996
2886 997
2755 998
5013 999
8104 1000
2325 1001
8596 1002
3202 1003
250 1004
2725 1005
984 1006
961 1007
4001 1008
7416 1009
4320 1010
698 1011
9248 1012
4839 1013
6874 1014
10955 1015
8980 1016
5355 1017
1206 1018
1385 1019
2333 1020
9170 1021
144 1022
2616 1023
3985 1024
6890 1025
2808 1026
1227 1027
1882 1028
3442 1029
1981 1030
11108 1031
6252 1032
7578 1033
6673 1034
8217 1035
6908 1036
4036 1037
3747 1038
9677 1039
2690 1040
3679 1041
1257 1042
11124 1043
4792 1044
1828 1045
11220 1046
4743 1047
6629 1048
6870 1049
5212 1050
1793 1051
9780 1052
2402 1053
8682 1054
7479 1055
11203 1056
5834 1057
6792 1058
8720 1059
9570 1060
7647 1061
8465 1062
7394 1063
4956 1064
3316 1065
3695 1066
8595 1067
4322 1068
3173 1069
4249 1070
2394 1071
7981 1072
7388 1073
7467 1074
7599 1075
7006 1076
2504 1077
4130 1078
10381 1079
4088 1080
9920 1081
1731 1082
6247 1083
658 1084
7956 1085
2354 1086
10069 1087
11329 1088
6580 1089
6492 1090
10714 1091
11216 1092
2231 1093
6143 1094
7749 1095
8031 1096
9065 1097
8994 1098
426 1099
10668 1100
5223 1101
7796 1102
3283 1103
2161 1104
773 1105
8473 1106
7935 1107
6095 1108
6304 1109
6732 1110
6500 1111
3140 1112
10917 1113
3266 1114
2753 1115
8262 1116
8753 1117
6806 1118
2141 1119
10146 1120
11087 1121
11259 1122
3681 1123
10416 1124
10164 1125
1556 1126
7910 1127
688 1128
206 1129
10005 1130
10150 1131
4745 1132
938 1133
4617 1134
6459 1135
11207 1136
6837 1137
3586 1138
2714 1139
7078 1140
6236 1141
9954 1142
3614 1143
11397 1144
8907 1145
806 1146
10656 1147
3387 1148
2088 1149
