1250 850
2386 0
5451 1
7423 2
8296 3
11159 4
4341 5
6425 6
10238 7
10638 8
5628 9
6494 10
2706 11
5731 12
9287 13
282 14
11286 15
3968 16
7670 17
6892 18
10588 19
1914 20
3974 21
4509 22
7836 23
4984 24
2912 25
6841 26
9911 27
1986 28
5520 29
4016 30
3873 31
5070 32
2643 33
6361 34
613 35
9190 36
8138 37
1540 38
1762 39
10737 40
8854 41
2781 42
596 43
12086 44
9950 45
2431 46
11365 47
9457 48
10990 49
4687 50
5350 51
3192 52
5330 53
7245 54
811 55
5099 56
1143 57
2973 58
12255 59
9875 60
5471 61
2336 62
6812 63
9673 64
7739 65
11000 66
3097 67
11458 68
458 69
8187 70
6404 71
6044 72
9545 73
1306 74
1827 75
9763 76
9832 77
3360 78
7735 79
2708 80
10069 81
8128 82
7109 83
9811 84
129 85
4638 86
1457 87
1154 88
1204 89
8831 90
5007 91
3798 92
1113 93
5369 94
3724 95
4413 96
3845 97
1394 98
6739 99
12262 100
4840 101
8050 102
6417 103
6122 104
7120 105
9886 106
10329 107
3853 108
2519 109
8054 110
8003 111
10187 112
4865 113
1313 114
10860 115
5604 116
276 117
7067 118
12430 119
10722 120
11266 121
2893 122
964 123
10874 124
1856 125
11402 126
6130 127
11393 128
11651 129
1631 130
7302 131
11260 132
10256 133
7841 134
1352 135
6077 136
6347 137
8639 138
6118 139
6138 140
7306 141
5332 142
5996 143
6735 144
8907 145
9070 146
9596 147
3720 148
7582 149
11419 150
12128 151
3830 152
8011 153
2565 154
4758 155
5450 156
7460 157
10377 158
277 159
3695 160
4908 161
6721 162
1347 163
8173 164
7222 165
977 166
6641 167
230 168
3787 169
630 170
10293 171
7891 172
3876 173
1054 174
3249 175
1655 176
1440 177
6735 178
8242 179
9115 180
1930 181
7342 182
930 183
4673 184
5695 185
4408 186
279 187
5263 188
7653 189
2994 190
5494 191
2138 192
7079 193
3047 194
4784 195
2860 196
11103 197
3476 198
7880 199
3934 200
10372 201
12461 202
2545 203
2851 204
7286 205
312 206
11914 207
9519 208
4886 209
10804 210
902 211
10906 212
692 213
7603 214
2143 215
11417 216
9972 217
7697 218
7522 219
8366 220
7569 221
1940 222
8981 223
3877 224
8173 225
10730 226
10500 227
7812 228
3769 229
5935 230
8328 231
3899 232
3574 233
9756 234
2598 235
10917 236
2156 237
7433 238
3732 239
712 240
9123 241
6619 242
11163 243
7588 244
4258 245
6346 246
1325 247
972 248
378 249
7952 250
5393 251
1390 252
3807 253
3672 254
4257 255
5987 256
3046 257
2248 258
8286 259
11170 260
4671 261
198 262
11305 263
7684 264
1399 265
1527 266
2799 267
2538 268
12344 269
8326 270
10006 271
11945 272
12398 273
1733 274
11006 275
4581 276
9080 277
4170 278
538 279
12204 280
4957 281
7800 282
5187 283
1095 284
8089 285
8502 286
3336 287
3963 288
6890 289
13 290
5442 291
3508 292
6388 293
3378 294
1482 295
9092 296
6194 297
1558 298
6072 299
293 300
7075 301
12187 302
9718 303
7624 304
2522 305
12124 306
10342 307
9861 308
10618 309
10440 310
8447 311
8401 312
10043 313
3035 314
3130 315
2510 316
5711 317
8997 318
5350 319
943 320
10208 321
3982 322
7274 323
5916 324
11047 325
4338 326
5435 327
7894 328
7844 329
7712 330
172 331
3518 332
9361 333
5507 334
6997 335
10710 336
10981 337
6414 338
344 339
3315 340
11709 341
7923 342
3801 343
6364 344
9236 345
5069 346
170 347
11788 348
10713 349
7338 350
9681 351
10085 352
10541 353
9251 354
2000 355
65 356
7007 357
7850 358
4561 359
361 360
1022 361
2033 362
5927 363
5861 364
10227 365
5910 366
4950 367
1858 368
4969 369
5697 370
9909 371
3184 372
3728 373
3419 374
1980 375
7727 376
6379 377
2222 378
7432 379
3468 380
3589 381
3679 382
5777 383
4914 384
2834 385
12255 386
3881 387
396 388
12333 389
12166 390
8957 391
12054 392
171 393
12215 394
6738 395
2860 396
4727 397
1776 398
2589 399
7118 400
5095 401
3259 402
4328 403
6072 404
4728 405
946 406
1503 407
6598 408
8437 409
4670 410
9319 411
9983 412
11852 413
9282 414
1989 415
9266 416
3211 417
1570 418
9335 419
8819 420
11015 421
8005 422
3317 423
4054 424
11689 425
6349 426
8379 427
12422 428
9789 429
10152 430
133 431
6952 432
8327 433
8426 434
11320 435
3031 436
1421 437
8050 438
10453 439
7080 440
10499 441
1491 442
4712 443
10426 444
10288 445
11407 446
9534 447
9920 448
3480 449
766 450
1628 451
12062 452
6168 453
4802 454
5636 455
7240 456
10227 457
11218 458
2601 459
9483 460
11495 461
4695 462
8747 463
6385 464
6002 465
1547 466
860 467
10562 468
12345 469
9517 470
1541 471
2429 472
12024 473
3110 474
6088 475
9423 476
2867 477
7654 478
12115 479
6820 480
120 481
10361 482
11462 483
11951 484
2521 485
5375 486
9341 487
2967 488
6859 489
10006 490
1785 491
5098 492
9947 493
9367 494
1985 495
6766 496
3827 497
10159 498
3464 499
11630 500
1710 501
2705 502
6941 503
7474 504
4211 505
10083 506
6794 507
8012 508
11919 509
721 510
10092 511
8795 512
6715 513
294 514
4823 515
3173 516
3183 517
559 518
8863 519
6246 520
10940 521
7333 522
10479 523
11152 524
7318 525
5866 526
4244 527
2716 528
3770 529
9968 530
2840 531
5708 532
2960 533
493 534
10930 535
2804 536
3013 537
9968 538
7438 539
11182 540
8475 541
9095 542
7382 543
2471 544
1910 545
4274 546
3167 547
1820 548
4214 549
6310 550
3659 551
5127 552
11468 553
6709 554
6806 555
6271 556
11230 557
10008 558
1644 559
12091 560
11584 561
2243 562
989 563
8371 564
4441 565
3736 566
529 567
11064 568
2942 569
2891 570
9165 571
163 572
11403 573
10700 574
11231 575
6327 576
7236 577
4376 578
6921 579
9769 580
12216 581
192 582
12146 583
1198 584
11148 585
12027 586
2743 587
3452 588
7774 589
3866 590
1016 591
10960 592
9500 593
5290 594
7376 595
7093 596
2660 597
7844 598
2067 599
3717 600
11477 601
6212 602
5922 603
1910 604
1142 605
9725 606
11792 607
4595 608
11702 609
1039 610
8473 611
5341 612
10435 613
6326 614
8859 615
4289 616
1121 617
4388 618
4636 619
8272 620
9850 621
7883 622
11035 623
10951 624
1838 625
8917 626
2960 627
9375 628
8686 629
4143 630
5303 631
7498 632
3451 633
6852 634
7852 635
7002 636
5722 637
8017 638
11457 639
11367 640
4569 641
10798 642
9471 643
1200 644
10821 645
6505 646
4480 647
8471 648
1897 649
4323 650
4949 651
10132 652
1342 653
3422 654
10901 655
10190 656
5521 657
5605 658
11252 659
9293 660
8076 661
7548 662
5804 663
7764 664
8753 665
409 666
8371 667
7749 668
1128 669
2007 670
589 671
11502 672
8783 673
1530 674
10115 675
5769 676
6418 677
4259 678
3457 679
1577 680
4873 681
8376 682
1451 683
8405 684
6127 685
7398 686
4081 687
666 688
9368 689
3671 690
11131 691
2067 692
11346 693
8964 694
5742 695
10905 696
4260 697
1554 698
4961 699
365 700
3900 701
5447 702
2160 703
5503 704
4889 705
8483 706
9856 707
8965 708
9055 709
9752 710
2075 711
7688 712
12482 713
1126 714
10312 715
2187 716
534 717
1483 718
1606 719
9707 720
5501 721
3380 722
11624 723
10665 724
6549 725
4651 726
5974 727
10699 728
6890 729
6937 730
12230 731
5611 732
11639 733
7931 734
9639 735
11544 736
556 737
12276 738
8520 739
245 740
2474 741
10969 742
753 743
11736 744
11216 745
3531 746
4247 747
6797 748
10364 749
8762 750
5165 751
9472 752
11064 753
9179 754
7353 755
3009 756
8777 757
50 758
11686 759
6082 760
4034 761
10762 762
67 763
2990 764
5197 765
246 766
7558 767
1936 768
9004 769
6662 770
10212 771
1894 772
6720 773
6575 774
5895 775
9092 776
428 777
7769 778
8468 779
5502 780
11225 781
1826 782
9457 783
3884 784
3993 785
7980 786
6213 787
7138 788
12056 789
6386 790
1942 791
1686 792
9077 793
7235 794
8357 795
8095 796
1973 797
7740 798
8658 799
2634 800
1902 801
3095 802
7764 803
10620 804
9862 805
12498 806
6462 807
8122 808
7999 809
11872 810
5631 811
4392 812
5567 813
3011 814
7578 815
1460 816
1540 817
4008 818
2549 819
3083 820
7711 821
8913 822
5084 823
4808 824
7781 825
803 826
11133 827
9212 828
753 829
6933 830
9071 831
12274 832
11225 833
7147 834
132 835
9176 836
3384 837
9704 838
3169 839
6748 840
9550 841
3351 842
9426 843
1812 844
2814 845
2942 846
8114 847
5464 848
12053 849
4908 850
6846 851
4205 852
3460 853
5912 854
3863 855
11657 856
7568 857
8950 858
9305 859
1064 860
7865 861
11375 862
3068 863
1367 864
6946 865
11373 866
3692 867
11605 868
7076 869
6260 870
9260 871
4947 872
12096 873
8974 874
4011 875
12384 876
5852 877
4191 878
1549 879
3590 880
8455 881
3268 882
6159 883
3767 884
10568 885
4567 886
1545 887
904 888
2867 889
4112 890
5278 891
10423 892
4566 893
2058 894
1786 895
5764 896
5187 897
10342 898
8336 899
7415 900
7697 901
3162 902
11773 903
7450 904
3124 905
1475 906
301 907
4235 908
7529 909
6859 910
11681 911
50 912
4738 913
1587 914
4222 915
8335 916
5059 917
14 918
1079 919
1096 920
3122 921
10936 922
7107 923
8217 924
11283 925
2069 926
9305 927
9820 928
11773 929
3017 930
3074 931
3246 932
8825 933
10468 934
5825 935
5557 936
11083 937
9231 938
503 939
1174 940
412 941
5019 942
11334 943
12429 944
7193 945
4580 946
6856 947
2176 948
173 949
8472 950
10074 951
4293 952
3980 953
1748 954
5898 955
608 956
5202 957
10500 958
5772 959
391 960
2217 961
9566 962
326 963
6296 964
12489 965
11533 966
1555 967
149 968
8961 969
1845 970
2999 971
6732 972
2787 973
846 974
8302 975
6683 976
8885 977
9545 978
6147 979
9275 980
7881 981
9209 982
12368 983
10238 984
2638 985
6970 986
8219 987
10177 988
11576 989
6419 990
6600 991
887 992
4393 993
6199 994
8211 995
8341 996
8230 997
8289 998
10810 999
3589 1000
4047 1001
6635 1002
3958 1003
2641 1004
7938 1005
11421 1006
1689 1007
1616 1008
3888 1009
5908 1010
10110 1011
10799 1012
1500 1013
12091 1014
11576 1015
3057 1016
12262 1017
12287 1018
9936 1019
3604 1020
11038 1021
6421 1022
10432 1023
10298 1024
7322 1025
5626 1026
2363 1027
1081 1028
3619 1029
9228 1030
4705 1031
3330 1032
991 1033
786 1034
3637 1035
5389 1036
6083 1037
481 1038
3095 1039
6724 1040
1329 1041
3763 1042
1539 1043
5723 1044
845 1045
4197 1046
4582 1047
12314 1048
12253 1049
11371 1050
3906 1051
9528 1052
9670 1053
3738 1054
2948 1055
8987 1056
5131 1057
6641 1058
9943 1059
7049 1060
10381 1061
2808 1062
11310 1063
277 1064
2797 1065
7538 1066
5139 1067
2416 1068
2372 1069
6152 1070
996 1071
3130 1072
5418 1073
5084 1074
10755 1075
4975 1076
9893 1077
2999 1078
12288 1079
2959 1080
3710 1081
2701 1082
9970 1083
4632 1084
1570 1085
2458 1086
5263 1087
6587 1088
1648 1089
9462 1090
3441 1091
3116 1092
3762 1093
1981 1094
4823 1095
4443 1096
9726 1097
2430 1098
4021 1099
1937 1100
5499 1101
323 1102
9557 1103
3048 1104
1985 1105
5154 1106
10270 1107
6521 1108
3716 1109
882 1110
11068 1111
895 1112
7302 1113
8646 1114
11597 1115
7834 1116
5933 1117
4174 1118
4769 1119
6393 1120
8985 1121
2818 1122
9549 1123
2390 1124
11316 1125
2429 1126
7943 1127
2446 1128
5672 1129
2223 1130
7501 1131
10641 1132
1327 1133
6047 1134
3222 1135
11579 1136
8626 1137
6374 1138
517 1139
11765 1140
10633 1141
6214 1142
4848 1143
5931 1144
4231 1145
3870 1146
778 1147
4775 1148
10072 1149
1933 1150
9349 1151
10443 1152
3724 1153
9325 1154
5155 1155
2635 1156
6999 1157
1414 1158
3979 1159
2677 1160
2182 1161
5129 1162
11208 1163
4725 1164
6347 1165
4675 1166
7601 1167
9473 1168
4805 1169
767 1170
3823 1171
1673 1172
7105 1173
2051 1174
2012 1175
8553 1176
7329 1177
34 1178
10660 1179
9822 1180
6901 1181
10050 1182
10399 1183
11876 1184
2828 1185
4967 1186
4839 1187
9225 1188
8182 1189
8932 1190
5840 1191
4832 1192
10622 1193
8922 1194
2827 1195
9608 1196
2888 1197
7787 1198
8369 1199
5014 1200
10313 1201
2961 1202
10390 1203
7719 1204
6822 1205
9245 1206
3320 1207
10653 1208
12027 1209
9471 1210
11835 1211
8606 1212
7534 1213
9204 1214
4896 1215
2386 1216
4361 1217
10711 1218
168 1219
5984 1220
3299 1221
5957 1222
2555 1223
3650 1224
5153 1225
9915 1226
3912 1227
8629 1228
10791 1229
11164 1230
2464 1231
10053 1232
8900 1233
4788 1234
2620 1235
12445 1236
5796 1237
1079 1238
7725 1239
3687 1240
10442 1241
11731 1242
4336 1243
5189 1244
8406 1245
11178 1246
1535 1247
2206 1248
5596 1249
