1400 850
13701 0
5720 1
7088 2
6662 3
12109 4
2433 5
4124 6
8330 7
6804 8
3353 9
12558 10
5970 11
11266 12
4676 13
12462 14
3837 15
1871 16
12673 17
10270 18
13456 19
13731 20
9574 21
3247 22
3365 23
2269 24
6391 25
12464 26
10265 27
4185 28
7053 29
5532 30
1542 31
8012 32
2057 33
12343 34
8198 35
9794 36
12682 37
2626 38
10354 39
8301 40
1995 41
5271 42
3677 43
10983 44
12789 45
2416 46
2883 47
3169 48
4533 49
8943 50
4624 51
12535 52
13126 53
5192 54
4283 55
10543 56
3860 57
11802 58
6863 59
9516 60
2441 61
8397 62
13565 63
10875 64
5156 65
12123 66
1539 67
356 68
9972 69
1467 70
6712 71
8651 72
11623 73
3757 74
10835 75
2291 76
13711 77
4198 78
6371 79
3818 80
12370 81
10403 82
12015 83
5908 84
186 85
8971 86
9843 87
8525 88
504 89
2212 90
13343 91
13918 92
6531 93
4926 94
4152 95
7661 96
4788 97
2268 98
6433 99
4994 100
13301 101
3343 102
8120 103
1693 104
5068 105
8698 106
13186 107
7565 108
7830 109
5600 110
4548 111
8010 112
189 113
6640 114
6191 115
6140 116
1937 117
6595 118
9591 119
8339 120
3826 121
12318 122
8517 123
9030 124
10231 125
9433 126
8354 127
9492 128
10128 129
3193 130
13039 131
8105 132
8952 133
13350 134
13570 135
2039 136
1841 137
4450 138
3893 139
10321 140
11190 141
6192 142
7581 143
13770 144
10004 145
9192 146
12260 147
4012 148
8119 149
13018 150
11071 151
721 152
12923 153
4232 154
1756 155
3736 156
13278 157
12622 158
1635 159
6600 160
13429 161
9672 162
2146 163
10683 164
755 165
7616 166
3165 167
890 168
633 169
6274 170
1791 171
10941 172
2950 173
3264 174
3475 175
3570 176
8147 177
10950 178
5932 179
13783 180
10472 181
5812 182
11850 183
13261 184
1347 185
3452 186
13523 187
8677 188
10716 189
11159 190
5531 191
7165 192
12356 193
9897 194
2222 195
13689 196
12353 197
12145 198
12121 199
2950 200
6694 201
6490 202
6858 203
3353 204
7697 205
491 206
11296 207
805 208
8956 209
5931 210
9755 211
1411 212
567 213
8343 214
3291 215
4250 216
6770 217
1446 218
11554 219
356 220
1053 221
4896 222
9605 223
3395 224
9186 225
4376 226
11441 227
6439 228
5826 229
13165 230
7060 231
7991 232
12340 233
4411 234
5037 235
8707 236
4903 237
7436 238
5372 239
12220 240
12858 241
11582 242
11463 243
9003 244
786 245
6137 246
4499 247
8141 248
10781 249
348 250
6231 251
9634 252
4988 253
6590 254
1320 255
13475 256
5140 257
1744 258
8662 259
8826 260
3928 261
3209 262
7719 263
3025 264
12831 265
2895 266
5322 267
9840 268
3661 269
4366 270
2314 271
13144 272
2267 273
960 274
11904 275
6167 276
2309 277
8996 278
3699 279
6504 280
9277 281
3802 282
10787 283
6381 284
8504 285
13336 286
7214 287
12875 288
10171 289
8464 290
8754 291
8694 292
5772 293
13904 294
7886 295
13675 296
957 297
5756 298
12758 299
10247 300
13647 301
11828 302
7964 303
3928 304
13172 305
909 306
7235 307
8752 308
5762 309
13165 310
10459 311
3311 312
6947 313
5095 314
7454 315
733 316
10895 317
13150 318
10216 319
4530 320
11172 321
1492 322
5162 323
7292 324
2415 325
2304 326
1074 327
10708 328
8415 329
8084 330
4961 331
294 332
10057 333
10175 334
7794 335
8077 336
11187 337
7330 338
1205 339
10711 340
13810 341
9295 342
149 343
9374 344
2662 345
5518 346
12039 347
7154 348
10900 349
5520 350
9372 351
13479 352
2139 353
2446 354
13009 355
7276 356
2354 357
1487 358
9117 359
13728 360
4723 361
2396 362
1693 363
7638 364
6106 365
5065 366
13154 367
5019 368
4768 369
8154 370
6022 371
10388 372
7964 373
12396 374
12962 375
11477 376
11828 377
6652 378
10228 379
3228 380
1333 381
9838 382
9973 383
3799 384
13288 385
10978 386
5798 387
6994 388
7523 389
6357 390
9500 391
12268 392
8901 393
8679 394
8976 395
13724 396
10621 397
2199 398
2653 399
3638 400
209 401
4149 402
2442 403
6608 404
11942 405
4144 406
13758 407
4679 408
2260 409
6511 410
6985 411
3526 412
12178 413
12958 414
12487 415
2822 416
10636 417
2244 418
8111 419
3730 420
3229 421
5224 422
661 423
12575 424
13638 425
11831 426
1911 427
6636 428
9887 429
8818 430
9415 431
3778 432
12534 433
4274 434
4028 435
950 436
9030 437
13422 438
3349 439
8651 440
1628 441
2272 442
11600 443
479 444
10826 445
13572 446
5094 447
13648 448
8483 449
3595 450
9127 451
13507 452
4656 453
11530 454
1414 455
10711 456
1447 457
1479 458
4977 459
12442 460
13400 461
2921 462
8515 463
2149 464
4122 465
1740 466
9922 467
6519 468
13808 469
12734 470
11153 471
6751 472
12073 473
7352 474
10724 475
7857 476
6284 477
13856 478
7153 479
11043 480
8286 481
8904 482
3528 483
13676 484
7337 485
12218 486
1100 487
11430 488
3658 489
8743 490
3485 491
5750 492
13232 493
8419 494
6442 495
10152 496
1182 497
6593 498
12417 499
8404 500
8463 501
3473 502
10283 503
2289 504
9174 505
1653 506
6737 507
7566 508
8382 509
6059 510
11824 511
12527 512
11606 513
2038 514
8190 515
11399 516
10052 517
12543 518
12499 519
8620 520
13475 521
4260 522
5917 523
7169 524
651 525
10275 526
5556 527
5502 528
621 529
8949 530
1140 531
9133 532
10896 533
3778 534
4629 535
12607 536
9138 537
1592 538
4434 539
10709 540
4813 541
7940 542
915 543
9087 544
11973 545
5367 546
11609 547
13634 548
4473 549
11581 550
1204 551
9368 552
6306 553
369 554
6377 555
3615 556
250 557
70 558
13681 559
12928 560
1879 561
10084 562
3223 563
554 564
7458 565
1786 566
8405 567
11845 568
12503 569
8218 570
3030 571
12319 572
4392 573
13181 574
3446 575
5702 576
9335 577
4225 578
4312 579
102 580
5947 581
3184 582
292 583
12305 584
4443 585
6741 586
1262 587
13863 588
6756 589
3965 590
4102 591
3767 592
4991 593
3078 594
6416 595
341 596
6580 597
3004 598
3953 599
11091 600
13437 601
13598 602
3694 603
11866 604
9310 605
3148 606
7629 607
5306 608
5648 609
2494 610
10957 611
5458 612
3752 613
777 614
1739 615
5349 616
11509 617
11154 618
1600 619
6420 620
2982 621
8972 622
7345 623
5663 624
12861 625
13754 626
4232 627
10515 628
1330 629
5432 630
6228 631
1858 632
11281 633
5155 634
2148 635
12345 636
11405 637
803 638
3039 639
13764 640
3911 641
858 642
1385 643
11445 644
12145 645
4646 646
3753 647
7041 648
5429 649
8936 650
13583 651
10408 652
5095 653
4496 654
13650 655
7137 656
8160 657
11153 658
9275 659
6794 660
10321 661
4472 662
5190 663
2415 664
11320 665
7779 666
9339 667
9199 668
1242 669
9616 670
1734 671
1906 672
7478 673
18 674
3798 675
8539 676
6930 677
9994 678
6130 679
2498 680
6813 681
9444 682
8576 683
548 684
5626 685
11096 686
9162 687
8704 688
1608 689
7849 690
6517 691
2244 692
11852 693
803 694
3575 695
7665 696
5448 697
10124 698
5969 699
1385 700
4666 701
12119 702
11283 703
11250 704
13904 705
9030 706
619 707
3916 708
11634 709
7054 710
10367 711
454 712
9306 713
10382 714
9011 715
243 716
3476 717
11422 718
12730 719
12762 720
4970 721
5608 722
8028 723
12870 724
9451 725
3134 726
2274 727
10013 728
4480 729
5931 730
3678 731
2385 732
3681 733
5623 734
749 735
5403 736
13506 737
4946 738
6193 739
7809 740
7970 741
7965 742
3144 743
6090 744
9723 745
9600 746
13121 747
7589 748
12969 749
11125 750
4239 751
5244 752
9389 753
315 754
13342 755
2781 756
1140 757
5334 758
1411 759
1360 760
4234 761
7790 762
9529 763
279 764
11767 765
2786 766
748 767
4529 768
13822 769
13620 770
201 771
12308 772
5456 773
973 774
87 775
4971 776
11987 777
12018 778
8190 779
9649 780
11653 781
10937 782
7599 783
12592 784
3512 785
10050 786
290 787
6423 788
5916 789
6735 790
5482 791
12690 792
1446 793
2200 794
1759 795
12150 796
5340 797
1131 798
9507 799
11827 800
1347 801
4207 802
4750 803
4761 804
13531 805
7125 806
8928 807
4826 808
12268 809
11569 810
7933 811
2544 812
592 813
4047 814
9495 815
6365 816
10037 817
9884 818
13694 819
2497 820
5687 821
2165 822
4473 823
3260 824
9089 825
4440 826
13981 827
7993 828
6665 829
7044 830
3015 831
8248 832
13353 833
1173 834
4715 835
11894 836
12979 837
13548 838
11338 839
2222 840
5712 841
1430 842
10562 843
12948 844
3102 845
3431 846
2469 847
8521 848
3243 849
12103 850
6071 851
12016 852
4339 853
736 854
8708 855
13232 856
13020 857
4071 858
6612 859
1440 860
11214 861
4963 862
421 863
6591 864
9874 865
6947 866
6830 867
5718 868
6848 869
9034 870
9221 871
4321 872
8282 873
10026 874
2985 875
1375 876
2247 877
4452 878
11467 879
5143 880
2239 881
262 882
4149 883
3573 884
4481 885
10929 886
4955 887
2850 888
13156 889
3368 890
12108 891
2629 892
4873 893
12987 894
8534 895
3545 896
12095 897
3791 898
6137 899
13179 900
7956 901
12655 902
1610 903
12179 904
4114 905
4489 906
3581 907
11306 908
6552 909
12004 910
13874 911
13717 912
264 913
1853 914
8767 915
84 916
1082 917
11294 918
13609 919
4930 920
3842 921
10106 922
9966 923
12889 924
13336 925
7543 926
12533 927
3738 928
3921 929
13259 930
1920 931
3516 932
6630 933
1503 934
2355 935
11561 936
10466 937
2524 938
783 939
7029 940
366 941
7622 942
11166 943
12124 944
11002 945
3814 946
4990 947
1607 948
4600 949
8791 950
11528 951
3385 952
9422 953
8393 954
2540 955
5464 956
4635 957
3285 958
3133 959
215 960
9054 961
2745 962
12320 963
4389 964
8461 965
8492 966
3937 967
13776 968
1645 969
7687 970
2592 971
2476 972
7794 973
5614 974
5763 975
3534 976
5139 977
2948 978
7694 979
10531 980
8190 981
11392 982
2202 983
8034 984
11333 985
1128 986
3973 987
12621 988
2695 989
1836 990
8715 991
12013 992
9969 993
11302 994
12977 995
3144 996
11971 997
11593 998
7717 999
10656 1000
6640 1001
12708 1002
10099 1003
13758 1004
8406 1005
8392 1006
9423 1007
10065 1008
3942 1009
5386 1010
2872 1011
3720 1012
7495 1013
8576 1014
3713 1015
7995 1016
11203 1017
3437 1018
5964 1019
854 1020
8757 1021
9048 1022
3023 1023
4218 1024
5566 1025
13267 1026
8955 1027
12791 1028
5084 1029
4802 1030
12890 1031
7044 1032
5066 1033
13260 1034
2291 1035
3940 1036
4992 1037
6905 1038
49 1039
13559 1040
2225 1041
3958 1042
7469 1043
11777 1044
10329 1045
5184 1046
12790 1047
6860 1048
6929 1049
5301 1050
9910 1051
1777 1052
11225 1053
9695 1054
5676 1055
8448 1056
10420 1057
7931 1058
9725 1059
7229 1060
10320 1061
4553 1062
12658 1063
2091 1064
4718 1065
9118 1066
2849 1067
6363 1068
4963 1069
315 1070
10715 1071
1296 1072
12450 1073
2287 1074
159 1075
12107 1076
10669 1077
5729 1078
3435 1079
3068 1080
9071 1081
12474 1082
8660 1083
11654 1084
8973 1085
7391 1086
3155 1087
536 1088
10868 1089
13626 1090
13096 1091
3027 1092
5047 1093
8000 1094
10181 1095
4775 1096
5521 1097
11395 1098
9298 1099
1754 1100
2615 1101
13280 1102
2051 1103
5501 1104
11754 1105
9294 1106
5550 1107
13772 1108
4568 1109
3365 1110
8735 1111
7020 1112
11417 1113
4622 1114
7113 1115
4141 1116
4043 1117
11266 1118
3047 1119
1934 1120
2125 1121
3325 1122
12058 1123
1324 1124
9555 1125
3744 1126
13455 1127
11698 1128
4311 1129
5371 1130
2789 1131
5447 1132
4677 1133
12536 1134
1123 1135
277 1136
5009 1137
11525 1138
5913 1139
4345 1140
3456 1141
13838 1142
8540 1143
4774 1144
9881 1145
3655 1146
7051 1147
8006 1148
12439 1149
11592 1150
5480 1151
1944 1152
9816 1153
6607 1154
762 1155
8406 1156
12959 1157
7875 1158
41 1159
12074 1160
3092 1161
5456 1162
2565 1163
8397 1164
7883 1165
6717 1166
1417 1167
5116 1168
7395 1169
11018 1170
7225 1171
11252 1172
12279 1173
9812 1174
11413 1175
3091 1176
2745 1177
2312 1178
3809 1179
9688 1180
4103 1181
12831 1182
6499 1183
6553 1184
4413 1185
1152 1186
13157 1187
7567 1188
1054 1189
3442 1190
8153 1191
1368 1192
259 1193
5891 1194
13339 1195
4975 1196
12070 1197
10689 1198
6268 1199
2265 1200
10012 1201
3056 1202
1010 1203
12914 1204
9351 1205
1924 1206
3450 1207
4433 1208
5738 1209
4144 1210
5425 1211
12314 1212
2286 1213
244 1214
4542 1215
12147 1216
2336 1217
566 1218
8193 1219
11451 1220
10787 1221
7348 1222
8063 1223
8875 1224
4175 1225
13950 1226
6692 1227
2222 1228
8210 1229
10581 1230
1664 1231
6366 1232
1989 1233
8931 1234
7315 1235
9183 1236
1335 1237
12101 1238
8713 1239
322 1240
6459 1241
12039 1242
6375 1243
1746 1244
12053 1245
9278 1246
548 1247
5576 1248
1557 1249
4818 1250
1964 1251
5686 1252
7765 1253
2880 1254
7516 1255
12800 1256
5832 1257
5253 1258
9578 1259
363 1260
8578 1261
510 1262
5158 1263
11936 1264
5963 1265
9118 1266
2560 1267
8192 1268
13669 1269
9616 1270
12565 1271
9910 1272
4060 1273
2555 1274
12472 1275
8058 1276
5746 1277
1407 1278
5129 1279
6740 1280
12401 1281
8272 1282
11629 1283
9347 1284
11002 1285
2223 1286
6409 1287
12418 1288
3526 1289
1910 1290
5438 1291
3093 1292
9725 1293
8553 1294
2446 1295
12047 1296
13044 1297
8879 1298
169 1299
2603 1300
2230 1301
5316 1302
11056 1303
1049 1304
9189 1305
9665 1306
453 1307
2864 1308
1622 1309
862 1310
7206 1311
13391 1312
6446 1313
3371 1314
1077 1315
8740 1316
39 1317
7131 1318
7564 1319
4081 1320
7674 1321
3777 1322
9274 1323
3868 1324
7465 1325
4935 1326
13624 1327
4034 1328
12358 1329
8384 1330
7609 1331
13288 1332
10421 1333
3958 1334
11012 1335
4458 1336
5147 1337
3045 1338
10945 1339
7246 1340
3400 1341
1745 1342
6468 1343
3877 1344
7817 1345
10093 1346
4308 1347
4636 1348
7127 1349
9745 1350
903 1351
6273 1352
1149 1353
5795 1354
8258 1355
9212 1356
6381 1357
13126 1358
2722 1359
10584 1360
3436 1361
2387 1362
9943 1363
591 1364
4112 1365
3983 1366
11756 1367
3249 1368
9579 1369
9528 1370
6518 1371
8589 1372
6682 1373
3482 1374
13433 1375
1413 1376
2955 1377
13219 1378
154 1379
9028 1380
5621 1381
8953 1382
249 1383
10582 1384
490 1385
12518 1386
5545 1387
12878 1388
10159 1389
12127 1390
12818 1391
10427 1392
11805 1393
6324 1394
5254 1395
9158 1396
10977 1397
9184 1398
41 1399
