1600 1350
12999 0
8353 1
7845 2
8887 3
15044 4
267 5
13891 6
5389 7
2037 8
5597 9
8202 10
1103 11
5009 12
1299 13
2779 14
6113 15
6220 16
7101 17
2557 18
9978 19
10018 20
3523 21
3199 22
3701 23
714 24
2165 25
10697 26
13912 27
12277 28
9686 29
5315 30
4106 31
3644 32
2352 33
9521 34
2394 35
12879 36
14596 37
8933 38
5236 39
1690 40
7238 41
13477 42
2848 43
9133 44
6528 45
1382 46
3656 47
4159 48
6744 49
14567 50
8795 51
443 52
5002 53
1868 54
688 55
14417 56
11170 57
7957 58
5283 59
1042 60
14395 61
319 62
10778 63
14579 64
10963 65
1338 66
8811 67
14924 68
3664 69
2157 70
3167 71
8778 72
12627 73
958 74
1240 75
15898 76
13521 77
4246 78
3163 79
1312 80
2706 81
13616 82
3703 83
12932 84
7022 85
7589 86
8209 87
3798 88
3269 89
4460 90
6317 91
7151 92
4793 93
3509 94
6240 95
15282 96
15774 97
1053 98
5150 99
15582 100
9454 101
3613 102
14932 103
10117 104
3479 105
7882 106
9362 107
2728 108
13920 109
448 110
7820 111
6893 112
12450 113
6193 114
3051 115
5663 116
7467 117
4304 118
13047 119
9330 120
854 121
910 122
9448 123
10108 124
12543 125
11940 126
15108 127
12217 128
12313 129
9546 130
9084 131
5200 132
14676 133
5516 134
13761 135
12392 136
1637 137
10290 138
2807 139
10432 140
13079 141
15360 142
10102 143
15134 144
6341 145
15212 146
11043 147
1363 148
15227 149
8361 150
13003 151
14142 152
4549 153
15006 154
3220 155
10643 156
13930 157
13223 158
824 159
10144 160
5715 161
10502 162
15150 163
13403 164
12124 165
12356 166
10167 167
5566 168
8018 169
9045 170
5211 171
15368 172
864 173
2259 174
5496 175
6352 176
5119 177
8232 178
11136 179
7049 180
12894 181
9036 182
12898 183
12926 184
12154 185
11744 186
4428 187
2657 188
15154 189
9796 190
11291 191
5049 192
8932 193
14898 194
477 195
3159 196
2415 197
5887 198
3603 199
2619 200
3477 201
5737 202
13904 203
11872 204
7261 205
7479 206
13958 207
6290 208
11508 209
15194 210
10450 211
4770 212
6588 213
5043 214
14159 215
7695 216
8933 217
4951 218
9819 219
3269 220
12375 221
14235 222
8212 223
4303 224
8084 225
6788 226
5139 227
2536 228
5036 229
8866 230
15397 231
13950 232
15588 233
3893 234
3623 235
9482 236
7748 237
2733 238
15337 239
12364 240
1565 241
13906 242
12259 243
12170 244
12479 245
11511 246
13887 247
6024 248
116 249
462 250
6709 251
14572 252
7587 253
11859 254
11288 255
6062 256
7667 257
13207 258
15158 259
5073 260
7269 261
15827 262
5445 263
144 264
11734 265
12363 266
5914 267
1581 268
10285 269
6315 270
14486 271
11527 272
30 273
10497 274
4675 275
11060 276
6491 277
10361 278
2699 279
4784 280
12843 281
8008 282
14160 283
1306 284
8032 285
5476 286
4305 287
3939 288
10061 289
11469 290
10736 291
9080 292
6743 293
15289 294
323 295
476 296
9499 297
11440 298
13092 299
9036 300
5326 301
2804 302
269 303
1767 304
8642 305
10611 306
6419 307
6731 308
1848 309
10887 310
13700 311
14584 312
9435 313
4020 314
12011 315
8384 316
1695 317
7008 318
7429 319
8532 320
10298 321
1066 322
13734 323
1204 324
10540 325
1875 326
3496 327
4732 328
14715 329
885 330
14828 331
3 332
8596 333
10263 334
10022 335
10196 336
5602 337
6757 338
15295 339
7384 340
4504 341
4016 342
4547 343
10252 344
7028 345
12352 346
5107 347
4347 348
11233 349
2502 350
4760 351
4492 352
12045 353
3150 354
8832 355
5762 356
13257 357
9436 358
6785 359
3485 360
14629 361
14718 362
15324 363
7457 364
4585 365
2925 366
4100 367
6958 368
6408 369
9948 370
14875 371
739 372
6965 373
12641 374
13101 375
12786 376
5833 377
5535 378
4837 379
14749 380
2402 381
13667 382
8548 383
10680 384
14697 385
14430 386
7569 387
10374 388
9272 389
2467 390
14109 391
13429 392
1880 393
2193 394
9538 395
8345 396
7988 397
7518 398
10568 399
14849 400
1469 401
8245 402
7065 403
14232 404
13855 405
11253 406
13932 407
11847 408
10861 409
8833 410
3982 411
15188 412
6154 413
9887 414
6963 415
15871 416
8534 417
375 418
9961 419
2901 420
4740 421
14608 422
9071 423
9598 424
2933 425
15828 426
3357 427
3984 428
15574 429
12674 430
10283 431
3183 432
7457 433
8397 434
7494 435
11395 436
3387 437
1366 438
2285 439
13808 440
6400 441
4879 442
7689 443
12356 444
6552 445
12267 446
3457 447
14070 448
11055 449
4022 450
11385 451
9043 452
15894 453
14879 454
5169 455
2891 456
2828 457
4176 458
2566 459
4940 460
9227 461
10036 462
6954 463
1277 464
437 465
12116 466
8895 467
5336 468
5832 469
8309 470
5542 471
1931 472
647 473
4155 474
5201 475
4555 476
15180 477
15614 478
14533 479
1454 480
1604 481
1678 482
11239 483
11036 484
11525 485
2750 486
12510 487
3005 488
905 489
11933 490
13804 491
2574 492
15048 493
3606 494
4803 495
4302 496
10778 497
12759 498
6882 499
14746 500
11749 501
9695 502
1102 503
15656 504
14341 505
1619 506
12065 507
1792 508
12022 509
12921 510
3649 511
1589 512
2709 513
11790 514
2005 515
242 516
7918 517
11783 518
938 519
3303 520
9545 521
3891 522
15600 523
2437 524
63 525
7955 526
14107 527
13595 528
3027 529
4496 530
2613 531
3003 532
8779 533
4837 534
550 535
15684 536
11214 537
3469 538
329 539
8652 540
776 541
13398 542
5509 543
410 544
10070 545
9687 546
4952 547
11992 548
4529 549
6214 550
12501 551
4507 552
6142 553
3753 554
8579 555
7533 556
11675 557
7462 558
15417 559
1975 560
4717 561
15808 562
9608 563
3159 564
2617 565
7540 566
6272 567
4312 568
13992 569
5536 570
9903 571
9155 572
12860 573
872 574
5163 575
3827 576
7285 577
15191 578
5751 579
8588 580
12891 581
10539 582
5815 583
10536 584
537 585
11602 586
10494 587
6149 588
13566 589
7200 590
10972 591
6548 592
3080 593
10112 594
1701 595
8275 596
6092 597
4452 598
9792 599
4168 600
7926 601
4740 602
6785 603
2081 604
12150 605
12822 606
2396 607
5495 608
7603 609
209 610
1557 611
12559 612
15150 613
266 614
14427 615
9343 616
15404 617
13084 618
8346 619
9435 620
1091 621
13999 622
12966 623
12300 624
10858 625
11341 626
8757 627
4986 628
14523 629
4862 630
4523 631
2384 632
1199 633
9341 634
15497 635
6032 636
620 637
15596 638
7086 639
12888 640
1522 641
3062 642
14275 643
14941 644
3787 645
13422 646
3575 647
4497 648
15167 649
14968 650
5450 651
6659 652
7088 653
7649 654
12389 655
15617 656
620 657
13533 658
969 659
6368 660
6921 661
10900 662
9084 663
3511 664
4075 665
1870 666
5719 667
2251 668
4006 669
6097 670
1960 671
5406 672
12525 673
4186 674
7946 675
5321 676
10006 677
3110 678
7805 679
13961 680
107 681
1916 682
13504 683
1845 684
14308 685
10416 686
521 687
2641 688
10222 689
3948 690
11204 691
6385 692
7345 693
4145 694
10798 695
1597 696
7277 697
171 698
15382 699
337 700
10976 701
13162 702
1985 703
3587 704
3096 705
3525 706
5528 707
7314 708
7826 709
11655 710
9741 711
2979 712
13910 713
15330 714
2684 715
15259 716
15218 717
14883 718
15223 719
12291 720
12808 721
13726 722
6971 723
3613 724
3080 725
6745 726
14112 727
10177 728
13056 729
7781 730
10648 731
11024 732
5954 733
1611 734
11950 735
7390 736
11978 737
14307 738
8399 739
11353 740
12205 741
10446 742
756 743
7974 744
5556 745
12155 746
15442 747
3330 748
959 749
8820 750
2637 751
11046 752
5553 753
2318 754
4778 755
15536 756
14330 757
1727 758
2745 759
14650 760
4064 761
4436 762
3477 763
12394 764
4162 765
9166 766
2950 767
3147 768
5714 769
11022 770
2009 771
3771 772
430 773
6609 774
12616 775
4995 776
6973 777
3178 778
9915 779
8645 780
14883 781
5634 782
11616 783
2291 784
3507 785
14998 786
7501 787
9367 788
2145 789
5813 790
10644 791
14231 792
12126 793
12677 794
13630 795
3736 796
6190 797
6133 798
6346 799
14876 800
11291 801
1160 802
8503 803
2276 804
1006 805
14451 806
1441 807
2519 808
14498 809
14767 810
15519 811
13002 812
7732 813
3972 814
4244 815
3376 816
15986 817
5565 818
10874 819
8447 820
10818 821
4405 822
9232 823
6110 824
13559 825
7104 826
12609 827
10161 828
14329 829
1385 830
10778 831
2591 832
11924 833
6628 834
5252 835
12887 836
3244 837
3896 838
5424 839
15864 840
14234 841
4040 842
9973 843
7466 844
8499 845
14249 846
4755 847
4209 848
14778 849
12287 850
13168 851
11085 852
12638 853
13808 854
8082 855
5510 856
3819 857
3018 858
15023 859
1668 860
3086 861
4702 862
5106 863
3855 864
6023 865
6878 866
15323 867
3970 868
11473 869
7138 870
6606 871
1212 872
7117 873
6743 874
11667 875
1337 876
2915 877
4141 878
8464 879
870 880
7274 881
4039 882
43 883
2625 884
4748 885
13661 886
10759 887
14421 888
7417 889
12248 890
11532 891
6755 892
7840 893
10317 894
914 895
983 896
3188 897
14792 898
15413 899
9915 900
2651 901
1104 902
6408 903
15107 904
2245 905
3246 906
12171 907
12803 908
5657 909
14451 910
1974 911
7108 912
1888 913
8114 914
7429 915
4517 916
246 917
8926 918
13528 919
1025 920
13696 921
13103 922
14974 923
4029 924
14483 925
13456 926
9805 927
5900 928
5457 929
2486 930
4444 931
13218 932
11002 933
8653 934
7087 935
2622 936
3476 937
10862 938
6042 939
15507 940
10112 941
7846 942
8821 943
6044 944
1243 945
5109 946
7274 947
8790 948
11106 949
6412 950
7159 951
12893 952
6113 953
3655 954
10544 955
14162 956
2277 957
10036 958
15556 959
6030 960
9175 961
6524 962
14150 963
10193 964
10548 965
15145 966
4150 967
3861 968
12750 969
1557 970
10522 971
1997 972
3469 973
15903 974
6708 975
4772 976
10958 977
950 978
786 979
8180 980
14271 981
10346 982
6148 983
7491 984
11875 985
9256 986
5431 987
4697 988
702 989
1543 990
1035 991
14737 992
9791 993
8743 994
11882 995
12723 996
10789 997
3408 998
14029 999
6439 1000
1184 1001
5699 1002
8717 1003
10548 1004
11382 1005
7785 1006
11469 1007
6742 1008
11464 1009
5518 1010
15754 1011
14699 1012
12441 1013
4681 1014
8487 1015
8808 1016
2975 1017
10121 1018
5331 1019
3548 1020
15143 1021
9204 1022
2397 1023
2608 1024
550 1025
1482 1026
10186 1027
831 1028
14481 1029
12640 1030
15108 1031
11794 1032
9391 1033
8279 1034
6875 1035
13892 1036
12609 1037
11699 1038
3382 1039
9136 1040
14012 1041
2532 1042
418 1043
2634 1044
5712 1045
3292 1046
11926 1047
15499 1048
3765 1049
14291 1050
13812 1051
476 1052
15358 1053
5061 1054
5577 1055
4239 1056
11048 1057
14535 1058
12668 1059
15360 1060
14227 1061
11945 1062
10034 1063
10241 1064
11553 1065
14452 1066
11047 1067
12674 1068
7550 1069
15986 1070
193 1071
11835 1072
14275 1073
5110 1074
7200 1075
14761 1076
1547 1077
4045 1078
3630 1079
6942 1080
6256 1081
11985 1082
11049 1083
511 1084
8085 1085
5958 1086
4364 1087
9718 1088
7231 1089
10023 1090
9385 1091
4237 1092
7087 1093
6390 1094
11347 1095
13179 1096
7967 1097
9164 1098
14033 1099
1686 1100
15867 1101
8765 1102
10953 1103
6843 1104
12953 1105
11284 1106
2048 1107
15821 1108
7489 1109
2573 1110
3961 1111
12679 1112
12783 1113
1365 1114
4001 1115
8949 1116
12557 1117
2303 1118
8921 1119
5374 1120
4377 1121
8049 1122
8453 1123
5145 1124
365 1125
13917 1126
15434 1127
11271 1128
229 1129
11239 1130
524 1131
13452 1132
11992 1133
9887 1134
12009 1135
1175 1136
2815 1137
1629 1138
3286 1139
13589 1140
6442 1141
5377 1142
6556 1143
3530 1144
101 1145
3893 1146
13583 1147
11986 1148
15700 1149
5733 1150
3855 1151
5564 1152
9309 1153
835 1154
3480 1155
10109 1156
6850 1157
13285 1158
7522 1159
5342 1160
288 1161
2934 1162
2777 1163
12957 1164
14055 1165
7121 1166
11702 1167
8452 1168
12322 1169
9119 1170
8367 1171
13392 1172
195 1173
4492 1174
8952 1175
1211 1176
6324 1177
3353 1178
4639 1179
8209 1180
15138 1181
3150 1182
8522 1183
5387 1184
8836 1185
8896 1186
12042 1187
6664 1188
15772 1189
9941 1190
7109 1191
5444 1192
1871 1193
167 1194
1656 1195
7248 1196
5397 1197
10254 1198
6412 1199
5132 1200
10990 1201
2191 1202
12667 1203
2463 1204
2633 1205
13314 1206
12137 1207
14508 1208
4934 1209
11274 1210
4988 1211
538 1212
4389 1213
1085 1214
10645 1215
2564 1216
12621 1217
11214 1218
4783 1219
3048 1220
3668 1221
5949 1222
1941 1223
2811 1224
3626 1225
12655 1226
15354 1227
12704 1228
9600 1229
175 1230
1677 1231
4415 1232
662 1233
6853 1234
13809 1235
11136 1236
788 1237
8487 1238
8044 1239
10153 1240
12522 1241
923 1242
651 1243
6691 1244
97 1245
10317 1246
5585 1247
10581 1248
12756 1249
1367 1250
9993 1251
2484 1252
14931 1253
903 1254
15688 1255
506 1256
5085 1257
2541 1258
14854 1259
1447 1260
5244 1261
7936 1262
13617 1263
6503 1264
12159 1265
15023 1266
12479 1267
14597 1268
2706 1269
2763 1270
3061 1271
12393 1272
8811 1273
14648 1274
5550 1275
1761 1276
5389 1277
11441 1278
7053 1279
12224 1280
11817 1281
15567 1282
10267 1283
1067 1284
12653 1285
15778 1286
12642 1287
14650 1288
1904 1289
8267 1290
9676 1291
4178 1292
5947 1293
2433 1294
13947 1295
5243 1296
803 1297
4656 1298
15713 1299
12124 1300
4064 1301
9790 1302
9177 1303
4837 1304
4649 1305
6692 1306
1322 1307
8623 1308
4472 1309
15009 1310
4320 1311
7373 1312
9855 1313
10802 1314
4604 1315
14871 1316
512 1317
7495 1318
1160 1319
737 1320
9280 1321
13974 1322
4114 1323
11505 1324
2496 1325
11091 1326
7686 1327
15745 1328
8874 1329
3905 1330
11186 1331
2015 1332
4515 1333
15641 1334
703 1335
1229 1336
7998 1337
15410 1338
11260 1339
468 1340
11368 1341
3373 1342
10467 1343
8385 1344
14562 1345
4371 1346
2758 1347
2254 1348
6971 1349
9598 1350
13735 1351
608 1352
8360 1353
9688 1354
9044 1355
11220 1356
13233 1357
6207 1358
13967 1359
5648 1360
13428 1361
8867 1362
4798 1363
5371 1364
10391 1365
11740 1366
12371 1367
8824 1368
2967 1369
15675 1370
6878 1371
13006 1372
14254 1373
7616 1374
9903 1375
10330 1376
391 1377
12149 1378
13161 1379
4111 1380
330 1381
7301 1382
15852 1383
649 1384
7617 1385
9339 1386
12001 1387
10804 1388
2733 1389
3838 1390
2562 1391
7985 1392
6303 1393
11000 1394
6108 1395
8933 1396
10828 1397
7993 1398
8827 1399
10053 1400
3512 1401
5129 1402
10178 1403
9893 1404
7482 1405
9852 1406
374 1407
5067 1408
10452 1409
14955 1410
11731 1411
13471 1412
7076 1413
5900 1414
846 1415
13827 1416
13373 1417
15060 1418
10177 1419
10389 1420
4611 1421
919 1422
306 1423
5420 1424
5430 1425
11983 1426
6330 1427
2784 1428
5422 1429
731 1430
7577 1431
8764 1432
5646 1433
15591 1434
4234 1435
9833 1436
373 1437
15732 1438
8240 1439
188 1440
7157 1441
3061 1442
10338 1443
7399 1444
6781 1445
9919 1446
13604 1447
8645 1448
12337 1449
6564 1450
2254 1451
3417 1452
597 1453
940 1454
36 1455
6325 1456
6925 1457
6979 1458
4235 1459
6952 1460
1922 1461
15787 1462
11897 1463
11569 1464
7298 1465
1615 1466
12511 1467
1650 1468
396 1469
5191 1470
12039 1471
704 1472
1001 1473
327 1474
12443 1475
10673 1476
4348 1477
1892 1478
256 1479
14919 1480
6219 1481
11773 1482
14955 1483
12952 1484
446 1485
13088 1486
15474 1487
292 1488
6600 1489
12967 1490
3843 1491
9022 1492
1108 1493
12499 1494
11161 1495
6673 1496
12275 1497
908 1498
13274 1499
2821 1500
15252 1501
1616 1502
1203 1503
7503 1504
14141 1505
8959 1506
13651 1507
15653 1508
12013 1509
8092 1510
11442 1511
15511 1512
8182 1513
4096 1514
1022 1515
10264 1516
2333 1517
10656 1518
3203 1519
13482 1520
5496 1521
2364 1522
6990 1523
2015 1524
4893 1525
4422 1526
7614 1527
7077 1528
258 1529
10035 1530
8698 1531
12510 1532
14084 1533
11640 1534
7427 1535
14536 1536
10232 1537
11439 1538
9174 1539
7466 1540
5015 1541
644 1542
4998 1543
2813 1544
11024 1545
443 1546
11068 1547
8116 1548
4506 1549
15855 1550
12530 1551
9011 1552
1085 1553
1779 1554
624 1555
8994 1556
8276 1557
10913 1558
7243 1559
15820 1560
4400 1561
4072 1562
10993 1563
5512 1564
15513 1565
12501 1566
3924 1567
14289 1568
1898 1569
3249 1570
2202 1571
15459 1572
4560 1573
14605 1574
2391 1575
9246 1576
1793 1577
12813 1578
4174 1579
4827 1580
9916 1581
10375 1582
12885 1583
7977 1584
15732 1585
2567 1586
8421 1587
4746 1588
9724 1589
7874 1590
8806 1591
10058 1592
12586 1593
771 1594
13825 1595
10649 1596
2786 1597
8703 1598
1565 1599
