1500 1600
846 0
9475 1
9503 2
13935 3
5763 4
804 5
9398 6
13066 7
6049 8
9051 9
4715 10
8314 11
5185 12
11291 13
1687 14
6203 15
6742 16
4589 17
3753 18
266 19
1034 20
4352 21
414 22
14244 23
317 24
6991 25
824 26
5440 27
10708 28
5506 29
8677 30
3529 31
12482 32
9655 33
5515 34
9085 35
3248 36
9290 37
6692 38
2410 39
5551 40
2290 41
12301 42
11753 43
11569 44
13550 45
11915 46
10268 47
12848 48
7399 49
8373 50
6406 51
8488 52
8603 53
6639 54
7791 55
7658 56
5829 57
9104 58
11568 59
1522 60
10430 61
6981 62
4938 63
10990 64
11253 65
11462 66
10963 67
874 68
3635 69
2753 70
344 71
10315 72
12469 73
4629 74
10702 75
10294 76
11277 77
195 78
9580 79
12335 80
6129 81
831 82
5068 83
1949 84
3685 85
9341 86
4278 87
688 88
5036 89
9962 90
6091 91
11445 92
5513 93
7529 94
8698 95
12405 96
10070 97
6689 98
5203 99
13284 100
7673 101
11741 102
5900 103
13724 104
84 105
668 106
4287 107
6182 108
9948 109
12499 110
1869 111
12855 112
6792 113
628 114
7872 115
5039 116
1605 117
3199 118
10852 119
5558 120
14767 121
13511 122
8438 123
12796 124
7306 125
12851 126
11904 127
1520 128
746 129
13521 130
11013 131
4010 132
6416 133
14828 134
11920 135
1799 136
1709 137
14873 138
7523 139
1700 140
6756 141
7391 142
9772 143
2153 144
1519 145
4157 146
13716 147
9215 148
5320 149
4034 150
13804 151
3728 152
1272 153
12565 154
5247 155
7718 156
10477 157
4677 158
11723 159
11909 160
9794 161
2410 162
13153 163
9972 164
5432 165
8045 166
1698 167
12231 168
12934 169
1459 170
14700 171
173 172
5445 173
1320 174
1662 175
7024 176
2716 177
8007 178
6186 179
12481 180
937 181
9755 182
5079 183
9599 184
11617 185
13477 186
14772 187
9853 188
3926 189
11752 190
11971 191
7505 192
51 193
13807 194
6335 195
7286 196
9145 197
154 198
12424 199
6828 200
6209 201
4508 202
3132 203
851 204
11457 205
6142 206
6423 207
13976 208
13229 209
13373 210
7262 211
14716 212
6682 213
12787 214
11471 215
11973 216
4946 217
3580 218
332 219
11854 220
14605 221
10846 222
8097 223
757 224
4389 225
13545 226
11244 227
938 228
13479 229
13306 230
917 231
2316 232
8115 233
846 234
8847 235
12772 236
9131 237
1760 238
10010 239
7628 240
10099 241
513 242
272 243
8248 244
3678 245
4826 246
14974 247
655 248
3692 249
10855 250
10950 251
4073 252
6840 253
4666 254
7752 255
1493 256
2535 257
9343 258
11165 259
13305 260
1421 261
1591 262
12305 263
7749 264
14720 265
9323 266
14278 267
1684 268
13530 269
9592 270
9396 271
13329 272
9652 273
13922 274
6117 275
4595 276
8928 277
10660 278
3571 279
4997 280
659 281
14734 282
8040 283
740 284
12322 285
6210 286
5332 287
2323 288
458 289
14802 290
3025 291
12584 292
5311 293
2067 294
3709 295
10492 296
2324 297
8474 298
462 299
12875 300
8059 301
14786 302
4193 303
8246 304
95 305
8020 306
104 307
8916 308
8395 309
8699 310
2385 311
2463 312
7816 313
11220 314
5422 315
8687 316
5401 317
11691 318
12263 319
13953 320
7110 321
14417 322
11022 323
14100 324
297 325
8575 326
3591 327
7359 328
9541 329
10032 330
7528 331
1910 332
7602 333
13408 334
183 335
3176 336
14836 337
13224 338
3072 339
11340 340
9254 341
10455 342
8717 343
6904 344
8261 345
11255 346
11143 347
14346 348
6533 349
13961 350
11333 351
11243 352
3547 353
139 354
401 355
13728 356
3835 357
5082 358
10631 359
1311 360
5858 361
8290 362
11122 363
12512 364
11109 365
4847 366
458 367
4613 368
12693 369
1792 370
2344 371
2551 372
8558 373
11439 374
9501 375
12352 376
7184 377
14420 378
9734 379
14225 380
12390 381
9524 382
1147 383
7708 384
2217 385
5095 386
5820 387
9821 388
13678 389
7135 390
4415 391
10637 392
13154 393
9267 394
12668 395
12190 396
8994 397
1656 398
14895 399
9804 400
8072 401
7712 402
5387 403
11350 404
5399 405
12069 406
9583 407
2437 408
10022 409
11444 410
2972 411
7823 412
5446 413
12279 414
13846 415
5505 416
3995 417
7133 418
1938 419
3139 420
14451 421
11042 422
8652 423
3766 424
13845 425
8834 426
6250 427
1318 428
11475 429
5080 430
14800 431
7355 432
1095 433
14561 434
3698 435
10667 436
9571 437
8616 438
3142 439
8855 440
2435 441
8541 442
2690 443
3398 444
6948 445
13699 446
14768 447
8822 448
6358 449
956 450
2615 451
1689 452
10015 453
13433 454
5217 455
14002 456
11175 457
5353 458
4068 459
12010 460
4534 461
2936 462
3885 463
12857 464
9619 465
5185 466
1690 467
14574 468
14985 469
5915 470
264 471
1871 472
5017 473
9460 474
1915 475
6298 476
13314 477
14990 478
4880 479
7097 480
10370 481
10198 482
13148 483
4522 484
12968 485
4094 486
4208 487
9003 488
7090 489
12946 490
10595 491
9394 492
2985 493
5903 494
995 495
4610 496
9100 497
3205 498
2924 499
13034 500
5189 501
11591 502
10374 503
6732 504
9321 505
1460 506
11186 507
6001 508
1383 509
3467 510
7006 511
8351 512
14238 513
7755 514
10610 515
3573 516
9680 517
7016 518
11565 519
2343 520
12541 521
10969 522
11281 523
2835 524
9159 525
8249 526
12118 527
3926 528
5541 529
12442 530
3675 531
6282 532
8885 533
8043 534
4504 535
14202 536
14749 537
12505 538
6679 539
11952 540
8479 541
3761 542
12069 543
14990 544
5936 545
14069 546
8546 547
14911 548
6997 549
5324 550
12469 551
6127 552
6077 553
6642 554
6405 555
7613 556
4661 557
1541 558
10542 559
6891 560
7240 561
5476 562
10558 563
4166 564
9716 565
10372 566
1216 567
5735 568
9566 569
9100 570
1717 571
439 572
5236 573
12167 574
8456 575
7971 576
5814 577
14847 578
10398 579
13741 580
11495 581
3820 582
1307 583
11315 584
8663 585
4904 586
12086 587
12562 588
8208 589
6396 590
9380 591
7986 592
349 593
457 594
6281 595
13018 596
8150 597
510 598
4460 599
732 600
9957 601
1619 602
6899 603
3020 604
12819 605
13301 606
5888 607
11239 608
120 609
4570 610
4785 611
7395 612
11073 613
13862 614
8618 615
14663 616
5929 617
1684 618
2301 619
10696 620
11863 621
1266 622
8757 623
3123 624
10444 625
3611 626
12573 627
3591 628
4505 629
10012 630
1195 631
7316 632
2361 633
12437 634
13099 635
8307 636
6773 637
5802 638
9628 639
12700 640
10970 641
889 642
13327 643
1716 644
7320 645
3849 646
8837 647
6142 648
7646 649
13918 650
6599 651
5007 652
13255 653
2314 654
2984 655
8376 656
13602 657
1115 658
3810 659
6214 660
14859 661
5331 662
3108 663
2999 664
5896 665
13513 666
4470 667
11175 668
6758 669
1088 670
774 671
792 672
6844 673
7035 674
6507 675
10787 676
13452 677
14620 678
8120 679
8787 680
4509 681
1976 682
7967 683
1606 684
239 685
9540 686
98 687
1063 688
426 689
11288 690
4099 691
12703 692
8558 693
9617 694
4045 695
12501 696
10858 697
7761 698
14440 699
10198 700
5380 701
4989 702
13578 703
9756 704
7951 705
562 706
1373 707
3348 708
2036 709
13844 710
2420 711
453 712
6318 713
1117 714
8248 715
13372 716
11151 717
5922 718
3435 719
14397 720
512 721
9051 722
12941 723
7451 724
11284 725
7132 726
6041 727
2304 728
12399 729
14623 730
1974 731
8800 732
14805 733
12031 734
14124 735
7572 736
14298 737
2227 738
1451 739
5317 740
5963 741
5190 742
13253 743
12521 744
12493 745
1756 746
8063 747
569 748
5633 749
2631 750
10679 751
9533 752
10423 753
13900 754
13573 755
6906 756
6869 757
1592 758
12970 759
13670 760
10026 761
11872 762
6280 763
2668 764
9169 765
718 766
2216 767
6521 768
947 769
11691 770
2508 771
12635 772
9289 773
1325 774
13579 775
9670 776
6624 777
1761 778
9951 779
10885 780
2873 781
516 782
4706 783
12863 784
4599 785
2725 786
14134 787
3081 788
2457 789
799 790
2428 791
8890 792
11927 793
4739 794
387 795
7973 796
404 797
14778 798
2184 799
3080 800
2259 801
10177 802
8585 803
1699 804
2298 805
9430 806
7573 807
14531 808
12070 809
14782 810
3603 811
7474 812
12391 813
3867 814
6034 815
6404 816
9301 817
6652 818
13726 819
4708 820
146 821
9812 822
14445 823
13574 824
6456 825
14493 826
14131 827
5423 828
11872 829
984 830
11787 831
7942 832
3837 833
6908 834
12621 835
9826 836
7688 837
912 838
12481 839
2025 840
8948 841
1989 842
14668 843
3 844
424 845
3448 846
8440 847
11597 848
4513 849
6672 850
10907 851
11544 852
8035 853
9119 854
14277 855
6041 856
5708 857
14241 858
8155 859
9374 860
9604 861
7726 862
9254 863
5111 864
10684 865
11196 866
12569 867
8181 868
1191 869
14151 870
7965 871
6880 872
2438 873
1790 874
11193 875
13688 876
14163 877
10023 878
2515 879
2828 880
12308 881
9274 882
10394 883
1974 884
14215 885
11160 886
12330 887
5733 888
2388 889
11129 890
10113 891
4694 892
5032 893
204 894
1857 895
4321 896
6763 897
11904 898
13030 899
11871 900
13452 901
4773 902
10375 903
14073 904
937 905
11754 906
9789 907
12847 908
14960 909
10872 910
1531 911
2633 912
2438 913
8403 914
11915 915
6133 916
10834 917
1074 918
14791 919
11050 920
6819 921
14067 922
5345 923
3639 924
5036 925
7206 926
13991 927
6558 928
13203 929
684 930
6164 931
13239 932
7864 933
14274 934
5102 935
1068 936
6471 937
13717 938
10059 939
9206 940
14314 941
10821 942
12360 943
8699 944
8725 945
13421 946
5442 947
7462 948
2442 949
8427 950
5889 951
12782 952
83 953
1506 954
1870 955
264 956
7284 957
12332 958
5861 959
5576 960
2914 961
4968 962
12133 963
565 964
8511 965
9763 966
3414 967
4958 968
1698 969
6524 970
3576 971
4460 972
11847 973
739 974
317 975
7623 976
13122 977
13826 978
1844 979
6641 980
14137 981
4785 982
14099 983
7926 984
10796 985
11529 986
9933 987
4866 988
9050 989
10822 990
10416 991
12690 992
1425 993
13111 994
8039 995
12022 996
13360 997
12535 998
6632 999
9427 1000
11996 1001
7854 1002
2743 1003
3254 1004
8243 1005
4418 1006
5294 1007
1189 1008
527 1009
7796 1010
10449 1011
5617 1012
9635 1013
12895 1014
1338 1015
519 1016
4278 1017
3613 1018
5681 1019
1816 1020
4094 1021
5199 1022
14069 1023
3722 1024
12051 1025
6944 1026
10257 1027
3192 1028
2145 1029
7009 1030
12140 1031
13319 1032
10571 1033
6836 1034
6693 1035
4301 1036
2976 1037
950 1038
8971 1039
11427 1040
572 1041
924 1042
1944 1043
5722 1044
13447 1045
4944 1046
8578 1047
7849 1048
4992 1049
3957 1050
7191 1051
711 1052
11890 1053
11620 1054
4521 1055
12187 1056
9795 1057
5634 1058
9613 1059
3240 1060
11885 1061
1835 1062
11176 1063
13298 1064
7130 1065
9095 1066
14785 1067
14637 1068
8368 1069
6833 1070
5341 1071
13200 1072
1948 1073
1844 1074
6390 1075
6860 1076
6956 1077
2586 1078
8607 1079
9957 1080
4866 1081
4760 1082
8033 1083
13360 1084
14503 1085
13670 1086
2429 1087
5342 1088
2462 1089
5271 1090
2043 1091
1871 1092
11803 1093
12746 1094
12376 1095
7697 1096
5742 1097
14078 1098
7200 1099
8652 1100
14352 1101
3910 1102
297 1103
11476 1104
1540 1105
13545 1106
11369 1107
14665 1108
214 1109
5304 1110
8378 1111
1526 1112
9362 1113
6955 1114
5567 1115
3269 1116
1752 1117
929 1118
3672 1119
7218 1120
2236 1121
1262 1122
6262 1123
2762 1124
2940 1125
8505 1126
7463 1127
9316 1128
5312 1129
4231 1130
1591 1131
14193 1132
12212 1133
10132 1134
5735 1135
6181 1136
8068 1137
6789 1138
46 1139
14518 1140
1102 1141
7966 1142
9021 1143
784 1144
2286 1145
10162 1146
11397 1147
713 1148
13146 1149
2283 1150
10360 1151
8025 1152
2701 1153
4272 1154
24 1155
13407 1156
2393 1157
12211 1158
3731 1159
6041 1160
5813 1161
13712 1162
11683 1163
382 1164
12931 1165
5649 1166
2701 1167
7986 1168
13492 1169
5272 1170
934 1171
12243 1172
4810 1173
5160 1174
3881 1175
6306 1176
12792 1177
1055 1178
13933 1179
7019 1180
11474 1181
14453 1182
12345 1183
5508 1184
2244 1185
9057 1186
14112 1187
2628 1188
65 1189
4688 1190
6375 1191
727 1192
1113 1193
4592 1194
5305 1195
10351 1196
13868 1197
9280 1198
12668 1199
1991 1200
7278 1201
14379 1202
9552 1203
12026 1204
1375 1205
3979 1206
13110 1207
13801 1208
351 1209
2340 1210
12647 1211
9667 1212
11185 1213
13839 1214
654 1215
8496 1216
437 1217
6269 1218
12369 1219
399 1220
1469 1221
2501 1222
9846 1223
12257 1224
11481 1225
1904 1226
11586 1227
9036 1228
221 1229
617 1230
10349 1231
12680 1232
571 1233
1078 1234
10273 1235
14464 1236
10999 1237
13471 1238
4292 1239
5174 1240
1318 1241
1054 1242
3258 1243
1343 1244
4881 1245
10171 1246
11471 1247
3142 1248
4451 1249
12041 1250
14584 1251
11885 1252
1900 1253
10151 1254
8414 1255
13909 1256
4377 1257
957 1258
11166 1259
7027 1260
7380 1261
5344 1262
14486 1263
9435 1264
9300 1265
6021 1266
5983 1267
13034 1268
2785 1269
5511 1270
12257 1271
7064 1272
9297 1273
12856 1274
338 1275
7492 1276
14133 1277
7241 1278
603 1279
1400 1280
6593 1281
10055 1282
12088 1283
8202 1284
10640 1285
14781 1286
12125 1287
9024 1288
3765 1289
7162 1290
8628 1291
1105 1292
10821 1293
6363 1294
5526 1295
11259 1296
4956 1297
13990 1298
4871 1299
13932 1300
2539 1301
8633 1302
5255 1303
4483 1304
4394 1305
5389 1306
5032 1307
10527 1308
12454 1309
10525 1310
9675 1311
12415 1312
7234 1313
9345 1314
10054 1315
14022 1316
7063 1317
14676 1318
7685 1319
5851 1320
4869 1321
7757 1322
13629 1323
11786 1324
14661 1325
7530 1326
4654 1327
10271 1328
8258 1329
1298 1330
6559 1331
3393 1332
8555 1333
10978 1334
3816 1335
5923 1336
5080 1337
9127 1338
2358 1339
4092 1340
3303 1341
574 1342
8958 1343
1051 1344
6852 1345
291 1346
11088 1347
3060 1348
1181 1349
14784 1350
13318 1351
8503 1352
3233 1353
11419 1354
9195 1355
1562 1356
2673 1357
13607 1358
4493 1359
5635 1360
3983 1361
2223 1362
13321 1363
11890 1364
14134 1365
6275 1366
83 1367
6014 1368
13283 1369
8635 1370
12980 1371
13798 1372
10914 1373
10474 1374
1513 1375
2475 1376
11640 1377
9786 1378
2077 1379
13598 1380
12905 1381
1861 1382
14757 1383
10732 1384
10270 1385
12651 1386
10407 1387
14797 1388
7628 1389
14286 1390
8446 1391
14031 1392
14177 1393
13977 1394
7714 1395
4650 1396
6870 1397
11441 1398
2972 1399
13376 1400
2803 1401
5518 1402
14229 1403
9738 1404
6925 1405
10166 1406
14755 1407
10713 1408
1314 1409
4861 1410
13220 1411
4819 1412
5292 1413
1734 1414
13581 1415
2532 1416
13961 1417
12693 1418
11815 1419
12668 1420
3461 1421
14824 1422
4718 1423
1990 1424
11624 1425
12898 1426
4260 1427
3645 1428
2265 1429
6279 1430
3395 1431
12720 1432
3862 1433
13823 1434
13181 1435
11060 1436
5959 1437
533 1438
3159 1439
3499 1440
9798 1441
5064 1442
6829 1443
9929 1444
9615 1445
6450 1446
2762 1447
2625 1448
8229 1449
9069 1450
11332 1451
3331 1452
3577 1453
12605 1454
13220 1455
9394 1456
2649 1457
999 1458
7340 1459
12588 1460
8089 1461
3292 1462
14253 1463
4463 1464
10217 1465
2980 1466
1995 1467
1575 1468
9508 1469
11109 1470
4710 1471
3885 1472
2132 1473
6261 1474
6314 1475
6284 1476
3923 1477
13283 1478
12346 1479
2703 1480
9626 1481
11666 1482
4093 1483
6524 1484
3673 1485
1421 1486
10808 1487
3570 1488
10533 1489
14760 1490
11243 1491
9492 1492
7138 1493
1336 1494
5157 1495
13387 1496
3057 1497
13605 1498
14336 1499
