1350 350
8176 0
8087 1
4506 2
7702 3
1549 4
3727 5
13373 6
9020 7
4093 8
12825 9
59 10
728 11
6883 12
4830 13
3365 14
6883 15
5064 16
5808 17
4605 18
8606 19
6880 20
7324 21
9670 22
6763 23
5471 24
2399 25
2421 26
3307 27
3595 28
10978 29
10333 30
23 31
13018 32
6010 33
4238 34
3135 35
6662 36
10281 37
11803 38
7858 39
1223 40
11607 41
13424 42
2623 43
4064 44
7761 45
8564 46
4328 47
1026 48
3536 49
1162 50
5604 51
7925 52
3233 53
5967 54
9153 55
834 56
8905 57
8800 58
10457 59
5965 60
10688 61
718 62
3567 63
11787 64
2878 65
13337 66
1728 67
9872 68
5058 69
3995 70
11474 71
10935 72
6462 73
12306 74
1585 75
1693 76
7197 77
12963 78
12089 79
9731 80
10903 81
5449 82
8893 83
1933 84
4695 85
9957 86
3341 87
10863 88
5992 89
733 90
11741 91
8827 92
1709 93
11543 94
5664 95
13440 96
1096 97
4293 98
12437 99
9530 100
101 101
1650 102
6669 103
9980 104
12291 105
5427 106
9384 107
1115 108
6143 109
8195 110
12715 111
12889 112
8113 113
5072 114
13030 115
8867 116
2356 117
12087 118
6432 119
6589 120
9192 121
7483 122
1435 123
3792 124
9883 125
3151 126
7486 127
9130 128
7753 129
2923 130
11175 131
7173 132
7898 133
11141 134
7374 135
5871 136
3917 137
7835 138
4430 139
7602 140
249 141
7121 142
2272 143
5224 144
11971 145
3099 146
977 147
6598 148
4958 149
13102 150
1000 151
11525 152
13345 153
9211 154
911 155
9222 156
12895 157
6744 158
2116 159
13255 160
6104 161
2204 162
6918 163
946 164
12730 165
8038 166
8864 167
8042 168
7026 169
13482 170
10733 171
1816 172
7734 173
5544 174
1617 175
10638 176
4396 177
3719 178
12417 179
12777 180
5116 181
3385 182
12250 183
7308 184
6588 185
1054 186
2165 187
9513 188
10680 189
4451 190
1278 191
6993 192
649 193
6086 194
12072 195
8483 196
2703 197
9067 198
6355 199
7912 200
3988 201
3177 202
4613 203
12649 204
12560 205
6535 206
11566 207
3999 208
2115 209
10693 210
9919 211
13056 212
3576 213
8634 214
977 215
10285 216
7039 217
10252 218
4205 219
5135 220
4591 221
120 222
9270 223
2734 224
11121 225
9027 226
8983 227
10689 228
7695 229
1895 230
8311 231
2635 232
6263 233
10153 234
11633 235
5819 236
8436 237
5158 238
5935 239
6476 240
11334 241
4611 242
795 243
10388 244
3706 245
6225 246
1584 247
3274 248
4624 249
5925 250
13162 251
675 252
6472 253
5112 254
5802 255
11637 256
4490 257
4093 258
7028 259
2425 260
5080 261
7100 262
690 263
7415 264
1248 265
10433 266
7695 267
5184 268
8897 269
4235 270
9699 271
4235 272
5751 273
3721 274
4961 275
4427 276
13026 277
12126 278
3441 279
11703 280
9047 281
8799 282
9886 283
12486 284
9572 285
9288 286
13080 287
6155 288
11239 289
9932 290
5303 291
9303 292
9636 293
3660 294
10694 295
13023 296
4090 297
12727 298
9219 299
7488 300
784 301
1340 302
5945 303
13170 304
3497 305
1459 306
8973 307
11608 308
4377 309
6736 310
580 311
677 312
12013 313
3409 314
7426 315
3848 316
12798 317
6638 318
7002 319
7487 320
6640 321
694 322
6608 323
4497 324
6948 325
10658 326
5740 327
50 328
1190 329
2284 330
7174 331
10397 332
6231 333
5460 334
3960 335
10932 336
13174 337
9475 338
8581 339
2410 340
10177 341
11148 342
4244 343
5124 344
6437 345
7803 346
5077 347
12680 348
7098 349
3635 350
11259 351
12416 352
7681 353
12794 354
10737 355
13026 356
3937 357
10132 358
9234 359
9939 360
5510 361
3972 362
13086 363
10025 364
13377 365
8475 366
5461 367
9285 368
3585 369
8348 370
9431 371
12732 372
2292 373
11656 374
13173 375
6159 376
5094 377
4582 378
5624 379
6252 380
1768 381
4956 382
171 383
5679 384
12402 385
5147 386
2077 387
2501 388
1176 389
12317 390
9700 391
9071 392
7872 393
5970 394
6204 395
11116 396
266 397
11836 398
8308 399
12671 400
12015 401
12496 402
9699 403
8495 404
1985 405
2719 406
3999 407
12297 408
7423 409
10387 410
666 411
5945 412
10299 413
1822 414
9884 415
145 416
7471 417
4918 418
12555 419
12621 420
1995 421
6081 422
7386 423
2025 424
4891 425
12477 426
1973 427
5623 428
1752 429
9349 430
10032 431
8733 432
9074 433
13444 434
6393 435
5411 436
686 437
8086 438
11622 439
12909 440
2757 441
5112 442
12366 443
9896 444
10705 445
1259 446
5931 447
5497 448
1788 449
3820 450
1758 451
9356 452
188 453
4768 454
9723 455
13039 456
11846 457
10019 458
289 459
11698 460
4740 461
12487 462
9033 463
557 464
13334 465
6991 466
8186 467
243 468
12403 469
9530 470
7336 471
98 472
2292 473
6353 474
9462 475
6399 476
9815 477
4894 478
2396 479
5236 480
12344 481
11107 482
5293 483
524 484
11661 485
11236 486
11139 487
12022 488
11110 489
8362 490
753 491
9587 492
868 493
1941 494
1818 495
3563 496
7794 497
10484 498
756 499
3453 500
5367 501
7444 502
2582 503
10693 504
21 505
12158 506
12739 507
9618 508
11485 509
12472 510
13147 511
3371 512
13034 513
3471 514
7685 515
5354 516
11010 517
756 518
7311 519
11527 520
1615 521
2086 522
11737 523
7585 524
3171 525
13197 526
36 527
10141 528
2353 529
13120 530
300 531
7398 532
2673 533
12006 534
3298 535
10591 536
2083 537
12909 538
6945 539
2849 540
93 541
2483 542
4696 543
8806 544
11796 545
5070 546
1281 547
8120 548
12804 549
1361 550
13106 551
415 552
10435 553
12409 554
2929 555
6608 556
12286 557
3687 558
4457 559
9894 560
3210 561
3450 562
3596 563
1366 564
3150 565
6010 566
3103 567
8516 568
4024 569
5285 570
9749 571
1802 572
173 573
4047 574
9653 575
13165 576
1030 577
7226 578
9269 579
533 580
6079 581
2378 582
12023 583
1637 584
2186 585
3192 586
240 587
4728 588
9095 589
10818 590
9235 591
4125 592
988 593
11509 594
6085 595
10910 596
4802 597
13050 598
9117 599
4617 600
8584 601
13018 602
2701 603
11714 604
9116 605
7720 606
3139 607
9473 608
7725 609
8854 610
8105 611
2370 612
10330 613
5791 614
9716 615
4093 616
663 617
1891 618
3782 619
10750 620
7067 621
5699 622
3043 623
1321 624
12913 625
7095 626
1746 627
6995 628
11443 629
12859 630
5710 631
2717 632
6875 633
9697 634
6214 635
9028 636
8777 637
5381 638
5177 639
4934 640
8879 641
10567 642
5352 643
10318 644
7690 645
12302 646
10675 647
4045 648
9798 649
5182 650
4706 651
12868 652
5616 653
7468 654
3802 655
10357 656
10869 657
2131 658
7806 659
12557 660
46 661
1407 662
11048 663
1657 664
2013 665
7639 666
5424 667
6872 668
9931 669
10145 670
6079 671
12845 672
5117 673
4347 674
5214 675
768 676
2868 677
3735 678
10855 679
2243 680
12964 681
9274 682
4477 683
2563 684
4902 685
2601 686
4431 687
417 688
8120 689
6133 690
3450 691
2179 692
3348 693
12377 694
2644 695
8455 696
2632 697
427 698
10147 699
3634 700
9847 701
1999 702
3631 703
129 704
8752 705
12121 706
9734 707
1210 708
1684 709
4015 710
7279 711
906 712
8017 713
10049 714
1870 715
2106 716
3386 717
1159 718
4994 719
12389 720
5155 721
6702 722
9176 723
5115 724
12912 725
12132 726
7494 727
2698 728
2396 729
12560 730
1245 731
11469 732
6725 733
5066 734
5134 735
1881 736
9340 737
2554 738
11485 739
9970 740
4160 741
11252 742
4126 743
9165 744
7876 745
11285 746
1814 747
10755 748
4681 749
5034 750
10526 751
11181 752
9861 753
9101 754
4159 755
7966 756
10629 757
9815 758
2802 759
7430 760
6450 761
5239 762
3832 763
8941 764
862 765
34 766
12325 767
6874 768
7410 769
4921 770
12150 771
10546 772
7159 773
265 774
10817 775
855 776
12895 777
12465 778
5810 779
4222 780
13382 781
13401 782
11736 783
1681 784
8205 785
514 786
2949 787
12441 788
4182 789
11963 790
6325 791
2920 792
729 793
12374 794
6952 795
5460 796
3973 797
6220 798
2022 799
10293 800
10816 801
7846 802
7746 803
11663 804
9687 805
12053 806
3504 807
10627 808
10450 809
9817 810
6950 811
9295 812
3252 813
940 814
6681 815
9803 816
7277 817
11090 818
4654 819
5234 820
12513 821
10944 822
7892 823
8769 824
10956 825
1483 826
1390 827
6886 828
6856 829
7330 830
1998 831
8984 832
6238 833
6100 834
3366 835
9013 836
6317 837
11139 838
4405 839
7543 840
11070 841
8327 842
4775 843
2877 844
342 845
12976 846
10407 847
5353 848
9845 849
11908 850
12145 851
595 852
3356 853
2184 854
11033 855
852 856
8865 857
1900 858
12759 859
10501 860
6739 861
13088 862
7191 863
5046 864
5040 865
2241 866
1289 867
7543 868
1999 869
6681 870
7692 871
8011 872
44 873
10281 874
1355 875
5105 876
58 877
11803 878
4228 879
8215 880
9925 881
2439 882
1081 883
9160 884
5065 885
443 886
12838 887
11401 888
5072 889
10288 890
3438 891
12666 892
13443 893
1353 894
1254 895
12401 896
210 897
231 898
4089 899
525 900
11728 901
5563 902
3209 903
8491 904
12270 905
6673 906
750 907
2788 908
1234 909
3037 910
6092 911
11710 912
8038 913
13152 914
12835 915
3689 916
1555 917
7219 918
7249 919
11028 920
5161 921
11160 922
7961 923
11178 924
13486 925
11098 926
13474 927
2475 928
437 929
5556 930
7711 931
6537 932
1098 933
6369 934
5532 935
8096 936
9362 937
10730 938
10934 939
13034 940
6468 941
3005 942
6423 943
2706 944
4038 945
7081 946
6950 947
5299 948
10452 949
687 950
11719 951
4127 952
11449 953
3492 954
11812 955
7061 956
13415 957
5881 958
1518 959
6173 960
5334 961
10531 962
8501 963
1883 964
2413 965
7255 966
13424 967
4864 968
11524 969
3780 970
10952 971
4393 972
13164 973
8878 974
9309 975
10602 976
13134 977
2443 978
9189 979
502 980
6286 981
10378 982
5683 983
6022 984
12545 985
13401 986
13146 987
3346 988
4785 989
5133 990
9229 991
11600 992
10739 993
10140 994
3912 995
8913 996
8974 997
5088 998
5716 999
5272 1000
880 1001
2070 1002
9017 1003
6455 1004
12670 1005
7406 1006
3007 1007
7951 1008
12496 1009
1287 1010
10420 1011
4547 1012
4405 1013
10570 1014
346 1015
1705 1016
5856 1017
11633 1018
5594 1019
3370 1020
8895 1021
4077 1022
12414 1023
12344 1024
11349 1025
10394 1026
8899 1027
4303 1028
8513 1029
984 1030
13274 1031
10714 1032
9455 1033
7034 1034
4585 1035
2917 1036
13156 1037
7521 1038
7322 1039
9134 1040
7295 1041
10721 1042
11549 1043
9840 1044
2467 1045
5290 1046
4387 1047
13006 1048
635 1049
6982 1050
13365 1051
13380 1052
8932 1053
9418 1054
12754 1055
8014 1056
7251 1057
2683 1058
5516 1059
169 1060
7212 1061
1922 1062
7975 1063
13198 1064
7694 1065
8539 1066
1166 1067
1699 1068
12569 1069
5580 1070
5798 1071
4740 1072
5317 1073
11167 1074
245 1075
2798 1076
4332 1077
11997 1078
3914 1079
8313 1080
5788 1081
10011 1082
4178 1083
125 1084
4540 1085
3697 1086
9999 1087
6305 1088
12352 1089
8972 1090
7152 1091
12053 1092
11381 1093
9543 1094
6109 1095
10171 1096
9876 1097
4538 1098
416 1099
10674 1100
11965 1101
2415 1102
3791 1103
8328 1104
729 1105
4759 1106
4819 1107
8531 1108
13040 1109
11933 1110
11235 1111
11911 1112
755 1113
1787 1114
4367 1115
6219 1116
8528 1117
5109 1118
8028 1119
529 1120
2152 1121
5142 1122
2978 1123
5095 1124
437 1125
4876 1126
1988 1127
1055 1128
1702 1129
6324 1130
513 1131
11920 1132
6861 1133
1664 1134
1762 1135
7929 1136
1563 1137
1733 1138
2707 1139
9367 1140
7734 1141
4467 1142
8894 1143
13338 1144
1676 1145
13245 1146
6538 1147
5038 1148
7472 1149
3852 1150
1672 1151
4629 1152
13433 1153
5816 1154
11451 1155
4182 1156
6368 1157
1454 1158
1635 1159
11874 1160
11315 1161
2592 1162
12881 1163
11678 1164
238 1165
6174 1166
13305 1167
6569 1168
4400 1169
11316 1170
13261 1171
11478 1172
9437 1173
3225 1174
10996 1175
8365 1176
3234 1177
9478 1178
6140 1179
4863 1180
5559 1181
1949 1182
13184 1183
3258 1184
4928 1185
10481 1186
3518 1187
2045 1188
5426 1189
6519 1190
9303 1191
3907 1192
9691 1193
10835 1194
8419 1195
8275 1196
8069 1197
9426 1198
9693 1199
5279 1200
8566 1201
8217 1202
1363 1203
1665 1204
12324 1205
444 1206
8709 1207
3567 1208
6233 1209
10347 1210
40 1211
6293 1212
355 1213
12208 1214
2629 1215
1735 1216
3485 1217
12599 1218
10728 1219
10463 1220
7620 1221
12785 1222
9196 1223
9644 1224
6729 1225
7487 1226
12778 1227
11842 1228
6103 1229
11480 1230
3763 1231
734 1232
13259 1233
7399 1234
10095 1235
9842 1236
5504 1237
503 1238
11295 1239
5956 1240
11946 1241
13206 1242
8070 1243
2621 1244
2946 1245
1898 1246
10323 1247
10065 1248
5099 1249
2332 1250
11979 1251
951 1252
5409 1253
5499 1254
1872 1255
10379 1256
4725 1257
2366 1258
11562 1259
2367 1260
8696 1261
10963 1262
4796 1263
5985 1264
9443 1265
229 1266
11831 1267
12355 1268
5762 1269
336 1270
11748 1271
11828 1272
655 1273
11440 1274
13450 1275
8460 1276
10972 1277
7944 1278
2610 1279
12283 1280
3132 1281
5359 1282
2573 1283
4912 1284
12573 1285
2577 1286
10112 1287
2366 1288
8570 1289
7962 1290
3428 1291
4978 1292
807 1293
9487 1294
3567 1295
3653 1296
8467 1297
10630 1298
6761 1299
11419 1300
275 1301
1804 1302
12364 1303
11842 1304
9796 1305
5086 1306
5896 1307
6194 1308
2276 1309
13392 1310
11379 1311
2062 1312
11182 1313
13068 1314
3519 1315
1662 1316
8476 1317
13435 1318
518 1319
8456 1320
6354 1321
4302 1322
3266 1323
3944 1324
6350 1325
6398 1326
7607 1327
4906 1328
6032 1329
12612 1330
1387 1331
8710 1332
8761 1333
7897 1334
1622 1335
6184 1336
11414 1337
5664 1338
3763 1339
3150 1340
10417 1341
11698 1342
9004 1343
3696 1344
6489 1345
2827 1346
10150 1347
5013 1348
7312 1349
