150 1200
1268 0
486 1
1087 2
1015 3
1440 4
152 5
137 6
377 7
1143 8
1497 9
264 10
1433 11
448 12
880 13
97 14
1310 15
1078 16
500 17
1475 18
855 19
1333 20
949 21
326 22
42 23
1480 24
504 25
19 26
1429 27
960 28
774 29
171 30
1308 31
36 32
18 33
668 34
112 35
845 36
137 37
744 38
1234 39
829 40
572 41
800 42
1375 43
1168 44
653 45
16 46
943 47
1429 48
1116 49
1127 50
880 51
709 52
811 53
172 54
319 55
1016 56
261 57
665 58
62 59
753 60
214 61
830 62
1450 63
1097 64
125 65
931 66
1038 67
1143 68
760 69
790 70
90 71
224 72
252 73
269 74
1455 75
852 76
1025 77
1299 78
602 79
1324 80
1096 81
904 82
139 83
1289 84
1482 85
1357 86
571 87
1336 88
1290 89
73 90
1327 91
1102 92
607 93
524 94
821 95
1233 96
703 97
668 98
953 99
947 100
1174 101
12 102
985 103
275 104
767 105
1403 106
1417 107
176 108
634 109
1430 110
17 111
990 112
208 113
725 114
71 115
349 116
3 117
375 118
308 119
1218 120
916 121
1001 122
534 123
1468 124
297 125
1369 126
1406 127
82 128
1193 129
4 130
1403 131
405 132
682 133
239 134
1056 135
692 136
486 137
106 138
717 139
194 140
1063 141
737 142
1384 143
127 144
1419 145
1282 146
361 147
79 148
1326 149
