1250 200
6604 0
11469 1
11251 2
1927 3
4039 4
9182 5
7346 6
2677 7
6244 8
12131 9
11671 10
4635 11
1632 12
2778 13
4033 14
3822 15
11101 16
446 17
5838 18
11214 19
2006 20
9041 21
6064 22
525 23
2514 24
2763 25
7999 26
11232 27
9362 28
4266 29
9840 30
5717 31
9256 32
8753 33
10328 34
8621 35
7836 36
5119 37
12163 38
7749 39
12071 40
8347 41
12339 42
10190 43
8500 44
5591 45
7053 46
7124 47
1810 48
5645 49
143 50
9708 51
1220 52
9639 53
10132 54
7703 55
4238 56
11710 57
2771 58
8752 59
2318 60
11020 61
2739 62
5367 63
4320 64
4217 65
10383 66
2 67
3908 68
4980 69
4470 70
6799 71
7811 72
9748 73
9783 74
11685 75
2040 76
2704 77
10903 78
10226 79
3982 80
9631 81
5420 82
398 83
2857 84
4293 85
3413 86
6440 87
9198 88
6332 89
2752 90
3853 91
11855 92
230 93
10527 94
928 95
9240 96
2221 97
4440 98
1230 99
8920 100
10309 101
4506 102
6970 103
1126 104
93 105
5153 106
646 107
6406 108
2724 109
12109 110
10835 111
6070 112
12283 113
216 114
533 115
3208 116
3347 117
8573 118
11621 119
2955 120
5402 121
370 122
10137 123
7257 124
3477 125
11224 126
9348 127
49 128
7253 129
688 130
9091 131
7302 132
7133 133
10889 134
10499 135
4892 136
8661 137
8496 138
7855 139
2330 140
342 141
11799 142
7632 143
3614 144
5518 145
10526 146
4107 147
2738 148
5889 149
3702 150
833 151
9632 152
10283 153
7962 154
113 155
8852 156
197 157
12045 158
4536 159
651 160
63 161
8583 162
5138 163
10698 164
10098 165
10733 166
2879 167
9516 168
4272 169
11869 170
22 171
4067 172
7797 173
8360 174
6692 175
4884 176
3400 177
5879 178
4886 179
3490 180
7860 181
2017 182
1565 183
7185 184
3801 185
5686 186
12033 187
3895 188
10596 189
1744 190
6037 191
9533 192
3600 193
6504 194
7117 195
145 196
10505 197
10959 198
2695 199
11564 200
9035 201
11671 202
2235 203
9779 204
3176 205
4084 206
7230 207
2594 208
5662 209
10225 210
4194 211
10279 212
2127 213
2972 214
11797 215
7734 216
8047 217
2219 218
10078 219
12326 220
10667 221
7659 222
9099 223
2380 224
2042 225
146 226
2059 227
9141 228
975 229
3159 230
7172 231
574 232
3658 233
9386 234
11094 235
3868 236
5841 237
818 238
11102 239
5779 240
6891 241
1855 242
6566 243
8474 244
2406 245
6274 246
10065 247
803 248
3158 249
4903 250
4887 251
214 252
4878 253
6626 254
8264 255
6100 256
1234 257
8266 258
337 259
11844 260
5348 261
11691 262
9297 263
7980 264
734 265
2324 266
5122 267
2385 268
10554 269
7739 270
4140 271
11656 272
11812 273
8601 274
5725 275
6686 276
5725 277
668 278
5245 279
3786 280
8181 281
4653 282
1412 283
7593 284
7868 285
7722 286
8647 287
9395 288
1336 289
6684 290
12075 291
7451 292
3740 293
6651 294
1392 295
12425 296
8738 297
10381 298
10870 299
9334 300
11842 301
10253 302
2091 303
11894 304
10609 305
6449 306
9958 307
634 308
9154 309
6164 310
724 311
4243 312
2106 313
5552 314
8371 315
10140 316
1773 317
2202 318
1390 319
10524 320
10687 321
9224 322
12069 323
1403 324
6548 325
9935 326
476 327
42 328
12498 329
7184 330
2636 331
9305 332
1873 333
3495 334
9289 335
11380 336
10510 337
1752 338
10099 339
8568 340
10518 341
9386 342
8590 343
8401 344
10815 345
9307 346
2114 347
5001 348
3354 349
12411 350
6775 351
7928 352
4436 353
8476 354
491 355
11139 356
1238 357
1916 358
9710 359
6043 360
4889 361
3370 362
11477 363
10479 364
8815 365
11849 366
1937 367
5419 368
2192 369
4711 370
7571 371
1658 372
11110 373
10456 374
5055 375
7388 376
413 377
2821 378
7487 379
3284 380
3352 381
5821 382
5325 383
5937 384
11694 385
8725 386
2184 387
1437 388
1408 389
3207 390
3694 391
8058 392
5551 393
11837 394
9163 395
3019 396
7465 397
801 398
915 399
4109 400
7806 401
3902 402
11439 403
2590 404
1886 405
5362 406
2011 407
5339 408
9071 409
7708 410
10120 411
475 412
462 413
5413 414
5101 415
2418 416
11023 417
3009 418
50 419
5001 420
4118 421
2201 422
3818 423
3260 424
6393 425
8387 426
11054 427
6406 428
7514 429
9497 430
7355 431
11322 432
3394 433
2300 434
8680 435
3927 436
7589 437
1824 438
7200 439
8955 440
10243 441
4462 442
5231 443
7384 444
619 445
3423 446
7908 447
5911 448
5610 449
924 450
524 451
8840 452
969 453
5528 454
1305 455
5534 456
7263 457
10735 458
6311 459
5586 460
2338 461
4523 462
2974 463
8221 464
5724 465
6188 466
4914 467
11246 468
6008 469
6810 470
5550 471
12179 472
9734 473
3184 474
10809 475
6121 476
4232 477
4533 478
745 479
440 480
1830 481
6815 482
2590 483
8127 484
2520 485
4051 486
5142 487
4938 488
995 489
6523 490
11215 491
6872 492
4087 493
496 494
6194 495
8550 496
1850 497
2335 498
5988 499
11763 500
332 501
454 502
872 503
1721 504
7715 505
10578 506
8023 507
1015 508
5798 509
10931 510
4834 511
1393 512
12075 513
1764 514
8683 515
7763 516
11685 517
1822 518
9350 519
8005 520
11467 521
12331 522
8337 523
12457 524
2212 525
9846 526
5797 527
8056 528
12131 529
951 530
1665 531
11128 532
3378 533
9755 534
666 535
8641 536
5932 537
2139 538
3126 539
12168 540
9542 541
6216 542
2199 543
11150 544
4510 545
5299 546
5443 547
8035 548
2681 549
9532 550
6971 551
6393 552
8496 553
6119 554
2757 555
1611 556
2741 557
6041 558
10554 559
11423 560
1687 561
3009 562
11870 563
3298 564
11080 565
3808 566
2231 567
11248 568
6306 569
716 570
4352 571
9226 572
12014 573
10666 574
11711 575
9769 576
7163 577
6204 578
6774 579
5744 580
6561 581
10258 582
9121 583
1016 584
8812 585
11830 586
11635 587
500 588
8504 589
6766 590
1254 591
6511 592
8554 593
10591 594
5187 595
7767 596
8613 597
8660 598
3607 599
8850 600
7152 601
7798 602
2608 603
5201 604
7227 605
4072 606
12396 607
6300 608
5604 609
11407 610
5353 611
7775 612
5198 613
691 614
10983 615
10734 616
6791 617
5770 618
4281 619
6741 620
10352 621
536 622
9625 623
8446 624
10672 625
11047 626
11776 627
7496 628
960 629
1653 630
9305 631
2603 632
10683 633
9694 634
2914 635
10249 636
4304 637
4602 638
10908 639
3633 640
1029 641
1631 642
6412 643
3836 644
5597 645
10641 646
9154 647
8409 648
11182 649
1330 650
6743 651
11073 652
7659 653
2354 654
11714 655
5473 656
8716 657
6752 658
8401 659
5314 660
11331 661
2654 662
2296 663
1749 664
11902 665
8805 666
361 667
11726 668
9251 669
3885 670
7351 671
2376 672
1207 673
4757 674
3090 675
9405 676
3503 677
9471 678
6007 679
8515 680
3376 681
8226 682
7670 683
3070 684
11062 685
5140 686
69 687
9158 688
1653 689
1008 690
718 691
888 692
3260 693
10749 694
9186 695
3683 696
3946 697
10892 698
8811 699
9937 700
4836 701
4023 702
10534 703
8216 704
11596 705
1186 706
8015 707
11485 708
6542 709
5009 710
4591 711
9643 712
1702 713
9162 714
12192 715
7347 716
7175 717
8798 718
862 719
4446 720
3164 721
9130 722
4698 723
79 724
10526 725
6703 726
5816 727
1677 728
9742 729
2174 730
6321 731
1770 732
8407 733
8578 734
7892 735
6135 736
1533 737
3700 738
9084 739
5077 740
10701 741
12 742
11292 743
573 744
9146 745
2249 746
157 747
1731 748
11813 749
6472 750
5415 751
7552 752
7490 753
804 754
10119 755
1867 756
1027 757
8235 758
780 759
10144 760
11109 761
12430 762
12199 763
11465 764
7115 765
6980 766
4188 767
10148 768
2012 769
9434 770
128 771
6364 772
8671 773
10846 774
7038 775
6548 776
2966 777
11326 778
9723 779
7540 780
145 781
283 782
9950 783
10516 784
7306 785
2089 786
4562 787
9574 788
1863 789
5089 790
7103 791
5946 792
5604 793
6381 794
1243 795
453 796
2681 797
1326 798
1866 799
10474 800
3920 801
7356 802
10513 803
6443 804
754 805
3776 806
10752 807
10327 808
6880 809
11376 810
8459 811
7294 812
9319 813
4843 814
4281 815
4366 816
2210 817
7234 818
6654 819
9000 820
1857 821
1801 822
10049 823
8759 824
1787 825
890 826
7777 827
4780 828
10095 829
11555 830
9586 831
2279 832
6678 833
11495 834
4509 835
9896 836
1148 837
8513 838
8040 839
4896 840
7262 841
12450 842
4203 843
8467 844
5387 845
4048 846
1632 847
3176 848
9659 849
3879 850
4958 851
9719 852
2964 853
11847 854
3364 855
3581 856
7578 857
7633 858
6824 859
5270 860
71 861
2811 862
3735 863
3521 864
41 865
36 866
4930 867
3063 868
10583 869
8789 870
1692 871
2837 872
11192 873
5187 874
3645 875
7884 876
8138 877
1061 878
12296 879
1821 880
1889 881
1094 882
12375 883
9301 884
2856 885
7208 886
1539 887
5299 888
11329 889
5516 890
11669 891
4099 892
10520 893
4336 894
6258 895
8043 896
5898 897
7640 898
5372 899
4805 900
7723 901
1535 902
4457 903
5245 904
10637 905
9982 906
489 907
6708 908
7294 909
1303 910
4518 911
818 912
117 913
12140 914
11124 915
9202 916
5999 917
8051 918
5472 919
4759 920
7448 921
794 922
2004 923
2498 924
2878 925
8122 926
5424 927
3415 928
12030 929
11336 930
11901 931
12398 932
5469 933
2586 934
25 935
3527 936
6253 937
7469 938
3860 939
11601 940
12020 941
12133 942
3411 943
7455 944
10089 945
5932 946
8235 947
1652 948
7325 949
5082 950
5651 951
10651 952
1417 953
10846 954
2882 955
5402 956
1634 957
3799 958
10031 959
3847 960
5882 961
6665 962
838 963
8500 964
12272 965
10580 966
241 967
11685 968
7913 969
12056 970
4694 971
9819 972
7832 973
2742 974
2360 975
1088 976
11507 977
5889 978
12242 979
8192 980
4294 981
8413 982
105 983
11000 984
7475 985
11928 986
7177 987
4598 988
11103 989
2100 990
1738 991
4354 992
10175 993
10402 994
7310 995
1488 996
4394 997
5838 998
548 999
3215 1000
12135 1001
5317 1002
8687 1003
8013 1004
4544 1005
3459 1006
1364 1007
10288 1008
5326 1009
10599 1010
7252 1011
9412 1012
2796 1013
631 1014
2516 1015
8487 1016
1216 1017
10483 1018
11994 1019
6261 1020
7277 1021
5342 1022
10101 1023
9463 1024
8788 1025
10981 1026
526 1027
2667 1028
8437 1029
2700 1030
7983 1031
3026 1032
5150 1033
4922 1034
8069 1035
8398 1036
9197 1037
6769 1038
6362 1039
5161 1040
1103 1041
1264 1042
9226 1043
11044 1044
5947 1045
8909 1046
1587 1047
9952 1048
3617 1049
9666 1050
7947 1051
6844 1052
9456 1053
9246 1054
1884 1055
506 1056
5622 1057
2426 1058
640 1059
6167 1060
4846 1061
139 1062
8167 1063
7354 1064
9201 1065
7930 1066
3895 1067
7124 1068
3879 1069
4873 1070
8422 1071
11085 1072
1651 1073
9815 1074
1053 1075
667 1076
7095 1077
139 1078
6899 1079
8877 1080
2110 1081
4602 1082
6907 1083
3670 1084
274 1085
12055 1086
150 1087
3503 1088
8997 1089
2825 1090
9166 1091
9721 1092
8734 1093
12455 1094
1572 1095
2877 1096
12100 1097
840 1098
4916 1099
6656 1100
8951 1101
8763 1102
7368 1103
8973 1104
4585 1105
11020 1106
933 1107
6218 1108
7322 1109
9008 1110
3770 1111
10995 1112
11838 1113
6702 1114
8588 1115
5359 1116
7927 1117
6551 1118
5972 1119
9110 1120
11615 1121
4254 1122
1013 1123
11706 1124
7663 1125
1855 1126
3487 1127
4255 1128
7708 1129
7596 1130
7972 1131
10553 1132
1535 1133
12052 1134
7806 1135
3816 1136
3362 1137
10015 1138
11199 1139
2559 1140
6491 1141
10814 1142
3780 1143
3546 1144
10359 1145
4356 1146
8484 1147
6355 1148
732 1149
1453 1150
2346 1151
11218 1152
2984 1153
295 1154
10015 1155
1808 1156
1406 1157
8833 1158
926 1159
10932 1160
7337 1161
8590 1162
3063 1163
4517 1164
2409 1165
8309 1166
7952 1167
4720 1168
11739 1169
149 1170
8199 1171
12076 1172
8964 1173
8815 1174
6928 1175
11492 1176
2302 1177
5547 1178
4493 1179
4463 1180
3140 1181
12304 1182
11296 1183
7081 1184
7705 1185
960 1186
9611 1187
7329 1188
3361 1189
2783 1190
7927 1191
2620 1192
7688 1193
11542 1194
927 1195
3849 1196
10650 1197
7196 1198
12089 1199
7228 1200
7172 1201
3872 1202
6688 1203
5101 1204
10441 1205
8287 1206
4474 1207
4928 1208
11867 1209
34 1210
4727 1211
1627 1212
8438 1213
3278 1214
4135 1215
10572 1216
5677 1217
11813 1218
8047 1219
2659 1220
4543 1221
8008 1222
12019 1223
4116 1224
865 1225
8568 1226
10815 1227
4548 1228
3892 1229
9289 1230
3064 1231
12258 1232
5515 1233
470 1234
3656 1235
3029 1236
5239 1237
11481 1238
789 1239
12127 1240
6477 1241
7583 1242
3401 1243
3874 1244
10187 1245
4403 1246
817 1247
6894 1248
6673 1249
