100 350
607 0
326 1
607 2
69 3
286 4
401 5
670 6
894 7
427 8
209 9
653 10
394 11
525 12
105 13
80 14
232 15
703 16
869 17
841 18
339 19
897 20
674 21
142 22
159 23
884 24
467 25
23 26
384 27
851 28
614 29
396 30
173 31
442 32
244 33
371 34
987 35
695 36
558 37
223 38
112 39
573 40
823 41
997 42
625 43
868 44
385 45
339 46
924 47
459 48
402 49
636 50
585 51
554 52
957 53
947 54
819 55
285 56
685 57
650 58
163 59
627 60
709 61
353 62
613 63
619 64
158 65
305 66
513 67
765 68
744 69
937 70
485 71
517 72
1 73
837 74
166 75
2 76
755 77
756 78
981 79
914 80
477 81
315 82
212 83
519 84
263 85
485 86
547 87
789 88
976 89
919 90
808 91
843 92
398 93
388 94
171 95
688 96
841 97
445 98
257 99
