1550 600
444 0
10218 1
7368 2
3959 3
14603 4
13158 5
6299 6
9517 7
8070 8
3699 9
5534 10
8214 11
9310 12
468 13
5069 14
13554 15
11346 16
8670 17
8157 18
3680 19
13250 20
14531 21
14684 22
2645 23
8444 24
13332 25
4676 26
7380 27
8609 28
6077 29
2078 30
13596 31
10545 32
8804 33
9607 34
3131 35
8470 36
9236 37
9781 38
11088 39
8032 40
4306 41
1572 42
13170 43
10030 44
12087 45
7674 46
8647 47
10312 48
9784 49
7965 50
3034 51
7976 52
6142 53
2843 54
4393 55
10319 56
10981 57
13809 58
11593 59
4377 60
10709 61
10018 62
3420 63
9766 64
13640 65
1542 66
11108 67
7782 68
4883 69
3854 70
5874 71
5044 72
10394 73
7553 74
12306 75
10838 76
4856 77
5206 78
10012 79
9403 80
5723 81
8616 82
323 83
2068 84
3454 85
12709 86
12530 87
5672 88
12046 89
11532 90
2445 91
14430 92
13789 93
12344 94
5742 95
6206 96
3627 97
604 98
8775 99
14440 100
2408 101
6893 102
3237 103
6449 104
2533 105
4515 106
7728 107
11905 108
4766 109
5862 110
3330 111
14865 112
8295 113
13671 114
5093 115
9297 116
1193 117
1208 118
11518 119
14185 120
1834 121
15107 122
15108 123
4664 124
203 125
6198 126
3504 127
5485 128
8140 129
7964 130
14731 131
3603 132
8577 133
8158 134
11556 135
996 136
9798 137
1348 138
8424 139
13899 140
13863 141
10996 142
13130 143
10076 144
3333 145
11767 146
4221 147
11885 148
4022 149
15133 150
6285 151
5541 152
1780 153
4410 154
2996 155
11843 156
14205 157
562 158
11863 159
10017 160
14746 161
1290 162
8969 163
6977 164
13270 165
13811 166
14926 167
2396 168
15430 169
15489 170
8460 171
2184 172
10847 173
7353 174
5314 175
8032 176
14270 177
4014 178
8014 179
14984 180
12093 181
5024 182
10948 183
11809 184
9023 185
7080 186
8503 187
13400 188
6175 189
9033 190
11682 191
13508 192
4745 193
4866 194
1640 195
9365 196
14634 197
12449 198
7595 199
2871 200
1509 201
10698 202
8575 203
2930 204
14413 205
471 206
1407 207
788 208
1186 209
6295 210
1733 211
9084 212
100 213
6210 214
10019 215
291 216
1609 217
10707 218
8024 219
2595 220
11489 221
12597 222
11499 223
5951 224
4623 225
9890 226
3386 227
5293 228
3838 229
10765 230
11693 231
13614 232
9045 233
11243 234
9774 235
5161 236
4360 237
2042 238
2991 239
15458 240
10647 241
9017 242
13604 243
6185 244
1633 245
2402 246
2514 247
9828 248
6758 249
879 250
7165 251
6074 252
8446 253
3992 254
6609 255
249 256
9867 257
10044 258
7157 259
4123 260
14454 261
5732 262
5668 263
5572 264
8479 265
11954 266
9527 267
3114 268
9060 269
451 270
9431 271
13046 272
14143 273
1858 274
2308 275
7236 276
10364 277
10735 278
9236 279
14777 280
14587 281
7027 282
14329 283
6424 284
6926 285
5949 286
11579 287
9247 288
5029 289
6990 290
15301 291
9533 292
4958 293
3238 294
14195 295
9969 296
2486 297
3011 298
1385 299
4810 300
1849 301
10923 302
15296 303
15076 304
11461 305
13307 306
1932 307
7545 308
3417 309
14142 310
857 311
4089 312
14378 313
12022 314
10775 315
2773 316
15456 317
9543 318
5397 319
11640 320
11183 321
11692 322
11132 323
9381 324
15363 325
8229 326
4924 327
9838 328
8802 329
10211 330
1084 331
3110 332
7155 333
3903 334
2753 335
11528 336
219 337
655 338
12074 339
1038 340
3112 341
6376 342
1057 343
1151 344
14739 345
1535 346
13742 347
5165 348
6915 349
10586 350
8483 351
6402 352
7022 353
2109 354
5860 355
12727 356
11906 357
6354 358
15056 359
12872 360
1168 361
324 362
2001 363
4150 364
221 365
11386 366
4052 367
1510 368
12360 369
8212 370
627 371
8745 372
3042 373
2444 374
7422 375
13547 376
13075 377
14815 378
7617 379
190 380
1029 381
14061 382
8952 383
9549 384
1761 385
10158 386
3178 387
10199 388
14321 389
13930 390
52 391
10749 392
5615 393
11815 394
14181 395
2134 396
3240 397
6217 398
15235 399
11835 400
11044 401
13234 402
14916 403
180 404
5736 405
4803 406
6495 407
169 408
9480 409
4441 410
9281 411
11817 412
12441 413
9636 414
11758 415
14160 416
1661 417
2473 418
7661 419
11863 420
3466 421
10409 422
5189 423
11443 424
8031 425
8427 426
3067 427
11604 428
13314 429
13797 430
11962 431
10154 432
2238 433
10495 434
8959 435
3536 436
11814 437
5238 438
3486 439
3542 440
7881 441
989 442
7007 443
9992 444
8999 445
13452 446
11848 447
4168 448
6237 449
3369 450
8512 451
11268 452
4160 453
8678 454
6718 455
8812 456
9779 457
9278 458
8501 459
11332 460
4263 461
8026 462
9979 463
11484 464
8954 465
11290 466
12861 467
14178 468
1925 469
13585 470
9530 471
3277 472
13652 473
12432 474
11266 475
3858 476
6332 477
15388 478
13924 479
14516 480
9912 481
8967 482
11948 483
3528 484
8765 485
10354 486
13498 487
5341 488
224 489
6856 490
10694 491
7187 492
3364 493
7923 494
1569 495
10833 496
14086 497
260 498
11340 499
2607 500
10455 501
9113 502
3971 503
11632 504
13256 505
608 506
10126 507
14701 508
4761 509
4468 510
14969 511
1668 512
9809 513
6392 514
9245 515
12943 516
8691 517
14255 518
14223 519
7310 520
2802 521
12372 522
12358 523
5942 524
6208 525
10802 526
7603 527
6329 528
6146 529
14415 530
12094 531
13670 532
15148 533
7147 534
6020 535
9340 536
191 537
9510 538
6085 539
14296 540
13048 541
7179 542
970 543
650 544
6309 545
5946 546
8140 547
5664 548
9102 549
4956 550
5089 551
12688 552
3644 553
6549 554
14323 555
2114 556
8939 557
8168 558
780 559
5944 560
12288 561
1809 562
5836 563
2024 564
617 565
227 566
9502 567
12229 568
4897 569
3667 570
10777 571
1464 572
3009 573
13716 574
8722 575
10408 576
11131 577
7209 578
12512 579
7155 580
4692 581
6385 582
7204 583
11318 584
966 585
5023 586
13879 587
108 588
13335 589
10270 590
112 591
182 592
2282 593
9292 594
11893 595
7960 596
9053 597
8311 598
12113 599
7172 600
7345 601
11892 602
7835 603
13058 604
12553 605
11149 606
13279 607
12863 608
12562 609
7487 610
4996 611
7439 612
15266 613
5386 614
6657 615
8980 616
12343 617
9136 618
10072 619
9780 620
11466 621
15487 622
4677 623
5791 624
50 625
10008 626
11794 627
6461 628
6639 629
10588 630
6070 631
5964 632
591 633
9450 634
13055 635
6502 636
960 637
9814 638
464 639
1885 640
6882 641
15189 642
9712 643
4315 644
11838 645
10350 646
6150 647
11348 648
3573 649
10947 650
14218 651
9139 652
10638 653
8655 654
6120 655
6814 656
13080 657
13429 658
8369 659
6716 660
5233 661
14404 662
11565 663
8240 664
6112 665
2418 666
5342 667
8781 668
6137 669
10633 670
12237 671
5763 672
2578 673
6402 674
4219 675
8690 676
12722 677
5561 678
11707 679
1967 680
10212 681
15070 682
2138 683
7420 684
6441 685
7369 686
2740 687
7712 688
9757 689
6553 690
1830 691
7297 692
2930 693
11099 694
9422 695
9661 696
7923 697
14812 698
9844 699
6664 700
11506 701
2522 702
10935 703
3298 704
12426 705
8194 706
8850 707
2882 708
437 709
7038 710
9149 711
5665 712
13823 713
14542 714
5315 715
1857 716
597 717
7415 718
6670 719
228 720
849 721
5500 722
3681 723
5998 724
14992 725
14233 726
420 727
2397 728
4287 729
7945 730
4299 731
11930 732
3363 733
539 734
10224 735
13929 736
5763 737
13625 738
7599 739
13066 740
9426 741
4531 742
4080 743
2762 744
7141 745
13420 746
15371 747
9583 748
2908 749
12566 750
14657 751
11220 752
4932 753
14184 754
10736 755
1271 756
10946 757
8326 758
80 759
14907 760
14040 761
10670 762
3382 763
11425 764
8287 765
6334 766
11490 767
3787 768
587 769
10695 770
12087 771
14841 772
487 773
14695 774
4672 775
6194 776
105 777
4268 778
6078 779
11916 780
8143 781
12005 782
11444 783
4006 784
12020 785
15496 786
307 787
6233 788
4772 789
8686 790
14288 791
10094 792
5978 793
8331 794
14587 795
2195 796
15001 797
4808 798
14268 799
329 800
13159 801
3131 802
5828 803
4416 804
12020 805
7231 806
2523 807
11339 808
2179 809
5937 810
14985 811
3696 812
1181 813
11315 814
2263 815
6629 816
4785 817
1938 818
6684 819
1700 820
7673 821
8667 822
6795 823
14837 824
7346 825
1432 826
4152 827
11795 828
13704 829
8774 830
1010 831
15182 832
3912 833
6876 834
3393 835
14721 836
13480 837
1945 838
13884 839
10527 840
1023 841
7283 842
14078 843
8104 844
1231 845
3243 846
321 847
2976 848
9206 849
3008 850
2847 851
7015 852
2136 853
6735 854
9713 855
8483 856
11991 857
14229 858
3029 859
12233 860
9822 861
9349 862
3250 863
1624 864
1608 865
2828 866
1824 867
14446 868
11363 869
3331 870
15148 871
2965 872
216 873
3152 874
11929 875
4859 876
9103 877
6405 878
3031 879
9149 880
10379 881
13250 882
8686 883
3835 884
5890 885
8923 886
14332 887
5764 888
2755 889
2630 890
4018 891
1096 892
9259 893
3260 894
15257 895
15061 896
8436 897
13707 898
5321 899
14713 900
5580 901
5733 902
11038 903
13349 904
13677 905
7085 906
75 907
1066 908
4878 909
5292 910
8204 911
1648 912
2636 913
9823 914
11491 915
6798 916
8548 917
6366 918
13805 919
12456 920
702 921
662 922
2926 923
8732 924
6841 925
4327 926
6115 927
11345 928
1778 929
5926 930
4748 931
7891 932
5010 933
13487 934
1951 935
10897 936
10166 937
12259 938
7070 939
9858 940
7873 941
12742 942
903 943
613 944
10038 945
13177 946
12368 947
13867 948
1482 949
6342 950
13748 951
8405 952
10401 953
12804 954
325 955
13323 956
6980 957
13280 958
9198 959
14110 960
1854 961
7563 962
14733 963
12880 964
3646 965
2445 966
1018 967
10140 968
13404 969
10793 970
1053 971
1955 972
6005 973
9880 974
1714 975
12390 976
12113 977
1354 978
11015 979
1504 980
9690 981
13762 982
11419 983
1763 984
2123 985
13902 986
12399 987
14433 988
4476 989
8279 990
11676 991
1452 992
8364 993
14070 994
5685 995
2600 996
9787 997
4712 998
2938 999
10564 1000
3104 1001
1231 1002
3368 1003
10542 1004
6754 1005
13057 1006
4219 1007
8647 1008
8678 1009
11547 1010
13412 1011
5659 1012
5969 1013
9864 1014
11616 1015
874 1016
5541 1017
6322 1018
10184 1019
7732 1020
9107 1021
6931 1022
5363 1023
8847 1024
5618 1025
600 1026
6299 1027
1184 1028
15182 1029
9384 1030
15205 1031
3764 1032
14016 1033
4168 1034
11593 1035
1417 1036
954 1037
11793 1038
10638 1039
10611 1040
12642 1041
12950 1042
4933 1043
14276 1044
6720 1045
8647 1046
7943 1047
729 1048
2157 1049
7732 1050
4237 1051
6039 1052
10467 1053
2670 1054
7070 1055
3080 1056
5060 1057
15072 1058
3930 1059
9910 1060
1030 1061
15427 1062
11736 1063
15458 1064
11722 1065
14544 1066
8602 1067
9216 1068
13736 1069
834 1070
12732 1071
9807 1072
2526 1073
465 1074
1386 1075
13646 1076
6733 1077
1188 1078
1188 1079
13821 1080
13751 1081
10028 1082
1086 1083
8897 1084
1499 1085
7405 1086
3859 1087
14788 1088
8609 1089
10131 1090
14243 1091
7658 1092
6109 1093
11543 1094
8932 1095
11563 1096
14904 1097
12967 1098
2653 1099
12583 1100
4458 1101
6176 1102
14184 1103
9121 1104
5359 1105
9025 1106
5975 1107
1779 1108
7543 1109
5096 1110
539 1111
7661 1112
1369 1113
8687 1114
6444 1115
11449 1116
9119 1117
10898 1118
15034 1119
7570 1120
1525 1121
7260 1122
1062 1123
6704 1124
10220 1125
5602 1126
846 1127
1915 1128
13677 1129
11604 1130
5570 1131
7316 1132
1470 1133
12220 1134
6277 1135
7660 1136
6737 1137
4544 1138
7366 1139
1973 1140
12017 1141
6220 1142
6869 1143
9005 1144
11848 1145
13683 1146
6750 1147
10434 1148
13803 1149
275 1150
1657 1151
1743 1152
3074 1153
311 1154
14922 1155
15351 1156
9654 1157
10599 1158
15315 1159
3561 1160
7022 1161
3469 1162
8383 1163
9010 1164
10274 1165
15127 1166
283 1167
8494 1168
14354 1169
10813 1170
7309 1171
11637 1172
15241 1173
13283 1174
2169 1175
7250 1176
14870 1177
8984 1178
14541 1179
11428 1180
5144 1181
11669 1182
6385 1183
5576 1184
11845 1185
6343 1186
136 1187
10064 1188
6872 1189
10968 1190
627 1191
9268 1192
14058 1193
11307 1194
337 1195
1704 1196
8584 1197
2067 1198
14793 1199
11393 1200
13463 1201
7334 1202
7702 1203
14658 1204
5584 1205
11238 1206
2494 1207
12521 1208
5625 1209
6522 1210
5816 1211
5186 1212
4798 1213
11481 1214
12716 1215
10534 1216
3664 1217
12890 1218
3407 1219
9720 1220
15252 1221
14140 1222
2390 1223
3200 1224
14212 1225
4300 1226
8886 1227
13341 1228
380 1229
13583 1230
7491 1231
3072 1232
5886 1233
10449 1234
4826 1235
14106 1236
9981 1237
14093 1238
13943 1239
10591 1240
7490 1241
4019 1242
3889 1243
12749 1244
1547 1245
3866 1246
6148 1247
4185 1248
10418 1249
13898 1250
1423 1251
4756 1252
4169 1253
6319 1254
10530 1255
1517 1256
5707 1257
2345 1258
3621 1259
1334 1260
5570 1261
13904 1262
4846 1263
447 1264
1823 1265
12838 1266
1020 1267
6576 1268
9009 1269
12215 1270
8262 1271
1046 1272
2731 1273
2763 1274
12413 1275
10068 1276
15203 1277
8263 1278
12751 1279
14212 1280
8545 1281
12396 1282
9622 1283
7958 1284
3705 1285
3575 1286
4760 1287
7332 1288
1371 1289
8425 1290
5647 1291
1097 1292
3051 1293
10911 1294
5234 1295
13734 1296
5747 1297
3904 1298
1121 1299
8963 1300
2404 1301
2367 1302
6599 1303
7957 1304
13419 1305
6642 1306
1348 1307
3660 1308
2317 1309
5930 1310
6945 1311
9401 1312
6256 1313
10040 1314
513 1315
11398 1316
3747 1317
715 1318
6092 1319
7715 1320
8200 1321
5878 1322
8750 1323
4742 1324
14267 1325
12201 1326
5535 1327
8100 1328
10659 1329
7173 1330
14327 1331
12553 1332
4422 1333
733 1334
9134 1335
10993 1336
8018 1337
6326 1338
9039 1339
3792 1340
14978 1341
10146 1342
6863 1343
2615 1344
87 1345
14839 1346
3562 1347
2147 1348
531 1349
15114 1350
10145 1351
8202 1352
11280 1353
3844 1354
3077 1355
349 1356
14832 1357
10357 1358
11035 1359
3714 1360
8465 1361
10867 1362
5698 1363
12423 1364
7763 1365
14160 1366
12281 1367
7150 1368
3141 1369
10902 1370
6012 1371
10228 1372
10180 1373
1839 1374
3633 1375
3029 1376
3002 1377
14846 1378
10796 1379
15147 1380
79 1381
15034 1382
5102 1383
11492 1384
2172 1385
11742 1386
3717 1387
7929 1388
11979 1389
6075 1390
2229 1391
9240 1392
4396 1393
5943 1394
14019 1395
903 1396
580 1397
1072 1398
15136 1399
1135 1400
13723 1401
13621 1402
5160 1403
1244 1404
2217 1405
10309 1406
13794 1407
8911 1408
15252 1409
4828 1410
12833 1411
15179 1412
10335 1413
4383 1414
12913 1415
7346 1416
12223 1417
9753 1418
7775 1419
12051 1420
11511 1421
689 1422
2081 1423
10401 1424
7254 1425
8247 1426
3400 1427
2178 1428
14921 1429
7795 1430
1704 1431
13705 1432
12869 1433
6149 1434
1159 1435
247 1436
3454 1437
1805 1438
13726 1439
7182 1440
3567 1441
7739 1442
4152 1443
4790 1444
1529 1445
8519 1446
14084 1447
5519 1448
13097 1449
12791 1450
6540 1451
12198 1452
6844 1453
14732 1454
863 1455
12168 1456
2727 1457
7477 1458
13437 1459
4111 1460
7471 1461
7174 1462
13770 1463
13735 1464
4146 1465
13998 1466
2852 1467
9697 1468
11071 1469
6988 1470
13118 1471
5408 1472
7499 1473
4734 1474
5033 1475
4262 1476
6440 1477
3135 1478
1791 1479
12253 1480
15473 1481
10566 1482
8476 1483
10202 1484
13312 1485
14360 1486
10307 1487
14483 1488
3025 1489
7544 1490
10717 1491
1159 1492
8345 1493
574 1494
14567 1495
12914 1496
14709 1497
3863 1498
2354 1499
8858 1500
1551 1501
12015 1502
10495 1503
12145 1504
14695 1505
782 1506
6577 1507
10621 1508
9602 1509
6355 1510
13898 1511
13509 1512
1504 1513
13663 1514
2983 1515
1063 1516
3501 1517
11613 1518
732 1519
12741 1520
3739 1521
15039 1522
6714 1523
938 1524
76 1525
8903 1526
15037 1527
8073 1528
9372 1529
1760 1530
6675 1531
6705 1532
7184 1533
12176 1534
14407 1535
2129 1536
4665 1537
9427 1538
14718 1539
9859 1540
6807 1541
15434 1542
11972 1543
11859 1544
3534 1545
2512 1546
8116 1547
12565 1548
8763 1549
