1150 1300
5804 0
9841 1
284 2
9146 3
2949 4
1880 5
1752 6
7847 7
7713 8
1193 9
5341 10
5187 11
2890 12
744 13
10875 14
1907 15
3053 16
851 17
9234 18
10462 19
4013 20
3758 21
4178 22
1712 23
2462 24
4128 25
1041 26
1335 27
3033 28
784 29
2011 30
5978 31
5057 32
9805 33
7411 34
2932 35
1939 36
7301 37
2648 38
7031 39
398 40
2419 41
9641 42
4306 43
2731 44
3028 45
6611 46
4663 47
7771 48
6088 49
6217 50
2211 51
1425 52
9541 53
10595 54
9524 55
8263 56
8695 57
5838 58
2912 59
11289 60
6266 61
9844 62
1545 63
9872 64
3869 65
3175 66
6676 67
5294 68
10999 69
9745 70
11243 71
1405 72
5852 73
10827 74
2330 75
939 76
9448 77
7638 78
8381 79
1324 80
3290 81
4692 82
8501 83
9100 84
11259 85
1506 86
10697 87
3179 88
6620 89
7030 90
10624 91
5517 92
4776 93
6518 94
10457 95
552 96
4974 97
7634 98
5030 99
5578 100
2406 101
10747 102
7463 103
7525 104
5496 105
6246 106
9391 107
7560 108
6003 109
7034 110
6158 111
306 112
10642 113
1043 114
6457 115
9995 116
7913 117
3009 118
5339 119
9286 120
10147 121
3054 122
3737 123
1413 124
1804 125
6161 126
3784 127
3216 128
6255 129
8452 130
3929 131
4355 132
3696 133
11170 134
10263 135
3971 136
6726 137
9704 138
5523 139
3029 140
7241 141
9202 142
786 143
7110 144
5761 145
2280 146
1866 147
6882 148
6741 149
10558 150
1489 151
11385 152
4910 153
457 154
10746 155
697 156
633 157
11025 158
5221 159
5031 160
5854 161
9442 162
6558 163
8292 164
2470 165
6317 166
1095 167
8906 168
11104 169
4483 170
4072 171
1481 172
8869 173
9778 174
9790 175
11032 176
6731 177
5885 178
5258 179
8692 180
8417 181
4188 182
11327 183
9670 184
3416 185
1277 186
663 187
5135 188
3199 189
2806 190
702 191
10963 192
72 193
8271 194
3645 195
3899 196
1169 197
9348 198
2403 199
1908 200
2527 201
2292 202
9099 203
9574 204
1312 205
1605 206
6663 207
2417 208
10383 209
3971 210
4028 211
9263 212
11201 213
11270 214
8842 215
10953 216
4623 217
5031 218
9 219
10103 220
7141 221
10501 222
7036 223
8946 224
8260 225
11004 226
8054 227
9429 228
4614 229
9495 230
10572 231
2025 232
2225 233
5750 234
3307 235
10758 236
205 237
10201 238
2603 239
10713 240
9305 241
3560 242
9363 243
2641 244
5976 245
6481 246
2870 247
1142 248
7383 249
1163 250
6996 251
3352 252
3234 253
3580 254
9597 255
6858 256
8691 257
4789 258
6244 259
10904 260
5761 261
8370 262
1574 263
5037 264
1045 265
8486 266
4280 267
2779 268
1144 269
4281 270
6657 271
3320 272
702 273
1900 274
5641 275
4218 276
10749 277
6589 278
224 279
9174 280
5735 281
4558 282
7366 283
1488 284
9105 285
10771 286
3779 287
3785 288
2322 289
9134 290
10107 291
9051 292
9197 293
2620 294
4368 295
2173 296
9247 297
4961 298
3734 299
4836 300
8351 301
8140 302
1559 303
7352 304
4466 305
4024 306
3749 307
11296 308
7532 309
8770 310
9335 311
8761 312
61 313
10492 314
2760 315
6612 316
10822 317
4613 318
8192 319
9650 320
4933 321
5411 322
2848 323
6762 324
7438 325
2538 326
2614 327
4513 328
3157 329
5888 330
9905 331
208 332
1291 333
1634 334
3916 335
6913 336
6638 337
7172 338
8726 339
10806 340
4562 341
8090 342
9209 343
9423 344
7069 345
4625 346
10558 347
3700 348
626 349
10268 350
6202 351
7691 352
8541 353
4334 354
7563 355
1960 356
10259 357
9496 358
5982 359
4360 360
5684 361
1095 362
9554 363
10362 364
6036 365
4121 366
635 367
1206 368
7405 369
5922 370
7950 371
3981 372
6006 373
301 374
10726 375
7304 376
3614 377
333 378
9487 379
10422 380
3001 381
5491 382
6437 383
7255 384
4760 385
4156 386
2293 387
1548 388
1298 389
11288 390
4078 391
5264 392
10701 393
1477 394
2794 395
3591 396
8238 397
3817 398
274 399
10589 400
11220 401
2649 402
2507 403
11179 404
6577 405
10024 406
4095 407
11492 408
8219 409
10052 410
8891 411
10657 412
3598 413
5224 414
4760 415
7438 416
4671 417
109 418
11341 419
5223 420
6808 421
2252 422
7569 423
11079 424
7128 425
1558 426
11421 427
11053 428
850 429
10771 430
9163 431
5946 432
5893 433
7777 434
11120 435
9803 436
10007 437
11236 438
4488 439
4772 440
8146 441
7810 442
9809 443
3634 444
11163 445
5526 446
7253 447
415 448
11064 449
7887 450
2238 451
9308 452
2194 453
11207 454
333 455
4396 456
5773 457
4275 458
5068 459
7766 460
829 461
9751 462
5333 463
11251 464
9673 465
8187 466
1154 467
2416 468
4532 469
8499 470
363 471
5935 472
7125 473
2684 474
1851 475
4557 476
5446 477
3399 478
6065 479
8297 480
1053 481
5808 482
7833 483
8487 484
10655 485
10602 486
9304 487
1661 488
2573 489
2972 490
2187 491
2569 492
1779 493
3875 494
8481 495
5045 496
3020 497
5 498
7166 499
9808 500
10488 501
6656 502
528 503
1029 504
9659 505
468 506
2096 507
9309 508
1497 509
6747 510
1017 511
10690 512
971 513
3756 514
8383 515
2580 516
4527 517
10709 518
3787 519
1605 520
11377 521
12 522
10365 523
619 524
11156 525
8959 526
11356 527
2627 528
5695 529
3498 530
8672 531
2476 532
8677 533
937 534
4957 535
3110 536
11052 537
315 538
8261 539
1268 540
10230 541
5074 542
3437 543
10154 544
2385 545
2775 546
3558 547
9296 548
3148 549
4916 550
8343 551
6103 552
1210 553
3008 554
7218 555
2244 556
6960 557
297 558
3999 559
1935 560
950 561
9842 562
4819 563
5378 564
5015 565
10104 566
2162 567
2074 568
5760 569
4203 570
9607 571
4502 572
8762 573
3894 574
9079 575
458 576
7823 577
6626 578
6663 579
4874 580
9049 581
9051 582
9618 583
3047 584
8383 585
5125 586
974 587
4067 588
7714 589
9911 590
3965 591
6259 592
10438 593
3423 594
8137 595
9119 596
1452 597
1970 598
7707 599
4793 600
3835 601
1492 602
5200 603
9358 604
10784 605
10752 606
5346 607
10420 608
4162 609
1943 610
3746 611
8218 612
1525 613
9734 614
9355 615
2199 616
260 617
7645 618
11011 619
7460 620
5808 621
6248 622
3044 623
854 624
7261 625
1817 626
490 627
9067 628
97 629
4764 630
5282 631
9305 632
4553 633
6857 634
5121 635
1833 636
8353 637
3873 638
2144 639
1409 640
9722 641
659 642
4602 643
4795 644
5011 645
3349 646
8681 647
9422 648
4693 649
3104 650
10576 651
7969 652
3548 653
1977 654
9771 655
1635 656
6946 657
7874 658
2285 659
6795 660
2179 661
1669 662
10729 663
2538 664
4737 665
10477 666
6123 667
3214 668
4773 669
7181 670
580 671
7087 672
4950 673
10038 674
1428 675
4781 676
10389 677
6073 678
3600 679
2596 680
7852 681
5541 682
2477 683
9027 684
1378 685
2444 686
9111 687
6526 688
74 689
7739 690
9366 691
10798 692
1364 693
10943 694
680 695
2751 696
997 697
1652 698
5009 699
9042 700
1674 701
1142 702
4098 703
2759 704
8964 705
4127 706
8182 707
7181 708
7908 709
8694 710
6390 711
584 712
8551 713
2377 714
1621 715
8263 716
2833 717
3747 718
1590 719
1966 720
4820 721
11158 722
1362 723
3797 724
2430 725
1249 726
5370 727
4031 728
8451 729
10310 730
8962 731
10377 732
8159 733
8103 734
6436 735
2348 736
8981 737
10544 738
2595 739
7365 740
1022 741
1438 742
9278 743
4664 744
4529 745
3246 746
7587 747
1760 748
9180 749
6788 750
5358 751
7869 752
2464 753
518 754
7891 755
5873 756
5406 757
1652 758
336 759
10074 760
3859 761
5330 762
2233 763
9963 764
8631 765
3270 766
8608 767
6343 768
8545 769
6842 770
10868 771
3244 772
1081 773
4435 774
8891 775
2886 776
4546 777
5403 778
4130 779
7649 780
6513 781
2309 782
10228 783
11245 784
7946 785
5007 786
9349 787
4047 788
2656 789
890 790
6440 791
152 792
4399 793
818 794
6807 795
1515 796
11107 797
1444 798
8624 799
8878 800
2827 801
6570 802
1038 803
9713 804
3540 805
11389 806
6077 807
233 808
3909 809
7444 810
6930 811
9173 812
7094 813
4938 814
2988 815
4527 816
7959 817
3965 818
2364 819
7106 820
3526 821
7215 822
3815 823
4999 824
11024 825
10855 826
2270 827
4740 828
8548 829
8906 830
7162 831
9067 832
515 833
6078 834
10131 835
6741 836
10308 837
2689 838
5184 839
1440 840
7638 841
3984 842
1025 843
5091 844
705 845
6227 846
10377 847
9943 848
56 849
4748 850
5911 851
6596 852
10768 853
6646 854
11141 855
1777 856
2108 857
570 858
2464 859
10208 860
1723 861
3541 862
4839 863
8718 864
2570 865
4075 866
1040 867
2050 868
1115 869
8137 870
2810 871
612 872
1475 873
2172 874
4441 875
2661 876
3598 877
11306 878
4679 879
7816 880
1979 881
4248 882
4094 883
3843 884
10681 885
1592 886
9732 887
11418 888
7884 889
7531 890
1010 891
394 892
10637 893
3288 894
1343 895
56 896
9838 897
3033 898
6774 899
652 900
681 901
11445 902
980 903
1182 904
8806 905
8107 906
4629 907
2999 908
1003 909
10275 910
1529 911
159 912
7172 913
6949 914
6588 915
5246 916
1141 917
4905 918
9820 919
6153 920
8186 921
7360 922
10969 923
1103 924
694 925
4837 926
564 927
2005 928
6318 929
4119 930
6679 931
10397 932
5464 933
5368 934
10437 935
4506 936
6265 937
4053 938
10420 939
9511 940
793 941
10172 942
2770 943
9428 944
7881 945
3138 946
9722 947
9751 948
3620 949
6045 950
10378 951
2080 952
8635 953
1440 954
1855 955
5502 956
8161 957
7238 958
10538 959
5581 960
6261 961
6204 962
9010 963
7585 964
3401 965
5460 966
8165 967
3421 968
5775 969
1633 970
7906 971
9599 972
8494 973
7754 974
8247 975
3142 976
8444 977
8203 978
10178 979
3065 980
6186 981
1247 982
3518 983
1274 984
10622 985
6493 986
997 987
3716 988
2673 989
8170 990
10781 991
6170 992
3263 993
9413 994
2071 995
7626 996
9926 997
10377 998
1389 999
4265 1000
10811 1001
6175 1002
10484 1003
6855 1004
6518 1005
6616 1006
7231 1007
10855 1008
7471 1009
4468 1010
10376 1011
9860 1012
2658 1013
2928 1014
7543 1015
11035 1016
8741 1017
11352 1018
11178 1019
4537 1020
7836 1021
8064 1022
576 1023
10009 1024
3356 1025
5028 1026
10277 1027
10447 1028
5611 1029
1243 1030
10456 1031
5109 1032
3375 1033
4931 1034
7928 1035
7950 1036
8131 1037
8454 1038
10849 1039
1194 1040
11251 1041
8311 1042
7905 1043
1395 1044
11114 1045
6206 1046
1439 1047
4214 1048
1011 1049
576 1050
6902 1051
8005 1052
6364 1053
4106 1054
10919 1055
10397 1056
4354 1057
9580 1058
10899 1059
8841 1060
9945 1061
10926 1062
10440 1063
8249 1064
3298 1065
7913 1066
3063 1067
3111 1068
3339 1069
3483 1070
3767 1071
10452 1072
8727 1073
10952 1074
10004 1075
5250 1076
4007 1077
1311 1078
4229 1079
7984 1080
4352 1081
7978 1082
6482 1083
7837 1084
3704 1085
10343 1086
7166 1087
6736 1088
723 1089
5012 1090
1321 1091
4007 1092
9039 1093
1640 1094
10209 1095
3865 1096
1582 1097
6329 1098
837 1099
9166 1100
10847 1101
1486 1102
3602 1103
11238 1104
3993 1105
4964 1106
2689 1107
6636 1108
3324 1109
289 1110
11054 1111
6426 1112
2847 1113
741 1114
697 1115
9592 1116
8979 1117
5187 1118
8749 1119
3114 1120
989 1121
5584 1122
6180 1123
8653 1124
6192 1125
914 1126
10490 1127
8479 1128
4762 1129
10082 1130
11037 1131
3710 1132
10192 1133
8705 1134
1994 1135
10814 1136
2857 1137
1072 1138
7513 1139
1886 1140
9872 1141
9472 1142
5595 1143
3685 1144
889 1145
1143 1146
492 1147
5877 1148
1483 1149
