1600 600
6366 0
9339 1
1562 2
4716 3
3657 4
1507 5
13310 6
5968 7
9117 8
4531 9
12312 10
4507 11
14004 12
1861 13
13228 14
6363 15
2324 16
4709 17
12469 18
13986 19
5581 20
11904 21
5599 22
5446 23
3058 24
15281 25
1419 26
1350 27
14656 28
15356 29
2102 30
12407 31
12605 32
4344 33
13381 34
4902 35
15747 36
11036 37
969 38
15965 39
10289 40
2542 41
14711 42
13213 43
11668 44
14742 45
4809 46
1972 47
9055 48
2676 49
8890 50
1823 51
4934 52
2659 53
2871 54
14171 55
9112 56
3288 57
12894 58
15284 59
8332 60
15990 61
7495 62
6702 63
15661 64
8946 65
4522 66
14616 67
1324 68
1345 69
2702 70
5179 71
19 72
12495 73
3662 74
1666 75
12045 76
15416 77
4522 78
3187 79
12830 80
6511 81
14684 82
6818 83
15600 84
3343 85
7182 86
6073 87
3947 88
8409 89
6905 90
1935 91
9358 92
5629 93
9988 94
7153 95
9012 96
5381 97
6134 98
10561 99
5932 100
7997 101
1572 102
4069 103
4870 104
12558 105
9821 106
3610 107
1162 108
10489 109
6236 110
14253 111
2308 112
10577 113
10586 114
4233 115
8153 116
1347 117
4006 118
5622 119
15880 120
13211 121
13666 122
1668 123
5394 124
7685 125
4096 126
14457 127
8072 128
2019 129
14138 130
8932 131
6751 132
11328 133
14624 134
4366 135
9987 136
2151 137
10246 138
12719 139
12715 140
7631 141
15491 142
12313 143
11889 144
3918 145
2303 146
13411 147
182 148
13511 149
14899 150
12632 151
10096 152
12410 153
7251 154
13562 155
6595 156
3955 157
7640 158
1469 159
1922 160
11348 161
5472 162
12754 163
3742 164
12793 165
4961 166
14840 167
5644 168
13212 169
13072 170
7150 171
6105 172
1422 173
6976 174
2317 175
14860 176
827 177
4966 178
10937 179
13970 180
2876 181
2092 182
3795 183
10662 184
15488 185
11449 186
7859 187
4151 188
12453 189
13843 190
1807 191
2811 192
15023 193
8279 194
15856 195
14263 196
12351 197
4656 198
11508 199
10659 200
11541 201
8214 202
11460 203
6343 204
1338 205
9270 206
9913 207
12532 208
11144 209
5983 210
15960 211
7149 212
9025 213
4682 214
14628 215
14279 216
14951 217
9763 218
4768 219
6590 220
1843 221
13895 222
8504 223
13999 224
10675 225
8439 226
403 227
11824 228
2168 229
4259 230
7139 231
728 232
4808 233
12605 234
5954 235
15531 236
9868 237
6187 238
8448 239
12330 240
44 241
2024 242
8822 243
15257 244
11838 245
3811 246
3038 247
8562 248
8993 249
9622 250
14991 251
8022 252
14491 253
13752 254
8495 255
3514 256
15411 257
9787 258
3165 259
1186 260
6192 261
7772 262
12183 263
814 264
10569 265
15089 266
14471 267
13327 268
11985 269
8093 270
607 271
6716 272
9428 273
6826 274
13457 275
11327 276
2266 277
1548 278
9911 279
6338 280
1308 281
739 282
6780 283
12333 284
6783 285
5759 286
11734 287
4828 288
7620 289
7779 290
9174 291
12652 292
10279 293
10364 294
7600 295
15145 296
14516 297
8812 298
13787 299
13869 300
4032 301
5238 302
9116 303
13399 304
9952 305
393 306
4501 307
11746 308
607 309
5697 310
10653 311
10000 312
9695 313
13973 314
15062 315
11037 316
11368 317
10071 318
4920 319
11848 320
5621 321
14455 322
6541 323
12181 324
7159 325
6367 326
10684 327
9945 328
4137 329
1542 330
9749 331
10379 332
13649 333
9305 334
10176 335
9648 336
8059 337
10414 338
5630 339
12904 340
11907 341
15323 342
11791 343
945 344
3857 345
4869 346
11266 347
6824 348
337 349
14676 350
1985 351
13550 352
634 353
1294 354
2873 355
14654 356
8039 357
4989 358
244 359
15741 360
4617 361
10780 362
2006 363
9759 364
11872 365
4967 366
9345 367
7583 368
14673 369
8731 370
100 371
9813 372
8376 373
11646 374
11666 375
9374 376
14194 377
1294 378
13304 379
15212 380
89 381
15662 382
3285 383
2784 384
757 385
6457 386
1083 387
9027 388
9439 389
9813 390
10560 391
2614 392
1790 393
1044 394
1542 395
1436 396
3189 397
8998 398
7976 399
1627 400
10574 401
894 402
10989 403
8481 404
367 405
10692 406
5286 407
1206 408
6631 409
14237 410
10551 411
14727 412
571 413
15385 414
13389 415
12811 416
407 417
6863 418
13204 419
7696 420
6523 421
8438 422
4793 423
793 424
6458 425
9073 426
2132 427
8995 428
15034 429
1945 430
14811 431
8534 432
15213 433
3368 434
15070 435
1700 436
10331 437
8086 438
11827 439
11244 440
5070 441
8157 442
15069 443
10618 444
6951 445
2528 446
10775 447
1428 448
1507 449
15277 450
4048 451
15325 452
11868 453
1032 454
13046 455
11304 456
4810 457
14732 458
13892 459
12022 460
10141 461
8424 462
7672 463
2819 464
11030 465
15583 466
10723 467
12771 468
15966 469
10808 470
8899 471
14688 472
4522 473
12821 474
1203 475
5501 476
9089 477
15849 478
3247 479
15992 480
1595 481
6621 482
9771 483
151 484
4531 485
226 486
15018 487
3737 488
15249 489
7898 490
11321 491
204 492
2026 493
12237 494
6448 495
2277 496
8985 497
7632 498
12262 499
4291 500
3731 501
3534 502
2225 503
181 504
11245 505
2972 506
189 507
9894 508
13354 509
4984 510
7364 511
7659 512
5571 513
5043 514
4164 515
15835 516
8007 517
1844 518
14264 519
13906 520
8689 521
2656 522
4205 523
7868 524
8535 525
2160 526
5052 527
6303 528
11039 529
3625 530
3623 531
14460 532
7919 533
3694 534
12082 535
10653 536
8766 537
5484 538
8791 539
9619 540
5129 541
1182 542
844 543
5004 544
5602 545
5286 546
12290 547
4376 548
3717 549
1566 550
13371 551
752 552
4421 553
4604 554
14814 555
846 556
2771 557
4147 558
8454 559
9757 560
7639 561
10808 562
12451 563
14711 564
12549 565
15109 566
8817 567
9319 568
4337 569
15448 570
10242 571
13077 572
6241 573
12668 574
6419 575
5658 576
4509 577
14369 578
12022 579
4360 580
15678 581
511 582
11319 583
14222 584
4337 585
2636 586
5178 587
9381 588
14196 589
7196 590
7613 591
14480 592
15697 593
13018 594
831 595
1823 596
5901 597
3293 598
3262 599
12059 600
12272 601
4206 602
6689 603
3649 604
8466 605
8061 606
1799 607
98 608
2297 609
15942 610
10907 611
15390 612
6778 613
14254 614
5496 615
4384 616
6130 617
14288 618
3581 619
2464 620
6120 621
13923 622
13581 623
12615 624
13262 625
6408 626
8131 627
2985 628
11153 629
6420 630
15758 631
8814 632
5606 633
1676 634
13803 635
11741 636
12574 637
4079 638
3833 639
3447 640
2907 641
13482 642
4170 643
4601 644
5434 645
15696 646
3497 647
5220 648
14121 649
7576 650
402 651
5616 652
10803 653
10963 654
6437 655
6604 656
12490 657
1260 658
12805 659
7756 660
10986 661
2515 662
3529 663
10510 664
12307 665
11355 666
12510 667
13715 668
15418 669
13299 670
12625 671
10663 672
4718 673
5634 674
15423 675
2035 676
12974 677
13276 678
11337 679
3657 680
15346 681
3335 682
15392 683
14977 684
4653 685
5460 686
10815 687
1258 688
4146 689
9109 690
6946 691
8794 692
1451 693
5026 694
12951 695
15960 696
14561 697
14557 698
9198 699
2598 700
198 701
10612 702
10137 703
12481 704
1619 705
8676 706
2928 707
2637 708
10367 709
1519 710
3887 711
6164 712
9839 713
6435 714
10784 715
1557 716
11729 717
13647 718
3874 719
10711 720
3160 721
914 722
8946 723
9403 724
12322 725
1663 726
11862 727
8072 728
2013 729
6006 730
1109 731
6710 732
14569 733
5239 734
2970 735
7571 736
2627 737
6626 738
13787 739
12949 740
14336 741
8920 742
5465 743
3675 744
5160 745
7272 746
6876 747
5243 748
8073 749
13028 750
3320 751
3933 752
5269 753
729 754
2235 755
13220 756
15687 757
713 758
7558 759
11743 760
2015 761
743 762
2390 763
10291 764
11086 765
620 766
8234 767
4380 768
9049 769
10368 770
14670 771
6044 772
10863 773
4186 774
5367 775
1866 776
7413 777
4514 778
5242 779
9679 780
9075 781
15037 782
9589 783
8609 784
11284 785
4507 786
4794 787
3230 788
5856 789
3179 790
344 791
5633 792
6822 793
1932 794
9700 795
15920 796
8556 797
3512 798
5696 799
978 800
13176 801
2412 802
11532 803
2367 804
7848 805
15650 806
9799 807
2475 808
6774 809
9841 810
12408 811
11453 812
6132 813
856 814
10357 815
13136 816
13561 817
2752 818
8287 819
8873 820
5176 821
6156 822
2101 823
11824 824
14577 825
13867 826
11221 827
15596 828
2358 829
3249 830
2625 831
12684 832
6727 833
2614 834
951 835
463 836
11204 837
1382 838
1569 839
2549 840
2836 841
3547 842
12708 843
92 844
8967 845
6182 846
10594 847
1666 848
1665 849
9592 850
6542 851
8557 852
13290 853
7768 854
6952 855
10886 856
11448 857
5672 858
11812 859
12698 860
12800 861
9266 862
13523 863
11681 864
2590 865
683 866
4340 867
1487 868
8948 869
10987 870
8971 871
413 872
15883 873
3772 874
7152 875
11593 876
10784 877
8961 878
1426 879
7272 880
7071 881
6103 882
7588 883
7906 884
12191 885
2792 886
712 887
9839 888
13575 889
8643 890
3989 891
9004 892
6969 893
14105 894
1828 895
2649 896
5931 897
4423 898
10982 899
596 900
6004 901
11697 902
14613 903
2057 904
13926 905
10171 906
15731 907
7222 908
12477 909
12728 910
4749 911
9037 912
15470 913
15385 914
594 915
6608 916
2429 917
10910 918
348 919
4566 920
10354 921
12021 922
936 923
13242 924
6815 925
12446 926
1434 927
10227 928
3238 929
1130 930
1889 931
13038 932
14973 933
8795 934
7204 935
12730 936
1175 937
13594 938
9194 939
15896 940
11022 941
9266 942
12041 943
8850 944
11995 945
6412 946
788 947
11140 948
3843 949
6125 950
8510 951
1565 952
944 953
3020 954
8871 955
2771 956
9974 957
5811 958
13015 959
13416 960
7519 961
6214 962
11005 963
14702 964
11885 965
8496 966
8894 967
6773 968
1669 969
13939 970
12690 971
5557 972
13214 973
12376 974
14337 975
15908 976
14705 977
133 978
3815 979
2185 980
12710 981
8948 982
15194 983
3468 984
4648 985
8174 986
10630 987
4940 988
646 989
3447 990
12206 991
3789 992
10688 993
1514 994
14802 995
6411 996
11829 997
9689 998
6365 999
7406 1000
11193 1001
3290 1002
11534 1003
14664 1004
12553 1005
15150 1006
12363 1007
8173 1008
11058 1009
11739 1010
11953 1011
9148 1012
2973 1013
15839 1014
14010 1015
5702 1016
9274 1017
11710 1018
2592 1019
4907 1020
12497 1021
2573 1022
7841 1023
12258 1024
3211 1025
9069 1026
8470 1027
5083 1028
10305 1029
1888 1030
14513 1031
8232 1032
5836 1033
15059 1034
12366 1035
12430 1036
9893 1037
6837 1038
884 1039
5845 1040
4279 1041
2343 1042
94 1043
9927 1044
10717 1045
5227 1046
6485 1047
3298 1048
8456 1049
10540 1050
5636 1051
9462 1052
12135 1053
3284 1054
7416 1055
5261 1056
15808 1057
751 1058
14846 1059
13083 1060
15287 1061
12747 1062
10070 1063
10974 1064
14692 1065
6539 1066
2246 1067
7051 1068
4694 1069
13764 1070
5750 1071
9268 1072
11287 1073
4104 1074
596 1075
2309 1076
8993 1077
6342 1078
457 1079
12610 1080
500 1081
1012 1082
1155 1083
1567 1084
3057 1085
9384 1086
5524 1087
3019 1088
8122 1089
6442 1090
15327 1091
4107 1092
7103 1093
7 1094
725 1095
7788 1096
11453 1097
3714 1098
9121 1099
11370 1100
2080 1101
2360 1102
7199 1103
4848 1104
10284 1105
8581 1106
8039 1107
10962 1108
75 1109
12036 1110
2433 1111
1163 1112
876 1113
10484 1114
13991 1115
10334 1116
11069 1117
15510 1118
9473 1119
13881 1120
6910 1121
10228 1122
13646 1123
9630 1124
13231 1125
5638 1126
5220 1127
4632 1128
14735 1129
4582 1130
12842 1131
6352 1132
10939 1133
8263 1134
4859 1135
15830 1136
14945 1137
6935 1138
10863 1139
8429 1140
4118 1141
14724 1142
3370 1143
15556 1144
4708 1145
14759 1146
15067 1147
2308 1148
1701 1149
10351 1150
3186 1151
668 1152
12985 1153
6823 1154
9733 1155
4213 1156
3885 1157
9186 1158
7475 1159
6359 1160
10940 1161
7041 1162
3844 1163
625 1164
8820 1165
1318 1166
607 1167
5329 1168
11047 1169
7168 1170
10897 1171
11676 1172
10579 1173
9438 1174
3215 1175
11952 1176
2414 1177
13348 1178
14469 1179
57 1180
12349 1181
12254 1182
9897 1183
9730 1184
12820 1185
1595 1186
11338 1187
12611 1188
2182 1189
14256 1190
3072 1191
5515 1192
11694 1193
5564 1194
14969 1195
679 1196
11768 1197
5057 1198
7801 1199
13044 1200
8525 1201
6979 1202
1612 1203
1189 1204
8517 1205
13289 1206
1359 1207
12863 1208
6931 1209
6574 1210
12500 1211
3660 1212
923 1213
1876 1214
7153 1215
2161 1216
8307 1217
7462 1218
14814 1219
4395 1220
8980 1221
11457 1222
5160 1223
10772 1224
15994 1225
13736 1226
7627 1227
13286 1228
6569 1229
14300 1230
1188 1231
1887 1232
14800 1233
15303 1234
8143 1235
2393 1236
14501 1237
14716 1238
9634 1239
5831 1240
10838 1241
1956 1242
2048 1243
1478 1244
8303 1245
12546 1246
2561 1247
4353 1248
9433 1249
177 1250
142 1251
2612 1252
5481 1253
10379 1254
6227 1255
2871 1256
309 1257
2867 1258
2743 1259
14302 1260
1788 1261
12160 1262
8287 1263
753 1264
15475 1265
1331 1266
12321 1267
4170 1268
15429 1269
10756 1270
1948 1271
7767 1272
9009 1273
1936 1274
14229 1275
5729 1276
15823 1277
1696 1278
8069 1279
14578 1280
8292 1281
15519 1282
12258 1283
13545 1284
7841 1285
8268 1286
1733 1287
12432 1288
980 1289
4906 1290
5044 1291
13000 1292
5335 1293
4771 1294
14366 1295
14147 1296
11360 1297
695 1298
13826 1299
324 1300
1302 1301
6451 1302
9434 1303
15864 1304
969 1305
9113 1306
13404 1307
4763 1308
10650 1309
12634 1310
13318 1311
3864 1312
698 1313
3258 1314
6273 1315
458 1316
1642 1317
1503 1318
8551 1319
13964 1320
3916 1321
14915 1322
13820 1323
12483 1324
11987 1325
4952 1326
4942 1327
9470 1328
10467 1329
13399 1330
11002 1331
2740 1332
12616 1333
15784 1334
1775 1335
5539 1336
6391 1337
14179 1338
15613 1339
15935 1340
15487 1341
8715 1342
15975 1343
13700 1344
14915 1345
7775 1346
3366 1347
8750 1348
14713 1349
609 1350
11197 1351
4941 1352
1226 1353
11018 1354
2942 1355
15414 1356
4292 1357
8372 1358
4761 1359
9399 1360
13042 1361
4428 1362
3101 1363
4244 1364
7225 1365
3147 1366
10509 1367
15297 1368
12171 1369
14401 1370
15171 1371
3110 1372
2484 1373
15868 1374
15992 1375
28 1376
1625 1377
14528 1378
14148 1379
6673 1380
5690 1381
9154 1382
9025 1383
10022 1384
2979 1385
776 1386
9220 1387
15102 1388
2153 1389
5385 1390
15231 1391
10170 1392
12697 1393
10780 1394
6250 1395
5420 1396
3411 1397
8599 1398
10187 1399
11707 1400
2809 1401
3441 1402
945 1403
11375 1404
9503 1405
11294 1406
13322 1407
5192 1408
6454 1409
9708 1410
13349 1411
7589 1412
6003 1413
9017 1414
948 1415
6724 1416
11558 1417
15260 1418
15597 1419
8912 1420
8654 1421
11772 1422
12938 1423
7792 1424
14197 1425
15287 1426
7558 1427
2602 1428
13748 1429
3595 1430
12452 1431
9792 1432
8884 1433
3669 1434
6812 1435
12766 1436
12060 1437
2568 1438
6737 1439
11100 1440
15450 1441
2624 1442
12714 1443
5918 1444
4099 1445
3391 1446
5589 1447
11835 1448
9017 1449
3650 1450
9189 1451
6788 1452
11226 1453
93 1454
13225 1455
4093 1456
5376 1457
7763 1458
14618 1459
13926 1460
5409 1461
2936 1462
8915 1463
2575 1464
15084 1465
11806 1466
3254 1467
6678 1468
7517 1469
5860 1470
15721 1471
9767 1472
490 1473
4785 1474
2422 1475
8479 1476
13132 1477
2184 1478
4065 1479
11425 1480
224 1481
3869 1482
3251 1483
15674 1484
9676 1485
14380 1486
10185 1487
12244 1488
8330 1489
9120 1490
8140 1491
10168 1492
3043 1493
1399 1494
13904 1495
7510 1496
15749 1497
7779 1498
10198 1499
2309 1500
5679 1501
663 1502
10763 1503
9099 1504
15323 1505
1532 1506
13644 1507
253 1508
4803 1509
2178 1510
9667 1511
9413 1512
9046 1513
9145 1514
8302 1515
10004 1516
8526 1517
2598 1518
14609 1519
6793 1520
12469 1521
2522 1522
14202 1523
12432 1524
11963 1525
10268 1526
8411 1527
11427 1528
14954 1529
8340 1530
14579 1531
13116 1532
12438 1533
15638 1534
10165 1535
4370 1536
8078 1537
3250 1538
13743 1539
4109 1540
7880 1541
1762 1542
11633 1543
15714 1544
6611 1545
9047 1546
11925 1547
13241 1548
5369 1549
6808 1550
12924 1551
7496 1552
2397 1553
6076 1554
12171 1555
1563 1556
8095 1557
6305 1558
171 1559
1973 1560
2861 1561
15937 1562
12913 1563
5563 1564
2280 1565
11021 1566
1568 1567
12521 1568
12389 1569
6361 1570
10641 1571
9373 1572
15749 1573
204 1574
14849 1575
6546 1576
3889 1577
14432 1578
3306 1579
5253 1580
15419 1581
5213 1582
14293 1583
7893 1584
3128 1585
1085 1586
10505 1587
8771 1588
1374 1589
5636 1590
10517 1591
15638 1592
4154 1593
12962 1594
11711 1595
556 1596
12838 1597
7209 1598
13261 1599
