1650 1200
10543 0
15703 1
12148 2
14300 3
7819 4
2838 5
2317 6
15786 7
2180 8
1559 9
9184 10
7270 11
11513 12
2476 13
13326 14
1233 15
7693 16
11364 17
13184 18
14714 19
15202 20
5869 21
11319 22
4975 23
1085 24
12054 25
1726 26
10426 27
8772 28
5592 29
11116 30
8805 31
15418 32
11181 33
3122 34
1571 35
2092 36
15275 37
5937 38
6082 39
10809 40
3333 41
1988 42
15955 43
6477 44
5859 45
4662 46
8235 47
12173 48
11603 49
16453 50
7106 51
3857 52
13013 53
15531 54
7522 55
2761 56
2110 57
11584 58
8142 59
8028 60
5041 61
3797 62
2045 63
4528 64
4085 65
11890 66
8582 67
1722 68
13649 69
2860 70
10322 71
6896 72
2247 73
10676 74
11198 75
13222 76
15714 77
14962 78
9679 79
11426 80
10118 81
3207 82
16012 83
10336 84
9860 85
7313 86
14818 87
3878 88
1406 89
8428 90
1058 91
12022 92
8854 93
13748 94
16495 95
6784 96
12329 97
14295 98
6460 99
4368 100
2159 101
8808 102
7052 103
14813 104
4537 105
8752 106
4381 107
515 108
14011 109
5686 110
4348 111
7298 112
15212 113
16080 114
7492 115
7857 116
627 117
12052 118
5556 119
11844 120
16397 121
330 122
3640 123
728 124
7541 125
11671 126
5915 127
6477 128
11842 129
5959 130
4152 131
9808 132
12686 133
9216 134
7915 135
7249 136
957 137
2772 138
15470 139
3158 140
8870 141
5912 142
5310 143
9121 144
2476 145
592 146
10909 147
3956 148
7623 149
4138 150
9972 151
14376 152
3879 153
10117 154
13356 155
6205 156
5019 157
13767 158
14042 159
7935 160
6713 161
2742 162
11024 163
8846 164
8950 165
13359 166
9294 167
3452 168
2078 169
5476 170
4374 171
3294 172
3619 173
16339 174
1295 175
12912 176
9477 177
13317 178
929 179
1159 180
6104 181
10495 182
265 183
12564 184
1996 185
1681 186
7060 187
4933 188
3150 189
8459 190
6114 191
8558 192
365 193
1838 194
10419 195
11106 196
2209 197
2371 198
3422 199
11755 200
1337 201
1907 202
1654 203
2066 204
1293 205
13371 206
12499 207
5181 208
1097 209
1932 210
1746 211
995 212
11975 213
10469 214
5365 215
6047 216
12650 217
10189 218
1286 219
9065 220
15237 221
3270 222
10222 223
11988 224
15240 225
2806 226
11735 227
15823 228
5750 229
16425 230
14986 231
11499 232
3143 233
3893 234
1348 235
11034 236
8628 237
11081 238
15205 239
12358 240
9530 241
9728 242
15767 243
5909 244
16374 245
8351 246
2971 247
11121 248
8841 249
1027 250
3282 251
3092 252
1002 253
14258 254
13097 255
3297 256
7648 257
3459 258
1396 259
3099 260
16330 261
15181 262
576 263
11856 264
1097 265
7711 266
2078 267
8406 268
4558 269
2635 270
8888 271
4217 272
4280 273
94 274
1660 275
6518 276
11914 277
3957 278
865 279
6841 280
4752 281
11288 282
2653 283
4486 284
11823 285
14216 286
3145 287
13736 288
13466 289
3596 290
15769 291
12243 292
1652 293
8656 294
13828 295
11883 296
3646 297
672 298
11095 299
2371 300
12546 301
9187 302
16431 303
4226 304
12632 305
11229 306
5639 307
3339 308
4168 309
9678 310
5151 311
11446 312
15073 313
16055 314
10863 315
2889 316
9548 317
3002 318
13290 319
2503 320
5054 321
9005 322
10305 323
6749 324
9137 325
10352 326
15260 327
11862 328
12544 329
8740 330
11121 331
8925 332
887 333
6320 334
6820 335
9160 336
15595 337
2786 338
4461 339
8975 340
2708 341
13140 342
15204 343
14699 344
15914 345
1879 346
8818 347
10766 348
4063 349
16358 350
12765 351
8212 352
4578 353
2091 354
4941 355
4177 356
13282 357
14997 358
16196 359
5117 360
6406 361
8048 362
2858 363
10465 364
8471 365
15326 366
3884 367
6366 368
14153 369
2891 370
11471 371
14647 372
14114 373
2526 374
13180 375
11053 376
859 377
3349 378
3810 379
8637 380
11858 381
12797 382
2138 383
2279 384
5580 385
4854 386
15846 387
11259 388
4320 389
4325 390
13804 391
9333 392
2225 393
6031 394
12999 395
6600 396
13238 397
3077 398
8453 399
13492 400
4544 401
6048 402
3877 403
13541 404
16479 405
13893 406
2294 407
1271 408
12236 409
14870 410
12958 411
10535 412
3763 413
2178 414
13052 415
16019 416
4789 417
11199 418
4253 419
12157 420
10133 421
8094 422
4544 423
13786 424
14265 425
4620 426
15383 427
3214 428
9195 429
650 430
2165 431
3868 432
14623 433
8650 434
6438 435
7725 436
3297 437
8600 438
9894 439
4753 440
15724 441
8055 442
2967 443
9171 444
16172 445
14568 446
16455 447
13894 448
6837 449
8152 450
3441 451
8796 452
8763 453
2980 454
3047 455
218 456
2191 457
11495 458
12802 459
10212 460
13603 461
4668 462
6862 463
10789 464
6115 465
3893 466
7672 467
16375 468
2338 469
4759 470
14525 471
16359 472
11427 473
13242 474
2572 475
11189 476
16002 477
1384 478
11511 479
8304 480
11117 481
1122 482
13243 483
5615 484
5645 485
161 486
10365 487
16154 488
2724 489
4802 490
6170 491
15322 492
114 493
8986 494
7204 495
1214 496
11458 497
2750 498
4110 499
13775 500
12461 501
4257 502
11195 503
4280 504
15678 505
3612 506
6895 507
9643 508
6212 509
5560 510
146 511
9971 512
1035 513
10021 514
2542 515
9206 516
14232 517
9467 518
11235 519
14530 520
16315 521
11814 522
15415 523
6312 524
13593 525
4943 526
10127 527
14442 528
14737 529
4735 530
10005 531
16158 532
3395 533
9306 534
7959 535
1132 536
11228 537
14074 538
3048 539
3603 540
11956 541
7579 542
12482 543
6870 544
14817 545
8695 546
4927 547
10510 548
12252 549
1748 550
4264 551
4172 552
14672 553
4860 554
11996 555
14025 556
6627 557
7330 558
8599 559
13530 560
5017 561
13814 562
2122 563
5909 564
2024 565
364 566
5369 567
14093 568
9572 569
15943 570
11331 571
7216 572
6174 573
16135 574
14754 575
6237 576
632 577
1440 578
10250 579
7094 580
15118 581
15294 582
13383 583
12546 584
3492 585
5883 586
10180 587
13472 588
16118 589
2916 590
14346 591
13820 592
8315 593
1701 594
9613 595
14229 596
6867 597
2835 598
12982 599
10865 600
12788 601
15209 602
12479 603
8342 604
177 605
13447 606
15624 607
6274 608
7085 609
10663 610
1156 611
3857 612
15964 613
4608 614
186 615
3430 616
9939 617
4306 618
4443 619
10418 620
15078 621
10860 622
5047 623
7160 624
10413 625
547 626
1582 627
15541 628
15476 629
5438 630
7834 631
5206 632
15019 633
764 634
12199 635
9755 636
11155 637
14804 638
13892 639
14101 640
3272 641
6358 642
3712 643
14847 644
1465 645
168 646
5369 647
13238 648
1795 649
12631 650
8383 651
1318 652
11024 653
766 654
3971 655
9089 656
11571 657
11396 658
11787 659
10488 660
6879 661
10380 662
14240 663
12239 664
869 665
9717 666
12359 667
11257 668
4955 669
8273 670
792 671
8240 672
1928 673
3991 674
15434 675
16398 676
6657 677
539 678
13331 679
2784 680
7740 681
4576 682
12017 683
10015 684
10833 685
5527 686
13479 687
9567 688
15403 689
10067 690
10414 691
10163 692
6697 693
5294 694
11934 695
14766 696
6695 697
8689 698
1107 699
9387 700
1855 701
3445 702
2554 703
5425 704
3872 705
2626 706
13155 707
11094 708
10680 709
3662 710
12967 711
9161 712
9304 713
591 714
8350 715
3649 716
1628 717
6629 718
11707 719
6522 720
11670 721
2841 722
1715 723
7099 724
12609 725
10591 726
8478 727
5594 728
8625 729
1473 730
10358 731
14527 732
3131 733
8390 734
10910 735
13803 736
3370 737
2240 738
7601 739
1957 740
13946 741
6182 742
9002 743
13562 744
507 745
13070 746
11850 747
3758 748
9590 749
14495 750
4910 751
2384 752
16171 753
4149 754
9501 755
13195 756
11973 757
921 758
12336 759
7247 760
7694 761
1641 762
13951 763
15283 764
736 765
9487 766
9824 767
4953 768
11688 769
14230 770
3647 771
13340 772
14281 773
7320 774
3398 775
10912 776
533 777
8539 778
16014 779
14784 780
8607 781
8074 782
15051 783
10574 784
15453 785
13120 786
9589 787
877 788
2281 789
8827 790
3944 791
16430 792
10118 793
2534 794
8053 795
14999 796
2610 797
15341 798
15180 799
1828 800
5856 801
8474 802
9976 803
12361 804
4339 805
1159 806
4268 807
8100 808
13231 809
2479 810
11096 811
9765 812
14288 813
10804 814
5218 815
2018 816
13290 817
10158 818
1558 819
14031 820
8483 821
10999 822
792 823
365 824
14039 825
16145 826
10491 827
1965 828
13422 829
11254 830
13447 831
8984 832
6476 833
2000 834
12043 835
4783 836
10631 837
14444 838
11964 839
16184 840
8497 841
6060 842
3837 843
14595 844
9870 845
1893 846
6445 847
9099 848
14295 849
8746 850
14391 851
4886 852
6637 853
11759 854
8493 855
3944 856
3159 857
5275 858
12160 859
10179 860
15397 861
8178 862
8760 863
3539 864
1934 865
2348 866
15460 867
4239 868
12955 869
2776 870
2941 871
1372 872
15151 873
12495 874
7057 875
15023 876
1828 877
12771 878
15042 879
15155 880
8464 881
11243 882
2395 883
2575 884
16339 885
15768 886
13222 887
11315 888
4938 889
1387 890
9904 891
1553 892
9539 893
9281 894
11068 895
1831 896
99 897
11832 898
8266 899
4644 900
7474 901
14895 902
7719 903
13563 904
12561 905
8453 906
7237 907
156 908
10788 909
9672 910
9708 911
9467 912
3279 913
8779 914
7032 915
15498 916
8431 917
1125 918
6422 919
14208 920
5109 921
16027 922
2768 923
15134 924
3577 925
11407 926
15729 927
7477 928
13566 929
15112 930
14237 931
4600 932
4244 933
7880 934
16002 935
655 936
4066 937
8306 938
5545 939
12673 940
1999 941
6341 942
6779 943
8983 944
6042 945
14755 946
11581 947
1138 948
11486 949
1743 950
438 951
13062 952
7223 953
9710 954
2270 955
15951 956
16456 957
9086 958
1982 959
13197 960
13355 961
7762 962
4202 963
4931 964
14199 965
4637 966
10412 967
5052 968
1392 969
13608 970
15732 971
11592 972
4956 973
3927 974
1934 975
1434 976
13888 977
13565 978
4627 979
13681 980
8274 981
3010 982
4506 983
9843 984
12280 985
7629 986
10935 987
10072 988
13297 989
12485 990
16268 991
1405 992
11208 993
3176 994
2967 995
5545 996
14098 997
13739 998
11747 999
2750 1000
6995 1001
10135 1002
317 1003
5679 1004
4395 1005
15268 1006
1775 1007
10362 1008
14730 1009
7792 1010
11437 1011
15325 1012
2798 1013
11758 1014
4358 1015
12422 1016
8666 1017
2418 1018
12806 1019
4542 1020
12527 1021
9801 1022
12938 1023
2067 1024
16493 1025
5510 1026
7922 1027
15839 1028
14194 1029
11196 1030
4442 1031
11851 1032
16475 1033
5654 1034
11239 1035
3619 1036
3677 1037
13336 1038
5265 1039
12347 1040
15851 1041
6513 1042
16009 1043
9433 1044
2660 1045
4740 1046
2581 1047
6622 1048
11319 1049
8297 1050
6556 1051
7150 1052
1272 1053
7293 1054
5407 1055
1866 1056
14608 1057
8360 1058
13541 1059
10707 1060
11546 1061
13861 1062
6075 1063
15003 1064
15585 1065
667 1066
8682 1067
344 1068
11203 1069
3346 1070
11202 1071
9309 1072
6372 1073
1080 1074
10899 1075
771 1076
5457 1077
10409 1078
14254 1079
5453 1080
11731 1081
12139 1082
1221 1083
2333 1084
11796 1085
8831 1086
6722 1087
13597 1088
9432 1089
5247 1090
12306 1091
2345 1092
7136 1093
13262 1094
8716 1095
13947 1096
2402 1097
4873 1098
7011 1099
10201 1100
9785 1101
8857 1102
12203 1103
10601 1104
1145 1105
957 1106
11680 1107
4239 1108
8531 1109
16331 1110
530 1111
3812 1112
14668 1113
9646 1114
5955 1115
14810 1116
3965 1117
13720 1118
13075 1119
8258 1120
7064 1121
10273 1122
1581 1123
5851 1124
4187 1125
12112 1126
7616 1127
7265 1128
15249 1129
15473 1130
4711 1131
888 1132
10821 1133
15388 1134
913 1135
2138 1136
7413 1137
5502 1138
5311 1139
762 1140
11583 1141
3645 1142
5422 1143
16294 1144
15365 1145
15212 1146
16140 1147
16092 1148
4435 1149
6423 1150
3647 1151
5070 1152
6247 1153
16288 1154
3120 1155
6737 1156
4447 1157
561 1158
5589 1159
4608 1160
1030 1161
6266 1162
12614 1163
13682 1164
836 1165
9816 1166
15048 1167
12174 1168
4759 1169
16282 1170
10305 1171
11132 1172
10900 1173
9594 1174
8183 1175
6521 1176
11446 1177
14971 1178
15613 1179
952 1180
14472 1181
16429 1182
5680 1183
11390 1184
2561 1185
9137 1186
642 1187
5798 1188
1048 1189
11646 1190
7119 1191
13677 1192
2467 1193
2575 1194
6995 1195
10593 1196
6542 1197
4024 1198
10872 1199
8466 1200
6861 1201
13346 1202
8350 1203
4285 1204
14762 1205
11890 1206
1012 1207
5586 1208
888 1209
13777 1210
12956 1211
13608 1212
15543 1213
10183 1214
11498 1215
291 1216
98 1217
15483 1218
7662 1219
10685 1220
10037 1221
9000 1222
2924 1223
2014 1224
13055 1225
13303 1226
13868 1227
8624 1228
540 1229
15981 1230
15868 1231
4192 1232
10741 1233
10722 1234
14428 1235
7368 1236
1698 1237
15882 1238
15953 1239
170 1240
11426 1241
12074 1242
11381 1243
6244 1244
7563 1245
7237 1246
3883 1247
6041 1248
2412 1249
2468 1250
10240 1251
15392 1252
5558 1253
7920 1254
1416 1255
15550 1256
5724 1257
14199 1258
7428 1259
16430 1260
8296 1261
811 1262
15368 1263
16425 1264
14054 1265
1230 1266
15241 1267
11005 1268
7739 1269
11096 1270
11231 1271
1289 1272
203 1273
11486 1274
13062 1275
6811 1276
1108 1277
14681 1278
11541 1279
11333 1280
3711 1281
7280 1282
15345 1283
15928 1284
2099 1285
15454 1286
1913 1287
1731 1288
13793 1289
6655 1290
2709 1291
6446 1292
2431 1293
7855 1294
15178 1295
2071 1296
594 1297
4002 1298
10332 1299
5190 1300
6444 1301
16143 1302
6199 1303
10189 1304
5417 1305
14752 1306
1896 1307
10453 1308
11800 1309
13667 1310
1608 1311
9960 1312
14444 1313
9742 1314
15850 1315
12368 1316
7673 1317
13123 1318
15412 1319
15288 1320
2655 1321
5794 1322
15881 1323
690 1324
15522 1325
12172 1326
1996 1327
5769 1328
12598 1329
5683 1330
8845 1331
4227 1332
6582 1333
8902 1334
12316 1335
5120 1336
13781 1337
9146 1338
7010 1339
9637 1340
3437 1341
15184 1342
1684 1343
291 1344
1822 1345
11549 1346
3646 1347
14762 1348
11897 1349
648 1350
13860 1351
11869 1352
6465 1353
5044 1354
1168 1355
16181 1356
11493 1357
6406 1358
14406 1359
1288 1360
14165 1361
4813 1362
9678 1363
8345 1364
15879 1365
2360 1366
4763 1367
8234 1368
12581 1369
7867 1370
6180 1371
14696 1372
10024 1373
2165 1374
14926 1375
13788 1376
8033 1377
578 1378
4858 1379
7461 1380
12133 1381
2419 1382
4839 1383
15948 1384
11812 1385
9870 1386
729 1387
15344 1388
7941 1389
6753 1390
13213 1391
5662 1392
12024 1393
7262 1394
11714 1395
2215 1396
4465 1397
9548 1398
4410 1399
15515 1400
178 1401
8770 1402
8406 1403
12170 1404
5734 1405
12793 1406
2388 1407
5228 1408
5089 1409
9732 1410
1450 1411
1110 1412
7236 1413
643 1414
12737 1415
736 1416
4100 1417
8526 1418
5494 1419
14619 1420
1903 1421
11957 1422
7253 1423
5818 1424
3868 1425
4877 1426
4164 1427
12423 1428
426 1429
6240 1430
4870 1431
284 1432
5973 1433
9908 1434
15621 1435
3448 1436
14635 1437
15681 1438
6266 1439
3163 1440
9639 1441
7286 1442
14240 1443
13825 1444
2429 1445
4793 1446
10251 1447
2657 1448
3065 1449
15401 1450
13371 1451
8336 1452
10906 1453
3821 1454
1447 1455
6260 1456
7071 1457
8412 1458
8975 1459
11990 1460
13287 1461
9367 1462
14652 1463
4232 1464
12475 1465
9586 1466
14311 1467
1129 1468
962 1469
636 1470
7842 1471
1005 1472
5466 1473
5192 1474
7952 1475
9629 1476
7809 1477
9604 1478
14094 1479
354 1480
9918 1481
1340 1482
5320 1483
15433 1484
1972 1485
15598 1486
4403 1487
10884 1488
6096 1489
9355 1490
6022 1491
10749 1492
4127 1493
3610 1494
10232 1495
1540 1496
16267 1497
15155 1498
3030 1499
4820 1500
7728 1501
5672 1502
2573 1503
13788 1504
862 1505
8435 1506
13356 1507
14347 1508
13341 1509
12658 1510
1545 1511
1366 1512
8597 1513
1210 1514
6287 1515
12877 1516
5321 1517
1503 1518
1124 1519
3748 1520
1433 1521
4100 1522
16064 1523
7927 1524
1453 1525
11653 1526
13180 1527
7654 1528
14905 1529
12132 1530
5273 1531
14525 1532
3110 1533
13450 1534
15861 1535
6805 1536
13477 1537
11377 1538
41 1539
2930 1540
11458 1541
13923 1542
6726 1543
8541 1544
658 1545
12058 1546
2714 1547
8716 1548
9513 1549
11342 1550
6243 1551
13034 1552
7183 1553
1243 1554
8252 1555
6631 1556
4587 1557
8943 1558
1675 1559
16165 1560
9057 1561
14339 1562
10046 1563
3881 1564
11793 1565
430 1566
9074 1567
11522 1568
8795 1569
6722 1570
6647 1571
6583 1572
4482 1573
12937 1574
871 1575
13829 1576
7154 1577
324 1578
10578 1579
2118 1580
13579 1581
8695 1582
14028 1583
2599 1584
8528 1585
3684 1586
13458 1587
6469 1588
15520 1589
14980 1590
15835 1591
15897 1592
2175 1593
3106 1594
13957 1595
7337 1596
3931 1597
2977 1598
2345 1599
2566 1600
12856 1601
13145 1602
3247 1603
9719 1604
10126 1605
3391 1606
14415 1607
4234 1608
424 1609
1413 1610
14907 1611
8242 1612
2201 1613
8738 1614
3356 1615
9886 1616
6574 1617
3871 1618
6670 1619
4698 1620
6877 1621
542 1622
15085 1623
7305 1624
10375 1625
13203 1626
7940 1627
414 1628
14702 1629
4733 1630
13218 1631
7080 1632
6317 1633
4373 1634
4002 1635
2662 1636
8083 1637
3141 1638
14588 1639
12315 1640
5790 1641
11643 1642
4484 1643
8989 1644
13685 1645
4536 1646
5359 1647
11798 1648
5476 1649
