1000 1400
7487 0
9749 1
1089 2
5888 3
2587 4
3866 5
1133 6
3499 7
5562 8
6161 9
8893 10
3940 11
4270 12
5091 13
8606 14
6553 15
6495 16
9427 17
4850 18
8008 19
6379 20
7665 21
2207 22
6 23
6035 24
5054 25
4021 26
5500 27
6495 28
9172 29
5933 30
9031 31
6020 32
4454 33
7403 34
373 35
4676 36
310 37
9266 38
2033 39
95 40
6244 41
3881 42
4012 43
1218 44
7017 45
9417 46
1350 47
6787 48
6382 49
977 50
4842 51
4835 52
3803 53
9238 54
9522 55
6136 56
1927 57
9845 58
8165 59
594 60
1494 61
4913 62
7229 63
3174 64
1491 65
5944 66
538 67
4284 68
2008 69
5923 70
1714 71
6889 72
3426 73
6071 74
8211 75
1765 76
5588 77
2116 78
1807 79
2480 80
8841 81
6214 82
3318 83
506 84
2691 85
3887 86
3502 87
2538 88
6252 89
5651 90
4564 91
1163 92
8192 93
4124 94
184 95
8664 96
4697 97
7138 98
7833 99
1528 100
1365 101
5570 102
4745 103
9062 104
131 105
4396 106
7834 107
672 108
1133 109
6545 110
1334 111
6555 112
9957 113
4065 114
7699 115
122 116
9903 117
7813 118
3430 119
9890 120
7732 121
8707 122
7915 123
3117 124
7703 125
7859 126
7880 127
7711 128
8086 129
8258 130
6519 131
6914 132
2479 133
1592 134
8522 135
5286 136
3965 137
9818 138
8036 139
7067 140
3979 141
5117 142
5690 143
3912 144
8793 145
9614 146
7954 147
8754 148
8880 149
8159 150
2557 151
8181 152
7145 153
5748 154
7492 155
1588 156
8192 157
8894 158
6139 159
8586 160
8947 161
8156 162
7735 163
8002 164
2141 165
5726 166
7279 167
5252 168
76 169
6162 170
4709 171
6764 172
4487 173
4234 174
1179 175
8733 176
6810 177
8556 178
4724 179
9738 180
7165 181
9228 182
195 183
2190 184
4750 185
1162 186
9629 187
4099 188
5684 189
5387 190
5254 191
8597 192
5722 193
2146 194
9733 195
6499 196
3542 197
7924 198
5031 199
1269 200
2200 201
7095 202
4448 203
4272 204
1298 205
4207 206
87 207
1916 208
9434 209
3109 210
6092 211
6883 212
1678 213
1378 214
8710 215
3862 216
6798 217
5789 218
3530 219
2538 220
1686 221
2444 222
3463 223
2097 224
5687 225
4057 226
5527 227
5093 228
9503 229
4573 230
6033 231
8444 232
2993 233
1543 234
3165 235
334 236
2300 237
3871 238
1671 239
1438 240
5249 241
66 242
2553 243
9549 244
6320 245
8077 246
9720 247
3059 248
2679 249
244 250
248 251
6482 252
2740 253
5796 254
9783 255
8908 256
4099 257
8564 258
4889 259
1517 260
3978 261
9231 262
178 263
5876 264
5428 265
5458 266
7647 267
638 268
9875 269
6908 270
5652 271
5850 272
5805 273
9024 274
3247 275
5653 276
9807 277
2272 278
2133 279
5061 280
6308 281
2452 282
9020 283
7430 284
9885 285
7970 286
9589 287
8881 288
5801 289
3270 290
2190 291
3379 292
4001 293
657 294
7118 295
8829 296
847 297
4725 298
9145 299
6116 300
8575 301
538 302
8797 303
2359 304
6074 305
4972 306
1373 307
6956 308
7166 309
5656 310
7679 311
7475 312
3668 313
2184 314
665 315
9596 316
6645 317
4595 318
1968 319
2073 320
6365 321
800 322
6608 323
9482 324
3145 325
2760 326
407 327
5676 328
2623 329
8234 330
726 331
1169 332
533 333
8339 334
8603 335
7907 336
8508 337
7760 338
7723 339
4061 340
4684 341
273 342
4524 343
1200 344
6049 345
8409 346
9359 347
9482 348
6827 349
1735 350
1926 351
9218 352
1066 353
7404 354
4146 355
890 356
3641 357
8945 358
7195 359
3487 360
3150 361
7521 362
5852 363
421 364
5895 365
2120 366
9987 367
2572 368
6006 369
4953 370
3464 371
3364 372
480 373
6905 374
6806 375
1698 376
8991 377
5069 378
1286 379
5791 380
7989 381
2499 382
4100 383
1984 384
8747 385
3060 386
952 387
577 388
7110 389
4133 390
7753 391
3904 392
587 393
2814 394
6331 395
5889 396
2955 397
3789 398
6928 399
8970 400
8395 401
1158 402
9692 403
5678 404
4963 405
1776 406
6739 407
6338 408
1604 409
2831 410
5234 411
2957 412
2644 413
5454 414
4982 415
5277 416
2324 417
7720 418
8235 419
8596 420
2290 421
2302 422
2610 423
147 424
2918 425
4578 426
3588 427
8040 428
1324 429
7365 430
9219 431
3097 432
3974 433
7113 434
415 435
7319 436
5176 437
6856 438
9911 439
6809 440
9657 441
6716 442
1449 443
9688 444
9164 445
2693 446
1754 447
3967 448
3716 449
8784 450
5098 451
2411 452
1212 453
8580 454
4307 455
7552 456
5218 457
8912 458
3431 459
1260 460
8564 461
4746 462
5117 463
743 464
4190 465
5528 466
2477 467
8272 468
2001 469
961 470
8144 471
7413 472
7513 473
5242 474
2894 475
4205 476
597 477
6523 478
7942 479
9023 480
9548 481
2443 482
7701 483
2407 484
7626 485
6421 486
992 487
3896 488
5103 489
5534 490
1600 491
6850 492
375 493
9543 494
4560 495
9938 496
2336 497
6076 498
969 499
9339 500
9168 501
6033 502
4225 503
1773 504
6829 505
8600 506
7461 507
1452 508
9789 509
8280 510
7938 511
7407 512
4775 513
9898 514
2350 515
3307 516
6006 517
1641 518
113 519
6286 520
8061 521
4414 522
3257 523
6013 524
4004 525
3471 526
3940 527
5389 528
482 529
6479 530
5658 531
2620 532
8659 533
8297 534
6190 535
1982 536
357 537
7040 538
1001 539
9118 540
3062 541
6371 542
5210 543
7240 544
7865 545
1837 546
9897 547
8127 548
8083 549
4538 550
3410 551
9039 552
6895 553
963 554
986 555
2172 556
67 557
6704 558
9660 559
7500 560
7930 561
1866 562
9683 563
952 564
3193 565
370 566
6213 567
5065 568
1390 569
1011 570
4810 571
8343 572
5662 573
8149 574
8836 575
4235 576
3573 577
4161 578
6248 579
8000 580
4400 581
3354 582
9451 583
535 584
1956 585
5131 586
8871 587
7134 588
9949 589
6800 590
1907 591
3585 592
333 593
2426 594
5709 595
5479 596
9920 597
9435 598
859 599
9297 600
2367 601
7852 602
9067 603
816 604
761 605
5700 606
3426 607
1675 608
7056 609
1461 610
2131 611
5164 612
9893 613
6999 614
8140 615
3513 616
6551 617
8147 618
9474 619
9572 620
3138 621
3052 622
6024 623
2997 624
2542 625
9572 626
3658 627
2522 628
6787 629
6191 630
5187 631
4757 632
4528 633
9421 634
867 635
1732 636
1810 637
6758 638
404 639
1505 640
6319 641
1991 642
3140 643
5591 644
3024 645
374 646
2445 647
6012 648
915 649
43 650
1384 651
3655 652
2264 653
9517 654
2278 655
805 656
6006 657
673 658
9613 659
8937 660
1177 661
7626 662
3583 663
2651 664
7493 665
9877 666
4184 667
4369 668
32 669
4678 670
5433 671
4182 672
5770 673
7839 674
1676 675
837 676
5271 677
153 678
5861 679
1194 680
3561 681
2492 682
6423 683
3960 684
1299 685
6457 686
8636 687
232 688
3311 689
5653 690
5334 691
3984 692
9141 693
2646 694
3386 695
1879 696
3921 697
4772 698
5308 699
807 700
2247 701
3814 702
9896 703
9315 704
2989 705
7971 706
4306 707
9542 708
4926 709
9108 710
5183 711
1671 712
8683 713
9371 714
2394 715
3231 716
2348 717
4591 718
6810 719
5165 720
8791 721
9525 722
5522 723
1409 724
8706 725
667 726
7241 727
4823 728
9779 729
47 730
3024 731
1168 732
4819 733
4711 734
2669 735
595 736
8182 737
9351 738
4059 739
5481 740
6858 741
4208 742
7137 743
8568 744
9413 745
4676 746
9880 747
2276 748
7674 749
5259 750
3451 751
3819 752
751 753
4484 754
3888 755
192 756
7448 757
9260 758
8572 759
4292 760
4396 761
9167 762
1357 763
797 764
4084 765
6414 766
2384 767
9926 768
432 769
9939 770
3765 771
852 772
3037 773
8943 774
6379 775
3542 776
3907 777
3674 778
2532 779
9657 780
683 781
4529 782
1609 783
2244 784
5770 785
8485 786
5932 787
5534 788
8979 789
9806 790
9451 791
9776 792
4840 793
718 794
1032 795
7087 796
3835 797
4238 798
377 799
1038 800
6433 801
5966 802
4751 803
1853 804
9024 805
6793 806
2763 807
6925 808
6831 809
3247 810
3514 811
2423 812
3239 813
1875 814
2067 815
4454 816
8799 817
4559 818
915 819
1967 820
2522 821
8686 822
379 823
3148 824
1563 825
560 826
8781 827
4227 828
8750 829
9948 830
365 831
4337 832
4721 833
136 834
4220 835
5525 836
9168 837
8014 838
8593 839
6831 840
3494 841
9145 842
2857 843
9832 844
4709 845
1565 846
1583 847
8400 848
9552 849
4853 850
5494 851
7868 852
4501 853
4930 854
6634 855
3836 856
906 857
6969 858
2751 859
7012 860
9996 861
3614 862
8556 863
323 864
9566 865
7638 866
6995 867
5082 868
3192 869
5098 870
5802 871
3962 872
2283 873
203 874
573 875
3704 876
3146 877
1879 878
6299 879
661 880
6819 881
8000 882
132 883
991 884
1834 885
8233 886
2918 887
6959 888
7749 889
624 890
6982 891
4485 892
8630 893
5093 894
8197 895
5910 896
9514 897
5547 898
1270 899
4676 900
3875 901
450 902
8839 903
9515 904
6494 905
8194 906
9033 907
3240 908
5574 909
2423 910
2287 911
5782 912
1416 913
4525 914
2930 915
9792 916
2867 917
8805 918
4657 919
5416 920
8541 921
1447 922
4833 923
2452 924
3084 925
9256 926
114 927
7099 928
6515 929
4910 930
4142 931
5789 932
6582 933
346 934
7137 935
7522 936
1163 937
7108 938
9972 939
441 940
4538 941
2721 942
5528 943
171 944
5248 945
2075 946
2070 947
5476 948
9588 949
9993 950
7709 951
9123 952
8792 953
9041 954
4405 955
7227 956
5154 957
9889 958
1751 959
7853 960
9298 961
260 962
2277 963
6425 964
7546 965
8911 966
4691 967
8876 968
5890 969
1113 970
7452 971
4499 972
981 973
1738 974
1070 975
457 976
8609 977
991 978
1755 979
1028 980
7152 981
1016 982
8034 983
6157 984
5313 985
412 986
8041 987
8694 988
6196 989
4082 990
7651 991
9382 992
1253 993
1733 994
9016 995
2659 996
5361 997
535 998
6917 999
