100 400
970 0
335 1
575 2
619 3
227 4
848 5
185 6
897 7
981 8
807 9
479 10
105 11
654 12
339 13
510 14
736 15
15 16
45 17
298 18
434 19
427 20
89 21
111 22
532 23
446 24
554 25
721 26
341 27
413 28
421 29
938 30
655 31
981 32
722 33
26 34
348 35
173 36
77 37
649 38
765 39
431 40
136 41
888 42
174 43
512 44
123 45
703 46
424 47
382 48
149 49
809 50
995 51
918 52
839 53
776 54
281 55
860 56
257 57
938 58
255 59
531 60
969 61
979 62
333 63
831 64
179 65
853 66
947 67
841 68
717 69
736 70
121 71
49 72
579 73
192 74
290 75
440 76
901 77
892 78
524 79
739 80
406 81
415 82
236 83
481 84
410 85
445 86
572 87
535 88
482 89
433 90
744 91
206 92
990 93
980 94
46 95
736 96
842 97
517 98
505 99
