1650 1500
9993 0
13677 1
8060 2
7223 3
4679 4
14205 5
8756 6
4868 7
12353 8
528 9
2236 10
8840 11
11150 12
4681 13
5809 14
4835 15
14588 16
9002 17
12136 18
2223 19
3157 20
1447 21
3278 22
15933 23
15052 24
14122 25
12748 26
1864 27
5246 28
8238 29
410 30
15261 31
7229 32
11463 33
2252 34
2622 35
8939 36
11158 37
13023 38
14485 39
12418 40
16174 41
4632 42
9713 43
3647 44
15512 45
9774 46
12480 47
9444 48
4893 49
6108 50
16414 51
6025 52
1073 53
5072 54
13289 55
4908 56
12115 57
16141 58
7778 59
15689 60
6538 61
2166 62
9781 63
6750 64
14065 65
5451 66
2169 67
10404 68
14313 69
10083 70
16446 71
2690 72
7891 73
12217 74
12965 75
1829 76
10980 77
4513 78
15038 79
705 80
1059 81
6164 82
12971 83
1969 84
4197 85
11168 86
14322 87
14996 88
15846 89
14290 90
6679 91
8096 92
10242 93
2725 94
14757 95
8105 96
9081 97
8803 98
1421 99
8120 100
12679 101
9751 102
6821 103
5373 104
12112 105
11675 106
12978 107
9770 108
14078 109
533 110
5517 111
1766 112
6524 113
3573 114
15508 115
6607 116
12614 117
8186 118
10122 119
1954 120
15114 121
1700 122
10264 123
10425 124
7851 125
7405 126
13259 127
970 128
95 129
9341 130
4849 131
3894 132
2551 133
2279 134
14658 135
10444 136
428 137
14353 138
13863 139
12335 140
11015 141
14283 142
14232 143
6459 144
7393 145
2549 146
10797 147
2296 148
7025 149
11750 150
12378 151
6501 152
9253 153
13630 154
6300 155
3623 156
14056 157
10280 158
11381 159
9773 160
6704 161
9710 162
8157 163
8696 164
13142 165
11889 166
12328 167
15191 168
2713 169
14317 170
11578 171
13525 172
6426 173
9984 174
3172 175
9663 176
15078 177
4831 178
2074 179
13877 180
11366 181
14919 182
14065 183
12951 184
8952 185
7140 186
6931 187
15266 188
503 189
13156 190
9117 191
227 192
6260 193
9938 194
13424 195
3877 196
175 197
11062 198
4013 199
3820 200
10136 201
7564 202
11709 203
9186 204
2087 205
15078 206
13584 207
10705 208
4453 209
10483 210
3274 211
3951 212
14489 213
14098 214
4244 215
13000 216
6799 217
5410 218
8363 219
15300 220
7184 221
5322 222
8203 223
15394 224
1765 225
10111 226
11285 227
12424 228
6701 229
5862 230
5397 231
11718 232
10429 233
2430 234
4948 235
2495 236
3482 237
8465 238
13643 239
632 240
8895 241
10132 242
9641 243
4029 244
5982 245
172 246
14560 247
8110 248
2510 249
2843 250
12228 251
3074 252
13364 253
163 254
4276 255
6027 256
3757 257
672 258
10858 259
4695 260
7323 261
3523 262
10214 263
9392 264
8948 265
2259 266
14128 267
12479 268
16291 269
3401 270
10300 271
14649 272
11099 273
2887 274
223 275
16419 276
135 277
12567 278
10993 279
9147 280
2179 281
11761 282
11574 283
14826 284
9478 285
1694 286
15052 287
14349 288
11794 289
1028 290
5881 291
9195 292
4811 293
14959 294
10304 295
12113 296
2567 297
2077 298
4309 299
12199 300
14639 301
6730 302
14559 303
10884 304
7700 305
9388 306
3646 307
3908 308
4085 309
2866 310
16079 311
14850 312
8148 313
15894 314
2698 315
1323 316
1703 317
1819 318
9894 319
10366 320
9860 321
13617 322
696 323
8152 324
196 325
3378 326
10506 327
14413 328
13145 329
11219 330
16262 331
8161 332
8456 333
962 334
5672 335
15837 336
13990 337
9211 338
14222 339
7368 340
5018 341
12065 342
9552 343
2171 344
8289 345
10635 346
16338 347
1290 348
11234 349
2826 350
7796 351
13060 352
9088 353
12418 354
10567 355
16291 356
7560 357
8896 358
2819 359
756 360
9315 361
12688 362
11570 363
1186 364
10988 365
11214 366
4074 367
9203 368
9180 369
14637 370
15545 371
6888 372
11426 373
6603 374
10519 375
6804 376
4202 377
360 378
16087 379
12068 380
15983 381
14787 382
14149 383
8360 384
9769 385
2248 386
4155 387
11612 388
6904 389
9766 390
5705 391
15580 392
10565 393
10133 394
11306 395
4928 396
669 397
13893 398
10772 399
13266 400
3053 401
14069 402
3551 403
13371 404
12598 405
7592 406
7476 407
3684 408
16012 409
1602 410
4732 411
6465 412
14316 413
5047 414
14976 415
1749 416
7758 417
15639 418
3361 419
10858 420
12 421
7194 422
8006 423
10591 424
15959 425
6594 426
4685 427
12443 428
10654 429
5612 430
5179 431
6022 432
4556 433
13593 434
12294 435
12410 436
11866 437
10051 438
15578 439
9520 440
13551 441
12150 442
2240 443
5760 444
6580 445
5063 446
10385 447
4792 448
5292 449
9269 450
13651 451
11671 452
12094 453
594 454
11943 455
15290 456
15049 457
3248 458
8274 459
9102 460
13824 461
4456 462
486 463
457 464
10190 465
11699 466
3882 467
5701 468
13507 469
7993 470
6990 471
5238 472
3699 473
15777 474
7823 475
8922 476
4431 477
15654 478
4195 479
13046 480
4531 481
5932 482
12339 483
3120 484
13998 485
4881 486
8999 487
15777 488
7848 489
11735 490
3323 491
10323 492
397 493
10490 494
3089 495
11714 496
1172 497
1802 498
10024 499
3971 500
12430 501
7637 502
2256 503
1202 504
2510 505
3566 506
6503 507
3767 508
14154 509
6647 510
8696 511
5908 512
12235 513
10775 514
9307 515
14919 516
390 517
5381 518
2089 519
2933 520
12900 521
6933 522
6044 523
9347 524
6061 525
15220 526
4557 527
13635 528
15063 529
2809 530
13839 531
8538 532
7307 533
14677 534
1987 535
16048 536
13860 537
3744 538
13497 539
2493 540
6 541
8434 542
15751 543
11940 544
2288 545
12040 546
10598 547
5300 548
3910 549
4915 550
13211 551
4691 552
12650 553
13677 554
7600 555
11586 556
14781 557
15763 558
10170 559
4316 560
13247 561
4801 562
7960 563
13441 564
12223 565
4057 566
3062 567
2368 568
16379 569
12240 570
3892 571
4668 572
11569 573
12455 574
3355 575
1313 576
5622 577
2952 578
6689 579
10711 580
13070 581
4377 582
9771 583
14996 584
4369 585
11083 586
1894 587
9519 588
14116 589
14498 590
13060 591
9808 592
5495 593
10105 594
15660 595
415 596
13875 597
11767 598
10958 599
15941 600
15557 601
7386 602
13169 603
12143 604
8772 605
14672 606
11591 607
7565 608
9616 609
12173 610
12234 611
8422 612
1160 613
617 614
2918 615
8094 616
7864 617
3466 618
9642 619
6288 620
8036 621
10817 622
12109 623
12419 624
5224 625
16121 626
11983 627
954 628
1537 629
2700 630
3079 631
7042 632
11803 633
9318 634
6736 635
15138 636
8198 637
16398 638
1615 639
394 640
6674 641
15078 642
7540 643
5554 644
4746 645
9326 646
12552 647
5014 648
8161 649
14876 650
5699 651
8125 652
311 653
1620 654
1193 655
5382 656
3239 657
11107 658
8039 659
4449 660
8381 661
8733 662
13945 663
248 664
7116 665
673 666
12533 667
11743 668
14274 669
9089 670
15799 671
14887 672
4956 673
3283 674
6491 675
11033 676
365 677
8814 678
6811 679
5789 680
4042 681
3725 682
9558 683
14628 684
7602 685
7188 686
5262 687
4381 688
13327 689
3719 690
4294 691
8096 692
9375 693
4038 694
4207 695
4536 696
504 697
7921 698
11294 699
10233 700
12220 701
12799 702
2430 703
5553 704
2583 705
7871 706
12368 707
5137 708
11322 709
3305 710
6548 711
5039 712
13256 713
9593 714
9141 715
7067 716
10539 717
13693 718
14487 719
11739 720
4276 721
13060 722
14233 723
9350 724
1012 725
16419 726
15462 727
13114 728
14529 729
12665 730
3493 731
1831 732
5224 733
12014 734
4369 735
4816 736
9437 737
5070 738
8708 739
15977 740
7260 741
269 742
14967 743
11396 744
5541 745
581 746
6373 747
9939 748
6334 749
11504 750
4984 751
2288 752
11504 753
2130 754
6921 755
13243 756
352 757
1476 758
10621 759
4997 760
294 761
16308 762
8961 763
9181 764
1310 765
5666 766
3422 767
14833 768
7593 769
13882 770
15470 771
1028 772
15940 773
2288 774
7667 775
5260 776
255 777
10886 778
2338 779
13429 780
15962 781
15902 782
15110 783
14565 784
4691 785
15678 786
7960 787
14577 788
8820 789
2975 790
2547 791
15299 792
12755 793
4429 794
5028 795
13239 796
7750 797
9508 798
3767 799
5980 800
685 801
6657 802
12732 803
12596 804
10471 805
8580 806
14969 807
3907 808
4039 809
6302 810
14030 811
11015 812
3073 813
6689 814
11601 815
11204 816
3115 817
2239 818
7977 819
11961 820
13231 821
2931 822
10357 823
12831 824
14559 825
15592 826
10383 827
3679 828
5226 829
15632 830
12785 831
10246 832
3516 833
3784 834
2770 835
16493 836
8462 837
8167 838
12733 839
14456 840
12090 841
10270 842
12314 843
4209 844
10176 845
6679 846
9358 847
13160 848
14114 849
537 850
10528 851
13445 852
4040 853
4262 854
9726 855
1604 856
12761 857
16110 858
919 859
7589 860
8532 861
6441 862
10180 863
5687 864
336 865
11004 866
4391 867
2913 868
4124 869
3214 870
5493 871
15905 872
9426 873
15794 874
326 875
2823 876
16421 877
14916 878
11469 879
13396 880
2002 881
12448 882
15621 883
13282 884
808 885
11135 886
12740 887
5251 888
11009 889
2298 890
252 891
7104 892
5563 893
12928 894
11451 895
13770 896
13282 897
8787 898
6042 899
9058 900
5697 901
10278 902
1361 903
16271 904
6542 905
11973 906
12169 907
2283 908
1962 909
8453 910
13251 911
3946 912
3915 913
425 914
15330 915
10219 916
7494 917
7518 918
9236 919
8661 920
9699 921
111 922
10128 923
8765 924
1751 925
14607 926
2800 927
8026 928
1929 929
11488 930
5643 931
2250 932
3955 933
15924 934
13516 935
778 936
15382 937
6775 938
14861 939
5855 940
3584 941
7782 942
2934 943
12291 944
6763 945
7184 946
949 947
8264 948
3150 949
4299 950
5011 951
10134 952
3378 953
14005 954
4662 955
8446 956
1413 957
13980 958
9990 959
7405 960
7210 961
13867 962
9164 963
10287 964
2731 965
6130 966
8172 967
673 968
12233 969
16059 970
13619 971
5223 972
4784 973
8350 974
4407 975
10042 976
307 977
1351 978
9253 979
8368 980
7272 981
8272 982
1220 983
1928 984
6266 985
4340 986
10278 987
11441 988
3628 989
5404 990
16338 991
9724 992
3813 993
3455 994
13453 995
9369 996
3905 997
11487 998
4863 999
13091 1000
16434 1001
10378 1002
471 1003
8609 1004
176 1005
12125 1006
9988 1007
14420 1008
6184 1009
7397 1010
213 1011
14445 1012
14078 1013
10958 1014
638 1015
3434 1016
11925 1017
8888 1018
5885 1019
15054 1020
5397 1021
12023 1022
2567 1023
9411 1024
758 1025
1606 1026
11726 1027
906 1028
2104 1029
1005 1030
14291 1031
8786 1032
15106 1033
14608 1034
10922 1035
13794 1036
9336 1037
903 1038
14967 1039
15749 1040
9140 1041
11026 1042
15626 1043
2691 1044
7267 1045
9308 1046
4644 1047
4530 1048
6731 1049
4331 1050
8647 1051
6834 1052
6078 1053
16457 1054
2326 1055
12728 1056
6952 1057
13954 1058
2430 1059
10165 1060
5524 1061
12812 1062
9866 1063
744 1064
14902 1065
1980 1066
10632 1067
8145 1068
9227 1069
6112 1070
11185 1071
13662 1072
4050 1073
6847 1074
453 1075
8297 1076
16265 1077
13390 1078
5845 1079
8092 1080
11928 1081
15492 1082
5678 1083
1905 1084
12335 1085
8527 1086
8254 1087
4116 1088
11948 1089
7435 1090
342 1091
4218 1092
15256 1093
2366 1094
15045 1095
6544 1096
4383 1097
4940 1098
2083 1099
7942 1100
4547 1101
363 1102
6438 1103
4981 1104
13152 1105
15372 1106
7573 1107
9981 1108
13017 1109
14434 1110
12892 1111
12517 1112
9831 1113
13887 1114
10703 1115
3699 1116
9759 1117
4484 1118
12676 1119
9012 1120
492 1121
241 1122
11818 1123
7801 1124
9843 1125
11252 1126
12613 1127
15639 1128
9237 1129
11774 1130
14219 1131
6521 1132
16135 1133
9101 1134
3321 1135
4794 1136
16024 1137
6168 1138
1437 1139
9263 1140
3529 1141
2998 1142
2581 1143
9685 1144
13072 1145
9076 1146
12060 1147
845 1148
6551 1149
10969 1150
14565 1151
3594 1152
4879 1153
10854 1154
14740 1155
14108 1156
511 1157
8066 1158
13883 1159
4789 1160
11222 1161
7574 1162
13115 1163
1062 1164
4640 1165
11646 1166
2897 1167
8615 1168
8320 1169
4166 1170
14174 1171
2128 1172
4233 1173
8734 1174
2945 1175
13003 1176
1360 1177
722 1178
10902 1179
13713 1180
5142 1181
4734 1182
3612 1183
12469 1184
9793 1185
8093 1186
12631 1187
3597 1188
5357 1189
5594 1190
10760 1191
7858 1192
8330 1193
12439 1194
3974 1195
15906 1196
5885 1197
4442 1198
12103 1199
13594 1200
9817 1201
14052 1202
14113 1203
13570 1204
7715 1205
7371 1206
9979 1207
4088 1208
11654 1209
12831 1210
6518 1211
2242 1212
3787 1213
3996 1214
7780 1215
10824 1216
7943 1217
3949 1218
5054 1219
6978 1220
3800 1221
538 1222
4412 1223
14594 1224
3148 1225
7247 1226
11736 1227
2206 1228
14650 1229
14307 1230
1006 1231
15842 1232
150 1233
6717 1234
14937 1235
14701 1236
1082 1237
12197 1238
5795 1239
11387 1240
11534 1241
2536 1242
6694 1243
15353 1244
15020 1245
4744 1246
2771 1247
7614 1248
10263 1249
8930 1250
5041 1251
16287 1252
12821 1253
14327 1254
1439 1255
6863 1256
1598 1257
2257 1258
16138 1259
13224 1260
428 1261
8639 1262
15946 1263
1671 1264
410 1265
728 1266
5875 1267
13477 1268
16020 1269
11674 1270
10961 1271
12685 1272
1389 1273
6956 1274
13647 1275
9450 1276
2081 1277
3129 1278
11441 1279
15319 1280
10771 1281
9530 1282
7942 1283
8408 1284
13088 1285
11217 1286
15713 1287
3523 1288
5801 1289
15693 1290
7016 1291
15047 1292
3018 1293
9101 1294
13812 1295
1474 1296
15227 1297
16218 1298
13987 1299
14421 1300
2789 1301
15776 1302
7367 1303
5358 1304
9781 1305
9809 1306
2488 1307
10543 1308
1137 1309
5242 1310
5598 1311
14140 1312
11535 1313
8851 1314
3448 1315
10448 1316
4730 1317
7623 1318
4887 1319
14965 1320
13898 1321
7363 1322
15068 1323
13210 1324
3641 1325
9359 1326
795 1327
4874 1328
14058 1329
6348 1330
15913 1331
16140 1332
6364 1333
9824 1334
8239 1335
8051 1336
5986 1337
8301 1338
3241 1339
1896 1340
4837 1341
6593 1342
8781 1343
3646 1344
13103 1345
6725 1346
6257 1347
7684 1348
6802 1349
8444 1350
6383 1351
14511 1352
4311 1353
7839 1354
15731 1355
204 1356
7646 1357
713 1358
13181 1359
11450 1360
9491 1361
14753 1362
15008 1363
15372 1364
7260 1365
806 1366
11085 1367
807 1368
426 1369
9920 1370
3575 1371
355 1372
13905 1373
15716 1374
11275 1375
15555 1376
8976 1377
8033 1378
14732 1379
5353 1380
11022 1381
15857 1382
4415 1383
1534 1384
6031 1385
10869 1386
1532 1387
7523 1388
15217 1389
10439 1390
11033 1391
1536 1392
11547 1393
2218 1394
5408 1395
3355 1396
7364 1397
7983 1398
12049 1399
8691 1400
9550 1401
4390 1402
7034 1403
12731 1404
16128 1405
9327 1406
2524 1407
13392 1408
5931 1409
6026 1410
6064 1411
9649 1412
14411 1413
5818 1414
3237 1415
5467 1416
12096 1417
4922 1418
13867 1419
3602 1420
2341 1421
11973 1422
7755 1423
12601 1424
10880 1425
3144 1426
14629 1427
2584 1428
15066 1429
7621 1430
1700 1431
6273 1432
13166 1433
7480 1434
1640 1435
6781 1436
13170 1437
547 1438
13962 1439
14596 1440
6307 1441
13451 1442
12343 1443
10741 1444
6454 1445
9976 1446
3368 1447
15317 1448
15246 1449
2358 1450
5140 1451
522 1452
312 1453
6063 1454
12992 1455
6784 1456
10520 1457
56 1458
12764 1459
11822 1460
3157 1461
14339 1462
3647 1463
802 1464
14112 1465
12797 1466
3991 1467
1537 1468
7956 1469
2039 1470
840 1471
11453 1472
15178 1473
13702 1474
15775 1475
981 1476
488 1477
14121 1478
10609 1479
15114 1480
3502 1481
9879 1482
9522 1483
1956 1484
2479 1485
5473 1486
3134 1487
10805 1488
14867 1489
6448 1490
1800 1491
6833 1492
4567 1493
4666 1494
16252 1495
11269 1496
9795 1497
12903 1498
15136 1499
6821 1500
12542 1501
7519 1502
16206 1503
14092 1504
1614 1505
5287 1506
491 1507
11630 1508
8686 1509
8883 1510
3420 1511
13524 1512
13694 1513
817 1514
4805 1515
3534 1516
2534 1517
902 1518
15981 1519
12494 1520
9479 1521
15417 1522
15445 1523
15759 1524
6900 1525
11129 1526
8906 1527
15451 1528
11233 1529
12073 1530
8284 1531
3951 1532
2816 1533
491 1534
13895 1535
5197 1536
1463 1537
1658 1538
4493 1539
3115 1540
9366 1541
13469 1542
16174 1543
4091 1544
14479 1545
12817 1546
15636 1547
14233 1548
1261 1549
1848 1550
3052 1551
422 1552
2589 1553
7544 1554
144 1555
15957 1556
8528 1557
11481 1558
15775 1559
12962 1560
14861 1561
2412 1562
3692 1563
2107 1564
13416 1565
5960 1566
10565 1567
8181 1568
12650 1569
11885 1570
14268 1571
10642 1572
5854 1573
16189 1574
13847 1575
10569 1576
11417 1577
11948 1578
2560 1579
5256 1580
3945 1581
3388 1582
13700 1583
15899 1584
4003 1585
4635 1586
3209 1587
7475 1588
9951 1589
2862 1590
42 1591
4411 1592
15931 1593
11134 1594
13765 1595
9201 1596
4171 1597
2633 1598
3838 1599
14314 1600
14798 1601
2916 1602
4502 1603
4984 1604
9374 1605
15699 1606
9465 1607
8255 1608
1089 1609
4860 1610
7562 1611
12601 1612
9850 1613
2051 1614
8834 1615
14568 1616
4343 1617
6279 1618
7350 1619
5229 1620
10030 1621
14823 1622
1593 1623
15676 1624
13098 1625
1686 1626
3098 1627
2064 1628
12056 1629
11876 1630
13843 1631
6672 1632
4777 1633
7777 1634
15742 1635
814 1636
10135 1637
4551 1638
1862 1639
2966 1640
4581 1641
5005 1642
10085 1643
8403 1644
8310 1645
10649 1646
9341 1647
9574 1648
1054 1649
