1550 1600
5588 0
270 1
11252 2
355 3
7786 4
2639 5
11765 6
10122 7
14218 8
15376 9
2967 10
2526 11
6360 12
7822 13
4326 14
8522 15
4984 16
8191 17
6311 18
11853 19
14489 20
3233 21
1167 22
3527 23
6274 24
5560 25
6058 26
7760 27
8099 28
12696 29
493 30
4385 31
14188 32
886 33
2243 34
2812 35
3051 36
9270 37
7370 38
1527 39
12006 40
4327 41
6898 42
10164 43
11970 44
12772 45
4100 46
14055 47
6658 48
1135 49
2977 50
4838 51
11646 52
5516 53
8804 54
3828 55
5203 56
14501 57
4729 58
3324 59
15208 60
7773 61
5206 62
4599 63
2515 64
2337 65
4015 66
3075 67
15388 68
13812 69
115 70
514 71
2249 72
15187 73
1879 74
8500 75
1223 76
4085 77
7344 78
2955 79
7090 80
13204 81
9910 82
7113 83
15041 84
15114 85
2491 86
671 87
1667 88
3774 89
14247 90
11090 91
2339 92
29 93
12563 94
1040 95
9961 96
2517 97
7494 98
8927 99
14905 100
6681 101
7329 102
813 103
11248 104
8015 105
13787 106
1537 107
13346 108
9110 109
13230 110
737 111
2741 112
11296 113
744 114
6157 115
9695 116
2196 117
2957 118
11684 119
1085 120
7297 121
4703 122
2714 123
7341 124
4824 125
1209 126
12662 127
4129 128
3651 129
2612 130
6658 131
9596 132
14108 133
12373 134
15237 135
3224 136
5749 137
12239 138
10714 139
1785 140
11443 141
9057 142
10285 143
13178 144
9532 145
3758 146
10440 147
7099 148
3773 149
2107 150
5367 151
3699 152
7565 153
1173 154
3604 155
14433 156
11721 157
14542 158
4215 159
117 160
13350 161
10750 162
11727 163
9494 164
14086 165
4331 166
13334 167
4654 168
11191 169
3711 170
6519 171
7950 172
6284 173
1779 174
6700 175
683 176
3704 177
13896 178
12013 179
12929 180
14028 181
9574 182
2903 183
2600 184
14943 185
9027 186
6570 187
14349 188
10413 189
6896 190
7416 191
7121 192
1174 193
5329 194
12024 195
11008 196
2280 197
4202 198
1087 199
11309 200
58 201
11034 202
530 203
9180 204
7349 205
14679 206
9271 207
9363 208
1745 209
14915 210
8918 211
3176 212
5208 213
6369 214
6870 215
6419 216
11944 217
12599 218
9473 219
4052 220
5149 221
9453 222
1146 223
3298 224
197 225
14484 226
15295 227
12191 228
15075 229
12710 230
488 231
5220 232
3278 233
5408 234
5352 235
8938 236
13526 237
7796 238
818 239
5127 240
61 241
12297 242
8212 243
5984 244
13266 245
14891 246
1576 247
11127 248
11525 249
3998 250
13349 251
7729 252
10487 253
10393 254
9826 255
4982 256
8198 257
11877 258
5176 259
7767 260
5094 261
12538 262
7706 263
4146 264
567 265
2111 266
13349 267
6700 268
7713 269
14409 270
11352 271
9455 272
6428 273
14595 274
9259 275
12971 276
866 277
4980 278
15123 279
12882 280
1795 281
1964 282
9193 283
9610 284
11677 285
11094 286
1402 287
4800 288
10683 289
12501 290
12508 291
6419 292
12747 293
12075 294
7630 295
13165 296
8337 297
14176 298
11809 299
3084 300
12765 301
2502 302
4186 303
3694 304
9080 305
1708 306
2574 307
11274 308
752 309
2924 310
12555 311
9 312
6789 313
11624 314
15405 315
1403 316
7111 317
9922 318
8903 319
511 320
12119 321
14256 322
76 323
10133 324
7078 325
14500 326
10425 327
12661 328
2785 329
1493 330
15068 331
9241 332
1620 333
10543 334
4625 335
3667 336
2391 337
5596 338
13793 339
1346 340
8732 341
1332 342
5622 343
6319 344
7092 345
5724 346
8170 347
408 348
847 349
5963 350
8213 351
3815 352
12822 353
6710 354
12973 355
2283 356
3497 357
15198 358
14647 359
2071 360
11902 361
1506 362
6096 363
1651 364
14832 365
1664 366
12216 367
15350 368
5600 369
5912 370
4361 371
4562 372
6924 373
2723 374
2811 375
7032 376
10369 377
7189 378
2739 379
6522 380
13205 381
4797 382
11297 383
5384 384
9992 385
2904 386
13297 387
3462 388
6608 389
12376 390
556 391
15292 392
10748 393
8239 394
8518 395
9037 396
8696 397
13277 398
9227 399
4029 400
9527 401
3 402
3505 403
7486 404
15327 405
4816 406
6404 407
287 408
5766 409
9613 410
4453 411
8423 412
9551 413
11849 414
7725 415
8595 416
1049 417
6975 418
10028 419
7570 420
13937 421
13520 422
12687 423
11027 424
11217 425
8094 426
1579 427
4726 428
157 429
8016 430
5484 431
11963 432
7097 433
15250 434
9244 435
13366 436
5509 437
9632 438
12642 439
6434 440
3660 441
8216 442
10368 443
11333 444
6801 445
4925 446
11375 447
829 448
10747 449
6630 450
2702 451
13717 452
1617 453
4743 454
3052 455
6011 456
14551 457
5516 458
2462 459
5407 460
12023 461
136 462
6248 463
6738 464
2947 465
8449 466
3942 467
9423 468
88 469
3960 470
11503 471
4346 472
8175 473
257 474
14974 475
11595 476
7766 477
11256 478
9208 479
9551 480
10984 481
5921 482
3440 483
9582 484
8949 485
8274 486
1713 487
13127 488
11075 489
14072 490
6288 491
13932 492
3882 493
5346 494
6396 495
4260 496
1541 497
15451 498
8360 499
11544 500
10061 501
12770 502
11033 503
1851 504
1763 505
9777 506
5366 507
540 508
10219 509
15460 510
623 511
1691 512
7869 513
11639 514
9968 515
8824 516
3009 517
4951 518
15199 519
12385 520
6366 521
10700 522
12895 523
1771 524
904 525
12723 526
4250 527
1129 528
8962 529
5961 530
4809 531
1990 532
10498 533
6246 534
8651 535
10617 536
2997 537
13113 538
6530 539
742 540
9779 541
13050 542
13830 543
13156 544
14467 545
12920 546
7890 547
8911 548
11889 549
10591 550
11984 551
9450 552
3108 553
13245 554
14068 555
13665 556
9409 557
14092 558
13173 559
1748 560
13301 561
8731 562
382 563
1933 564
8382 565
10719 566
9150 567
7624 568
12025 569
10965 570
15008 571
8034 572
10914 573
7331 574
1734 575
7630 576
7325 577
5575 578
14950 579
13480 580
13528 581
4853 582
580 583
9471 584
11987 585
6834 586
1071 587
8325 588
8932 589
7538 590
8401 591
6721 592
14544 593
8193 594
4523 595
8198 596
8620 597
6801 598
5184 599
14135 600
7381 601
3715 602
11437 603
15414 604
9737 605
3428 606
5805 607
14772 608
13926 609
5373 610
3550 611
308 612
13882 613
5126 614
11437 615
10252 616
8397 617
12984 618
5687 619
4314 620
2946 621
12662 622
13838 623
14561 624
14919 625
6640 626
137 627
1829 628
12814 629
7781 630
2765 631
9121 632
9528 633
10107 634
710 635
11983 636
10700 637
4876 638
11052 639
6605 640
321 641
4801 642
13988 643
8829 644
14043 645
10849 646
10377 647
2570 648
13481 649
10779 650
15497 651
2773 652
14127 653
4789 654
8230 655
11847 656
12474 657
5652 658
10023 659
7289 660
13947 661
2901 662
8048 663
13784 664
10524 665
6589 666
10665 667
8089 668
13891 669
5557 670
5907 671
7834 672
5718 673
9027 674
9575 675
5074 676
1995 677
10802 678
10298 679
83 680
8547 681
12639 682
10705 683
9918 684
737 685
6051 686
8287 687
3292 688
14327 689
1081 690
12741 691
10373 692
6532 693
1504 694
558 695
9801 696
7914 697
2956 698
1874 699
13999 700
2957 701
13404 702
5178 703
10412 704
3410 705
5743 706
8464 707
8897 708
14839 709
3609 710
4787 711
9388 712
9714 713
7397 714
5750 715
5188 716
7592 717
13335 718
14402 719
6886 720
5657 721
79 722
13598 723
9743 724
8329 725
14938 726
11322 727
1769 728
7540 729
8225 730
1635 731
11288 732
3928 733
11145 734
8428 735
14010 736
11088 737
376 738
184 739
9143 740
9295 741
10049 742
13755 743
13917 744
1268 745
7906 746
7535 747
9324 748
13428 749
10574 750
1786 751
2709 752
3357 753
12981 754
9072 755
6590 756
7923 757
5935 758
975 759
5715 760
15406 761
12556 762
1781 763
7827 764
696 765
5941 766
854 767
14263 768
7571 769
7110 770
10832 771
6829 772
14927 773
1839 774
13078 775
3895 776
2437 777
7448 778
11408 779
6598 780
13775 781
11486 782
9195 783
1528 784
2176 785
5844 786
10638 787
7035 788
3406 789
11480 790
12888 791
5049 792
12755 793
5918 794
11202 795
2598 796
2117 797
2424 798
6975 799
9848 800
1343 801
5711 802
5226 803
1198 804
10076 805
9277 806
10549 807
12377 808
6787 809
14684 810
4320 811
8198 812
11314 813
6852 814
11514 815
5725 816
9775 817
4918 818
8528 819
4323 820
14339 821
4656 822
7900 823
6850 824
4136 825
10475 826
5874 827
3440 828
6553 829
11939 830
6828 831
4458 832
1909 833
15304 834
672 835
6995 836
959 837
3451 838
10818 839
754 840
10488 841
6641 842
563 843
9317 844
7508 845
6756 846
8624 847
371 848
3095 849
3379 850
11348 851
13025 852
7406 853
5155 854
11764 855
1113 856
2316 857
11140 858
5137 859
10755 860
188 861
7506 862
5557 863
3582 864
446 865
14346 866
14762 867
10515 868
10662 869
6236 870
4583 871
1179 872
1352 873
12212 874
13571 875
4935 876
1711 877
2672 878
210 879
5255 880
13638 881
5201 882
990 883
3762 884
10622 885
8817 886
11113 887
12286 888
12924 889
9003 890
745 891
12506 892
12059 893
2997 894
14884 895
9781 896
10453 897
10715 898
518 899
4595 900
14563 901
7007 902
12465 903
911 904
9931 905
1437 906
13076 907
4808 908
12814 909
2195 910
3521 911
1148 912
12939 913
12848 914
14043 915
14896 916
12176 917
2896 918
484 919
13655 920
10226 921
10864 922
145 923
4592 924
12171 925
9822 926
4599 927
7982 928
9258 929
5691 930
13068 931
4099 932
6155 933
9422 934
6699 935
7194 936
5033 937
7027 938
15427 939
1885 940
10440 941
1015 942
1189 943
733 944
6515 945
9231 946
39 947
9560 948
7869 949
5658 950
6112 951
8579 952
7501 953
2513 954
6794 955
5140 956
11131 957
9844 958
9681 959
2676 960
8462 961
2994 962
4633 963
2213 964
995 965
9290 966
6348 967
383 968
7924 969
5772 970
3439 971
14773 972
15296 973
11203 974
14167 975
5472 976
14840 977
3061 978
10464 979
7097 980
5867 981
10084 982
12705 983
6527 984
4970 985
9711 986
11073 987
13514 988
1397 989
6344 990
12705 991
7561 992
7908 993
8376 994
5013 995
7858 996
6668 997
6579 998
12815 999
5071 1000
5178 1001
8716 1002
3297 1003
9883 1004
702 1005
12071 1006
6303 1007
12926 1008
12798 1009
6035 1010
14126 1011
9183 1012
11719 1013
8020 1014
6978 1015
8810 1016
10899 1017
10091 1018
4777 1019
730 1020
674 1021
9290 1022
3846 1023
2891 1024
8384 1025
6475 1026
12819 1027
11010 1028
4480 1029
14311 1030
267 1031
2981 1032
871 1033
5950 1034
8129 1035
957 1036
6763 1037
6869 1038
8248 1039
11390 1040
420 1041
14551 1042
9802 1043
5029 1044
3118 1045
12506 1046
13316 1047
1078 1048
3321 1049
13891 1050
1101 1051
7698 1052
781 1053
1126 1054
13868 1055
13583 1056
9595 1057
1482 1058
4399 1059
14973 1060
7018 1061
14323 1062
5506 1063
3147 1064
2511 1065
13935 1066
5942 1067
15116 1068
13318 1069
2259 1070
725 1071
664 1072
11568 1073
11793 1074
1665 1075
11167 1076
6079 1077
4581 1078
363 1079
5834 1080
9008 1081
4915 1082
4334 1083
7067 1084
1535 1085
15399 1086
4402 1087
10818 1088
3156 1089
5948 1090
14915 1091
5830 1092
7941 1093
2359 1094
13460 1095
10460 1096
1908 1097
12774 1098
15042 1099
6147 1100
1103 1101
13210 1102
15361 1103
2641 1104
9648 1105
10379 1106
4284 1107
14138 1108
421 1109
8392 1110
1911 1111
4218 1112
4681 1113
8538 1114
12758 1115
2134 1116
3683 1117
14877 1118
5850 1119
2553 1120
13748 1121
8120 1122
6000 1123
9340 1124
10047 1125
9182 1126
796 1127
10961 1128
14093 1129
9314 1130
4803 1131
8519 1132
3183 1133
5333 1134
3451 1135
4339 1136
4083 1137
10814 1138
12019 1139
10212 1140
297 1141
1014 1142
10263 1143
7492 1144
2321 1145
8929 1146
12361 1147
7256 1148
3274 1149
7638 1150
14974 1151
4415 1152
8675 1153
15251 1154
5013 1155
15192 1156
6602 1157
13635 1158
11016 1159
8474 1160
14718 1161
13223 1162
15115 1163
13477 1164
2500 1165
4502 1166
12734 1167
12180 1168
14033 1169
13099 1170
438 1171
36 1172
4010 1173
5462 1174
11664 1175
11593 1176
6106 1177
10392 1178
13588 1179
14188 1180
9521 1181
11003 1182
12858 1183
4025 1184
13117 1185
10858 1186
5989 1187
3290 1188
3250 1189
10343 1190
2112 1191
1547 1192
13732 1193
14003 1194
1463 1195
13693 1196
6909 1197
10459 1198
13252 1199
13375 1200
1318 1201
11898 1202
15026 1203
11265 1204
6849 1205
5873 1206
9547 1207
4990 1208
8104 1209
3630 1210
876 1211
1729 1212
2754 1213
5859 1214
3619 1215
11253 1216
2548 1217
12864 1218
4497 1219
2557 1220
5048 1221
4089 1222
10423 1223
5502 1224
11037 1225
10610 1226
2608 1227
3359 1228
14963 1229
4368 1230
10791 1231
2007 1232
9660 1233
8043 1234
3359 1235
254 1236
11363 1237
10480 1238
5373 1239
13052 1240
11358 1241
4276 1242
13997 1243
6258 1244
3595 1245
4174 1246
3931 1247
11527 1248
3889 1249
13256 1250
14777 1251
505 1252
13347 1253
130 1254
3389 1255
11090 1256
14278 1257
14399 1258
12078 1259
6162 1260
14411 1261
1670 1262
9271 1263
11116 1264
2949 1265
618 1266
2725 1267
6083 1268
5396 1269
13998 1270
6311 1271
3876 1272
655 1273
12303 1274
14925 1275
7229 1276
12996 1277
3160 1278
2378 1279
10443 1280
14422 1281
2885 1282
9513 1283
13418 1284
10694 1285
1330 1286
1836 1287
3500 1288
2603 1289
6118 1290
11359 1291
1387 1292
15089 1293
9564 1294
3680 1295
7749 1296
5215 1297
2526 1298
3017 1299
6544 1300
14940 1301
1540 1302
10967 1303
6988 1304
7274 1305
11521 1306
550 1307
3673 1308
9702 1309
4893 1310
8203 1311
7638 1312
3156 1313
5219 1314
10372 1315
15007 1316
11113 1317
9243 1318
1342 1319
10466 1320
7911 1321
14602 1322
13394 1323
1222 1324
7971 1325
5992 1326
11875 1327
4159 1328
6708 1329
291 1330
10945 1331
11020 1332
7908 1333
1212 1334
775 1335
1474 1336
11465 1337
10652 1338
13708 1339
14328 1340
10754 1341
9720 1342
7780 1343
12388 1344
9748 1345
5894 1346
9338 1347
13439 1348
2932 1349
592 1350
4436 1351
3215 1352
6686 1353
7314 1354
4144 1355
6116 1356
9553 1357
8490 1358
6409 1359
5450 1360
11710 1361
12017 1362
5338 1363
12399 1364
9961 1365
10458 1366
5022 1367
10686 1368
5839 1369
12257 1370
14329 1371
14102 1372
8120 1373
10454 1374
5916 1375
8986 1376
14581 1377
4163 1378
8911 1379
3680 1380
5801 1381
11681 1382
6049 1383
11129 1384
799 1385
13460 1386
3012 1387
11558 1388
13299 1389
11884 1390
12444 1391
2850 1392
11991 1393
14804 1394
14897 1395
13379 1396
4457 1397
2210 1398
13387 1399
12921 1400
11897 1401
4154 1402
5968 1403
11808 1404
14257 1405
15053 1406
13354 1407
8036 1408
14672 1409
12082 1410
12440 1411
2623 1412
11606 1413
14622 1414
4576 1415
13303 1416
13443 1417
7892 1418
10028 1419
8474 1420
393 1421
632 1422
12596 1423
579 1424
11076 1425
12607 1426
14658 1427
14792 1428
15043 1429
9033 1430
13627 1431
8252 1432
9296 1433
15133 1434
7005 1435
11554 1436
906 1437
2127 1438
9873 1439
5831 1440
2717 1441
6563 1442
11198 1443
691 1444
4682 1445
9160 1446
37 1447
6832 1448
11314 1449
8683 1450
13363 1451
8955 1452
14745 1453
3156 1454
6017 1455
1350 1456
9404 1457
11180 1458
10209 1459
7184 1460
9715 1461
13369 1462
8878 1463
11454 1464
3758 1465
2483 1466
9358 1467
3843 1468
9810 1469
13483 1470
15261 1471
4690 1472
14425 1473
5112 1474
7704 1475
8503 1476
6014 1477
9276 1478
1430 1479
4966 1480
14148 1481
14867 1482
481 1483
6707 1484
6013 1485
614 1486
5511 1487
5520 1488
1755 1489
7663 1490
6765 1491
10357 1492
6805 1493
9991 1494
3294 1495
5808 1496
13615 1497
9184 1498
9130 1499
2297 1500
15242 1501
5073 1502
3650 1503
13060 1504
323 1505
6148 1506
11711 1507
14026 1508
10251 1509
6040 1510
11349 1511
5233 1512
4343 1513
7633 1514
13244 1515
6771 1516
14367 1517
4868 1518
4211 1519
5442 1520
13519 1521
14155 1522
2866 1523
10987 1524
9215 1525
289 1526
12242 1527
14084 1528
12710 1529
15381 1530
5758 1531
13145 1532
13244 1533
15211 1534
5811 1535
2654 1536
9000 1537
4942 1538
1253 1539
4030 1540
6531 1541
6089 1542
10 1543
6841 1544
6040 1545
15309 1546
7901 1547
7476 1548
5949 1549
