100 1500
889 0
725 1
67 2
78 3
798 4
150 5
828 6
372 7
801 8
60 9
495 10
380 11
291 12
478 13
329 14
989 15
393 16
223 17
339 18
438 19
903 20
941 21
758 22
372 23
781 24
177 25
364 26
190 27
998 28
101 29
156 30
448 31
704 32
373 33
248 34
902 35
995 36
28 37
611 38
978 39
953 40
973 41
385 42
728 43
358 44
949 45
177 46
898 47
218 48
697 49
396 50
935 51
617 52
569 53
224 54
681 55
440 56
813 57
863 58
712 59
69 60
334 61
62 62
403 63
798 64
918 65
778 66
257 67
69 68
159 69
913 70
655 71
663 72
181 73
355 74
325 75
725 76
97 77
120 78
37 79
377 80
290 81
59 82
881 83
132 84
246 85
648 86
458 87
999 88
868 89
410 90
460 91
712 92
745 93
622 94
374 95
167 96
758 97
172 98
944 99
