1300 350
662 0
7202 1
11774 2
4081 3
12513 4
956 5
7158 6
8132 7
8505 8
6651 9
875 10
1444 11
5175 12
119 13
11887 14
3532 15
8908 16
4774 17
6257 18
3555 19
9531 20
2684 21
562 22
10751 23
10366 24
1231 25
10529 26
10006 27
231 28
4609 29
1757 30
8739 31
1805 32
975 33
3810 34
11174 35
9847 36
8050 37
11861 38
10577 39
4880 40
9436 41
9195 42
12853 43
6752 44
2110 45
6867 46
3835 47
9479 48
8767 49
1930 50
3036 51
6763 52
4011 53
7542 54
12950 55
4464 56
7899 57
4851 58
6979 59
24 60
2799 61
1818 62
791 63
8032 64
1390 65
5657 66
12429 67
7759 68
3402 69
6648 70
9007 71
1362 72
11525 73
8652 74
12711 75
11593 76
5420 77
6347 78
6519 79
6191 80
5242 81
11207 82
591 83
5421 84
9847 85
3020 86
6055 87
9188 88
10814 89
6506 90
11346 91
121 92
595 93
1805 94
6216 95
8151 96
5248 97
11872 98
10414 99
11849 100
7268 101
9908 102
1606 103
329 104
5728 105
653 106
11917 107
4232 108
11005 109
6723 110
1514 111
10645 112
6787 113
8860 114
1515 115
6673 116
9434 117
7029 118
7964 119
5134 120
9605 121
4410 122
11121 123
12433 124
4973 125
11594 126
7984 127
11038 128
2156 129
5422 130
12196 131
12871 132
9785 133
6188 134
5918 135
5004 136
12023 137
1037 138
859 139
10929 140
4075 141
6274 142
12640 143
10838 144
12485 145
864 146
6348 147
6445 148
10150 149
12948 150
2241 151
1611 152
5000 153
12858 154
1835 155
1118 156
5157 157
1572 158
8798 159
2015 160
5877 161
11933 162
536 163
3005 164
5383 165
2559 166
1233 167
9212 168
1098 169
10653 170
35 171
3908 172
1961 173
5273 174
5108 175
3142 176
9406 177
10981 178
4499 179
3805 180
8898 181
4246 182
9223 183
8979 184
3886 185
11583 186
4145 187
2019 188
1236 189
6553 190
8355 191
3893 192
1980 193
7059 194
3190 195
3082 196
2720 197
2944 198
12151 199
11827 200
9310 201
12366 202
8100 203
4655 204
2940 205
8758 206
1036 207
3736 208
10584 209
12673 210
9494 211
11316 212
11002 213
439 214
3217 215
4603 216
4252 217
6349 218
9355 219
2673 220
9733 221
3448 222
7230 223
1219 224
3742 225
1353 226
1788 227
9147 228
10530 229
4606 230
9097 231
9451 232
6705 233
7102 234
5801 235
12865 236
11682 237
3065 238
854 239
6612 240
2666 241
1406 242
6204 243
10740 244
2292 245
6587 246
8334 247
5600 248
5380 249
7916 250
2249 251
618 252
5641 253
11466 254
2761 255
10082 256
10608 257
4012 258
6641 259
400 260
2142 261
7751 262
5585 263
169 264
424 265
9500 266
8869 267
10581 268
12374 269
11550 270
10679 271
11585 272
5794 273
12043 274
1272 275
2311 276
3245 277
1585 278
1083 279
7155 280
6784 281
12956 282
11781 283
8409 284
2814 285
9772 286
1944 287
5371 288
5106 289
2329 290
11365 291
6293 292
9776 293
3306 294
4235 295
3371 296
4953 297
12209 298
348 299
584 300
8043 301
4231 302
5858 303
8991 304
12571 305
4073 306
8988 307
2384 308
11588 309
8327 310
3795 311
97 312
7745 313
7067 314
8936 315
7990 316
9029 317
3296 318
806 319
11259 320
3057 321
8766 322
9658 323
6921 324
304 325
379 326
334 327
1517 328
8346 329
2240 330
11626 331
5065 332
5740 333
3697 334
6381 335
1686 336
11336 337
11667 338
8355 339
4876 340
8517 341
8792 342
4361 343
1007 344
3388 345
12548 346
1645 347
5402 348
6724 349
3085 350
9797 351
1576 352
7864 353
7278 354
11675 355
12983 356
12823 357
11760 358
876 359
12546 360
11842 361
5591 362
7840 363
5628 364
11549 365
12495 366
10973 367
815 368
5284 369
10560 370
12188 371
12977 372
4280 373
2100 374
2305 375
8500 376
5183 377
10271 378
7609 379
4017 380
12597 381
12660 382
9247 383
1441 384
4467 385
79 386
6903 387
3055 388
6418 389
798 390
5094 391
12629 392
11663 393
10041 394
6559 395
10310 396
11848 397
5289 398
4130 399
12889 400
11879 401
3898 402
4942 403
5232 404
4805 405
8716 406
757 407
12423 408
1322 409
2319 410
5748 411
5298 412
1850 413
11745 414
12154 415
1080 416
11708 417
1316 418
284 419
1651 420
9264 421
2907 422
7288 423
5823 424
2803 425
1465 426
11066 427
6145 428
4593 429
3808 430
12002 431
11170 432
1823 433
11868 434
1662 435
2859 436
8465 437
6534 438
9576 439
3918 440
102 441
5541 442
11743 443
11980 444
2913 445
9297 446
3776 447
3899 448
11976 449
3301 450
12989 451
3464 452
1290 453
12596 454
2702 455
11053 456
7308 457
2610 458
11985 459
3237 460
12093 461
9052 462
9475 463
11215 464
5444 465
6224 466
12000 467
12118 468
9490 469
6164 470
2945 471
2535 472
5536 473
10838 474
8721 475
3617 476
12933 477
6675 478
1400 479
8340 480
10165 481
5487 482
8727 483
864 484
2337 485
2353 486
9668 487
902 488
11603 489
7214 490
1958 491
2548 492
4686 493
2298 494
11660 495
5314 496
8068 497
7425 498
11121 499
12159 500
11253 501
5441 502
1594 503
5975 504
5053 505
1924 506
10453 507
8744 508
8255 509
11057 510
7446 511
557 512
5733 513
12773 514
12857 515
3264 516
12558 517
4371 518
6146 519
1381 520
7292 521
11811 522
3393 523
9413 524
9814 525
589 526
2398 527
11522 528
9069 529
96 530
6203 531
796 532
9823 533
10247 534
6240 535
1702 536
9062 537
1128 538
9220 539
11501 540
7657 541
4371 542
3866 543
3611 544
12251 545
9536 546
10792 547
2316 548
11026 549
8840 550
6358 551
743 552
145 553
1479 554
1958 555
3052 556
9676 557
5733 558
7378 559
8316 560
1089 561
2828 562
5866 563
12298 564
10490 565
7867 566
4153 567
12491 568
4798 569
10654 570
11068 571
8201 572
9995 573
885 574
8937 575
3741 576
7280 577
8542 578
6621 579
4772 580
1991 581
5404 582
7014 583
3007 584
4943 585
8168 586
2336 587
243 588
5640 589
9666 590
11703 591
5449 592
5912 593
8302 594
266 595
8350 596
2375 597
11470 598
2120 599
2540 600
12361 601
6304 602
1832 603
10705 604
6449 605
3532 606
10421 607
1681 608
1072 609
1563 610
961 611
3101 612
12812 613
11753 614
568 615
1111 616
5583 617
937 618
4858 619
2701 620
11306 621
12106 622
4260 623
10065 624
8714 625
10509 626
9309 627
8187 628
646 629
6070 630
3144 631
6944 632
5097 633
8191 634
2002 635
12899 636
10768 637
6357 638
2411 639
6086 640
6214 641
6313 642
2290 643
7920 644
6440 645
130 646
330 647
1290 648
11114 649
11094 650
4389 651
6627 652
12076 653
8477 654
6448 655
9712 656
1546 657
12120 658
9403 659
11607 660
12929 661
2628 662
4131 663
11382 664
3922 665
511 666
1970 667
10006 668
2897 669
11583 670
10363 671
5915 672
9320 673
1177 674
10242 675
3458 676
2227 677
8820 678
2066 679
3794 680
278 681
12271 682
1280 683
12203 684
12856 685
9763 686
622 687
1987 688
7691 689
2386 690
6601 691
2923 692
9534 693
5000 694
4821 695
8102 696
3866 697
4594 698
4647 699
8584 700
6291 701
9625 702
6351 703
12199 704
9857 705
9431 706
8394 707
2992 708
11553 709
2183 710
12871 711
5704 712
5695 713
10290 714
3520 715
7269 716
5200 717
4230 718
9587 719
12173 720
8857 721
7628 722
4101 723
3447 724
3799 725
10323 726
10806 727
2233 728
10019 729
2550 730
6790 731
10112 732
11232 733
8370 734
9984 735
5787 736
12651 737
12535 738
1454 739
8076 740
6894 741
9190 742
9055 743
1989 744
1152 745
6742 746
175 747
2133 748
5442 749
9649 750
4028 751
4293 752
12201 753
12965 754
7587 755
7055 756
2177 757
12514 758
4938 759
3953 760
4120 761
1473 762
8312 763
1562 764
3305 765
5206 766
6754 767
12480 768
9933 769
6946 770
1627 771
7167 772
7980 773
9454 774
12250 775
4675 776
97 777
8319 778
12279 779
1186 780
11013 781
10363 782
11741 783
4382 784
5605 785
3441 786
3786 787
7447 788
9692 789
11702 790
3245 791
7761 792
4664 793
9550 794
4732 795
4016 796
12566 797
12965 798
3097 799
10512 800
4589 801
10254 802
10522 803
2073 804
4937 805
5796 806
7479 807
9662 808
9110 809
10295 810
8835 811
3661 812
3725 813
9404 814
10984 815
9180 816
5019 817
8076 818
4345 819
5304 820
19 821
9234 822
8471 823
5116 824
9916 825
7694 826
12071 827
10057 828
1079 829
1217 830
1913 831
1747 832
5393 833
8570 834
1470 835
12050 836
3597 837
9728 838
3392 839
7225 840
12255 841
4345 842
3423 843
10267 844
624 845
8125 846
4007 847
3810 848
7773 849
9899 850
12609 851
12009 852
12234 853
1159 854
1223 855
12358 856
211 857
10340 858
7061 859
6809 860
4315 861
9659 862
3111 863
6429 864
5835 865
4846 866
11542 867
6621 868
9319 869
6480 870
4971 871
11975 872
10117 873
3342 874
6038 875
10506 876
4938 877
12904 878
3277 879
5090 880
6663 881
7157 882
1789 883
5383 884
11583 885
824 886
8728 887
9892 888
3300 889
11677 890
12495 891
12952 892
128 893
10801 894
8694 895
8842 896
3892 897
11789 898
10808 899
2234 900
11374 901
904 902
8524 903
12275 904
4333 905
11540 906
2550 907
11971 908
46 909
12920 910
5812 911
3289 912
2479 913
1493 914
1240 915
7922 916
11233 917
9126 918
10677 919
4657 920
6233 921
5990 922
3147 923
12196 924
8751 925
6382 926
6462 927
9148 928
6940 929
4316 930
5495 931
8982 932
5623 933
5566 934
3440 935
6461 936
4159 937
5161 938
673 939
5341 940
5960 941
2365 942
11353 943
5048 944
12254 945
7908 946
10395 947
8652 948
1069 949
12205 950
586 951
4317 952
4158 953
1811 954
9682 955
11432 956
1132 957
10590 958
1571 959
7078 960
3804 961
10004 962
1115 963
5719 964
2078 965
667 966
1751 967
12812 968
258 969
6419 970
8502 971
11815 972
12523 973
11738 974
3647 975
4085 976
7473 977
7593 978
9317 979
497 980
5278 981
2580 982
4379 983
8032 984
3452 985
2871 986
8690 987
4764 988
6074 989
2102 990
12383 991
4645 992
4037 993
1078 994
9537 995
9740 996
4019 997
11855 998
8671 999
9281 1000
9265 1001
5841 1002
11629 1003
8683 1004
8615 1005
2392 1006
176 1007
9251 1008
9885 1009
2500 1010
1389 1011
1694 1012
11696 1013
856 1014
842 1015
4544 1016
7295 1017
321 1018
6039 1019
10367 1020
8119 1021
10678 1022
12011 1023
6836 1024
8370 1025
3466 1026
3914 1027
3370 1028
6503 1029
7058 1030
10690 1031
10817 1032
7786 1033
12937 1034
5821 1035
9115 1036
403 1037
330 1038
6602 1039
13000 1040
5616 1041
10921 1042
3092 1043
2758 1044
11470 1045
6940 1046
11231 1047
7963 1048
7528 1049
8219 1050
445 1051
7690 1052
8211 1053
2351 1054
5072 1055
1359 1056
6558 1057
12062 1058
922 1059
3868 1060
10427 1061
5449 1062
6858 1063
695 1064
4929 1065
1323 1066
7746 1067
10923 1068
4209 1069
6345 1070
2194 1071
4507 1072
6770 1073
9338 1074
91 1075
11511 1076
11890 1077
8181 1078
11295 1079
4094 1080
12022 1081
9443 1082
6857 1083
11013 1084
6406 1085
2109 1086
10145 1087
1033 1088
3520 1089
4573 1090
8116 1091
5521 1092
5716 1093
10438 1094
7882 1095
9266 1096
4028 1097
3170 1098
2598 1099
634 1100
3921 1101
1458 1102
3972 1103
442 1104
9157 1105
10640 1106
7204 1107
6233 1108
1103 1109
1779 1110
2030 1111
7959 1112
5354 1113
8584 1114
3239 1115
2769 1116
977 1117
9057 1118
9257 1119
7280 1120
8063 1121
1429 1122
9579 1123
7880 1124
7798 1125
3358 1126
10007 1127
10769 1128
2032 1129
3522 1130
3115 1131
4058 1132
11662 1133
12190 1134
5022 1135
7787 1136
2325 1137
1494 1138
7104 1139
4334 1140
11044 1141
12982 1142
6138 1143
11323 1144
9339 1145
9655 1146
2212 1147
10906 1148
7007 1149
7762 1150
6459 1151
7487 1152
4463 1153
4160 1154
12340 1155
108 1156
6364 1157
3560 1158
5201 1159
5294 1160
10953 1161
5782 1162
711 1163
4874 1164
7879 1165
2454 1166
11150 1167
3229 1168
8899 1169
9431 1170
7028 1171
11810 1172
3760 1173
7158 1174
7305 1175
1921 1176
9991 1177
67 1178
12072 1179
7930 1180
86 1181
11638 1182
3152 1183
6599 1184
8604 1185
3875 1186
5603 1187
11501 1188
9799 1189
6442 1190
4845 1191
3570 1192
5750 1193
12090 1194
10417 1195
9801 1196
10219 1197
8741 1198
7497 1199
2434 1200
9063 1201
8423 1202
1965 1203
6332 1204
741 1205
6237 1206
8251 1207
3427 1208
10160 1209
9320 1210
9951 1211
11847 1212
6241 1213
2915 1214
6424 1215
12337 1216
11730 1217
9671 1218
9839 1219
323 1220
5016 1221
9555 1222
12531 1223
3561 1224
8357 1225
122 1226
7088 1227
1055 1228
6991 1229
10901 1230
678 1231
9167 1232
5464 1233
1369 1234
10606 1235
11047 1236
5169 1237
11397 1238
5439 1239
2615 1240
2109 1241
5346 1242
1843 1243
4292 1244
8546 1245
9324 1246
10443 1247
9684 1248
5136 1249
4903 1250
6629 1251
12355 1252
82 1253
6918 1254
9071 1255
12737 1256
7728 1257
10184 1258
868 1259
11544 1260
2034 1261
6619 1262
10467 1263
9484 1264
9642 1265
7777 1266
1970 1267
238 1268
6487 1269
12238 1270
4081 1271
593 1272
12734 1273
2258 1274
6742 1275
3322 1276
3470 1277
10275 1278
3021 1279
10985 1280
8544 1281
594 1282
9210 1283
3093 1284
7238 1285
7203 1286
10762 1287
11213 1288
4420 1289
5560 1290
3150 1291
975 1292
2257 1293
2624 1294
9932 1295
12357 1296
2942 1297
12253 1298
5144 1299
