1600 550
8079 0
6544 1
5754 2
1828 3
10332 4
14227 5
13461 6
12771 7
2364 8
11604 9
9574 10
12703 11
12850 12
3091 13
8894 14
3097 15
11676 16
12019 17
12565 18
7929 19
11657 20
9038 21
10491 22
6839 23
5661 24
8896 25
691 26
9880 27
3069 28
12419 29
494 30
8477 31
15364 32
1516 33
15986 34
6480 35
4275 36
15648 37
14090 38
11548 39
11664 40
12534 41
4423 42
9028 43
2312 44
3219 45
7329 46
5314 47
6874 48
15042 49
14566 50
7713 51
12871 52
4455 53
172 54
15241 55
8844 56
8921 57
6388 58
3016 59
14802 60
8252 61
12957 62
10749 63
5748 64
773 65
1395 66
11072 67
3195 68
7639 69
953 70
15836 71
6085 72
15384 73
3467 74
4202 75
6351 76
1537 77
11411 78
8446 79
12584 80
12729 81
4500 82
11109 83
4790 84
15089 85
11600 86
11305 87
10624 88
3266 89
5651 90
6199 91
10486 92
13608 93
11689 94
7926 95
8280 96
8704 97
4511 98
6647 99
15489 100
2071 101
728 102
13889 103
11829 104
1830 105
11762 106
11649 107
12826 108
15808 109
1065 110
7285 111
2967 112
4660 113
1582 114
704 115
6125 116
4480 117
3269 118
4653 119
4446 120
6645 121
15814 122
1660 123
11369 124
10739 125
11433 126
9328 127
3906 128
12223 129
489 130
5294 131
1754 132
13286 133
11494 134
10423 135
12235 136
14834 137
12738 138
6578 139
7554 140
12791 141
15627 142
12514 143
10080 144
11651 145
12121 146
14855 147
328 148
9733 149
1141 150
7857 151
8695 152
10549 153
4955 154
11039 155
6649 156
4649 157
5172 158
10015 159
7446 160
8484 161
9899 162
6551 163
11163 164
845 165
5101 166
14101 167
4180 168
15021 169
5669 170
6938 171
12558 172
15162 173
13196 174
6152 175
2089 176
3392 177
908 178
3983 179
2559 180
11747 181
8902 182
9412 183
8160 184
118 185
9375 186
3161 187
13524 188
3307 189
12688 190
37 191
10147 192
5459 193
14038 194
6197 195
10215 196
14887 197
15526 198
15069 199
12943 200
5937 201
15029 202
9180 203
5181 204
3957 205
9829 206
3202 207
12211 208
15793 209
1920 210
13759 211
13893 212
4020 213
13045 214
12765 215
9354 216
1801 217
9363 218
3239 219
3658 220
5185 221
10426 222
4131 223
6623 224
5694 225
2681 226
11622 227
5948 228
6285 229
10328 230
5045 231
12966 232
4692 233
8463 234
8217 235
6177 236
11641 237
6287 238
886 239
8518 240
9306 241
7147 242
1619 243
9406 244
7412 245
5465 246
6496 247
3678 248
12892 249
8818 250
182 251
4493 252
14160 253
10528 254
14046 255
183 256
2014 257
166 258
4083 259
9366 260
15975 261
9690 262
9339 263
13509 264
3990 265
11510 266
1443 267
13879 268
2422 269
13524 270
7338 271
1002 272
14321 273
12727 274
12468 275
2822 276
13832 277
9551 278
2341 279
7950 280
12225 281
7525 282
481 283
6374 284
4953 285
11084 286
11943 287
10497 288
10138 289
12667 290
9468 291
1166 292
600 293
2459 294
12603 295
4839 296
5756 297
9834 298
15285 299
3788 300
3334 301
14415 302
11365 303
11110 304
11399 305
9461 306
13923 307
9610 308
2282 309
6232 310
14786 311
12344 312
5082 313
11230 314
11762 315
6878 316
12059 317
14251 318
11849 319
5523 320
1481 321
2736 322
13674 323
2789 324
10701 325
10280 326
13858 327
10600 328
6760 329
1713 330
13374 331
14688 332
6234 333
6772 334
12228 335
9311 336
11577 337
12753 338
11629 339
684 340
15752 341
5114 342
12205 343
12967 344
4421 345
13180 346
10815 347
14493 348
930 349
6308 350
7344 351
2913 352
5827 353
4488 354
2224 355
15693 356
2757 357
2456 358
9418 359
14084 360
11860 361
8110 362
10799 363
9519 364
1192 365
8536 366
13690 367
14592 368
6614 369
1465 370
6844 371
15089 372
10683 373
15317 374
10244 375
1438 376
94 377
6625 378
4898 379
3270 380
9699 381
11685 382
14446 383
1215 384
11169 385
2551 386
13411 387
1047 388
12189 389
15751 390
7310 391
6921 392
2575 393
12072 394
3817 395
2854 396
13387 397
3803 398
6541 399
9286 400
4354 401
1099 402
6614 403
11138 404
3411 405
1279 406
14690 407
5591 408
1834 409
14318 410
12541 411
5531 412
213 413
11245 414
12567 415
13507 416
6791 417
4885 418
4181 419
10850 420
9492 421
6133 422
11161 423
1362 424
2444 425
8327 426
10419 427
3678 428
7471 429
13044 430
9289 431
2848 432
1009 433
11184 434
10411 435
467 436
12417 437
2067 438
13179 439
9610 440
10160 441
1647 442
3230 443
3951 444
2793 445
15413 446
15160 447
4238 448
4241 449
7322 450
5703 451
14908 452
12879 453
3108 454
10455 455
15475 456
11523 457
12536 458
3863 459
5336 460
2150 461
9017 462
6047 463
12699 464
1432 465
925 466
13334 467
10222 468
9079 469
6122 470
15616 471
5097 472
5206 473
10453 474
7918 475
3854 476
10517 477
14672 478
2876 479
15543 480
3183 481
7319 482
7621 483
12693 484
11767 485
5189 486
1061 487
12981 488
1075 489
15105 490
2285 491
8934 492
4613 493
8869 494
6987 495
1410 496
440 497
15264 498
2788 499
7073 500
11579 501
235 502
11562 503
144 504
2763 505
8316 506
6263 507
12369 508
1882 509
1217 510
10898 511
9818 512
8380 513
15419 514
14230 515
6895 516
15493 517
15390 518
3447 519
4744 520
3546 521
4879 522
10715 523
9013 524
9031 525
2576 526
279 527
13697 528
6423 529
958 530
3456 531
11883 532
5509 533
15138 534
14619 535
4163 536
1373 537
3984 538
14602 539
6343 540
12860 541
2489 542
15753 543
13477 544
5485 545
3703 546
14664 547
2914 548
6444 549
7755 550
14507 551
11012 552
2093 553
4419 554
2567 555
10614 556
10845 557
15627 558
3265 559
7665 560
12356 561
13435 562
1177 563
4314 564
6331 565
9429 566
15689 567
5058 568
5099 569
1159 570
11521 571
14373 572
2325 573
2159 574
12092 575
12254 576
4834 577
14072 578
329 579
9676 580
6132 581
7247 582
14201 583
1680 584
15784 585
10679 586
1260 587
9024 588
449 589
8989 590
610 591
6958 592
14988 593
4133 594
2205 595
15457 596
14719 597
2250 598
12260 599
14774 600
6088 601
8526 602
8007 603
6324 604
10883 605
14851 606
12070 607
1457 608
9820 609
824 610
661 611
13223 612
12696 613
9853 614
7491 615
5053 616
14584 617
10556 618
14835 619
259 620
14690 621
6711 622
14774 623
6452 624
9464 625
7941 626
5686 627
9684 628
12272 629
4943 630
1551 631
8637 632
9227 633
4673 634
13510 635
11936 636
12613 637
9886 638
1483 639
12115 640
8570 641
10887 642
15258 643
1825 644
4363 645
4567 646
11689 647
14317 648
8365 649
2993 650
15435 651
12491 652
65 653
1682 654
4945 655
1753 656
5786 657
4545 658
7239 659
11363 660
10814 661
113 662
1162 663
14245 664
10946 665
8779 666
4723 667
7379 668
14571 669
4450 670
7380 671
12368 672
9758 673
6652 674
12378 675
9415 676
3066 677
5480 678
5535 679
8348 680
11391 681
7660 682
1214 683
9652 684
6117 685
4951 686
10095 687
3191 688
10301 689
11571 690
10830 691
8286 692
5770 693
2592 694
3403 695
11136 696
14903 697
8992 698
12953 699
10692 700
6533 701
4667 702
803 703
12253 704
8007 705
10182 706
2101 707
574 708
10939 709
2639 710
15748 711
14875 712
9388 713
15484 714
8981 715
506 716
12289 717
8948 718
7460 719
2593 720
1161 721
12118 722
10582 723
15043 724
2609 725
8987 726
2124 727
9842 728
4224 729
4991 730
11050 731
9429 732
8899 733
7534 734
2777 735
4599 736
15332 737
10007 738
4120 739
11544 740
11194 741
15960 742
11804 743
2012 744
6485 745
10668 746
15945 747
5418 748
6926 749
13894 750
2376 751
14159 752
4523 753
5764 754
12482 755
5865 756
6286 757
12238 758
2447 759
628 760
697 761
4548 762
2842 763
5181 764
15726 765
1636 766
7287 767
10397 768
3729 769
8047 770
9345 771
8929 772
8549 773
4176 774
152 775
9766 776
7191 777
8159 778
3600 779
7556 780
7991 781
5216 782
8688 783
12164 784
7313 785
1864 786
1637 787
4620 788
7005 789
9502 790
3278 791
8691 792
11490 793
4240 794
14687 795
2280 796
7129 797
9949 798
11418 799
9622 800
1916 801
1879 802
14667 803
2778 804
12502 805
3218 806
4844 807
12882 808
11928 809
10484 810
10658 811
4611 812
10391 813
6739 814
11384 815
1033 816
14701 817
13626 818
15409 819
15742 820
9418 821
1135 822
11262 823
14074 824
4863 825
5646 826
10744 827
3724 828
13492 829
12470 830
1452 831
3665 832
6745 833
3799 834
3255 835
1581 836
9208 837
11241 838
12535 839
2027 840
10594 841
13845 842
12089 843
391 844
1995 845
14359 846
4767 847
7672 848
8415 849
11166 850
1088 851
9055 852
14960 853
5100 854
5351 855
902 856
10055 857
4652 858
10 859
3041 860
15546 861
12256 862
8664 863
3892 864
8015 865
1287 866
2322 867
11710 868
2797 869
7166 870
10837 871
12751 872
12636 873
7997 874
13281 875
4373 876
4287 877
9756 878
7754 879
13357 880
12013 881
15679 882
4948 883
9298 884
7856 885
6304 886
7494 887
15405 888
14331 889
11083 890
7466 891
6982 892
13799 893
5757 894
12803 895
1480 896
7216 897
2726 898
2553 899
10879 900
12620 901
13154 902
5849 903
7513 904
914 905
3174 906
15113 907
14592 908
9707 909
5086 910
6994 911
8393 912
1040 913
4710 914
11352 915
13585 916
4782 917
1854 918
1025 919
8305 920
10342 921
3757 922
14981 923
5327 924
3851 925
15777 926
15590 927
7280 928
12766 929
5755 930
8887 931
9933 932
5158 933
10917 934
11840 935
15020 936
13687 937
421 938
5301 939
9996 940
3064 941
5566 942
1291 943
13168 944
12945 945
16000 946
9182 947
4852 948
12969 949
5781 950
9274 951
12798 952
626 953
13103 954
2529 955
2243 956
7659 957
9292 958
14417 959
6290 960
6586 961
3842 962
2899 963
10244 964
9768 965
7076 966
15465 967
5404 968
5517 969
8029 970
3806 971
5600 972
11212 973
9145 974
7233 975
13194 976
12113 977
6201 978
7145 979
15628 980
10199 981
3449 982
734 983
5539 984
1581 985
8156 986
4768 987
998 988
9375 989
5153 990
12744 991
4528 992
2074 993
7114 994
5122 995
15486 996
8657 997
1106 998
11484 999
3684 1000
7536 1001
3244 1002
14781 1003
4122 1004
6310 1005
2518 1006
1863 1007
5733 1008
2055 1009
14688 1010
8417 1011
15373 1012
1698 1013
355 1014
2214 1015
7501 1016
13795 1017
9380 1018
9156 1019
12241 1020
776 1021
7394 1022
2057 1023
576 1024
1620 1025
5263 1026
9068 1027
8763 1028
14141 1029
14394 1030
4813 1031
2179 1032
7721 1033
13171 1034
134 1035
536 1036
14652 1037
13796 1038
11147 1039
14068 1040
7653 1041
14788 1042
4537 1043
11984 1044
8336 1045
5180 1046
13593 1047
1983 1048
6973 1049
6694 1050
15727 1051
2350 1052
6386 1053
6080 1054
11964 1055
14598 1056
12798 1057
3876 1058
2191 1059
11169 1060
3202 1061
10808 1062
14925 1063
12455 1064
7159 1065
6944 1066
2540 1067
15378 1068
1891 1069
15069 1070
2999 1071
6546 1072
436 1073
11352 1074
14151 1075
3511 1076
4941 1077
9343 1078
15619 1079
5093 1080
10676 1081
4325 1082
12198 1083
15407 1084
3765 1085
9629 1086
11834 1087
15475 1088
11532 1089
7021 1090
13063 1091
844 1092
4697 1093
10341 1094
5797 1095
1993 1096
15698 1097
2651 1098
3102 1099
12082 1100
15503 1101
34 1102
6202 1103
351 1104
6305 1105
13972 1106
3061 1107
14900 1108
4083 1109
10350 1110
5295 1111
9725 1112
4191 1113
13770 1114
5841 1115
15832 1116
11862 1117
12910 1118
2393 1119
9168 1120
11691 1121
7666 1122
1849 1123
15717 1124
597 1125
4311 1126
5241 1127
8522 1128
15419 1129
8507 1130
481 1131
12479 1132
11247 1133
1030 1134
9134 1135
3066 1136
9554 1137
13006 1138
6377 1139
260 1140
12731 1141
4110 1142
8383 1143
14502 1144
5410 1145
15289 1146
8655 1147
4086 1148
2088 1149
11372 1150
8130 1151
3820 1152
5525 1153
9647 1154
12878 1155
8305 1156
5245 1157
6526 1158
5565 1159
11346 1160
4398 1161
11008 1162
5988 1163
5626 1164
2318 1165
11731 1166
15997 1167
6678 1168
8011 1169
12300 1170
12283 1171
15461 1172
7897 1173
2851 1174
6710 1175
4122 1176
1108 1177
9124 1178
12551 1179
1567 1180
15682 1181
10795 1182
6078 1183
9905 1184
6809 1185
14448 1186
11431 1187
1470 1188
14650 1189
11719 1190
4122 1191
4691 1192
15427 1193
1418 1194
10549 1195
4910 1196
8723 1197
4204 1198
5758 1199
8774 1200
9983 1201
13336 1202
2595 1203
3173 1204
5314 1205
639 1206
13304 1207
4278 1208
14092 1209
14294 1210
1260 1211
7488 1212
2034 1213
14260 1214
9424 1215
6408 1216
4543 1217
5884 1218
15214 1219
4592 1220
4388 1221
3573 1222
2520 1223
10872 1224
710 1225
1735 1226
7634 1227
10978 1228
5212 1229
12116 1230
1216 1231
5423 1232
14436 1233
6076 1234
12391 1235
4205 1236
15588 1237
7416 1238
6345 1239
3577 1240
12974 1241
3877 1242
6430 1243
1200 1244
13466 1245
6350 1246
4151 1247
6426 1248
14610 1249
12422 1250
119 1251
5915 1252
11399 1253
11554 1254
1553 1255
15455 1256
11981 1257
10407 1258
15646 1259
2641 1260
3222 1261
2820 1262
15337 1263
1637 1264
8139 1265
7047 1266
8579 1267
7734 1268
7544 1269
14284 1270
2229 1271
8348 1272
6036 1273
7210 1274
12846 1275
3400 1276
11047 1277
8028 1278
6148 1279
15238 1280
4109 1281
1646 1282
4721 1283
8692 1284
4376 1285
14782 1286
13066 1287
5636 1288
1883 1289
3487 1290
1140 1291
1148 1292
3842 1293
5513 1294
941 1295
11384 1296
6853 1297
8061 1298
2692 1299
213 1300
3722 1301
7336 1302
6490 1303
489 1304
8207 1305
8086 1306
10789 1307
8465 1308
13712 1309
13462 1310
14408 1311
3191 1312
12947 1313
15887 1314
2767 1315
12442 1316
3690 1317
9499 1318
7648 1319
14019 1320
8853 1321
5390 1322
15145 1323
3762 1324
8209 1325
13801 1326
11597 1327
12294 1328
7477 1329
11322 1330
4616 1331
1106 1332
3527 1333
11451 1334
6371 1335
9758 1336
1628 1337
6703 1338
12815 1339
10333 1340
11801 1341
15031 1342
2556 1343
6197 1344
9796 1345
3704 1346
7240 1347
12590 1348
2188 1349
7663 1350
9726 1351
1663 1352
2532 1353
128 1354
11652 1355
14292 1356
11830 1357
3030 1358
15483 1359
3565 1360
10700 1361
3858 1362
6944 1363
2578 1364
7777 1365
1570 1366
15209 1367
7038 1368
1636 1369
11094 1370
3315 1371
7118 1372
61 1373
281 1374
14774 1375
4965 1376
15159 1377
10798 1378
1277 1379
13985 1380
12154 1381
9365 1382
10638 1383
7307 1384
6851 1385
1046 1386
8533 1387
7981 1388
12509 1389
10644 1390
1877 1391
15549 1392
11594 1393
9243 1394
12109 1395
10396 1396
5694 1397
7598 1398
3978 1399
4178 1400
2844 1401
5199 1402
14451 1403
877 1404
10602 1405
8508 1406
7570 1407
308 1408
10388 1409
12783 1410
12476 1411
11891 1412
10224 1413
4691 1414
14080 1415
12108 1416
588 1417
5372 1418
15320 1419
15896 1420
6943 1421
1806 1422
541 1423
5144 1424
2984 1425
2324 1426
4928 1427
6710 1428
13486 1429
10193 1430
196 1431
3718 1432
9243 1433
8913 1434
14886 1435
2878 1436
1725 1437
1359 1438
7296 1439
8882 1440
12877 1441
6699 1442
3843 1443
9280 1444
14658 1445
11962 1446
4734 1447
6898 1448
8024 1449
14048 1450
389 1451
12374 1452
8544 1453
2744 1454
2348 1455
5021 1456
13994 1457
7695 1458
1670 1459
2210 1460
9016 1461
14346 1462
4975 1463
2908 1464
12514 1465
9504 1466
3640 1467
4293 1468
13124 1469
10012 1470
12232 1471
2786 1472
4267 1473
15059 1474
13350 1475
1530 1476
13731 1477
2333 1478
4546 1479
5587 1480
5870 1481
3931 1482
7552 1483
15593 1484
11581 1485
2065 1486
15210 1487
12157 1488
11310 1489
13697 1490
12055 1491
11378 1492
13706 1493
13781 1494
6051 1495
4690 1496
5725 1497
10496 1498
3833 1499
517 1500
12433 1501
2264 1502
12911 1503
1215 1504
13012 1505
1519 1506
13875 1507
203 1508
5063 1509
11426 1510
6300 1511
1539 1512
13240 1513
10590 1514
7835 1515
3217 1516
11585 1517
10801 1518
9001 1519
13115 1520
3159 1521
9770 1522
3707 1523
11247 1524
13378 1525
3223 1526
11993 1527
13621 1528
1480 1529
8910 1530
14689 1531
259 1532
2438 1533
12015 1534
1140 1535
15557 1536
12292 1537
12845 1538
9316 1539
8012 1540
3144 1541
10402 1542
4197 1543
6082 1544
6488 1545
5775 1546
7870 1547
11151 1548
4272 1549
9717 1550
9391 1551
5934 1552
8618 1553
4070 1554
11289 1555
9935 1556
12358 1557
12702 1558
3242 1559
5396 1560
15252 1561
14421 1562
10337 1563
3290 1564
8190 1565
4065 1566
4770 1567
9897 1568
6159 1569
5903 1570
10960 1571
12336 1572
14927 1573
2425 1574
5309 1575
655 1576
13362 1577
13565 1578
15640 1579
10543 1580
7803 1581
178 1582
939 1583
2768 1584
12180 1585
7740 1586
6328 1587
6109 1588
15856 1589
13875 1590
5978 1591
14379 1592
7288 1593
12544 1594
3333 1595
13195 1596
15072 1597
7324 1598
5856 1599
