1350 700
6701 0
11232 1
7189 2
361 3
13023 4
4841 5
6305 6
5290 7
177 8
3457 9
8885 10
4892 11
8776 12
4873 13
6681 14
817 15
1833 16
7943 17
7456 18
1344 19
12374 20
9901 21
8281 22
8568 23
8470 24
8332 25
5520 26
5668 27
2838 28
6402 29
8031 30
7956 31
12785 32
9444 33
7954 34
12142 35
10891 36
3849 37
13374 38
2577 39
8824 40
9078 41
9044 42
12443 43
1435 44
11041 45
9043 46
673 47
4436 48
1205 49
3805 50
7744 51
8114 52
1002 53
473 54
13016 55
12553 56
12938 57
8391 58
4995 59
6219 60
9035 61
10595 62
2572 63
11661 64
10155 65
9716 66
1707 67
5451 68
9720 69
8455 70
2194 71
2652 72
767 73
13039 74
4184 75
2807 76
2987 77
234 78
4944 79
4036 80
12642 81
4631 82
8251 83
5333 84
1818 85
12678 86
2459 87
8406 88
2164 89
10781 90
7294 91
10264 92
536 93
5473 94
4865 95
5283 96
2990 97
469 98
11396 99
9905 100
12190 101
6458 102
12864 103
645 104
13203 105
13197 106
9686 107
3546 108
6777 109
4142 110
7336 111
10725 112
415 113
9225 114
7014 115
1021 116
7256 117
1187 118
12825 119
12863 120
6480 121
9683 122
2003 123
11294 124
5815 125
6244 126
12951 127
6237 128
7901 129
8732 130
13312 131
6516 132
12174 133
8852 134
5887 135
3140 136
12261 137
11515 138
5204 139
12431 140
2185 141
255 142
11121 143
12141 144
4876 145
11030 146
1228 147
12372 148
12597 149
9417 150
3447 151
11897 152
8834 153
4250 154
4747 155
703 156
8633 157
3043 158
7496 159
1039 160
4831 161
10427 162
8781 163
8435 164
6028 165
6553 166
2691 167
10959 168
9662 169
4825 170
10639 171
3187 172
3336 173
7543 174
3335 175
1074 176
1565 177
7047 178
1528 179
6806 180
12379 181
11770 182
1630 183
11079 184
511 185
10428 186
12485 187
9043 188
2010 189
11879 190
10130 191
11781 192
2662 193
10512 194
2195 195
12467 196
2668 197
7319 198
63 199
12237 200
4196 201
1030 202
13033 203
12996 204
6174 205
6596 206
11927 207
13388 208
9873 209
12142 210
13433 211
10483 212
7886 213
2621 214
13432 215
12474 216
9071 217
12160 218
12251 219
13191 220
12097 221
7654 222
11844 223
4514 224
6103 225
5507 226
7777 227
6382 228
2626 229
12494 230
2992 231
7164 232
11905 233
12623 234
4389 235
12804 236
1437 237
2257 238
4347 239
10923 240
7660 241
10792 242
4319 243
8293 244
4558 245
3699 246
13005 247
2393 248
12740 249
457 250
5254 251
11984 252
11629 253
3632 254
1839 255
12147 256
13449 257
5891 258
11659 259
9537 260
4539 261
3852 262
9024 263
11438 264
9035 265
3781 266
6894 267
4197 268
2928 269
9284 270
10263 271
8015 272
12893 273
1401 274
308 275
11131 276
11861 277
5384 278
4882 279
6507 280
3410 281
754 282
6125 283
11727 284
1341 285
8427 286
1855 287
9589 288
9316 289
12259 290
11850 291
9628 292
4443 293
10959 294
4018 295
1099 296
12972 297
10777 298
10793 299
6518 300
3162 301
4433 302
4841 303
9392 304
790 305
8595 306
13135 307
5716 308
13162 309
8840 310
12816 311
12748 312
9666 313
1880 314
12251 315
4044 316
7818 317
960 318
5717 319
9156 320
12991 321
10885 322
1978 323
12470 324
10427 325
13391 326
9512 327
537 328
10758 329
7588 330
13066 331
8319 332
13412 333
7178 334
7207 335
4569 336
7249 337
8339 338
1164 339
6230 340
6343 341
12471 342
13216 343
11262 344
10224 345
2963 346
11688 347
718 348
11358 349
13030 350
1751 351
7710 352
6391 353
8084 354
11169 355
11122 356
1489 357
2919 358
12052 359
2304 360
2240 361
7455 362
6028 363
10846 364
988 365
3098 366
6428 367
12398 368
9721 369
10392 370
7386 371
8374 372
1961 373
5379 374
1390 375
7066 376
2796 377
13494 378
667 379
671 380
7099 381
10121 382
8285 383
10525 384
11755 385
8679 386
644 387
8370 388
314 389
4500 390
210 391
9605 392
6398 393
376 394
13292 395
10587 396
625 397
7650 398
9692 399
8383 400
11400 401
8098 402
1145 403
6645 404
10438 405
9265 406
11354 407
9544 408
9866 409
2566 410
12359 411
4219 412
1106 413
6980 414
8760 415
7629 416
5582 417
6203 418
4396 419
63 420
9392 421
8310 422
7161 423
3478 424
7801 425
12398 426
2664 427
5804 428
8340 429
12169 430
6546 431
9369 432
1630 433
10355 434
9978 435
2375 436
13160 437
1703 438
12990 439
9872 440
5444 441
12348 442
1620 443
4051 444
10879 445
4291 446
2118 447
6176 448
116 449
8017 450
5680 451
5812 452
2873 453
11487 454
5653 455
6519 456
4511 457
5836 458
2256 459
3303 460
2813 461
9175 462
2202 463
11299 464
13397 465
7919 466
280 467
11051 468
4997 469
10772 470
2114 471
391 472
12610 473
5087 474
8287 475
4508 476
11061 477
12514 478
10927 479
631 480
13018 481
8383 482
5801 483
2678 484
1060 485
3605 486
66 487
2275 488
7079 489
1374 490
2708 491
12406 492
55 493
11190 494
13374 495
5663 496
12549 497
10951 498
4202 499
2735 500
5799 501
1022 502
3687 503
12062 504
6325 505
8557 506
12522 507
12696 508
10485 509
9145 510
7099 511
3527 512
10368 513
4570 514
2801 515
756 516
9463 517
4429 518
995 519
287 520
4589 521
1557 522
2989 523
8790 524
7049 525
11405 526
11845 527
7474 528
654 529
12418 530
12055 531
9843 532
5306 533
10347 534
8387 535
4775 536
11535 537
3400 538
7174 539
7243 540
1034 541
4252 542
9336 543
12635 544
1455 545
7689 546
5649 547
3868 548
8682 549
3077 550
11098 551
9208 552
1457 553
9873 554
1297 555
12186 556
7229 557
2177 558
5403 559
1998 560
6661 561
7328 562
643 563
10798 564
767 565
5518 566
10126 567
3127 568
9407 569
6190 570
4685 571
9377 572
496 573
51 574
7936 575
3437 576
103 577
4664 578
1552 579
7319 580
12696 581
13117 582
1923 583
613 584
8714 585
1430 586
803 587
3383 588
9530 589
1853 590
1072 591
5839 592
2402 593
248 594
2273 595
6291 596
13221 597
692 598
6922 599
3445 600
11318 601
9196 602
12916 603
7907 604
8930 605
12587 606
6720 607
3251 608
7747 609
7874 610
12642 611
1858 612
8967 613
7151 614
4782 615
8831 616
7094 617
10037 618
5146 619
13311 620
2050 621
3495 622
10488 623
8220 624
7065 625
3776 626
12927 627
7741 628
10039 629
3737 630
2774 631
3025 632
3496 633
6543 634
9611 635
10829 636
5977 637
5473 638
12654 639
11022 640
8802 641
10331 642
13251 643
4571 644
3341 645
5689 646
1958 647
10468 648
11387 649
4900 650
2168 651
10853 652
5364 653
11353 654
3756 655
6911 656
556 657
1232 658
11557 659
9066 660
5518 661
6752 662
5936 663
12253 664
3356 665
2895 666
12660 667
4048 668
9675 669
5425 670
3234 671
6510 672
2409 673
7837 674
4662 675
4362 676
6102 677
11292 678
12101 679
8791 680
12284 681
5003 682
6244 683
6568 684
701 685
7262 686
8498 687
7824 688
6015 689
2043 690
9372 691
11742 692
9941 693
6692 694
2114 695
6672 696
8048 697
10912 698
3195 699
305 700
8448 701
11974 702
13181 703
6045 704
2370 705
10080 706
1123 707
2176 708
10180 709
893 710
1557 711
10313 712
5061 713
5994 714
3810 715
7777 716
10816 717
9509 718
4930 719
6204 720
3416 721
8145 722
12198 723
12201 724
6917 725
3566 726
6342 727
3780 728
7631 729
11012 730
6582 731
5106 732
407 733
10470 734
11276 735
4905 736
1531 737
4921 738
381 739
6874 740
8980 741
11755 742
11463 743
9367 744
7612 745
4814 746
12053 747
9777 748
4643 749
8879 750
11246 751
6905 752
11741 753
13145 754
6943 755
13422 756
9469 757
11442 758
1049 759
4979 760
6784 761
4622 762
5744 763
9077 764
12390 765
7241 766
10915 767
10026 768
8843 769
12673 770
11921 771
7625 772
8743 773
8507 774
7660 775
10067 776
12882 777
6009 778
6977 779
10747 780
1108 781
7562 782
2702 783
3020 784
6282 785
2586 786
11224 787
2365 788
4890 789
1835 790
747 791
2485 792
13338 793
7856 794
2219 795
7953 796
5508 797
9231 798
11554 799
13169 800
12537 801
4049 802
3344 803
8750 804
10324 805
6174 806
2562 807
9491 808
2307 809
8971 810
9763 811
13214 812
10654 813
1933 814
5035 815
9760 816
11054 817
7088 818
3457 819
12444 820
10772 821
12219 822
4828 823
12715 824
9667 825
5745 826
10486 827
1590 828
3126 829
13186 830
892 831
4460 832
4371 833
3869 834
6325 835
4499 836
12343 837
2437 838
324 839
4552 840
10616 841
3601 842
7396 843
236 844
6832 845
10623 846
8293 847
5927 848
1588 849
210 850
9393 851
12505 852
5040 853
12725 854
1361 855
2913 856
7811 857
7698 858
4606 859
12091 860
1622 861
942 862
10025 863
9260 864
4071 865
13260 866
13321 867
12528 868
7495 869
769 870
870 871
164 872
10736 873
4442 874
9519 875
669 876
432 877
12814 878
10036 879
6557 880
6906 881
5267 882
227 883
2109 884
3229 885
9529 886
3719 887
6058 888
10066 889
5116 890
6364 891
549 892
801 893
5558 894
7363 895
11387 896
4676 897
9570 898
2605 899
12208 900
8128 901
10141 902
10416 903
13281 904
2030 905
1819 906
307 907
12335 908
11952 909
10307 910
503 911
11564 912
3114 913
108 914
11231 915
800 916
5826 917
1870 918
4762 919
8598 920
11983 921
6665 922
112 923
5044 924
1093 925
580 926
10797 927
4100 928
2074 929
10061 930
8875 931
2158 932
6078 933
2300 934
10857 935
8094 936
2675 937
355 938
10713 939
13267 940
3064 941
9858 942
8613 943
9025 944
3086 945
1352 946
13346 947
10497 948
7090 949
12104 950
2435 951
6152 952
7131 953
8932 954
8764 955
2142 956
1488 957
12845 958
11798 959
4280 960
1144 961
7301 962
3654 963
5358 964
6280 965
8810 966
5428 967
8500 968
9145 969
5918 970
7662 971
6687 972
763 973
13429 974
3992 975
5632 976
7194 977
5116 978
8227 979
5283 980
1093 981
1395 982
4379 983
772 984
4272 985
5609 986
1445 987
4097 988
12544 989
10267 990
2095 991
8278 992
7742 993
3999 994
3284 995
2118 996
7355 997
10184 998
11398 999
11297 1000
3850 1001
6957 1002
2580 1003
1921 1004
289 1005
10738 1006
469 1007
10140 1008
3638 1009
1008 1010
1012 1011
6540 1012
6294 1013
8498 1014
7879 1015
12942 1016
11421 1017
3207 1018
4914 1019
11103 1020
2315 1021
4358 1022
13314 1023
3685 1024
1818 1025
4864 1026
6026 1027
8638 1028
5251 1029
589 1030
9908 1031
1884 1032
8313 1033
5871 1034
9572 1035
13433 1036
2891 1037
2582 1038
102 1039
7768 1040
3667 1041
5798 1042
12609 1043
7966 1044
8382 1045
11636 1046
2029 1047
949 1048
7040 1049
1730 1050
11318 1051
2051 1052
867 1053
3146 1054
4832 1055
8151 1056
3223 1057
110 1058
3212 1059
4480 1060
7587 1061
12525 1062
3402 1063
3356 1064
1665 1065
3195 1066
539 1067
8359 1068
11679 1069
1719 1070
1869 1071
3844 1072
9729 1073
11780 1074
12799 1075
9932 1076
2764 1077
6919 1078
11532 1079
5349 1080
4135 1081
13270 1082
2501 1083
1584 1084
10167 1085
6391 1086
8362 1087
9109 1088
7732 1089
10863 1090
11489 1091
3491 1092
993 1093
3462 1094
1641 1095
10360 1096
8816 1097
1420 1098
1319 1099
10275 1100
6524 1101
4264 1102
6123 1103
8350 1104
11909 1105
758 1106
6639 1107
2389 1108
1954 1109
7939 1110
12366 1111
6728 1112
1490 1113
6170 1114
6371 1115
9744 1116
10435 1117
4943 1118
8951 1119
8230 1120
3820 1121
2204 1122
11396 1123
4150 1124
7907 1125
8933 1126
11556 1127
10707 1128
11796 1129
4261 1130
13217 1131
5416 1132
3470 1133
6739 1134
3784 1135
16 1136
10628 1137
9694 1138
3989 1139
1124 1140
10013 1141
8269 1142
5013 1143
703 1144
4563 1145
12091 1146
10439 1147
2720 1148
13462 1149
7820 1150
10555 1151
13420 1152
1730 1153
11206 1154
5658 1155
6920 1156
4916 1157
7093 1158
8002 1159
9885 1160
1569 1161
11913 1162
6425 1163
2972 1164
740 1165
8440 1166
13287 1167
9486 1168
5780 1169
4100 1170
2982 1171
3047 1172
12473 1173
2386 1174
8419 1175
4538 1176
1170 1177
8603 1178
11223 1179
3851 1180
6322 1181
1624 1182
11089 1183
4837 1184
3944 1185
4630 1186
8785 1187
10538 1188
6006 1189
11542 1190
11129 1191
11535 1192
6009 1193
1369 1194
4728 1195
12606 1196
13252 1197
9556 1198
4327 1199
2444 1200
12358 1201
1386 1202
3178 1203
7612 1204
5512 1205
7817 1206
3802 1207
7696 1208
2890 1209
9193 1210
10963 1211
171 1212
9755 1213
13399 1214
10393 1215
4440 1216
11417 1217
3366 1218
8973 1219
9370 1220
13223 1221
6679 1222
5355 1223
6334 1224
6692 1225
13353 1226
13271 1227
12910 1228
243 1229
12054 1230
2853 1231
3989 1232
12998 1233
10585 1234
3645 1235
12782 1236
5185 1237
676 1238
2331 1239
5684 1240
5692 1241
6925 1242
6352 1243
8516 1244
11559 1245
10819 1246
3489 1247
6512 1248
8663 1249
7531 1250
9752 1251
1325 1252
8453 1253
11560 1254
2517 1255
3974 1256
12742 1257
845 1258
4691 1259
3155 1260
13183 1261
8904 1262
6619 1263
9152 1264
4359 1265
10561 1266
5616 1267
13491 1268
6848 1269
12327 1270
3550 1271
9911 1272
7983 1273
3858 1274
3297 1275
2544 1276
7541 1277
10279 1278
5563 1279
7932 1280
2933 1281
395 1282
5998 1283
3892 1284
4295 1285
2400 1286
9940 1287
1931 1288
645 1289
12480 1290
5073 1291
2147 1292
6510 1293
6403 1294
9299 1295
5903 1296
4142 1297
12374 1298
4768 1299
9546 1300
3234 1301
4665 1302
2024 1303
10515 1304
1372 1305
12062 1306
7167 1307
3824 1308
12209 1309
8584 1310
9808 1311
427 1312
7771 1313
11779 1314
11681 1315
12957 1316
6493 1317
1097 1318
3345 1319
1408 1320
8640 1321
6692 1322
11275 1323
5909 1324
9805 1325
7260 1326
3052 1327
393 1328
3503 1329
5815 1330
11391 1331
4773 1332
4707 1333
5184 1334
10893 1335
2741 1336
9146 1337
5018 1338
4653 1339
2166 1340
3012 1341
9846 1342
8278 1343
12021 1344
8449 1345
8746 1346
13231 1347
8307 1348
1362 1349
