1200 1600
7347 0
4970 1
822 2
10578 3
5468 4
2167 5
2758 6
4727 7
9693 8
11747 9
8196 10
214 11
4628 12
5894 13
6677 14
2771 15
102 16
11285 17
7585 18
11066 19
3253 20
8672 21
2108 22
10199 23
823 24
1239 25
8182 26
977 27
239 28
2722 29
6103 30
2178 31
5227 32
5553 33
10385 34
2585 35
8823 36
7171 37
3483 38
11823 39
8660 40
1704 41
7542 42
5745 43
8803 44
6987 45
4608 46
9489 47
10140 48
10529 49
4404 50
11318 51
1288 52
2235 53
7066 54
4590 55
5707 56
2292 57
11485 58
11848 59
400 60
1598 61
4111 62
11748 63
2371 64
8160 65
4172 66
11485 67
10499 68
11600 69
7318 70
6889 71
4775 72
2614 73
4501 74
5264 75
7348 76
11146 77
10944 78
11151 79
5371 80
7781 81
10558 82
10269 83
6131 84
11367 85
1279 86
4490 87
8689 88
5736 89
10358 90
9192 91
6077 92
8077 93
4905 94
4610 95
9565 96
11587 97
8374 98
10958 99
7577 100
844 101
6476 102
11386 103
5265 104
6783 105
1891 106
3875 107
8514 108
515 109
5917 110
9281 111
10879 112
5752 113
11937 114
8903 115
4619 116
755 117
783 118
3714 119
10558 120
11403 121
7559 122
10793 123
12 124
284 125
6301 126
11191 127
1248 128
8042 129
5082 130
10395 131
1297 132
9798 133
3343 134
6047 135
11133 136
9181 137
2750 138
11240 139
2455 140
201 141
10038 142
9110 143
7867 144
2520 145
8335 146
6783 147
3670 148
10317 149
9299 150
1377 151
10894 152
4286 153
4309 154
7936 155
1497 156
10555 157
1295 158
4821 159
10616 160
943 161
4886 162
11270 163
10460 164
4681 165
7228 166
6812 167
8033 168
7695 169
10453 170
5796 171
3038 172
6701 173
9014 174
5849 175
4432 176
857 177
10023 178
5559 179
6845 180
1156 181
1123 182
6976 183
7228 184
9599 185
11831 186
500 187
2489 188
5648 189
6580 190
9717 191
9586 192
4973 193
10336 194
5210 195
4665 196
4188 197
9531 198
2306 199
2419 200
8481 201
935 202
8285 203
9224 204
8909 205
4233 206
11899 207
213 208
5657 209
2344 210
5978 211
1443 212
10322 213
254 214
6097 215
11108 216
7593 217
9707 218
1945 219
6051 220
6657 221
1694 222
11838 223
7403 224
4777 225
1156 226
9135 227
5573 228
7159 229
1402 230
3402 231
8812 232
10177 233
7104 234
2321 235
4020 236
6139 237
4215 238
4503 239
9047 240
1139 241
2600 242
3638 243
10905 244
6185 245
8128 246
2819 247
2297 248
6964 249
1686 250
11951 251
11174 252
6026 253
7571 254
2526 255
5271 256
10910 257
11594 258
3592 259
9462 260
4925 261
10314 262
2971 263
11726 264
10889 265
11702 266
1986 267
10432 268
11531 269
2780 270
7298 271
8772 272
6932 273
7356 274
11781 275
395 276
4679 277
8414 278
4701 279
1743 280
11904 281
970 282
9402 283
6148 284
7506 285
3644 286
10897 287
4118 288
4989 289
3973 290
10750 291
1969 292
3570 293
1964 294
6772 295
5405 296
5242 297
10022 298
4218 299
9159 300
7976 301
3090 302
11398 303
5215 304
10913 305
9314 306
2926 307
9630 308
8268 309
9768 310
7480 311
3183 312
4415 313
6853 314
3726 315
9371 316
5347 317
11341 318
7831 319
1261 320
3235 321
3889 322
7575 323
9048 324
1989 325
7713 326
1604 327
10040 328
6761 329
7110 330
5073 331
5330 332
2603 333
1292 334
1634 335
4208 336
2851 337
5106 338
5636 339
8421 340
4002 341
3857 342
5246 343
3227 344
4657 345
9644 346
7019 347
1356 348
4142 349
8805 350
6593 351
3746 352
5218 353
1343 354
5887 355
7709 356
8250 357
6876 358
7587 359
3555 360
10229 361
3317 362
5262 363
11980 364
2325 365
5912 366
10864 367
389 368
7459 369
11066 370
6264 371
10044 372
4600 373
11624 374
7532 375
11886 376
3654 377
1661 378
9744 379
6922 380
3331 381
10773 382
8855 383
6518 384
11775 385
7617 386
8357 387
9500 388
7363 389
4360 390
6290 391
3596 392
10358 393
6995 394
8594 395
5688 396
840 397
8073 398
1341 399
9122 400
10932 401
7489 402
11711 403
4383 404
5894 405
5354 406
2960 407
7452 408
1862 409
10190 410
1122 411
7296 412
10806 413
8654 414
7695 415
10672 416
4747 417
748 418
2863 419
11661 420
1548 421
10335 422
7085 423
1991 424
10467 425
1394 426
4623 427
4346 428
1386 429
7831 430
4584 431
10756 432
1831 433
3250 434
4045 435
8020 436
2235 437
11682 438
1590 439
11727 440
892 441
1000 442
3449 443
7486 444
9099 445
7024 446
9212 447
10105 448
5289 449
1349 450
7563 451
8056 452
8867 453
11970 454
8271 455
6942 456
2502 457
4029 458
6129 459
682 460
6486 461
9992 462
3553 463
1788 464
9856 465
5944 466
3852 467
11507 468
5021 469
4294 470
7699 471
4078 472
10482 473
11191 474
10386 475
2563 476
8758 477
8813 478
3223 479
11974 480
11209 481
6043 482
8496 483
11100 484
4493 485
5876 486
5940 487
7954 488
4093 489
1796 490
3981 491
4712 492
3551 493
2507 494
7804 495
3377 496
6073 497
6030 498
7173 499
9619 500
946 501
466 502
5358 503
6325 504
6108 505
5099 506
10859 507
6876 508
5040 509
10676 510
3158 511
7625 512
1889 513
10040 514
6088 515
5397 516
4702 517
11231 518
5823 519
4562 520
11845 521
7620 522
11926 523
5631 524
4440 525
5663 526
11597 527
11882 528
7578 529
10334 530
6412 531
6061 532
11850 533
2667 534
9668 535
6806 536
7254 537
7270 538
3489 539
6677 540
3303 541
300 542
6782 543
8797 544
7547 545
4057 546
634 547
4123 548
2110 549
11332 550
11576 551
7437 552
4243 553
4355 554
5376 555
5608 556
8854 557
1415 558
4145 559
11899 560
814 561
1789 562
11042 563
5636 564
11550 565
446 566
1847 567
5506 568
3595 569
6487 570
10084 571
3241 572
6461 573
9868 574
3078 575
592 576
3413 577
11814 578
8450 579
11730 580
3119 581
5878 582
11015 583
10472 584
4658 585
2796 586
1223 587
3044 588
5904 589
9324 590
1828 591
4394 592
282 593
8778 594
9270 595
10266 596
11478 597
1444 598
2238 599
3862 600
2215 601
4499 602
2061 603
10606 604
7546 605
10832 606
838 607
11744 608
8619 609
623 610
4199 611
2887 612
5635 613
812 614
3762 615
2397 616
6573 617
4355 618
8873 619
1845 620
9022 621
10948 622
7573 623
8 624
1613 625
3670 626
7116 627
10765 628
3460 629
10475 630
2131 631
3644 632
8147 633
414 634
4501 635
7415 636
7400 637
10675 638
4125 639
7313 640
955 641
9298 642
11834 643
10196 644
8420 645
272 646
9108 647
11146 648
773 649
1538 650
6121 651
8950 652
4382 653
10109 654
2837 655
3477 656
6223 657
6600 658
8552 659
840 660
8107 661
625 662
11390 663
2599 664
6862 665
3507 666
4606 667
405 668
4523 669
11038 670
333 671
6124 672
4828 673
3254 674
7970 675
2693 676
5162 677
11373 678
8337 679
767 680
11732 681
8859 682
253 683
6511 684
8139 685
7887 686
7645 687
10960 688
11920 689
7573 690
10035 691
4521 692
5340 693
2334 694
10858 695
7476 696
3836 697
7429 698
4934 699
1080 700
548 701
6812 702
9042 703
10615 704
1190 705
932 706
3602 707
3676 708
2881 709
11 710
8170 711
10078 712
10222 713
11080 714
4917 715
3609 716
11614 717
3187 718
11589 719
3545 720
11547 721
7767 722
8478 723
10933 724
350 725
7431 726
7300 727
10400 728
11489 729
2320 730
5844 731
7434 732
2813 733
6225 734
5225 735
6418 736
2420 737
3611 738
3836 739
3287 740
6526 741
8239 742
2823 743
3551 744
5778 745
2138 746
11074 747
2927 748
11355 749
10090 750
291 751
7906 752
1538 753
3213 754
10640 755
9880 756
7310 757
996 758
5934 759
4877 760
1775 761
2514 762
3431 763
1083 764
2403 765
4165 766
2984 767
11645 768
8861 769
8722 770
6974 771
6530 772
10742 773
6490 774
3057 775
4919 776
1282 777
9657 778
10831 779
1689 780
10704 781
6488 782
1322 783
5465 784
8968 785
5358 786
11804 787
5470 788
4201 789
4358 790
8765 791
5626 792
1831 793
9589 794
3981 795
7057 796
5336 797
1322 798
1911 799
3913 800
10005 801
9263 802
3860 803
6669 804
10425 805
347 806
3500 807
2243 808
11785 809
1821 810
9500 811
11072 812
8173 813
8159 814
2010 815
8895 816
7730 817
1116 818
1910 819
5143 820
10226 821
3482 822
10862 823
2912 824
3534 825
10133 826
3906 827
8747 828
1347 829
3665 830
1331 831
319 832
138 833
4239 834
7117 835
11737 836
7231 837
6398 838
7424 839
73 840
1375 841
1875 842
10934 843
968 844
1321 845
10381 846
6711 847
9694 848
2456 849
10994 850
9063 851
1211 852
4789 853
1213 854
630 855
521 856
2220 857
8438 858
1345 859
2610 860
10797 861
5258 862
665 863
8018 864
10288 865
7254 866
3205 867
3296 868
8785 869
5221 870
2711 871
9398 872
4328 873
6993 874
6910 875
8402 876
2910 877
2187 878
2170 879
2788 880
7258 881
7493 882
3938 883
2022 884
4261 885
1348 886
496 887
2675 888
11919 889
9361 890
9871 891
3124 892
527 893
6405 894
10112 895
6068 896
9663 897
8709 898
2646 899
3689 900
6709 901
5771 902
2721 903
7634 904
8896 905
9122 906
7851 907
3328 908
9059 909
5783 910
779 911
11382 912
4352 913
1396 914
2678 915
5414 916
11167 917
2872 918
4801 919
8192 920
3289 921
7735 922
4602 923
10853 924
2932 925
7222 926
9737 927
3656 928
3408 929
1206 930
11820 931
1392 932
5208 933
8296 934
3998 935
2771 936
2942 937
4526 938
3161 939
1481 940
3451 941
7673 942
367 943
6463 944
5090 945
4765 946
8260 947
10197 948
517 949
11241 950
3470 951
10757 952
2222 953
1452 954
5590 955
1205 956
976 957
11484 958
11927 959
7928 960
10781 961
8759 962
7578 963
11028 964
6558 965
3414 966
2327 967
8739 968
1600 969
2377 970
11841 971
5201 972
7497 973
10698 974
8024 975
7250 976
8795 977
1404 978
1443 979
1387 980
9699 981
11129 982
5328 983
11915 984
874 985
9946 986
11087 987
9458 988
1811 989
5257 990
1271 991
5686 992
8091 993
7068 994
9234 995
8164 996
4255 997
6148 998
9101 999
8246 1000
10972 1001
11920 1002
10432 1003
1401 1004
9916 1005
3778 1006
11288 1007
10778 1008
8214 1009
6760 1010
11233 1011
7538 1012
3093 1013
5760 1014
2830 1015
5648 1016
9063 1017
729 1018
7065 1019
10218 1020
8574 1021
8205 1022
6694 1023
5889 1024
3241 1025
4669 1026
4937 1027
2615 1028
3707 1029
1373 1030
151 1031
11965 1032
11295 1033
6046 1034
7219 1035
2837 1036
8288 1037
8760 1038
4008 1039
10445 1040
11993 1041
6111 1042
4757 1043
5510 1044
10020 1045
3322 1046
5018 1047
2365 1048
11423 1049
1129 1050
11366 1051
2874 1052
11416 1053
4839 1054
5761 1055
8854 1056
6623 1057
2039 1058
9890 1059
10629 1060
903 1061
1175 1062
8597 1063
4560 1064
1794 1065
5491 1066
9873 1067
6348 1068
8634 1069
4497 1070
3466 1071
11108 1072
2383 1073
4096 1074
9995 1075
11072 1076
1419 1077
3308 1078
4766 1079
7796 1080
7999 1081
768 1082
2778 1083
5823 1084
4499 1085
11854 1086
1671 1087
3767 1088
1455 1089
11864 1090
9026 1091
8189 1092
228 1093
3803 1094
4188 1095
4474 1096
11503 1097
7999 1098
8786 1099
10394 1100
4298 1101
10402 1102
4342 1103
6856 1104
8415 1105
7086 1106
2068 1107
2502 1108
4865 1109
7638 1110
1280 1111
2450 1112
1800 1113
4001 1114
11157 1115
1338 1116
653 1117
1227 1118
2980 1119
640 1120
8603 1121
1554 1122
5191 1123
11995 1124
10590 1125
8737 1126
9573 1127
1174 1128
9133 1129
3274 1130
2982 1131
11895 1132
5353 1133
6917 1134
11772 1135
6313 1136
5838 1137
8731 1138
9467 1139
9411 1140
8226 1141
10657 1142
6892 1143
640 1144
6047 1145
5785 1146
10999 1147
10070 1148
9434 1149
7440 1150
6851 1151
9273 1152
2807 1153
9297 1154
8325 1155
6987 1156
10136 1157
2012 1158
5012 1159
8660 1160
9292 1161
720 1162
9211 1163
7090 1164
1857 1165
2894 1166
636 1167
5550 1168
2883 1169
10762 1170
3485 1171
1691 1172
4289 1173
7332 1174
9060 1175
9429 1176
2049 1177
10964 1178
8843 1179
7319 1180
623 1181
10483 1182
11920 1183
10596 1184
11744 1185
3321 1186
2467 1187
11862 1188
360 1189
1026 1190
7710 1191
6291 1192
7360 1193
2302 1194
9098 1195
9893 1196
10145 1197
10240 1198
6816 1199
