100 900
381 0
291 1
879 2
716 3
879 4
179 5
582 6
615 7
135 8
340 9
714 10
304 11
266 12
893 13
378 14
333 15
1000 16
656 17
25 18
66 19
244 20
898 21
451 22
187 23
895 24
902 25
930 26
946 27
315 28
329 29
961 30
732 31
749 32
748 33
861 34
858 35
119 36
959 37
77 38
935 39
672 40
847 41
110 42
485 43
338 44
943 45
231 46
77 47
314 48
235 49
350 50
203 51
116 52
58 53
507 54
741 55
767 56
738 57
942 58
43 59
977 60
101 61
810 62
934 63
359 64
56 65
518 66
428 67
198 68
718 69
162 70
579 71
291 72
817 73
29 74
796 75
74 76
629 77
157 78
52 79
343 80
232 81
417 82
334 83
629 84
572 85
63 86
135 87
725 88
2 89
217 90
40 91
181 92
207 93
285 94
143 95
263 96
702 97
674 98
724 99
