1550 900
1934 0
5387 1
14613 2
11539 3
4421 4
7993 5
54 6
844 7
4257 8
23 9
15263 10
1465 11
13598 12
12464 13
9613 14
11036 15
13152 16
14296 17
15290 18
9736 19
9913 20
11022 21
4810 22
4736 23
8710 24
1763 25
3196 26
5010 27
7442 28
3033 29
1318 30
12621 31
6870 32
4997 33
8799 34
14889 35
2369 36
5670 37
13454 38
2493 39
9364 40
1335 41
11954 42
1782 43
13166 44
12016 45
11321 46
7154 47
6734 48
8113 49
6114 50
2318 51
1987 52
13698 53
7865 54
11686 55
4716 56
9863 57
13190 58
5319 59
2742 60
10 61
13583 62
2714 63
5059 64
11469 65
10666 66
2024 67
4256 68
15024 69
10829 70
5690 71
5914 72
4623 73
10201 74
12135 75
2230 76
3780 77
4585 78
6886 79
10279 80
15370 81
2917 82
10114 83
15095 84
14752 85
8099 86
3539 87
1661 88
10777 89
12862 90
8281 91
15150 92
10114 93
11428 94
12925 95
7508 96
4178 97
2877 98
4711 99
14358 100
9517 101
9606 102
9143 103
3616 104
10081 105
3798 106
536 107
2952 108
6359 109
14861 110
13278 111
13810 112
4397 113
189 114
8109 115
13115 116
7215 117
10533 118
14275 119
6864 120
7125 121
5229 122
3866 123
13903 124
12650 125
4063 126
5975 127
12609 128
5216 129
4888 130
9315 131
3391 132
7701 133
7586 134
1554 135
14421 136
9880 137
8718 138
11965 139
5925 140
12757 141
10694 142
12543 143
11014 144
9197 145
892 146
3983 147
4447 148
3583 149
9477 150
2733 151
13269 152
14591 153
13842 154
2593 155
4302 156
1316 157
9764 158
12387 159
14815 160
4528 161
7935 162
2626 163
2178 164
10496 165
1668 166
11273 167
7872 168
8345 169
8686 170
11512 171
14546 172
2317 173
2494 174
3654 175
885 176
13325 177
9340 178
11027 179
8522 180
12073 181
3741 182
13698 183
6617 184
4111 185
14282 186
11341 187
2876 188
6439 189
7475 190
11223 191
492 192
15263 193
14971 194
12655 195
7450 196
14256 197
3567 198
15387 199
3795 200
9072 201
5770 202
8866 203
3026 204
12894 205
4638 206
1630 207
15499 208
2097 209
14763 210
5396 211
6730 212
2075 213
3327 214
13569 215
11326 216
6256 217
10549 218
10091 219
10024 220
5676 221
3526 222
14177 223
283 224
13934 225
14641 226
311 227
1150 228
13941 229
5448 230
6920 231
1859 232
1406 233
523 234
3356 235
13009 236
2877 237
4311 238
14442 239
13671 240
11336 241
9123 242
12750 243
4547 244
13626 245
13758 246
2131 247
11087 248
3567 249
8233 250
14530 251
9762 252
2059 253
8517 254
7132 255
7375 256
7065 257
11428 258
8077 259
13272 260
4838 261
5322 262
3606 263
13748 264
14254 265
9453 266
15335 267
6038 268
7065 269
10976 270
1486 271
11172 272
12808 273
12646 274
3813 275
4077 276
14687 277
5431 278
15208 279
13258 280
9032 281
9475 282
8432 283
7490 284
5320 285
8543 286
4025 287
11449 288
7413 289
15138 290
649 291
7591 292
8932 293
3036 294
7716 295
14116 296
2891 297
11733 298
8002 299
12132 300
10157 301
12903 302
2079 303
12337 304
12387 305
580 306
9443 307
14240 308
1185 309
541 310
11967 311
4822 312
10379 313
3652 314
5923 315
6298 316
13680 317
13035 318
11616 319
9793 320
3487 321
2082 322
3938 323
8477 324
2828 325
11797 326
6351 327
8090 328
11876 329
5439 330
13425 331
6549 332
565 333
4244 334
4095 335
14379 336
6830 337
755 338
5017 339
2232 340
15220 341
3349 342
13293 343
8017 344
5212 345
11329 346
7411 347
5700 348
1920 349
2938 350
14309 351
15478 352
14269 353
11441 354
3394 355
1254 356
4402 357
14916 358
5297 359
15257 360
9804 361
7867 362
7062 363
473 364
821 365
12932 366
475 367
9160 368
7748 369
4316 370
9167 371
4664 372
6243 373
764 374
6390 375
8465 376
10581 377
3575 378
8195 379
13194 380
14884 381
1325 382
5530 383
14333 384
1322 385
407 386
705 387
10550 388
6190 389
3490 390
5595 391
11588 392
8839 393
13362 394
12670 395
7012 396
7117 397
4891 398
3285 399
2250 400
13243 401
9983 402
9452 403
11465 404
2190 405
8851 406
8465 407
14101 408
3963 409
5194 410
9587 411
14260 412
15177 413
12489 414
7836 415
6061 416
6701 417
5610 418
2783 419
7594 420
10713 421
9612 422
3680 423
1701 424
13077 425
13076 426
5636 427
8425 428
392 429
15042 430
10447 431
3665 432
7325 433
2799 434
14449 435
8244 436
14918 437
3420 438
3881 439
10971 440
3081 441
2730 442
7284 443
10529 444
11255 445
2864 446
8545 447
13398 448
11348 449
1731 450
13582 451
11698 452
802 453
7676 454
7932 455
4680 456
7020 457
8827 458
6146 459
13630 460
1034 461
3930 462
4677 463
11674 464
12790 465
10376 466
7359 467
13288 468
9135 469
8220 470
11551 471
14065 472
14843 473
7531 474
12014 475
1948 476
12322 477
12523 478
15129 479
6007 480
8310 481
14863 482
14630 483
5220 484
12493 485
8566 486
11504 487
7317 488
12935 489
12955 490
476 491
802 492
4516 493
10764 494
14876 495
5213 496
354 497
11187 498
8426 499
9992 500
13656 501
14763 502
12594 503
9307 504
2201 505
3258 506
13274 507
10299 508
3358 509
4530 510
5810 511
8161 512
11123 513
3236 514
13349 515
11185 516
15032 517
15456 518
7664 519
575 520
10507 521
10380 522
837 523
11216 524
14637 525
1459 526
14977 527
4975 528
9999 529
1264 530
11287 531
4794 532
9778 533
140 534
430 535
2472 536
8882 537
4096 538
14327 539
7199 540
8020 541
4764 542
13957 543
1666 544
10915 545
13378 546
1511 547
12922 548
4383 549
13268 550
14258 551
12033 552
14378 553
12632 554
14661 555
7821 556
3132 557
10867 558
3526 559
9476 560
605 561
12360 562
2214 563
5716 564
11615 565
1142 566
1396 567
11615 568
9647 569
3674 570
14577 571
6001 572
539 573
11766 574
15298 575
8278 576
10112 577
10216 578
8601 579
14369 580
943 581
5255 582
10169 583
13023 584
6018 585
774 586
9071 587
3440 588
5327 589
1590 590
10421 591
5783 592
6897 593
13195 594
9006 595
8228 596
6564 597
4652 598
7589 599
11801 600
13617 601
13746 602
6971 603
11189 604
13652 605
14021 606
9272 607
2840 608
3875 609
14616 610
6749 611
13691 612
11366 613
12162 614
8945 615
8382 616
6871 617
4600 618
6191 619
3822 620
8183 621
4902 622
13237 623
1779 624
7277 625
1209 626
13552 627
6183 628
10564 629
2842 630
9435 631
12580 632
5752 633
14820 634
7237 635
7628 636
1170 637
2483 638
13447 639
3134 640
2720 641
6912 642
4265 643
8182 644
12384 645
6490 646
12949 647
12046 648
12281 649
3726 650
7030 651
13913 652
14201 653
11859 654
10479 655
8986 656
12555 657
13515 658
15499 659
267 660
2949 661
9564 662
178 663
2537 664
529 665
1023 666
14499 667
7704 668
15101 669
9592 670
14946 671
13542 672
3400 673
905 674
15355 675
9494 676
12298 677
13158 678
4302 679
368 680
10692 681
1893 682
54 683
887 684
6051 685
3954 686
13165 687
14580 688
1702 689
11512 690
1573 691
379 692
8009 693
4310 694
7032 695
1807 696
7883 697
10571 698
8000 699
8224 700
9311 701
1463 702
10022 703
10383 704
11398 705
8714 706
3613 707
12555 708
9318 709
9461 710
8153 711
14192 712
1221 713
4959 714
3234 715
13328 716
7227 717
1396 718
3465 719
11005 720
3333 721
9772 722
1727 723
3987 724
9348 725
6384 726
4829 727
14870 728
5564 729
6078 730
13571 731
14251 732
4289 733
5071 734
6225 735
5934 736
11085 737
3028 738
7531 739
3359 740
12727 741
7779 742
6431 743
7642 744
4793 745
9660 746
8104 747
2213 748
1846 749
11410 750
2419 751
8922 752
1305 753
2227 754
4962 755
14820 756
5086 757
5706 758
4081 759
9263 760
13018 761
12741 762
14824 763
12085 764
10194 765
11085 766
692 767
11267 768
10082 769
6960 770
5083 771
10149 772
11406 773
5613 774
4803 775
14448 776
2215 777
14892 778
3332 779
9851 780
2496 781
9896 782
4006 783
2688 784
2030 785
2182 786
918 787
14167 788
11925 789
8090 790
13323 791
733 792
3746 793
14715 794
10340 795
3832 796
15117 797
4372 798
2766 799
9515 800
10463 801
8059 802
11432 803
6357 804
8118 805
10935 806
4582 807
13750 808
9389 809
4398 810
826 811
10670 812
4157 813
4028 814
12950 815
1134 816
692 817
13779 818
15202 819
14631 820
7935 821
5631 822
11045 823
13137 824
4511 825
10364 826
9650 827
11288 828
3810 829
2664 830
5301 831
5518 832
10713 833
14100 834
10479 835
14945 836
1293 837
13209 838
6128 839
2145 840
11902 841
4176 842
2790 843
14575 844
14860 845
13827 846
306 847
11055 848
12874 849
10056 850
12799 851
2690 852
2076 853
3941 854
1144 855
7982 856
8989 857
1387 858
8123 859
7159 860
13424 861
9908 862
2806 863
9274 864
3955 865
9666 866
9617 867
286 868
5746 869
14714 870
7320 871
13534 872
8408 873
1305 874
2612 875
11855 876
3484 877
93 878
6533 879
922 880
6474 881
14708 882
1961 883
13375 884
11895 885
3180 886
7064 887
4886 888
11321 889
6812 890
15183 891
4325 892
13583 893
14199 894
13411 895
6310 896
14138 897
7757 898
3775 899
14430 900
7088 901
111 902
14715 903
8251 904
1507 905
13449 906
5161 907
10978 908
6562 909
14500 910
12692 911
10352 912
14897 913
12312 914
7062 915
6946 916
5180 917
13892 918
11563 919
8834 920
1595 921
7212 922
5211 923
3602 924
2561 925
3791 926
6606 927
4163 928
12956 929
8131 930
3698 931
15027 932
2404 933
6770 934
9671 935
11913 936
12537 937
14646 938
6491 939
5578 940
12590 941
867 942
7859 943
4034 944
9611 945
5625 946
15106 947
4420 948
14946 949
11114 950
13677 951
12537 952
10542 953
665 954
13372 955
6771 956
10960 957
455 958
1131 959
6899 960
12067 961
13187 962
14796 963
6502 964
3172 965
9203 966
8993 967
3339 968
14948 969
7214 970
3194 971
4686 972
10020 973
1687 974
11934 975
13364 976
12878 977
256 978
7588 979
11490 980
6136 981
6465 982
8530 983
2653 984
364 985
3741 986
10311 987
8500 988
6472 989
6510 990
13444 991
13655 992
6026 993
7163 994
2830 995
2916 996
2220 997
3959 998
7516 999
13352 1000
12998 1001
5706 1002
15334 1003
14606 1004
4723 1005
8856 1006
3556 1007
4134 1008
385 1009
8345 1010
13332 1011
12519 1012
6953 1013
10519 1014
2584 1015
8028 1016
2891 1017
7254 1018
8456 1019
9972 1020
8109 1021
10511 1022
1299 1023
2583 1024
7231 1025
6662 1026
14178 1027
4294 1028
4596 1029
3586 1030
9976 1031
7807 1032
10625 1033
2647 1034
2283 1035
343 1036
7176 1037
10681 1038
8743 1039
8127 1040
14041 1041
10842 1042
2172 1043
2249 1044
6567 1045
6398 1046
5037 1047
9084 1048
3100 1049
5192 1050
5546 1051
6567 1052
12285 1053
5810 1054
25 1055
4008 1056
2477 1057
7145 1058
12535 1059
214 1060
8137 1061
8548 1062
12226 1063
8950 1064
13787 1065
13214 1066
77 1067
9153 1068
4358 1069
2382 1070
12612 1071
4113 1072
2427 1073
7825 1074
10755 1075
6176 1076
11042 1077
3138 1078
10171 1079
4627 1080
4415 1081
13171 1082
2634 1083
15296 1084
6734 1085
1311 1086
3034 1087
5941 1088
11874 1089
8545 1090
5127 1091
4035 1092
1096 1093
15498 1094
5373 1095
10339 1096
15192 1097
6204 1098
15467 1099
12725 1100
14494 1101
2229 1102
10181 1103
1048 1104
7439 1105
14871 1106
5432 1107
6246 1108
2848 1109
15442 1110
12920 1111
6912 1112
5180 1113
9910 1114
5663 1115
439 1116
11295 1117
5136 1118
7944 1119
9974 1120
13186 1121
13857 1122
216 1123
6655 1124
13623 1125
965 1126
1956 1127
13826 1128
766 1129
1187 1130
800 1131
13068 1132
2045 1133
10107 1134
14967 1135
8913 1136
8023 1137
7497 1138
9763 1139
1629 1140
513 1141
12208 1142
12504 1143
5757 1144
9089 1145
2717 1146
8065 1147
9080 1148
14806 1149
14803 1150
11775 1151
10500 1152
4981 1153
13178 1154
2645 1155
5409 1156
1631 1157
5537 1158
4604 1159
9103 1160
9890 1161
3077 1162
11869 1163
6744 1164
12541 1165
5221 1166
2985 1167
8294 1168
4002 1169
1313 1170
1017 1171
11632 1172
4611 1173
12966 1174
5723 1175
1232 1176
8098 1177
11481 1178
8875 1179
12288 1180
2475 1181
5888 1182
7148 1183
6149 1184
4635 1185
14448 1186
11069 1187
14802 1188
12233 1189
3285 1190
3609 1191
14248 1192
10377 1193
13214 1194
4319 1195
6146 1196
5704 1197
14366 1198
9872 1199
4273 1200
7560 1201
14016 1202
2968 1203
4699 1204
5869 1205
15316 1206
1160 1207
7828 1208
4779 1209
518 1210
2246 1211
8965 1212
2639 1213
5887 1214
6791 1215
7791 1216
2645 1217
13033 1218
430 1219
1469 1220
15412 1221
7462 1222
11267 1223
6124 1224
12159 1225
3106 1226
8581 1227
7174 1228
7119 1229
13068 1230
8626 1231
1299 1232
9137 1233
11795 1234
11157 1235
9690 1236
5397 1237
13557 1238
7521 1239
10774 1240
8452 1241
14241 1242
2048 1243
13152 1244
3057 1245
7800 1246
4592 1247
15269 1248
12207 1249
14284 1250
7515 1251
14363 1252
2563 1253
8371 1254
15159 1255
2442 1256
13138 1257
491 1258
45 1259
1867 1260
3619 1261
9513 1262
2428 1263
1183 1264
8998 1265
3082 1266
13723 1267
9717 1268
318 1269
8806 1270
5459 1271
9557 1272
10534 1273
12979 1274
12085 1275
12497 1276
7501 1277
4386 1278
3854 1279
2538 1280
7948 1281
1278 1282
13626 1283
5347 1284
9749 1285
8146 1286
739 1287
11027 1288
6065 1289
8822 1290
10229 1291
920 1292
6821 1293
2652 1294
15214 1295
546 1296
1127 1297
11128 1298
10608 1299
1720 1300
15019 1301
13085 1302
10771 1303
1240 1304
14023 1305
9559 1306
12763 1307
1785 1308
8778 1309
13885 1310
2942 1311
11108 1312
2348 1313
14970 1314
5273 1315
8608 1316
6904 1317
10031 1318
584 1319
2607 1320
14212 1321
13993 1322
68 1323
2930 1324
9331 1325
15355 1326
2536 1327
10456 1328
10208 1329
9390 1330
3200 1331
13157 1332
2365 1333
5804 1334
6194 1335
1628 1336
3198 1337
14073 1338
9090 1339
9000 1340
12634 1341
4217 1342
2606 1343
9544 1344
4228 1345
5933 1346
12701 1347
736 1348
8169 1349
7301 1350
1416 1351
12810 1352
8457 1353
14920 1354
8686 1355
8244 1356
10765 1357
13539 1358
12976 1359
8555 1360
6856 1361
5323 1362
3351 1363
7979 1364
12986 1365
5787 1366
4375 1367
534 1368
11336 1369
4067 1370
1277 1371
3891 1372
4939 1373
780 1374
11061 1375
13898 1376
8157 1377
1347 1378
4199 1379
7748 1380
9085 1381
2175 1382
9599 1383
12008 1384
11539 1385
7966 1386
45 1387
4045 1388
8219 1389
5908 1390
570 1391
15043 1392
7883 1393
11776 1394
15088 1395
13730 1396
6260 1397
6169 1398
698 1399
7912 1400
14816 1401
3219 1402
395 1403
11202 1404
4214 1405
14643 1406
8671 1407
5481 1408
13479 1409
1006 1410
8286 1411
377 1412
15316 1413
1172 1414
6852 1415
2573 1416
14402 1417
8602 1418
3975 1419
3591 1420
6418 1421
9274 1422
13915 1423
9966 1424
12094 1425
13107 1426
7363 1427
9661 1428
8792 1429
4190 1430
2870 1431
4721 1432
9411 1433
10264 1434
1353 1435
6653 1436
8720 1437
482 1438
2444 1439
13023 1440
6757 1441
5195 1442
6544 1443
12518 1444
14110 1445
8660 1446
3851 1447
11218 1448
7174 1449
15029 1450
1474 1451
6295 1452
9386 1453
4265 1454
738 1455
2560 1456
5541 1457
11827 1458
4128 1459
2882 1460
11732 1461
12951 1462
1429 1463
13172 1464
8810 1465
7186 1466
10082 1467
11424 1468
8585 1469
13685 1470
14182 1471
3164 1472
14667 1473
811 1474
8517 1475
12048 1476
731 1477
7676 1478
14315 1479
8890 1480
15157 1481
10711 1482
6250 1483
11306 1484
2309 1485
3132 1486
14939 1487
5418 1488
11771 1489
14499 1490
9542 1491
6391 1492
6798 1493
15149 1494
14279 1495
10180 1496
13165 1497
5570 1498
10596 1499
9637 1500
60 1501
8692 1502
2073 1503
763 1504
11543 1505
1338 1506
12970 1507
12103 1508
4122 1509
2409 1510
8198 1511
4655 1512
4033 1513
9619 1514
10255 1515
12071 1516
1964 1517
1591 1518
7026 1519
10435 1520
12504 1521
1887 1522
4932 1523
13805 1524
3550 1525
8969 1526
14708 1527
12314 1528
12399 1529
11857 1530
13168 1531
3172 1532
4762 1533
10337 1534
7213 1535
6182 1536
14713 1537
3537 1538
5910 1539
14334 1540
6028 1541
299 1542
9571 1543
5083 1544
6246 1545
4931 1546
4808 1547
2420 1548
159 1549
