1100 1500
6953 0
10669 1
4723 2
3990 3
10394 4
4393 5
7508 6
3066 7
3496 8
10445 9
5211 10
6704 11
813 12
6903 13
10121 14
651 15
4955 16
5746 17
8005 18
6352 19
8041 20
6553 21
3025 22
5854 23
8514 24
3605 25
1857 26
6731 27
2998 28
5909 29
5902 30
5847 31
9605 32
7297 33
5226 34
5046 35
5039 36
4478 37
10212 38
9911 39
9976 40
4631 41
6680 42
4719 43
10977 44
9345 45
6834 46
4299 47
7302 48
8204 49
1641 50
6635 51
6715 52
10948 53
6716 54
10099 55
10819 56
7091 57
10054 58
5813 59
3255 60
10915 61
2790 62
4815 63
6849 64
1058 65
2407 66
3819 67
5335 68
8715 69
10521 70
9396 71
10896 72
8876 73
4432 74
109 75
10969 76
10715 77
10233 78
6111 79
10540 80
4155 81
1662 82
2965 83
9669 84
6069 85
2060 86
10349 87
2899 88
7744 89
116 90
5263 91
10093 92
1682 93
5437 94
7066 95
8955 96
8160 97
1380 98
8094 99
9205 100
7595 101
319 102
8334 103
6710 104
1649 105
6203 106
8950 107
9515 108
3004 109
3258 110
7961 111
3240 112
3543 113
9322 114
7990 115
10669 116
4652 117
426 118
974 119
5571 120
9434 121
594 122
7249 123
7214 124
502 125
578 126
6362 127
7523 128
9703 129
9852 130
1314 131
4693 132
8838 133
4534 134
8778 135
10354 136
7670 137
3700 138
3708 139
6016 140
1051 141
7577 142
1303 143
3153 144
10700 145
7676 146
7198 147
3708 148
3721 149
4943 150
2343 151
10031 152
6186 153
4847 154
3673 155
8508 156
895 157
9348 158
3471 159
5856 160
10539 161
7540 162
5116 163
8797 164
512 165
695 166
7634 167
3020 168
2625 169
3350 170
3977 171
1196 172
7137 173
1732 174
8761 175
9731 176
5916 177
9539 178
4645 179
9092 180
7386 181
7212 182
5937 183
6789 184
9038 185
4330 186
2289 187
2712 188
5650 189
7070 190
5621 191
2585 192
792 193
9161 194
4199 195
202 196
7077 197
6353 198
7372 199
6892 200
7846 201
10049 202
9809 203
4707 204
6411 205
4916 206
10930 207
10795 208
254 209
4689 210
10191 211
4459 212
1078 213
876 214
6587 215
3887 216
1137 217
8213 218
3752 219
4825 220
8352 221
435 222
6881 223
5957 224
3245 225
8115 226
5014 227
702 228
6897 229
7897 230
9870 231
5561 232
10894 233
228 234
8453 235
10374 236
6535 237
2696 238
3022 239
10348 240
694 241
6001 242
8605 243
2895 244
1456 245
5151 246
3103 247
8538 248
4639 249
6624 250
10883 251
1226 252
5937 253
6633 254
7877 255
13 256
8605 257
5942 258
2431 259
4484 260
4263 261
1922 262
8003 263
10771 264
742 265
4483 266
2037 267
10880 268
7979 269
6944 270
7507 271
5974 272
6799 273
8225 274
3868 275
3538 276
7385 277
1152 278
8682 279
3556 280
9928 281
6565 282
4118 283
200 284
5289 285
10714 286
5321 287
10034 288
9931 289
7449 290
6729 291
625 292
6088 293
5788 294
5095 295
9755 296
503 297
2577 298
9024 299
10900 300
10586 301
758 302
7484 303
6493 304
896 305
4080 306
7327 307
7102 308
1951 309
2998 310
2937 311
2329 312
10345 313
5734 314
625 315
2630 316
4244 317
53 318
8894 319
5038 320
6660 321
8338 322
3355 323
9379 324
1835 325
2605 326
7757 327
10640 328
3749 329
6034 330
2502 331
5572 332
6658 333
9387 334
1800 335
971 336
531 337
6188 338
10464 339
1576 340
7616 341
6101 342
2472 343
5793 344
7889 345
3073 346
7510 347
4168 348
3608 349
3822 350
3553 351
6743 352
2200 353
8796 354
4591 355
3823 356
3027 357
686 358
871 359
1528 360
3987 361
2705 362
131 363
3123 364
7352 365
10834 366
8398 367
6168 368
6353 369
7650 370
10771 371
6973 372
7704 373
323 374
8793 375
6979 376
6948 377
10764 378
9917 379
9403 380
287 381
8012 382
4628 383
8186 384
10576 385
5537 386
6818 387
3026 388
3966 389
2663 390
4123 391
1453 392
858 393
82 394
3091 395
10736 396
9539 397
181 398
7715 399
6207 400
4298 401
2888 402
9667 403
2312 404
10874 405
6609 406
8465 407
345 408
10721 409
4219 410
6293 411
202 412
9767 413
3274 414
6314 415
8353 416
8418 417
10669 418
7621 419
6192 420
1181 421
4966 422
819 423
10561 424
3001 425
8642 426
804 427
10367 428
6098 429
10071 430
2309 431
4591 432
5361 433
819 434
3408 435
6014 436
6221 437
8458 438
7598 439
979 440
8253 441
7696 442
10932 443
5854 444
9342 445
7635 446
3087 447
9551 448
2292 449
6970 450
6349 451
8254 452
10025 453
3644 454
2687 455
2413 456
980 457
2509 458
8149 459
5776 460
7958 461
8515 462
3250 463
6354 464
10213 465
1631 466
10437 467
5313 468
7138 469
8079 470
5188 471
9324 472
8393 473
584 474
3307 475
9957 476
8098 477
10958 478
10713 479
1727 480
10687 481
9636 482
1333 483
6317 484
8650 485
5638 486
8016 487
3020 488
1386 489
10392 490
5275 491
1537 492
3468 493
805 494
6139 495
2090 496
2250 497
9475 498
8939 499
199 500
9065 501
8540 502
6494 503
2008 504
5745 505
9321 506
5452 507
3771 508
9732 509
5842 510
6726 511
3415 512
10468 513
859 514
206 515
7096 516
10171 517
3625 518
4638 519
10202 520
4385 521
1679 522
722 523
1693 524
271 525
5443 526
4076 527
2746 528
5546 529
3640 530
7791 531
2176 532
7015 533
2794 534
8966 535
4770 536
328 537
3522 538
1002 539
4450 540
9007 541
4277 542
4735 543
8931 544
9503 545
6562 546
1036 547
3992 548
2426 549
8997 550
3856 551
1117 552
8491 553
1698 554
2232 555
10919 556
2236 557
3080 558
2666 559
3010 560
236 561
10369 562
4187 563
219 564
2712 565
6739 566
4419 567
5170 568
5277 569
10739 570
10927 571
6682 572
1902 573
1744 574
2296 575
9433 576
1060 577
8637 578
1951 579
4847 580
6757 581
10051 582
1081 583
7300 584
2098 585
976 586
4601 587
10854 588
2606 589
8221 590
8530 591
2776 592
4251 593
7524 594
5128 595
10748 596
9809 597
5989 598
2976 599
2815 600
9002 601
547 602
10501 603
1658 604
2098 605
2697 606
1717 607
5941 608
4549 609
1993 610
489 611
6626 612
3972 613
4504 614
5744 615
9351 616
3212 617
5186 618
3707 619
3346 620
863 621
8362 622
330 623
1696 624
5451 625
9967 626
3032 627
1040 628
7658 629
1220 630
10094 631
9190 632
6575 633
10953 634
7626 635
5087 636
7041 637
10127 638
1189 639
2133 640
2403 641
1704 642
6992 643
4404 644
3988 645
108 646
4617 647
8324 648
5711 649
5834 650
10812 651
2914 652
4123 653
10668 654
8804 655
8109 656
3415 657
6034 658
2525 659
3348 660
886 661
9970 662
6689 663
10065 664
7511 665
8882 666
517 667
6237 668
6393 669
8764 670
6621 671
10158 672
4836 673
4018 674
5303 675
242 676
4730 677
9273 678
172 679
2875 680
2827 681
3314 682
7746 683
10588 684
4227 685
6315 686
4096 687
6355 688
5555 689
9735 690
1310 691
805 692
6241 693
3051 694
1310 695
8296 696
6353 697
9116 698
9499 699
1429 700
341 701
7193 702
2478 703
2328 704
9469 705
6613 706
5277 707
3159 708
6736 709
7827 710
5571 711
10734 712
6246 713
3624 714
7082 715
1490 716
5848 717
7375 718
4864 719
9376 720
2628 721
8146 722
10783 723
3423 724
9298 725
2988 726
4174 727
5161 728
10975 729
1656 730
8364 731
7750 732
10298 733
7632 734
5990 735
5509 736
10259 737
3685 738
3570 739
2728 740
6642 741
1016 742
9094 743
10712 744
3970 745
10617 746
3694 747
2681 748
6467 749
3397 750
5748 751
3859 752
2013 753
5127 754
3870 755
261 756
7736 757
5682 758
726 759
4790 760
2035 761
887 762
1853 763
1984 764
5907 765
10719 766
8315 767
6109 768
10250 769
165 770
6038 771
5905 772
2908 773
6860 774
9278 775
8137 776
7596 777
4677 778
5693 779
10709 780
6469 781
2164 782
10564 783
1983 784
10773 785
2887 786
3847 787
3926 788
8671 789
1431 790
10586 791
1896 792
1055 793
3590 794
5167 795
7135 796
9692 797
8367 798
4881 799
6877 800
10075 801
5049 802
6893 803
8333 804
4952 805
5082 806
7461 807
6301 808
6707 809
6030 810
3922 811
7770 812
8619 813
4171 814
9147 815
5547 816
1387 817
515 818
4950 819
2079 820
8922 821
4709 822
6909 823
5324 824
3725 825
3450 826
3187 827
2713 828
4247 829
8500 830
8128 831
5110 832
5171 833
8802 834
1443 835
5720 836
4177 837
3806 838
1927 839
10063 840
4605 841
10827 842
235 843
10251 844
8142 845
9330 846
3097 847
6081 848
9534 849
6878 850
8919 851
9406 852
930 853
10095 854
10000 855
915 856
10439 857
10691 858
5472 859
4871 860
3845 861
5718 862
6194 863
3214 864
414 865
6208 866
5963 867
2689 868
107 869
5767 870
9372 871
10562 872
6387 873
5083 874
5762 875
10828 876
4865 877
2357 878
480 879
4771 880
6508 881
8196 882
2218 883
7444 884
7442 885
1824 886
8689 887
1754 888
9021 889
4958 890
117 891
5238 892
4856 893
8260 894
394 895
6756 896
5243 897
10572 898
7873 899
3570 900
8607 901
201 902
10158 903
107 904
4430 905
10435 906
2569 907
5619 908
9442 909
5629 910
2494 911
5191 912
3627 913
5946 914
9118 915
7234 916
1492 917
3259 918
4734 919
1375 920
9943 921
5167 922
9496 923
5937 924
10984 925
6114 926
3628 927
4463 928
6196 929
1888 930
5077 931
10985 932
2607 933
2432 934
7231 935
3002 936
10956 937
5079 938
2773 939
10838 940
4203 941
5450 942
9409 943
9378 944
2923 945
6667 946
8054 947
1413 948
10391 949
7986 950
7654 951
10857 952
5915 953
9577 954
1429 955
3945 956
915 957
9214 958
7351 959
8100 960
10827 961
6251 962
8340 963
1609 964
6125 965
5481 966
5465 967
6131 968
10752 969
6403 970
6683 971
4516 972
5241 973
5832 974
5877 975
6106 976
5785 977
2152 978
7225 979
8274 980
2358 981
8968 982
726 983
3874 984
3305 985
5054 986
8567 987
1209 988
3965 989
945 990
958 991
6817 992
5039 993
4909 994
7531 995
7496 996
9221 997
5615 998
8527 999
9624 1000
5486 1001
10008 1002
3965 1003
7012 1004
136 1005
948 1006
647 1007
8526 1008
8724 1009
2551 1010
10058 1011
9936 1012
5968 1013
9126 1014
2795 1015
8558 1016
4942 1017
586 1018
2792 1019
4326 1020
6402 1021
5464 1022
1825 1023
5762 1024
7908 1025
408 1026
4717 1027
8478 1028
10351 1029
10608 1030
9144 1031
3216 1032
8911 1033
5256 1034
9328 1035
3565 1036
4432 1037
378 1038
4851 1039
10518 1040
5386 1041
4649 1042
8993 1043
1833 1044
10522 1045
5797 1046
1945 1047
10643 1048
4102 1049
5781 1050
7816 1051
6135 1052
1310 1053
960 1054
1439 1055
4275 1056
2242 1057
5565 1058
2063 1059
6580 1060
1958 1061
6854 1062
4662 1063
1491 1064
10278 1065
3947 1066
926 1067
4438 1068
872 1069
1129 1070
5806 1071
3395 1072
8975 1073
662 1074
1917 1075
2145 1076
7093 1077
3420 1078
7575 1079
2918 1080
2766 1081
8238 1082
3563 1083
120 1084
6096 1085
6075 1086
5832 1087
432 1088
1762 1089
10400 1090
8400 1091
4633 1092
1945 1093
9986 1094
2657 1095
6703 1096
7019 1097
7128 1098
3915 1099
