1400 1400
4648 0
2987 1
62 2
9728 3
2412 4
8508 5
2556 6
11893 7
8894 8
8011 9
1735 10
11160 11
12797 12
1431 13
12167 14
5622 15
6092 16
1922 17
4459 18
10151 19
10927 20
13527 21
5130 22
8786 23
11740 24
3091 25
5936 26
7048 27
1141 28
553 29
6110 30
6942 31
9743 32
273 33
9275 34
769 35
7291 36
1722 37
13836 38
3080 39
10406 40
9624 41
4842 42
3497 43
114 44
2331 45
2044 46
10524 47
11217 48
2529 49
354 50
3907 51
7778 52
7474 53
13660 54
11211 55
652 56
12936 57
5108 58
7057 59
3450 60
7913 61
3134 62
168 63
9371 64
4563 65
11938 66
3716 67
1558 68
12563 69
3403 70
8713 71
11770 72
6714 73
7446 74
11611 75
12340 76
6715 77
356 78
6163 79
11898 80
4073 81
10876 82
3992 83
9827 84
3792 85
1977 86
10561 87
5227 88
9882 89
5357 90
10264 91
11241 92
2240 93
9397 94
12153 95
8424 96
9923 97
1795 98
9097 99
342 100
9607 101
12462 102
9569 103
2192 104
1245 105
1566 106
1324 107
1236 108
529 109
613 110
1400 111
2169 112
9690 113
13088 114
273 115
1365 116
3976 117
6143 118
6715 119
12011 120
12810 121
365 122
2080 123
12621 124
3872 125
4647 126
9157 127
5997 128
12696 129
10354 130
8534 131
5458 132
2040 133
4981 134
12434 135
6527 136
10110 137
4658 138
6866 139
10696 140
12057 141
12317 142
9363 143
6408 144
4777 145
10598 146
7017 147
9103 148
2356 149
6174 150
4041 151
1107 152
4122 153
425 154
8782 155
8395 156
11158 157
10832 158
7345 159
12113 160
5799 161
5432 162
7200 163
1644 164
3577 165
13060 166
9855 167
13939 168
53 169
6656 170
9424 171
3522 172
7264 173
10421 174
896 175
1601 176
8889 177
13869 178
5306 179
4004 180
10189 181
6596 182
5538 183
10246 184
8599 185
5447 186
10064 187
9834 188
2474 189
11605 190
5962 191
4769 192
11268 193
8942 194
8580 195
4954 196
11000 197
3672 198
3522 199
11047 200
8656 201
8743 202
6175 203
4840 204
7753 205
1827 206
9468 207
5843 208
716 209
11065 210
1233 211
5533 212
275 213
11299 214
9157 215
715 216
1188 217
3812 218
9840 219
13810 220
2539 221
1786 222
4579 223
8888 224
7977 225
11571 226
12696 227
1505 228
1310 229
7323 230
10332 231
8506 232
8257 233
5563 234
3391 235
10539 236
5020 237
1433 238
11720 239
12953 240
3274 241
1055 242
10796 243
11947 244
12288 245
7944 246
1269 247
1852 248
11862 249
10406 250
7529 251
9113 252
1666 253
12669 254
5747 255
4735 256
11695 257
3543 258
5169 259
13682 260
4589 261
6072 262
7951 263
6658 264
13706 265
4497 266
6423 267
6872 268
1231 269
13688 270
4462 271
8209 272
12342 273
6550 274
6277 275
9651 276
8470 277
1846 278
978 279
3704 280
12301 281
12411 282
5241 283
9997 284
4043 285
8702 286
2754 287
6041 288
8975 289
7535 290
11982 291
5581 292
10393 293
4434 294
2255 295
3359 296
9889 297
10144 298
8395 299
10123 300
8805 301
10145 302
3243 303
13633 304
11955 305
3760 306
7689 307
8029 308
8600 309
4400 310
5023 311
1578 312
8769 313
10641 314
6860 315
6917 316
9481 317
6524 318
11409 319
718 320
7094 321
7351 322
6866 323
10178 324
3501 325
13948 326
3772 327
6227 328
8740 329
13266 330
1815 331
6173 332
7243 333
4839 334
10537 335
9693 336
11313 337
3014 338
12628 339
3376 340
12654 341
12828 342
4143 343
3050 344
9017 345
6370 346
1242 347
3913 348
2827 349
11639 350
5236 351
5916 352
9971 353
10354 354
10891 355
13435 356
9900 357
10404 358
7143 359
6945 360
2124 361
9966 362
5807 363
4394 364
7935 365
5772 366
12837 367
11343 368
9781 369
1085 370
5955 371
5165 372
6017 373
6897 374
9650 375
8394 376
2703 377
3497 378
7639 379
10868 380
9610 381
7103 382
9132 383
2671 384
12851 385
13331 386
5623 387
11542 388
12346 389
6234 390
7474 391
1859 392
3214 393
4504 394
12422 395
11858 396
8794 397
11305 398
8232 399
12732 400
13017 401
189 402
11553 403
9432 404
1825 405
10802 406
4200 407
12351 408
9344 409
10756 410
13050 411
5770 412
13231 413
8082 414
8796 415
845 416
7898 417
1636 418
10227 419
9142 420
11337 421
1819 422
3827 423
8617 424
7690 425
12006 426
6980 427
1094 428
7750 429
11550 430
951 431
5763 432
2540 433
3210 434
1492 435
11812 436
12484 437
10133 438
3727 439
9650 440
867 441
1066 442
4375 443
4319 444
7804 445
5006 446
1939 447
8191 448
270 449
5932 450
3633 451
9916 452
1095 453
4494 454
6228 455
11878 456
5432 457
4936 458
9951 459
2915 460
11953 461
2864 462
3866 463
8927 464
11662 465
93 466
13177 467
13256 468
6639 469
743 470
10149 471
12415 472
4485 473
3570 474
143 475
10682 476
5450 477
1901 478
8096 479
7774 480
5518 481
9145 482
12248 483
12601 484
7889 485
3917 486
1104 487
1063 488
11710 489
6218 490
10141 491
6642 492
10076 493
10412 494
12378 495
2706 496
7037 497
5723 498
307 499
4667 500
10305 501
7626 502
13049 503
9941 504
241 505
12989 506
9967 507
1129 508
9481 509
7944 510
5103 511
5795 512
7681 513
9487 514
12259 515
9894 516
11148 517
10982 518
11722 519
7779 520
12533 521
13619 522
2865 523
2480 524
6074 525
11895 526
2268 527
6218 528
1442 529
4624 530
11548 531
10128 532
7580 533
9922 534
12384 535
4624 536
13275 537
10115 538
3653 539
9116 540
11996 541
1133 542
2814 543
10287 544
4721 545
3396 546
3090 547
8030 548
7434 549
7636 550
4506 551
7411 552
3894 553
744 554
3865 555
10811 556
2975 557
4840 558
12423 559
9326 560
7061 561
8608 562
12520 563
8823 564
4131 565
9947 566
998 567
11137 568
10042 569
1606 570
11405 571
2175 572
1684 573
1024 574
7480 575
965 576
7162 577
141 578
12751 579
2739 580
7572 581
9153 582
5039 583
3841 584
8331 585
13438 586
3612 587
9040 588
11198 589
1509 590
12242 591
13142 592
2658 593
11300 594
7971 595
11692 596
13856 597
1403 598
809 599
11136 600
10744 601
9408 602
6647 603
5067 604
1525 605
10607 606
1957 607
13548 608
6873 609
13179 610
957 611
10758 612
574 613
11186 614
10996 615
8797 616
11989 617
1312 618
1100 619
5288 620
7178 621
4402 622
5871 623
1109 624
9232 625
250 626
12609 627
6784 628
10371 629
12157 630
12299 631
5346 632
11693 633
9454 634
2581 635
6852 636
4803 637
12449 638
9561 639
12830 640
194 641
6529 642
3939 643
11935 644
9840 645
2961 646
5352 647
4463 648
6464 649
6502 650
13569 651
8236 652
4238 653
6061 654
3422 655
296 656
4972 657
12545 658
11920 659
2847 660
6675 661
12891 662
9591 663
4268 664
6337 665
7239 666
13672 667
8716 668
3299 669
11562 670
7980 671
3621 672
3158 673
11892 674
6802 675
9562 676
342 677
8933 678
5263 679
3777 680
8218 681
13841 682
2771 683
13699 684
3083 685
13889 686
9812 687
8236 688
12301 689
11669 690
13342 691
8207 692
5444 693
7126 694
1520 695
13753 696
9427 697
7496 698
9402 699
11463 700
5063 701
6196 702
1234 703
3842 704
1462 705
4246 706
8361 707
7068 708
2915 709
85 710
9214 711
838 712
8750 713
145 714
2177 715
8652 716
5051 717
3114 718
11364 719
7296 720
2453 721
844 722
13553 723
1309 724
5788 725
11955 726
9557 727
2031 728
8422 729
7717 730
3467 731
3357 732
2263 733
8139 734
4047 735
4598 736
13143 737
5613 738
2029 739
3109 740
12083 741
11162 742
279 743
2630 744
5880 745
3264 746
6806 747
9686 748
382 749
7380 750
10326 751
10609 752
5678 753
6135 754
3699 755
8668 756
13902 757
11687 758
7011 759
13824 760
7723 761
4423 762
3605 763
10252 764
6573 765
3123 766
11556 767
6542 768
7054 769
167 770
2123 771
11969 772
11162 773
1593 774
8267 775
313 776
12541 777
1094 778
8232 779
10490 780
2799 781
4777 782
999 783
13464 784
3838 785
5788 786
5531 787
9785 788
11272 789
455 790
3862 791
3526 792
4310 793
6666 794
2391 795
11516 796
1800 797
5061 798
12769 799
11640 800
7594 801
2889 802
1790 803
11138 804
5859 805
7697 806
11908 807
6998 808
11746 809
1201 810
12799 811
11195 812
871 813
11599 814
6602 815
7854 816
12915 817
1429 818
6895 819
12034 820
588 821
9119 822
13402 823
3351 824
4311 825
10870 826
2656 827
13756 828
3226 829
5637 830
961 831
8227 832
839 833
9435 834
6706 835
9555 836
10641 837
7568 838
7874 839
11232 840
1851 841
2288 842
285 843
7488 844
8206 845
488 846
9227 847
4652 848
5268 849
2511 850
9216 851
2219 852
11460 853
9935 854
10796 855
4220 856
4386 857
100 858
5144 859
9480 860
4039 861
9695 862
8616 863
8900 864
11715 865
11207 866
7358 867
5929 868
11738 869
8211 870
11382 871
11820 872
9888 873
911 874
13862 875
10484 876
11869 877
3005 878
3908 879
9259 880
7453 881
13779 882
2119 883
1934 884
10678 885
278 886
9817 887
7546 888
13867 889
11066 890
775 891
10024 892
3781 893
11307 894
409 895
5817 896
1080 897
8999 898
6746 899
775 900
8824 901
537 902
5751 903
9714 904
6381 905
6491 906
3603 907
6145 908
6376 909
803 910
12025 911
4538 912
10363 913
5543 914
11253 915
7735 916
1737 917
13360 918
1900 919
4016 920
7951 921
478 922
6235 923
13753 924
12471 925
2099 926
8269 927
12604 928
11732 929
11914 930
10742 931
12665 932
8376 933
11356 934
13161 935
5059 936
9133 937
9661 938
5922 939
12690 940
2978 941
11751 942
12828 943
7207 944
935 945
4898 946
11160 947
253 948
8758 949
12549 950
4361 951
3944 952
10671 953
2005 954
6113 955
9996 956
11686 957
2159 958
2185 959
1312 960
1543 961
7931 962
2011 963
13983 964
12179 965
7247 966
600 967
5607 968
4192 969
9684 970
7926 971
174 972
4432 973
9094 974
502 975
11939 976
2452 977
5806 978
3466 979
7641 980
12173 981
7049 982
10059 983
10230 984
4239 985
6828 986
8763 987
8546 988
1855 989
4080 990
2251 991
3160 992
3198 993
1848 994
6684 995
551 996
10095 997
4742 998
10733 999
1590 1000
4263 1001
6444 1002
13899 1003
11716 1004
13803 1005
10557 1006
37 1007
6908 1008
2416 1009
9613 1010
3057 1011
941 1012
10997 1013
9709 1014
10933 1015
7975 1016
12485 1017
7778 1018
11887 1019
11239 1020
10039 1021
1641 1022
9051 1023
10694 1024
8006 1025
4789 1026
10833 1027
630 1028
12172 1029
934 1030
8318 1031
129 1032
11390 1033
11672 1034
13803 1035
2963 1036
1096 1037
13286 1038
3390 1039
7374 1040
11068 1041
10080 1042
10622 1043
8783 1044
717 1045
7933 1046
2353 1047
13522 1048
7924 1049
8213 1050
5080 1051
5220 1052
10057 1053
4210 1054
722 1055
8616 1056
2080 1057
10556 1058
4089 1059
6141 1060
8147 1061
3366 1062
2053 1063
54 1064
2504 1065
2607 1066
1560 1067
4323 1068
10981 1069
9887 1070
463 1071
13803 1072
11115 1073
10344 1074
4353 1075
11685 1076
5247 1077
6623 1078
2531 1079
9489 1080
10025 1081
13488 1082
422 1083
1392 1084
6072 1085
3267 1086
7030 1087
11561 1088
6833 1089
3236 1090
9047 1091
5879 1092
56 1093
12132 1094
6922 1095
9263 1096
2693 1097
4962 1098
12813 1099
2612 1100
13591 1101
148 1102
13937 1103
129 1104
2275 1105
9504 1106
9211 1107
7118 1108
7525 1109
962 1110
514 1111
10832 1112
8868 1113
6833 1114
2784 1115
2192 1116
11248 1117
2084 1118
5583 1119
3148 1120
7254 1121
13722 1122
5143 1123
7780 1124
2342 1125
11329 1126
12713 1127
13141 1128
6444 1129
6723 1130
3479 1131
1163 1132
8593 1133
9795 1134
5368 1135
7562 1136
7793 1137
10591 1138
10537 1139
2343 1140
5784 1141
3503 1142
9579 1143
5734 1144
10569 1145
5294 1146
1378 1147
5743 1148
3003 1149
8525 1150
8066 1151
7780 1152
6379 1153
11344 1154
12050 1155
7862 1156
11717 1157
7243 1158
1966 1159
43 1160
3819 1161
6273 1162
508 1163
12746 1164
3000 1165
7301 1166
11318 1167
7326 1168
4248 1169
10807 1170
8729 1171
1686 1172
10106 1173
4168 1174
10307 1175
4684 1176
5476 1177
12908 1178
891 1179
7527 1180
2244 1181
1623 1182
3505 1183
5180 1184
13388 1185
10249 1186
10164 1187
8221 1188
4813 1189
7698 1190
535 1191
472 1192
8650 1193
2848 1194
5766 1195
287 1196
12592 1197
10731 1198
2776 1199
6809 1200
308 1201
10893 1202
8028 1203
3795 1204
2960 1205
13524 1206
8740 1207
9033 1208
3845 1209
11304 1210
8811 1211
6449 1212
8651 1213
13900 1214
12467 1215
6191 1216
6996 1217
718 1218
2040 1219
5039 1220
6038 1221
9282 1222
7375 1223
1031 1224
10408 1225
11446 1226
923 1227
7304 1228
7025 1229
9466 1230
2016 1231
11505 1232
1380 1233
2936 1234
7202 1235
11036 1236
8114 1237
11739 1238
2182 1239
4510 1240
11520 1241
12933 1242
11437 1243
12562 1244
7617 1245
2723 1246
9917 1247
9668 1248
2123 1249
9305 1250
11154 1251
2211 1252
13390 1253
11375 1254
4667 1255
4283 1256
9751 1257
8732 1258
10453 1259
6730 1260
9157 1261
4630 1262
5030 1263
10036 1264
4450 1265
13213 1266
9088 1267
13873 1268
11782 1269
13610 1270
8821 1271
3153 1272
10145 1273
4149 1274
3697 1275
3088 1276
9914 1277
9384 1278
10382 1279
9104 1280
8809 1281
1366 1282
13360 1283
7779 1284
3445 1285
2412 1286
12472 1287
365 1288
11647 1289
13982 1290
5402 1291
4703 1292
10245 1293
13254 1294
8157 1295
4634 1296
5024 1297
9936 1298
12163 1299
10749 1300
10790 1301
7848 1302
9067 1303
5215 1304
10852 1305
13931 1306
6767 1307
11075 1308
6970 1309
7664 1310
2750 1311
7869 1312
4680 1313
13639 1314
12210 1315
990 1316
6212 1317
104 1318
4553 1319
1247 1320
5671 1321
5801 1322
934 1323
13966 1324
5656 1325
9064 1326
12593 1327
584 1328
5139 1329
6168 1330
12803 1331
2630 1332
244 1333
2449 1334
9705 1335
10505 1336
2341 1337
2894 1338
901 1339
7089 1340
5684 1341
2314 1342
4346 1343
186 1344
131 1345
11026 1346
2548 1347
7103 1348
11168 1349
8384 1350
6199 1351
4051 1352
9993 1353
3062 1354
12740 1355
180 1356
7972 1357
4065 1358
6721 1359
12592 1360
13587 1361
7737 1362
8809 1363
12924 1364
9636 1365
721 1366
2410 1367
2602 1368
6463 1369
11250 1370
10916 1371
13978 1372
277 1373
12222 1374
9105 1375
2453 1376
11764 1377
3364 1378
13098 1379
1652 1380
13382 1381
3580 1382
7735 1383
12982 1384
6925 1385
24 1386
11226 1387
11270 1388
6697 1389
8851 1390
2566 1391
1216 1392
2834 1393
563 1394
3274 1395
4363 1396
10317 1397
8028 1398
2291 1399
