1500 1450
7224 0
10642 1
12317 2
3784 3
8394 4
1484 5
9976 6
11531 7
8199 8
1697 9
3954 10
1600 11
5368 12
5191 13
14210 14
5748 15
539 16
9177 17
12055 18
665 19
660 20
10758 21
14455 22
2440 23
1548 24
6058 25
10415 26
12657 27
3201 28
8295 29
13300 30
2955 31
4153 32
12536 33
12100 34
12721 35
7910 36
3014 37
4122 38
8469 39
3709 40
9819 41
3283 42
8322 43
4649 44
12252 45
9975 46
293 47
9259 48
781 49
8121 50
8327 51
10441 52
14099 53
13746 54
7996 55
6572 56
936 57
4578 58
6196 59
1626 60
2033 61
3397 62
539 63
8330 64
2613 65
10521 66
12482 67
4083 68
7233 69
1415 70
9969 71
13571 72
2945 73
10885 74
12385 75
11987 76
7697 77
14460 78
13174 79
5219 80
5219 81
13467 82
8470 83
8243 84
9542 85
7546 86
1494 87
11422 88
14734 89
14182 90
13281 91
9031 92
14187 93
3237 94
13372 95
2909 96
8493 97
1367 98
11612 99
10771 100
8240 101
13317 102
796 103
11192 104
2336 105
11630 106
8351 107
13163 108
9813 109
1246 110
6459 111
5773 112
5770 113
7346 114
14187 115
13609 116
6823 117
10096 118
5119 119
14966 120
5577 121
8483 122
10593 123
9377 124
11038 125
13764 126
13390 127
13938 128
6367 129
1273 130
12974 131
10796 132
383 133
14500 134
3006 135
13522 136
5318 137
11602 138
2326 139
11865 140
8177 141
3275 142
8428 143
5260 144
8592 145
11836 146
7283 147
2688 148
7842 149
2627 150
14186 151
796 152
1382 153
8730 154
3670 155
4346 156
5908 157
7572 158
13487 159
2721 160
4286 161
7885 162
13776 163
11844 164
13176 165
8957 166
11590 167
3463 168
8284 169
12052 170
6839 171
12184 172
7424 173
1039 174
9819 175
5958 176
7278 177
5507 178
10087 179
1201 180
14906 181
13051 182
7138 183
437 184
1580 185
6002 186
4071 187
9973 188
2162 189
9607 190
2668 191
14726 192
9904 193
2316 194
2356 195
6254 196
14652 197
2861 198
5224 199
71 200
3950 201
7015 202
6331 203
7851 204
10225 205
3543 206
10042 207
10983 208
11052 209
12730 210
14377 211
1949 212
12409 213
9493 214
7359 215
3007 216
581 217
6997 218
8504 219
6533 220
389 221
2463 222
10371 223
2078 224
13500 225
12022 226
5403 227
3544 228
737 229
5970 230
6568 231
5403 232
7645 233
11116 234
3108 235
3532 236
14460 237
8736 238
898 239
1705 240
14070 241
5255 242
13429 243
2411 244
13359 245
11257 246
13252 247
2594 248
9422 249
12619 250
9350 251
4791 252
14393 253
14191 254
3561 255
4451 256
2670 257
13792 258
1619 259
11996 260
12748 261
6076 262
3520 263
8206 264
9420 265
6216 266
379 267
10520 268
8882 269
591 270
12269 271
9287 272
13208 273
1297 274
11800 275
11637 276
7321 277
3826 278
14921 279
438 280
2840 281
8306 282
11543 283
549 284
13305 285
1393 286
6090 287
14372 288
897 289
10777 290
14088 291
2011 292
10535 293
9614 294
4711 295
7116 296
2194 297
12710 298
2716 299
10352 300
11182 301
9229 302
11318 303
3807 304
14606 305
12000 306
2621 307
14537 308
7498 309
1176 310
2748 311
2588 312
9539 313
7279 314
9475 315
5901 316
10442 317
7045 318
6757 319
9544 320
2019 321
558 322
7498 323
8636 324
7525 325
7829 326
2742 327
2600 328
9297 329
2113 330
5509 331
3406 332
14804 333
14599 334
11452 335
8217 336
1936 337
9919 338
34 339
8316 340
9743 341
8338 342
4740 343
10435 344
14235 345
8401 346
1858 347
1222 348
3232 349
14408 350
10386 351
6726 352
10323 353
4497 354
9465 355
3393 356
2019 357
12134 358
8342 359
10 360
4698 361
6032 362
13955 363
9807 364
4161 365
8418 366
10944 367
8252 368
14474 369
10475 370
11513 371
615 372
11277 373
6075 374
2439 375
10501 376
3724 377
14486 378
4319 379
8928 380
88 381
11945 382
2562 383
11734 384
1154 385
1097 386
5463 387
9252 388
7498 389
5095 390
6705 391
14506 392
1363 393
2326 394
12993 395
10141 396
2224 397
10087 398
10783 399
12157 400
7742 401
11717 402
12436 403
12379 404
6457 405
5813 406
841 407
1142 408
5019 409
8171 410
13815 411
9654 412
13856 413
8547 414
1560 415
1391 416
5310 417
14746 418
4538 419
13504 420
6171 421
2502 422
11183 423
1869 424
4015 425
911 426
7492 427
3207 428
1513 429
5053 430
8670 431
991 432
10236 433
4499 434
10737 435
3592 436
4392 437
3409 438
1973 439
3914 440
14287 441
3783 442
2163 443
14674 444
3300 445
1499 446
5601 447
14503 448
8092 449
5880 450
12231 451
465 452
443 453
11096 454
7028 455
13836 456
2954 457
6544 458
9042 459
1192 460
8502 461
3430 462
6837 463
6393 464
38 465
5244 466
7717 467
11494 468
12914 469
13828 470
7942 471
3062 472
9759 473
12723 474
9877 475
11883 476
3302 477
3846 478
2236 479
4003 480
13230 481
12130 482
14599 483
10178 484
13063 485
6117 486
9285 487
3174 488
12882 489
11066 490
14937 491
97 492
3215 493
9587 494
14957 495
8780 496
10802 497
2536 498
692 499
14222 500
11441 501
605 502
5645 503
12760 504
12207 505
12253 506
9554 507
14919 508
8978 509
14327 510
5338 511
4814 512
9558 513
11770 514
10986 515
12499 516
10537 517
9560 518
13493 519
6151 520
450 521
2223 522
77 523
14290 524
7041 525
8800 526
2549 527
2330 528
880 529
5554 530
1744 531
7740 532
1703 533
11758 534
12971 535
14500 536
5431 537
3650 538
7487 539
3061 540
8643 541
10700 542
5242 543
2739 544
5590 545
2597 546
4135 547
10739 548
5674 549
4715 550
11013 551
8225 552
12102 553
13427 554
6420 555
1141 556
7949 557
11967 558
4369 559
1835 560
2046 561
3329 562
761 563
350 564
783 565
14243 566
280 567
6451 568
6380 569
2415 570
6807 571
8476 572
13026 573
6378 574
7049 575
5768 576
416 577
12679 578
9018 579
2323 580
4818 581
2600 582
10310 583
6742 584
13339 585
10478 586
12338 587
4392 588
6275 589
5325 590
510 591
2022 592
5946 593
5837 594
11903 595
14750 596
14539 597
12149 598
3056 599
7949 600
2858 601
11743 602
6948 603
10452 604
3027 605
5803 606
765 607
12468 608
11290 609
14112 610
12917 611
7485 612
10520 613
7182 614
10564 615
11417 616
10770 617
1058 618
2524 619
10670 620
4427 621
3492 622
13392 623
6990 624
14235 625
10758 626
1289 627
14114 628
14268 629
2114 630
2764 631
1904 632
6926 633
13796 634
12806 635
5679 636
8145 637
3066 638
9397 639
7403 640
2551 641
10742 642
11574 643
1114 644
4232 645
12032 646
14045 647
5165 648
2719 649
10335 650
11143 651
14378 652
10740 653
12839 654
9389 655
5652 656
3688 657
6832 658
7528 659
1495 660
7558 661
1201 662
13426 663
13431 664
4505 665
1348 666
1256 667
11739 668
4898 669
14069 670
4628 671
11920 672
4885 673
11559 674
6144 675
6827 676
3306 677
10007 678
6322 679
9947 680
7278 681
3761 682
6975 683
2666 684
4017 685
8593 686
7397 687
13585 688
238 689
11382 690
2204 691
811 692
3477 693
14632 694
9403 695
1918 696
10609 697
11934 698
8936 699
12124 700
5790 701
9113 702
12920 703
13032 704
2977 705
2461 706
1050 707
11284 708
8072 709
7014 710
12405 711
4264 712
14380 713
2455 714
4616 715
1948 716
4985 717
1755 718
4713 719
8535 720
4784 721
9311 722
7590 723
7025 724
7154 725
373 726
4148 727
3665 728
11385 729
13678 730
6775 731
5537 732
7501 733
5928 734
9556 735
2237 736
3430 737
4222 738
415 739
14129 740
14004 741
9048 742
3917 743
663 744
14037 745
13911 746
4938 747
6759 748
6704 749
801 750
14619 751
2269 752
11914 753
10198 754
3646 755
8747 756
10765 757
11147 758
1220 759
9966 760
4471 761
2208 762
5831 763
1669 764
4098 765
1936 766
13555 767
11219 768
13256 769
4391 770
8528 771
12995 772
9539 773
7227 774
11956 775
1428 776
14412 777
3620 778
649 779
1336 780
8681 781
7468 782
7666 783
10636 784
14268 785
4223 786
6197 787
4922 788
4413 789
13878 790
6578 791
13174 792
7481 793
7608 794
1306 795
5992 796
13108 797
946 798
5774 799
9047 800
8591 801
9447 802
8070 803
2701 804
14982 805
6753 806
8526 807
12354 808
6308 809
5153 810
178 811
3919 812
4243 813
14446 814
7536 815
530 816
2539 817
3773 818
13917 819
5747 820
13200 821
9987 822
2212 823
5660 824
4389 825
8010 826
857 827
71 828
12792 829
14687 830
5343 831
2185 832
3725 833
12995 834
12357 835
4829 836
14375 837
11492 838
6594 839
9850 840
6821 841
2328 842
1907 843
5993 844
8179 845
1856 846
305 847
2386 848
845 849
3118 850
11857 851
14779 852
12055 853
100 854
7373 855
338 856
8557 857
9388 858
2279 859
1879 860
13314 861
2315 862
3703 863
5885 864
2572 865
7645 866
13128 867
13921 868
14786 869
7221 870
13279 871
13071 872
3687 873
9080 874
10432 875
12306 876
14755 877
6413 878
10179 879
5205 880
3214 881
6659 882
5656 883
3890 884
407 885
13756 886
2359 887
6471 888
1314 889
3812 890
12686 891
3977 892
12804 893
12355 894
12499 895
9177 896
7742 897
13319 898
14363 899
6664 900
5655 901
7977 902
2973 903
11295 904
5922 905
1363 906
7629 907
4779 908
6038 909
11572 910
8828 911
4155 912
4909 913
8937 914
9059 915
7663 916
1295 917
6423 918
9587 919
13418 920
6782 921
10131 922
4275 923
1076 924
14311 925
12238 926
302 927
12991 928
12352 929
7479 930
10565 931
1774 932
484 933
13154 934
8152 935
8686 936
476 937
10744 938
14454 939
12790 940
9418 941
10068 942
14947 943
3680 944
376 945
14979 946
5127 947
1753 948
10981 949
2518 950
11366 951
3877 952
710 953
7548 954
5750 955
1674 956
3131 957
425 958
6608 959
12842 960
2872 961
697 962
8401 963
11329 964
6353 965
13831 966
14486 967
14902 968
10661 969
4916 970
49 971
8498 972
7578 973
634 974
1065 975
9017 976
808 977
1335 978
3524 979
10349 980
12263 981
10827 982
4823 983
9231 984
1980 985
2200 986
3457 987
4521 988
14437 989
11647 990
2645 991
12767 992
11479 993
1450 994
433 995
12 996
12144 997
652 998
3694 999
6396 1000
4710 1001
11705 1002
592 1003
1328 1004
856 1005
2471 1006
6637 1007
3518 1008
11100 1009
9786 1010
12496 1011
13248 1012
5155 1013
5581 1014
605 1015
13277 1016
6357 1017
13152 1018
5370 1019
204 1020
9674 1021
10258 1022
13618 1023
11001 1024
8299 1025
3131 1026
2502 1027
13288 1028
9135 1029
14738 1030
3675 1031
8644 1032
8989 1033
4247 1034
4972 1035
11762 1036
6438 1037
12629 1038
14946 1039
7907 1040
13188 1041
2744 1042
3752 1043
7128 1044
7854 1045
744 1046
6360 1047
4998 1048
552 1049
9126 1050
8056 1051
13725 1052
4878 1053
5262 1054
11280 1055
4260 1056
10798 1057
13432 1058
619 1059
836 1060
9630 1061
8738 1062
7945 1063
2752 1064
11164 1065
840 1066
5675 1067
9205 1068
2841 1069
7201 1070
572 1071
6694 1072
9074 1073
11570 1074
9738 1075
9921 1076
13567 1077
193 1078
11083 1079
11849 1080
6296 1081
8819 1082
4967 1083
10825 1084
11726 1085
12224 1086
11418 1087
8739 1088
2028 1089
14372 1090
14475 1091
9154 1092
6821 1093
4058 1094
1613 1095
4387 1096
5533 1097
4982 1098
4492 1099
6921 1100
9904 1101
14473 1102
8800 1103
14035 1104
12834 1105
7005 1106
13842 1107
3183 1108
12352 1109
11669 1110
10840 1111
8585 1112
9835 1113
5027 1114
12427 1115
13173 1116
6519 1117
14831 1118
10439 1119
2258 1120
9085 1121
12031 1122
6539 1123
4918 1124
10200 1125
2280 1126
3289 1127
14960 1128
3256 1129
13497 1130
207 1131
11271 1132
11242 1133
3594 1134
5909 1135
2604 1136
14908 1137
12049 1138
12455 1139
10119 1140
14190 1141
6893 1142
4895 1143
4785 1144
14441 1145
10205 1146
777 1147
11756 1148
9737 1149
926 1150
9413 1151
593 1152
1277 1153
14497 1154
5450 1155
7470 1156
10059 1157
4713 1158
3741 1159
6166 1160
11180 1161
14574 1162
10722 1163
7005 1164
3614 1165
7086 1166
8613 1167
14899 1168
3121 1169
400 1170
12521 1171
11915 1172
5044 1173
336 1174
14577 1175
11693 1176
5666 1177
14430 1178
5915 1179
9816 1180
1267 1181
5603 1182
3090 1183
1579 1184
1887 1185
8819 1186
13419 1187
5257 1188
14883 1189
3209 1190
10713 1191
7489 1192
8868 1193
904 1194
1858 1195
6677 1196
3235 1197
707 1198
14971 1199
1615 1200
6662 1201
10004 1202
8197 1203
3051 1204
2872 1205
468 1206
5633 1207
12428 1208
10202 1209
2041 1210
10395 1211
10728 1212
9417 1213
1887 1214
12317 1215
1934 1216
1015 1217
10330 1218
9125 1219
6071 1220
8137 1221
9126 1222
9711 1223
10306 1224
6552 1225
8595 1226
6746 1227
8142 1228
8316 1229
11625 1230
14934 1231
10513 1232
9981 1233
9839 1234
3871 1235
14507 1236
2349 1237
1506 1238
1937 1239
4852 1240
4952 1241
5516 1242
3192 1243
11289 1244
8290 1245
12591 1246
10665 1247
3978 1248
10288 1249
12903 1250
13202 1251
7181 1252
14782 1253
6571 1254
7898 1255
3298 1256
1169 1257
6394 1258
11632 1259
4721 1260
5204 1261
13510 1262
626 1263
11075 1264
4756 1265
7547 1266
12735 1267
6614 1268
14648 1269
6352 1270
7472 1271
3537 1272
11288 1273
12159 1274
14933 1275
10673 1276
10938 1277
8401 1278
1941 1279
11908 1280
6839 1281
561 1282
7935 1283
6675 1284
564 1285
630 1286
14800 1287
3851 1288
12498 1289
8208 1290
7023 1291
2826 1292
11151 1293
10265 1294
1019 1295
11627 1296
1748 1297
4189 1298
7269 1299
535 1300
8050 1301
3689 1302
1519 1303
10722 1304
11093 1305
782 1306
5900 1307
1152 1308
12166 1309
10074 1310
113 1311
9656 1312
8692 1313
12692 1314
9568 1315
4723 1316
13193 1317
11248 1318
13567 1319
4661 1320
1057 1321
4094 1322
5511 1323
8606 1324
14259 1325
9730 1326
10374 1327
14896 1328
8016 1329
8582 1330
105 1331
10394 1332
6740 1333
6462 1334
4651 1335
12143 1336
5197 1337
10511 1338
7990 1339
13018 1340
2208 1341
12476 1342
13533 1343
4210 1344
5181 1345
7138 1346
12732 1347
13641 1348
7181 1349
5738 1350
6223 1351
7512 1352
5244 1353
13289 1354
3614 1355
2055 1356
5656 1357
2581 1358
6630 1359
1061 1360
9263 1361
13979 1362
216 1363
7793 1364
11398 1365
4226 1366
1340 1367
7835 1368
4224 1369
8971 1370
14263 1371
12998 1372
12247 1373
13588 1374
14330 1375
2453 1376
2408 1377
6244 1378
12605 1379
14688 1380
12574 1381
4154 1382
286 1383
8763 1384
4438 1385
1832 1386
3897 1387
2894 1388
14013 1389
6483 1390
14899 1391
8367 1392
9543 1393
3868 1394
14311 1395
3651 1396
5262 1397
11175 1398
11185 1399
7982 1400
393 1401
2140 1402
10658 1403
4834 1404
14253 1405
1869 1406
5203 1407
5014 1408
7422 1409
3484 1410
4559 1411
7506 1412
10002 1413
3158 1414
1091 1415
7436 1416
5168 1417
294 1418
6327 1419
6761 1420
7192 1421
8593 1422
7507 1423
11613 1424
5170 1425
9903 1426
1683 1427
7290 1428
13006 1429
12058 1430
11767 1431
2997 1432
1143 1433
4989 1434
3235 1435
10643 1436
7219 1437
10016 1438
2582 1439
13648 1440
13050 1441
2136 1442
6342 1443
10445 1444
4463 1445
9959 1446
12271 1447
10049 1448
2021 1449
8595 1450
1700 1451
1763 1452
5744 1453
13757 1454
10645 1455
9762 1456
1707 1457
13800 1458
6978 1459
9245 1460
3371 1461
6966 1462
13892 1463
10015 1464
6792 1465
12155 1466
1869 1467
13513 1468
14167 1469
4625 1470
6473 1471
14544 1472
13472 1473
8281 1474
1972 1475
4950 1476
5105 1477
14408 1478
11712 1479
11914 1480
1270 1481
14290 1482
10101 1483
11914 1484
7202 1485
11352 1486
10096 1487
11901 1488
11894 1489
3746 1490
3234 1491
3528 1492
6899 1493
9708 1494
7780 1495
4078 1496
1296 1497
14509 1498
11231 1499
