1350 400
5157 0
4521 1
13489 2
9766 3
514 4
10243 5
5753 6
7900 7
11663 8
408 9
5439 10
8168 11
8451 12
2053 13
11040 14
963 15
5960 16
2906 17
3944 18
9351 19
3338 20
6710 21
5270 22
12781 23
12430 24
1010 25
237 26
2657 27
8700 28
10909 29
647 30
505 31
550 32
11266 33
5527 34
1006 35
3297 36
997 37
4302 38
2555 39
1153 40
9821 41
8566 42
4543 43
11277 44
2791 45
1439 46
7632 47
3018 48
994 49
6134 50
4723 51
11640 52
7892 53
11544 54
12810 55
6622 56
3300 57
4320 58
2218 59
3268 60
1379 61
7594 62
2988 63
10977 64
10579 65
1421 66
9820 67
10082 68
12370 69
8949 70
2054 71
12298 72
6293 73
4607 74
1986 75
1827 76
207 77
7135 78
5268 79
5435 80
10461 81
3860 82
10386 83
10762 84
4784 85
1583 86
6749 87
88 88
967 89
6543 90
3310 91
6989 92
7723 93
2252 94
8522 95
3529 96
10533 97
3984 98
2857 99
1583 100
13203 101
8903 102
4878 103
12427 104
3362 105
2424 106
2472 107
9194 108
13311 109
5570 110
10040 111
10252 112
6792 113
7440 114
12347 115
2337 116
10907 117
1899 118
9041 119
8445 120
2154 121
11740 122
7304 123
3322 124
11068 125
1972 126
11373 127
11402 128
13102 129
6971 130
6643 131
10286 132
4546 133
1677 134
13173 135
13033 136
10942 137
6013 138
611 139
1766 140
7143 141
3031 142
7181 143
8042 144
6474 145
5115 146
11244 147
938 148
10798 149
12943 150
13394 151
11489 152
1174 153
1090 154
4052 155
6817 156
7942 157
8790 158
5128 159
599 160
9310 161
11253 162
11127 163
3444 164
8845 165
8122 166
3018 167
9797 168
4204 169
6808 170
9919 171
8881 172
11047 173
8938 174
9367 175
2964 176
6558 177
576 178
11024 179
11035 180
6395 181
7818 182
2308 183
11332 184
8522 185
10402 186
1153 187
6271 188
8155 189
12007 190
10329 191
6561 192
3949 193
12454 194
4683 195
214 196
5112 197
9602 198
2119 199
3979 200
8722 201
374 202
7757 203
9391 204
11318 205
6469 206
8940 207
803 208
11871 209
11874 210
7898 211
7170 212
833 213
8153 214
4260 215
12606 216
7997 217
12381 218
12391 219
4901 220
1601 221
2157 222
1109 223
8216 224
2248 225
12185 226
10920 227
7720 228
11643 229
2371 230
8951 231
10754 232
5995 233
5399 234
1620 235
1094 236
1913 237
3634 238
6592 239
3286 240
8469 241
13436 242
3203 243
8485 244
6476 245
4371 246
6205 247
11538 248
2674 249
3969 250
10068 251
12903 252
6938 253
11249 254
10581 255
548 256
5080 257
1940 258
10761 259
2738 260
11078 261
4873 262
12550 263
10533 264
9789 265
3239 266
2545 267
11491 268
11501 269
12666 270
13482 271
7519 272
1466 273
11272 274
11704 275
2894 276
6529 277
2803 278
5231 279
11684 280
2605 281
6382 282
6158 283
6968 284
1313 285
9129 286
7801 287
9069 288
2786 289
10130 290
8557 291
13151 292
7047 293
5890 294
8032 295
3574 296
11334 297
10791 298
13113 299
7160 300
13408 301
3330 302
7424 303
759 304
10109 305
1995 306
4642 307
4511 308
163 309
13484 310
10284 311
7629 312
1866 313
9438 314
2796 315
11146 316
934 317
1570 318
6342 319
10655 320
7036 321
4599 322
5539 323
5029 324
2548 325
5743 326
6486 327
10566 328
6729 329
11711 330
1044 331
9414 332
1862 333
9051 334
7198 335
13079 336
12716 337
9625 338
4701 339
5331 340
12918 341
12918 342
4259 343
9482 344
4624 345
10288 346
5115 347
1542 348
5469 349
9387 350
9665 351
4330 352
6307 353
1277 354
9053 355
10167 356
6833 357
7954 358
10344 359
11845 360
2837 361
3192 362
11352 363
5665 364
2151 365
4292 366
6477 367
1384 368
9898 369
10308 370
2575 371
1681 372
12041 373
10150 374
2528 375
3700 376
1039 377
10427 378
11676 379
6496 380
1932 381
12017 382
7046 383
24 384
6122 385
12210 386
4767 387
8852 388
2286 389
2654 390
12814 391
11610 392
9944 393
5260 394
2675 395
4426 396
2511 397
9376 398
10652 399
10305 400
1003 401
9606 402
12378 403
4412 404
4866 405
1071 406
3741 407
5683 408
9077 409
5991 410
10425 411
10023 412
3440 413
4963 414
12682 415
2531 416
9554 417
9300 418
10402 419
1272 420
2739 421
1066 422
12529 423
585 424
5082 425
13336 426
9595 427
10648 428
11591 429
766 430
2509 431
39 432
3713 433
712 434
5280 435
1578 436
10033 437
6150 438
7737 439
13390 440
8271 441
10906 442
2620 443
341 444
10247 445
8704 446
9432 447
12270 448
2757 449
5064 450
13365 451
3968 452
11185 453
1736 454
9970 455
13047 456
10191 457
6089 458
11022 459
2047 460
7622 461
10680 462
4361 463
256 464
12411 465
5669 466
10047 467
6268 468
3854 469
383 470
5531 471
4130 472
3587 473
953 474
357 475
12381 476
4823 477
774 478
10946 479
4076 480
11849 481
2109 482
2628 483
11711 484
10636 485
11629 486
5078 487
3521 488
13157 489
4977 490
9258 491
6873 492
4638 493
9681 494
150 495
4304 496
11916 497
11278 498
2394 499
4732 500
363 501
6475 502
6798 503
1518 504
13252 505
280 506
11940 507
10668 508
13276 509
6521 510
10325 511
11105 512
9464 513
9923 514
2981 515
8248 516
5374 517
8040 518
13041 519
2035 520
7195 521
3779 522
5456 523
3988 524
4991 525
6858 526
13012 527
7054 528
1332 529
1745 530
3693 531
5108 532
1526 533
8815 534
9226 535
13146 536
10228 537
3919 538
5355 539
3009 540
9773 541
12707 542
12362 543
1969 544
2046 545
9272 546
936 547
9508 548
10668 549
3964 550
8059 551
1528 552
7737 553
9389 554
3106 555
13229 556
1909 557
11380 558
2129 559
7649 560
13150 561
2810 562
5047 563
8650 564
4670 565
9893 566
9315 567
10914 568
7294 569
4909 570
11199 571
8508 572
5241 573
7043 574
9143 575
3653 576
12321 577
7263 578
3520 579
11200 580
11332 581
5242 582
11845 583
5254 584
10678 585
223 586
4284 587
9100 588
7122 589
11466 590
10857 591
338 592
285 593
3025 594
6580 595
11526 596
5116 597
7331 598
11981 599
3726 600
3551 601
12434 602
3345 603
9111 604
1519 605
377 606
13497 607
2945 608
5642 609
10842 610
12069 611
5396 612
7725 613
3654 614
13014 615
8283 616
12840 617
12070 618
8742 619
9898 620
8264 621
11580 622
8988 623
6990 624
13205 625
13044 626
5687 627
7650 628
2 629
78 630
3856 631
10075 632
200 633
7345 634
9752 635
7973 636
7783 637
9652 638
6105 639
8299 640
11061 641
1839 642
10458 643
7896 644
9399 645
7926 646
8713 647
5189 648
11336 649
12135 650
10954 651
1028 652
227 653
3498 654
10392 655
11336 656
8564 657
9128 658
12 659
9793 660
3739 661
13253 662
9886 663
9005 664
4119 665
2874 666
5505 667
5544 668
12154 669
11169 670
2570 671
5093 672
6783 673
6962 674
2340 675
6675 676
3948 677
3424 678
188 679
2546 680
7220 681
5640 682
2524 683
955 684
11038 685
8871 686
12099 687
11376 688
1036 689
7861 690
11756 691
327 692
9505 693
6227 694
4311 695
10934 696
6946 697
691 698
900 699
13372 700
11076 701
2215 702
1084 703
812 704
5844 705
5195 706
9908 707
1113 708
9059 709
11750 710
9216 711
3598 712
7386 713
6424 714
11737 715
7404 716
5084 717
475 718
4799 719
7831 720
5785 721
1626 722
1465 723
152 724
1050 725
12855 726
5093 727
12156 728
2541 729
8806 730
2148 731
623 732
10886 733
1668 734
6320 735
5602 736
351 737
376 738
9433 739
359 740
12859 741
2886 742
3793 743
8640 744
7897 745
9751 746
7534 747
13195 748
1688 749
8396 750
633 751
7921 752
12750 753
10554 754
1946 755
7749 756
5102 757
9641 758
12538 759
12489 760
7373 761
10825 762
244 763
3841 764
8844 765
6298 766
6046 767
11765 768
9432 769
12294 770
4176 771
13073 772
1477 773
1789 774
2859 775
11147 776
2418 777
5278 778
541 779
4281 780
4855 781
7301 782
11441 783
12819 784
8877 785
17 786
9944 787
1935 788
13133 789
2486 790
5792 791
8658 792
13328 793
11385 794
13137 795
9772 796
3184 797
6103 798
4532 799
8443 800
11077 801
7520 802
6222 803
5370 804
4134 805
11481 806
13103 807
4806 808
1091 809
4788 810
1612 811
4308 812
4750 813
8544 814
631 815
1284 816
8130 817
5617 818
10139 819
3437 820
3063 821
13157 822
12063 823
2462 824
2144 825
2402 826
6726 827
3248 828
3677 829
5485 830
13062 831
2265 832
3994 833
2098 834
5819 835
3262 836
92 837
7198 838
13310 839
5824 840
5750 841
12101 842
5087 843
1759 844
5649 845
6559 846
8517 847
5019 848
11976 849
5189 850
1221 851
13368 852
10628 853
413 854
12747 855
12218 856
3750 857
7860 858
2784 859
9530 860
8343 861
1170 862
11894 863
652 864
987 865
11017 866
8513 867
2835 868
12507 869
5695 870
3571 871
11588 872
3729 873
10458 874
9810 875
11231 876
6345 877
1249 878
1620 879
895 880
9562 881
6496 882
5604 883
10119 884
8300 885
13173 886
10600 887
10229 888
9894 889
11165 890
5848 891
7188 892
4158 893
11904 894
7661 895
2420 896
5425 897
2257 898
3882 899
1806 900
5969 901
195 902
5235 903
8231 904
830 905
10035 906
11288 907
3773 908
10684 909
4629 910
4862 911
7025 912
9676 913
11165 914
5618 915
12692 916
12643 917
10145 918
9028 919
3459 920
4504 921
5784 922
13170 923
10497 924
2085 925
10895 926
816 927
4763 928
9275 929
9791 930
1268 931
7232 932
5042 933
2099 934
3342 935
8191 936
3727 937
12514 938
6180 939
5656 940
2854 941
11024 942
5209 943
11035 944
3348 945
2049 946
12193 947
9552 948
5396 949
947 950
3220 951
1964 952
12036 953
10026 954
4856 955
6551 956
7117 957
2592 958
6801 959
3479 960
9163 961
7000 962
7137 963
11394 964
1579 965
2015 966
10171 967
7113 968
3403 969
4738 970
6472 971
7457 972
8905 973
9109 974
1118 975
6622 976
1846 977
10009 978
1418 979
1005 980
4831 981
2776 982
12673 983
12472 984
53 985
3012 986
4999 987
7962 988
733 989
4838 990
59 991
11295 992
7678 993
9000 994
10038 995
5548 996
11258 997
1221 998
1047 999
10117 1000
1023 1001
12442 1002
408 1003
5652 1004
11113 1005
3444 1006
10102 1007
2936 1008
12461 1009
1959 1010
8192 1011
689 1012
10573 1013
2961 1014
6792 1015
7890 1016
5750 1017
10779 1018
8056 1019
6204 1020
12596 1021
1073 1022
597 1023
8469 1024
13452 1025
8674 1026
9353 1027
12813 1028
508 1029
1982 1030
12810 1031
9733 1032
4394 1033
9799 1034
592 1035
2602 1036
5980 1037
8466 1038
6341 1039
6295 1040
1913 1041
9690 1042
9988 1043
6710 1044
8716 1045
1536 1046
6604 1047
9242 1048
1142 1049
5932 1050
7747 1051
12603 1052
1338 1053
9129 1054
8215 1055
5468 1056
4437 1057
9414 1058
2119 1059
5042 1060
9846 1061
9825 1062
544 1063
8125 1064
2119 1065
12176 1066
9771 1067
2687 1068
9829 1069
11743 1070
12743 1071
5635 1072
5434 1073
11803 1074
13036 1075
1283 1076
4865 1077
759 1078
12480 1079
7281 1080
8498 1081
7793 1082
9377 1083
12826 1084
4371 1085
6619 1086
2194 1087
13017 1088
780 1089
2736 1090
2592 1091
9671 1092
5954 1093
12999 1094
2669 1095
6914 1096
4842 1097
7287 1098
11570 1099
6423 1100
11769 1101
536 1102
352 1103
11609 1104
9647 1105
3794 1106
5711 1107
9767 1108
1726 1109
925 1110
5452 1111
1910 1112
9816 1113
6232 1114
8291 1115
10078 1116
10675 1117
11882 1118
13449 1119
2041 1120
3410 1121
9848 1122
11727 1123
8699 1124
3586 1125
1857 1126
5054 1127
12515 1128
11915 1129
9017 1130
7794 1131
1324 1132
9192 1133
3698 1134
3201 1135
11506 1136
1035 1137
13262 1138
7478 1139
5041 1140
11734 1141
6963 1142
82 1143
1443 1144
3999 1145
1916 1146
4030 1147
8532 1148
12486 1149
11499 1150
10105 1151
12158 1152
3405 1153
9147 1154
4004 1155
5697 1156
12241 1157
5749 1158
1812 1159
9636 1160
3470 1161
12389 1162
8139 1163
1211 1164
10666 1165
10091 1166
2738 1167
8026 1168
2317 1169
9826 1170
3500 1171
7530 1172
2761 1173
3891 1174
9225 1175
4329 1176
2365 1177
6250 1178
7360 1179
12993 1180
7641 1181
9690 1182
4551 1183
6451 1184
3382 1185
5286 1186
382 1187
11190 1188
11240 1189
5641 1190
1606 1191
2839 1192
7390 1193
7194 1194
582 1195
10604 1196
11413 1197
3257 1198
7683 1199
9650 1200
9738 1201
6270 1202
11970 1203
3602 1204
11343 1205
3942 1206
3153 1207
8388 1208
14 1209
4720 1210
1911 1211
1116 1212
1192 1213
10456 1214
6864 1215
11826 1216
6007 1217
649 1218
3728 1219
12948 1220
2908 1221
7981 1222
5125 1223
4014 1224
7817 1225
8070 1226
8969 1227
7139 1228
7311 1229
7337 1230
11142 1231
11319 1232
1747 1233
11946 1234
2297 1235
3314 1236
8321 1237
6034 1238
10283 1239
5110 1240
10055 1241
4147 1242
12467 1243
6899 1244
4440 1245
11459 1246
1451 1247
4472 1248
7013 1249
3932 1250
8098 1251
4494 1252
5176 1253
8573 1254
2155 1255
9326 1256
6422 1257
2039 1258
11112 1259
9903 1260
11700 1261
11750 1262
3866 1263
5023 1264
10376 1265
13026 1266
2185 1267
8269 1268
11542 1269
4675 1270
10577 1271
84 1272
3526 1273
11541 1274
368 1275
12309 1276
6695 1277
211 1278
4342 1279
10005 1280
4616 1281
11282 1282
4303 1283
7975 1284
3951 1285
12808 1286
4894 1287
5366 1288
7674 1289
2382 1290
6713 1291
3861 1292
10225 1293
6161 1294
7465 1295
2413 1296
5469 1297
12153 1298
10915 1299
1446 1300
229 1301
5868 1302
13478 1303
5575 1304
8318 1305
1293 1306
10940 1307
3974 1308
8304 1309
10398 1310
7465 1311
3992 1312
2523 1313
11955 1314
4758 1315
8140 1316
3088 1317
336 1318
1725 1319
4080 1320
3247 1321
3999 1322
32 1323
8132 1324
12219 1325
8753 1326
2570 1327
6917 1328
5842 1329
301 1330
2261 1331
1544 1332
10358 1333
12019 1334
10158 1335
10356 1336
6900 1337
7034 1338
7395 1339
3059 1340
1639 1341
4620 1342
9721 1343
10564 1344
13309 1345
1501 1346
11605 1347
10765 1348
7526 1349
