1250 1300
11349 0
8982 1
4037 2
4967 3
6869 4
8837 5
5186 6
10037 7
4505 8
6540 9
8986 10
8533 11
6393 12
11059 13
3662 14
5142 15
9112 16
5804 17
2028 18
5454 19
2761 20
386 21
7871 22
4728 23
1701 24
630 25
3994 26
6871 27
4828 28
2604 29
11208 30
2817 31
11696 32
1365 33
7929 34
4472 35
2123 36
3983 37
2865 38
8740 39
6807 40
1275 41
317 42
11276 43
2269 44
4853 45
4925 46
7244 47
7881 48
12298 49
4971 50
8625 51
1671 52
10646 53
6293 54
4460 55
1238 56
428 57
217 58
6890 59
9565 60
3832 61
8682 62
4220 63
6902 64
6539 65
9914 66
7146 67
6330 68
5775 69
1514 70
8443 71
7954 72
476 73
3241 74
12155 75
1257 76
10253 77
6172 78
1693 79
2077 80
8674 81
7334 82
5485 83
5590 84
4840 85
8460 86
10559 87
3965 88
2520 89
103 90
3368 91
7902 92
7411 93
10319 94
11605 95
7022 96
4753 97
9501 98
11088 99
6315 100
12193 101
7776 102
9513 103
10523 104
5284 105
3530 106
8837 107
10888 108
948 109
10154 110
2203 111
120 112
2609 113
9798 114
6936 115
1378 116
561 117
12328 118
11454 119
7804 120
11182 121
5001 122
8455 123
3684 124
7939 125
4231 126
10702 127
10681 128
4457 129
9413 130
5236 131
11037 132
4970 133
5620 134
1313 135
578 136
5434 137
6473 138
8681 139
5408 140
8371 141
752 142
7440 143
5127 144
7433 145
3108 146
9142 147
10434 148
3101 149
8277 150
4658 151
9869 152
7435 153
8969 154
6977 155
8916 156
5161 157
3747 158
8118 159
3658 160
1230 161
1803 162
5695 163
9321 164
2971 165
7685 166
1841 167
576 168
8527 169
6305 170
11066 171
4696 172
8607 173
10586 174
2351 175
11179 176
9982 177
6619 178
9265 179
8418 180
11946 181
3858 182
1186 183
5382 184
11602 185
12325 186
11465 187
11920 188
6289 189
11872 190
9344 191
10358 192
7800 193
7023 194
3781 195
6813 196
10924 197
8646 198
8271 199
5811 200
921 201
10283 202
2816 203
5567 204
2792 205
4166 206
11772 207
155 208
7766 209
6427 210
11633 211
8735 212
2780 213
324 214
722 215
3057 216
10884 217
1203 218
11069 219
4653 220
12312 221
3634 222
6196 223
11672 224
6388 225
5705 226
1632 227
12484 228
3008 229
7146 230
670 231
5212 232
10859 233
9076 234
5559 235
3136 236
2643 237
494 238
11282 239
12482 240
4229 241
2673 242
1472 243
608 244
4646 245
10338 246
11664 247
4005 248
2227 249
11415 250
9839 251
9643 252
2998 253
542 254
4692 255
2723 256
8780 257
10222 258
658 259
3219 260
6524 261
9470 262
5299 263
2681 264
1101 265
4974 266
3639 267
4268 268
10152 269
3019 270
10041 271
7600 272
1545 273
3664 274
9349 275
6276 276
9594 277
9909 278
10598 279
8108 280
5172 281
6509 282
1652 283
3191 284
4841 285
9199 286
2436 287
11485 288
9379 289
1163 290
9312 291
2194 292
3929 293
2508 294
2457 295
4598 296
9887 297
437 298
2925 299
10674 300
10594 301
7263 302
4687 303
2404 304
3839 305
6561 306
7167 307
3053 308
8204 309
4898 310
10974 311
7128 312
10185 313
8516 314
454 315
3238 316
12357 317
3116 318
228 319
9493 320
4290 321
5600 322
8366 323
8835 324
4417 325
7960 326
6385 327
1034 328
11264 329
8943 330
297 331
3615 332
7513 333
4902 334
811 335
12456 336
609 337
9586 338
8193 339
969 340
11446 341
10885 342
2366 343
11472 344
6210 345
5711 346
6818 347
10204 348
9507 349
9235 350
4599 351
2773 352
8835 353
876 354
8874 355
5760 356
8444 357
6218 358
2401 359
7005 360
9159 361
458 362
7556 363
1065 364
1529 365
3219 366
3529 367
9710 368
2437 369
3893 370
12017 371
2985 372
2672 373
4146 374
5570 375
9750 376
4203 377
8916 378
3638 379
7129 380
2696 381
10765 382
387 383
4432 384
2700 385
11478 386
8024 387
5859 388
7 389
1430 390
12115 391
11000 392
7275 393
4169 394
10154 395
7197 396
8662 397
10112 398
10795 399
8777 400
10223 401
1369 402
6766 403
7290 404
12113 405
8439 406
8585 407
11401 408
11743 409
10227 410
6493 411
1834 412
7102 413
11582 414
8156 415
1824 416
11174 417
8138 418
4577 419
7005 420
8577 421
9452 422
3268 423
3927 424
6455 425
10445 426
10895 427
7593 428
11781 429
9390 430
1464 431
10273 432
353 433
966 434
238 435
5386 436
3066 437
2072 438
4333 439
4732 440
4796 441
3271 442
8147 443
9354 444
10134 445
9410 446
5415 447
7792 448
7382 449
4244 450
9790 451
8028 452
3588 453
335 454
8124 455
11336 456
8641 457
8008 458
10677 459
2126 460
7244 461
737 462
143 463
10975 464
12264 465
2409 466
159 467
11806 468
8551 469
11646 470
1696 471
8682 472
4125 473
11040 474
508 475
7212 476
8859 477
11826 478
10574 479
10954 480
9116 481
9318 482
191 483
11070 484
1568 485
11546 486
813 487
12188 488
5219 489
7082 490
11672 491
4153 492
5214 493
1401 494
8679 495
2094 496
3243 497
1502 498
454 499
11105 500
2262 501
7070 502
6989 503
8930 504
6452 505
3261 506
7335 507
2178 508
4463 509
5762 510
7853 511
7598 512
4213 513
11689 514
2060 515
1591 516
8376 517
3544 518
6775 519
10744 520
11102 521
2697 522
898 523
10732 524
9896 525
1647 526
4857 527
5429 528
5251 529
5907 530
10465 531
4935 532
5026 533
5396 534
6610 535
11795 536
6736 537
4011 538
9308 539
9671 540
11617 541
8936 542
9619 543
1217 544
7704 545
6772 546
9169 547
7372 548
10852 549
7498 550
3255 551
7951 552
7232 553
3002 554
6753 555
5558 556
6625 557
10072 558
11268 559
6228 560
3797 561
4614 562
1016 563
9994 564
12437 565
1428 566
11276 567
11008 568
84 569
4324 570
9895 571
9730 572
8420 573
4154 574
3766 575
4081 576
2887 577
9282 578
3538 579
186 580
4922 581
10323 582
11598 583
3756 584
7357 585
7190 586
8463 587
11063 588
2784 589
2713 590
6025 591
4002 592
1481 593
10890 594
7160 595
1073 596
10013 597
10862 598
4383 599
7153 600
11088 601
7275 602
8348 603
11655 604
10029 605
9776 606
7322 607
3833 608
11385 609
6084 610
7625 611
1886 612
11538 613
12430 614
7504 615
11498 616
8535 617
8038 618
11608 619
4030 620
8132 621
7015 622
3634 623
7343 624
3665 625
431 626
12197 627
4292 628
9275 629
2907 630
5468 631
11570 632
3662 633
6720 634
2167 635
2014 636
12006 637
9518 638
787 639
11398 640
7987 641
4978 642
713 643
5750 644
3227 645
6759 646
7991 647
1594 648
9969 649
1835 650
8929 651
3833 652
2357 653
6791 654
7272 655
2607 656
10464 657
692 658
361 659
4967 660
6084 661
8974 662
8437 663
7840 664
2282 665
11613 666
1707 667
64 668
6623 669
12064 670
6017 671
170 672
11245 673
3683 674
2451 675
11555 676
624 677
5327 678
5814 679
2929 680
11041 681
2377 682
5196 683
9353 684
6339 685
2399 686
5590 687
8999 688
5812 689
4879 690
4604 691
3492 692
11653 693
5059 694
12399 695
6463 696
3919 697
8342 698
3091 699
10534 700
3779 701
8889 702
4877 703
2719 704
4595 705
3170 706
8439 707
5288 708
7109 709
752 710
4357 711
708 712
9403 713
11290 714
9381 715
2186 716
3194 717
4105 718
5010 719
4000 720
5092 721
8877 722
9168 723
6117 724
3989 725
11446 726
621 727
10485 728
5954 729
11898 730
6395 731
7478 732
3357 733
7315 734
8680 735
12419 736
3865 737
1864 738
6739 739
5532 740
7983 741
3754 742
8518 743
2567 744
6318 745
2749 746
4951 747
5356 748
9911 749
2789 750
7895 751
11424 752
1718 753
6717 754
12477 755
8530 756
1448 757
11864 758
11457 759
7400 760
10749 761
4983 762
10264 763
12371 764
6155 765
706 766
9053 767
8768 768
9142 769
3428 770
6188 771
11607 772
5743 773
12161 774
11137 775
4806 776
3072 777
2813 778
5811 779
11985 780
687 781
11434 782
2920 783
7781 784
10361 785
4366 786
3159 787
7781 788
7450 789
6989 790
2272 791
2947 792
4218 793
10101 794
3430 795
895 796
8630 797
1132 798
4984 799
8079 800
1768 801
7102 802
10096 803
4516 804
6860 805
5838 806
9862 807
7547 808
10070 809
822 810
53 811
4107 812
12430 813
1335 814
814 815
11804 816
4456 817
1238 818
8673 819
3622 820
5348 821
12036 822
994 823
3056 824
8312 825
8090 826
5239 827
8884 828
9647 829
6205 830
6281 831
11812 832
9388 833
10381 834
609 835
9697 836
10735 837
11733 838
5837 839
6441 840
5079 841
492 842
7276 843
219 844
9027 845
7800 846
7728 847
11943 848
1318 849
3237 850
4330 851
6791 852
1893 853
1434 854
10986 855
378 856
8855 857
3423 858
9013 859
8746 860
1383 861
6902 862
10020 863
6337 864
9119 865
10329 866
1642 867
2910 868
12266 869
2187 870
1098 871
12485 872
8891 873
7177 874
10363 875
8909 876
6971 877
3480 878
7153 879
10585 880
7689 881
7866 882
4024 883
6994 884
10442 885
441 886
6037 887
6785 888
1640 889
11081 890
6066 891
6437 892
863 893
6019 894
8535 895
7855 896
3293 897
8772 898
6452 899
4030 900
11883 901
863 902
12485 903
6474 904
4013 905
7290 906
4087 907
8000 908
10650 909
1173 910
4736 911
4291 912
9396 913
3352 914
6207 915
8741 916
3037 917
2714 918
10751 919
9058 920
4680 921
5502 922
10713 923
2928 924
6258 925
5623 926
4801 927
3501 928
5787 929
12080 930
3289 931
6256 932
1324 933
8223 934
1326 935
2159 936
1970 937
12270 938
10234 939
9422 940
7408 941
903 942
11650 943
6654 944
3596 945
1655 946
5873 947
10425 948
11729 949
5570 950
8852 951
10380 952
11361 953
11213 954
11006 955
12439 956
7934 957
909 958
1270 959
8913 960
11993 961
9615 962
8373 963
687 964
6091 965
7162 966
2836 967
10152 968
9947 969
10047 970
4311 971
4873 972
6581 973
1854 974
6684 975
12255 976
11380 977
8301 978
3477 979
10223 980
9402 981
7899 982
5029 983
2703 984
3056 985
9046 986
5453 987
3339 988
5030 989
80 990
556 991
9932 992
1703 993
9841 994
3495 995
5776 996
11411 997
2157 998
1782 999
10697 1000
6295 1001
2049 1002
4609 1003
536 1004
11618 1005
2574 1006
9097 1007
2004 1008
3991 1009
9483 1010
6062 1011
4313 1012
2431 1013
6482 1014
3533 1015
8156 1016
944 1017
4887 1018
3462 1019
11290 1020
5174 1021
10823 1022
6138 1023
2109 1024
7583 1025
3332 1026
8154 1027
8966 1028
2897 1029
7266 1030
5747 1031
202 1032
2583 1033
1407 1034
3219 1035
11312 1036
8490 1037
9616 1038
12468 1039
2215 1040
1306 1041
7026 1042
638 1043
6037 1044
5012 1045
5804 1046
1293 1047
7123 1048
12487 1049
10076 1050
4703 1051
3258 1052
8473 1053
8800 1054
4356 1055
6389 1056
2397 1057
1364 1058
7082 1059
6542 1060
2768 1061
3634 1062
9026 1063
9042 1064
3335 1065
8198 1066
1196 1067
9128 1068
6200 1069
6151 1070
10594 1071
3125 1072
4886 1073
5718 1074
4373 1075
2768 1076
9707 1077
9609 1078
9188 1079
2787 1080
10335 1081
10638 1082
9027 1083
5079 1084
4640 1085
1973 1086
3836 1087
11763 1088
6929 1089
3446 1090
10669 1091
9101 1092
802 1093
2129 1094
6557 1095
11775 1096
9648 1097
5907 1098
2882 1099
9046 1100
9780 1101
1530 1102
4721 1103
3522 1104
1430 1105
7627 1106
4421 1107
7385 1108
1123 1109
97 1110
7613 1111
12250 1112
7270 1113
6983 1114
2669 1115
3060 1116
9287 1117
123 1118
4006 1119
10512 1120
2310 1121
5211 1122
10859 1123
7449 1124
5520 1125
6266 1126
8750 1127
11175 1128
11187 1129
6749 1130
2150 1131
7421 1132
12177 1133
5206 1134
11345 1135
8364 1136
1826 1137
9003 1138
626 1139
6501 1140
350 1141
9620 1142
2812 1143
689 1144
12353 1145
8813 1146
8134 1147
6348 1148
12181 1149
5703 1150
6702 1151
2896 1152
11878 1153
11316 1154
10342 1155
3642 1156
11367 1157
1188 1158
3610 1159
3893 1160
1724 1161
10236 1162
6175 1163
12336 1164
7439 1165
241 1166
5541 1167
3288 1168
9492 1169
8422 1170
1460 1171
8003 1172
4401 1173
1722 1174
5748 1175
6469 1176
6594 1177
5505 1178
5581 1179
2568 1180
264 1181
6841 1182
11747 1183
4991 1184
11207 1185
2450 1186
8935 1187
10674 1188
2943 1189
8508 1190
6197 1191
4988 1192
11179 1193
4285 1194
10988 1195
660 1196
11607 1197
8429 1198
2489 1199
1733 1200
3322 1201
10706 1202
7815 1203
58 1204
9645 1205
8392 1206
1586 1207
8529 1208
8671 1209
4775 1210
1558 1211
3849 1212
4656 1213
6254 1214
7441 1215
12090 1216
8496 1217
10341 1218
6825 1219
10153 1220
2298 1221
2529 1222
11159 1223
5761 1224
4386 1225
9840 1226
4594 1227
9665 1228
6411 1229
3453 1230
8884 1231
5622 1232
3831 1233
10523 1234
7946 1235
8003 1236
1552 1237
690 1238
6204 1239
10884 1240
9625 1241
5382 1242
4515 1243
5372 1244
1106 1245
2144 1246
8964 1247
10750 1248
5991 1249
