1100 1000
4630 0
1708 1
2915 2
9018 3
1190 4
2697 5
8058 6
8432 7
1030 8
6079 9
4071 10
10563 11
3677 12
6145 13
5390 14
2589 15
10070 16
8794 17
7776 18
9816 19
1082 20
2979 21
6142 22
6811 23
5781 24
7137 25
2454 26
445 27
9191 28
8385 29
1308 30
3424 31
8735 32
5015 33
6143 34
9403 35
5199 36
5513 37
8325 38
2123 39
658 40
1424 41
5480 42
8173 43
1291 44
8566 45
2386 46
9312 47
5339 48
4158 49
10729 50
10614 51
6709 52
1239 53
10725 54
10872 55
10065 56
5418 57
7234 58
1412 59
6581 60
5452 61
9855 62
6509 63
5632 64
3232 65
1246 66
683 67
8193 68
8354 69
193 70
5536 71
9028 72
7444 73
2070 74
5206 75
6354 76
6793 77
7775 78
3121 79
5320 80
10081 81
1359 82
4784 83
6619 84
720 85
3639 86
6228 87
3713 88
2573 89
5721 90
10480 91
6594 92
3486 93
6078 94
9676 95
9412 96
3540 97
8742 98
3495 99
9529 100
5494 101
84 102
5122 103
8587 104
1568 105
10241 106
3964 107
10350 108
6600 109
4696 110
10640 111
7948 112
3484 113
4428 114
1794 115
5194 116
9642 117
7339 118
5155 119
4676 120
10267 121
7049 122
8206 123
10911 124
540 125
4005 126
9406 127
2884 128
8884 129
3461 130
3163 131
1337 132
9588 133
2507 134
436 135
888 136
1757 137
10727 138
10527 139
2368 140
7407 141
2629 142
73 143
6959 144
7953 145
6405 146
4294 147
2343 148
8204 149
3764 150
10542 151
7232 152
5683 153
10905 154
376 155
10565 156
8840 157
8207 158
5715 159
16 160
6519 161
1581 162
1906 163
2495 164
9218 165
7839 166
8944 167
1963 168
9584 169
3397 170
3601 171
1647 172
4058 173
2664 174
9977 175
8372 176
818 177
711 178
8239 179
5230 180
2540 181
4074 182
9294 183
518 184
5446 185
3162 186
5950 187
548 188
10472 189
8385 190
1700 191
10767 192
1486 193
1406 194
7724 195
2864 196
7031 197
10267 198
5562 199
5972 200
549 201
5669 202
3885 203
7305 204
5615 205
870 206
9108 207
7608 208
9997 209
6982 210
5231 211
4713 212
7008 213
2731 214
5766 215
9123 216
3633 217
8349 218
6878 219
7999 220
8124 221
6540 222
8711 223
996 224
9702 225
2683 226
1991 227
9377 228
2948 229
557 230
6037 231
3611 232
5809 233
170 234
54 235
6861 236
10546 237
3695 238
6738 239
10819 240
6378 241
10227 242
2541 243
5311 244
3958 245
6366 246
7535 247
8702 248
7195 249
5116 250
8605 251
2778 252
3831 253
5241 254
10122 255
2184 256
2793 257
6978 258
6376 259
4940 260
7081 261
645 262
7109 263
7955 264
8806 265
6182 266
9864 267
1150 268
10418 269
5534 270
9941 271
1976 272
4843 273
3589 274
9794 275
10887 276
3692 277
10291 278
9018 279
465 280
10850 281
4475 282
8349 283
7675 284
2645 285
8476 286
6363 287
7337 288
733 289
7412 290
2397 291
2445 292
8751 293
8719 294
1422 295
7341 296
9442 297
10265 298
7185 299
2016 300
2171 301
10489 302
6698 303
1615 304
2998 305
8428 306
1597 307
508 308
6738 309
3878 310
4592 311
8847 312
6520 313
901 314
4267 315
5722 316
6157 317
7259 318
7181 319
10179 320
7478 321
9340 322
2264 323
9011 324
10363 325
7164 326
545 327
7683 328
9586 329
6064 330
292 331
9270 332
4287 333
9456 334
3845 335
1090 336
9528 337
4565 338
4281 339
7748 340
3412 341
4065 342
9552 343
10619 344
3659 345
2692 346
4642 347
4127 348
3177 349
10510 350
4482 351
9921 352
1277 353
4677 354
8387 355
9257 356
1260 357
3833 358
1697 359
8086 360
4099 361
8789 362
6638 363
6236 364
4996 365
8477 366
2608 367
4078 368
6524 369
3082 370
3362 371
6310 372
10133 373
6203 374
10239 375
5419 376
1126 377
8264 378
331 379
10017 380
9200 381
2939 382
6568 383
6935 384
1637 385
10723 386
1960 387
5866 388
7870 389
10119 390
2660 391
9487 392
7527 393
1506 394
21 395
3402 396
6280 397
6002 398
8122 399
9611 400
1369 401
3940 402
8392 403
7718 404
4089 405
7575 406
9192 407
7444 408
9482 409
6804 410
5097 411
56 412
10462 413
3443 414
7559 415
9908 416
7763 417
10165 418
4689 419
9719 420
7346 421
6875 422
728 423
2774 424
3658 425
5406 426
9594 427
6294 428
9512 429
6109 430
5150 431
2317 432
8551 433
1233 434
5695 435
1512 436
9930 437
2633 438
1209 439
10206 440
10959 441
810 442
9655 443
4653 444
9535 445
1064 446
3497 447
10690 448
7350 449
504 450
5883 451
4463 452
10395 453
7697 454
6799 455
10128 456
6342 457
5421 458
10400 459
1467 460
5991 461
2007 462
5652 463
1642 464
8542 465
4354 466
5047 467
8857 468
10947 469
2618 470
1764 471
2028 472
3956 473
9332 474
3951 475
8536 476
2701 477
4179 478
1376 479
6515 480
10861 481
8126 482
7219 483
10208 484
6775 485
8979 486
5511 487
7355 488
2774 489
7462 490
9466 491
4108 492
1986 493
7546 494
3076 495
6133 496
4725 497
9057 498
10516 499
2249 500
2869 501
6981 502
1975 503
2703 504
927 505
6160 506
4526 507
2547 508
8191 509
9276 510
6524 511
1843 512
10400 513
4334 514
7643 515
10721 516
9275 517
7376 518
6708 519
10301 520
7133 521
8451 522
3209 523
1145 524
9928 525
9388 526
7473 527
6955 528
4106 529
6832 530
3742 531
7535 532
5985 533
4203 534
2451 535
1023 536
10319 537
6459 538
10510 539
10693 540
3455 541
6918 542
8807 543
2840 544
9274 545
5606 546
4080 547
9675 548
1141 549
1137 550
4141 551
10089 552
4472 553
7182 554
6207 555
4445 556
7202 557
10051 558
7599 559
5213 560
2861 561
5016 562
5149 563
6998 564
821 565
4447 566
5846 567
8147 568
7852 569
1287 570
3783 571
3928 572
5092 573
6272 574
8228 575
4916 576
1499 577
8045 578
4497 579
2974 580
4975 581
8261 582
1916 583
3016 584
6117 585
10097 586
3813 587
10617 588
2734 589
1188 590
320 591
8452 592
6434 593
10815 594
6566 595
4265 596
35 597
3073 598
4191 599
9106 600
4259 601
4542 602
367 603
8131 604
75 605
1637 606
7257 607
1232 608
6607 609
7704 610
3322 611
3042 612
7354 613
6478 614
1377 615
4147 616
755 617
665 618
738 619
5969 620
7376 621
3544 622
8849 623
730 624
2586 625
1922 626
3741 627
1638 628
9118 629
5925 630
9711 631
1811 632
4303 633
115 634
2809 635
1339 636
9747 637
4561 638
1312 639
9966 640
4900 641
1977 642
5093 643
10151 644
9449 645
6673 646
4608 647
8658 648
8026 649
8799 650
9109 651
9045 652
9192 653
3990 654
10897 655
2185 656
7641 657
5968 658
8434 659
1440 660
339 661
8784 662
918 663
1836 664
5801 665
473 666
8803 667
1073 668
10851 669
2771 670
7600 671
9987 672
8915 673
8812 674
3567 675
6465 676
4106 677
10063 678
742 679
6266 680
2842 681
9124 682
6440 683
3191 684
2119 685
3041 686
7582 687
3539 688
5457 689
7124 690
1570 691
2174 692
1332 693
9579 694
1059 695
9770 696
8594 697
304 698
8716 699
4547 700
9844 701
7072 702
10972 703
2062 704
5961 705
155 706
5599 707
5923 708
6964 709
857 710
121 711
7495 712
6971 713
1946 714
8201 715
10105 716
1131 717
3098 718
8044 719
10406 720
10996 721
9620 722
141 723
6438 724
9247 725
8961 726
2429 727
8073 728
9505 729
1106 730
4874 731
4282 732
2542 733
2248 734
9642 735
8413 736
6433 737
8342 738
2314 739
343 740
4345 741
7002 742
3100 743
10510 744
9022 745
8141 746
549 747
7361 748
8843 749
7655 750
784 751
6700 752
7766 753
9079 754
9095 755
1841 756
6891 757
7120 758
8042 759
3772 760
7320 761
4252 762
10469 763
4163 764
2773 765
8014 766
10756 767
7437 768
9091 769
4728 770
10749 771
5680 772
7224 773
3171 774
2020 775
7466 776
2475 777
8246 778
2188 779
1389 780
8396 781
8013 782
6249 783
148 784
1985 785
2311 786
7781 787
6421 788
2807 789
6941 790
4851 791
8217 792
1637 793
1733 794
9695 795
3659 796
6797 797
5344 798
10463 799
10251 800
2233 801
7556 802
4890 803
5353 804
2169 805
464 806
5402 807
1482 808
165 809
9880 810
1190 811
9966 812
10532 813
2379 814
8740 815
6982 816
9102 817
6507 818
9755 819
3852 820
6402 821
7759 822
5262 823
6746 824
2332 825
604 826
8324 827
9816 828
4447 829
10440 830
10801 831
4340 832
2200 833
4194 834
941 835
903 836
5691 837
9231 838
4145 839
4634 840
10452 841
7133 842
10517 843
1403 844
1 845
1884 846
5696 847
8185 848
3519 849
8166 850
7621 851
6259 852
620 853
4064 854
1096 855
4645 856
1658 857
3615 858
6974 859
7090 860
6194 861
1652 862
5704 863
2360 864
4653 865
6147 866
2305 867
10583 868
9974 869
6292 870
9984 871
9751 872
8904 873
6725 874
5440 875
5114 876
3946 877
8249 878
8384 879
7784 880
7807 881
7144 882
9337 883
4575 884
5434 885
5209 886
2270 887
1396 888
8834 889
8913 890
6721 891
7047 892
7739 893
7284 894
10628 895
5641 896
7122 897
882 898
7550 899
6062 900
8572 901
10416 902
3958 903
7359 904
6517 905
2710 906
3143 907
2718 908
3376 909
1129 910
5160 911
6240 912
4626 913
684 914
5244 915
5179 916
7457 917
7359 918
5839 919
1789 920
4935 921
852 922
67 923
3076 924
6660 925
2300 926
1053 927
7723 928
6539 929
8918 930
10657 931
10676 932
2763 933
9661 934
4574 935
9491 936
2370 937
898 938
5877 939
2949 940
8068 941
2909 942
4935 943
4952 944
3059 945
1963 946
7994 947
3601 948
10099 949
6637 950
10187 951
9874 952
7663 953
6395 954
4348 955
9186 956
3557 957
6119 958
9920 959
6554 960
1935 961
9703 962
6764 963
7859 964
3506 965
9471 966
3741 967
7465 968
7379 969
8764 970
3189 971
5504 972
5394 973
6483 974
5562 975
6366 976
7118 977
8422 978
615 979
7750 980
4212 981
10072 982
1990 983
8920 984
8555 985
10506 986
6785 987
3382 988
3752 989
2792 990
10644 991
2502 992
10044 993
6657 994
5459 995
5464 996
8071 997
10891 998
1073 999
2776 1000
397 1001
5191 1002
6934 1003
8496 1004
5261 1005
93 1006
9838 1007
3319 1008
9775 1009
1863 1010
6830 1011
6512 1012
2058 1013
7672 1014
438 1015
1912 1016
9686 1017
636 1018
9874 1019
7451 1020
1572 1021
9142 1022
4395 1023
6610 1024
10321 1025
5812 1026
2885 1027
8254 1028
3846 1029
4104 1030
684 1031
2955 1032
565 1033
8543 1034
6984 1035
570 1036
8836 1037
9111 1038
2833 1039
8435 1040
9274 1041
5157 1042
2489 1043
3229 1044
8685 1045
7908 1046
3893 1047
6142 1048
2760 1049
1695 1050
1205 1051
4728 1052
8456 1053
239 1054
7591 1055
8202 1056
4295 1057
9088 1058
8737 1059
4908 1060
5671 1061
10541 1062
6184 1063
2677 1064
1507 1065
7369 1066
6722 1067
641 1068
5042 1069
3151 1070
3608 1071
6935 1072
5316 1073
9927 1074
1059 1075
2200 1076
9146 1077
6642 1078
1194 1079
6545 1080
887 1081
6331 1082
519 1083
7975 1084
9200 1085
1142 1086
6819 1087
10650 1088
288 1089
10779 1090
549 1091
9843 1092
8503 1093
2380 1094
10487 1095
6406 1096
938 1097
4463 1098
5784 1099
