1350 1650
5194 0
6844 1
10972 2
3683 3
12623 4
5380 5
271 6
8004 7
2018 8
1328 9
12046 10
4396 11
10155 12
8497 13
8495 14
7474 15
4388 16
7930 17
11437 18
7911 19
1245 20
5515 21
9045 22
6059 23
12562 24
2754 25
8200 26
5125 27
2418 28
7769 29
12668 30
1269 31
1122 32
13082 33
2875 34
3332 35
1602 36
1007 37
3723 38
3863 39
11497 40
1829 41
3988 42
5101 43
9110 44
115 45
978 46
11438 47
8255 48
423 49
6267 50
7293 51
6931 52
1769 53
13057 54
1795 55
1469 56
5341 57
5459 58
6093 59
12965 60
10790 61
5749 62
7261 63
2889 64
219 65
6584 66
2025 67
12901 68
6147 69
1222 70
11631 71
7935 72
11118 73
3842 74
12799 75
7281 76
8190 77
2659 78
1053 79
921 80
7561 81
4924 82
10877 83
7710 84
12320 85
9888 86
12963 87
2292 88
8253 89
13295 90
6527 91
4975 92
3647 93
6122 94
7562 95
10714 96
11706 97
11115 98
6234 99
2893 100
1597 101
4039 102
1217 103
8212 104
12698 105
11950 106
2130 107
2215 108
8216 109
4864 110
9436 111
7440 112
2285 113
6731 114
2914 115
7761 116
4722 117
9331 118
4888 119
8062 120
4847 121
10241 122
9545 123
218 124
4264 125
4563 126
2879 127
7381 128
1016 129
11974 130
6587 131
12316 132
5704 133
6711 134
5181 135
9521 136
3590 137
7424 138
9769 139
8600 140
10831 141
10693 142
2271 143
3162 144
9515 145
167 146
7490 147
2108 148
7984 149
13298 150
1073 151
7176 152
7828 153
8773 154
13499 155
2829 156
3172 157
5723 158
11109 159
12786 160
917 161
4253 162
11276 163
4684 164
6319 165
238 166
3033 167
7701 168
7417 169
12853 170
10646 171
11503 172
13105 173
4635 174
1032 175
823 176
4756 177
12027 178
7444 179
7549 180
3505 181
3549 182
10789 183
7955 184
12753 185
3750 186
9068 187
12628 188
8291 189
7777 190
10420 191
6921 192
3903 193
4538 194
10572 195
4080 196
6652 197
7833 198
8250 199
9942 200
7638 201
7628 202
11334 203
3489 204
11559 205
7985 206
7769 207
4003 208
11806 209
10974 210
4433 211
10636 212
3265 213
129 214
634 215
5406 216
4447 217
9067 218
8033 219
12195 220
13056 221
8846 222
10993 223
12751 224
2333 225
9008 226
1661 227
2104 228
6369 229
1420 230
7005 231
458 232
5683 233
9268 234
5705 235
9202 236
201 237
7035 238
4739 239
3121 240
730 241
8673 242
1726 243
3210 244
694 245
3406 246
13037 247
3796 248
9999 249
8734 250
1272 251
540 252
13223 253
6841 254
10179 255
6366 256
6202 257
12381 258
10713 259
6027 260
6223 261
42 262
2697 263
9806 264
5660 265
12757 266
3168 267
11443 268
8160 269
925 270
1389 271
10695 272
4815 273
11703 274
9403 275
875 276
4645 277
4910 278
2944 279
6087 280
10594 281
8955 282
13315 283
10434 284
6993 285
6450 286
9259 287
3111 288
832 289
10694 290
10132 291
6129 292
6081 293
12317 294
2878 295
9786 296
5428 297
9953 298
5804 299
5099 300
11448 301
3591 302
8609 303
5180 304
10463 305
4874 306
11955 307
5578 308
10529 309
6686 310
8824 311
12751 312
8047 313
1668 314
11070 315
8151 316
2319 317
4217 318
7717 319
842 320
3962 321
7906 322
8381 323
6846 324
5345 325
12988 326
3588 327
300 328
10561 329
9109 330
2587 331
1250 332
4947 333
6387 334
9231 335
9806 336
1353 337
7785 338
4077 339
6703 340
158 341
10066 342
7823 343
2635 344
11267 345
561 346
12208 347
10951 348
11826 349
4869 350
5386 351
5650 352
13094 353
7645 354
3728 355
949 356
6074 357
10669 358
1384 359
8089 360
12331 361
8055 362
6718 363
4548 364
8535 365
10315 366
2580 367
10814 368
264 369
7965 370
13078 371
1541 372
11920 373
11792 374
3628 375
8724 376
4030 377
6203 378
4305 379
5084 380
2971 381
6864 382
7060 383
9579 384
8065 385
1911 386
856 387
5681 388
5559 389
2506 390
1955 391
10596 392
7057 393
440 394
2457 395
5587 396
8169 397
6492 398
4886 399
8825 400
4696 401
6937 402
6788 403
1284 404
3360 405
7072 406
6803 407
6076 408
11086 409
6934 410
4422 411
667 412
9933 413
8768 414
3227 415
5461 416
5828 417
7162 418
11246 419
10962 420
11938 421
4491 422
9415 423
9415 424
1550 425
9870 426
6760 427
9663 428
9421 429
8019 430
11939 431
10752 432
6022 433
4491 434
10714 435
11425 436
7103 437
9075 438
2724 439
4470 440
985 441
2182 442
3988 443
4279 444
5633 445
3644 446
12641 447
11379 448
11478 449
9916 450
850 451
963 452
6421 453
5362 454
3048 455
1174 456
4738 457
8465 458
1357 459
5974 460
6673 461
9991 462
4456 463
721 464
7951 465
3826 466
12058 467
10662 468
7908 469
6576 470
6114 471
9113 472
3698 473
12430 474
715 475
12411 476
10356 477
10035 478
13107 479
8518 480
360 481
6076 482
7808 483
12401 484
11382 485
13181 486
5515 487
7002 488
5790 489
8635 490
6695 491
697 492
2766 493
8629 494
9598 495
12706 496
12384 497
2711 498
7229 499
5188 500
1026 501
3977 502
1419 503
2330 504
7771 505
1501 506
7245 507
1176 508
9989 509
2419 510
6288 511
5758 512
7519 513
12426 514
9031 515
12862 516
8059 517
5046 518
3540 519
5586 520
9011 521
12678 522
13497 523
6094 524
10962 525
1093 526
8218 527
7656 528
12071 529
5650 530
8789 531
4741 532
5979 533
3430 534
4938 535
11046 536
11617 537
10527 538
8296 539
11629 540
7113 541
2783 542
3777 543
2200 544
5831 545
134 546
6966 547
5701 548
1451 549
12297 550
5551 551
7214 552
1448 553
7215 554
4493 555
5380 556
5640 557
11551 558
588 559
2856 560
9851 561
11931 562
12127 563
3746 564
2178 565
4059 566
5536 567
2212 568
3000 569
4987 570
12432 571
10577 572
2640 573
2447 574
170 575
1969 576
10018 577
3948 578
1135 579
1763 580
58 581
6419 582
11447 583
10028 584
12007 585
86 586
6502 587
5717 588
11063 589
6066 590
1995 591
9774 592
7395 593
8242 594
11845 595
5846 596
11245 597
11865 598
11146 599
4086 600
8808 601
10375 602
6525 603
9689 604
361 605
642 606
5889 607
7276 608
4659 609
4144 610
4181 611
10471 612
5415 613
2376 614
6121 615
6832 616
11645 617
12095 618
8780 619
9605 620
3293 621
5027 622
6690 623
570 624
1686 625
4486 626
7655 627
3495 628
12837 629
2309 630
7342 631
5888 632
12926 633
5814 634
6237 635
2759 636
10885 637
11336 638
1209 639
9653 640
1879 641
555 642
3223 643
11896 644
10381 645
357 646
4583 647
1482 648
8874 649
10577 650
8487 651
9299 652
9244 653
6003 654
6124 655
4014 656
1790 657
7027 658
12590 659
2468 660
9034 661
5164 662
2499 663
10179 664
13138 665
6612 666
2612 667
6176 668
2301 669
7898 670
2895 671
13185 672
1683 673
13007 674
9523 675
12254 676
6405 677
2242 678
8429 679
3998 680
3880 681
12231 682
8794 683
9786 684
10904 685
12916 686
7775 687
6603 688
2716 689
9510 690
2398 691
363 692
8316 693
12600 694
10442 695
4916 696
943 697
4793 698
8316 699
8621 700
4917 701
1498 702
8253 703
5500 704
2631 705
10966 706
7229 707
11662 708
4076 709
8831 710
877 711
2454 712
10732 713
9741 714
7672 715
2847 716
7443 717
1420 718
4561 719
11552 720
1165 721
9640 722
419 723
1850 724
99 725
2672 726
8679 727
7419 728
8378 729
2725 730
5904 731
372 732
9445 733
1301 734
9257 735
5172 736
10661 737
9656 738
1432 739
3126 740
2264 741
2559 742
7565 743
365 744
3901 745
13089 746
10539 747
12755 748
5654 749
12798 750
6791 751
332 752
11029 753
7448 754
5304 755
8580 756
8958 757
2962 758
2530 759
1477 760
4877 761
13456 762
8090 763
8852 764
9673 765
7658 766
5883 767
4532 768
4758 769
13038 770
8610 771
2595 772
281 773
5958 774
2050 775
8916 776
8097 777
11422 778
827 779
7273 780
627 781
3892 782
10820 783
12105 784
3105 785
12682 786
8673 787
13454 788
10192 789
3287 790
2443 791
7174 792
11886 793
1087 794
6041 795
13464 796
12336 797
4394 798
9237 799
5206 800
7871 801
2163 802
7069 803
8139 804
8577 805
6833 806
11355 807
2057 808
8782 809
5887 810
6846 811
11142 812
13273 813
10117 814
3020 815
891 816
8188 817
9880 818
6403 819
9769 820
9071 821
5705 822
7590 823
7400 824
6219 825
4408 826
13383 827
7250 828
4402 829
6855 830
1786 831
879 832
3791 833
2818 834
6378 835
703 836
1496 837
9663 838
12326 839
647 840
391 841
4284 842
3670 843
1779 844
2411 845
4688 846
13337 847
11950 848
3265 849
12105 850
9345 851
6245 852
7796 853
8524 854
181 855
11991 856
10528 857
7205 858
3803 859
4047 860
9495 861
9767 862
3411 863
11513 864
7638 865
11719 866
3613 867
12714 868
2012 869
4903 870
6876 871
3591 872
10747 873
5379 874
10544 875
3751 876
11656 877
6924 878
13438 879
3966 880
10258 881
12945 882
2670 883
9148 884
1442 885
13368 886
13438 887
7244 888
1064 889
1537 890
1652 891
12125 892
11555 893
7279 894
1584 895
3025 896
6502 897
6063 898
8407 899
786 900
11707 901
4202 902
13458 903
5254 904
4638 905
9803 906
5918 907
10294 908
7556 909
7274 910
11365 911
5869 912
12235 913
9405 914
8109 915
2908 916
11725 917
4745 918
7884 919
2461 920
3461 921
5707 922
7809 923
2377 924
7261 925
8052 926
11 927
4688 928
1991 929
2004 930
5613 931
10973 932
1759 933
6347 934
57 935
1428 936
10289 937
7574 938
358 939
4395 940
5198 941
10663 942
12466 943
1322 944
12422 945
5316 946
4857 947
4427 948
9919 949
10772 950
1467 951
12243 952
12685 953
11498 954
6658 955
12924 956
5254 957
8340 958
13103 959
7862 960
10305 961
6774 962
2755 963
8755 964
5584 965
3517 966
219 967
9556 968
9919 969
9186 970
9699 971
5955 972
11702 973
10566 974
4274 975
408 976
4446 977
1267 978
229 979
11231 980
2504 981
2173 982
3836 983
6914 984
1368 985
12555 986
6535 987
8220 988
6816 989
8374 990
9527 991
3210 992
11145 993
1609 994
9642 995
13435 996
6661 997
3153 998
12070 999
12201 1000
1418 1001
8294 1002
4304 1003
2062 1004
10125 1005
1125 1006
13290 1007
9847 1008
11527 1009
3833 1010
10434 1011
1829 1012
9492 1013
167 1014
12160 1015
250 1016
4680 1017
3591 1018
13264 1019
12762 1020
9127 1021
12772 1022
7850 1023
2564 1024
7808 1025
6027 1026
3685 1027
3870 1028
1855 1029
10784 1030
4221 1031
9310 1032
12615 1033
4789 1034
8146 1035
6575 1036
5683 1037
5077 1038
12422 1039
8484 1040
10941 1041
3289 1042
9723 1043
364 1044
12008 1045
3738 1046
9458 1047
11958 1048
8745 1049
12583 1050
2259 1051
12099 1052
11823 1053
361 1054
7098 1055
11417 1056
7674 1057
13171 1058
6319 1059
12298 1060
3106 1061
1853 1062
9277 1063
11648 1064
2830 1065
5534 1066
2250 1067
6801 1068
11491 1069
2236 1070
5703 1071
6160 1072
5436 1073
8481 1074
8080 1075
3538 1076
11771 1077
2241 1078
4105 1079
6667 1080
11439 1081
7430 1082
5274 1083
9317 1084
4811 1085
11436 1086
6215 1087
4054 1088
12986 1089
12908 1090
2345 1091
46 1092
9416 1093
8912 1094
11205 1095
11805 1096
5243 1097
11344 1098
2481 1099
9701 1100
11532 1101
3151 1102
8685 1103
774 1104
6372 1105
11712 1106
8487 1107
5919 1108
7715 1109
1774 1110
1364 1111
11752 1112
11062 1113
13025 1114
13022 1115
7317 1116
8120 1117
7296 1118
2446 1119
12353 1120
8473 1121
7925 1122
6150 1123
2071 1124
1296 1125
11863 1126
1103 1127
8168 1128
9009 1129
5608 1130
4734 1131
4779 1132
12095 1133
8530 1134
9067 1135
6855 1136
2716 1137
1242 1138
9729 1139
6715 1140
11492 1141
4206 1142
10805 1143
8783 1144
4957 1145
7325 1146
8848 1147
8925 1148
11220 1149
5472 1150
7065 1151
3264 1152
7037 1153
11680 1154
759 1155
825 1156
8217 1157
11804 1158
11048 1159
11456 1160
11868 1161
9179 1162
11975 1163
5685 1164
10008 1165
5938 1166
10895 1167
1575 1168
2940 1169
2820 1170
4555 1171
11167 1172
1414 1173
10067 1174
8614 1175
162 1176
1381 1177
6257 1178
78 1179
9825 1180
8439 1181
9355 1182
10998 1183
1229 1184
5354 1185
10759 1186
9652 1187
4900 1188
3795 1189
1116 1190
4570 1191
6190 1192
12070 1193
7497 1194
2012 1195
8452 1196
11312 1197
3850 1198
6907 1199
10181 1200
12116 1201
5990 1202
1771 1203
9843 1204
3898 1205
6403 1206
9961 1207
10535 1208
12070 1209
2353 1210
8110 1211
648 1212
7488 1213
8351 1214
3052 1215
3207 1216
620 1217
208 1218
3036 1219
9973 1220
1173 1221
9129 1222
9488 1223
10329 1224
7261 1225
6674 1226
162 1227
3003 1228
10625 1229
10904 1230
3373 1231
11583 1232
8618 1233
3580 1234
7629 1235
10508 1236
271 1237
9967 1238
6420 1239
9716 1240
12941 1241
273 1242
8561 1243
12361 1244
13146 1245
3671 1246
2645 1247
679 1248
3019 1249
7421 1250
4600 1251
891 1252
2619 1253
8702 1254
3475 1255
8693 1256
5100 1257
5835 1258
1738 1259
1556 1260
441 1261
12254 1262
3836 1263
412 1264
8569 1265
1109 1266
8193 1267
3224 1268
5244 1269
9398 1270
5862 1271
12179 1272
4883 1273
7307 1274
5902 1275
5937 1276
3246 1277
6296 1278
7713 1279
11412 1280
11293 1281
28 1282
1622 1283
13226 1284
1892 1285
8636 1286
7902 1287
3542 1288
10750 1289
7609 1290
11902 1291
955 1292
6847 1293
3742 1294
6650 1295
5943 1296
101 1297
4203 1298
3607 1299
8711 1300
11019 1301
4061 1302
10608 1303
10584 1304
1665 1305
12277 1306
5229 1307
8612 1308
5755 1309
12158 1310
13466 1311
8957 1312
5449 1313
2745 1314
8224 1315
11558 1316
9290 1317
1944 1318
13444 1319
1735 1320
12025 1321
12307 1322
300 1323
7588 1324
956 1325
10742 1326
10981 1327
3118 1328
12661 1329
10722 1330
4165 1331
2648 1332
12325 1333
3659 1334
1820 1335
6125 1336
12153 1337
7254 1338
299 1339
6457 1340
5461 1341
11906 1342
12641 1343
2585 1344
3383 1345
3280 1346
9989 1347
8175 1348
12625 1349
