1000 1300
8889 0
7728 1
5988 2
6398 3
629 4
8399 5
1965 6
3745 7
2723 8
6737 9
7802 10
4069 11
8310 12
5051 13
399 14
9885 15
7287 16
5485 17
5390 18
4453 19
7610 20
6360 21
1463 22
3483 23
4422 24
8763 25
7273 26
4975 27
9360 28
4118 29
1829 30
7571 31
1524 32
7101 33
9631 34
7725 35
623 36
4700 37
6593 38
6590 39
9058 40
1491 41
6940 42
278 43
6005 44
8902 45
3026 46
3547 47
4040 48
9926 49
7085 50
8032 51
6825 52
7442 53
7856 54
4909 55
5534 56
4849 57
8353 58
7547 59
1623 60
2840 61
4362 62
5332 63
1902 64
9302 65
7370 66
7638 67
194 68
9402 69
6935 70
9428 71
5506 72
6137 73
3853 74
2633 75
8591 76
6728 77
1274 78
83 79
9562 80
2766 81
3018 82
1545 83
7704 84
2463 85
7645 86
6442 87
5558 88
1758 89
6581 90
2164 91
1767 92
3971 93
8007 94
5916 95
5011 96
5177 97
5929 98
9455 99
435 100
1165 101
629 102
2927 103
9378 104
4212 105
881 106
6097 107
490 108
5911 109
1427 110
6022 111
4427 112
7100 113
791 114
7702 115
8773 116
1811 117
5412 118
883 119
950 120
4006 121
1550 122
278 123
8713 124
891 125
9057 126
9310 127
9871 128
4726 129
2375 130
4423 131
9156 132
4820 133
9032 134
8412 135
664 136
2629 137
2423 138
2460 139
4850 140
6331 141
7714 142
5408 143
6434 144
6330 145
5175 146
4980 147
738 148
7839 149
2735 150
9317 151
4805 152
8201 153
6167 154
1913 155
5897 156
6899 157
9998 158
1060 159
5083 160
3533 161
8068 162
5745 163
2171 164
6066 165
2866 166
3942 167
98 168
5303 169
503 170
8454 171
4026 172
2504 173
9125 174
7384 175
2220 176
5682 177
9250 178
8482 179
480 180
429 181
2766 182
5301 183
1295 184
516 185
6370 186
1382 187
438 188
6671 189
2137 190
5416 191
2437 192
3092 193
3671 194
250 195
678 196
7871 197
5092 198
4429 199
7192 200
3354 201
4825 202
2267 203
1042 204
7274 205
9501 206
8569 207
4197 208
7968 209
7676 210
969 211
1235 212
9018 213
933 214
3814 215
5020 216
2992 217
682 218
8971 219
8625 220
3711 221
2212 222
7023 223
3120 224
4657 225
7078 226
9188 227
1954 228
2362 229
3920 230
2666 231
9334 232
7305 233
2358 234
5616 235
4819 236
8575 237
3553 238
6770 239
7085 240
6438 241
6770 242
1076 243
3414 244
3106 245
9626 246
1072 247
9515 248
8950 249
3701 250
1057 251
7466 252
9194 253
8439 254
5303 255
8765 256
5615 257
5161 258
7199 259
6262 260
8471 261
3955 262
1842 263
8518 264
2054 265
8525 266
6846 267
4722 268
8182 269
651 270
7299 271
9451 272
2608 273
4094 274
1658 275
6008 276
4531 277
1209 278
7374 279
3032 280
147 281
1221 282
8753 283
41 284
190 285
618 286
1605 287
1593 288
7692 289
7017 290
8221 291
4378 292
3630 293
3195 294
303 295
7945 296
8222 297
9286 298
6725 299
9026 300
916 301
3797 302
1287 303
6520 304
6835 305
8828 306
3829 307
9918 308
5842 309
5602 310
4981 311
1086 312
6409 313
4796 314
2284 315
196 316
6924 317
6510 318
4489 319
5548 320
105 321
6554 322
8502 323
1582 324
3812 325
4521 326
4423 327
2552 328
1692 329
1146 330
5586 331
9487 332
6377 333
433 334
7425 335
5909 336
7278 337
6883 338
2821 339
8624 340
1009 341
9798 342
3047 343
7605 344
8204 345
5694 346
3039 347
6439 348
5753 349
2870 350
8738 351
4406 352
634 353
6350 354
715 355
7495 356
2778 357
7874 358
8639 359
9755 360
3014 361
6498 362
4091 363
3083 364
8739 365
1993 366
4049 367
608 368
8066 369
5281 370
5171 371
943 372
6046 373
7360 374
3786 375
5949 376
2638 377
2166 378
50 379
2907 380
9242 381
8359 382
1814 383
2404 384
6103 385
6925 386
894 387
3567 388
2140 389
101 390
1637 391
1332 392
3643 393
6158 394
8783 395
3944 396
2931 397
4761 398
2233 399
4697 400
7754 401
7618 402
4803 403
115 404
5841 405
8837 406
817 407
8873 408
1679 409
5646 410
9611 411
3356 412
6506 413
3981 414
1080 415
7228 416
684 417
2107 418
2295 419
3103 420
1594 421
5094 422
5979 423
1208 424
9029 425
3023 426
5265 427
8047 428
3178 429
6365 430
6985 431
4499 432
3213 433
3386 434
1024 435
8292 436
7001 437
3632 438
3388 439
5513 440
7220 441
4078 442
8756 443
8813 444
9807 445
4375 446
9989 447
2670 448
8115 449
6940 450
821 451
1576 452
1689 453
7264 454
7602 455
9391 456
4694 457
9004 458
5780 459
1999 460
2325 461
2805 462
2292 463
6563 464
3123 465
9602 466
108 467
7945 468
3995 469
5915 470
2102 471
9480 472
488 473
5600 474
5204 475
5119 476
4355 477
3319 478
3611 479
7818 480
1026 481
7896 482
5640 483
26 484
2958 485
9641 486
9696 487
8958 488
1619 489
5111 490
7746 491
4349 492
6527 493
4791 494
9934 495
7437 496
512 497
8996 498
5417 499
7978 500
6399 501
5769 502
9384 503
1263 504
1218 505
3291 506
3331 507
1859 508
7927 509
1902 510
9323 511
9423 512
7856 513
2082 514
2241 515
526 516
3023 517
7955 518
6117 519
1353 520
8281 521
1781 522
4449 523
2349 524
9442 525
1726 526
6078 527
6715 528
9738 529
6385 530
9901 531
4490 532
1632 533
7772 534
827 535
4830 536
7832 537
2096 538
3233 539
9793 540
6244 541
893 542
2514 543
5717 544
6339 545
2194 546
6210 547
4469 548
4282 549
4722 550
9848 551
2172 552
6523 553
3865 554
9267 555
945 556
5665 557
5775 558
1751 559
1603 560
792 561
2011 562
9890 563
8505 564
1353 565
5940 566
1792 567
1810 568
9221 569
6876 570
1490 571
1340 572
2599 573
7355 574
3876 575
7358 576
5110 577
7028 578
4042 579
5813 580
2815 581
4671 582
8794 583
804 584
1290 585
6663 586
2579 587
6835 588
3121 589
4508 590
5056 591
4329 592
4 593
4592 594
1537 595
6686 596
9467 597
9605 598
9169 599
4296 600
236 601
6199 602
6138 603
8725 604
2646 605
9680 606
8201 607
4250 608
5966 609
3347 610
4324 611
408 612
3098 613
8882 614
7081 615
2841 616
2699 617
4547 618
1758 619
4669 620
8131 621
8851 622
2128 623
7019 624
8048 625
3169 626
6059 627
9953 628
6848 629
3838 630
6627 631
3015 632
8684 633
7273 634
6757 635
2168 636
9135 637
5281 638
6327 639
3685 640
6455 641
8373 642
1008 643
1094 644
8162 645
76 646
2256 647
4836 648
2892 649
7556 650
3229 651
479 652
7343 653
2852 654
164 655
1362 656
8525 657
3405 658
5443 659
4080 660
782 661
7883 662
471 663
6742 664
1167 665
3551 666
29 667
9447 668
169 669
6102 670
8748 671
8602 672
9819 673
3782 674
9503 675
3668 676
5592 677
542 678
9197 679
245 680
5972 681
5851 682
7496 683
8619 684
6460 685
9651 686
1873 687
3569 688
7134 689
8662 690
8932 691
9451 692
5695 693
4988 694
4300 695
7742 696
1470 697
2225 698
9735 699
8996 700
2636 701
6913 702
4861 703
6978 704
1789 705
1561 706
2369 707
965 708
4034 709
5545 710
5093 711
1772 712
2600 713
938 714
1370 715
4311 716
3368 717
6590 718
4244 719
9045 720
886 721
2773 722
2222 723
6716 724
885 725
6450 726
3039 727
5692 728
6468 729
8235 730
3472 731
5118 732
4834 733
9867 734
9987 735
4299 736
4138 737
1274 738
8692 739
8306 740
2303 741
5810 742
8607 743
9843 744
4173 745
3118 746
9826 747
2696 748
8861 749
49 750
6978 751
9002 752
6751 753
2171 754
5308 755
5356 756
826 757
1266 758
7196 759
1286 760
8653 761
1684 762
3669 763
6797 764
4806 765
3940 766
5563 767
4448 768
2265 769
8932 770
4606 771
427 772
4290 773
9530 774
3274 775
1432 776
9836 777
7452 778
2312 779
5296 780
6899 781
532 782
6495 783
576 784
5245 785
8560 786
3932 787
9866 788
4675 789
6226 790
5592 791
9019 792
4155 793
8686 794
6288 795
5505 796
6310 797
7638 798
6201 799
9504 800
1623 801
1309 802
2398 803
3870 804
5376 805
5475 806
8731 807
7592 808
9831 809
3015 810
3288 811
5607 812
741 813
5616 814
4093 815
4488 816
3107 817
8652 818
1146 819
4942 820
7949 821
9967 822
8936 823
4110 824
3724 825
9925 826
6201 827
2350 828
7684 829
3789 830
9421 831
6232 832
5110 833
6146 834
3870 835
1829 836
2950 837
1633 838
5649 839
5905 840
5562 841
5450 842
8980 843
5202 844
2375 845
2244 846
3292 847
4851 848
7768 849
3450 850
2606 851
8835 852
810 853
9069 854
682 855
5502 856
8187 857
3300 858
148 859
3928 860
5166 861
8390 862
4882 863
9515 864
9486 865
7699 866
5306 867
6264 868
3738 869
7992 870
9798 871
1141 872
5686 873
792 874
225 875
8902 876
4864 877
7480 878
4422 879
5979 880
9124 881
704 882
1623 883
934 884
1291 885
6300 886
7167 887
4334 888
9076 889
3747 890
6325 891
4542 892
7090 893
8071 894
6281 895
8132 896
5114 897
1549 898
5375 899
8898 900
6904 901
7892 902
7112 903
2646 904
3794 905
7359 906
1513 907
8079 908
5792 909
8299 910
6114 911
3176 912
7854 913
1000 914
2591 915
6275 916
1799 917
5476 918
3756 919
3704 920
5441 921
2202 922
3550 923
6590 924
5610 925
2041 926
4993 927
844 928
1076 929
5564 930
5383 931
5765 932
9411 933
6281 934
7635 935
6594 936
7320 937
7287 938
3671 939
5469 940
2182 941
9576 942
2279 943
2969 944
656 945
2211 946
5835 947
4288 948
9033 949
4251 950
4911 951
8173 952
6967 953
1913 954
3257 955
7921 956
5657 957
2479 958
4716 959
1956 960
7012 961
9180 962
6893 963
9328 964
8686 965
6584 966
3642 967
632 968
4671 969
8821 970
9057 971
3422 972
2859 973
7662 974
7684 975
7331 976
7873 977
73 978
9036 979
1323 980
586 981
5666 982
1148 983
9145 984
2505 985
9578 986
7406 987
2133 988
2500 989
7957 990
3994 991
7712 992
1013 993
253 994
2898 995
5733 996
6300 997
2959 998
1703 999
