1550 1300
10020 0
7484 1
5281 2
9765 3
13168 4
1092 5
2913 6
13086 7
10426 8
15132 9
14477 10
7496 11
7440 12
6490 13
10875 14
11029 15
6208 16
2043 17
9343 18
2322 19
6167 20
11913 21
2602 22
8097 23
2029 24
2728 25
2266 26
15372 27
12458 28
928 29
4181 30
11498 31
11112 32
9459 33
6978 34
7275 35
13597 36
12018 37
6682 38
5087 39
13721 40
2339 41
4089 42
8851 43
9658 44
3608 45
9658 46
14288 47
5933 48
10299 49
15212 50
11791 51
12828 52
9805 53
6605 54
12107 55
6341 56
9545 57
2780 58
12340 59
2664 60
4465 61
3344 62
6950 63
9293 64
1488 65
15403 66
10165 67
11483 68
13290 69
4946 70
7493 71
8244 72
12701 73
6001 74
1142 75
14918 76
309 77
10257 78
6842 79
449 80
4298 81
2583 82
11708 83
4232 84
5065 85
1138 86
956 87
9756 88
8872 89
3946 90
11848 91
1979 92
8203 93
7084 94
1230 95
12208 96
9431 97
1494 98
1653 99
7362 100
5584 101
11217 102
8997 103
14351 104
6416 105
12107 106
7996 107
1497 108
7045 109
13606 110
10394 111
8772 112
1090 113
3588 114
12705 115
11836 116
14327 117
3852 118
4365 119
14992 120
2060 121
5365 122
13563 123
10348 124
10147 125
12369 126
5107 127
12088 128
6166 129
11381 130
122 131
6080 132
12998 133
10906 134
4196 135
12493 136
5322 137
12348 138
753 139
11496 140
9039 141
418 142
5641 143
10126 144
15004 145
12000 146
14501 147
10124 148
10310 149
10 150
3355 151
4119 152
6076 153
12518 154
3204 155
8925 156
3189 157
14083 158
4810 159
15102 160
3553 161
5016 162
9843 163
3492 164
4369 165
12330 166
11831 167
264 168
7092 169
6460 170
6628 171
7034 172
9399 173
6662 174
1412 175
10930 176
2607 177
14699 178
7603 179
240 180
9242 181
3800 182
12311 183
12018 184
11380 185
9228 186
6308 187
8682 188
2094 189
1949 190
460 191
2588 192
4786 193
3952 194
11782 195
2260 196
13300 197
1368 198
5989 199
1162 200
8722 201
7804 202
15461 203
2819 204
9918 205
5676 206
477 207
5031 208
12237 209
7838 210
8027 211
9815 212
2441 213
2722 214
2614 215
10508 216
1483 217
14789 218
12046 219
7801 220
10660 221
6879 222
15016 223
9881 224
3985 225
10939 226
11884 227
7444 228
5718 229
395 230
13075 231
4569 232
13577 233
10293 234
8560 235
10378 236
3952 237
4537 238
7144 239
13086 240
8352 241
2624 242
14408 243
13590 244
9986 245
3062 246
1965 247
14486 248
12675 249
10957 250
2642 251
10652 252
12987 253
4745 254
11110 255
10267 256
12632 257
9470 258
10142 259
12167 260
4306 261
8093 262
8573 263
9953 264
2814 265
7749 266
11335 267
11619 268
8507 269
3622 270
10129 271
11062 272
7575 273
1322 274
1024 275
14448 276
10456 277
12100 278
14322 279
833 280
9596 281
12428 282
8279 283
10216 284
9000 285
6469 286
6383 287
2570 288
5073 289
3042 290
53 291
6975 292
12516 293
10365 294
6589 295
14404 296
9780 297
4694 298
9857 299
5818 300
4075 301
6921 302
11851 303
954 304
8584 305
10226 306
11727 307
12590 308
8694 309
14642 310
2132 311
8708 312
4450 313
4301 314
8042 315
9950 316
10802 317
3328 318
3757 319
5365 320
9531 321
9033 322
8138 323
974 324
5119 325
9660 326
11310 327
6129 328
11502 329
7955 330
488 331
13106 332
14 333
7726 334
9824 335
9526 336
1968 337
9412 338
5934 339
1342 340
5095 341
8616 342
3557 343
4730 344
2175 345
9267 346
2965 347
6369 348
2148 349
8151 350
8188 351
12512 352
9728 353
12293 354
12540 355
10549 356
131 357
14353 358
3157 359
1666 360
14193 361
11714 362
13642 363
14426 364
11460 365
12763 366
4466 367
15190 368
3564 369
12586 370
3452 371
13741 372
6521 373
2089 374
778 375
12866 376
8880 377
14883 378
11162 379
5159 380
459 381
6507 382
15179 383
5016 384
4939 385
6672 386
9241 387
11331 388
8663 389
911 390
7670 391
2371 392
11886 393
15432 394
13917 395
5470 396
7854 397
6139 398
8952 399
7843 400
13067 401
15493 402
1030 403
6208 404
7302 405
10052 406
944 407
3172 408
5369 409
9692 410
14157 411
4354 412
4524 413
6765 414
8487 415
14689 416
5639 417
8103 418
3601 419
13655 420
4435 421
6770 422
6213 423
7365 424
10146 425
11164 426
6294 427
2647 428
7589 429
8260 430
7796 431
15333 432
4549 433
12833 434
8521 435
3157 436
6309 437
10312 438
9785 439
14264 440
1360 441
9868 442
4393 443
3280 444
3971 445
9444 446
8441 447
7711 448
1465 449
1031 450
7180 451
1776 452
7373 453
6290 454
8154 455
8965 456
9955 457
320 458
7765 459
10413 460
5356 461
14755 462
545 463
8431 464
8632 465
4636 466
2206 467
5561 468
6141 469
4283 470
7130 471
14476 472
1857 473
14464 474
8442 475
11795 476
1671 477
1556 478
2016 479
9245 480
1374 481
11099 482
4352 483
7558 484
11903 485
6284 486
9472 487
5420 488
12111 489
1819 490
13523 491
7854 492
5095 493
4487 494
3097 495
9451 496
6002 497
2932 498
3298 499
4158 500
5130 501
13243 502
14902 503
15470 504
6905 505
8906 506
9101 507
14362 508
6227 509
2460 510
7928 511
11471 512
10574 513
4468 514
8752 515
10852 516
12204 517
6885 518
10895 519
9467 520
13230 521
1811 522
9924 523
6833 524
13689 525
10654 526
6921 527
5095 528
1534 529
5595 530
9756 531
15345 532
6684 533
13223 534
7038 535
6538 536
9493 537
13973 538
2679 539
6246 540
7045 541
8724 542
3394 543
12585 544
9927 545
13026 546
14686 547
7099 548
1562 549
765 550
10187 551
8841 552
7086 553
13260 554
15058 555
12825 556
4159 557
13521 558
10959 559
9709 560
5713 561
3532 562
1293 563
9236 564
611 565
8306 566
12396 567
5587 568
2495 569
6108 570
6636 571
2591 572
8806 573
8538 574
1766 575
4430 576
6247 577
4888 578
139 579
11701 580
3508 581
13915 582
14384 583
1369 584
251 585
11694 586
4928 587
2731 588
6580 589
13157 590
10789 591
1671 592
14554 593
15021 594
6096 595
15308 596
4853 597
13822 598
10541 599
12733 600
3535 601
3549 602
5388 603
13892 604
5874 605
14622 606
6084 607
594 608
14523 609
9434 610
4960 611
5880 612
10691 613
14416 614
12740 615
10307 616
13183 617
11266 618
4866 619
12425 620
3514 621
3345 622
3044 623
5127 624
3076 625
11578 626
4557 627
5241 628
5994 629
4273 630
12740 631
4734 632
12295 633
7836 634
12168 635
13501 636
9901 637
2496 638
2017 639
13584 640
14388 641
3959 642
12698 643
2002 644
9738 645
3187 646
9073 647
10802 648
8117 649
629 650
9023 651
7200 652
1116 653
9640 654
7727 655
994 656
12397 657
14187 658
12806 659
7328 660
7678 661
5694 662
7217 663
925 664
10592 665
14344 666
5046 667
11918 668
2698 669
544 670
7883 671
2209 672
4253 673
3087 674
9583 675
10326 676
15300 677
14064 678
8054 679
3557 680
15139 681
12101 682
9195 683
11668 684
8449 685
898 686
6838 687
8624 688
271 689
10918 690
14633 691
15344 692
2480 693
642 694
15117 695
6381 696
4038 697
8188 698
11514 699
2035 700
14424 701
3321 702
1211 703
8930 704
13901 705
1425 706
4416 707
9600 708
12398 709
8374 710
14684 711
13140 712
9612 713
12474 714
2745 715
1647 716
7171 717
7146 718
9329 719
9844 720
11099 721
2638 722
13596 723
10697 724
14673 725
1643 726
7635 727
15346 728
14425 729
9025 730
3596 731
2464 732
198 733
8045 734
2904 735
11271 736
7400 737
15315 738
14446 739
4973 740
11351 741
6630 742
13695 743
4141 744
7476 745
10128 746
13966 747
7567 748
1661 749
11726 750
10220 751
9300 752
3572 753
8756 754
1232 755
4392 756
647 757
5828 758
12835 759
12286 760
6786 761
2135 762
12886 763
7305 764
4684 765
922 766
8489 767
4037 768
5570 769
658 770
1391 771
12500 772
14413 773
5657 774
13330 775
7398 776
4220 777
1599 778
3931 779
2892 780
1047 781
4006 782
12695 783
2716 784
4450 785
11494 786
14205 787
13777 788
8979 789
12950 790
11693 791
2517 792
7991 793
6554 794
9904 795
1326 796
5629 797
9620 798
5809 799
1761 800
240 801
7814 802
893 803
13946 804
12921 805
4937 806
4923 807
1685 808
3233 809
11425 810
4758 811
8707 812
10270 813
10788 814
12581 815
13845 816
14775 817
453 818
11409 819
15203 820
10302 821
203 822
4573 823
2045 824
7428 825
12355 826
4261 827
2764 828
10511 829
9829 830
8265 831
5076 832
4265 833
8058 834
10070 835
516 836
1274 837
13430 838
9044 839
11088 840
8719 841
7514 842
12790 843
9223 844
4344 845
13323 846
14221 847
13963 848
2945 849
14155 850
14513 851
8931 852
2169 853
6468 854
10760 855
11934 856
2583 857
1138 858
11352 859
5729 860
12852 861
5492 862
3309 863
15047 864
12099 865
7873 866
11632 867
4595 868
8787 869
899 870
6565 871
2319 872
889 873
8347 874
3263 875
13912 876
14127 877
9810 878
12878 879
13937 880
2947 881
4305 882
4788 883
13523 884
6539 885
12809 886
5250 887
10864 888
10383 889
8592 890
11582 891
13109 892
8639 893
7624 894
11072 895
12264 896
2985 897
2247 898
11364 899
9313 900
12463 901
794 902
11008 903
1898 904
11864 905
4168 906
9094 907
12204 908
2201 909
8708 910
13961 911
11286 912
7606 913
3631 914
5197 915
15259 916
8767 917
936 918
4525 919
11146 920
1259 921
6630 922
5573 923
10531 924
4747 925
6563 926
3485 927
13222 928
6789 929
4715 930
856 931
13613 932
11511 933
5413 934
14900 935
7211 936
13985 937
5757 938
5753 939
7893 940
6315 941
2581 942
175 943
11299 944
9853 945
5591 946
307 947
14264 948
3067 949
7179 950
14107 951
3408 952
4957 953
13484 954
6017 955
14466 956
4338 957
9391 958
9088 959
829 960
3472 961
4729 962
4868 963
13083 964
12318 965
7739 966
3880 967
10006 968
4046 969
6402 970
6562 971
8500 972
4202 973
14785 974
3362 975
2733 976
11916 977
2473 978
9264 979
8481 980
8283 981
14096 982
4339 983
3126 984
7340 985
3940 986
4123 987
8293 988
13507 989
2107 990
7775 991
13787 992
234 993
11190 994
13349 995
4004 996
1260 997
8841 998
13851 999
11739 1000
5004 1001
14181 1002
186 1003
1175 1004
11183 1005
14333 1006
14625 1007
2 1008
10542 1009
1336 1010
13562 1011
9766 1012
1909 1013
12467 1014
9759 1015
8233 1016
6478 1017
14576 1018
15127 1019
10626 1020
1749 1021
11601 1022
10100 1023
3919 1024
2966 1025
8585 1026
4986 1027
832 1028
13228 1029
3103 1030
15305 1031
437 1032
1160 1033
4513 1034
14841 1035
13067 1036
5813 1037
2395 1038
14708 1039
12964 1040
3981 1041
13312 1042
4722 1043
13927 1044
10880 1045
1250 1046
14119 1047
838 1048
14807 1049
5287 1050
4615 1051
11413 1052
894 1053
1635 1054
8367 1055
4973 1056
3122 1057
5251 1058
13771 1059
9209 1060
839 1061
7059 1062
12148 1063
9954 1064
2018 1065
11823 1066
126 1067
8005 1068
13671 1069
8119 1070
13925 1071
5215 1072
1489 1073
2609 1074
1222 1075
11580 1076
12393 1077
9055 1078
7491 1079
5455 1080
9835 1081
4952 1082
9741 1083
1688 1084
14138 1085
15411 1086
13690 1087
2406 1088
5192 1089
2606 1090
6800 1091
3052 1092
12563 1093
11333 1094
15250 1095
12411 1096
11118 1097
5801 1098
348 1099
6584 1100
5503 1101
3388 1102
11439 1103
1433 1104
9504 1105
3549 1106
84 1107
468 1108
10831 1109
2059 1110
6528 1111
4990 1112
4762 1113
904 1114
9456 1115
13702 1116
5536 1117
10893 1118
15409 1119
8275 1120
8273 1121
2876 1122
14187 1123
2261 1124
3336 1125
580 1126
12300 1127
7178 1128
7637 1129
9940 1130
12796 1131
4345 1132
6825 1133
898 1134
2046 1135
9619 1136
8245 1137
2508 1138
5777 1139
2007 1140
12955 1141
3283 1142
5076 1143
9731 1144
4688 1145
11004 1146
561 1147
5929 1148
5838 1149
3674 1150
13205 1151
3620 1152
3980 1153
6599 1154
8351 1155
8718 1156
1462 1157
5805 1158
4788 1159
99 1160
3514 1161
9079 1162
7698 1163
3211 1164
6876 1165
13742 1166
12806 1167
2359 1168
13965 1169
3418 1170
8448 1171
14398 1172
2352 1173
5175 1174
220 1175
4247 1176
4479 1177
7377 1178
9643 1179
10557 1180
3485 1181
409 1182
10108 1183
4120 1184
7404 1185
5668 1186
2435 1187
8120 1188
2817 1189
15486 1190
4633 1191
6356 1192
8623 1193
5540 1194
11869 1195
11007 1196
3150 1197
8997 1198
14185 1199
6780 1200
2867 1201
9032 1202
10537 1203
4542 1204
11082 1205
13417 1206
7094 1207
8221 1208
2410 1209
7853 1210
4699 1211
13195 1212
1788 1213
1323 1214
1242 1215
4789 1216
1927 1217
5967 1218
6973 1219
8342 1220
2196 1221
1096 1222
4513 1223
402 1224
1417 1225
9152 1226
14548 1227
9390 1228
13230 1229
10631 1230
10551 1231
7594 1232
12484 1233
13682 1234
13381 1235
6547 1236
12213 1237
3402 1238
9780 1239
8895 1240
6813 1241
11437 1242
4764 1243
4683 1244
1550 1245
14058 1246
3268 1247
9336 1248
144 1249
1398 1250
8856 1251
943 1252
4643 1253
9727 1254
14841 1255
2015 1256
7707 1257
7908 1258
8304 1259
4791 1260
3050 1261
2491 1262
4364 1263
10974 1264
3797 1265
11073 1266
13418 1267
3689 1268
11334 1269
2481 1270
15305 1271
5200 1272
7261 1273
8102 1274
11969 1275
4903 1276
12017 1277
4872 1278
2043 1279
8684 1280
340 1281
1551 1282
193 1283
14936 1284
3113 1285
4395 1286
9622 1287
1907 1288
4427 1289
15134 1290
13180 1291
8684 1292
11438 1293
14869 1294
12512 1295
6456 1296
9653 1297
10941 1298
14050 1299
4994 1300
3086 1301
9134 1302
6671 1303
11823 1304
15408 1305
12959 1306
11919 1307
13294 1308
10453 1309
14614 1310
9570 1311
430 1312
9633 1313
11995 1314
7547 1315
8317 1316
6228 1317
6991 1318
7118 1319
13656 1320
94 1321
8448 1322
8669 1323
12830 1324
6200 1325
1142 1326
7689 1327
56 1328
12659 1329
6443 1330
9150 1331
12725 1332
14058 1333
4796 1334
850 1335
6907 1336
11517 1337
9797 1338
5752 1339
4048 1340
1120 1341
4184 1342
7588 1343
7265 1344
6525 1345
10188 1346
15249 1347
4881 1348
12469 1349
15221 1350
9019 1351
7271 1352
7906 1353
13434 1354
6969 1355
2143 1356
14126 1357
11531 1358
837 1359
1662 1360
8589 1361
6481 1362
11778 1363
7678 1364
3163 1365
864 1366
2692 1367
5919 1368
7858 1369
309 1370
14544 1371
5883 1372
6046 1373
6392 1374
5641 1375
11523 1376
1609 1377
1632 1378
2349 1379
13830 1380
12705 1381
2293 1382
1978 1383
6846 1384
10499 1385
14264 1386
11404 1387
5903 1388
13926 1389
12397 1390
3334 1391
676 1392
438 1393
5279 1394
8818 1395
7751 1396
13297 1397
7678 1398
7265 1399
7683 1400
1043 1401
10188 1402
6242 1403
13127 1404
8537 1405
5841 1406
5402 1407
7428 1408
13338 1409
2986 1410
4448 1411
2244 1412
8593 1413
12186 1414
7017 1415
3344 1416
9188 1417
8718 1418
1316 1419
7117 1420
7206 1421
13696 1422
3233 1423
5302 1424
14951 1425
9403 1426
5332 1427
7918 1428
4754 1429
13313 1430
9733 1431
5435 1432
14959 1433
11537 1434
9143 1435
4482 1436
1549 1437
1271 1438
7192 1439
6615 1440
12581 1441
7517 1442
14637 1443
10923 1444
7645 1445
13012 1446
4095 1447
6276 1448
7848 1449
9840 1450
5519 1451
13316 1452
14038 1453
9755 1454
5553 1455
12101 1456
8843 1457
1245 1458
11356 1459
13403 1460
6749 1461
10426 1462
10701 1463
1536 1464
7033 1465
10962 1466
6853 1467
1781 1468
3358 1469
2681 1470
759 1471
12832 1472
12322 1473
7027 1474
9560 1475
9199 1476
14755 1477
15137 1478
14210 1479
15064 1480
13544 1481
50 1482
6307 1483
2394 1484
8108 1485
10785 1486
1189 1487
11039 1488
6986 1489
417 1490
4126 1491
4369 1492
12292 1493
7366 1494
4133 1495
10659 1496
5706 1497
15113 1498
6758 1499
1496 1500
13879 1501
5491 1502
13969 1503
453 1504
13051 1505
4621 1506
11579 1507
10014 1508
7876 1509
8823 1510
7201 1511
14241 1512
15264 1513
13958 1514
9207 1515
1412 1516
10866 1517
12528 1518
2106 1519
5783 1520
9769 1521
8857 1522
3943 1523
6412 1524
6209 1525
5472 1526
1390 1527
7560 1528
13945 1529
8751 1530
2405 1531
8469 1532
1088 1533
4891 1534
12604 1535
4782 1536
2203 1537
11540 1538
4100 1539
229 1540
6108 1541
151 1542
6630 1543
4476 1544
13579 1545
14726 1546
3859 1547
6202 1548
9835 1549
