1200 1200
11035 0
3428 1
11939 2
1352 3
1190 4
9784 5
10517 6
1768 7
6728 8
7406 9
11521 10
7598 11
8540 12
3677 13
1684 14
7840 15
5327 16
9001 17
4630 18
3124 19
4483 20
2278 21
8781 22
11432 23
9150 24
9942 25
2202 26
3084 27
11961 28
4634 29
451 30
6989 31
7471 32
1995 33
8316 34
6643 35
8005 36
11184 37
5067 38
1609 39
4210 40
7480 41
4272 42
8687 43
1549 44
737 45
8129 46
4028 47
8885 48
7735 49
9714 50
10013 51
11536 52
2128 53
11892 54
188 55
7263 56
929 57
11568 58
4615 59
8165 60
6326 61
11032 62
3072 63
7298 64
10182 65
6741 66
1690 67
328 68
387 69
2059 70
6550 71
3729 72
1105 73
2233 74
9677 75
2389 76
11621 77
1124 78
1922 79
3482 80
412 81
1855 82
3532 83
10650 84
7277 85
9502 86
5976 87
7837 88
4332 89
8562 90
5161 91
4945 92
8358 93
2496 94
9181 95
11237 96
4585 97
7625 98
60 99
7624 100
7730 101
7138 102
4408 103
5298 104
8442 105
2093 106
10943 107
3316 108
11570 109
11982 110
2545 111
10558 112
9478 113
1464 114
8782 115
2003 116
3164 117
4153 118
1739 119
2524 120
10982 121
6178 122
2106 123
8852 124
6105 125
10176 126
4717 127
11658 128
842 129
5277 130
6140 131
309 132
10646 133
9888 134
3612 135
170 136
3383 137
8801 138
8656 139
10419 140
2990 141
3169 142
11672 143
4700 144
6487 145
6493 146
7708 147
3821 148
7273 149
7123 150
3357 151
10086 152
9650 153
5388 154
6060 155
6958 156
9761 157
7968 158
6884 159
3561 160
11257 161
1675 162
8753 163
8585 164
602 165
3133 166
5648 167
10971 168
6686 169
3677 170
1531 171
5298 172
7924 173
11487 174
8572 175
5676 176
217 177
4564 178
1258 179
1811 180
6977 181
2122 182
3707 183
4227 184
9536 185
9943 186
5141 187
9593 188
184 189
9838 190
4235 191
9418 192
2721 193
2172 194
3934 195
5840 196
11856 197
5702 198
839 199
10328 200
5923 201
5539 202
8573 203
11349 204
1711 205
3960 206
6920 207
10455 208
8693 209
8688 210
471 211
9367 212
7684 213
2190 214
10044 215
8663 216
4797 217
3405 218
11709 219
7020 220
5421 221
6957 222
1698 223
2803 224
7475 225
2675 226
9437 227
981 228
11143 229
5912 230
9790 231
10447 232
11321 233
8345 234
10658 235
5784 236
207 237
9647 238
9300 239
450 240
5857 241
3355 242
11243 243
3489 244
7973 245
10866 246
8947 247
2800 248
7049 249
184 250
7575 251
10315 252
2697 253
826 254
7103 255
6479 256
990 257
1096 258
11273 259
6315 260
4172 261
3118 262
1455 263
2595 264
434 265
9958 266
5871 267
5637 268
4760 269
11842 270
7691 271
6991 272
10531 273
820 274
8020 275
26 276
3246 277
1364 278
3985 279
6846 280
9707 281
5885 282
2190 283
2297 284
4500 285
2130 286
6257 287
1004 288
377 289
8002 290
464 291
3102 292
8375 293
9826 294
7979 295
10893 296
1223 297
11281 298
11014 299
9827 300
349 301
4427 302
9658 303
11218 304
3190 305
7774 306
7953 307
1386 308
11815 309
1754 310
3615 311
5084 312
2693 313
1085 314
10344 315
1018 316
11959 317
8600 318
6383 319
9136 320
6053 321
7881 322
6515 323
927 324
8071 325
5909 326
5242 327
7882 328
9528 329
8344 330
9787 331
9904 332
4122 333
8045 334
2079 335
5836 336
6514 337
1938 338
5943 339
236 340
4627 341
11567 342
1988 343
8126 344
4285 345
11825 346
9823 347
3657 348
4780 349
10868 350
11177 351
4319 352
7569 353
2594 354
6937 355
6319 356
11275 357
807 358
2349 359
11907 360
6716 361
8364 362
6198 363
7394 364
9040 365
8538 366
5911 367
7909 368
1210 369
8157 370
1699 371
2501 372
11534 373
6541 374
238 375
8299 376
3342 377
9231 378
11264 379
1966 380
252 381
11551 382
8119 383
6908 384
9628 385
314 386
10923 387
6844 388
6309 389
11966 390
10027 391
10064 392
912 393
3971 394
9669 395
11183 396
4033 397
11342 398
11677 399
6264 400
9377 401
848 402
8972 403
997 404
9130 405
8598 406
1619 407
5306 408
6693 409
11175 410
11840 411
3638 412
681 413
5649 414
8723 415
2048 416
11718 417
8888 418
1857 419
1422 420
7234 421
9426 422
9091 423
5850 424
6435 425
1721 426
3954 427
11017 428
9887 429
7921 430
9386 431
2292 432
11654 433
6753 434
1965 435
676 436
2517 437
7028 438
8128 439
4581 440
7242 441
9870 442
10897 443
3898 444
11493 445
6495 446
10748 447
5678 448
8732 449
8781 450
8003 451
4959 452
10897 453
9647 454
7152 455
10153 456
2910 457
8431 458
8768 459
10592 460
3753 461
5316 462
4172 463
7843 464
531 465
1615 466
5794 467
4600 468
7006 469
5345 470
4695 471
7907 472
6555 473
8952 474
627 475
8202 476
10340 477
2791 478
10583 479
4326 480
58 481
11162 482
2160 483
5240 484
4790 485
1594 486
8096 487
6083 488
410 489
2563 490
9436 491
10388 492
7196 493
4236 494
1725 495
10936 496
3055 497
10127 498
9912 499
5935 500
5966 501
8834 502
1870 503
6943 504
6376 505
1482 506
5317 507
5041 508
4680 509
8534 510
6360 511
4398 512
7805 513
1991 514
11823 515
8153 516
11240 517
9178 518
649 519
1219 520
10630 521
1396 522
10961 523
8783 524
11430 525
11937 526
10529 527
7060 528
1454 529
3453 530
9971 531
6747 532
2103 533
6166 534
3679 535
8751 536
6243 537
6845 538
7918 539
6663 540
5638 541
10546 542
2722 543
9436 544
5026 545
6521 546
1935 547
4622 548
5942 549
10653 550
9794 551
10728 552
9751 553
8854 554
3309 555
8230 556
7884 557
7908 558
75 559
2465 560
6811 561
8122 562
1435 563
10513 564
1855 565
7632 566
1721 567
11977 568
1271 569
5176 570
9315 571
8391 572
9817 573
6082 574
8008 575
7722 576
7975 577
10950 578
7287 579
1591 580
2 581
11573 582
8377 583
986 584
1669 585
6036 586
5719 587
2870 588
10471 589
614 590
1593 591
7298 592
601 593
9578 594
10358 595
3438 596
10465 597
1804 598
10994 599
6428 600
5342 601
3284 602
4870 603
10900 604
8011 605
7759 606
9169 607
3133 608
8192 609
11650 610
8968 611
1981 612
5899 613
7500 614
2391 615
8929 616
3745 617
6518 618
10130 619
3066 620
7422 621
5175 622
9154 623
7676 624
308 625
5594 626
10054 627
11442 628
8909 629
10415 630
9244 631
6211 632
4547 633
4686 634
282 635
4436 636
7279 637
6540 638
1471 639
7530 640
6022 641
1303 642
9845 643
2046 644
9642 645
4554 646
6096 647
9087 648
11501 649
3387 650
11531 651
9684 652
1934 653
1817 654
9041 655
7499 656
10899 657
5724 658
11132 659
45 660
834 661
3450 662
5407 663
10006 664
5640 665
9575 666
6747 667
3914 668
5071 669
9524 670
5814 671
9165 672
9309 673
6328 674
10347 675
5699 676
11508 677
4661 678
8271 679
3289 680
8242 681
11933 682
8874 683
7075 684
1019 685
3834 686
1400 687
9815 688
7171 689
5334 690
7982 691
4068 692
6174 693
386 694
9573 695
1614 696
3179 697
8869 698
7975 699
4075 700
4505 701
1434 702
428 703
8798 704
808 705
4762 706
1486 707
5600 708
11220 709
417 710
1844 711
6615 712
2745 713
4790 714
5693 715
7876 716
5662 717
5852 718
1439 719
2919 720
8518 721
9863 722
2134 723
10728 724
10168 725
10696 726
11772 727
8184 728
9448 729
11193 730
9835 731
11479 732
11676 733
166 734
2565 735
1142 736
534 737
9274 738
8033 739
9722 740
11730 741
10287 742
798 743
4561 744
5519 745
7875 746
1 747
9625 748
7962 749
1880 750
5746 751
8943 752
4127 753
363 754
9517 755
5622 756
2851 757
8107 758
9706 759
9599 760
6744 761
5537 762
6161 763
6663 764
2864 765
9454 766
9163 767
10396 768
954 769
3840 770
11303 771
2354 772
2784 773
11445 774
8466 775
1837 776
9804 777
4981 778
3959 779
6354 780
9610 781
983 782
5752 783
8736 784
1216 785
4762 786
10451 787
6599 788
9541 789
1081 790
2863 791
11163 792
10068 793
11301 794
7764 795
9738 796
8574 797
6443 798
7152 799
995 800
8483 801
5648 802
5596 803
7187 804
8403 805
9728 806
6371 807
5571 808
3503 809
10299 810
3523 811
5682 812
5474 813
3213 814
409 815
2173 816
2409 817
2770 818
8549 819
6110 820
173 821
7203 822
11493 823
7712 824
5727 825
6826 826
1493 827
1574 828
6430 829
11510 830
9523 831
4019 832
6499 833
10695 834
380 835
1439 836
2463 837
892 838
11460 839
10168 840
8279 841
1420 842
3780 843
3791 844
6845 845
9261 846
7924 847
8914 848
3516 849
5604 850
11295 851
9539 852
11075 853
5303 854
3231 855
2321 856
1965 857
5333 858
5384 859
7399 860
79 861
438 862
3486 863
7914 864
1037 865
1835 866
10540 867
6176 868
9889 869
4898 870
5274 871
1967 872
11950 873
9063 874
3962 875
9972 876
699 877
994 878
1261 879
5014 880
8988 881
9025 882
7295 883
9357 884
8580 885
2604 886
6920 887
2827 888
6606 889
7365 890
11181 891
9695 892
1425 893
7173 894
10940 895
11484 896
11998 897
11388 898
4545 899
6840 900
3884 901
955 902
9958 903
4098 904
5439 905
581 906
4503 907
4490 908
3730 909
5513 910
3983 911
7621 912
709 913
4454 914
10554 915
1184 916
11333 917
8827 918
5877 919
5364 920
2192 921
11690 922
4630 923
11861 924
3889 925
8760 926
10232 927
11537 928
9583 929
5486 930
11946 931
11574 932
5306 933
9369 934
11325 935
1767 936
41 937
264 938
5417 939
5238 940
3411 941
10250 942
8160 943
10412 944
10657 945
1395 946
1169 947
6390 948
11545 949
2968 950
7171 951
3437 952
10139 953
1771 954
5633 955
4981 956
478 957
991 958
10987 959
6772 960
1658 961
4903 962
901 963
2127 964
8417 965
98 966
7572 967
7294 968
5796 969
8591 970
114 971
3664 972
1487 973
8585 974
8930 975
5434 976
5143 977
1054 978
2569 979
2516 980
6002 981
1097 982
4209 983
5649 984
1271 985
10213 986
459 987
9037 988
1434 989
2096 990
6597 991
10900 992
9985 993
2127 994
1396 995
827 996
6019 997
3594 998
6248 999
6675 1000
348 1001
9252 1002
5596 1003
8236 1004
6502 1005
11335 1006
11609 1007
3386 1008
8172 1009
1845 1010
6993 1011
534 1012
10188 1013
9891 1014
141 1015
6831 1016
11583 1017
11341 1018
9147 1019
3839 1020
5955 1021
3144 1022
4881 1023
5294 1024
9189 1025
5983 1026
6749 1027
5505 1028
4125 1029
11660 1030
4925 1031
5828 1032
11181 1033
8880 1034
11993 1035
4429 1036
1977 1037
9234 1038
5922 1039
2511 1040
8063 1041
2034 1042
6555 1043
941 1044
3321 1045
8377 1046
3598 1047
7351 1048
8886 1049
9590 1050
4113 1051
1469 1052
4304 1053
1723 1054
8298 1055
6530 1056
5571 1057
1934 1058
5069 1059
11064 1060
11398 1061
1743 1062
84 1063
3807 1064
7344 1065
347 1066
5094 1067
10139 1068
7231 1069
8162 1070
5806 1071
327 1072
11682 1073
5685 1074
11848 1075
2076 1076
10987 1077
291 1078
2760 1079
3075 1080
2508 1081
1028 1082
7850 1083
9397 1084
4644 1085
8822 1086
3148 1087
227 1088
2224 1089
955 1090
6849 1091
4564 1092
6632 1093
738 1094
9345 1095
5667 1096
5824 1097
3602 1098
11754 1099
2648 1100
9140 1101
11031 1102
324 1103
5562 1104
9991 1105
67 1106
11276 1107
7755 1108
3737 1109
612 1110
8765 1111
5606 1112
628 1113
1317 1114
4069 1115
4279 1116
11000 1117
1065 1118
596 1119
3406 1120
745 1121
11229 1122
9011 1123
11248 1124
6355 1125
3953 1126
11547 1127
4932 1128
5154 1129
4801 1130
256 1131
11820 1132
5434 1133
4442 1134
10909 1135
8996 1136
3601 1137
11985 1138
3255 1139
5319 1140
5930 1141
11009 1142
2656 1143
5121 1144
6038 1145
5665 1146
4596 1147
1544 1148
3280 1149
7040 1150
5354 1151
8088 1152
6785 1153
4075 1154
4579 1155
5667 1156
5415 1157
2518 1158
3973 1159
6946 1160
7025 1161
7372 1162
71 1163
5725 1164
6138 1165
6661 1166
678 1167
11365 1168
8722 1169
90 1170
982 1171
7563 1172
3794 1173
202 1174
5401 1175
125 1176
6899 1177
11928 1178
2935 1179
4501 1180
4331 1181
6584 1182
8681 1183
4701 1184
2893 1185
414 1186
8165 1187
11535 1188
8159 1189
1899 1190
3564 1191
6043 1192
8463 1193
3620 1194
2110 1195
6367 1196
11766 1197
10641 1198
3436 1199
