1650 100
3596 0
9680 1
5763 2
15416 3
6091 4
11197 5
1824 6
4223 7
8878 8
9792 9
1943 10
5124 11
8597 12
5659 13
6293 14
5728 15
4107 16
14420 17
14614 18
2146 19
1616 20
800 21
2305 22
4239 23
762 24
2491 25
14004 26
11681 27
12100 28
14204 29
8763 30
10969 31
2281 32
2480 33
10051 34
3041 35
2525 36
806 37
15324 38
1043 39
13310 40
4959 41
3502 42
11286 43
4948 44
11612 45
1137 46
15293 47
10533 48
15015 49
5629 50
294 51
7210 52
5097 53
3589 54
6417 55
3939 56
7263 57
8969 58
12004 59
10549 60
5023 61
5231 62
3634 63
1735 64
7774 65
12739 66
14730 67
15579 68
4867 69
11822 70
10312 71
5776 72
12632 73
16122 74
197 75
8620 76
10748 77
11833 78
4244 79
5449 80
14454 81
280 82
2886 83
7711 84
13698 85
2474 86
3663 87
3881 88
9925 89
11747 90
6085 91
12363 92
5843 93
5011 94
15662 95
15440 96
4471 97
1520 98
435 99
2437 100
16467 101
14409 102
7549 103
4597 104
9522 105
12188 106
785 107
16163 108
11403 109
11833 110
10939 111
16102 112
4452 113
14364 114
3279 115
13409 116
1533 117
14506 118
5116 119
2772 120
4278 121
8634 122
3750 123
15634 124
1859 125
14874 126
2296 127
6031 128
7378 129
1587 130
2247 131
15523 132
5167 133
14781 134
8861 135
16339 136
10676 137
15027 138
16146 139
6377 140
5432 141
2957 142
14730 143
12340 144
2909 145
7459 146
4806 147
2248 148
15998 149
14762 150
7877 151
15971 152
6258 153
1472 154
10977 155
12649 156
13905 157
1947 158
4834 159
1993 160
3886 161
1874 162
5232 163
5760 164
3348 165
3625 166
13839 167
5839 168
13301 169
7450 170
5840 171
1258 172
2260 173
11923 174
12294 175
12198 176
8091 177
11289 178
6192 179
13372 180
1798 181
12052 182
6414 183
3190 184
8277 185
13959 186
13360 187
13067 188
15504 189
16428 190
10290 191
15094 192
9518 193
9478 194
8914 195
4437 196
3079 197
2386 198
15428 199
2529 200
3478 201
5777 202
13 203
4414 204
14160 205
3861 206
4585 207
3378 208
9971 209
9239 210
2767 211
13680 212
5021 213
10845 214
12084 215
3607 216
9999 217
8970 218
3530 219
13140 220
5246 221
9430 222
10569 223
2249 224
7386 225
633 226
9727 227
6309 228
5592 229
10151 230
15878 231
8525 232
2362 233
5293 234
9241 235
8533 236
15403 237
14915 238
4590 239
11634 240
12360 241
7 242
13483 243
6481 244
11131 245
9477 246
11174 247
14524 248
5662 249
16390 250
8094 251
11528 252
4907 253
10383 254
9079 255
3413 256
5189 257
11898 258
15202 259
15334 260
5352 261
15137 262
8685 263
6669 264
9922 265
14588 266
13472 267
12234 268
7706 269
10176 270
9800 271
3725 272
3194 273
4437 274
758 275
10113 276
8721 277
1870 278
12399 279
6975 280
15984 281
2658 282
3449 283
3422 284
1894 285
8764 286
7162 287
14827 288
15454 289
6311 290
14777 291
8088 292
14463 293
11843 294
4083 295
4472 296
2422 297
4692 298
2110 299
6519 300
9400 301
14289 302
15114 303
12910 304
11837 305
10858 306
4254 307
493 308
13155 309
2224 310
2812 311
10844 312
14717 313
8594 314
8985 315
9163 316
6195 317
11580 318
4109 319
16007 320
4729 321
15136 322
4542 323
13731 324
11584 325
12475 326
15098 327
8214 328
3242 329
365 330
8428 331
11214 332
5337 333
6601 334
12421 335
11770 336
7933 337
16251 338
16424 339
9056 340
430 341
6944 342
10707 343
12010 344
14306 345
7112 346
7497 347
4926 348
1567 349
12215 350
11995 351
12145 352
1124 353
3684 354
7041 355
7328 356
7016 357
8128 358
1777 359
9630 360
13380 361
919 362
13336 363
1252 364
13147 365
11839 366
1543 367
13964 368
13341 369
10 370
5221 371
6033 372
7907 373
523 374
4527 375
9079 376
13446 377
6452 378
7040 379
1729 380
629 381
7999 382
4836 383
14195 384
13741 385
6154 386
1488 387
399 388
10091 389
8181 390
488 391
948 392
9021 393
15842 394
16008 395
14834 396
6112 397
7361 398
1069 399
13175 400
3203 401
8707 402
10614 403
9249 404
15810 405
16333 406
5784 407
4324 408
7875 409
11136 410
1907 411
8949 412
3764 413
13675 414
7851 415
12786 416
9979 417
10742 418
11684 419
7671 420
5990 421
1486 422
387 423
15995 424
9960 425
13782 426
3608 427
6035 428
13324 429
13135 430
5416 431
698 432
2517 433
7931 434
2510 435
9671 436
14580 437
12831 438
6719 439
12562 440
3445 441
12390 442
11354 443
7716 444
130 445
7083 446
1026 447
6933 448
4281 449
3238 450
3723 451
7901 452
7047 453
4943 454
14688 455
13541 456
6558 457
7145 458
4834 459
5180 460
6741 461
10723 462
13483 463
16499 464
10565 465
11358 466
900 467
6847 468
6513 469
15333 470
9324 471
7335 472
384 473
13384 474
12259 475
1594 476
8296 477
9000 478
883 479
4278 480
8642 481
14383 482
15559 483
9745 484
5219 485
15830 486
3875 487
1258 488
1388 489
14318 490
5499 491
1039 492
610 493
16297 494
15731 495
8302 496
15299 497
3260 498
15776 499
12726 500
267 501
3372 502
2078 503
14689 504
9905 505
5362 506
14538 507
14272 508
14925 509
2007 510
5365 511
7477 512
1464 513
9438 514
3563 515
3711 516
9457 517
3217 518
5291 519
13618 520
14314 521
12515 522
2149 523
7686 524
4794 525
7625 526
14330 527
12710 528
15470 529
7800 530
12515 531
2001 532
14285 533
14630 534
1349 535
15560 536
5373 537
10141 538
15671 539
4616 540
14222 541
6424 542
7535 543
16383 544
2693 545
11461 546
10510 547
10887 548
11736 549
10847 550
15110 551
9568 552
5094 553
5258 554
13770 555
12141 556
8201 557
8490 558
4386 559
4716 560
2985 561
14627 562
10485 563
8800 564
5128 565
3295 566
491 567
10244 568
4578 569
2086 570
14774 571
6870 572
13851 573
2649 574
9074 575
5896 576
8521 577
4086 578
12003 579
8962 580
2879 581
14281 582
2774 583
11190 584
15807 585
1499 586
2061 587
14916 588
4325 589
10607 590
6438 591
306 592
11138 593
13872 594
2852 595
6372 596
5515 597
6610 598
13381 599
7417 600
1716 601
1337 602
15747 603
15385 604
14537 605
3486 606
11686 607
11293 608
6382 609
8192 610
1725 611
1547 612
3343 613
10094 614
4798 615
14520 616
3740 617
6522 618
14840 619
9382 620
2188 621
1023 622
11683 623
8610 624
15351 625
10751 626
1545 627
57 628
9346 629
788 630
2576 631
13907 632
1873 633
15424 634
12470 635
16314 636
1056 637
11047 638
2729 639
15212 640
15687 641
3102 642
4971 643
7951 644
3546 645
12720 646
14678 647
4478 648
9057 649
346 650
2737 651
6072 652
2500 653
12292 654
9631 655
4549 656
14871 657
2669 658
1329 659
16216 660
44 661
6614 662
2099 663
5182 664
2827 665
6583 666
167 667
4789 668
15577 669
9529 670
14199 671
5159 672
2396 673
12485 674
2779 675
10580 676
14812 677
9978 678
5702 679
15510 680
10023 681
259 682
14170 683
12067 684
7940 685
2155 686
12557 687
8364 688
5261 689
13871 690
14877 691
4462 692
14929 693
1128 694
13587 695
6667 696
16226 697
13374 698
12690 699
12398 700
12426 701
5602 702
15917 703
15380 704
4920 705
7164 706
186 707
4208 708
3984 709
13495 710
13787 711
2124 712
3357 713
7344 714
5661 715
13383 716
15925 717
10102 718
1218 719
6498 720
153 721
15052 722
12783 723
13018 724
13866 725
8032 726
10204 727
10374 728
278 729
5913 730
6126 731
13646 732
13056 733
11974 734
8289 735
1045 736
9305 737
13093 738
10752 739
4067 740
6577 741
11442 742
2976 743
3147 744
4599 745
15156 746
2332 747
4890 748
15718 749
4009 750
10655 751
6676 752
12016 753
8143 754
14921 755
7250 756
10835 757
5416 758
7903 759
3931 760
13833 761
14182 762
4544 763
1625 764
6976 765
10001 766
11878 767
10783 768
6677 769
5296 770
9810 771
16286 772
8749 773
11731 774
2005 775
13941 776
3812 777
16062 778
40 779
7674 780
7848 781
1738 782
5336 783
11217 784
5752 785
14829 786
7188 787
12185 788
9676 789
7227 790
2062 791
14615 792
14498 793
12107 794
10644 795
6367 796
334 797
12319 798
5475 799
15806 800
8246 801
9147 802
15575 803
16140 804
15581 805
1753 806
12258 807
1210 808
4536 809
13842 810
15557 811
3280 812
3687 813
7780 814
2389 815
9180 816
15829 817
9929 818
10415 819
6315 820
8927 821
7523 822
8222 823
4379 824
12992 825
9782 826
4759 827
14268 828
8953 829
8172 830
12564 831
2488 832
6840 833
9298 834
12870 835
3027 836
5443 837
1626 838
9240 839
8839 840
3496 841
459 842
7074 843
6940 844
12209 845
14978 846
14680 847
7167 848
1024 849
12712 850
10984 851
13069 852
2666 853
15433 854
2739 855
9777 856
4917 857
14552 858
14345 859
6862 860
5393 861
11510 862
11705 863
14964 864
13168 865
3613 866
3832 867
8059 868
10040 869
4096 870
12524 871
10511 872
13860 873
12036 874
13631 875
15864 876
11504 877
8414 878
7175 879
1787 880
14718 881
16148 882
15188 883
4906 884
13657 885
6143 886
12842 887
712 888
13069 889
856 890
6790 891
14571 892
15185 893
15357 894
13308 895
4396 896
7774 897
12303 898
588 899
11278 900
7226 901
13792 902
10042 903
6392 904
6971 905
4894 906
2416 907
9823 908
16248 909
13395 910
2532 911
13569 912
14720 913
12475 914
1260 915
4013 916
7325 917
16313 918
11671 919
15622 920
5546 921
8539 922
5970 923
5421 924
5886 925
8550 926
4535 927
9076 928
15147 929
8405 930
362 931
2990 932
7856 933
4709 934
10955 935
11939 936
11148 937
1630 938
2343 939
8802 940
4609 941
4154 942
11536 943
7512 944
5439 945
13523 946
16122 947
7759 948
13627 949
10194 950
14137 951
10659 952
8697 953
7196 954
1867 955
3922 956
5950 957
13800 958
5800 959
11356 960
3998 961
14513 962
997 963
15228 964
4288 965
2594 966
5611 967
2146 968
3986 969
13227 970
2905 971
3850 972
5685 973
9723 974
9258 975
8417 976
9833 977
12020 978
477 979
7047 980
5716 981
5077 982
11543 983
433 984
16297 985
4132 986
10839 987
427 988
3039 989
1006 990
8336 991
11581 992
9754 993
10920 994
6423 995
11488 996
7094 997
478 998
10390 999
363 1000
1745 1001
10815 1002
10794 1003
8966 1004
3613 1005
271 1006
11224 1007
12124 1008
12352 1009
7525 1010
5089 1011
12840 1012
12179 1013
9328 1014
8571 1015
10801 1016
15794 1017
5575 1018
2190 1019
13781 1020
3216 1021
9041 1022
811 1023
3218 1024
60 1025
15971 1026
7771 1027
11725 1028
819 1029
11339 1030
1161 1031
15420 1032
677 1033
6747 1034
7709 1035
7483 1036
11719 1037
9690 1038
9118 1039
8351 1040
2375 1041
12946 1042
1056 1043
2999 1044
11017 1045
6115 1046
5872 1047
4044 1048
4625 1049
13924 1050
896 1051
12706 1052
11916 1053
776 1054
758 1055
4543 1056
9678 1057
6899 1058
5980 1059
676 1060
3808 1061
4879 1062
8479 1063
10370 1064
5228 1065
12539 1066
824 1067
13119 1068
9473 1069
2914 1070
15160 1071
7864 1072
10843 1073
14415 1074
12681 1075
2444 1076
11279 1077
12639 1078
7618 1079
11556 1080
218 1081
13757 1082
15558 1083
14020 1084
10638 1085
15341 1086
5203 1087
4421 1088
6119 1089
6283 1090
8937 1091
6281 1092
10943 1093
6373 1094
14162 1095
5361 1096
14563 1097
11979 1098
2480 1099
14977 1100
11393 1101
3243 1102
14471 1103
2658 1104
16208 1105
16283 1106
7875 1107
4774 1108
2729 1109
15503 1110
4458 1111
12967 1112
9115 1113
3974 1114
8892 1115
8416 1116
14358 1117
4815 1118
5754 1119
6198 1120
10865 1121
15277 1122
13018 1123
9092 1124
8334 1125
749 1126
3563 1127
2165 1128
16449 1129
5070 1130
1538 1131
3027 1132
14480 1133
4204 1134
14436 1135
15432 1136
11664 1137
15394 1138
4098 1139
806 1140
5021 1141
13475 1142
9089 1143
620 1144
16073 1145
3443 1146
15221 1147
13204 1148
2219 1149
7017 1150
14516 1151
10017 1152
10844 1153
15686 1154
10997 1155
1172 1156
11696 1157
11298 1158
5824 1159
3808 1160
7732 1161
10811 1162
4286 1163
12848 1164
2983 1165
5314 1166
11611 1167
10292 1168
9708 1169
13029 1170
13072 1171
13689 1172
6437 1173
7714 1174
7790 1175
1484 1176
16328 1177
1599 1178
9986 1179
8124 1180
3983 1181
6306 1182
7777 1183
14717 1184
1435 1185
1195 1186
10716 1187
12439 1188
11414 1189
1771 1190
1036 1191
6346 1192
4010 1193
9024 1194
4176 1195
8033 1196
12735 1197
6661 1198
3796 1199
1446 1200
1783 1201
6755 1202
54 1203
15478 1204
14279 1205
10636 1206
10096 1207
5827 1208
14286 1209
12472 1210
14370 1211
9912 1212
7886 1213
11177 1214
4136 1215
9214 1216
15714 1217
2090 1218
6322 1219
13701 1220
13786 1221
14337 1222
9445 1223
224 1224
1106 1225
10981 1226
3215 1227
11846 1228
5563 1229
1751 1230
1844 1231
9584 1232
2867 1233
12538 1234
16175 1235
10893 1236
9339 1237
7374 1238
9739 1239
13494 1240
14335 1241
11864 1242
7000 1243
6370 1244
6365 1245
4665 1246
10506 1247
11136 1248
6838 1249
3086 1250
12271 1251
16180 1252
8421 1253
9121 1254
2095 1255
10360 1256
8597 1257
3845 1258
9653 1259
4395 1260
6177 1261
3014 1262
12828 1263
2954 1264
2231 1265
8449 1266
3324 1267
9789 1268
11786 1269
5383 1270
14615 1271
2451 1272
4154 1273
12311 1274
2008 1275
721 1276
3207 1277
8372 1278
9497 1279
7849 1280
5061 1281
15600 1282
14018 1283
2445 1284
7024 1285
13383 1286
12747 1287
4842 1288
15410 1289
8794 1290
5624 1291
2582 1292
14542 1293
3759 1294
8749 1295
5043 1296
4370 1297
8305 1298
7962 1299
8983 1300
7602 1301
15985 1302
8958 1303
14111 1304
1337 1305
15057 1306
13197 1307
2316 1308
13927 1309
16095 1310
1283 1311
14750 1312
15763 1313
2943 1314
15405 1315
12291 1316
8680 1317
3737 1318
991 1319
12345 1320
12467 1321
5472 1322
8050 1323
9081 1324
1661 1325
3773 1326
5092 1327
12476 1328
15238 1329
16349 1330
14233 1331
605 1332
7038 1333
2427 1334
4711 1335
14382 1336
4767 1337
8278 1338
12288 1339
6903 1340
14436 1341
10751 1342
14308 1343
11813 1344
8711 1345
13081 1346
8361 1347
15160 1348
10371 1349
15816 1350
5699 1351
3502 1352
15363 1353
12831 1354
9447 1355
11767 1356
3750 1357
4864 1358
4516 1359
16319 1360
15801 1361
11344 1362
1050 1363
7691 1364
7772 1365
6212 1366
8213 1367
7392 1368
1174 1369
8160 1370
14639 1371
501 1372
5038 1373
12122 1374
8898 1375
3914 1376
5720 1377
5831 1378
10272 1379
11439 1380
10856 1381
16286 1382
1731 1383
16013 1384
755 1385
2777 1386
14552 1387
15290 1388
1150 1389
8742 1390
5647 1391
9327 1392
1401 1393
244 1394
15951 1395
7578 1396
690 1397
2642 1398
15462 1399
7139 1400
10327 1401
13814 1402
3654 1403
524 1404
14466 1405
6561 1406
4463 1407
3409 1408
11959 1409
11728 1410
7773 1411
8686 1412
5894 1413
15338 1414
12539 1415
4595 1416
9649 1417
15342 1418
15268 1419
10550 1420
2242 1421
13868 1422
16402 1423
5533 1424
12961 1425
14013 1426
2037 1427
1037 1428
925 1429
9383 1430
2792 1431
9234 1432
16148 1433
628 1434
3612 1435
2037 1436
315 1437
13948 1438
3757 1439
5690 1440
12255 1441
8297 1442
14662 1443
13104 1444
6923 1445
10712 1446
3215 1447
3319 1448
1645 1449
14374 1450
13066 1451
8009 1452
10762 1453
12982 1454
8319 1455
12248 1456
6795 1457
11787 1458
3737 1459
15661 1460
14827 1461
1022 1462
15132 1463
2673 1464
4100 1465
628 1466
9378 1467
16036 1468
7466 1469
10072 1470
14575 1471
12104 1472
8329 1473
3564 1474
1753 1475
4341 1476
8457 1477
5926 1478
15605 1479
3596 1480
2135 1481
2507 1482
4976 1483
12115 1484
13262 1485
470 1486
1589 1487
1798 1488
8288 1489
13259 1490
5397 1491
4941 1492
12805 1493
1332 1494
2651 1495
2775 1496
4263 1497
13591 1498
12364 1499
4667 1500
5248 1501
574 1502
5998 1503
366 1504
9870 1505
1250 1506
8043 1507
7051 1508
876 1509
10135 1510
13898 1511
12661 1512
11552 1513
10779 1514
5638 1515
4071 1516
1235 1517
12914 1518
10674 1519
4203 1520
11158 1521
9630 1522
4794 1523
15916 1524
7263 1525
9994 1526
4189 1527
755 1528
8267 1529
9201 1530
6651 1531
4938 1532
11348 1533
14417 1534
16052 1535
3788 1536
7969 1537
677 1538
108 1539
6733 1540
6182 1541
7219 1542
6254 1543
10771 1544
7826 1545
12108 1546
2403 1547
9961 1548
11150 1549
9084 1550
244 1551
8971 1552
1734 1553
4019 1554
13891 1555
1490 1556
1641 1557
14160 1558
4653 1559
3484 1560
5936 1561
1018 1562
6134 1563
4044 1564
1913 1565
13328 1566
8290 1567
15391 1568
5713 1569
5921 1570
12474 1571
15605 1572
2586 1573
1040 1574
15807 1575
4871 1576
11121 1577
9024 1578
2479 1579
12554 1580
11587 1581
12332 1582
6618 1583
5537 1584
12680 1585
1424 1586
7293 1587
1843 1588
4867 1589
15026 1590
11292 1591
11474 1592
1209 1593
320 1594
16306 1595
7074 1596
6355 1597
4044 1598
11357 1599
13273 1600
16177 1601
4177 1602
5572 1603
5992 1604
216 1605
9958 1606
4109 1607
11072 1608
2749 1609
6759 1610
14503 1611
13513 1612
11132 1613
15758 1614
10922 1615
11690 1616
13853 1617
228 1618
1844 1619
5879 1620
1408 1621
4103 1622
11420 1623
9131 1624
5258 1625
14431 1626
10366 1627
6034 1628
12354 1629
9125 1630
8617 1631
3036 1632
1404 1633
1568 1634
13762 1635
12050 1636
429 1637
1346 1638
8725 1639
6356 1640
5140 1641
2928 1642
14318 1643
12326 1644
1 1645
12512 1646
4915 1647
5628 1648
13136 1649
