100 650
92 0
838 1
203 2
645 3
966 4
374 5
224 6
109 7
337 8
545 9
211 10
660 11
469 12
612 13
836 14
916 15
657 16
375 17
23 18
845 19
127 20
134 21
721 22
919 23
573 24
260 25
277 26
764 27
146 28
672 29
709 30
886 31
95 32
341 33
730 34
919 35
520 36
337 37
237 38
952 39
209 40
181 41
341 42
411 43
293 44
981 45
405 46
483 47
525 48
5 49
573 50
356 51
330 52
623 53
867 54
892 55
179 56
322 57
615 58
20 59
322 60
947 61
189 62
881 63
260 64
307 65
939 66
930 67
149 68
3 69
851 70
252 71
650 72
358 73
801 74
614 75
446 76
488 77
843 78
650 79
585 80
719 81
35 82
663 83
510 84
879 85
192 86
783 87
562 88
607 89
315 90
577 91
771 92
779 93
139 94
500 95
263 96
863 97
103 98
805 99
