1500 1400
1593 0
10932 1
3059 2
9796 3
9642 4
582 5
5929 6
9393 7
13716 8
11275 9
1363 10
14820 11
7652 12
6824 13
7489 14
4578 15
14732 16
4216 17
6478 18
12411 19
7212 20
972 21
1018 22
11786 23
3458 24
2513 25
4449 26
2467 27
10206 28
3938 29
14868 30
12301 31
7020 32
13535 33
7909 34
273 35
14383 36
6729 37
7729 38
10303 39
7364 40
8665 41
6677 42
10337 43
13189 44
3760 45
11614 46
11620 47
5600 48
14766 49
5204 50
12297 51
13781 52
6324 53
14083 54
5115 55
7049 56
12439 57
2642 58
10305 59
10819 60
11114 61
12291 62
10764 63
9401 64
10304 65
5037 66
13617 67
1026 68
11181 69
12608 70
5496 71
5064 72
13005 73
79 74
8676 75
11547 76
12230 77
6187 78
10542 79
8651 80
8065 81
2838 82
4511 83
1745 84
9062 85
12757 86
2496 87
4958 88
5559 89
1362 90
10332 91
2892 92
7599 93
5614 94
12764 95
10694 96
14805 97
8143 98
2589 99
10280 100
7086 101
1199 102
2248 103
5900 104
14781 105
1919 106
686 107
5909 108
7538 109
11177 110
14479 111
10186 112
13985 113
6411 114
9757 115
7115 116
12795 117
1504 118
9901 119
14845 120
9883 121
4073 122
12999 123
1266 124
9398 125
2800 126
3598 127
7925 128
7731 129
9916 130
11596 131
758 132
356 133
8540 134
13955 135
232 136
11007 137
11142 138
287 139
10282 140
14010 141
11579 142
13665 143
12570 144
2228 145
14677 146
4688 147
1208 148
4956 149
4008 150
11384 151
3626 152
3324 153
13763 154
7858 155
3240 156
7317 157
665 158
14955 159
9496 160
6189 161
12907 162
13381 163
3759 164
988 165
12746 166
11252 167
2002 168
11480 169
3242 170
6932 171
7246 172
11101 173
14939 174
8182 175
11003 176
6821 177
13525 178
4603 179
7330 180
7674 181
2945 182
1114 183
2856 184
2515 185
701 186
9721 187
8283 188
4871 189
6187 190
8049 191
3166 192
14552 193
10694 194
4118 195
10711 196
11933 197
8068 198
11100 199
9053 200
11461 201
10748 202
11841 203
12415 204
10086 205
2589 206
1923 207
982 208
11078 209
7794 210
13661 211
2621 212
13158 213
5108 214
4951 215
2679 216
5610 217
13866 218
3422 219
3984 220
3089 221
3625 222
2143 223
3512 224
3956 225
3789 226
8098 227
101 228
13807 229
8386 230
1506 231
2775 232
2208 233
6841 234
14535 235
12862 236
6513 237
14875 238
10948 239
2778 240
4696 241
9502 242
12426 243
3565 244
7032 245
13617 246
420 247
4758 248
6218 249
12104 250
1862 251
9272 252
2976 253
10892 254
6099 255
14276 256
7493 257
3569 258
1048 259
1773 260
9872 261
7162 262
53 263
6881 264
10400 265
13594 266
3637 267
4303 268
8156 269
3370 270
12874 271
11478 272
9106 273
9719 274
12621 275
13341 276
5677 277
6918 278
6560 279
6442 280
3877 281
1680 282
6635 283
11867 284
10393 285
5386 286
6375 287
11236 288
9664 289
416 290
11838 291
3793 292
11693 293
5912 294
5168 295
5323 296
9226 297
7348 298
12346 299
7405 300
12526 301
2834 302
2323 303
9198 304
7551 305
706 306
12982 307
5117 308
7607 309
1010 310
11913 311
6241 312
5840 313
1034 314
10026 315
11098 316
10528 317
2466 318
4766 319
10600 320
63 321
9203 322
470 323
10205 324
721 325
7753 326
2369 327
3867 328
1894 329
6188 330
1309 331
8619 332
9862 333
1967 334
14854 335
3117 336
2892 337
926 338
5874 339
14367 340
2744 341
4595 342
12503 343
10693 344
8144 345
8455 346
7538 347
11699 348
26 349
1597 350
7121 351
1462 352
8961 353
2686 354
8215 355
11157 356
14982 357
2441 358
12155 359
14023 360
6425 361
14879 362
3290 363
7257 364
9220 365
3863 366
2032 367
4345 368
14150 369
10512 370
6412 371
5514 372
2635 373
3360 374
5455 375
567 376
5776 377
10999 378
13401 379
11118 380
13032 381
9599 382
12969 383
8983 384
11984 385
13022 386
363 387
4003 388
5269 389
4442 390
5103 391
328 392
1051 393
2222 394
9835 395
11013 396
12193 397
10177 398
13638 399
11640 400
13964 401
9478 402
766 403
12863 404
9633 405
7616 406
825 407
7329 408
4015 409
3150 410
9627 411
14601 412
12263 413
1436 414
826 415
592 416
1515 417
8032 418
10965 419
5672 420
1183 421
3276 422
13823 423
12446 424
3814 425
13175 426
10461 427
6621 428
8748 429
11246 430
3481 431
4971 432
12290 433
14564 434
5314 435
11857 436
7440 437
3338 438
6141 439
11452 440
2547 441
147 442
1155 443
13482 444
2825 445
14339 446
10729 447
2081 448
9126 449
14537 450
6242 451
12923 452
10453 453
12499 454
14676 455
1990 456
5711 457
6020 458
14000 459
8646 460
8530 461
7743 462
8488 463
9393 464
5635 465
6137 466
12025 467
14037 468
2839 469
5802 470
5392 471
1221 472
13684 473
10255 474
14402 475
11946 476
9866 477
10727 478
12091 479
2281 480
12891 481
11975 482
4254 483
6698 484
7880 485
6182 486
13062 487
13300 488
14371 489
11946 490
11971 491
43 492
10659 493
2894 494
8945 495
10839 496
14618 497
4109 498
13411 499
2517 500
4512 501
183 502
6569 503
8367 504
10 505
147 506
5300 507
13055 508
10579 509
14141 510
14078 511
5232 512
12365 513
14911 514
11602 515
1062 516
1531 517
2035 518
13897 519
5103 520
4753 521
11860 522
316 523
6626 524
9311 525
5126 526
3312 527
13432 528
5493 529
1033 530
2824 531
6882 532
14650 533
328 534
9897 535
9182 536
7370 537
834 538
7982 539
8703 540
6471 541
4737 542
1248 543
8343 544
285 545
5298 546
10406 547
11650 548
12292 549
5545 550
7177 551
1405 552
2749 553
2791 554
9796 555
2839 556
1917 557
12036 558
6921 559
8639 560
12654 561
13815 562
3903 563
6586 564
3616 565
5473 566
12391 567
7496 568
9124 569
14194 570
12631 571
10692 572
2928 573
5869 574
10490 575
7955 576
14628 577
2314 578
7392 579
12873 580
318 581
2600 582
9416 583
5035 584
5778 585
13447 586
3429 587
11759 588
12360 589
8097 590
4344 591
3272 592
744 593
3229 594
12099 595
13442 596
5369 597
4387 598
3481 599
4184 600
4342 601
2360 602
9008 603
7645 604
2868 605
10179 606
13223 607
7709 608
582 609
11072 610
9373 611
8906 612
5126 613
11270 614
6099 615
6578 616
6696 617
8550 618
926 619
10205 620
14222 621
3590 622
13151 623
1314 624
4379 625
5565 626
8335 627
14860 628
10036 629
9361 630
11792 631
3746 632
12177 633
8832 634
7516 635
5552 636
2424 637
7755 638
14505 639
12011 640
4998 641
14022 642
2189 643
10618 644
6058 645
13111 646
10734 647
13047 648
4664 649
2054 650
10683 651
10272 652
7699 653
1317 654
6148 655
11023 656
8462 657
6360 658
12916 659
7967 660
13569 661
380 662
2663 663
13878 664
3098 665
11920 666
6753 667
5921 668
1979 669
1449 670
3777 671
7934 672
5108 673
12175 674
5846 675
7634 676
2290 677
8174 678
3065 679
8678 680
8620 681
14664 682
2210 683
959 684
6482 685
11341 686
89 687
14940 688
10922 689
5189 690
4289 691
2298 692
1275 693
10666 694
11173 695
6918 696
5837 697
1606 698
11355 699
2108 700
1177 701
2036 702
5714 703
2913 704
2203 705
6871 706
12817 707
10549 708
14291 709
14737 710
7154 711
4340 712
7555 713
5739 714
13236 715
9537 716
7886 717
11822 718
1356 719
13239 720
12808 721
7035 722
14332 723
6998 724
10071 725
10507 726
4954 727
12256 728
14207 729
11367 730
5402 731
12788 732
3081 733
3403 734
4034 735
12465 736
14885 737
5189 738
1805 739
9950 740
4974 741
3042 742
13604 743
1976 744
5771 745
7105 746
11340 747
7326 748
5352 749
27 750
6517 751
439 752
14823 753
13387 754
11094 755
12830 756
2651 757
8868 758
11054 759
13784 760
14930 761
7356 762
1521 763
7670 764
5474 765
12187 766
8155 767
10479 768
561 769
816 770
4768 771
10143 772
13048 773
14966 774
1575 775
3136 776
3858 777
14105 778
553 779
5683 780
11696 781
5298 782
2575 783
2450 784
14966 785
10792 786
5910 787
1004 788
10874 789
8635 790
10220 791
1541 792
11706 793
11407 794
8102 795
9257 796
7743 797
14656 798
12145 799
4327 800
14843 801
1050 802
2239 803
11530 804
9600 805
12465 806
5774 807
13048 808
11440 809
4673 810
25 811
4138 812
2160 813
7332 814
3352 815
2311 816
6117 817
14777 818
13378 819
13645 820
12418 821
10339 822
12071 823
5007 824
10135 825
1549 826
2618 827
4890 828
11512 829
4248 830
13715 831
14033 832
2498 833
4681 834
13269 835
900 836
1150 837
3309 838
9592 839
5361 840
11725 841
13526 842
10011 843
10058 844
7576 845
2886 846
8714 847
13692 848
7368 849
6210 850
14544 851
11161 852
10856 853
13839 854
580 855
3965 856
10348 857
7313 858
2669 859
2412 860
11405 861
13186 862
1931 863
8029 864
6601 865
11185 866
13801 867
5166 868
471 869
14554 870
13528 871
11041 872
13122 873
2766 874
11621 875
3959 876
12734 877
6508 878
4432 879
7080 880
7294 881
14800 882
12537 883
537 884
5002 885
14580 886
8427 887
2826 888
4122 889
12019 890
10588 891
12919 892
14120 893
6006 894
2037 895
12385 896
6195 897
9732 898
4185 899
137 900
10324 901
3197 902
7365 903
9868 904
1031 905
10473 906
5490 907
12689 908
6629 909
13780 910
5342 911
11510 912
10075 913
10852 914
12971 915
2755 916
9127 917
4680 918
6575 919
14461 920
9812 921
11492 922
7201 923
5147 924
2084 925
5125 926
2158 927
8834 928
14364 929
4483 930
6020 931
5757 932
14054 933
3866 934
13470 935
3906 936
5440 937
1066 938
5538 939
9288 940
11889 941
6521 942
10954 943
11298 944
588 945
6077 946
13376 947
8512 948
8916 949
3867 950
11581 951
5752 952
6284 953
5153 954
12537 955
14865 956
12588 957
10776 958
4326 959
2415 960
7255 961
7912 962
2765 963
7149 964
14297 965
4261 966
13210 967
4071 968
3272 969
14435 970
2079 971
3690 972
2876 973
4630 974
10541 975
1750 976
13034 977
11581 978
3383 979
11548 980
8592 981
11844 982
718 983
14198 984
11244 985
8045 986
2662 987
11574 988
4873 989
4387 990
9919 991
9544 992
2070 993
5923 994
9101 995
13163 996
14642 997
5560 998
540 999
14714 1000
9493 1001
12829 1002
9475 1003
14830 1004
13772 1005
2507 1006
2765 1007
1937 1008
4931 1009
7178 1010
9693 1011
14278 1012
2067 1013
10657 1014
11637 1015
9258 1016
11578 1017
4625 1018
4780 1019
4646 1020
7949 1021
10100 1022
13572 1023
9421 1024
5186 1025
3723 1026
5727 1027
11601 1028
14202 1029
5458 1030
10317 1031
3474 1032
6489 1033
4476 1034
10799 1035
4929 1036
2819 1037
12951 1038
7844 1039
1400 1040
3336 1041
10997 1042
6732 1043
10445 1044
14749 1045
4953 1046
3581 1047
8683 1048
9323 1049
8525 1050
4841 1051
722 1052
1884 1053
13731 1054
11042 1055
8568 1056
10784 1057
4053 1058
3698 1059
2699 1060
11044 1061
14144 1062
1860 1063
10893 1064
12571 1065
5431 1066
14447 1067
10637 1068
14190 1069
6313 1070
7449 1071
8564 1072
12373 1073
2127 1074
14175 1075
671 1076
10450 1077
3094 1078
2980 1079
11665 1080
14962 1081
13022 1082
1520 1083
4983 1084
1603 1085
11144 1086
3924 1087
5963 1088
1642 1089
161 1090
14957 1091
10463 1092
539 1093
32 1094
10327 1095
152 1096
9975 1097
1704 1098
8775 1099
12198 1100
1473 1101
4874 1102
13597 1103
14542 1104
7994 1105
13652 1106
2294 1107
8881 1108
13468 1109
14784 1110
13170 1111
8053 1112
12418 1113
11162 1114
6136 1115
10822 1116
13230 1117
7386 1118
13086 1119
11341 1120
10590 1121
7461 1122
4804 1123
11154 1124
2793 1125
6477 1126
12861 1127
5284 1128
2056 1129
1004 1130
6793 1131
1953 1132
8108 1133
6976 1134
1966 1135
3700 1136
8614 1137
12230 1138
10509 1139
7522 1140
7816 1141
10877 1142
5356 1143
731 1144
1348 1145
5153 1146
5121 1147
14900 1148
4365 1149
12383 1150
2016 1151
6909 1152
3629 1153
12806 1154
12351 1155
4222 1156
12417 1157
9557 1158
10448 1159
12336 1160
3341 1161
5566 1162
5886 1163
5088 1164
3546 1165
1871 1166
13537 1167
219 1168
1200 1169
4784 1170
5820 1171
5450 1172
5484 1173
11559 1174
10757 1175
11192 1176
12067 1177
2431 1178
2046 1179
11202 1180
5126 1181
11940 1182
3 1183
12096 1184
9447 1185
12473 1186
10098 1187
11443 1188
8376 1189
8019 1190
939 1191
13666 1192
14201 1193
7203 1194
4126 1195
9892 1196
7512 1197
14681 1198
13112 1199
10700 1200
7322 1201
8350 1202
8637 1203
14577 1204
5041 1205
2358 1206
16 1207
392 1208
9008 1209
5376 1210
11640 1211
13196 1212
5909 1213
11731 1214
5762 1215
9256 1216
5541 1217
3464 1218
1346 1219
8127 1220
8407 1221
11959 1222
1085 1223
14245 1224
272 1225
9339 1226
8889 1227
11344 1228
13460 1229
12484 1230
14564 1231
7014 1232
6130 1233
2802 1234
7723 1235
14607 1236
5288 1237
4809 1238
979 1239
2817 1240
5673 1241
13552 1242
12003 1243
7207 1244
10495 1245
1339 1246
3730 1247
5259 1248
10448 1249
4213 1250
11405 1251
11529 1252
8271 1253
4945 1254
5131 1255
12206 1256
3150 1257
1405 1258
13495 1259
3559 1260
10426 1261
5787 1262
485 1263
12820 1264
8115 1265
3341 1266
873 1267
12120 1268
9269 1269
5212 1270
1984 1271
8247 1272
439 1273
4851 1274
7677 1275
9555 1276
1114 1277
11234 1278
11780 1279
401 1280
12426 1281
5729 1282
5329 1283
7171 1284
5606 1285
5570 1286
5282 1287
12271 1288
1562 1289
1143 1290
9587 1291
1973 1292
11795 1293
7391 1294
11516 1295
8877 1296
9840 1297
11092 1298
1105 1299
6026 1300
10875 1301
8133 1302
1925 1303
6006 1304
3464 1305
11447 1306
9765 1307
12230 1308
6162 1309
10358 1310
9677 1311
12613 1312
14589 1313
11028 1314
12266 1315
14648 1316
5059 1317
12103 1318
8723 1319
2472 1320
12229 1321
11375 1322
4429 1323
13087 1324
4962 1325
13123 1326
5406 1327
11633 1328
14940 1329
7785 1330
12981 1331
8368 1332
3601 1333
8266 1334
10292 1335
2566 1336
9753 1337
4572 1338
5504 1339
13261 1340
6294 1341
9657 1342
965 1343
6219 1344
9208 1345
14127 1346
2755 1347
11399 1348
3312 1349
1927 1350
4304 1351
12564 1352
14069 1353
4266 1354
775 1355
475 1356
9045 1357
1967 1358
4945 1359
6225 1360
14675 1361
889 1362
5244 1363
9928 1364
7305 1365
14904 1366
5751 1367
7277 1368
2383 1369
2262 1370
1144 1371
11213 1372
8417 1373
4336 1374
2592 1375
6031 1376
10121 1377
13736 1378
3776 1379
13056 1380
14697 1381
7009 1382
5170 1383
1912 1384
6178 1385
9477 1386
6571 1387
2156 1388
1878 1389
11045 1390
12846 1391
4936 1392
8559 1393
11536 1394
13652 1395
1454 1396
12009 1397
5297 1398
14863 1399
11116 1400
14149 1401
320 1402
43 1403
8345 1404
1341 1405
5003 1406
11742 1407
4133 1408
6959 1409
13200 1410
4996 1411
2793 1412
6986 1413
695 1414
12067 1415
6700 1416
4722 1417
12866 1418
9798 1419
204 1420
10502 1421
12556 1422
12406 1423
13502 1424
1225 1425
14748 1426
12363 1427
6977 1428
1774 1429
4771 1430
10884 1431
11680 1432
4844 1433
2546 1434
10929 1435
7865 1436
14706 1437
14669 1438
9554 1439
12185 1440
10099 1441
2823 1442
4023 1443
12885 1444
5338 1445
8429 1446
3886 1447
4063 1448
7954 1449
9175 1450
11968 1451
12210 1452
9635 1453
7677 1454
2148 1455
8067 1456
13355 1457
8232 1458
8818 1459
5959 1460
14761 1461
11397 1462
7772 1463
12998 1464
13705 1465
2219 1466
13093 1467
3544 1468
4576 1469
6205 1470
2593 1471
7725 1472
9085 1473
4672 1474
1 1475
7313 1476
10042 1477
13027 1478
8884 1479
405 1480
1437 1481
14360 1482
7535 1483
11456 1484
760 1485
10941 1486
102 1487
10118 1488
12323 1489
12460 1490
14598 1491
6324 1492
7706 1493
4702 1494
5889 1495
8181 1496
2043 1497
11028 1498
6654 1499
