1000 1200
2099 0
5273 1
7289 2
6682 3
5699 4
8143 5
7811 6
9183 7
5874 8
6522 9
6871 10
8712 11
5447 12
1295 13
4105 14
8910 15
3996 16
4354 17
6406 18
4982 19
6628 20
2248 21
9337 22
277 23
5483 24
5294 25
7029 26
1916 27
1405 28
4033 29
6508 30
7915 31
8140 32
9297 33
4775 34
932 35
7179 36
4612 37
5474 38
9050 39
5807 40
6536 41
8591 42
8092 43
3193 44
8344 45
6567 46
1310 47
2070 48
9188 49
3805 50
4937 51
116 52
461 53
2910 54
6849 55
9545 56
925 57
3599 58
5365 59
1513 60
3194 61
3356 62
2469 63
9464 64
2650 65
9605 66
1522 67
6672 68
4875 69
3707 70
2973 71
8578 72
9954 73
8358 74
2306 75
7425 76
9289 77
5170 78
2787 79
1365 80
2659 81
7980 82
6883 83
6543 84
5149 85
1623 86
3340 87
5480 88
1072 89
8963 90
3875 91
1410 92
8031 93
447 94
3432 95
1181 96
7875 97
825 98
8452 99
5553 100
6676 101
2179 102
5145 103
5487 104
9157 105
9694 106
328 107
7411 108
3743 109
2822 110
4850 111
2931 112
7234 113
6798 114
8672 115
6128 116
5237 117
2271 118
1079 119
197 120
3122 121
2878 122
4525 123
2666 124
5943 125
4163 126
4294 127
2172 128
7897 129
2246 130
8532 131
3813 132
2451 133
749 134
4226 135
1219 136
967 137
5016 138
4475 139
2218 140
9218 141
6993 142
295 143
6538 144
2979 145
7090 146
8133 147
3167 148
687 149
4530 150
7479 151
9839 152
2857 153
741 154
5024 155
1289 156
6610 157
6798 158
5413 159
4411 160
2548 161
3644 162
7444 163
9818 164
4819 165
9265 166
5810 167
9247 168
6160 169
1414 170
5090 171
8550 172
9199 173
5602 174
1246 175
2301 176
4231 177
2651 178
1776 179
845 180
9252 181
4135 182
285 183
4985 184
9967 185
7550 186
37 187
6526 188
7532 189
9362 190
4973 191
5730 192
1193 193
6713 194
3527 195
7611 196
5488 197
3508 198
3686 199
9760 200
1789 201
6704 202
7601 203
9381 204
3128 205
7241 206
9991 207
9439 208
982 209
9413 210
4725 211
9242 212
4202 213
6200 214
1834 215
2984 216
5024 217
9293 218
493 219
5818 220
2601 221
2205 222
313 223
6541 224
3605 225
2305 226
4598 227
2050 228
5753 229
764 230
592 231
6024 232
1265 233
3041 234
8865 235
3172 236
8787 237
8955 238
5320 239
4414 240
970 241
7976 242
1374 243
4364 244
8922 245
6133 246
4238 247
7071 248
3721 249
2741 250
1576 251
7705 252
3082 253
6894 254
683 255
6859 256
5246 257
1386 258
2038 259
1259 260
5491 261
9385 262
1797 263
2775 264
2154 265
2852 266
8766 267
9813 268
7914 269
9941 270
6256 271
294 272
6099 273
4139 274
1293 275
5987 276
1519 277
3115 278
2489 279
9655 280
1609 281
9323 282
5530 283
8503 284
5638 285
6842 286
8869 287
7579 288
2829 289
8141 290
5982 291
1582 292
6800 293
1759 294
2760 295
1055 296
9095 297
4696 298
638 299
5974 300
1495 301
3860 302
9577 303
1784 304
1363 305
7413 306
717 307
8851 308
9238 309
7453 310
740 311
5645 312
167 313
4479 314
4409 315
7169 316
7189 317
7991 318
4758 319
2962 320
6624 321
2054 322
9555 323
7484 324
6708 325
1570 326
8633 327
3046 328
8850 329
4187 330
4582 331
8377 332
2380 333
6528 334
6004 335
5153 336
8554 337
3953 338
9899 339
2094 340
5742 341
8765 342
5219 343
1639 344
968 345
9302 346
1655 347
1795 348
1720 349
1560 350
8589 351
7605 352
934 353
1304 354
3919 355
5100 356
5727 357
7461 358
707 359
7876 360
9816 361
9444 362
9599 363
6834 364
6616 365
9995 366
8989 367
7199 368
8374 369
3096 370
7212 371
2454 372
3821 373
1247 374
4848 375
8006 376
1446 377
190 378
9094 379
8959 380
9855 381
9371 382
8190 383
2268 384
9151 385
7178 386
6076 387
9672 388
2392 389
435 390
1732 391
6765 392
712 393
8540 394
1810 395
5174 396
1901 397
3580 398
8254 399
7641 400
3411 401
35 402
2595 403
9896 404
1586 405
1227 406
3493 407
6043 408
4768 409
4397 410
1731 411
2633 412
9270 413
8355 414
3399 415
1937 416
6938 417
4588 418
2644 419
6500 420
4978 421
2033 422
8863 423
9926 424
5047 425
2472 426
4940 427
5642 428
2046 429
6945 430
5228 431
509 432
8433 433
2191 434
9325 435
6213 436
5180 437
3289 438
1773 439
9578 440
299 441
3705 442
7054 443
9090 444
5829 445
1801 446
7266 447
7313 448
9700 449
2246 450
3819 451
9655 452
4998 453
668 454
6217 455
1630 456
3513 457
8746 458
5850 459
8783 460
4187 461
4358 462
5593 463
536 464
5417 465
4378 466
3517 467
5318 468
681 469
9653 470
7161 471
1082 472
7876 473
3616 474
2027 475
186 476
8007 477
8041 478
3331 479
1044 480
9008 481
7456 482
1518 483
3084 484
375 485
9535 486
52 487
2000 488
608 489
5741 490
1237 491
1083 492
8375 493
5508 494
4909 495
2084 496
5750 497
1301 498
5855 499
5448 500
5927 501
4645 502
8649 503
3005 504
9842 505
855 506
9065 507
1325 508
7725 509
1241 510
1631 511
9679 512
1248 513
7434 514
3185 515
8071 516
5626 517
8479 518
8132 519
7065 520
5816 521
5153 522
6865 523
4539 524
8794 525
3834 526
1038 527
3792 528
3812 529
7308 530
1322 531
5672 532
4518 533
9047 534
240 535
9358 536
4654 537
5128 538
40 539
8838 540
6505 541
7298 542
4867 543
3067 544
5089 545
7088 546
3994 547
4751 548
6553 549
5302 550
4218 551
7665 552
919 553
2375 554
4866 555
5470 556
9573 557
5648 558
5739 559
9435 560
6643 561
3808 562
1108 563
820 564
2951 565
2547 566
1416 567
8464 568
5618 569
3957 570
9769 571
6608 572
2728 573
7617 574
5638 575
899 576
2985 577
5698 578
3231 579
2690 580
2152 581
720 582
1038 583
3176 584
6672 585
380 586
251 587
5308 588
9086 589
2159 590
9500 591
3774 592
1614 593
3401 594
7423 595
1386 596
2719 597
6033 598
6332 599
1270 600
5039 601
3280 602
369 603
4653 604
3910 605
3970 606
4289 607
9841 608
7767 609
4848 610
9893 611
8444 612
392 613
3426 614
3886 615
7359 616
9276 617
8894 618
3043 619
6524 620
7038 621
2896 622
4796 623
8986 624
5483 625
6104 626
1663 627
8326 628
4061 629
1196 630
6195 631
1553 632
5825 633
2119 634
875 635
9027 636
6008 637
1452 638
1875 639
2404 640
8596 641
331 642
5052 643
1796 644
8131 645
4588 646
7593 647
4897 648
2010 649
3833 650
6819 651
5703 652
7582 653
6249 654
1115 655
8112 656
3661 657
8368 658
9567 659
1721 660
9717 661
3402 662
616 663
6769 664
1801 665
9474 666
9713 667
6287 668
692 669
1314 670
1219 671
1741 672
811 673
1590 674
4066 675
2641 676
336 677
7599 678
3889 679
8580 680
2447 681
2780 682
9948 683
539 684
1578 685
7849 686
7842 687
9704 688
4412 689
3592 690
3303 691
3491 692
5267 693
2814 694
1133 695
5794 696
2629 697
1741 698
3169 699
1944 700
3654 701
4367 702
7972 703
3388 704
6788 705
6891 706
8626 707
3602 708
9705 709
2404 710
1366 711
8992 712
8749 713
2477 714
7130 715
805 716
8253 717
5478 718
1269 719
3597 720
200 721
8374 722
6685 723
2356 724
7785 725
967 726
8650 727
5103 728
2827 729
3148 730
5964 731
3355 732
3073 733
5973 734
214 735
4314 736
4689 737
7829 738
8157 739
209 740
8856 741
4073 742
1267 743
6204 744
4386 745
6250 746
7748 747
1100 748
8441 749
5295 750
7513 751
1941 752
8924 753
1438 754
5403 755
7437 756
2836 757
7540 758
1285 759
516 760
9320 761
3130 762
5909 763
9259 764
7976 765
6175 766
2548 767
2130 768
3360 769
1409 770
4648 771
3786 772
9309 773
7000 774
1793 775
581 776
8324 777
2740 778
7639 779
6401 780
5518 781
6508 782
4361 783
5526 784
6475 785
9133 786
4269 787
91 788
3938 789
8074 790
7542 791
2358 792
3926 793
1896 794
5885 795
987 796
1062 797
2403 798
1299 799
5156 800
5690 801
6320 802
8637 803
4747 804
6628 805
8440 806
4963 807
5265 808
2836 809
777 810
6958 811
8499 812
2741 813
8621 814
2457 815
492 816
3251 817
2798 818
1362 819
4210 820
9788 821
7176 822
7054 823
1920 824
9794 825
6093 826
7729 827
3330 828
8931 829
92 830
5343 831
897 832
9967 833
5853 834
3661 835
5601 836
1316 837
1305 838
3606 839
9953 840
6496 841
777 842
763 843
9659 844
803 845
9205 846
7847 847
4383 848
8552 849
7803 850
7212 851
2268 852
6532 853
5777 854
4822 855
6188 856
297 857
1826 858
2390 859
6684 860
3196 861
5228 862
7455 863
1657 864
1790 865
5995 866
9996 867
4990 868
8819 869
1605 870
2508 871
7090 872
9491 873
5977 874
9611 875
6982 876
4463 877
8251 878
7037 879
1256 880
4112 881
8291 882
1653 883
4957 884
8393 885
9739 886
1848 887
7391 888
8424 889
7464 890
3013 891
654 892
8242 893
2439 894
3210 895
9743 896
7701 897
1277 898
6883 899
5787 900
3974 901
1222 902
9305 903
3246 904
9649 905
191 906
2162 907
1438 908
5761 909
5597 910
3679 911
8778 912
1549 913
5217 914
9401 915
3552 916
7598 917
2168 918
1641 919
6575 920
8539 921
302 922
6495 923
6281 924
316 925
3227 926
8461 927
7504 928
6675 929
7578 930
1481 931
1236 932
9189 933
5805 934
2638 935
891 936
4914 937
5812 938
7909 939
7761 940
8771 941
9726 942
6467 943
7991 944
6069 945
4562 946
9911 947
5726 948
795 949
5963 950
9061 951
472 952
7150 953
5845 954
5577 955
9113 956
9827 957
7604 958
1156 959
6967 960
9953 961
9789 962
3119 963
2176 964
7178 965
3787 966
2589 967
6655 968
5287 969
2441 970
6864 971
6899 972
5750 973
2429 974
1719 975
6774 976
7144 977
3288 978
4485 979
7761 980
7659 981
7651 982
8912 983
6195 984
2245 985
1443 986
3728 987
2180 988
1753 989
6150 990
1612 991
3978 992
6532 993
1414 994
9025 995
7705 996
856 997
1120 998
4972 999
