1000 450
4660 0
6137 1
1827 2
8724 3
8046 4
1033 5
7377 6
2792 7
2241 8
6976 9
5583 10
8730 11
1553 12
6302 13
9327 14
3125 15
3968 16
4612 17
1265 18
1519 19
4364 20
4346 21
8085 22
2368 23
669 24
5852 25
5408 26
1665 27
737 28
8752 29
7207 30
7944 31
4591 32
518 33
7321 34
1035 35
1323 36
121 37
9086 38
3652 39
3875 40
2164 41
3390 42
4970 43
3660 44
2150 45
4098 46
3054 47
1268 48
8639 49
8844 50
8924 51
7780 52
6332 53
7061 54
9385 55
7910 56
2668 57
4333 58
4473 59
9803 60
9025 61
9615 62
1441 63
8013 64
8333 65
9893 66
1344 67
3060 68
213 69
8444 70
2022 71
3221 72
9378 73
1000 74
6632 75
4165 76
7346 77
3976 78
3456 79
4616 80
3085 81
291 82
6472 83
2568 84
5744 85
9254 86
2214 87
7952 88
7730 89
8202 90
2798 91
1079 92
1360 93
6545 94
269 95
1271 96
8617 97
9968 98
4749 99
3851 100
6244 101
1841 102
7047 103
5470 104
3021 105
3637 106
1793 107
154 108
2876 109
2423 110
6187 111
6851 112
6016 113
9432 114
4885 115
7060 116
17 117
5854 118
5642 119
9298 120
9926 121
319 122
6434 123
7448 124
5715 125
2987 126
6124 127
6320 128
4767 129
662 130
3728 131
3401 132
9888 133
6975 134
2866 135
9122 136
1814 137
1338 138
8156 139
4546 140
8446 141
8917 142
3533 143
1452 144
187 145
1154 146
2955 147
7634 148
8734 149
2008 150
9211 151
5155 152
9593 153
1896 154
7971 155
8294 156
9427 157
8286 158
2416 159
6949 160
8710 161
9150 162
2850 163
1044 164
7411 165
6357 166
2095 167
9483 168
5557 169
3211 170
8058 171
4264 172
8120 173
5590 174
8875 175
2206 176
5412 177
1287 178
1900 179
8936 180
5095 181
1806 182
716 183
5870 184
8849 185
1629 186
728 187
75 188
8416 189
4895 190
4153 191
8951 192
9260 193
7466 194
7760 195
1451 196
3373 197
1099 198
1075 199
8577 200
3357 201
2086 202
330 203
6787 204
3453 205
7796 206
2278 207
8563 208
9907 209
2182 210
8122 211
5384 212
6974 213
1155 214
9507 215
8358 216
5747 217
9811 218
9582 219
9865 220
8443 221
1489 222
9125 223
2340 224
8746 225
667 226
5137 227
6007 228
2498 229
333 230
6286 231
7159 232
6674 233
5689 234
9884 235
645 236
6926 237
6036 238
4983 239
4626 240
2933 241
7487 242
7737 243
8207 244
113 245
2746 246
5173 247
6741 248
5811 249
3709 250
278 251
968 252
7733 253
1157 254
6456 255
1364 256
9126 257
4602 258
9892 259
4739 260
9602 261
2873 262
8659 263
1747 264
4282 265
2183 266
354 267
5595 268
7427 269
9024 270
6848 271
1653 272
7171 273
6018 274
3285 275
7197 276
5269 277
4547 278
6351 279
8228 280
7096 281
5168 282
8270 283
6318 284
8703 285
9427 286
219 287
2390 288
7266 289
7139 290
2720 291
845 292
3443 293
2578 294
8213 295
2322 296
8778 297
6991 298
5835 299
6573 300
9487 301
3572 302
5779 303
5846 304
5432 305
1455 306
3935 307
4056 308
2638 309
7281 310
2357 311
5809 312
3233 313
8063 314
3507 315
1356 316
6892 317
3508 318
757 319
2289 320
8181 321
9996 322
6381 323
7546 324
2266 325
8605 326
6214 327
1618 328
5392 329
6359 330
7957 331
4640 332
2104 333
4525 334
2803 335
6108 336
7088 337
5946 338
7341 339
1572 340
9830 341
939 342
9310 343
3199 344
4815 345
7324 346
372 347
4362 348
1442 349
5309 350
7826 351
7775 352
3101 353
8207 354
2094 355
5260 356
9720 357
9514 358
9920 359
7894 360
9876 361
6537 362
292 363
1502 364
1912 365
8847 366
1995 367
5457 368
7171 369
8889 370
1497 371
1680 372
8678 373
6988 374
3441 375
6988 376
9816 377
4472 378
2103 379
4582 380
1730 381
6602 382
7392 383
493 384
2815 385
6354 386
5602 387
7782 388
3825 389
6460 390
3185 391
5161 392
2177 393
5262 394
4628 395
2967 396
1417 397
7061 398
925 399
6747 400
9355 401
5955 402
6766 403
3344 404
1940 405
2484 406
3016 407
2764 408
8588 409
1946 410
7600 411
905 412
2918 413
1453 414
5416 415
570 416
6154 417
3840 418
2548 419
7530 420
1406 421
2939 422
3658 423
6575 424
5144 425
6819 426
8265 427
5745 428
1238 429
4832 430
3660 431
2439 432
8086 433
2796 434
2888 435
4821 436
8615 437
2700 438
8684 439
2784 440
9850 441
4760 442
624 443
4351 444
1659 445
9084 446
6131 447
652 448
7875 449
9724 450
9046 451
2088 452
5904 453
9946 454
2562 455
7118 456
6629 457
6502 458
9440 459
2957 460
3970 461
4444 462
7441 463
9032 464
7142 465
3633 466
8143 467
6802 468
5768 469
6036 470
1167 471
8601 472
1233 473
1736 474
129 475
5071 476
4490 477
7728 478
9423 479
3764 480
9222 481
2577 482
7264 483
4891 484
2144 485
9697 486
7873 487
6283 488
1831 489
404 490
6969 491
5291 492
5719 493
7149 494
6180 495
18 496
5191 497
9474 498
3979 499
3418 500
6182 501
5985 502
3962 503
4427 504
6359 505
9022 506
974 507
2018 508
4770 509
6065 510
9011 511
909 512
2334 513
1644 514
4702 515
2544 516
516 517
6089 518
9306 519
9311 520
4944 521
5282 522
1334 523
3900 524
7950 525
9139 526
1498 527
2945 528
9105 529
9 530
689 531
9096 532
8177 533
1069 534
5993 535
6389 536
2336 537
1141 538
9833 539
2795 540
6093 541
1809 542
4606 543
9892 544
6073 545
7261 546
3958 547
4532 548
1294 549
1445 550
4542 551
1969 552
2831 553
682 554
552 555
1083 556
850 557
3033 558
2760 559
3073 560
6047 561
5341 562
6923 563
2866 564
9999 565
5987 566
7570 567
3294 568
1986 569
595 570
6433 571
5622 572
1533 573
4878 574
8761 575
3022 576
5268 577
1333 578
1457 579
4859 580
1845 581
6844 582
7053 583
2437 584
3958 585
9289 586
7203 587
3913 588
3165 589
6544 590
9021 591
9887 592
4684 593
5029 594
1154 595
1374 596
8653 597
6288 598
9107 599
1681 600
5270 601
3205 602
625 603
4182 604
4009 605
6334 606
4559 607
8298 608
734 609
3326 610
8726 611
8612 612
7629 613
8056 614
9896 615
3802 616
8 617
1423 618
7947 619
9491 620
1241 621
9518 622
8344 623
8850 624
9011 625
6828 626
8739 627
82 628
8938 629
8347 630
1561 631
7527 632
4709 633
5392 634
1123 635
7890 636
8210 637
3671 638
6956 639
5741 640
559 641
2299 642
5273 643
8741 644
9337 645
1605 646
954 647
7922 648
1216 649
7403 650
2212 651
4362 652
9462 653
1087 654
7917 655
3516 656
9848 657
3107 658
545 659
3895 660
6541 661
201 662
2051 663
2203 664
2825 665
8787 666
1563 667
6358 668
2048 669
8990 670
9373 671
6127 672
2985 673
6004 674
3384 675
3754 676
8173 677
4760 678
3438 679
4189 680
1889 681
174 682
5290 683
6323 684
2997 685
6777 686
6972 687
8981 688
7358 689
9419 690
9086 691
548 692
9394 693
8738 694
6369 695
6428 696
867 697
3294 698
7137 699
9074 700
5387 701
1892 702
6837 703
3237 704
1145 705
3567 706
5401 707
4453 708
4774 709
2744 710
7682 711
3213 712
7845 713
4840 714
906 715
9211 716
1147 717
960 718
6776 719
373 720
5463 721
4533 722
2010 723
1283 724
819 725
2683 726
3483 727
8736 728
9236 729
5371 730
684 731
4255 732
3290 733
837 734
4394 735
6320 736
7431 737
8984 738
4322 739
402 740
6920 741
709 742
9747 743
3267 744
1864 745
3573 746
8537 747
8354 748
1363 749
5385 750
9260 751
3705 752
540 753
7746 754
7109 755
3392 756
1919 757
7324 758
7129 759
3848 760
8702 761
5230 762
7267 763
3916 764
1711 765
936 766
3270 767
8755 768
4622 769
8012 770
1668 771
8712 772
3772 773
4311 774
5620 775
6257 776
6165 777
5329 778
5394 779
5968 780
2151 781
6509 782
7541 783
177 784
713 785
4252 786
7572 787
9686 788
9987 789
5036 790
7579 791
8406 792
8950 793
668 794
1914 795
572 796
1038 797
1996 798
1543 799
3719 800
7506 801
6538 802
7271 803
4120 804
7695 805
7262 806
1334 807
2248 808
2212 809
8476 810
7551 811
757 812
7710 813
2368 814
7210 815
5342 816
4384 817
9552 818
3589 819
4916 820
5405 821
3164 822
9739 823
8187 824
2685 825
6483 826
2494 827
1735 828
6962 829
9542 830
2295 831
760 832
4367 833
5946 834
7978 835
8663 836
7445 837
896 838
6755 839
3513 840
253 841
2672 842
1464 843
8072 844
9879 845
2201 846
185 847
6609 848
3385 849
9588 850
8075 851
4092 852
525 853
5264 854
1555 855
7934 856
8891 857
2078 858
748 859
2040 860
1006 861
9979 862
7804 863
3600 864
8579 865
5572 866
1829 867
2069 868
4945 869
3314 870
3938 871
8466 872
4654 873
6211 874
7192 875
2509 876
1514 877
5142 878
2117 879
5174 880
3087 881
1327 882
4044 883
1164 884
1968 885
6364 886
8548 887
768 888
5321 889
6012 890
9076 891
3874 892
8253 893
3011 894
4892 895
6562 896
6142 897
3817 898
3808 899
2068 900
6441 901
8622 902
4166 903
5641 904
5658 905
4307 906
8383 907
282 908
9776 909
4067 910
7181 911
1828 912
1225 913
5815 914
153 915
3790 916
1540 917
7394 918
8240 919
6769 920
914 921
8220 922
6710 923
1569 924
5905 925
4136 926
9369 927
2952 928
3837 929
1440 930
1976 931
1159 932
7534 933
2757 934
6495 935
963 936
2680 937
1504 938
751 939
3221 940
9911 941
7763 942
2157 943
3724 944
4514 945
1359 946
1285 947
1708 948
8385 949
2264 950
5277 951
7230 952
3365 953
6112 954
9291 955
634 956
1032 957
3140 958
5157 959
2692 960
3661 961
6380 962
2619 963
3688 964
1236 965
7785 966
8515 967
8648 968
4384 969
6854 970
105 971
1057 972
6832 973
9603 974
1744 975
3606 976
9296 977
5738 978
6154 979
1343 980
1174 981
1950 982
2915 983
7181 984
4892 985
9929 986
9075 987
61 988
6354 989
9108 990
5635 991
5255 992
1442 993
3522 994
5776 995
5026 996
628 997
2632 998
3434 999
