1200 1350
9818 0
423 1
4665 2
5097 3
1397 4
4192 5
1307 6
9203 7
2278 8
4861 9
7586 10
6910 11
4087 12
569 13
8789 14
5297 15
7226 16
2828 17
9669 18
8567 19
7470 20
7651 21
3194 22
625 23
3141 24
11804 25
6191 26
3119 27
11421 28
9842 29
9376 30
11512 31
7630 32
4327 33
10791 34
7818 35
7361 36
6024 37
4624 38
1061 39
6753 40
2794 41
7135 42
1094 43
3616 44
3949 45
8458 46
1879 47
8921 48
10624 49
7086 50
7077 51
6722 52
11179 53
5932 54
11489 55
10294 56
7987 57
7889 58
4589 59
8045 60
11699 61
11063 62
9723 63
3930 64
10125 65
1701 66
11175 67
2812 68
7072 69
232 70
3546 71
10569 72
4943 73
651 74
11978 75
588 76
6927 77
926 78
8239 79
5394 80
7031 81
204 82
9209 83
8927 84
1941 85
1859 86
5844 87
7064 88
6185 89
10354 90
8572 91
8531 92
5487 93
3048 94
5195 95
4212 96
9331 97
10003 98
7839 99
10191 100
7016 101
7651 102
3831 103
4806 104
522 105
218 106
6775 107
7129 108
6939 109
6647 110
6683 111
925 112
1256 113
1368 114
1334 115
7684 116
8505 117
9068 118
10509 119
11208 120
5342 121
9732 122
5950 123
5060 124
4745 125
11123 126
2120 127
9676 128
4740 129
4058 130
4426 131
2137 132
3053 133
4751 134
265 135
10921 136
8323 137
4220 138
4990 139
6794 140
6914 141
2477 142
8935 143
5249 144
3696 145
1930 146
398 147
5251 148
10923 149
6250 150
5362 151
4290 152
3864 153
1167 154
4419 155
10879 156
3404 157
5399 158
255 159
1357 160
11032 161
4483 162
2672 163
7464 164
4786 165
10730 166
4681 167
8835 168
11241 169
11182 170
940 171
10914 172
11358 173
10068 174
9131 175
10912 176
1869 177
11553 178
3923 179
1585 180
6472 181
1939 182
7877 183
4936 184
8649 185
4191 186
2030 187
4309 188
2500 189
538 190
133 191
30 192
3092 193
7769 194
8956 195
3344 196
7917 197
6979 198
8219 199
7605 200
5433 201
3766 202
302 203
5477 204
10874 205
5275 206
5454 207
4500 208
812 209
10771 210
4078 211
3951 212
8778 213
1930 214
4087 215
1396 216
11907 217
8954 218
5612 219
10664 220
4919 221
10858 222
10705 223
3026 224
10848 225
6953 226
2844 227
5354 228
9786 229
9490 230
4435 231
9951 232
1648 233
1136 234
10120 235
7928 236
4673 237
4622 238
7449 239
1357 240
11893 241
4834 242
9392 243
6059 244
292 245
10378 246
8223 247
5121 248
11321 249
9615 250
6215 251
6913 252
8089 253
6356 254
4644 255
4788 256
5752 257
11815 258
5125 259
11633 260
5460 261
5538 262
7555 263
11702 264
7528 265
8170 266
2645 267
9001 268
2818 269
3860 270
2777 271
712 272
9451 273
5300 274
6399 275
7918 276
4054 277
3739 278
10646 279
3651 280
5960 281
5361 282
4030 283
11299 284
7284 285
7780 286
9859 287
4821 288
9310 289
10340 290
10315 291
10706 292
8020 293
2051 294
10084 295
1751 296
7577 297
3810 298
9013 299
7132 300
11886 301
5619 302
11515 303
2591 304
2445 305
310 306
10421 307
5903 308
7868 309
2242 310
6077 311
1430 312
5265 313
1884 314
9005 315
933 316
8718 317
7122 318
8961 319
1125 320
8030 321
190 322
4572 323
2216 324
7603 325
6305 326
830 327
6843 328
9272 329
7527 330
8653 331
3602 332
3959 333
3644 334
10227 335
933 336
4235 337
8712 338
11786 339
2809 340
6045 341
8455 342
3156 343
7038 344
681 345
11692 346
8742 347
729 348
11108 349
10171 350
5931 351
7887 352
8996 353
6551 354
7451 355
7622 356
3233 357
4530 358
1343 359
8172 360
11372 361
8309 362
1519 363
169 364
10445 365
1309 366
5778 367
11450 368
2301 369
9853 370
9194 371
7150 372
4244 373
2627 374
4173 375
6980 376
2009 377
2710 378
88 379
7158 380
10223 381
2257 382
4118 383
7734 384
11864 385
5282 386
9532 387
8681 388
1062 389
10457 390
2773 391
2564 392
10669 393
11398 394
8072 395
302 396
9381 397
3294 398
5719 399
4905 400
4593 401
10557 402
1689 403
3129 404
1615 405
3279 406
3465 407
161 408
22 409
2657 410
11984 411
287 412
6493 413
4933 414
9476 415
9212 416
9573 417
2302 418
4489 419
8337 420
1368 421
10961 422
2092 423
4455 424
10145 425
8443 426
4690 427
6826 428
2656 429
7898 430
1541 431
10786 432
7430 433
8591 434
10573 435
9080 436
4418 437
10596 438
7601 439
4611 440
3163 441
10523 442
5495 443
10528 444
5320 445
55 446
7017 447
3819 448
3859 449
2666 450
4254 451
7582 452
1053 453
11656 454
10853 455
9904 456
5104 457
8227 458
10616 459
9985 460
962 461
2808 462
10990 463
125 464
6 465
3185 466
3366 467
6012 468
11198 469
3463 470
9327 471
4493 472
10002 473
1045 474
3685 475
9672 476
11339 477
2110 478
11260 479
10431 480
7281 481
9448 482
9045 483
42 484
4738 485
7683 486
5912 487
4570 488
10384 489
9491 490
978 491
605 492
1463 493
6216 494
3457 495
3835 496
9859 497
2540 498
5571 499
6543 500
5531 501
11826 502
7626 503
605 504
9616 505
3513 506
3192 507
1178 508
5312 509
8866 510
11789 511
6017 512
8435 513
1883 514
3468 515
6221 516
7140 517
10530 518
3536 519
11463 520
9361 521
2748 522
1376 523
7428 524
7484 525
4067 526
9464 527
5557 528
9744 529
3595 530
590 531
10650 532
5953 533
10809 534
9691 535
1428 536
1918 537
10511 538
9108 539
10690 540
4792 541
1172 542
4627 543
10321 544
6228 545
10678 546
4779 547
6883 548
11288 549
9977 550
8913 551
2428 552
145 553
5326 554
7853 555
1217 556
9392 557
3039 558
7984 559
2363 560
5288 561
8932 562
9211 563
8956 564
4349 565
4306 566
10272 567
548 568
2048 569
10010 570
1330 571
7379 572
4079 573
308 574
4727 575
4780 576
3815 577
11133 578
5768 579
10883 580
7795 581
5345 582
3201 583
7269 584
11597 585
10304 586
74 587
7322 588
10524 589
115 590
10572 591
10660 592
3499 593
6706 594
7572 595
2753 596
7393 597
5115 598
9202 599
1100 600
5047 601
4828 602
7059 603
6114 604
61 605
11366 606
9706 607
11468 608
3810 609
3841 610
5418 611
1901 612
2121 613
2943 614
4912 615
10984 616
458 617
5909 618
10366 619
2437 620
5027 621
3536 622
1138 623
8469 624
3822 625
11891 626
284 627
5165 628
6319 629
1206 630
2290 631
2569 632
778 633
10692 634
7784 635
6899 636
7852 637
7196 638
9085 639
11661 640
11056 641
7386 642
9094 643
7541 644
2535 645
8170 646
9029 647
6635 648
4720 649
8195 650
1413 651
8825 652
5715 653
285 654
5319 655
9057 656
7496 657
5747 658
5802 659
6722 660
130 661
1034 662
5265 663
9722 664
1139 665
6927 666
10439 667
1985 668
2615 669
11144 670
8955 671
5579 672
9350 673
5691 674
8937 675
6699 676
4623 677
8637 678
4587 679
11237 680
10037 681
393 682
3096 683
1505 684
4366 685
9953 686
11213 687
11228 688
7042 689
8351 690
6081 691
2220 692
7965 693
10766 694
4631 695
11584 696
6425 697
5356 698
10063 699
2264 700
11228 701
4634 702
9875 703
6724 704
9584 705
9855 706
6524 707
7898 708
924 709
1210 710
5316 711
8227 712
10933 713
10138 714
4577 715
10027 716
6511 717
1946 718
2497 719
4974 720
2552 721
3713 722
2586 723
6543 724
10179 725
11006 726
3585 727
8699 728
11186 729
6835 730
6680 731
6142 732
3741 733
9422 734
3537 735
2994 736
1500 737
5695 738
11279 739
10598 740
8749 741
9082 742
6307 743
2513 744
10983 745
651 746
10046 747
3897 748
977 749
9921 750
491 751
1202 752
10402 753
6852 754
1803 755
4145 756
7480 757
9393 758
4793 759
10376 760
9018 761
8192 762
9350 763
9663 764
2775 765
6573 766
2610 767
8090 768
5335 769
11540 770
10649 771
10781 772
4228 773
11654 774
4677 775
7950 776
2057 777
7937 778
4058 779
1486 780
69 781
1802 782
7055 783
7261 784
11955 785
10088 786
11637 787
9955 788
5067 789
8501 790
7875 791
11908 792
9836 793
4930 794
9010 795
5374 796
8703 797
2470 798
746 799
8052 800
10663 801
11639 802
10193 803
2001 804
10095 805
8295 806
2623 807
4722 808
2914 809
11375 810
1942 811
3932 812
4420 813
3492 814
3335 815
6696 816
1358 817
11273 818
2730 819
5919 820
3664 821
7117 822
3121 823
5208 824
2763 825
3638 826
3874 827
2274 828
7427 829
5039 830
7746 831
2420 832
8995 833
5935 834
6169 835
10633 836
1530 837
7752 838
2270 839
11689 840
7566 841
1802 842
92 843
6762 844
2301 845
9641 846
5444 847
1131 848
1603 849
2020 850
3778 851
11352 852
8211 853
11995 854
5108 855
11694 856
4305 857
5833 858
11450 859
690 860
576 861
1382 862
6919 863
10492 864
1092 865
6007 866
84 867
3551 868
7245 869
11844 870
2985 871
9721 872
11621 873
1138 874
1646 875
10740 876
1756 877
6881 878
8689 879
2393 880
11189 881
3656 882
3631 883
10205 884
3994 885
8745 886
8371 887
4838 888
7234 889
10930 890
3429 891
7495 892
5794 893
10224 894
96 895
11928 896
2653 897
4187 898
1558 899
6901 900
10401 901
2118 902
7574 903
3414 904
1459 905
9563 906
5806 907
9940 908
375 909
10995 910
4535 911
9487 912
6018 913
8308 914
5143 915
1050 916
10870 917
6065 918
2215 919
5614 920
2410 921
5745 922
421 923
5152 924
1125 925
3479 926
5710 927
3559 928
9111 929
8116 930
1663 931
6419 932
3499 933
38 934
5816 935
4658 936
3723 937
4995 938
11376 939
1781 940
8958 941
7994 942
11077 943
11280 944
11880 945
4913 946
8683 947
11506 948
11362 949
8564 950
1729 951
6634 952
5105 953
11504 954
3239 955
11521 956
1574 957
10555 958
11711 959
5942 960
9408 961
7417 962
4429 963
7526 964
5585 965
1504 966
6576 967
11899 968
8756 969
8238 970
4510 971
10209 972
1866 973
9142 974
10063 975
4624 976
4079 977
7667 978
9295 979
2450 980
1825 981
7811 982
77 983
3658 984
8235 985
3838 986
9705 987
3356 988
8104 989
4721 990
4614 991
1098 992
1742 993
4421 994
6000 995
5982 996
7726 997
7200 998
2948 999
10235 1000
5391 1001
4589 1002
3156 1003
9426 1004
5745 1005
6092 1006
11159 1007
11913 1008
3041 1009
10549 1010
3554 1011
11318 1012
10432 1013
11028 1014
9595 1015
6551 1016
4452 1017
5431 1018
7403 1019
9760 1020
11494 1021
8998 1022
6033 1023
820 1024
247 1025
6780 1026
1229 1027
591 1028
4767 1029
9479 1030
176 1031
2455 1032
1583 1033
9807 1034
3959 1035
505 1036
9733 1037
9389 1038
616 1039
9588 1040
1785 1041
603 1042
6182 1043
4516 1044
4653 1045
11451 1046
1780 1047
528 1048
5361 1049
6886 1050
4953 1051
4155 1052
654 1053
5584 1054
7565 1055
6590 1056
3296 1057
11986 1058
760 1059
3943 1060
9476 1061
9266 1062
10903 1063
6707 1064
6602 1065
5037 1066
8261 1067
3956 1068
9550 1069
6592 1070
1602 1071
1265 1072
1331 1073
7799 1074
5480 1075
11015 1076
8830 1077
7466 1078
7790 1079
5747 1080
5529 1081
9057 1082
7248 1083
1573 1084
1204 1085
749 1086
9471 1087
11865 1088
6069 1089
10373 1090
10673 1091
600 1092
9589 1093
7824 1094
5936 1095
444 1096
8449 1097
4240 1098
4365 1099
6492 1100
10786 1101
11663 1102
7905 1103
2023 1104
1558 1105
8482 1106
4997 1107
10300 1108
8810 1109
2470 1110
11032 1111
10781 1112
2865 1113
303 1114
10736 1115
11336 1116
1511 1117
2485 1118
6256 1119
9513 1120
7592 1121
9475 1122
261 1123
4509 1124
6861 1125
3053 1126
4595 1127
9595 1128
2632 1129
2385 1130
3717 1131
3583 1132
2541 1133
4049 1134
541 1135
699 1136
301 1137
3706 1138
4110 1139
2811 1140
4365 1141
9053 1142
2132 1143
7468 1144
9454 1145
6467 1146
3086 1147
461 1148
5634 1149
10177 1150
5332 1151
2795 1152
1315 1153
8082 1154
1953 1155
10592 1156
7874 1157
9426 1158
10198 1159
11705 1160
7170 1161
6504 1162
7506 1163
505 1164
3507 1165
11902 1166
4371 1167
3463 1168
1248 1169
10117 1170
9804 1171
179 1172
6363 1173
6357 1174
7309 1175
5048 1176
1966 1177
1206 1178
8347 1179
829 1180
7869 1181
7254 1182
2385 1183
10457 1184
5128 1185
10672 1186
3069 1187
11771 1188
7233 1189
5816 1190
8323 1191
4580 1192
9118 1193
10151 1194
9724 1195
4818 1196
7352 1197
5680 1198
4797 1199
