1300 1000
10377 0
10792 1
12494 2
3835 3
2763 4
8546 5
3967 6
8361 7
8649 8
10360 9
3661 10
104 11
266 12
5261 13
12185 14
5798 15
7745 16
10631 17
2419 18
1195 19
8825 20
1712 21
49 22
2080 23
3722 24
6624 25
2863 26
3075 27
8919 28
10335 29
11989 30
10407 31
5902 32
10793 33
6139 34
10449 35
9549 36
12171 37
803 38
9438 39
3794 40
8296 41
7900 42
3014 43
10359 44
6510 45
7823 46
2837 47
7892 48
1021 49
2001 50
3193 51
10043 52
12763 53
6357 54
11210 55
587 56
2526 57
12892 58
4873 59
8185 60
10769 61
3006 62
2763 63
7966 64
3801 65
4416 66
3838 67
11099 68
1911 69
4591 70
11351 71
4951 72
8629 73
6203 74
23 75
12151 76
6456 77
8801 78
5833 79
11793 80
6851 81
3189 82
318 83
10145 84
12740 85
10836 86
6094 87
11496 88
8959 89
7006 90
10009 91
2019 92
371 93
4049 94
12209 95
702 96
5635 97
2098 98
4454 99
7889 100
3421 101
7862 102
12506 103
1354 104
3679 105
12655 106
6592 107
241 108
4490 109
5710 110
12745 111
8402 112
685 113
6453 114
9481 115
2183 116
2078 117
9835 118
12072 119
9546 120
7234 121
1447 122
8841 123
9956 124
6622 125
9570 126
7442 127
3885 128
12632 129
12784 130
9620 131
9379 132
8869 133
2123 134
5871 135
3448 136
1042 137
3285 138
12647 139
7500 140
2951 141
6953 142
6075 143
3461 144
2360 145
11257 146
4743 147
4518 148
11933 149
7013 150
9197 151
12220 152
3477 153
8992 154
4598 155
4959 156
9525 157
4482 158
12996 159
7260 160
2788 161
1255 162
2563 163
2589 164
12663 165
9962 166
7279 167
8455 168
463 169
9386 170
10083 171
9753 172
8709 173
12746 174
4632 175
7121 176
993 177
5181 178
12941 179
4641 180
4492 181
3656 182
10988 183
8149 184
4203 185
7607 186
7944 187
12836 188
12732 189
1137 190
9276 191
8051 192
2680 193
9882 194
7533 195
3635 196
3556 197
9105 198
9739 199
6338 200
1686 201
622 202
12896 203
5917 204
8421 205
2662 206
9048 207
77 208
3009 209
4472 210
10434 211
9881 212
1490 213
1180 214
1345 215
10795 216
7892 217
12653 218
4361 219
5764 220
11444 221
11773 222
11410 223
4587 224
184 225
1670 226
3676 227
1003 228
9683 229
3177 230
10802 231
7984 232
4274 233
6619 234
1277 235
10422 236
10985 237
2212 238
9847 239
5876 240
8926 241
468 242
3937 243
9282 244
756 245
10635 246
3070 247
2069 248
12016 249
2817 250
2880 251
3917 252
3692 253
1802 254
310 255
12643 256
2719 257
12437 258
722 259
4608 260
9160 261
7549 262
2676 263
7879 264
11786 265
10050 266
4693 267
9392 268
11617 269
7719 270
7019 271
2820 272
5532 273
8971 274
4411 275
4099 276
3611 277
10869 278
1030 279
5545 280
1815 281
344 282
8501 283
12417 284
6217 285
642 286
2784 287
4345 288
1728 289
6459 290
7848 291
6975 292
11480 293
7297 294
1473 295
907 296
2499 297
7273 298
6390 299
5978 300
12490 301
7902 302
8913 303
1044 304
2026 305
10538 306
10556 307
6843 308
50 309
4842 310
6567 311
6668 312
11101 313
1120 314
996 315
6242 316
9848 317
9367 318
11626 319
2280 320
2278 321
2773 322
4676 323
3033 324
9939 325
3382 326
10839 327
2332 328
10551 329
959 330
5845 331
2654 332
4047 333
6628 334
4690 335
5707 336
1712 337
12308 338
3950 339
8425 340
3018 341
3898 342
2470 343
11192 344
1760 345
2738 346
7166 347
7839 348
5399 349
11362 350
7852 351
11861 352
11368 353
6654 354
627 355
8096 356
1692 357
255 358
4945 359
1034 360
2172 361
5845 362
12370 363
672 364
4520 365
1214 366
2590 367
2682 368
7960 369
1707 370
11844 371
4696 372
1355 373
9200 374
4991 375
245 376
8147 377
6664 378
3940 379
12433 380
8303 381
7275 382
1636 383
8352 384
141 385
2364 386
4886 387
12796 388
8863 389
7504 390
7476 391
3511 392
4282 393
9960 394
153 395
1174 396
2775 397
3611 398
9062 399
5998 400
11582 401
356 402
8932 403
10162 404
9207 405
4057 406
10324 407
952 408
1038 409
1767 410
5209 411
12261 412
11880 413
1392 414
6499 415
4256 416
4986 417
10054 418
8752 419
3475 420
3014 421
540 422
8516 423
3864 424
6590 425
3801 426
1390 427
5111 428
9858 429
7463 430
10401 431
5869 432
12068 433
5895 434
11631 435
10793 436
5223 437
12263 438
11103 439
3000 440
12823 441
12635 442
11169 443
2463 444
12621 445
11549 446
35 447
2400 448
7629 449
4679 450
5209 451
11393 452
229 453
10841 454
3924 455
6091 456
791 457
12511 458
2841 459
12332 460
1498 461
12133 462
7693 463
6241 464
3605 465
7867 466
9164 467
8221 468
2125 469
8424 470
12941 471
5766 472
1370 473
6358 474
8265 475
10603 476
8152 477
665 478
4429 479
12182 480
2933 481
11978 482
1663 483
2804 484
3377 485
1359 486
393 487
2506 488
86 489
196 490
8759 491
1587 492
9377 493
7071 494
8542 495
4221 496
12736 497
4485 498
2935 499
11595 500
9275 501
11303 502
1822 503
10176 504
2449 505
12620 506
1016 507
7084 508
12051 509
11319 510
3424 511
3556 512
1693 513
3412 514
1275 515
1351 516
8838 517
9787 518
1040 519
65 520
10844 521
6699 522
5502 523
2945 524
8802 525
4311 526
3522 527
8999 528
410 529
6912 530
192 531
2020 532
5919 533
6646 534
7776 535
8476 536
8723 537
5751 538
11348 539
6801 540
2300 541
4621 542
10676 543
8148 544
5357 545
244 546
3041 547
7630 548
3306 549
12229 550
11861 551
8187 552
11298 553
4713 554
12366 555
7948 556
11881 557
6154 558
6610 559
5611 560
9330 561
719 562
3691 563
12837 564
3544 565
10173 566
7197 567
6989 568
7413 569
5737 570
3588 571
4230 572
5682 573
4153 574
7251 575
12168 576
9090 577
6148 578
12109 579
10999 580
1681 581
2145 582
9581 583
9540 584
1893 585
9180 586
1440 587
9846 588
5394 589
6790 590
767 591
4554 592
4463 593
5511 594
937 595
12705 596
8938 597
11637 598
10455 599
1188 600
12586 601
6838 602
12730 603
4731 604
11453 605
10700 606
10229 607
354 608
8688 609
8575 610
5430 611
11854 612
27 613
12829 614
10743 615
12377 616
4680 617
8744 618
12451 619
5795 620
5679 621
2860 622
11289 623
4509 624
2619 625
2335 626
6209 627
12623 628
8595 629
2520 630
8187 631
9408 632
11443 633
12740 634
8606 635
5169 636
3902 637
1800 638
9846 639
12038 640
10102 641
7202 642
10179 643
7589 644
11785 645
12311 646
8640 647
6240 648
7106 649
5629 650
1964 651
10361 652
10825 653
3953 654
4023 655
12840 656
7260 657
12319 658
5949 659
4875 660
12522 661
581 662
5994 663
8870 664
11508 665
11901 666
841 667
988 668
12066 669
4458 670
5817 671
5824 672
9451 673
5473 674
7153 675
5621 676
2980 677
11746 678
12670 679
12283 680
240 681
5197 682
8068 683
5736 684
1948 685
7663 686
1432 687
7971 688
4481 689
12383 690
12627 691
4554 692
11573 693
9350 694
9732 695
10933 696
5301 697
2919 698
3837 699
8014 700
6387 701
11647 702
10776 703
10720 704
3390 705
7672 706
4669 707
7029 708
12572 709
7884 710
3951 711
6316 712
4785 713
3658 714
11259 715
12182 716
7825 717
6916 718
1980 719
9330 720
8069 721
7034 722
2939 723
6956 724
12119 725
15 726
333 727
3503 728
10996 729
2442 730
8681 731
7311 732
12630 733
10083 734
8407 735
1127 736
5516 737
6730 738
6051 739
3989 740
3188 741
2608 742
2631 743
7285 744
5306 745
6481 746
4078 747
9980 748
1693 749
12309 750
3377 751
4046 752
6081 753
228 754
5346 755
12636 756
954 757
125 758
12754 759
8708 760
12391 761
912 762
7855 763
2260 764
5732 765
465 766
2579 767
10748 768
9249 769
778 770
8393 771
1444 772
818 773
1148 774
12659 775
5734 776
12654 777
1170 778
12245 779
1899 780
2712 781
3311 782
3512 783
2283 784
1220 785
9649 786
2765 787
5456 788
9393 789
2393 790
8604 791
6071 792
7242 793
2381 794
4759 795
5416 796
1773 797
1405 798
2168 799
2438 800
1872 801
7446 802
338 803
4252 804
5431 805
6956 806
4655 807
1418 808
4225 809
2609 810
3898 811
9664 812
1783 813
6804 814
5202 815
10145 816
8284 817
6492 818
7561 819
3992 820
1589 821
10605 822
6043 823
3306 824
8380 825
7129 826
4482 827
8323 828
10710 829
2539 830
10270 831
6769 832
1054 833
9134 834
9740 835
2439 836
6240 837
11212 838
10149 839
8078 840
3952 841
11923 842
12829 843
2312 844
1213 845
2924 846
8332 847
8641 848
9347 849
2965 850
8288 851
9638 852
11459 853
7989 854
6948 855
10263 856
2337 857
5117 858
7790 859
3401 860
486 861
7222 862
10439 863
279 864
5712 865
10574 866
7220 867
10305 868
2564 869
12230 870
8753 871
8297 872
1394 873
462 874
9103 875
2518 876
6136 877
4290 878
11649 879
9626 880
10857 881
9642 882
1104 883
10779 884
10070 885
503 886
1072 887
1472 888
10171 889
5751 890
11733 891
6399 892
5452 893
2410 894
1900 895
5872 896
7994 897
5609 898
7970 899
2262 900
869 901
10880 902
3743 903
2090 904
11378 905
12773 906
12225 907
10831 908
1697 909
5564 910
759 911
6607 912
6066 913
11924 914
3267 915
6086 916
3999 917
2419 918
9144 919
7055 920
4784 921
81 922
248 923
6964 924
9713 925
5217 926
4643 927
1616 928
7058 929
2020 930
11216 931
1111 932
300 933
7128 934
3458 935
7290 936
12270 937
111 938
1785 939
12635 940
9729 941
12349 942
90 943
12192 944
750 945
7296 946
5624 947
12272 948
3098 949
9051 950
11268 951
7060 952
9763 953
10695 954
8554 955
3332 956
10382 957
9594 958
6486 959
4738 960
10680 961
7332 962
6506 963
4333 964
3699 965
1635 966
1525 967
4302 968
8846 969
407 970
6982 971
7258 972
11620 973
7580 974
3229 975
290 976
5340 977
1272 978
3672 979
5324 980
10951 981
2502 982
7291 983
10619 984
9198 985
1057 986
9094 987
11284 988
7271 989
4592 990
12021 991
7941 992
3025 993
10146 994
4190 995
4378 996
8798 997
4195 998
4910 999
7661 1000
10654 1001
9181 1002
1697 1003
11699 1004
6800 1005
6190 1006
134 1007
8047 1008
5149 1009
6443 1010
3006 1011
9274 1012
3642 1013
6969 1014
1277 1015
7555 1016
12905 1017
277 1018
2908 1019
11961 1020
5330 1021
3268 1022
6337 1023
611 1024
8435 1025
5713 1026
12070 1027
8450 1028
9180 1029
498 1030
6775 1031
3098 1032
2327 1033
6416 1034
24 1035
2287 1036
11788 1037
3682 1038
6926 1039
6425 1040
2875 1041
1131 1042
10168 1043
8343 1044
10386 1045
2659 1046
11228 1047
3427 1048
6751 1049
4687 1050
6481 1051
5365 1052
4288 1053
12398 1054
6654 1055
5941 1056
5124 1057
11069 1058
5092 1059
5402 1060
10484 1061
5076 1062
7468 1063
1850 1064
2001 1065
4745 1066
2392 1067
8799 1068
10774 1069
2311 1070
743 1071
9232 1072
4216 1073
4582 1074
7001 1075
12587 1076
12262 1077
8997 1078
3277 1079
10833 1080
8204 1081
6552 1082
1929 1083
5765 1084
10059 1085
3773 1086
5554 1087
3855 1088
12305 1089
11742 1090
1191 1091
3914 1092
4786 1093
2883 1094
3536 1095
8945 1096
12086 1097
7902 1098
10590 1099
5337 1100
6753 1101
3867 1102
5645 1103
5713 1104
5810 1105
11644 1106
11101 1107
1983 1108
136 1109
11340 1110
7089 1111
12077 1112
5753 1113
2862 1114
12070 1115
9365 1116
12436 1117
8902 1118
5724 1119
9139 1120
8886 1121
6206 1122
1479 1123
1330 1124
8062 1125
7959 1126
2748 1127
3429 1128
10893 1129
8821 1130
8918 1131
6299 1132
6646 1133
12291 1134
5977 1135
8574 1136
2028 1137
2783 1138
4815 1139
5564 1140
2604 1141
4798 1142
10073 1143
6475 1144
10593 1145
10372 1146
6521 1147
12243 1148
10804 1149
997 1150
4255 1151
9345 1152
11059 1153
607 1154
6485 1155
3285 1156
12371 1157
5690 1158
10411 1159
2465 1160
12769 1161
10940 1162
10011 1163
10145 1164
6988 1165
4645 1166
10679 1167
2594 1168
9507 1169
425 1170
3304 1171
5327 1172
4447 1173
11288 1174
579 1175
5047 1176
9480 1177
6083 1178
8911 1179
6007 1180
5918 1181
804 1182
10615 1183
1640 1184
10518 1185
7804 1186
4228 1187
979 1188
3591 1189
5320 1190
9503 1191
4692 1192
8711 1193
2366 1194
4467 1195
7391 1196
1914 1197
6477 1198
5100 1199
9568 1200
7854 1201
8789 1202
5632 1203
9877 1204
2111 1205
3242 1206
10000 1207
6843 1208
10437 1209
11148 1210
7836 1211
2001 1212
4684 1213
7424 1214
1882 1215
7873 1216
5054 1217
5747 1218
9995 1219
10691 1220
1697 1221
6619 1222
3544 1223
3613 1224
7869 1225
1360 1226
861 1227
116 1228
3517 1229
6161 1230
4400 1231
10044 1232
6428 1233
11693 1234
2182 1235
9086 1236
11454 1237
8568 1238
10070 1239
4120 1240
4572 1241
4127 1242
1979 1243
6552 1244
5226 1245
6923 1246
6126 1247
7517 1248
12115 1249
120 1250
1328 1251
4051 1252
10493 1253
6729 1254
9952 1255
11472 1256
10779 1257
10647 1258
3023 1259
9598 1260
9800 1261
5360 1262
1247 1263
9701 1264
7789 1265
3829 1266
8088 1267
6696 1268
4310 1269
11388 1270
3207 1271
5666 1272
4568 1273
8635 1274
5052 1275
1207 1276
9908 1277
1424 1278
2622 1279
5226 1280
5686 1281
12711 1282
8348 1283
10367 1284
1430 1285
7227 1286
8323 1287
11958 1288
860 1289
11306 1290
471 1291
10070 1292
12118 1293
10188 1294
10510 1295
825 1296
12486 1297
4827 1298
3982 1299
