1050 550
7976 0
5882 1
2874 2
5200 3
2519 4
9856 5
8031 6
2378 7
3063 8
313 9
6635 10
4370 11
7815 12
1964 13
9081 14
6691 15
2581 16
2595 17
2196 18
6128 19
8715 20
9904 21
3872 22
6754 23
2092 24
6402 25
197 26
7616 27
8961 28
8688 29
5035 30
7988 31
2083 32
9037 33
675 34
5768 35
9999 36
5858 37
715 38
1924 39
9759 40
4533 41
5858 42
9579 43
8495 44
629 45
9021 46
9910 47
911 48
3596 49
5701 50
9918 51
7816 52
2833 53
7726 54
7877 55
5300 56
1452 57
9149 58
1771 59
1843 60
9139 61
2996 62
3052 63
5623 64
8330 65
10083 66
7890 67
587 68
4008 69
8209 70
6744 71
2665 72
782 73
8164 74
6910 75
10223 76
798 77
5284 78
8027 79
1005 80
2119 81
9043 82
8966 83
9293 84
4938 85
7487 86
7271 87
1385 88
1363 89
8472 90
5066 91
7920 92
9234 93
2094 94
251 95
6314 96
2699 97
8374 98
9664 99
4325 100
9979 101
9686 102
4166 103
7905 104
5393 105
6447 106
7285 107
7098 108
3506 109
5652 110
9437 111
7051 112
8364 113
1802 114
5415 115
9414 116
1799 117
2013 118
5507 119
6898 120
7688 121
9484 122
4861 123
3578 124
231 125
8094 126
2375 127
5568 128
1195 129
3528 130
4066 131
828 132
9145 133
9735 134
7235 135
9917 136
6052 137
5840 138
6699 139
8518 140
5797 141
5910 142
7687 143
8208 144
6198 145
8678 146
4374 147
3775 148
5962 149
6666 150
6207 151
3288 152
7917 153
3353 154
6440 155
7656 156
7682 157
6039 158
6611 159
7290 160
7157 161
9451 162
819 163
2654 164
8064 165
590 166
7784 167
8886 168
10120 169
3019 170
3046 171
7012 172
1033 173
6118 174
2099 175
741 176
9764 177
563 178
3026 179
2462 180
3359 181
4321 182
4119 183
9350 184
1470 185
3118 186
5187 187
9972 188
3024 189
9310 190
6920 191
6408 192
2466 193
9909 194
10168 195
4680 196
2547 197
6721 198
546 199
3717 200
2631 201
3603 202
662 203
6359 204
2510 205
9568 206
5164 207
4249 208
5311 209
7982 210
2897 211
7214 212
2538 213
1207 214
231 215
5509 216
9660 217
5255 218
1282 219
510 220
8750 221
6449 222
5642 223
2490 224
4708 225
4551 226
7269 227
7710 228
6058 229
3070 230
4851 231
3300 232
833 233
10496 234
4164 235
5127 236
8759 237
9362 238
4256 239
6984 240
3751 241
3223 242
2158 243
8254 244
3069 245
7858 246
9296 247
458 248
10417 249
7962 250
1480 251
8989 252
6385 253
7347 254
2435 255
3722 256
2151 257
49 258
219 259
3135 260
9502 261
3085 262
266 263
7138 264
5926 265
9104 266
4989 267
9863 268
8372 269
7069 270
2098 271
1492 272
831 273
7178 274
959 275
7369 276
4627 277
9608 278
4672 279
4606 280
3596 281
6913 282
5084 283
4259 284
2188 285
7692 286
508 287
8007 288
9272 289
5823 290
7967 291
705 292
2769 293
6226 294
980 295
7295 296
223 297
8554 298
8207 299
5478 300
10086 301
9914 302
3446 303
426 304
9969 305
4568 306
3696 307
3013 308
9399 309
10386 310
4693 311
5252 312
985 313
7222 314
3840 315
8864 316
6402 317
8772 318
777 319
710 320
3949 321
5410 322
2961 323
9270 324
1840 325
394 326
9240 327
8689 328
7324 329
1604 330
2403 331
5560 332
7075 333
9341 334
6686 335
9423 336
2982 337
3162 338
849 339
10354 340
2683 341
2505 342
5183 343
6644 344
8091 345
8778 346
4453 347
4116 348
1361 349
2363 350
10137 351
4598 352
5292 353
2074 354
119 355
1562 356
8205 357
2004 358
10135 359
8795 360
615 361
10480 362
4956 363
10026 364
3978 365
8527 366
455 367
3933 368
3067 369
6207 370
253 371
2668 372
6189 373
3649 374
321 375
5294 376
9694 377
2796 378
2249 379
5806 380
4728 381
177 382
6219 383
5864 384
7816 385
816 386
5357 387
3650 388
1607 389
9432 390
5354 391
5727 392
9820 393
7934 394
5831 395
1866 396
894 397
2444 398
9264 399
2679 400
7990 401
3820 402
3924 403
7826 404
5108 405
7083 406
4137 407
8238 408
6629 409
2109 410
3502 411
8574 412
10125 413
3359 414
8188 415
7422 416
3783 417
6652 418
4841 419
9281 420
1040 421
1467 422
4775 423
3284 424
10001 425
7184 426
2357 427
5640 428
6403 429
9822 430
1975 431
628 432
4768 433
8218 434
1467 435
10206 436
6231 437
6412 438
8448 439
10452 440
2116 441
7861 442
10044 443
2833 444
2164 445
3168 446
3254 447
2983 448
3707 449
4049 450
4915 451
6122 452
8606 453
8936 454
9465 455
3826 456
8602 457
9826 458
1896 459
3010 460
1832 461
5539 462
8654 463
3527 464
2481 465
2547 466
8779 467
1004 468
4771 469
6765 470
8219 471
1286 472
455 473
4134 474
1804 475
9325 476
7458 477
927 478
9276 479
9937 480
5079 481
9143 482
3611 483
8595 484
3674 485
6934 486
10314 487
9949 488
6411 489
3564 490
8639 491
1214 492
8626 493
5080 494
1381 495
6082 496
6688 497
10073 498
5890 499
5896 500
9205 501
10416 502
1562 503
390 504
4898 505
1960 506
9075 507
4703 508
10303 509
4135 510
5376 511
3259 512
1603 513
3206 514
5964 515
1575 516
4455 517
10288 518
2594 519
2775 520
1810 521
7609 522
3412 523
3375 524
2745 525
6464 526
8222 527
3596 528
4987 529
7957 530
2930 531
5117 532
3544 533
431 534
883 535
3757 536
9187 537
9743 538
6456 539
26 540
1975 541
5343 542
6766 543
9959 544
2478 545
836 546
2633 547
7114 548
8417 549
1708 550
5481 551
7028 552
6820 553
7778 554
1072 555
4432 556
5918 557
9209 558
5356 559
5802 560
861 561
25 562
5739 563
5008 564
3984 565
1683 566
1850 567
576 568
5697 569
5788 570
6391 571
731 572
3630 573
6636 574
5194 575
9468 576
367 577
6984 578
4419 579
8609 580
10312 581
629 582
840 583
9929 584
1467 585
1001 586
6303 587
10332 588
9311 589
9103 590
1101 591
3171 592
117 593
8223 594
9513 595
1609 596
850 597
285 598
9636 599
3773 600
1587 601
8706 602
1006 603
3937 604
9068 605
5580 606
7711 607
2293 608
2865 609
10488 610
4062 611
4302 612
4560 613
9811 614
3437 615
6328 616
6097 617
10435 618
9056 619
5130 620
5787 621
3923 622
2347 623
6734 624
3453 625
5348 626
5913 627
3111 628
2984 629
6565 630
2089 631
4650 632
93 633
1786 634
8772 635
9545 636
8045 637
8530 638
10132 639
6682 640
5846 641
10034 642
7411 643
4028 644
4266 645
9412 646
8313 647
7942 648
1720 649
1428 650
1881 651
2025 652
4645 653
1712 654
1098 655
562 656
7970 657
2813 658
10310 659
10473 660
1722 661
1421 662
1447 663
7913 664
10013 665
8834 666
658 667
6802 668
5141 669
3466 670
5955 671
8051 672
5458 673
1066 674
3561 675
4739 676
6422 677
6822 678
8870 679
5297 680
8226 681
2024 682
3289 683
2118 684
5266 685
6250 686
6286 687
3323 688
4028 689
6230 690
7192 691
4125 692
2668 693
9340 694
3209 695
228 696
10026 697
646 698
8911 699
1162 700
7103 701
6531 702
2497 703
4295 704
3488 705
5740 706
7436 707
9432 708
8614 709
3998 710
6505 711
6481 712
9749 713
2038 714
10134 715
8641 716
6753 717
6823 718
21 719
4665 720
8386 721
6877 722
1833 723
3770 724
3351 725
8218 726
10479 727
5899 728
6044 729
5077 730
9814 731
4098 732
7610 733
5634 734
9893 735
1981 736
3262 737
2491 738
6614 739
2304 740
4376 741
9450 742
6175 743
9251 744
4317 745
4526 746
699 747
10098 748
1904 749
5532 750
1261 751
4691 752
197 753
10138 754
4400 755
1839 756
6503 757
534 758
7998 759
4832 760
8551 761
1802 762
1568 763
2026 764
5917 765
2816 766
494 767
7091 768
9211 769
8603 770
4446 771
7352 772
9410 773
5397 774
3244 775
6381 776
633 777
8265 778
4337 779
10191 780
6619 781
7145 782
5820 783
8814 784
3881 785
8242 786
3705 787
7632 788
1923 789
3754 790
64 791
3826 792
2389 793
9894 794
669 795
6692 796
8650 797
1146 798
6897 799
8294 800
3073 801
6644 802
10071 803
3733 804
5498 805
8499 806
4107 807
1872 808
3588 809
4296 810
1739 811
5342 812
2486 813
65 814
651 815
10401 816
7322 817
569 818
40 819
1293 820
5927 821
8408 822
7278 823
1900 824
6116 825
4988 826
3680 827
10468 828
2647 829
9990 830
10345 831
8308 832
9083 833
3291 834
7261 835
3269 836
9640 837
4495 838
5648 839
8187 840
4230 841
8070 842
9662 843
9154 844
4346 845
9186 846
4348 847
5890 848
3527 849
4504 850
9197 851
9266 852
7035 853
3345 854
9729 855
5542 856
8352 857
3714 858
4812 859
792 860
7263 861
4062 862
7133 863
3684 864
1447 865
7794 866
3694 867
2662 868
3375 869
6592 870
7502 871
1839 872
2889 873
4597 874
5579 875
7762 876
7520 877
8263 878
2971 879
823 880
3934 881
1807 882
4917 883
3023 884
1304 885
10208 886
1073 887
7379 888
3755 889
6086 890
8211 891
371 892
4674 893
8821 894
5399 895
3225 896
4697 897
4653 898
5326 899
3929 900
3856 901
5186 902
6382 903
4892 904
9475 905
1250 906
3293 907
3876 908
11 909
7580 910
9663 911
8845 912
1712 913
7604 914
9163 915
8927 916
6702 917
2934 918
6679 919
633 920
10280 921
6304 922
901 923
8222 924
2555 925
8025 926
4955 927
2562 928
5265 929
3683 930
1151 931
4836 932
10054 933
6757 934
2940 935
3627 936
7078 937
1941 938
3634 939
10059 940
3563 941
8798 942
2064 943
3284 944
4681 945
4098 946
4764 947
9587 948
4536 949
8680 950
8266 951
3300 952
5263 953
9232 954
7224 955
856 956
3068 957
283 958
1934 959
8108 960
3500 961
9244 962
5870 963
9092 964
2109 965
4721 966
5699 967
8545 968
709 969
9843 970
4217 971
4792 972
3967 973
4060 974
8580 975
6903 976
9597 977
294 978
1740 979
6079 980
1890 981
7922 982
9756 983
80 984
3740 985
7986 986
597 987
8322 988
4372 989
10103 990
6262 991
5399 992
176 993
7830 994
9642 995
10270 996
10447 997
10339 998
5879 999
7027 1000
8595 1001
6237 1002
155 1003
712 1004
1594 1005
9964 1006
5639 1007
8892 1008
4337 1009
3686 1010
10219 1011
905 1012
1342 1013
2807 1014
4201 1015
9795 1016
1958 1017
5909 1018
5808 1019
7957 1020
10351 1021
4094 1022
6428 1023
4961 1024
2862 1025
6414 1026
7566 1027
2486 1028
2472 1029
4750 1030
7970 1031
4537 1032
4421 1033
5479 1034
6602 1035
10125 1036
1494 1037
2474 1038
1906 1039
1321 1040
4290 1041
10400 1042
3139 1043
421 1044
5614 1045
5900 1046
4582 1047
3387 1048
2290 1049
