1400 550
6610 0
10542 1
5656 2
11254 3
3723 4
2828 5
7211 6
12629 7
2999 8
3337 9
8813 10
6022 11
12126 12
5083 13
13446 14
2435 15
9945 16
13236 17
9640 18
13754 19
10335 20
9511 21
4927 22
1483 23
945 24
9234 25
1247 26
13029 27
10423 28
12299 29
785 30
10903 31
13241 32
9503 33
39 34
3769 35
12672 36
9229 37
416 38
9261 39
11812 40
8114 41
2073 42
5920 43
3902 44
1372 45
6396 46
13695 47
6347 48
13157 49
9755 50
9734 51
5755 52
6266 53
12586 54
2269 55
3156 56
6475 57
5403 58
2300 59
7827 60
4838 61
13881 62
4762 63
8473 64
13202 65
12578 66
13412 67
1120 68
9893 69
5282 70
11806 71
1553 72
8189 73
2366 74
9370 75
8398 76
4625 77
6433 78
6967 79
12946 80
2031 81
5200 82
12844 83
56 84
5155 85
13996 86
13539 87
188 88
9736 89
6306 90
11513 91
6115 92
2915 93
2668 94
10928 95
9187 96
2043 97
3418 98
10024 99
8701 100
11877 101
1278 102
4238 103
9334 104
7782 105
3582 106
5874 107
86 108
11450 109
10482 110
7099 111
1679 112
585 113
1309 114
6960 115
12042 116
12554 117
89 118
12951 119
1827 120
1689 121
1190 122
12474 123
12328 124
8743 125
592 126
11628 127
4285 128
4756 129
12768 130
4465 131
13800 132
13303 133
7614 134
8051 135
11546 136
8323 137
7291 138
10229 139
9316 140
9397 141
512 142
9557 143
114 144
3518 145
4316 146
11746 147
8510 148
9195 149
11234 150
10349 151
6489 152
1534 153
3789 154
1384 155
1194 156
13254 157
5670 158
11579 159
9754 160
12426 161
4234 162
68 163
3394 164
10609 165
2543 166
7709 167
2271 168
4799 169
1346 170
13986 171
13241 172
5429 173
2583 174
6592 175
1989 176
7719 177
7360 178
2400 179
7600 180
4321 181
8551 182
10348 183
8742 184
10778 185
11288 186
12996 187
13 188
11234 189
2857 190
1588 191
11548 192
3200 193
8646 194
1551 195
11059 196
10048 197
3211 198
6843 199
1088 200
11973 201
2209 202
5149 203
24 204
733 205
7146 206
6880 207
13815 208
4842 209
219 210
12573 211
8540 212
305 213
9542 214
58 215
6481 216
1054 217
3868 218
8864 219
13747 220
527 221
5041 222
2788 223
117 224
8330 225
7337 226
6047 227
8934 228
8452 229
1013 230
13010 231
4288 232
13454 233
3975 234
8116 235
1870 236
1967 237
4862 238
8725 239
3352 240
12963 241
12647 242
12429 243
9237 244
7103 245
12678 246
7222 247
9147 248
12318 249
2852 250
5762 251
3007 252
8295 253
6417 254
1714 255
11888 256
10611 257
6762 258
8812 259
7758 260
1796 261
2504 262
7652 263
6965 264
1252 265
7411 266
11229 267
7083 268
3417 269
2989 270
4858 271
10475 272
2353 273
11467 274
713 275
3986 276
2771 277
11064 278
10951 279
2207 280
128 281
4859 282
7792 283
5712 284
8063 285
3664 286
10115 287
7967 288
10130 289
9280 290
10749 291
5399 292
10489 293
11473 294
2049 295
7276 296
7051 297
7391 298
9014 299
13897 300
3235 301
9213 302
2996 303
3799 304
6543 305
640 306
1859 307
5383 308
6295 309
10213 310
3552 311
8025 312
6682 313
8676 314
10408 315
9883 316
4146 317
8913 318
596 319
7131 320
8395 321
8392 322
5414 323
4976 324
63 325
8846 326
2250 327
4809 328
13265 329
11194 330
9607 331
12655 332
4623 333
8975 334
6650 335
8960 336
4222 337
1707 338
3308 339
6741 340
12723 341
7811 342
7537 343
3681 344
9297 345
1150 346
9400 347
13512 348
13816 349
8477 350
3941 351
12526 352
12722 353
3932 354
1414 355
13365 356
6940 357
1980 358
4695 359
10540 360
12682 361
1836 362
6916 363
8086 364
3607 365
4017 366
13867 367
11917 368
5720 369
13476 370
5683 371
1101 372
6620 373
1668 374
10684 375
5014 376
11713 377
7978 378
11224 379
5125 380
13337 381
8678 382
5748 383
11609 384
4723 385
5719 386
9567 387
1151 388
556 389
5006 390
13051 391
8409 392
2518 393
11258 394
2221 395
9337 396
7329 397
8978 398
6595 399
10984 400
7871 401
6657 402
5689 403
9098 404
9898 405
2120 406
11415 407
3084 408
13092 409
10712 410
10114 411
5819 412
7124 413
11433 414
12395 415
4875 416
12142 417
4450 418
12682 419
10043 420
3231 421
9979 422
13545 423
7752 424
5935 425
9486 426
11838 427
7130 428
1080 429
6743 430
3349 431
9336 432
3638 433
10578 434
10030 435
13161 436
1721 437
1554 438
3973 439
3518 440
9955 441
8699 442
13138 443
4905 444
3005 445
11383 446
507 447
1937 448
13892 449
8016 450
6999 451
12708 452
2688 453
8683 454
12079 455
9695 456
9132 457
4629 458
11820 459
8179 460
6406 461
10052 462
681 463
1731 464
7053 465
13498 466
5651 467
8027 468
8698 469
1148 470
1238 471
11604 472
13200 473
7023 474
7512 475
6346 476
5015 477
8753 478
13996 479
155 480
5615 481
7560 482
9214 483
2951 484
8211 485
12670 486
13716 487
5016 488
4791 489
83 490
6131 491
10092 492
10149 493
10979 494
12816 495
872 496
10412 497
1527 498
13394 499
3188 500
1025 501
3655 502
6241 503
979 504
8167 505
2472 506
864 507
4954 508
6839 509
5537 510
2254 511
8192 512
10971 513
6143 514
5083 515
2258 516
5115 517
6544 518
12919 519
9407 520
10289 521
11875 522
10268 523
888 524
4879 525
11882 526
9261 527
6040 528
3651 529
7045 530
2842 531
6357 532
52 533
562 534
11786 535
11976 536
5146 537
3159 538
7284 539
6077 540
13540 541
11419 542
13637 543
9074 544
11618 545
11670 546
3093 547
10912 548
13779 549
6928 550
12579 551
4478 552
6152 553
8586 554
5865 555
7309 556
9914 557
11627 558
11391 559
12388 560
6311 561
4268 562
2914 563
9452 564
6342 565
8817 566
546 567
12173 568
3475 569
8522 570
11582 571
10163 572
1277 573
7492 574
7649 575
5432 576
13932 577
4748 578
11188 579
7705 580
1279 581
6122 582
11388 583
2444 584
4642 585
5129 586
11903 587
2535 588
444 589
9276 590
5348 591
4404 592
5030 593
10177 594
3749 595
7907 596
4748 597
13891 598
3040 599
5484 600
1084 601
7796 602
1416 603
5389 604
10379 605
3568 606
13091 607
4590 608
3549 609
12838 610
5182 611
4601 612
12011 613
627 614
2514 615
148 616
4065 617
2657 618
11127 619
3284 620
279 621
9803 622
5018 623
4144 624
3133 625
4691 626
9787 627
13149 628
559 629
4859 630
12719 631
12543 632
1080 633
5252 634
11203 635
4903 636
10985 637
5510 638
12231 639
11864 640
10192 641
215 642
7770 643
12556 644
4754 645
2994 646
11514 647
13999 648
9255 649
7180 650
13766 651
13427 652
13883 653
12717 654
7250 655
10840 656
8858 657
12732 658
4319 659
8375 660
6717 661
4933 662
7984 663
4674 664
7997 665
13216 666
13908 667
8048 668
7839 669
7847 670
7587 671
2587 672
3558 673
13004 674
8646 675
5678 676
13554 677
13704 678
5479 679
7872 680
10133 681
12192 682
7883 683
1766 684
11429 685
195 686
1010 687
9621 688
13649 689
9032 690
7701 691
11774 692
9722 693
4381 694
12557 695
640 696
5646 697
11628 698
2776 699
774 700
1478 701
6607 702
11264 703
13663 704
831 705
9257 706
8696 707
13255 708
8424 709
1698 710
12473 711
7806 712
9594 713
865 714
11805 715
4849 716
4722 717
9305 718
3898 719
173 720
324 721
3675 722
6810 723
13543 724
5946 725
13842 726
7134 727
7930 728
7695 729
9676 730
422 731
9179 732
7044 733
8745 734
5993 735
8845 736
13245 737
8835 738
9590 739
2296 740
5629 741
6561 742
13266 743
1338 744
7482 745
8076 746
3388 747
10402 748
7075 749
3597 750
3854 751
13313 752
2718 753
11952 754
5660 755
10582 756
3297 757
3123 758
9276 759
8851 760
4188 761
9421 762
12450 763
11909 764
4291 765
5849 766
6082 767
2243 768
1401 769
2530 770
9821 771
13514 772
6756 773
11777 774
8062 775
543 776
3333 777
6234 778
95 779
10791 780
2237 781
4882 782
11498 783
13060 784
3801 785
7774 786
12367 787
12431 788
366 789
11832 790
4742 791
10040 792
13411 793
11878 794
6994 795
19 796
6633 797
6363 798
2306 799
2710 800
8538 801
13043 802
5856 803
675 804
8377 805
772 806
10672 807
7654 808
9170 809
612 810
6859 811
6671 812
10954 813
8311 814
11347 815
11941 816
11840 817
11375 818
7269 819
4416 820
1416 821
6577 822
13582 823
2901 824
9800 825
13178 826
3255 827
1162 828
9810 829
1977 830
2262 831
10305 832
13523 833
10893 834
11797 835
7239 836
10882 837
5023 838
10801 839
9365 840
10412 841
12951 842
5679 843
7176 844
10871 845
10883 846
150 847
1927 848
5071 849
11752 850
10283 851
403 852
10833 853
898 854
7356 855
12545 856
2613 857
6752 858
7286 859
6823 860
6036 861
5988 862
10206 863
11838 864
12923 865
7496 866
9542 867
4692 868
155 869
13899 870
11350 871
12868 872
12476 873
13339 874
5962 875
6837 876
728 877
13701 878
11940 879
5367 880
1487 881
13249 882
10021 883
13715 884
7290 885
1115 886
8050 887
4721 888
4550 889
13676 890
2583 891
822 892
4092 893
10931 894
3191 895
8564 896
13615 897
10781 898
7828 899
3806 900
4257 901
1667 902
3948 903
827 904
9341 905
5220 906
8232 907
1367 908
12536 909
6406 910
10467 911
1198 912
830 913
13881 914
3580 915
3548 916
10492 917
13142 918
3372 919
3693 920
3027 921
683 922
2076 923
11637 924
1276 925
8504 926
3397 927
7261 928
12782 929
12545 930
5612 931
5061 932
4326 933
5189 934
3628 935
2348 936
5792 937
4076 938
5231 939
10693 940
4467 941
12673 942
11755 943
9612 944
3878 945
6308 946
8970 947
7115 948
652 949
13116 950
10426 951
9618 952
3368 953
3523 954
6753 955
6420 956
1077 957
6605 958
903 959
10036 960
12419 961
6472 962
13938 963
2309 964
5755 965
10171 966
11333 967
7254 968
6658 969
10503 970
4820 971
10281 972
11291 973
5011 974
12966 975
1769 976
11821 977
5536 978
1354 979
5336 980
54 981
7775 982
1179 983
2008 984
10703 985
677 986
13888 987
360 988
8566 989
9858 990
2294 991
1580 992
9930 993
10294 994
12144 995
11288 996
13223 997
1309 998
13470 999
3089 1000
5924 1001
7566 1002
487 1003
2125 1004
114 1005
8155 1006
1937 1007
9435 1008
8718 1009
3554 1010
9799 1011
1683 1012
1933 1013
5177 1014
10738 1015
13367 1016
2302 1017
816 1018
7621 1019
10282 1020
3694 1021
3788 1022
13516 1023
13057 1024
6107 1025
8867 1026
13183 1027
3034 1028
5452 1029
10094 1030
4696 1031
3606 1032
11981 1033
4075 1034
1390 1035
4914 1036
4091 1037
5392 1038
2885 1039
6927 1040
10974 1041
6235 1042
1318 1043
349 1044
5612 1045
2391 1046
2028 1047
9458 1048
4390 1049
7516 1050
12580 1051
4184 1052
4572 1053
6943 1054
6827 1055
4270 1056
9966 1057
783 1058
4063 1059
12678 1060
2366 1061
8259 1062
7745 1063
6855 1064
5961 1065
13920 1066
2485 1067
5564 1068
5034 1069
10403 1070
724 1071
12758 1072
12865 1073
6039 1074
1415 1075
10441 1076
10189 1077
2434 1078
8703 1079
7041 1080
5224 1081
12478 1082
8348 1083
10981 1084
10031 1085
9377 1086
7085 1087
6190 1088
12537 1089
10287 1090
2026 1091
5105 1092
13468 1093
671 1094
10765 1095
6015 1096
8543 1097
2067 1098
11337 1099
7118 1100
12228 1101
9593 1102
10164 1103
8087 1104
10731 1105
12714 1106
12220 1107
5487 1108
2606 1109
11035 1110
6694 1111
7527 1112
13073 1113
9392 1114
4226 1115
2452 1116
8536 1117
4792 1118
12164 1119
12173 1120
1487 1121
10588 1122
12625 1123
11798 1124
1470 1125
13751 1126
5668 1127
7925 1128
3879 1129
8248 1130
1575 1131
13754 1132
9766 1133
12962 1134
7519 1135
430 1136
3041 1137
5015 1138
2984 1139
8676 1140
3807 1141
8704 1142
8041 1143
2191 1144
4689 1145
10328 1146
3843 1147
9864 1148
11542 1149
9354 1150
7268 1151
8010 1152
4597 1153
636 1154
8578 1155
6747 1156
8122 1157
11666 1158
13709 1159
2997 1160
12988 1161
4625 1162
7083 1163
72 1164
681 1165
11764 1166
13230 1167
2165 1168
4124 1169
3697 1170
3937 1171
11958 1172
1376 1173
13159 1174
9198 1175
13013 1176
9728 1177
12370 1178
6521 1179
2665 1180
8817 1181
4577 1182
582 1183
12593 1184
2996 1185
3296 1186
9016 1187
918 1188
12349 1189
3919 1190
3159 1191
7080 1192
11 1193
7901 1194
4169 1195
9300 1196
9656 1197
5414 1198
942 1199
3695 1200
2026 1201
6638 1202
13086 1203
7585 1204
9151 1205
3780 1206
12509 1207
6372 1208
2077 1209
4820 1210
3648 1211
3307 1212
5411 1213
2933 1214
1454 1215
8806 1216
2254 1217
6854 1218
5533 1219
7261 1220
3395 1221
8204 1222
11318 1223
4386 1224
6352 1225
9164 1226
12812 1227
1769 1228
9301 1229
6692 1230
13084 1231
666 1232
8025 1233
9656 1234
2385 1235
3645 1236
6412 1237
4421 1238
10348 1239
8412 1240
3108 1241
7271 1242
3149 1243
9573 1244
13903 1245
5078 1246
10877 1247
7489 1248
3503 1249
8081 1250
12015 1251
8846 1252
6630 1253
3915 1254
11017 1255
11921 1256
2479 1257
11857 1258
11793 1259
1838 1260
3799 1261
1525 1262
180 1263
2197 1264
1693 1265
7208 1266
9643 1267
1608 1268
5268 1269
4225 1270
12606 1271
3383 1272
1294 1273
4981 1274
2142 1275
12308 1276
9495 1277
5603 1278
787 1279
1105 1280
11848 1281
12553 1282
7567 1283
8642 1284
12090 1285
11253 1286
13775 1287
11769 1288
884 1289
12039 1290
11470 1291
1301 1292
6067 1293
9695 1294
359 1295
4945 1296
4157 1297
2019 1298
1045 1299
743 1300
3702 1301
3862 1302
4561 1303
677 1304
1084 1305
3249 1306
5007 1307
11757 1308
13588 1309
12194 1310
12100 1311
8331 1312
5165 1313
1620 1314
8355 1315
11421 1316
6578 1317
7006 1318
4413 1319
164 1320
9941 1321
728 1322
13983 1323
10560 1324
4124 1325
3847 1326
7959 1327
3936 1328
4106 1329
6531 1330
2905 1331
4123 1332
6910 1333
10502 1334
13005 1335
5410 1336
9784 1337
5951 1338
9670 1339
7257 1340
12545 1341
11013 1342
11216 1343
9902 1344
5370 1345
2414 1346
11445 1347
4482 1348
3063 1349
8413 1350
8150 1351
7656 1352
582 1353
13733 1354
13965 1355
8943 1356
67 1357
2186 1358
7396 1359
7160 1360
1555 1361
4233 1362
243 1363
12094 1364
8577 1365
8085 1366
4925 1367
13808 1368
13756 1369
11811 1370
12434 1371
11443 1372
5134 1373
11215 1374
4116 1375
7131 1376
12374 1377
113 1378
7823 1379
6836 1380
8577 1381
3927 1382
10011 1383
4977 1384
1482 1385
5206 1386
3171 1387
9922 1388
12479 1389
12372 1390
4252 1391
12430 1392
2903 1393
12722 1394
3569 1395
8878 1396
9515 1397
12630 1398
13233 1399
