1000 100
626 0
5145 1
7936 2
8721 3
3437 4
4208 5
7199 6
394 7
4957 8
30 9
6767 10
2365 11
7046 12
5671 13
3501 14
2538 15
2219 16
4026 17
2332 18
7951 19
4469 20
6554 21
7792 22
6863 23
6120 24
4169 25
752 26
3545 27
7137 28
2968 29
4536 30
262 31
6276 32
2102 33
8686 34
337 35
6123 36
8954 37
4380 38
8523 39
5040 40
2258 41
7885 42
790 43
5663 44
6316 45
4773 46
6396 47
4137 48
5087 49
682 50
2725 51
7524 52
3960 53
2532 54
4489 55
4834 56
9608 57
1930 58
4758 59
5189 60
3265 61
7834 62
2196 63
5043 64
5228 65
1492 66
6855 67
3987 68
2410 69
5294 70
3962 71
856 72
7358 73
2707 74
541 75
1285 76
8827 77
7951 78
5023 79
7640 80
3266 81
5017 82
7294 83
6981 84
7572 85
9444 86
4729 87
8960 88
3160 89
4909 90
8246 91
9037 92
1984 93
6581 94
9547 95
8574 96
5679 97
6413 98
8947 99
5133 100
243 101
5513 102
8117 103
8816 104
5341 105
4095 106
3675 107
8221 108
9916 109
6064 110
4885 111
4682 112
8714 113
4998 114
5980 115
2071 116
7596 117
2202 118
2007 119
4654 120
6283 121
6154 122
266 123
4628 124
2784 125
5788 126
7098 127
3685 128
2807 129
9878 130
6042 131
8459 132
4937 133
829 134
5393 135
6539 136
3913 137
7397 138
2448 139
4733 140
3956 141
1065 142
5636 143
171 144
5303 145
5066 146
5907 147
4646 148
8740 149
5928 150
5563 151
8196 152
1379 153
1049 154
1772 155
135 156
2174 157
4290 158
7638 159
2993 160
8432 161
7874 162
70 163
2439 164
2805 165
120 166
4217 167
4061 168
3092 169
8425 170
7902 171
845 172
5695 173
9641 174
7987 175
4298 176
8650 177
7230 178
4779 179
8740 180
8650 181
232 182
6463 183
7669 184
4241 185
7983 186
4338 187
230 188
9532 189
6640 190
2290 191
9009 192
2751 193
490 194
881 195
5227 196
3644 197
79 198
5635 199
9689 200
4357 201
5673 202
1087 203
7655 204
8896 205
1458 206
8550 207
5202 208
4564 209
8522 210
8270 211
9673 212
6176 213
791 214
2037 215
8183 216
1129 217
2739 218
7523 219
3420 220
9915 221
2794 222
5310 223
5610 224
1836 225
9443 226
3444 227
6919 228
6887 229
3021 230
2816 231
3582 232
4123 233
9583 234
9424 235
3255 236
1621 237
2555 238
3627 239
8415 240
2604 241
1215 242
7541 243
7954 244
369 245
4462 246
6499 247
8739 248
2961 249
181 250
1955 251
1492 252
1124 253
4793 254
394 255
7944 256
99 257
6627 258
6399 259
5303 260
1035 261
380 262
5699 263
688 264
2203 265
2187 266
6973 267
3765 268
880 269
1430 270
407 271
3045 272
4384 273
5192 274
5582 275
1931 276
9531 277
901 278
8975 279
7555 280
666 281
8539 282
6867 283
7091 284
823 285
6960 286
9248 287
8087 288
9785 289
8323 290
3890 291
5600 292
8870 293
1452 294
9248 295
6488 296
7169 297
2657 298
2956 299
8421 300
9144 301
1057 302
5233 303
728 304
6786 305
4854 306
6771 307
3091 308
7801 309
1258 310
8552 311
3048 312
4950 313
9552 314
3512 315
2651 316
2390 317
3326 318
5578 319
8575 320
5803 321
2572 322
6723 323
1874 324
9176 325
2308 326
6644 327
2214 328
4191 329
7856 330
2567 331
1173 332
8446 333
7136 334
7493 335
288 336
6926 337
1795 338
8666 339
3055 340
2983 341
3333 342
4673 343
3357 344
9420 345
5093 346
9877 347
736 348
3151 349
9696 350
4812 351
5977 352
1592 353
246 354
5746 355
4306 356
9412 357
347 358
9660 359
9966 360
4989 361
5399 362
7258 363
5148 364
196 365
6208 366
1586 367
1719 368
3860 369
6603 370
5498 371
233 372
1690 373
4076 374
3420 375
2203 376
5557 377
3286 378
7518 379
3358 380
9248 381
5232 382
676 383
1269 384
8 385
3160 386
5368 387
1696 388
6481 389
9820 390
1241 391
4624 392
5259 393
6320 394
2417 395
7746 396
8075 397
854 398
5615 399
8276 400
3557 401
8258 402
9888 403
8806 404
1592 405
9363 406
7789 407
4719 408
2661 409
875 410
4596 411
5143 412
2013 413
1451 414
4110 415
9982 416
1427 417
6297 418
8136 419
3509 420
175 421
8351 422
1078 423
8470 424
8813 425
4942 426
569 427
5675 428
5905 429
6835 430
4027 431
190 432
8920 433
8401 434
5213 435
4456 436
5482 437
1544 438
3026 439
8660 440
8501 441
9961 442
9569 443
3840 444
8348 445
8960 446
6700 447
4254 448
2320 449
2303 450
7765 451
1544 452
5922 453
3674 454
805 455
5423 456
3625 457
3827 458
18 459
2236 460
4300 461
7505 462
9476 463
8160 464
4659 465
502 466
3223 467
6099 468
4620 469
118 470
9256 471
6489 472
4790 473
4763 474
6537 475
1412 476
7684 477
8488 478
9165 479
7541 480
7500 481
7285 482
5191 483
3480 484
2679 485
4598 486
7380 487
2607 488
9700 489
1733 490
570 491
1779 492
7984 493
7314 494
7525 495
2018 496
5332 497
3844 498
9941 499
7132 500
4721 501
1218 502
6697 503
2816 504
1122 505
5450 506
1670 507
8883 508
2822 509
2937 510
2043 511
2902 512
1929 513
5755 514
2228 515
9398 516
7161 517
6302 518
2618 519
9103 520
7018 521
6245 522
8929 523
3856 524
1249 525
7255 526
9533 527
9377 528
5656 529
4467 530
2731 531
3992 532
5784 533
3102 534
9049 535
5815 536
2038 537
537 538
4150 539
1204 540
4615 541
3054 542
1243 543
5979 544
8623 545
7796 546
4162 547
3609 548
8575 549
613 550
9528 551
3265 552
7168 553
4837 554
829 555
633 556
2102 557
3757 558
1076 559
7077 560
9935 561
4941 562
2076 563
6974 564
869 565
6692 566
4704 567
6449 568
1441 569
3305 570
9205 571
7818 572
5495 573
3833 574
1659 575
4646 576
1981 577
1803 578
6782 579
5384 580
2283 581
6384 582
4472 583
9958 584
5207 585
5121 586
8184 587
9567 588
1047 589
7605 590
79 591
1854 592
6002 593
5619 594
9665 595
778 596
8554 597
9721 598
5267 599
624 600
5910 601
132 602
6197 603
8782 604
8970 605
4658 606
6695 607
9841 608
5683 609
2460 610
1284 611
441 612
5662 613
7437 614
1748 615
9262 616
5501 617
7836 618
5795 619
9552 620
4871 621
9264 622
68 623
8095 624
9763 625
9737 626
5174 627
5651 628
2062 629
834 630
8920 631
6877 632
4679 633
5243 634
346 635
8580 636
5912 637
4755 638
9044 639
2948 640
3661 641
7134 642
7593 643
1748 644
6797 645
7416 646
1419 647
348 648
1654 649
8406 650
8814 651
3492 652
5737 653
1091 654
2334 655
9239 656
8035 657
8210 658
6391 659
5671 660
7664 661
5650 662
7739 663
8893 664
9311 665
6711 666
5544 667
6473 668
6213 669
5375 670
2075 671
3291 672
7442 673
9363 674
3652 675
8899 676
6184 677
3988 678
3842 679
3906 680
7903 681
6242 682
6539 683
9250 684
6927 685
2439 686
7712 687
9793 688
7962 689
6790 690
3717 691
5826 692
6902 693
9748 694
1481 695
8196 696
9814 697
7163 698
7854 699
1092 700
8092 701
8275 702
1234 703
4382 704
1072 705
2560 706
7894 707
5564 708
3784 709
8904 710
2151 711
8945 712
2213 713
4665 714
1467 715
6084 716
1385 717
5153 718
303 719
5321 720
2679 721
3859 722
6769 723
156 724
5231 725
8585 726
5989 727
6545 728
6184 729
6521 730
3103 731
3159 732
6411 733
1726 734
4586 735
7760 736
7289 737
5598 738
5601 739
4111 740
3533 741
1533 742
7492 743
1342 744
6822 745
8760 746
8832 747
5119 748
5782 749
8789 750
185 751
3970 752
3178 753
1884 754
6708 755
5005 756
401 757
6625 758
4680 759
1934 760
2708 761
6408 762
7034 763
4777 764
4696 765
6391 766
4681 767
9327 768
8743 769
4294 770
106 771
8933 772
1440 773
7970 774
7325 775
7954 776
487 777
6375 778
6999 779
8986 780
5894 781
2405 782
7753 783
2891 784
161 785
282 786
3750 787
463 788
7431 789
4386 790
4600 791
466 792
6224 793
9604 794
9896 795
5983 796
1702 797
2883 798
3414 799
3768 800
8703 801
9856 802
9411 803
8287 804
5411 805
865 806
912 807
2202 808
988 809
9995 810
7688 811
5592 812
2749 813
163 814
5504 815
7453 816
4819 817
5373 818
9481 819
8036 820
4688 821
1148 822
7809 823
1734 824
649 825
8631 826
4919 827
7748 828
26 829
830 830
6071 831
5708 832
1843 833
3666 834
8870 835
9280 836
9724 837
1800 838
7380 839
4063 840
6614 841
3977 842
5547 843
6292 844
2815 845
932 846
5985 847
6524 848
948 849
3266 850
2515 851
7132 852
5041 853
2800 854
9759 855
6259 856
9417 857
4381 858
2067 859
1808 860
7738 861
1496 862
778 863
435 864
3087 865
3097 866
7895 867
1449 868
2950 869
5595 870
8379 871
7686 872
3318 873
8634 874
5764 875
2418 876
5651 877
5787 878
6481 879
1598 880
9196 881
7670 882
6364 883
6481 884
4164 885
7548 886
5822 887
4747 888
8454 889
9975 890
3131 891
6143 892
7608 893
4593 894
4795 895
2960 896
6003 897
9928 898
9807 899
5845 900
3034 901
2938 902
5642 903
4894 904
6810 905
6654 906
3953 907
5338 908
1432 909
3615 910
9742 911
1772 912
8033 913
2200 914
3855 915
9153 916
8751 917
1871 918
3463 919
5478 920
2382 921
1585 922
761 923
1014 924
5629 925
488 926
9765 927
3985 928
9587 929
2503 930
1393 931
8057 932
218 933
8888 934
5764 935
453 936
4033 937
9231 938
9147 939
2795 940
6518 941
8276 942
6017 943
7027 944
6284 945
448 946
9639 947
9289 948
498 949
6158 950
3261 951
3836 952
3441 953
2204 954
308 955
1621 956
3966 957
8141 958
3873 959
4837 960
627 961
6578 962
3102 963
1142 964
5482 965
167 966
4 967
2391 968
1331 969
2254 970
2365 971
6117 972
3581 973
3476 974
9457 975
6204 976
6 977
5190 978
9896 979
9946 980
788 981
6883 982
8118 983
6588 984
2943 985
1281 986
8280 987
2084 988
2424 989
9272 990
2081 991
9842 992
3304 993
8727 994
2327 995
1213 996
3126 997
5728 998
8021 999
