1250 250
983 0
2295 1
988 2
3417 3
446 4
1062 5
11960 6
5225 7
4395 8
3288 9
10566 10
2975 11
9349 12
2747 13
11589 14
6433 15
3186 16
3799 17
2608 18
4785 19
3168 20
8183 21
8506 22
9980 23
7649 24
3189 25
7242 26
3121 27
3679 28
3953 29
12259 30
5718 31
6330 32
12448 33
9717 34
6209 35
1123 36
9053 37
11402 38
11295 39
1273 40
3094 41
10821 42
6417 43
10906 44
8754 45
990 46
8451 47
6734 48
9694 49
11039 50
1568 51
5675 52
2997 53
3099 54
4532 55
8457 56
10575 57
8262 58
6313 59
4439 60
2422 61
4093 62
118 63
1853 64
9323 65
9692 66
2840 67
10871 68
4216 69
1824 70
7152 71
3121 72
8827 73
418 74
8176 75
5002 76
2770 77
8295 78
11755 79
7284 80
6919 81
2360 82
9667 83
8213 84
12411 85
12206 86
4602 87
11469 88
184 89
4869 90
6849 91
3053 92
2021 93
4253 94
1510 95
3213 96
3755 97
10745 98
1811 99
8068 100
7575 101
2428 102
11068 103
12200 104
7479 105
413 106
9232 107
9622 108
9581 109
3240 110
6553 111
5548 112
8834 113
5800 114
1115 115
4793 116
3801 117
3691 118
11866 119
11532 120
11140 121
11104 122
11179 123
1339 124
12300 125
10687 126
1731 127
11720 128
5005 129
2835 130
12450 131
12246 132
3577 133
9439 134
10875 135
5188 136
6492 137
3536 138
1920 139
6812 140
634 141
10392 142
9862 143
1559 144
8226 145
7427 146
4823 147
9920 148
7401 149
9337 150
11276 151
3603 152
3914 153
8624 154
7079 155
4594 156
8089 157
3729 158
11531 159
4157 160
493 161
11539 162
7794 163
531 164
3760 165
3505 166
8283 167
8893 168
4703 169
10162 170
5048 171
3583 172
3453 173
2629 174
8154 175
4096 176
3746 177
9012 178
4268 179
142 180
4617 181
5949 182
11419 183
8916 184
11259 185
3171 186
12485 187
2654 188
3487 189
5309 190
1795 191
9254 192
696 193
7476 194
10828 195
5598 196
9917 197
11545 198
1045 199
9038 200
367 201
1142 202
4711 203
4310 204
8229 205
2145 206
7023 207
10233 208
7096 209
5461 210
9470 211
7549 212
5057 213
5820 214
1261 215
6866 216
5646 217
7699 218
5574 219
9825 220
8835 221
474 222
4588 223
12179 224
5396 225
10999 226
12241 227
7537 228
8004 229
2827 230
12202 231
10756 232
1617 233
2555 234
1524 235
9339 236
8403 237
9229 238
8926 239
3836 240
10604 241
8139 242
10375 243
11256 244
8582 245
5364 246
2200 247
5761 248
5058 249
5028 250
7821 251
8956 252
1185 253
7328 254
3372 255
11410 256
4454 257
8948 258
12451 259
4534 260
1366 261
4085 262
70 263
2998 264
3216 265
2738 266
9506 267
6006 268
3526 269
4650 270
353 271
4840 272
5836 273
7320 274
6987 275
5900 276
5703 277
6189 278
8882 279
6121 280
838 281
5446 282
344 283
5635 284
152 285
1324 286
78 287
4975 288
5007 289
8092 290
9956 291
8899 292
2951 293
6077 294
2017 295
5711 296
4901 297
10481 298
2157 299
7883 300
4941 301
4696 302
9647 303
256 304
6630 305
2092 306
1339 307
9757 308
3419 309
988 310
11660 311
271 312
7658 313
6143 314
4200 315
5498 316
9794 317
8815 318
7097 319
924 320
8133 321
8468 322
6987 323
571 324
735 325
11813 326
5508 327
5917 328
6153 329
5482 330
4192 331
10273 332
11754 333
6172 334
10704 335
11684 336
1927 337
1793 338
11302 339
8835 340
7222 341
5054 342
944 343
4870 344
1686 345
10163 346
5839 347
2603 348
3978 349
8507 350
1373 351
9472 352
11187 353
7325 354
4454 355
10503 356
10347 357
3966 358
2864 359
1130 360
12391 361
6187 362
4056 363
10258 364
2123 365
3798 366
9065 367
9995 368
11314 369
7311 370
8853 371
5803 372
8376 373
10601 374
12267 375
3968 376
6231 377
5672 378
8420 379
4528 380
4331 381
12384 382
3494 383
793 384
1807 385
10360 386
9484 387
11600 388
10485 389
2118 390
9318 391
5163 392
377 393
1472 394
5382 395
3946 396
5338 397
5653 398
11393 399
3298 400
4386 401
6954 402
135 403
949 404
8654 405
2871 406
10745 407
9942 408
3797 409
6640 410
5644 411
9860 412
491 413
7061 414
152 415
2230 416
406 417
761 418
3022 419
3003 420
1830 421
11400 422
9611 423
7908 424
6847 425
3643 426
7950 427
11606 428
8708 429
6523 430
10262 431
4450 432
6733 433
6980 434
8356 435
9241 436
2677 437
3221 438
10076 439
4706 440
11132 441
5297 442
3398 443
8653 444
3834 445
5811 446
1485 447
4275 448
7834 449
5181 450
7666 451
3468 452
7338 453
2308 454
6310 455
7930 456
5055 457
741 458
2268 459
961 460
12328 461
2920 462
10740 463
6754 464
7047 465
2028 466
9727 467
6034 468
11357 469
11543 470
1784 471
6793 472
7372 473
4848 474
3102 475
9576 476
3536 477
2911 478
835 479
3384 480
619 481
8613 482
12169 483
10975 484
3678 485
3718 486
4125 487
1602 488
2515 489
4618 490
2985 491
4698 492
8287 493
11432 494
8289 495
2711 496
4363 497
599 498
1250 499
830 500
6287 501
3814 502
962 503
9802 504
6804 505
10382 506
4901 507
10722 508
9436 509
6005 510
9938 511
4802 512
6893 513
1055 514
1953 515
4464 516
453 517
5996 518
2102 519
2346 520
4766 521
9962 522
376 523
10149 524
2054 525
11350 526
11241 527
707 528
3206 529
12495 530
6280 531
453 532
4009 533
10937 534
394 535
10691 536
11877 537
12076 538
3587 539
2129 540
1438 541
10434 542
7979 543
9942 544
4049 545
7792 546
9393 547
1135 548
6847 549
1033 550
12120 551
9025 552
2459 553
9057 554
11952 555
491 556
6267 557
1609 558
2316 559
7668 560
8960 561
12479 562
4674 563
11290 564
637 565
2405 566
7599 567
1816 568
9076 569
4187 570
7320 571
9572 572
1237 573
1289 574
9547 575
1139 576
7329 577
12302 578
9727 579
5589 580
9124 581
11169 582
11042 583
12489 584
9332 585
9796 586
1524 587
1097 588
7281 589
1598 590
10584 591
1103 592
3863 593
6980 594
11792 595
2218 596
8883 597
7082 598
11353 599
3934 600
2675 601
1820 602
4230 603
5810 604
9034 605
1480 606
4518 607
828 608
8925 609
11798 610
961 611
8 612
576 613
10954 614
5855 615
477 616
6572 617
311 618
9950 619
3738 620
4389 621
11683 622
1667 623
7062 624
3918 625
7693 626
6401 627
11658 628
5847 629
4582 630
7905 631
897 632
1836 633
2854 634
9440 635
9817 636
324 637
6004 638
2140 639
8544 640
11883 641
636 642
9779 643
9620 644
6697 645
1097 646
7279 647
4592 648
11233 649
4447 650
7855 651
2722 652
773 653
8165 654
9776 655
4951 656
8187 657
10849 658
6619 659
7970 660
2276 661
4392 662
2157 663
5940 664
494 665
5083 666
3829 667
6377 668
8661 669
7713 670
2744 671
1737 672
3060 673
4745 674
4633 675
9116 676
9014 677
5610 678
1219 679
9391 680
2634 681
7791 682
1694 683
10660 684
2783 685
2939 686
4355 687
9246 688
5636 689
827 690
9634 691
9881 692
3357 693
1837 694
6601 695
4994 696
9040 697
3810 698
2638 699
5577 700
5617 701
9026 702
4972 703
5096 704
6567 705
12293 706
5141 707
1392 708
6039 709
4873 710
6296 711
5065 712
992 713
2704 714
8863 715
2564 716
3704 717
7796 718
3927 719
8638 720
7676 721
4664 722
6217 723
5782 724
140 725
2711 726
3327 727
5940 728
7261 729
9784 730
10054 731
4927 732
4256 733
9545 734
7231 735
12049 736
7027 737
8103 738
2178 739
11331 740
6608 741
10692 742
6315 743
4316 744
11258 745
9712 746
9969 747
379 748
10400 749
10353 750
7850 751
11928 752
3976 753
11861 754
11939 755
12254 756
5996 757
4516 758
7856 759
1336 760
8640 761
2990 762
7208 763
12347 764
5273 765
11362 766
10142 767
12168 768
455 769
9757 770
8160 771
529 772
8636 773
7075 774
11674 775
400 776
7799 777
8420 778
7355 779
5940 780
10593 781
12008 782
1228 783
5748 784
4167 785
6740 786
4298 787
4041 788
360 789
1610 790
7301 791
574 792
6247 793
11467 794
6249 795
682 796
12184 797
1043 798
3848 799
8861 800
3585 801
341 802
4243 803
1802 804
9733 805
7579 806
5087 807
8789 808
6635 809
4387 810
9313 811
1538 812
974 813
7492 814
8942 815
12306 816
3859 817
5193 818
4849 819
10585 820
8353 821
195 822
763 823
6369 824
8713 825
2791 826
9412 827
7224 828
12377 829
5660 830
10784 831
8828 832
5878 833
9668 834
8558 835
5813 836
7557 837
9736 838
2123 839
8899 840
2335 841
5287 842
8792 843
12172 844
6783 845
6848 846
10281 847
4393 848
4923 849
6278 850
7969 851
9731 852
5411 853
9372 854
11302 855
9464 856
1593 857
5618 858
10393 859
828 860
5302 861
12459 862
7119 863
2437 864
10853 865
5297 866
7108 867
8012 868
6070 869
6824 870
3362 871
2865 872
9678 873
2608 874
9327 875
7773 876
8897 877
1571 878
9246 879
7434 880
8499 881
1010 882
12095 883
8579 884
3191 885
2709 886
3181 887
2722 888
4112 889
9568 890
4811 891
11607 892
11430 893
7627 894
7568 895
4207 896
958 897
3334 898
10075 899
11786 900
802 901
5141 902
1554 903
12184 904
4307 905
2626 906
8805 907
1966 908
1948 909
7002 910
8285 911
10666 912
10060 913
2127 914
5382 915
11929 916
3519 917
4480 918
1080 919
10716 920
7599 921
6899 922
12481 923
5467 924
7197 925
10650 926
5372 927
2199 928
12475 929
249 930
8586 931
5507 932
8928 933
896 934
2068 935
6858 936
11195 937
8551 938
9031 939
4062 940
7432 941
9850 942
4963 943
1873 944
10999 945
12160 946
7874 947
3679 948
5834 949
9556 950
5055 951
3522 952
9699 953
8210 954
8377 955
10103 956
5600 957
3673 958
7087 959
11544 960
4482 961
8542 962
10998 963
10797 964
1955 965
10520 966
9154 967
251 968
4207 969
7431 970
1848 971
2345 972
1351 973
8751 974
3185 975
9705 976
1693 977
11315 978
6072 979
451 980
7693 981
4855 982
7822 983
4747 984
3454 985
11780 986
8350 987
1206 988
4364 989
1503 990
11423 991
6288 992
6499 993
7101 994
2701 995
2993 996
10885 997
4396 998
11458 999
12383 1000
968 1001
9341 1002
7786 1003
10618 1004
7322 1005
11716 1006
1886 1007
5502 1008
2834 1009
4119 1010
4839 1011
6825 1012
7545 1013
8417 1014
11622 1015
9754 1016
12460 1017
6319 1018
8478 1019
41 1020
5288 1021
2425 1022
4172 1023
11088 1024
12384 1025
6095 1026
6341 1027
9693 1028
3161 1029
5136 1030
430 1031
7676 1032
4870 1033
1974 1034
7898 1035
6742 1036
9634 1037
10259 1038
4700 1039
4961 1040
4060 1041
8713 1042
10962 1043
9359 1044
8589 1045
5191 1046
10953 1047
12066 1048
2390 1049
9949 1050
4337 1051
5154 1052
3125 1053
11203 1054
12283 1055
10351 1056
9430 1057
11080 1058
7411 1059
2233 1060
4737 1061
2132 1062
7871 1063
1662 1064
10690 1065
5050 1066
5421 1067
9227 1068
1852 1069
929 1070
8696 1071
11012 1072
3990 1073
2104 1074
11561 1075
8236 1076
8688 1077
7954 1078
1667 1079
11910 1080
11983 1081
1447 1082
10802 1083
12212 1084
771 1085
3629 1086
10234 1087
3804 1088
10767 1089
4112 1090
7760 1091
1149 1092
6480 1093
8102 1094
6506 1095
4413 1096
8646 1097
6676 1098
5236 1099
11629 1100
7449 1101
5694 1102
266 1103
3050 1104
1886 1105
11319 1106
6397 1107
1402 1108
5228 1109
4195 1110
9247 1111
12119 1112
5742 1113
2464 1114
9064 1115
1803 1116
3826 1117
781 1118
5325 1119
4266 1120
3591 1121
9315 1122
9742 1123
6883 1124
8581 1125
6178 1126
704 1127
10436 1128
4392 1129
4547 1130
12076 1131
9781 1132
9704 1133
3827 1134
9902 1135
12340 1136
10298 1137
12268 1138
2644 1139
1394 1140
4978 1141
1098 1142
1045 1143
9635 1144
7119 1145
8046 1146
2579 1147
1850 1148
1933 1149
9397 1150
12325 1151
414 1152
9267 1153
2250 1154
6015 1155
1167 1156
9612 1157
9032 1158
1358 1159
2153 1160
4801 1161
9721 1162
875 1163
4073 1164
9669 1165
8042 1166
11635 1167
3646 1168
8831 1169
8464 1170
6711 1171
11033 1172
1012 1173
2432 1174
6353 1175
2434 1176
6494 1177
470 1178
5412 1179
2482 1180
3741 1181
228 1182
5672 1183
2919 1184
2355 1185
6844 1186
1709 1187
2160 1188
7550 1189
9440 1190
1777 1191
6596 1192
3072 1193
3282 1194
4275 1195
11534 1196
1752 1197
6099 1198
9097 1199
10375 1200
10813 1201
1321 1202
1149 1203
4060 1204
3429 1205
2510 1206
9885 1207
10070 1208
7861 1209
4417 1210
346 1211
11849 1212
6497 1213
4809 1214
5065 1215
9276 1216
4247 1217
7180 1218
10949 1219
6309 1220
6037 1221
6514 1222
9522 1223
11330 1224
1311 1225
12365 1226
12256 1227
10655 1228
4278 1229
9496 1230
1310 1231
4996 1232
7965 1233
4049 1234
7044 1235
10399 1236
8463 1237
10091 1238
11636 1239
7445 1240
3258 1241
2764 1242
8448 1243
3473 1244
6536 1245
4857 1246
5604 1247
9024 1248
945 1249
