1500 1100
12385 0
8463 1
9896 2
5976 3
10483 4
3956 5
3272 6
14364 7
13540 8
3774 9
7943 10
5591 11
379 12
13797 13
4562 14
8321 15
3292 16
9707 17
14401 18
7418 19
8932 20
4276 21
5537 22
4790 23
6792 24
13368 25
11334 26
8983 27
943 28
13778 29
12129 30
14772 31
10200 32
7575 33
10217 34
7580 35
9227 36
14157 37
35 38
1324 39
13690 40
93 41
13140 42
13424 43
4349 44
9582 45
4848 46
873 47
4719 48
6420 49
1929 50
1054 51
140 52
1563 53
11440 54
10398 55
8723 56
9519 57
1980 58
14571 59
12885 60
3288 61
777 62
10979 63
6353 64
2152 65
8005 66
8774 67
1744 68
7216 69
85 70
8447 71
3950 72
3491 73
13624 74
13173 75
1306 76
2159 77
7812 78
4324 79
9756 80
13855 81
694 82
8496 83
6103 84
4357 85
10304 86
3644 87
8887 88
3992 89
2225 90
1648 91
8964 92
956 93
14646 94
2326 95
1820 96
2273 97
6755 98
9807 99
5423 100
11350 101
11388 102
12858 103
11237 104
4231 105
7073 106
6702 107
2335 108
5940 109
7849 110
2444 111
1140 112
10424 113
998 114
914 115
11934 116
9520 117
9300 118
6327 119
6278 120
894 121
13949 122
14785 123
7374 124
6608 125
5686 126
7942 127
6165 128
10360 129
5198 130
11639 131
14625 132
4717 133
1455 134
10297 135
7554 136
2625 137
2949 138
12637 139
11544 140
9173 141
1391 142
2252 143
8618 144
4169 145
12943 146
10718 147
2978 148
10063 149
12149 150
4247 151
9039 152
7141 153
6468 154
14106 155
14417 156
10671 157
338 158
14573 159
4137 160
11203 161
4711 162
12364 163
14309 164
11755 165
13970 166
13322 167
1811 168
4467 169
3306 170
13153 171
9886 172
6136 173
11413 174
4131 175
11433 176
11719 177
5549 178
2502 179
7132 180
4170 181
832 182
14778 183
9602 184
13040 185
10034 186
805 187
8845 188
2465 189
8356 190
3174 191
12645 192
3625 193
5417 194
13886 195
3055 196
11910 197
5607 198
13910 199
11589 200
7335 201
2749 202
457 203
1434 204
6014 205
14261 206
5573 207
8375 208
14263 209
12962 210
11347 211
1101 212
4753 213
8142 214
5708 215
4117 216
7481 217
7594 218
903 219
1639 220
1948 221
12487 222
649 223
11751 224
14020 225
1616 226
4452 227
5263 228
176 229
1451 230
9653 231
5441 232
12017 233
11224 234
6969 235
7488 236
14240 237
13062 238
8293 239
12130 240
14305 241
3171 242
2976 243
7433 244
8750 245
10424 246
7940 247
12048 248
12694 249
7763 250
9594 251
6744 252
4288 253
1461 254
12166 255
4436 256
606 257
8373 258
9071 259
13433 260
13626 261
2878 262
10293 263
7169 264
10030 265
4633 266
3474 267
2283 268
9632 269
7264 270
3969 271
1466 272
6700 273
12192 274
6365 275
14326 276
11048 277
6355 278
1422 279
8337 280
1998 281
6146 282
3043 283
9057 284
9219 285
2927 286
861 287
6563 288
247 289
11161 290
5238 291
5436 292
1602 293
14077 294
8002 295
5892 296
14744 297
8201 298
14877 299
1791 300
2534 301
2629 302
6767 303
13285 304
3699 305
11969 306
6538 307
4040 308
627 309
7838 310
9620 311
2808 312
5656 313
1583 314
12613 315
5732 316
12626 317
11456 318
14626 319
10779 320
973 321
1868 322
3253 323
8970 324
13370 325
3689 326
4518 327
14533 328
4714 329
13343 330
9551 331
8893 332
12139 333
9265 334
8604 335
2187 336
6736 337
12246 338
10525 339
542 340
745 341
1996 342
9200 343
3224 344
4170 345
8558 346
2712 347
7693 348
1472 349
10936 350
2239 351
5662 352
3424 353
1109 354
7609 355
2118 356
2525 357
9545 358
7193 359
5871 360
6920 361
12543 362
12385 363
14778 364
9486 365
12585 366
9827 367
11886 368
1570 369
8212 370
3985 371
7269 372
11712 373
11881 374
5165 375
3256 376
11796 377
12532 378
7516 379
12289 380
1066 381
9585 382
14917 383
3842 384
7133 385
7699 386
11505 387
5906 388
5207 389
5272 390
9687 391
9561 392
12572 393
11226 394
14265 395
3222 396
11973 397
5739 398
10880 399
8800 400
378 401
842 402
314 403
4478 404
11574 405
2365 406
13114 407
10699 408
6804 409
5661 410
6826 411
1142 412
9854 413
5106 414
120 415
13021 416
2771 417
3804 418
1579 419
12782 420
12603 421
10150 422
11106 423
12179 424
3708 425
3253 426
2909 427
1722 428
3466 429
4078 430
9331 431
4613 432
4344 433
12614 434
3872 435
1511 436
373 437
10845 438
5975 439
3952 440
6518 441
3082 442
48 443
9026 444
6204 445
12554 446
7398 447
10236 448
3688 449
8767 450
7874 451
7780 452
2947 453
14594 454
1868 455
10950 456
11855 457
2897 458
10324 459
14061 460
11849 461
4530 462
13067 463
7786 464
8461 465
6071 466
12065 467
13088 468
2959 469
10869 470
11476 471
12837 472
5606 473
5876 474
430 475
680 476
12543 477
7137 478
9090 479
3703 480
13935 481
4804 482
11234 483
5394 484
5914 485
11130 486
10494 487
8368 488
4564 489
12539 490
6301 491
6487 492
13392 493
1365 494
4676 495
13372 496
2571 497
10738 498
7654 499
950 500
13817 501
4788 502
10498 503
3312 504
2424 505
1676 506
14819 507
7414 508
13693 509
3483 510
10910 511
2775 512
3016 513
12008 514
5889 515
13675 516
1135 517
8397 518
1392 519
707 520
12072 521
7841 522
11263 523
5068 524
10962 525
5963 526
12336 527
4290 528
7433 529
13925 530
10810 531
14397 532
4339 533
1930 534
13706 535
3433 536
3240 537
4944 538
9079 539
12217 540
2042 541
13504 542
1948 543
6491 544
9182 545
5916 546
4323 547
8996 548
11 549
2017 550
8921 551
6769 552
8742 553
7782 554
13764 555
11388 556
14659 557
169 558
3009 559
12187 560
1622 561
9412 562
4522 563
11684 564
9484 565
11203 566
1239 567
907 568
14971 569
12704 570
13148 571
10608 572
9101 573
4588 574
14253 575
5373 576
3468 577
12524 578
2387 579
5871 580
12673 581
14519 582
8275 583
371 584
2772 585
6586 586
5241 587
13419 588
12596 589
3368 590
2656 591
7055 592
8726 593
7161 594
30 595
11397 596
9229 597
10692 598
1103 599
7484 600
13519 601
11248 602
6475 603
7552 604
13566 605
1701 606
7239 607
11435 608
11826 609
1838 610
12027 611
5699 612
10400 613
9395 614
5611 615
1320 616
5570 617
5839 618
13150 619
3846 620
12785 621
11653 622
14276 623
11767 624
12676 625
3790 626
2565 627
798 628
10745 629
7998 630
12488 631
14888 632
7967 633
11528 634
13981 635
5120 636
1379 637
12661 638
13505 639
13624 640
13827 641
14641 642
2583 643
11703 644
7555 645
2545 646
14764 647
8276 648
2853 649
10200 650
7938 651
653 652
10883 653
3217 654
6146 655
825 656
4748 657
13022 658
10886 659
7084 660
13413 661
10667 662
4622 663
17 664
13484 665
10488 666
8643 667
5439 668
11173 669
7020 670
8938 671
11103 672
212 673
9562 674
1705 675
607 676
12444 677
8473 678
11120 679
550 680
2569 681
6454 682
1306 683
8921 684
7803 685
2504 686
8772 687
4328 688
10410 689
14763 690
2511 691
14301 692
10975 693
1800 694
617 695
14443 696
11522 697
10518 698
11293 699
11008 700
3053 701
3206 702
11891 703
1250 704
114 705
3497 706
10114 707
10250 708
3662 709
9225 710
8145 711
10268 712
1237 713
11509 714
8461 715
12435 716
8555 717
3087 718
7288 719
6512 720
2681 721
13198 722
6079 723
7029 724
10771 725
14906 726
9207 727
12258 728
2396 729
3411 730
11980 731
10312 732
4838 733
3554 734
5202 735
7999 736
9247 737
2378 738
10245 739
12019 740
13650 741
3986 742
7989 743
4908 744
5829 745
6991 746
8878 747
13983 748
1026 749
3923 750
3441 751
5242 752
12627 753
7045 754
8246 755
3737 756
984 757
1790 758
5288 759
4598 760
10749 761
5835 762
2555 763
14306 764
6634 765
331 766
4880 767
10155 768
9658 769
9612 770
9164 771
13321 772
9561 773
3007 774
14990 775
5875 776
11680 777
1377 778
11270 779
2909 780
8723 781
4363 782
10762 783
3090 784
8482 785
11058 786
5746 787
12927 788
12649 789
1318 790
14187 791
9949 792
14400 793
308 794
6972 795
9318 796
12606 797
4311 798
4711 799
10418 800
12047 801
4342 802
12458 803
9706 804
6523 805
12975 806
14491 807
1795 808
5672 809
11433 810
12615 811
10801 812
784 813
8104 814
5838 815
7974 816
4179 817
5020 818
3634 819
7008 820
1673 821
11281 822
13628 823
13107 824
14490 825
7186 826
1230 827
14666 828
5507 829
6839 830
5858 831
11979 832
9512 833
14010 834
4964 835
13579 836
5998 837
8513 838
10173 839
14334 840
7392 841
13460 842
9132 843
2705 844
13132 845
13046 846
433 847
11111 848
1812 849
1613 850
5792 851
18 852
13954 853
3680 854
2479 855
13907 856
3998 857
9695 858
11428 859
5308 860
11601 861
3941 862
14665 863
5550 864
4574 865
750 866
13608 867
10660 868
2255 869
7026 870
12203 871
9718 872
9125 873
11226 874
10803 875
13336 876
12297 877
3730 878
6870 879
7263 880
10636 881
11060 882
5613 883
7838 884
13940 885
3644 886
10442 887
4521 888
54 889
9759 890
8302 891
3904 892
887 893
7051 894
6570 895
13687 896
14505 897
4828 898
7988 899
13757 900
13187 901
3119 902
14691 903
13108 904
9917 905
12447 906
10460 907
9112 908
8935 909
11419 910
7283 911
5219 912
7249 913
5995 914
13912 915
982 916
11782 917
12119 918
13262 919
5014 920
8533 921
13239 922
6360 923
13147 924
10914 925
6310 926
3935 927
13078 928
9539 929
6179 930
10061 931
13013 932
3201 933
10185 934
7607 935
12504 936
7795 937
1892 938
4229 939
8185 940
7463 941
12407 942
7529 943
3164 944
14178 945
13346 946
1216 947
2236 948
750 949
7911 950
9588 951
2857 952
2446 953
12216 954
8388 955
1547 956
8217 957
3747 958
3916 959
12735 960
5803 961
9092 962
2420 963
2928 964
8016 965
8969 966
487 967
1929 968
1563 969
4066 970
14235 971
1065 972
7257 973
3867 974
2151 975
2975 976
7150 977
13745 978
9247 979
14564 980
5403 981
10393 982
8685 983
1294 984
7284 985
10425 986
6010 987
8969 988
6975 989
3567 990
10473 991
1959 992
8381 993
2160 994
5515 995
8727 996
3710 997
14481 998
924 999
7225 1000
1082 1001
13410 1002
14229 1003
2818 1004
9516 1005
5693 1006
12010 1007
14401 1008
280 1009
8608 1010
8106 1011
9456 1012
13572 1013
7713 1014
9567 1015
3392 1016
14719 1017
2155 1018
2470 1019
8022 1020
6965 1021
11032 1022
12249 1023
3961 1024
12496 1025
11946 1026
5183 1027
9025 1028
14978 1029
11795 1030
9930 1031
4839 1032
11187 1033
10090 1034
7870 1035
3807 1036
13485 1037
3924 1038
2412 1039
2013 1040
12569 1041
12356 1042
14292 1043
12597 1044
2453 1045
6806 1046
12675 1047
9010 1048
7371 1049
3199 1050
7987 1051
8564 1052
9698 1053
13026 1054
10108 1055
2812 1056
6033 1057
13451 1058
12266 1059
12143 1060
5740 1061
279 1062
6774 1063
5819 1064
13676 1065
11636 1066
9769 1067
2058 1068
4901 1069
4288 1070
3975 1071
9443 1072
2296 1073
11687 1074
10768 1075
1590 1076
13717 1077
10967 1078
13241 1079
8360 1080
13229 1081
6263 1082
13147 1083
11568 1084
13572 1085
2906 1086
5594 1087
7041 1088
4584 1089
5824 1090
13943 1091
6543 1092
1718 1093
10637 1094
8603 1095
10216 1096
14045 1097
12858 1098
3829 1099
14259 1100
1579 1101
7376 1102
3054 1103
4763 1104
12207 1105
785 1106
10795 1107
9389 1108
3312 1109
6799 1110
11213 1111
4081 1112
11796 1113
12686 1114
9200 1115
9479 1116
11696 1117
7422 1118
2344 1119
12178 1120
9977 1121
3199 1122
14483 1123
14307 1124
4215 1125
2054 1126
9531 1127
10354 1128
448 1129
7618 1130
3560 1131
83 1132
2700 1133
13690 1134
4970 1135
3420 1136
6034 1137
5348 1138
11581 1139
10105 1140
6783 1141
3345 1142
303 1143
5309 1144
9820 1145
13602 1146
7190 1147
11340 1148
14634 1149
2757 1150
461 1151
2515 1152
7518 1153
7012 1154
11502 1155
4570 1156
9809 1157
13180 1158
13071 1159
6641 1160
2388 1161
13392 1162
12555 1163
2320 1164
640 1165
4167 1166
13699 1167
12827 1168
9169 1169
10075 1170
12704 1171
10934 1172
441 1173
12610 1174
10278 1175
2850 1176
7597 1177
351 1178
6741 1179
8354 1180
10284 1181
6241 1182
7608 1183
11466 1184
5769 1185
9717 1186
1757 1187
1402 1188
14336 1189
13947 1190
6068 1191
5071 1192
575 1193
14791 1194
9005 1195
13628 1196
14467 1197
8512 1198
5113 1199
2068 1200
1985 1201
6146 1202
2943 1203
8349 1204
1253 1205
4251 1206
13620 1207
14316 1208
2754 1209
728 1210
12816 1211
877 1212
6222 1213
11425 1214
13108 1215
13720 1216
12800 1217
12657 1218
4763 1219
13666 1220
7464 1221
3376 1222
10089 1223
273 1224
4289 1225
5739 1226
470 1227
6734 1228
9231 1229
14353 1230
2027 1231
9590 1232
11155 1233
266 1234
14433 1235
7656 1236
11757 1237
1269 1238
13183 1239
7889 1240
8166 1241
11574 1242
493 1243
6129 1244
14071 1245
1195 1246
6879 1247
13187 1248
14028 1249
1823 1250
8615 1251
10302 1252
5528 1253
8166 1254
11322 1255
11428 1256
6897 1257
4462 1258
10787 1259
11964 1260
13504 1261
11798 1262
13318 1263
2733 1264
8771 1265
4639 1266
6277 1267
13091 1268
8762 1269
1461 1270
4494 1271
14807 1272
3997 1273
13065 1274
4814 1275
396 1276
1707 1277
13828 1278
4827 1279
91 1280
13331 1281
11637 1282
8709 1283
12208 1284
8729 1285
9065 1286
440 1287
13714 1288
7630 1289
4618 1290
2296 1291
7299 1292
13818 1293
9041 1294
12258 1295
281 1296
7105 1297
13638 1298
8306 1299
12821 1300
2337 1301
4145 1302
13979 1303
5230 1304
8670 1305
12559 1306
6034 1307
8843 1308
166 1309
8097 1310
4902 1311
3700 1312
7815 1313
333 1314
14842 1315
5161 1316
1456 1317
5637 1318
11110 1319
2085 1320
3264 1321
12019 1322
5336 1323
14250 1324
6269 1325
14470 1326
1093 1327
10717 1328
1384 1329
8347 1330
3427 1331
14550 1332
5208 1333
1078 1334
8774 1335
8322 1336
9696 1337
680 1338
5181 1339
8322 1340
5176 1341
5676 1342
3067 1343
3172 1344
12093 1345
14362 1346
10679 1347
11679 1348
9813 1349
4755 1350
14567 1351
14423 1352
12179 1353
11028 1354
7919 1355
6949 1356
13008 1357
12433 1358
802 1359
2040 1360
13225 1361
14315 1362
8930 1363
14622 1364
14355 1365
14040 1366
7506 1367
11610 1368
1300 1369
1621 1370
975 1371
14443 1372
8630 1373
11913 1374
9883 1375
5972 1376
12850 1377
11313 1378
3561 1379
10217 1380
13641 1381
3077 1382
10640 1383
13306 1384
4883 1385
8305 1386
2441 1387
5826 1388
2604 1389
1387 1390
13012 1391
14647 1392
8227 1393
6811 1394
4566 1395
12866 1396
2692 1397
1075 1398
4722 1399
11544 1400
1516 1401
14331 1402
8814 1403
8249 1404
9335 1405
5349 1406
528 1407
2047 1408
7117 1409
13183 1410
3541 1411
2684 1412
11444 1413
11951 1414
665 1415
8960 1416
12082 1417
1935 1418
11754 1419
2662 1420
12966 1421
7693 1422
6706 1423
4850 1424
14436 1425
543 1426
14700 1427
7412 1428
14841 1429
3804 1430
8599 1431
1123 1432
2303 1433
14691 1434
5494 1435
10128 1436
8740 1437
5829 1438
3551 1439
3967 1440
1912 1441
11383 1442
6181 1443
4362 1444
2123 1445
2788 1446
1207 1447
4723 1448
9282 1449
12654 1450
4774 1451
1118 1452
246 1453
3989 1454
1583 1455
5021 1456
2603 1457
10442 1458
5035 1459
14956 1460
7162 1461
12318 1462
13482 1463
14623 1464
1986 1465
10113 1466
5869 1467
13331 1468
591 1469
10763 1470
6946 1471
13057 1472
14724 1473
6705 1474
14104 1475
2005 1476
8942 1477
7863 1478
8417 1479
9290 1480
13896 1481
5762 1482
13614 1483
10138 1484
11698 1485
10970 1486
9221 1487
11938 1488
7448 1489
10335 1490
8895 1491
1536 1492
13822 1493
5413 1494
711 1495
9826 1496
12733 1497
5281 1498
13972 1499
