1600 1000
13751 0
3033 1
11513 2
8717 3
6716 4
7614 5
2235 6
5801 7
427 8
15670 9
6619 10
5411 11
2760 12
10747 13
2690 14
11095 15
5497 16
11944 17
6267 18
14588 19
11617 20
522 21
13749 22
8297 23
10092 24
8635 25
10131 26
8451 27
12884 28
15731 29
1123 30
4565 31
14971 32
7359 33
3100 34
4523 35
5840 36
9721 37
3685 38
11434 39
6354 40
7413 41
3186 42
3957 43
11377 44
13946 45
15498 46
10713 47
12142 48
11620 49
14719 50
2124 51
3499 52
12438 53
15970 54
12873 55
6940 56
14236 57
15909 58
3405 59
5797 60
4369 61
3873 62
5810 63
8332 64
12448 65
7483 66
9179 67
7233 68
13976 69
9716 70
6453 71
11215 72
2931 73
14886 74
9388 75
8625 76
2259 77
12947 78
11242 79
1801 80
11771 81
4834 82
15857 83
3256 84
7874 85
3179 86
857 87
15789 88
10445 89
6323 90
9105 91
8385 92
1180 93
10498 94
15533 95
2233 96
1054 97
13901 98
575 99
5356 100
9625 101
4921 102
12041 103
6646 104
11770 105
3090 106
13478 107
1359 108
5278 109
12457 110
8374 111
4374 112
3129 113
11866 114
13676 115
14656 116
12358 117
14091 118
11852 119
11554 120
13986 121
6134 122
4816 123
838 124
2214 125
9514 126
3728 127
9578 128
636 129
12852 130
13258 131
6147 132
14388 133
4264 134
5520 135
725 136
10352 137
15208 138
15625 139
14486 140
11846 141
5967 142
13998 143
13351 144
15959 145
7664 146
15059 147
2164 148
5070 149
15541 150
10103 151
13652 152
9166 153
9333 154
15419 155
14033 156
5434 157
15066 158
10059 159
14871 160
11486 161
13932 162
2376 163
5522 164
12334 165
4261 166
12947 167
13299 168
12363 169
3970 170
1107 171
2107 172
5636 173
12271 174
9162 175
986 176
12029 177
3947 178
8847 179
7904 180
2004 181
15388 182
4771 183
5227 184
10326 185
1077 186
7691 187
13258 188
15819 189
2825 190
10925 191
10202 192
10368 193
9914 194
4243 195
2286 196
93 197
5725 198
4932 199
3494 200
14624 201
15741 202
6569 203
7082 204
6440 205
14616 206
15418 207
8882 208
6492 209
10181 210
1167 211
12759 212
10618 213
2962 214
13968 215
3318 216
4160 217
1455 218
13401 219
8171 220
3779 221
11213 222
6763 223
5176 224
6009 225
13402 226
6239 227
9802 228
11209 229
11609 230
5538 231
2908 232
14730 233
8123 234
1600 235
7668 236
13289 237
14623 238
692 239
8867 240
290 241
15447 242
4629 243
12441 244
3240 245
6125 246
8116 247
4473 248
11455 249
14520 250
4875 251
15710 252
10424 253
4440 254
3740 255
6483 256
2166 257
10032 258
15550 259
13131 260
3804 261
3840 262
7975 263
14367 264
9205 265
5093 266
11649 267
7586 268
15053 269
3058 270
8513 271
4397 272
9337 273
4038 274
2641 275
9350 276
8641 277
13520 278
15876 279
13445 280
11884 281
13719 282
3755 283
2080 284
1165 285
10325 286
11289 287
12170 288
4664 289
564 290
3372 291
13305 292
2310 293
650 294
2080 295
6626 296
8447 297
13061 298
6343 299
6167 300
6617 301
8518 302
15751 303
3322 304
14027 305
886 306
549 307
12995 308
12073 309
4811 310
9597 311
314 312
7348 313
5020 314
880 315
15222 316
11653 317
1199 318
8884 319
4911 320
4537 321
7093 322
9010 323
5580 324
6855 325
12814 326
8919 327
15360 328
11510 329
8121 330
8918 331
11449 332
2962 333
7289 334
15510 335
12472 336
11771 337
7675 338
8243 339
10955 340
3561 341
11506 342
4386 343
9086 344
10243 345
5127 346
4623 347
12633 348
806 349
5758 350
12910 351
7615 352
3840 353
10904 354
3733 355
9897 356
8145 357
13015 358
13332 359
13744 360
9857 361
6491 362
3985 363
15059 364
9747 365
144 366
4045 367
3755 368
4146 369
1005 370
14799 371
11579 372
6303 373
14944 374
2933 375
7125 376
8637 377
9894 378
7414 379
13016 380
4215 381
12853 382
12599 383
3649 384
11598 385
731 386
3643 387
13382 388
12872 389
12540 390
12280 391
4975 392
899 393
4895 394
15812 395
6744 396
2542 397
3704 398
6729 399
14542 400
2740 401
3360 402
3612 403
6299 404
13665 405
4927 406
2440 407
2097 408
781 409
1003 410
9207 411
8849 412
7420 413
12461 414
14756 415
15423 416
11125 417
1126 418
11879 419
118 420
2345 421
7696 422
8171 423
350 424
4864 425
14426 426
3523 427
7445 428
3356 429
13042 430
13188 431
11788 432
3755 433
7567 434
2689 435
1856 436
226 437
1535 438
10333 439
12729 440
12860 441
4804 442
6905 443
7974 444
6599 445
6179 446
1939 447
9790 448
13996 449
1842 450
2853 451
9157 452
14624 453
11725 454
2547 455
78 456
13959 457
11311 458
5290 459
10242 460
3134 461
15664 462
11186 463
12330 464
5131 465
4945 466
9740 467
6798 468
7371 469
856 470
5702 471
6821 472
8871 473
2788 474
2534 475
11302 476
11359 477
2386 478
10099 479
3601 480
6543 481
11345 482
2969 483
12977 484
8962 485
11747 486
1453 487
2299 488
7406 489
6246 490
5849 491
2920 492
4855 493
7106 494
1590 495
11778 496
6836 497
3841 498
10030 499
10754 500
13726 501
1310 502
9361 503
1587 504
1613 505
5211 506
1490 507
8480 508
6698 509
2730 510
14176 511
13092 512
7144 513
12938 514
14715 515
5454 516
1615 517
4615 518
8285 519
2901 520
3570 521
3791 522
14274 523
11778 524
12074 525
489 526
7133 527
6541 528
3970 529
7292 530
14793 531
13431 532
4971 533
11654 534
3915 535
9106 536
1260 537
3710 538
10995 539
3617 540
14934 541
10064 542
6279 543
14334 544
13920 545
3869 546
2381 547
1325 548
4374 549
11772 550
8898 551
10853 552
5407 553
14979 554
13734 555
12466 556
6571 557
967 558
13164 559
1313 560
11391 561
7224 562
1515 563
601 564
4796 565
1813 566
2210 567
1978 568
9356 569
10269 570
13621 571
3486 572
6065 573
5948 574
5884 575
2848 576
10222 577
4821 578
4953 579
5301 580
6482 581
5447 582
8991 583
3078 584
14359 585
11066 586
5668 587
13438 588
12989 589
6930 590
4293 591
6015 592
799 593
11684 594
12981 595
10407 596
11077 597
13528 598
14170 599
12764 600
269 601
13777 602
7776 603
6660 604
11010 605
11824 606
14087 607
2329 608
2876 609
6443 610
5280 611
11612 612
1406 613
4067 614
10876 615
3607 616
9370 617
848 618
383 619
3370 620
13065 621
10758 622
9637 623
273 624
5190 625
10849 626
14919 627
9688 628
14812 629
13475 630
8137 631
4480 632
9239 633
9247 634
11911 635
11994 636
6931 637
10024 638
14644 639
6982 640
5228 641
5838 642
12852 643
8506 644
7027 645
9494 646
697 647
5555 648
3956 649
7711 650
3259 651
1100 652
4080 653
6546 654
4416 655
7337 656
10574 657
7395 658
6690 659
13040 660
5313 661
9662 662
3896 663
6288 664
14626 665
7700 666
2915 667
2754 668
327 669
7675 670
12514 671
10211 672
4524 673
10713 674
11405 675
153 676
246 677
6547 678
10784 679
9448 680
12711 681
9022 682
5815 683
15843 684
1594 685
5393 686
9305 687
425 688
9777 689
13278 690
10520 691
15328 692
8266 693
10011 694
13007 695
8551 696
2829 697
15663 698
7193 699
4356 700
15050 701
7494 702
6714 703
10930 704
657 705
15345 706
14419 707
6161 708
14188 709
9162 710
155 711
5194 712
10299 713
15270 714
481 715
15367 716
8246 717
14764 718
3688 719
14853 720
6085 721
14652 722
9271 723
15613 724
320 725
2990 726
2062 727
8885 728
409 729
15524 730
8147 731
7670 732
11241 733
5641 734
8324 735
15728 736
8796 737
13097 738
14657 739
8020 740
980 741
1263 742
13380 743
6211 744
8269 745
4871 746
7223 747
7057 748
4872 749
11126 750
5205 751
9485 752
5670 753
2881 754
7303 755
9206 756
9492 757
3282 758
11300 759
14937 760
13356 761
10326 762
1454 763
9485 764
84 765
4713 766
12171 767
11828 768
4511 769
14886 770
3187 771
9411 772
3739 773
5002 774
13319 775
11461 776
818 777
7888 778
12646 779
4876 780
4635 781
3798 782
12766 783
2769 784
7018 785
9720 786
11414 787
3779 788
9001 789
14124 790
3661 791
6444 792
15978 793
8907 794
13378 795
5332 796
6559 797
14800 798
2748 799
6064 800
4356 801
5067 802
15292 803
9593 804
4786 805
9516 806
756 807
7137 808
13022 809
9764 810
13220 811
6092 812
15588 813
6647 814
2701 815
14573 816
7590 817
8492 818
3796 819
8154 820
14240 821
6325 822
9160 823
7288 824
5982 825
5209 826
6126 827
7033 828
4622 829
9176 830
14647 831
14095 832
4704 833
9363 834
15706 835
2693 836
14685 837
14345 838
11164 839
3042 840
7973 841
8429 842
9387 843
7252 844
9781 845
1904 846
9784 847
5754 848
3648 849
12500 850
10498 851
2450 852
1333 853
8472 854
1444 855
3326 856
757 857
11544 858
435 859
2352 860
3077 861
4538 862
13009 863
9875 864
6203 865
10752 866
10362 867
3959 868
12361 869
10221 870
5627 871
467 872
12943 873
2276 874
11156 875
7936 876
8829 877
1124 878
2316 879
13282 880
5557 881
9923 882
3137 883
11915 884
13431 885
2009 886
4260 887
8758 888
2252 889
11146 890
11091 891
8974 892
4736 893
6309 894
3719 895
9139 896
5578 897
8038 898
14345 899
2919 900
10347 901
8849 902
5229 903
8066 904
1825 905
6311 906
5448 907
2757 908
4837 909
4379 910
11136 911
7944 912
1143 913
6714 914
12174 915
4574 916
7480 917
11636 918
14615 919
10611 920
3197 921
11730 922
1718 923
11041 924
4146 925
12399 926
4715 927
14823 928
14898 929
3032 930
6568 931
977 932
613 933
10452 934
6193 935
13913 936
11874 937
5299 938
14053 939
7835 940
5709 941
932 942
783 943
15851 944
9768 945
2542 946
1017 947
6949 948
10976 949
12519 950
3053 951
3794 952
9716 953
3647 954
10025 955
9555 956
13209 957
3496 958
2513 959
6123 960
7689 961
7362 962
5182 963
11054 964
4181 965
14490 966
12389 967
3330 968
731 969
8996 970
7086 971
10922 972
2309 973
15456 974
13793 975
6246 976
1267 977
7994 978
13180 979
3659 980
12767 981
15467 982
1338 983
14881 984
4598 985
5909 986
2924 987
1246 988
9132 989
10950 990
7972 991
13700 992
11261 993
11298 994
5123 995
7207 996
9293 997
4861 998
2378 999
712 1000
11514 1001
7132 1002
7707 1003
9446 1004
1011 1005
4643 1006
9356 1007
3013 1008
5552 1009
1730 1010
4976 1011
5204 1012
8581 1013
3908 1014
7381 1015
3565 1016
13104 1017
7037 1018
11008 1019
4585 1020
15060 1021
1840 1022
5200 1023
4951 1024
1861 1025
3562 1026
371 1027
7694 1028
7499 1029
12564 1030
15138 1031
8947 1032
682 1033
14859 1034
11718 1035
582 1036
9389 1037
4466 1038
7337 1039
14436 1040
12006 1041
3001 1042
13839 1043
15452 1044
5502 1045
12688 1046
159 1047
10259 1048
237 1049
10981 1050
13877 1051
1472 1052
14129 1053
3871 1054
7440 1055
12541 1056
10588 1057
2665 1058
10194 1059
8014 1060
5259 1061
1923 1062
477 1063
9240 1064
5551 1065
1527 1066
10910 1067
13457 1068
13813 1069
2417 1070
3463 1071
307 1072
7806 1073
15115 1074
11710 1075
10421 1076
14495 1077
6993 1078
11934 1079
4718 1080
9257 1081
3453 1082
13035 1083
14252 1084
8446 1085
8992 1086
5120 1087
4745 1088
14605 1089
10098 1090
903 1091
3690 1092
10866 1093
13735 1094
4871 1095
2365 1096
12401 1097
5165 1098
1293 1099
14145 1100
4510 1101
2829 1102
14599 1103
8713 1104
4194 1105
12977 1106
13807 1107
6524 1108
15259 1109
4274 1110
10931 1111
38 1112
8789 1113
462 1114
7325 1115
1447 1116
8068 1117
13366 1118
481 1119
6941 1120
14934 1121
5955 1122
15805 1123
4448 1124
15167 1125
10449 1126
10771 1127
4907 1128
3416 1129
221 1130
10765 1131
1105 1132
6228 1133
1671 1134
7938 1135
5007 1136
2529 1137
3354 1138
274 1139
3611 1140
15864 1141
1661 1142
14585 1143
6904 1144
1575 1145
11571 1146
9652 1147
7321 1148
1679 1149
2382 1150
7483 1151
14841 1152
6239 1153
7013 1154
15330 1155
102 1156
5873 1157
6312 1158
15344 1159
14129 1160
4423 1161
10931 1162
7860 1163
12727 1164
4786 1165
15731 1166
1465 1167
13406 1168
3135 1169
6802 1170
12782 1171
9095 1172
7652 1173
584 1174
12798 1175
8816 1176
2647 1177
15265 1178
1140 1179
10028 1180
12656 1181
3508 1182
911 1183
3021 1184
9412 1185
14239 1186
3570 1187
2258 1188
3227 1189
6140 1190
10509 1191
4181 1192
14234 1193
9384 1194
12384 1195
3927 1196
2089 1197
10213 1198
11838 1199
13787 1200
14898 1201
8324 1202
11126 1203
4463 1204
11528 1205
5387 1206
12619 1207
2079 1208
12166 1209
7839 1210
4501 1211
1629 1212
9393 1213
2506 1214
1262 1215
1372 1216
9324 1217
11573 1218
8853 1219
11035 1220
12567 1221
1665 1222
10154 1223
7879 1224
12511 1225
2689 1226
11578 1227
14738 1228
10163 1229
9853 1230
11872 1231
5038 1232
6163 1233
7796 1234
4631 1235
11514 1236
3775 1237
10976 1238
4007 1239
3135 1240
1751 1241
14151 1242
7424 1243
12141 1244
2455 1245
1930 1246
12052 1247
13355 1248
10275 1249
6665 1250
13243 1251
320 1252
7137 1253
8877 1254
9556 1255
8767 1256
7001 1257
11310 1258
11987 1259
15874 1260
15416 1261
14476 1262
11052 1263
808 1264
9363 1265
11003 1266
14585 1267
6005 1268
1626 1269
5887 1270
6037 1271
5346 1272
7423 1273
11955 1274
15312 1275
1440 1276
11916 1277
7762 1278
10503 1279
8608 1280
15593 1281
3985 1282
14482 1283
15902 1284
14790 1285
8986 1286
8552 1287
7025 1288
6038 1289
6783 1290
8661 1291
7562 1292
8703 1293
8301 1294
3645 1295
15977 1296
1708 1297
13300 1298
12372 1299
2722 1300
4988 1301
9470 1302
15855 1303
4560 1304
9469 1305
15614 1306
4396 1307
9934 1308
10142 1309
4196 1310
13148 1311
2404 1312
7822 1313
8568 1314
12656 1315
6264 1316
12524 1317
2553 1318
10053 1319
6573 1320
2734 1321
15332 1322
8887 1323
8046 1324
5412 1325
3318 1326
8669 1327
1708 1328
15059 1329
14618 1330
1670 1331
11854 1332
12443 1333
6885 1334
13253 1335
11068 1336
12607 1337
6831 1338
15171 1339
10451 1340
15184 1341
12062 1342
7766 1343
10981 1344
1336 1345
6819 1346
12933 1347
1930 1348
5176 1349
12542 1350
5952 1351
4633 1352
13713 1353
6719 1354
1505 1355
10435 1356
6909 1357
7034 1358
15319 1359
4198 1360
1872 1361
2940 1362
3433 1363
3778 1364
9321 1365
8897 1366
1680 1367
1936 1368
13521 1369
10423 1370
3641 1371
696 1372
10941 1373
7193 1374
12889 1375
13486 1376
11319 1377
10511 1378
11782 1379
6902 1380
5422 1381
7404 1382
6964 1383
11563 1384
6394 1385
12185 1386
8117 1387
10724 1388
1466 1389
13112 1390
8830 1391
2513 1392
8293 1393
3012 1394
4346 1395
2335 1396
12405 1397
14977 1398
6697 1399
4898 1400
13417 1401
11932 1402
12241 1403
14206 1404
3740 1405
9304 1406
11098 1407
9241 1408
13728 1409
3899 1410
15718 1411
2924 1412
1801 1413
4777 1414
15885 1415
12692 1416
5695 1417
8903 1418
13710 1419
1882 1420
9995 1421
15142 1422
11272 1423
140 1424
13352 1425
10151 1426
2163 1427
13644 1428
5556 1429
9050 1430
14816 1431
3257 1432
2082 1433
4848 1434
44 1435
2133 1436
12098 1437
4418 1438
4284 1439
9852 1440
4241 1441
10461 1442
3537 1443
11947 1444
10187 1445
10844 1446
8764 1447
15543 1448
2189 1449
4183 1450
8123 1451
2527 1452
1057 1453
14719 1454
408 1455
11375 1456
8685 1457
11845 1458
13603 1459
4972 1460
13545 1461
631 1462
9113 1463
1575 1464
9931 1465
5719 1466
2139 1467
4480 1468
11297 1469
3939 1470
10076 1471
6737 1472
9859 1473
13035 1474
14862 1475
2948 1476
945 1477
8601 1478
3118 1479
12776 1480
4654 1481
9021 1482
12658 1483
5350 1484
9528 1485
3118 1486
1733 1487
13414 1488
10802 1489
1346 1490
11916 1491
7956 1492
5859 1493
9900 1494
2798 1495
5761 1496
15135 1497
15236 1498
8217 1499
1221 1500
5812 1501
15937 1502
2735 1503
5581 1504
5821 1505
14432 1506
14817 1507
10826 1508
6965 1509
3678 1510
12477 1511
12643 1512
11255 1513
6675 1514
9374 1515
3423 1516
5656 1517
14643 1518
7182 1519
10576 1520
1172 1521
9660 1522
15916 1523
12299 1524
2091 1525
3739 1526
4805 1527
13349 1528
10445 1529
14125 1530
9971 1531
1498 1532
13128 1533
10831 1534
8691 1535
15871 1536
1536 1537
12707 1538
3613 1539
15996 1540
9025 1541
7880 1542
12007 1543
12776 1544
6932 1545
9321 1546
1659 1547
1493 1548
1852 1549
3613 1550
7459 1551
14225 1552
6734 1553
1148 1554
12342 1555
5047 1556
4451 1557
14423 1558
6944 1559
9827 1560
15284 1561
1935 1562
7659 1563
1903 1564
13106 1565
10636 1566
14139 1567
66 1568
2597 1569
931 1570
11538 1571
4627 1572
3858 1573
15026 1574
12609 1575
12121 1576
13867 1577
15478 1578
12592 1579
10807 1580
6509 1581
6066 1582
10598 1583
10239 1584
13521 1585
3551 1586
15580 1587
1226 1588
71 1589
12549 1590
9616 1591
11067 1592
12848 1593
13949 1594
9382 1595
3390 1596
3268 1597
14573 1598
7113 1599
