1650 500
7037 0
9569 1
9094 2
13362 3
13155 4
2082 5
10718 6
688 7
14771 8
7370 9
84 10
7956 11
1343 12
15729 13
11160 14
12225 15
11554 16
7793 17
12454 18
16437 19
12585 20
15970 21
12257 22
4574 23
7030 24
3741 25
11817 26
8361 27
12815 28
3240 29
7491 30
14323 31
9113 32
8906 33
369 34
8721 35
3530 36
13902 37
3791 38
6011 39
1006 40
5515 41
1630 42
5464 43
5677 44
12717 45
632 46
14985 47
2117 48
16102 49
6947 50
15650 51
10969 52
11367 53
15613 54
1516 55
12180 56
8098 57
6104 58
16208 59
14757 60
8681 61
10838 62
8828 63
12963 64
14634 65
3507 66
9413 67
15767 68
6969 69
4565 70
1498 71
15088 72
14755 73
11816 74
547 75
9726 76
15157 77
9165 78
11161 79
14818 80
8259 81
3753 82
3133 83
7116 84
14849 85
7582 86
15169 87
499 88
5550 89
7021 90
13393 91
9917 92
8083 93
11873 94
8129 95
5320 96
1703 97
14141 98
13977 99
2996 100
7277 101
4410 102
5685 103
4736 104
15955 105
4639 106
8107 107
792 108
3449 109
7841 110
1403 111
16265 112
7552 113
13325 114
8430 115
1861 116
2868 117
13889 118
1947 119
10756 120
1220 121
14082 122
8119 123
2003 124
9940 125
13968 126
9298 127
13183 128
8699 129
4000 130
883 131
4698 132
10369 133
1111 134
8725 135
16193 136
13203 137
10771 138
5896 139
8925 140
9241 141
6274 142
5308 143
7927 144
12609 145
1135 146
11906 147
10278 148
11935 149
3575 150
5503 151
752 152
8697 153
6985 154
12798 155
9511 156
15352 157
8059 158
15225 159
10800 160
58 161
15263 162
60 163
8744 164
3525 165
2982 166
6417 167
12030 168
7072 169
5527 170
2589 171
12581 172
16181 173
1020 174
8419 175
1312 176
2048 177
5608 178
2320 179
2128 180
11441 181
4063 182
5239 183
4535 184
8360 185
13788 186
10780 187
13047 188
16085 189
5050 190
15055 191
8225 192
4529 193
9800 194
15773 195
11262 196
14456 197
7840 198
5417 199
9403 200
1429 201
1642 202
8269 203
15640 204
11421 205
2011 206
15411 207
785 208
8151 209
1579 210
10606 211
15787 212
477 213
5643 214
13740 215
9671 216
14683 217
1638 218
2259 219
7985 220
9181 221
13940 222
2975 223
7466 224
2200 225
13130 226
7224 227
1326 228
16423 229
3669 230
5879 231
8037 232
12929 233
15263 234
6999 235
12511 236
10849 237
12530 238
15425 239
10965 240
5151 241
2992 242
11434 243
8843 244
6485 245
5189 246
16481 247
2461 248
9550 249
15499 250
7774 251
14792 252
7056 253
7110 254
11831 255
1833 256
13709 257
3513 258
4513 259
3349 260
275 261
2901 262
3999 263
14765 264
16 265
13914 266
14228 267
10978 268
9103 269
897 270
2864 271
9297 272
3566 273
11462 274
13166 275
7647 276
11962 277
16307 278
14876 279
7897 280
8000 281
2907 282
3430 283
10248 284
14863 285
8136 286
12964 287
15254 288
11708 289
4596 290
1533 291
7897 292
12498 293
8210 294
12380 295
13804 296
16448 297
15014 298
3289 299
7072 300
13013 301
8793 302
8420 303
820 304
9723 305
2820 306
5746 307
14951 308
11794 309
3493 310
4716 311
14472 312
13745 313
10883 314
15489 315
6319 316
9473 317
14934 318
10533 319
10625 320
1368 321
13092 322
15745 323
12941 324
15005 325
3332 326
3709 327
11380 328
2920 329
11841 330
9377 331
10147 332
3824 333
11415 334
6130 335
4237 336
11475 337
8499 338
1938 339
12093 340
12513 341
10439 342
2669 343
5118 344
3314 345
5595 346
4849 347
12047 348
3460 349
6450 350
13156 351
6036 352
7208 353
12242 354
13826 355
12113 356
261 357
3524 358
7556 359
9772 360
4760 361
4184 362
477 363
13842 364
5402 365
14476 366
9708 367
9611 368
15928 369
5771 370
13414 371
1872 372
14585 373
3896 374
7410 375
4036 376
4625 377
10724 378
9281 379
9469 380
13146 381
16358 382
10814 383
4367 384
2108 385
12301 386
12416 387
11563 388
13690 389
2440 390
16451 391
3977 392
13526 393
10259 394
4204 395
14277 396
15175 397
2344 398
3582 399
1937 400
8880 401
6402 402
16365 403
403 404
13865 405
594 406
11549 407
13845 408
4319 409
6767 410
1070 411
7756 412
13622 413
15742 414
16234 415
1010 416
15892 417
13107 418
6589 419
9041 420
1288 421
8310 422
2846 423
2023 424
2591 425
10155 426
4516 427
13854 428
3828 429
6029 430
16009 431
11195 432
2944 433
13982 434
5764 435
9786 436
2918 437
8257 438
14790 439
9549 440
6287 441
15923 442
5528 443
13780 444
5289 445
3697 446
10767 447
10786 448
12916 449
8122 450
5035 451
13351 452
8007 453
7181 454
3363 455
11202 456
8875 457
15364 458
10171 459
12202 460
594 461
6970 462
15238 463
11769 464
12177 465
5130 466
5963 467
6340 468
13619 469
3517 470
4572 471
16199 472
12962 473
16408 474
7364 475
3430 476
13188 477
11621 478
9152 479
990 480
3177 481
9592 482
377 483
11300 484
2115 485
4669 486
8227 487
2884 488
1206 489
15713 490
9935 491
13388 492
15712 493
9852 494
3245 495
12673 496
13404 497
3066 498
10782 499
2912 500
7680 501
6483 502
11159 503
9077 504
16299 505
10169 506
6320 507
15622 508
3719 509
14186 510
760 511
15298 512
12518 513
2139 514
14911 515
8853 516
3478 517
16459 518
9409 519
6712 520
2443 521
15226 522
1220 523
7694 524
10024 525
10001 526
8473 527
14544 528
10807 529
11838 530
11045 531
11711 532
1033 533
1232 534
7411 535
7158 536
6721 537
6446 538
8365 539
11769 540
12173 541
589 542
14382 543
4197 544
5435 545
5649 546
8175 547
14999 548
7341 549
8085 550
13413 551
6426 552
16060 553
10637 554
1757 555
1483 556
2282 557
2954 558
7694 559
6196 560
4236 561
11093 562
13242 563
12795 564
10384 565
13738 566
7593 567
5196 568
5646 569
11802 570
5930 571
11108 572
11904 573
3295 574
16480 575
3402 576
15685 577
9769 578
14666 579
5879 580
8753 581
13108 582
7704 583
7134 584
6677 585
871 586
5149 587
4711 588
16472 589
15756 590
13961 591
3742 592
5312 593
3485 594
7189 595
9991 596
3431 597
1051 598
10677 599
15368 600
5487 601
4653 602
11662 603
8780 604
6600 605
8546 606
4923 607
11001 608
6704 609
2055 610
2560 611
2851 612
10993 613
6806 614
7533 615
4735 616
8549 617
6545 618
12773 619
16380 620
2816 621
5451 622
2628 623
1333 624
7934 625
33 626
3162 627
4971 628
10337 629
12047 630
8379 631
6537 632
9767 633
11433 634
14309 635
11654 636
15940 637
7184 638
3719 639
10188 640
6753 641
3458 642
10607 643
3170 644
7907 645
397 646
9934 647
5217 648
12926 649
1066 650
10674 651
11894 652
1725 653
10894 654
10914 655
1287 656
13665 657
1073 658
11563 659
2047 660
15421 661
16069 662
5615 663
9715 664
11409 665
1084 666
15753 667
6659 668
6827 669
7542 670
301 671
12972 672
6492 673
6985 674
14324 675
9480 676
14853 677
8084 678
10114 679
2520 680
216 681
14834 682
10289 683
10187 684
14237 685
5125 686
11431 687
3431 688
8959 689
9683 690
14966 691
3531 692
6721 693
14776 694
3227 695
3020 696
5356 697
12714 698
3305 699
2910 700
2612 701
12454 702
16308 703
7495 704
709 705
16053 706
13116 707
1630 708
7176 709
15927 710
13604 711
7795 712
1806 713
1961 714
7029 715
2512 716
224 717
11908 718
2062 719
10852 720
13192 721
1922 722
6355 723
10094 724
9561 725
371 726
9386 727
2029 728
13068 729
8198 730
13352 731
10143 732
8221 733
10382 734
4768 735
7813 736
11991 737
2544 738
75 739
12387 740
3309 741
11436 742
5691 743
299 744
3548 745
6493 746
11347 747
3836 748
15189 749
5023 750
15955 751
9760 752
3649 753
6177 754
7793 755
1256 756
6517 757
15530 758
8779 759
12210 760
11920 761
7274 762
14013 763
4325 764
15468 765
6548 766
9216 767
6872 768
15910 769
8131 770
14261 771
13817 772
10196 773
7119 774
10558 775
12834 776
12800 777
894 778
6852 779
2864 780
13700 781
11164 782
4174 783
3653 784
12494 785
14303 786
3623 787
6984 788
716 789
733 790
558 791
13635 792
5539 793
9872 794
2182 795
7003 796
10474 797
776 798
11262 799
15127 800
16067 801
11410 802
11512 803
14721 804
12642 805
8696 806
11455 807
14531 808
6230 809
8462 810
7961 811
6735 812
5059 813
5411 814
3217 815
16055 816
391 817
10966 818
15935 819
15990 820
10295 821
8764 822
11325 823
40 824
11063 825
11399 826
15793 827
15971 828
15271 829
6412 830
7853 831
793 832
10113 833
6710 834
12276 835
16072 836
8509 837
3349 838
6652 839
15154 840
2316 841
741 842
13792 843
2464 844
13326 845
14739 846
11444 847
5248 848
9876 849
5838 850
5787 851
8136 852
5790 853
12121 854
11010 855
10093 856
7534 857
13970 858
9040 859
6966 860
10128 861
16213 862
13164 863
5901 864
11767 865
10590 866
14534 867
11955 868
5120 869
3169 870
9308 871
14707 872
5776 873
14645 874
9077 875
359 876
13462 877
7977 878
7556 879
2522 880
7941 881
10535 882
10175 883
9830 884
6476 885
11422 886
7166 887
6742 888
839 889
3169 890
14776 891
7887 892
7294 893
15408 894
16152 895
4813 896
15461 897
15314 898
11968 899
11283 900
7843 901
3787 902
3977 903
6328 904
11992 905
9262 906
10409 907
3018 908
2307 909
15801 910
14822 911
11604 912
10841 913
11815 914
13654 915
438 916
128 917
11103 918
11085 919
337 920
4101 921
1006 922
9856 923
2080 924
3911 925
11732 926
12122 927
14997 928
11735 929
1198 930
10482 931
15230 932
3784 933
2419 934
2950 935
5595 936
5847 937
1867 938
3535 939
1229 940
14963 941
14555 942
6845 943
4368 944
13832 945
11793 946
9258 947
13339 948
1442 949
1183 950
11365 951
7658 952
2240 953
15041 954
5212 955
8398 956
13390 957
12956 958
13991 959
8638 960
12266 961
8354 962
4293 963
9175 964
7155 965
10131 966
2628 967
4402 968
3370 969
7924 970
16421 971
4131 972
4374 973
9956 974
1629 975
15983 976
13382 977
2118 978
11380 979
14384 980
6518 981
7809 982
3649 983
1870 984
14395 985
15379 986
10131 987
13282 988
11473 989
3095 990
7633 991
14496 992
10490 993
2449 994
5220 995
5955 996
13216 997
14360 998
5666 999
702 1000
2656 1001
890 1002
875 1003
16409 1004
13280 1005
9614 1006
15658 1007
6130 1008
14687 1009
5898 1010
7703 1011
2696 1012
7537 1013
10044 1014
9413 1015
16316 1016
5054 1017
540 1018
13686 1019
13712 1020
5801 1021
12813 1022
12803 1023
10023 1024
11720 1025
8348 1026
13972 1027
6020 1028
3913 1029
11926 1030
9729 1031
9702 1032
11524 1033
2355 1034
8498 1035
5264 1036
11063 1037
6248 1038
5913 1039
15147 1040
10875 1041
9204 1042
13438 1043
13482 1044
3438 1045
5407 1046
7251 1047
11624 1048
4451 1049
16053 1050
5250 1051
11350 1052
8986 1053
2787 1054
5752 1055
10887 1056
4299 1057
7436 1058
11606 1059
138 1060
1135 1061
86 1062
8968 1063
8029 1064
16388 1065
12250 1066
8847 1067
7210 1068
16092 1069
11366 1070
9931 1071
15726 1072
8035 1073
9028 1074
8791 1075
6498 1076
8091 1077
9687 1078
12838 1079
12474 1080
4202 1081
638 1082
13706 1083
5337 1084
15975 1085
8494 1086
1411 1087
10122 1088
8809 1089
1714 1090
2927 1091
1406 1092
10714 1093
1719 1094
2305 1095
6931 1096
3156 1097
385 1098
11772 1099
9783 1100
15877 1101
7392 1102
14023 1103
523 1104
12000 1105
1616 1106
4485 1107
7922 1108
3125 1109
11917 1110
16248 1111
12566 1112
12478 1113
11027 1114
13159 1115
11844 1116
2529 1117
8915 1118
9393 1119
11375 1120
14958 1121
14245 1122
699 1123
159 1124
14124 1125
5313 1126
12518 1127
3890 1128
2816 1129
13551 1130
3369 1131
6183 1132
6386 1133
794 1134
3876 1135
298 1136
15978 1137
11072 1138
12404 1139
8485 1140
2648 1141
14838 1142
3159 1143
15623 1144
9070 1145
15081 1146
10129 1147
11823 1148
8773 1149
1905 1150
10840 1151
1040 1152
8080 1153
4489 1154
13798 1155
4955 1156
13995 1157
4129 1158
11856 1159
16220 1160
8904 1161
14053 1162
2445 1163
1810 1164
648 1165
6965 1166
14857 1167
6589 1168
10271 1169
9221 1170
10180 1171
14461 1172
14053 1173
13904 1174
1957 1175
5065 1176
8596 1177
5486 1178
9058 1179
9951 1180
3885 1181
8752 1182
2062 1183
15272 1184
11562 1185
11039 1186
15447 1187
3642 1188
12750 1189
1210 1190
3809 1191
7116 1192
12422 1193
5221 1194
7741 1195
5573 1196
8202 1197
2107 1198
3073 1199
12558 1200
15942 1201
9135 1202
8201 1203
10123 1204
2276 1205
9202 1206
5255 1207
3314 1208
3212 1209
2292 1210
16054 1211
13326 1212
6273 1213
1994 1214
4797 1215
5114 1216
11175 1217
10717 1218
12708 1219
14430 1220
2868 1221
15568 1222
7559 1223
12809 1224
8644 1225
4687 1226
12858 1227
9010 1228
13990 1229
8665 1230
4355 1231
15320 1232
3807 1233
14895 1234
13077 1235
3494 1236
16122 1237
15454 1238
13647 1239
7460 1240
5784 1241
8873 1242
6711 1243
15907 1244
3 1245
13717 1246
14230 1247
8813 1248
7061 1249
15809 1250
1577 1251
10179 1252
15151 1253
13678 1254
15463 1255
5568 1256
3982 1257
8176 1258
5742 1259
5529 1260
14097 1261
3601 1262
15645 1263
11690 1264
16006 1265
10397 1266
8397 1267
10561 1268
8656 1269
9968 1270
14969 1271
3493 1272
6149 1273
14490 1274
2622 1275
10820 1276
2814 1277
4938 1278
6448 1279
8243 1280
15071 1281
2396 1282
1128 1283
10051 1284
14720 1285
13811 1286
13663 1287
15745 1288
7537 1289
3981 1290
15444 1291
9128 1292
5438 1293
15986 1294
13622 1295
3489 1296
763 1297
2116 1298
13908 1299
8299 1300
11921 1301
7728 1302
8496 1303
13819 1304
7871 1305
201 1306
15865 1307
15054 1308
3249 1309
6506 1310
2741 1311
9357 1312
15183 1313
1822 1314
15183 1315
5820 1316
11495 1317
6730 1318
1009 1319
7449 1320
12100 1321
7207 1322
4871 1323
4848 1324
16048 1325
7666 1326
13270 1327
9465 1328
80 1329
14891 1330
6994 1331
828 1332
15915 1333
10531 1334
4171 1335
5711 1336
885 1337
12453 1338
1864 1339
3347 1340
13375 1341
13039 1342
12415 1343
13345 1344
7411 1345
1991 1346
13088 1347
3397 1348
3733 1349
15126 1350
2889 1351
4103 1352
14802 1353
6297 1354
12062 1355
2229 1356
5712 1357
12822 1358
610 1359
3101 1360
3707 1361
13537 1362
12548 1363
3525 1364
764 1365
5668 1366
4272 1367
5057 1368
948 1369
5637 1370
14448 1371
7609 1372
4455 1373
16405 1374
9368 1375
12317 1376
9894 1377
2854 1378
7059 1379
11583 1380
15280 1381
13863 1382
13452 1383
2885 1384
7574 1385
2741 1386
15088 1387
5075 1388
15507 1389
13936 1390
4229 1391
5966 1392
10105 1393
15865 1394
8552 1395
528 1396
12747 1397
15822 1398
5747 1399
6242 1400
2635 1401
1664 1402
15922 1403
11693 1404
4229 1405
15423 1406
3769 1407
1813 1408
5241 1409
13725 1410
12715 1411
13226 1412
15632 1413
14766 1414
2642 1415
16221 1416
11073 1417
5036 1418
15685 1419
5262 1420
15361 1421
12621 1422
6630 1423
9707 1424
12017 1425
5147 1426
9153 1427
11455 1428
14694 1429
249 1430
14244 1431
1040 1432
15186 1433
1954 1434
14784 1435
10426 1436
11662 1437
8490 1438
985 1439
14079 1440
1324 1441
9726 1442
4802 1443
9279 1444
6483 1445
5828 1446
6392 1447
8778 1448
3726 1449
167 1450
9501 1451
4314 1452
14036 1453
12530 1454
3669 1455
1483 1456
7146 1457
9465 1458
4030 1459
12877 1460
515 1461
8828 1462
13060 1463
15501 1464
1862 1465
13377 1466
11851 1467
15770 1468
10372 1469
7738 1470
2185 1471
6314 1472
15694 1473
14613 1474
15101 1475
8504 1476
13133 1477
11357 1478
459 1479
3298 1480
14161 1481
6901 1482
16049 1483
13141 1484
881 1485
9614 1486
11384 1487
1230 1488
6483 1489
13422 1490
14613 1491
1873 1492
5609 1493
2929 1494
1098 1495
4647 1496
6432 1497
9666 1498
1535 1499
8888 1500
11316 1501
2025 1502
6065 1503
4233 1504
15362 1505
12110 1506
6077 1507
7589 1508
13301 1509
15143 1510
8241 1511
13918 1512
15916 1513
4686 1514
13523 1515
3872 1516
6857 1517
14167 1518
11231 1519
7551 1520
8407 1521
4912 1522
14854 1523
14902 1524
3334 1525
12255 1526
11384 1527
11739 1528
2027 1529
4366 1530
14526 1531
393 1532
841 1533
377 1534
11925 1535
8790 1536
13372 1537
1505 1538
6876 1539
13705 1540
15393 1541
13911 1542
11944 1543
8551 1544
16465 1545
12178 1546
13352 1547
3114 1548
12282 1549
12153 1550
8206 1551
4435 1552
12530 1553
10728 1554
3584 1555
4945 1556
13471 1557
4572 1558
6794 1559
3323 1560
642 1561
2120 1562
8685 1563
16111 1564
405 1565
9632 1566
11309 1567
6479 1568
16441 1569
3234 1570
5867 1571
13780 1572
12169 1573
16031 1574
13292 1575
15272 1576
1873 1577
11673 1578
2136 1579
9492 1580
11625 1581
10828 1582
15207 1583
16297 1584
12613 1585
1899 1586
11975 1587
7734 1588
7585 1589
942 1590
14941 1591
16063 1592
6910 1593
2439 1594
10574 1595
6406 1596
11397 1597
4156 1598
15085 1599
1460 1600
12879 1601
2395 1602
16495 1603
4551 1604
14458 1605
8195 1606
4329 1607
6546 1608
607 1609
12311 1610
13062 1611
266 1612
12769 1613
15320 1614
1747 1615
5373 1616
8483 1617
3711 1618
14987 1619
6040 1620
6046 1621
16345 1622
15390 1623
2585 1624
13085 1625
5236 1626
3266 1627
11399 1628
1281 1629
3496 1630
9572 1631
10965 1632
15383 1633
6827 1634
9027 1635
2357 1636
2508 1637
3747 1638
9544 1639
7320 1640
2448 1641
4073 1642
7045 1643
11372 1644
8289 1645
87 1646
14346 1647
11780 1648
12736 1649
