100 1200
306 0
241 1
239 2
998 3
236 4
285 5
377 6
266 7
526 8
803 9
259 10
580 11
146 12
412 13
51 14
408 15
501 16
825 17
199 18
558 19
284 20
646 21
561 22
596 23
66 24
470 25
40 26
70 27
218 28
743 29
884 30
339 31
110 32
300 33
440 34
117 35
296 36
666 37
938 38
979 39
670 40
199 41
248 42
656 43
811 44
500 45
674 46
724 47
884 48
503 49
552 50
303 51
517 52
144 53
183 54
632 55
644 56
274 57
919 58
402 59
389 60
881 61
981 62
516 63
234 64
716 65
236 66
808 67
310 68
874 69
497 70
952 71
785 72
299 73
336 74
510 75
431 76
269 77
481 78
25 79
891 80
682 81
575 82
9 83
991 84
972 85
114 86
469 87
212 88
968 89
260 90
241 91
74 92
848 93
428 94
440 95
308 96
586 97
129 98
743 99
