1450 1000
4187 0
5781 1
3769 2
1560 3
9689 4
2135 5
3329 6
1333 7
10792 8
12182 9
584 10
11805 11
12751 12
2769 13
8623 14
9115 15
5284 16
6266 17
12159 18
11489 19
8887 20
2756 21
755 22
7477 23
5126 24
831 25
4309 26
6082 27
2843 28
3713 29
893 30
8583 31
2826 32
13050 33
13328 34
11719 35
1738 36
4058 37
10231 38
9045 39
12130 40
10246 41
4815 42
1239 43
8341 44
11110 45
1189 46
5196 47
9020 48
11843 49
12109 50
6460 51
546 52
12236 53
6938 54
5197 55
7446 56
13139 57
1304 58
2209 59
10406 60
10017 61
6843 62
14293 63
12319 64
12551 65
10634 66
10441 67
1901 68
398 69
3364 70
8616 71
11775 72
4072 73
5108 74
10422 75
11682 76
9950 77
10821 78
676 79
8417 80
2544 81
11916 82
9176 83
4420 84
2030 85
799 86
7792 87
1442 88
8330 89
6637 90
7399 91
5877 92
14146 93
1037 94
11953 95
4549 96
3746 97
3575 98
11832 99
12303 100
13077 101
8128 102
13385 103
12425 104
12985 105
3150 106
10542 107
8437 108
8244 109
11851 110
4541 111
9111 112
3475 113
10264 114
6573 115
5247 116
1595 117
13606 118
12948 119
11087 120
7635 121
4727 122
11103 123
6356 124
12729 125
5672 126
9227 127
7871 128
1907 129
8129 130
10682 131
8558 132
5395 133
11047 134
2529 135
12263 136
1016 137
12447 138
2144 139
9494 140
13553 141
4168 142
13678 143
8795 144
3103 145
14440 146
3486 147
11802 148
11796 149
13245 150
6607 151
2191 152
9310 153
8963 154
1958 155
4813 156
13281 157
8892 158
14187 159
12190 160
11521 161
10614 162
12329 163
4169 164
8912 165
12737 166
12175 167
7731 168
2096 169
8960 170
14248 171
10217 172
7970 173
498 174
10627 175
6145 176
11942 177
8734 178
12250 179
4033 180
13975 181
10218 182
8261 183
8721 184
1596 185
13712 186
6876 187
10748 188
12936 189
984 190
1785 191
2488 192
9692 193
10009 194
4961 195
3143 196
7235 197
242 198
5576 199
6927 200
257 201
5271 202
1015 203
2567 204
10771 205
7539 206
9113 207
220 208
1514 209
6756 210
11744 211
1326 212
12365 213
14409 214
11761 215
465 216
2828 217
13691 218
13016 219
6508 220
14440 221
13130 222
6532 223
6582 224
1398 225
5674 226
5214 227
566 228
637 229
2542 230
13345 231
683 232
9802 233
3926 234
11475 235
6785 236
4083 237
812 238
7856 239
11623 240
8658 241
10377 242
2573 243
8467 244
7372 245
7823 246
7374 247
12202 248
2848 249
4118 250
9776 251
10522 252
10778 253
4980 254
11731 255
7988 256
1443 257
8082 258
7327 259
3512 260
4381 261
14398 262
12130 263
7684 264
14290 265
11960 266
6397 267
13486 268
10873 269
3960 270
5560 271
11405 272
4428 273
1778 274
12531 275
9015 276
14478 277
1678 278
1127 279
696 280
6266 281
10619 282
3905 283
11524 284
4782 285
13962 286
2153 287
13317 288
13272 289
3579 290
11706 291
14148 292
5350 293
1262 294
4393 295
7769 296
11072 297
3751 298
11856 299
6554 300
11912 301
12565 302
10384 303
12452 304
9190 305
12434 306
1673 307
10065 308
1222 309
12740 310
6411 311
54 312
1259 313
13620 314
11730 315
9196 316
4972 317
2475 318
4709 319
5397 320
6582 321
558 322
5221 323
13959 324
996 325
14440 326
8802 327
9032 328
1578 329
4749 330
9992 331
3305 332
12271 333
3200 334
12648 335
1886 336
8615 337
6277 338
2984 339
1878 340
7927 341
1572 342
6162 343
5761 344
4515 345
14221 346
12520 347
3493 348
7634 349
73 350
4380 351
1714 352
2302 353
6946 354
3533 355
13723 356
5194 357
3793 358
13633 359
13638 360
10451 361
813 362
4167 363
1883 364
7740 365
10399 366
3462 367
11909 368
12916 369
2365 370
5917 371
1130 372
2458 373
8236 374
14315 375
4941 376
14010 377
3791 378
11819 379
7261 380
11712 381
10945 382
13056 383
7831 384
11873 385
6947 386
10527 387
11648 388
3630 389
11871 390
9855 391
2399 392
10075 393
7543 394
1418 395
12246 396
5798 397
5653 398
10806 399
601 400
14051 401
8217 402
14434 403
4301 404
4522 405
4399 406
5093 407
7400 408
8350 409
8869 410
13077 411
10472 412
2052 413
8126 414
10441 415
4275 416
408 417
10856 418
5016 419
5142 420
11883 421
7890 422
5273 423
2446 424
10560 425
8705 426
12430 427
11321 428
1772 429
3448 430
9650 431
12452 432
13705 433
13314 434
5850 435
8182 436
669 437
1636 438
3539 439
391 440
5686 441
14355 442
12197 443
6953 444
9467 445
8167 446
11068 447
10612 448
13050 449
3048 450
9914 451
12433 452
7152 453
8011 454
12299 455
7501 456
6911 457
1227 458
12204 459
2711 460
14332 461
6330 462
14430 463
14102 464
13194 465
1703 466
4024 467
9160 468
2510 469
3938 470
224 471
2094 472
104 473
11990 474
10122 475
12341 476
5873 477
2292 478
3326 479
13575 480
1405 481
14103 482
5097 483
1982 484
9249 485
10036 486
8898 487
537 488
8406 489
3268 490
13047 491
14142 492
13787 493
14262 494
12272 495
3575 496
9591 497
2625 498
780 499
375 500
861 501
530 502
683 503
3872 504
11743 505
12045 506
10936 507
14244 508
12332 509
12438 510
6629 511
9745 512
8993 513
6831 514
7130 515
6151 516
101 517
9268 518
6165 519
7646 520
8066 521
2002 522
8939 523
2974 524
11424 525
5016 526
4448 527
8094 528
9226 529
3338 530
3114 531
13117 532
4536 533
9639 534
4066 535
9964 536
11912 537
5626 538
2640 539
13205 540
965 541
9212 542
10040 543
12149 544
1098 545
9497 546
11269 547
14437 548
1161 549
2767 550
4684 551
8513 552
13482 553
14380 554
6125 555
9831 556
1730 557
6882 558
696 559
11710 560
581 561
10325 562
639 563
6655 564
13795 565
9087 566
7626 567
5707 568
13761 569
11847 570
4474 571
8258 572
12864 573
4710 574
13109 575
2917 576
13128 577
954 578
10525 579
2575 580
12248 581
10897 582
6135 583
13226 584
8336 585
1639 586
3365 587
10049 588
13054 589
9322 590
7000 591
9201 592
1447 593
5194 594
9187 595
907 596
7161 597
4518 598
8248 599
9837 600
7123 601
1949 602
7974 603
13624 604
4444 605
559 606
11073 607
9227 608
779 609
8887 610
14204 611
4960 612
4585 613
5229 614
3958 615
6635 616
4750 617
5301 618
13050 619
10167 620
11998 621
7356 622
6504 623
670 624
3723 625
4859 626
11050 627
12629 628
5214 629
3859 630
5180 631
10714 632
429 633
3018 634
12111 635
1043 636
12567 637
13698 638
2067 639
692 640
4932 641
2006 642
5842 643
3748 644
2753 645
4360 646
13982 647
9595 648
6439 649
4975 650
115 651
8833 652
11616 653
12893 654
8277 655
7497 656
6515 657
13295 658
11390 659
5827 660
9479 661
7249 662
13025 663
10035 664
3763 665
11480 666
3548 667
3390 668
2678 669
4843 670
5399 671
8416 672
7825 673
12141 674
2715 675
9718 676
3628 677
11116 678
12645 679
5349 680
9021 681
12782 682
12219 683
3953 684
12161 685
3238 686
10286 687
13679 688
14231 689
284 690
12034 691
5445 692
966 693
6254 694
11500 695
9504 696
9319 697
4031 698
17 699
10695 700
5313 701
9169 702
10038 703
10557 704
12868 705
9032 706
8326 707
7769 708
2038 709
11977 710
6224 711
9699 712
13735 713
7797 714
2672 715
7084 716
1921 717
3130 718
3711 719
13618 720
9074 721
14332 722
6558 723
11414 724
6319 725
8295 726
8126 727
7192 728
6761 729
4326 730
2953 731
11128 732
10850 733
3465 734
13090 735
10669 736
4567 737
12553 738
6668 739
3164 740
2472 741
5485 742
13185 743
4534 744
2063 745
12203 746
9155 747
8607 748
6093 749
12275 750
11257 751
13432 752
9385 753
12244 754
3640 755
2032 756
2247 757
11081 758
9089 759
9851 760
10236 761
6352 762
6827 763
14245 764
141 765
9803 766
3778 767
3530 768
795 769
2889 770
3401 771
4529 772
6726 773
5420 774
13849 775
5441 776
14052 777
11761 778
4102 779
7811 780
13331 781
10742 782
6038 783
4958 784
11540 785
14229 786
8326 787
1230 788
9359 789
11066 790
3054 791
6492 792
5333 793
789 794
6231 795
13336 796
467 797
9355 798
2740 799
8275 800
7039 801
8395 802
7287 803
10317 804
9219 805
7557 806
3244 807
11490 808
11641 809
8948 810
9277 811
196 812
10530 813
6726 814
1572 815
5293 816
3188 817
758 818
10300 819
7933 820
3599 821
11852 822
7948 823
9721 824
3199 825
7424 826
14133 827
747 828
4564 829
3186 830
7471 831
5359 832
2881 833
4328 834
11137 835
2010 836
13731 837
11867 838
3282 839
11452 840
13166 841
8156 842
11541 843
13282 844
13252 845
9545 846
10717 847
6476 848
6242 849
13370 850
352 851
6882 852
6806 853
2540 854
9419 855
7345 856
11378 857
6161 858
13837 859
3323 860
11217 861
3899 862
6732 863
1880 864
2808 865
1321 866
10612 867
7039 868
3398 869
11060 870
3257 871
1556 872
3738 873
2776 874
3769 875
9153 876
11246 877
2109 878
9961 879
7728 880
4791 881
3194 882
12067 883
9340 884
10216 885
872 886
11844 887
9771 888
493 889
5784 890
323 891
13219 892
6424 893
1642 894
8510 895
9804 896
8496 897
3868 898
3829 899
6025 900
6599 901
6744 902
10419 903
12939 904
9630 905
12747 906
1793 907
13567 908
7980 909
8164 910
11204 911
1200 912
11329 913
13766 914
12729 915
13542 916
41 917
9733 918
4506 919
5998 920
11096 921
7719 922
13262 923
7576 924
12141 925
3256 926
6168 927
6844 928
11082 929
11154 930
12788 931
7146 932
13480 933
12909 934
3238 935
9187 936
12667 937
937 938
11599 939
13251 940
3258 941
4563 942
95 943
5115 944
8398 945
6576 946
13119 947
42 948
1081 949
8422 950
7836 951
6382 952
74 953
6897 954
1431 955
3322 956
13 957
4461 958
5864 959
6323 960
2052 961
8925 962
2178 963
8092 964
9830 965
5754 966
3641 967
9670 968
6810 969
4923 970
9803 971
4683 972
13446 973
10183 974
1904 975
7308 976
9815 977
8516 978
3942 979
10405 980
9151 981
1491 982
794 983
7871 984
7010 985
9697 986
13488 987
4673 988
12930 989
7654 990
4462 991
2599 992
1447 993
4666 994
9633 995
10919 996
4811 997
4520 998
11118 999
9101 1000
2632 1001
5037 1002
7730 1003
10175 1004
10794 1005
6355 1006
9441 1007
3164 1008
9761 1009
6303 1010
3438 1011
4176 1012
8004 1013
11564 1014
8445 1015
1013 1016
7311 1017
7331 1018
12746 1019
1344 1020
817 1021
14306 1022
12407 1023
4779 1024
9941 1025
4633 1026
6245 1027
1912 1028
14226 1029
10869 1030
3172 1031
8004 1032
4837 1033
11873 1034
12456 1035
12285 1036
7065 1037
7868 1038
7683 1039
4486 1040
13679 1041
5580 1042
12615 1043
12187 1044
9897 1045
9695 1046
4504 1047
13211 1048
3222 1049
10718 1050
4294 1051
4675 1052
1070 1053
1814 1054
2317 1055
1367 1056
12575 1057
12998 1058
12052 1059
14376 1060
1706 1061
8562 1062
7177 1063
6944 1064
10304 1065
49 1066
14305 1067
10677 1068
1623 1069
4514 1070
12213 1071
1000 1072
1822 1073
1770 1074
3327 1075
14484 1076
2309 1077
6338 1078
7641 1079
3731 1080
858 1081
12165 1082
6597 1083
8722 1084
909 1085
587 1086
9589 1087
674 1088
5713 1089
2719 1090
12900 1091
895 1092
14002 1093
14438 1094
2233 1095
8317 1096
5051 1097
4764 1098
11021 1099
3535 1100
5248 1101
2138 1102
1052 1103
2678 1104
7232 1105
2868 1106
12504 1107
1914 1108
12349 1109
12867 1110
9484 1111
7480 1112
941 1113
3083 1114
5498 1115
6945 1116
6008 1117
5814 1118
5802 1119
4160 1120
12902 1121
10295 1122
2820 1123
13554 1124
13710 1125
1428 1126
11746 1127
10393 1128
1809 1129
8027 1130
4460 1131
4455 1132
1317 1133
10401 1134
12911 1135
10259 1136
1998 1137
6357 1138
8696 1139
9721 1140
3504 1141
8581 1142
2664 1143
1846 1144
5845 1145
9722 1146
6033 1147
9110 1148
2428 1149
12971 1150
237 1151
6941 1152
11142 1153
6559 1154
11681 1155
278 1156
4171 1157
12046 1158
1844 1159
4225 1160
3278 1161
9553 1162
9935 1163
11706 1164
6878 1165
12504 1166
8561 1167
6154 1168
13448 1169
12193 1170
5529 1171
12457 1172
973 1173
9092 1174
4153 1175
2573 1176
13482 1177
13880 1178
13353 1179
6396 1180
2303 1181
6859 1182
11578 1183
14212 1184
2689 1185
10677 1186
13328 1187
8266 1188
3264 1189
6179 1190
9995 1191
264 1192
13864 1193
2620 1194
3410 1195
1717 1196
451 1197
8944 1198
3715 1199
10675 1200
5964 1201
12855 1202
4403 1203
1982 1204
2482 1205
12470 1206
276 1207
628 1208
1632 1209
5529 1210
2423 1211
13808 1212
11002 1213
3159 1214
7592 1215
5057 1216
13848 1217
12846 1218
3132 1219
6215 1220
3196 1221
8222 1222
7430 1223
4210 1224
10796 1225
1074 1226
7889 1227
2290 1228
10673 1229
3646 1230
1043 1231
5865 1232
6402 1233
3719 1234
5737 1235
5227 1236
1330 1237
548 1238
1926 1239
10782 1240
8640 1241
10882 1242
6568 1243
11957 1244
1327 1245
10074 1246
11973 1247
14437 1248
13222 1249
13010 1250
7794 1251
3894 1252
491 1253
8852 1254
7417 1255
2679 1256
6522 1257
9910 1258
7345 1259
12484 1260
6472 1261
6820 1262
566 1263
11161 1264
10121 1265
1851 1266
9505 1267
14113 1268
5569 1269
5694 1270
12207 1271
8167 1272
1438 1273
9406 1274
10385 1275
1910 1276
1232 1277
5454 1278
4991 1279
8815 1280
14465 1281
5852 1282
5584 1283
13219 1284
6260 1285
6346 1286
4928 1287
632 1288
3004 1289
3453 1290
1107 1291
13509 1292
10461 1293
5063 1294
14158 1295
3844 1296
2673 1297
6106 1298
2401 1299
14371 1300
12316 1301
2216 1302
11693 1303
9965 1304
7973 1305
6061 1306
7392 1307
4154 1308
3845 1309
10336 1310
1161 1311
10826 1312
3405 1313
10860 1314
7168 1315
8981 1316
5796 1317
4876 1318
7453 1319
555 1320
12199 1321
4185 1322
9349 1323
7247 1324
14345 1325
11873 1326
50 1327
2769 1328
3713 1329
8758 1330
8577 1331
9421 1332
3330 1333
5930 1334
11358 1335
8117 1336
6748 1337
3917 1338
2987 1339
5299 1340
2719 1341
2129 1342
323 1343
3741 1344
7957 1345
13047 1346
12057 1347
8705 1348
12165 1349
5163 1350
3992 1351
10184 1352
13136 1353
1893 1354
11886 1355
5101 1356
9651 1357
2934 1358
13654 1359
12127 1360
382 1361
4625 1362
5105 1363
8321 1364
11298 1365
14053 1366
7791 1367
2398 1368
5672 1369
2457 1370
7872 1371
5421 1372
12119 1373
14197 1374
8123 1375
12473 1376
1415 1377
6000 1378
5842 1379
3763 1380
7890 1381
1379 1382
6409 1383
8729 1384
6496 1385
12591 1386
13509 1387
5378 1388
8306 1389
10009 1390
6259 1391
6911 1392
11600 1393
8920 1394
4324 1395
3242 1396
608 1397
12211 1398
4012 1399
5536 1400
4502 1401
5108 1402
5037 1403
3626 1404
396 1405
11191 1406
3959 1407
13581 1408
3185 1409
3998 1410
772 1411
10318 1412
11879 1413
7403 1414
12315 1415
429 1416
6611 1417
5421 1418
14140 1419
4592 1420
3082 1421
8894 1422
9414 1423
12505 1424
10788 1425
13049 1426
6627 1427
6197 1428
9296 1429
13438 1430
2519 1431
8669 1432
7491 1433
10581 1434
9548 1435
7571 1436
8856 1437
3027 1438
2494 1439
11575 1440
11150 1441
1630 1442
8656 1443
14121 1444
1992 1445
5352 1446
13828 1447
7548 1448
11732 1449
