1400 1350
368 0
9465 1
5855 2
6133 3
11975 4
12602 5
6583 6
10605 7
1214 8
1403 9
9264 10
11623 11
8085 12
11174 13
1480 14
12 15
2828 16
11140 17
7042 18
2763 19
8197 20
8140 21
11939 22
10313 23
12905 24
10124 25
579 26
13286 27
2521 28
7055 29
1597 30
4589 31
1489 32
13145 33
7141 34
8232 35
13203 36
13773 37
9769 38
12090 39
3183 40
10906 41
3702 42
11496 43
4982 44
10259 45
13112 46
1799 47
106 48
813 49
13193 50
9581 51
77 52
8636 53
8302 54
7558 55
6605 56
6422 57
11815 58
10008 59
5147 60
7796 61
12887 62
10606 63
930 64
11715 65
10172 66
11053 67
5365 68
273 69
11085 70
3152 71
6942 72
5631 73
9756 74
13849 75
10574 76
6496 77
3876 78
2451 79
12184 80
2807 81
10182 82
3872 83
11425 84
13058 85
4853 86
12560 87
5105 88
1038 89
7441 90
11040 91
3481 92
4554 93
8629 94
683 95
6282 96
3413 97
9901 98
1250 99
62 100
1471 101
2170 102
9595 103
3172 104
13869 105
11641 106
8182 107
5743 108
12226 109
4083 110
4855 111
3293 112
1501 113
12746 114
3187 115
3443 116
7787 117
10156 118
8552 119
5039 120
1896 121
3564 122
10322 123
5135 124
11359 125
9641 126
10570 127
10340 128
8384 129
11932 130
1106 131
5575 132
12125 133
10742 134
3497 135
12027 136
6253 137
8745 138
10700 139
8049 140
7439 141
10596 142
36 143
4956 144
1363 145
6765 146
6411 147
13488 148
8343 149
13849 150
3125 151
6794 152
12386 153
10534 154
736 155
4419 156
5384 157
1077 158
2840 159
10601 160
11827 161
12108 162
2953 163
8374 164
11337 165
7651 166
12182 167
5127 168
11292 169
10764 170
1621 171
11275 172
11141 173
3124 174
9334 175
955 176
5217 177
3970 178
2431 179
3080 180
1054 181
13344 182
3504 183
4266 184
1761 185
4528 186
9748 187
1280 188
4899 189
12727 190
8672 191
10093 192
4404 193
10721 194
12306 195
7200 196
7194 197
6507 198
12889 199
9093 200
12003 201
6669 202
2585 203
12328 204
10201 205
675 206
4775 207
6970 208
9151 209
10243 210
8411 211
4081 212
12835 213
11594 214
985 215
7652 216
11586 217
7951 218
13827 219
11354 220
6960 221
11410 222
10676 223
2106 224
10428 225
4262 226
2202 227
10818 228
3863 229
7033 230
10898 231
209 232
10148 233
4165 234
716 235
4205 236
7319 237
4052 238
849 239
12109 240
12019 241
7926 242
2859 243
6697 244
4103 245
6473 246
1758 247
4692 248
11061 249
10145 250
6720 251
13561 252
8421 253
6002 254
11875 255
12239 256
10673 257
6590 258
6132 259
12217 260
11732 261
9916 262
717 263
10680 264
1068 265
768 266
9911 267
9099 268
6605 269
5858 270
1029 271
4581 272
3047 273
5919 274
10402 275
501 276
2298 277
12997 278
7132 279
1393 280
2850 281
6552 282
6869 283
4231 284
12007 285
3137 286
2594 287
369 288
4471 289
11562 290
5668 291
11788 292
4209 293
11395 294
6873 295
6581 296
1900 297
7126 298
6859 299
3568 300
1654 301
10546 302
2328 303
13617 304
9034 305
1423 306
9245 307
8892 308
1843 309
6129 310
6109 311
3482 312
1241 313
9676 314
12437 315
12452 316
13872 317
8420 318
9004 319
9296 320
4782 321
13759 322
2326 323
11355 324
7835 325
6802 326
10982 327
11949 328
4372 329
3802 330
11931 331
5985 332
7461 333
13065 334
2793 335
8137 336
83 337
7093 338
2059 339
1875 340
2895 341
12120 342
8523 343
7357 344
4203 345
10251 346
11621 347
13055 348
12834 349
595 350
6088 351
2950 352
3272 353
5483 354
8621 355
578 356
6914 357
7994 358
7061 359
13486 360
13974 361
2147 362
10189 363
5562 364
11084 365
12373 366
3863 367
8205 368
12709 369
3848 370
444 371
2618 372
7474 373
3075 374
8889 375
1206 376
2948 377
8923 378
6970 379
13097 380
5881 381
6159 382
5242 383
8302 384
7098 385
3739 386
8061 387
10948 388
1160 389
13555 390
3862 391
809 392
12746 393
12377 394
6506 395
4369 396
3642 397
4360 398
2826 399
8552 400
12198 401
11596 402
13280 403
6218 404
140 405
9900 406
139 407
5746 408
13515 409
12822 410
758 411
4908 412
736 413
4688 414
12140 415
720 416
10144 417
12405 418
12977 419
4129 420
12252 421
7852 422
1142 423
4404 424
464 425
7028 426
10926 427
7823 428
13265 429
10 430
10448 431
9624 432
11372 433
4452 434
1390 435
1484 436
7941 437
12725 438
13770 439
5831 440
10019 441
3300 442
7360 443
549 444
854 445
8095 446
12977 447
105 448
8584 449
13003 450
5628 451
11886 452
13460 453
9222 454
10091 455
11810 456
5634 457
11513 458
7636 459
3942 460
5156 461
10628 462
3209 463
9067 464
1532 465
11636 466
13079 467
9290 468
7773 469
12353 470
3808 471
6571 472
2901 473
1455 474
9199 475
12573 476
9155 477
1724 478
11896 479
1682 480
11767 481
10646 482
9407 483
11492 484
3500 485
5516 486
6502 487
10967 488
13762 489
6509 490
6686 491
3646 492
11554 493
1827 494
6827 495
9225 496
7693 497
5914 498
4387 499
4530 500
9881 501
13670 502
4107 503
8612 504
5614 505
12481 506
11422 507
13733 508
3312 509
13422 510
8774 511
12938 512
8873 513
7387 514
10738 515
7402 516
1613 517
7443 518
1845 519
13818 520
13029 521
6415 522
12713 523
3114 524
2352 525
9210 526
13615 527
9504 528
9143 529
8901 530
12152 531
2903 532
6935 533
9886 534
3829 535
8703 536
7806 537
4615 538
631 539
6329 540
5038 541
6052 542
8497 543
12316 544
8724 545
9561 546
12974 547
2526 548
2428 549
7401 550
6282 551
2146 552
2926 553
11783 554
13671 555
5821 556
13491 557
8103 558
8358 559
1756 560
2379 561
3385 562
1054 563
2898 564
6402 565
11965 566
5488 567
13486 568
3108 569
1630 570
11925 571
1947 572
8786 573
4622 574
1306 575
10934 576
9549 577
8750 578
10443 579
5760 580
13881 581
4010 582
10119 583
10799 584
9478 585
90 586
8352 587
13 588
9184 589
4806 590
1602 591
12750 592
984 593
1959 594
10582 595
12297 596
7679 597
2607 598
2351 599
12448 600
2279 601
10295 602
5326 603
10680 604
5002 605
4037 606
4662 607
11988 608
9443 609
13410 610
12877 611
4499 612
12883 613
767 614
11491 615
4225 616
12633 617
3886 618
2506 619
3997 620
2188 621
6959 622
1397 623
5358 624
12189 625
11184 626
3699 627
13924 628
10276 629
5589 630
9923 631
1422 632
1637 633
10930 634
13358 635
5133 636
1108 637
5732 638
2836 639
4051 640
12178 641
5757 642
12907 643
10866 644
3880 645
8954 646
11997 647
362 648
8971 649
2199 650
12634 651
3994 652
11627 653
7886 654
6172 655
4304 656
13601 657
10272 658
11557 659
10521 660
6342 661
6309 662
1821 663
2622 664
10722 665
9729 666
8428 667
8982 668
11371 669
11924 670
10110 671
5547 672
6164 673
3247 674
10213 675
10719 676
8443 677
6093 678
1646 679
621 680
11875 681
2922 682
6255 683
6293 684
11246 685
4253 686
13014 687
9402 688
9939 689
10168 690
7514 691
7737 692
7184 693
10304 694
2619 695
123 696
6028 697
3789 698
10094 699
5547 700
8932 701
12228 702
595 703
13210 704
7147 705
12332 706
6441 707
13137 708
8018 709
6970 710
3464 711
6978 712
10642 713
27 714
5921 715
1858 716
2826 717
11208 718
6297 719
1672 720
13921 721
6648 722
11312 723
5981 724
13002 725
7912 726
10510 727
2511 728
8757 729
439 730
3974 731
5896 732
8902 733
11007 734
448 735
5616 736
7486 737
7014 738
11859 739
8381 740
7214 741
8091 742
9903 743
12438 744
1842 745
12517 746
5664 747
6215 748
6392 749
8216 750
5985 751
7338 752
1816 753
10263 754
12230 755
9572 756
394 757
12239 758
2341 759
10695 760
4847 761
13551 762
3682 763
13527 764
1996 765
4360 766
4411 767
1819 768
5369 769
649 770
1785 771
3466 772
9092 773
8868 774
9266 775
12693 776
9678 777
12813 778
4988 779
10627 780
13033 781
12847 782
13097 783
8173 784
8941 785
8036 786
4650 787
3688 788
4250 789
8234 790
5187 791
107 792
3487 793
5450 794
295 795
8225 796
3514 797
8114 798
1348 799
12656 800
10438 801
6249 802
7256 803
10530 804
2847 805
3071 806
5387 807
96 808
3378 809
10172 810
5849 811
9313 812
9 813
1590 814
9748 815
4745 816
12597 817
2715 818
12109 819
8941 820
3451 821
6494 822
6061 823
3454 824
4827 825
11645 826
5901 827
3389 828
244 829
9228 830
476 831
10952 832
10689 833
9248 834
8211 835
4164 836
4603 837
1722 838
73 839
5799 840
3281 841
11512 842
7963 843
9071 844
3473 845
3971 846
9770 847
5955 848
9919 849
6281 850
10518 851
11174 852
13227 853
9188 854
2255 855
5719 856
13289 857
2536 858
7235 859
12764 860
13737 861
457 862
6695 863
4914 864
13073 865
6941 866
9911 867
13854 868
1430 869
4737 870
11506 871
2906 872
12183 873
10529 874
4886 875
4674 876
3315 877
8648 878
9297 879
1812 880
10413 881
7966 882
1583 883
2612 884
3780 885
2606 886
3184 887
2410 888
10596 889
11251 890
12247 891
2254 892
2391 893
3284 894
10226 895
12740 896
1664 897
7859 898
10622 899
7451 900
9785 901
7570 902
10455 903
3550 904
2196 905
2283 906
10102 907
8841 908
7824 909
10274 910
2200 911
4017 912
514 913
6429 914
6100 915
4425 916
13736 917
2370 918
8814 919
4373 920
3103 921
1945 922
2795 923
5323 924
10318 925
5614 926
12929 927
7973 928
4894 929
13244 930
13656 931
714 932
9052 933
9594 934
4676 935
7096 936
6332 937
8672 938
4825 939
5684 940
9606 941
10149 942
10258 943
2195 944
5113 945
9135 946
9947 947
8363 948
8700 949
5886 950
3419 951
7263 952
2065 953
9866 954
5949 955
13525 956
1356 957
8961 958
7548 959
5915 960
12458 961
6012 962
10339 963
1106 964
4604 965
1872 966
12568 967
1687 968
8493 969
10659 970
491 971
4835 972
2429 973
7082 974
10791 975
1960 976
8972 977
4220 978
5910 979
3043 980
4045 981
1566 982
9859 983
3474 984
12103 985
13464 986
9307 987
13044 988
3171 989
12936 990
11144 991
5263 992
11755 993
6249 994
12367 995
3469 996
10715 997
6082 998
12342 999
1292 1000
7413 1001
8863 1002
4661 1003
3768 1004
1713 1005
4370 1006
9374 1007
3962 1008
54 1009
6227 1010
8573 1011
5643 1012
1950 1013
7488 1014
8861 1015
11400 1016
3359 1017
13400 1018
11243 1019
2800 1020
13497 1021
5256 1022
3949 1023
6393 1024
12284 1025
6329 1026
3897 1027
11677 1028
1173 1029
6690 1030
3757 1031
4299 1032
2263 1033
3435 1034
7795 1035
7225 1036
10459 1037
7321 1038
3753 1039
11965 1040
12451 1041
8680 1042
1322 1043
7973 1044
5450 1045
13819 1046
11810 1047
7609 1048
2689 1049
11740 1050
5182 1051
7044 1052
1313 1053
1852 1054
6512 1055
13068 1056
12190 1057
12064 1058
12716 1059
5225 1060
9291 1061
7322 1062
12800 1063
1683 1064
8448 1065
11051 1066
4560 1067
12439 1068
2078 1069
7184 1070
3812 1071
2274 1072
2765 1073
893 1074
1094 1075
2103 1076
13549 1077
2366 1078
4740 1079
11967 1080
241 1081
11364 1082
2469 1083
8493 1084
3542 1085
13795 1086
13166 1087
11340 1088
12972 1089
12442 1090
9957 1091
1734 1092
5601 1093
9772 1094
13510 1095
7281 1096
5439 1097
3415 1098
7034 1099
8261 1100
6165 1101
8509 1102
11594 1103
11043 1104
13432 1105
2920 1106
116 1107
10369 1108
5709 1109
11308 1110
5907 1111
9286 1112
5981 1113
11617 1114
5995 1115
11337 1116
394 1117
11325 1118
1977 1119
309 1120
2013 1121
5677 1122
3354 1123
6863 1124
5286 1125
2731 1126
6975 1127
7839 1128
9986 1129
5877 1130
113 1131
11883 1132
8052 1133
3971 1134
31 1135
5085 1136
11353 1137
3366 1138
7082 1139
5148 1140
13297 1141
12650 1142
8472 1143
13600 1144
3553 1145
2363 1146
12403 1147
12158 1148
1157 1149
5807 1150
13340 1151
6906 1152
6156 1153
976 1154
13245 1155
13487 1156
8240 1157
11320 1158
12694 1159
11806 1160
9851 1161
6560 1162
1328 1163
7914 1164
12364 1165
10084 1166
3121 1167
12446 1168
6197 1169
12627 1170
13161 1171
2307 1172
4349 1173
4513 1174
5073 1175
6512 1176
5394 1177
2396 1178
13439 1179
5207 1180
12467 1181
108 1182
3814 1183
9107 1184
7841 1185
1540 1186
10091 1187
7986 1188
1583 1189
3031 1190
12987 1191
2581 1192
9373 1193
8105 1194
1376 1195
4987 1196
3239 1197
13569 1198
12806 1199
9884 1200
12514 1201
5323 1202
3276 1203
4160 1204
6489 1205
4872 1206
11073 1207
11727 1208
7833 1209
11490 1210
3046 1211
13880 1212
9164 1213
13927 1214
6662 1215
2038 1216
12306 1217
13888 1218
4419 1219
11938 1220
1427 1221
1364 1222
7219 1223
5736 1224
3775 1225
738 1226
12433 1227
12580 1228
7549 1229
9034 1230
5210 1231
4876 1232
1574 1233
364 1234
2765 1235
2191 1236
12843 1237
9 1238
614 1239
5561 1240
7332 1241
810 1242
4534 1243
9540 1244
9496 1245
10858 1246
10644 1247
2085 1248
2514 1249
13406 1250
1087 1251
13342 1252
7563 1253
13507 1254
4157 1255
4969 1256
2969 1257
3791 1258
2410 1259
4718 1260
2711 1261
9755 1262
2944 1263
3255 1264
9996 1265
4155 1266
8486 1267
8852 1268
4984 1269
10732 1270
8132 1271
9562 1272
13658 1273
910 1274
5905 1275
517 1276
3391 1277
5899 1278
10315 1279
7719 1280
3971 1281
2772 1282
12920 1283
13899 1284
10302 1285
9787 1286
6755 1287
9455 1288
2262 1289
607 1290
11370 1291
11166 1292
12414 1293
11063 1294
5464 1295
7146 1296
5522 1297
10492 1298
891 1299
5465 1300
2460 1301
8111 1302
6798 1303
450 1304
9901 1305
3691 1306
6959 1307
6451 1308
11396 1309
11667 1310
13201 1311
460 1312
9837 1313
7116 1314
133 1315
11716 1316
10284 1317
13222 1318
13278 1319
10765 1320
12066 1321
9010 1322
3808 1323
11020 1324
4886 1325
8781 1326
3985 1327
4529 1328
13595 1329
353 1330
718 1331
3206 1332
10196 1333
6903 1334
4244 1335
13400 1336
6346 1337
2823 1338
13613 1339
6582 1340
8210 1341
8450 1342
9331 1343
8083 1344
12698 1345
12754 1346
2257 1347
8063 1348
856 1349
3166 1350
13626 1351
10106 1352
13491 1353
2169 1354
6186 1355
11202 1356
5219 1357
12278 1358
4560 1359
8741 1360
1575 1361
2333 1362
971 1363
7903 1364
13661 1365
7746 1366
11599 1367
5573 1368
11058 1369
6982 1370
11811 1371
7587 1372
13164 1373
12162 1374
5639 1375
11048 1376
5704 1377
10579 1378
7393 1379
11967 1380
5772 1381
4236 1382
9020 1383
13785 1384
11811 1385
7901 1386
511 1387
13011 1388
4322 1389
13663 1390
1266 1391
1085 1392
8096 1393
953 1394
8887 1395
10973 1396
1875 1397
3616 1398
9388 1399
