1350 500
8987 0
1960 1
1935 2
8754 3
4129 4
1207 5
12640 6
6386 7
6731 8
3485 9
4142 10
1329 11
4636 12
2058 13
8162 14
5804 15
9819 16
10393 17
3998 18
6454 19
524 20
2294 21
2253 22
6607 23
2418 24
11816 25
5489 26
4858 27
12968 28
7842 29
9194 30
1823 31
6832 32
1383 33
3327 34
13467 35
1905 36
10522 37
12391 38
6603 39
9109 40
686 41
8998 42
23 43
13382 44
7204 45
3587 46
5722 47
789 48
11175 49
1826 50
11808 51
5305 52
3932 53
3152 54
12871 55
5180 56
387 57
5135 58
1600 59
10514 60
2337 61
11921 62
1873 63
5295 64
590 65
8716 66
11410 67
954 68
10074 69
11461 70
13167 71
11070 72
6969 73
13321 74
3455 75
8513 76
2651 77
11781 78
4500 79
2034 80
579 81
10535 82
10604 83
4989 84
7652 85
4927 86
8828 87
1568 88
12485 89
8841 90
2455 91
2800 92
16 93
9036 94
571 95
4456 96
12238 97
10516 98
1662 99
9235 100
13169 101
7844 102
8805 103
7565 104
1115 105
8118 106
7815 107
6390 108
11181 109
5834 110
9900 111
5415 112
3615 113
9777 114
3131 115
6087 116
6026 117
12666 118
13153 119
3494 120
13220 121
6010 122
6588 123
12733 124
3740 125
4923 126
6189 127
5176 128
7502 129
381 130
6518 131
12296 132
10831 133
1939 134
2565 135
10877 136
11076 137
2474 138
2436 139
3327 140
3432 141
7207 142
8549 143
104 144
8150 145
6560 146
7578 147
9826 148
8585 149
12927 150
7431 151
6918 152
3670 153
1298 154
1895 155
10642 156
10903 157
13084 158
3153 159
2560 160
12095 161
10173 162
682 163
7648 164
11620 165
5965 166
10449 167
5704 168
1748 169
3413 170
9738 171
5646 172
5877 173
2240 174
11095 175
3182 176
5820 177
6482 178
6013 179
10842 180
4560 181
1556 182
8649 183
9497 184
11560 185
11190 186
8024 187
7914 188
3683 189
1233 190
9054 191
2302 192
6703 193
900 194
3984 195
9659 196
10582 197
9323 198
9898 199
13181 200
6293 201
9755 202
13207 203
876 204
12678 205
5081 206
6424 207
7628 208
5942 209
6040 210
7408 211
1452 212
9326 213
3715 214
6864 215
6284 216
6993 217
7204 218
3400 219
6463 220
9613 221
5957 222
3239 223
10082 224
5545 225
8726 226
3923 227
10093 228
7946 229
8263 230
4530 231
5611 232
4167 233
1533 234
9984 235
7035 236
11801 237
79 238
6653 239
3189 240
11967 241
3262 242
1614 243
6219 244
265 245
12951 246
8796 247
12033 248
6859 249
864 250
6365 251
6316 252
4505 253
12014 254
12229 255
4464 256
6078 257
6007 258
1603 259
6818 260
9632 261
6571 262
7581 263
8367 264
2651 265
10283 266
12135 267
11884 268
1978 269
11045 270
7372 271
8920 272
8135 273
1943 274
11170 275
11102 276
4702 277
7815 278
5629 279
7287 280
13148 281
8328 282
8325 283
12128 284
9815 285
10548 286
3790 287
4574 288
2827 289
2800 290
8898 291
12004 292
5407 293
10146 294
11555 295
3443 296
460 297
6379 298
9751 299
6031 300
5282 301
10895 302
10271 303
8825 304
9385 305
12082 306
3469 307
7454 308
10100 309
36 310
6782 311
8036 312
3762 313
3224 314
11795 315
6460 316
4527 317
10727 318
777 319
11186 320
7465 321
3626 322
2696 323
2180 324
7910 325
1785 326
10694 327
1428 328
13021 329
1206 330
11258 331
11903 332
10635 333
10126 334
3691 335
7313 336
9045 337
206 338
7616 339
11849 340
6576 341
5172 342
7610 343
895 344
10662 345
11237 346
2505 347
1112 348
5028 349
8670 350
4298 351
6809 352
11782 353
11161 354
8560 355
10367 356
3059 357
4166 358
790 359
7251 360
3762 361
10450 362
7262 363
11705 364
4663 365
4161 366
3974 367
7590 368
7027 369
6774 370
9901 371
1042 372
6277 373
7308 374
1642 375
6684 376
304 377
4626 378
11659 379
5771 380
767 381
10793 382
2906 383
12124 384
1240 385
5895 386
2568 387
6247 388
11755 389
9260 390
9771 391
7486 392
9920 393
4706 394
6744 395
9164 396
5765 397
140 398
3870 399
6648 400
10926 401
12767 402
12746 403
12960 404
1936 405
6470 406
1423 407
10853 408
9407 409
10466 410
2986 411
9345 412
6515 413
9389 414
11543 415
7711 416
8957 417
10635 418
10154 419
12098 420
11418 421
9295 422
2915 423
9047 424
13223 425
10366 426
8843 427
1510 428
11998 429
1890 430
11629 431
12338 432
1193 433
688 434
3502 435
3476 436
4556 437
4581 438
12548 439
4940 440
3457 441
7018 442
1195 443
7838 444
11984 445
1857 446
4784 447
7360 448
492 449
7193 450
461 451
8573 452
10728 453
7224 454
11066 455
2980 456
1858 457
11090 458
12235 459
2090 460
8235 461
8835 462
1559 463
2260 464
2851 465
6206 466
12572 467
8948 468
9166 469
7247 470
2854 471
5619 472
2720 473
12474 474
5963 475
2053 476
3267 477
9488 478
10849 479
6404 480
7834 481
1985 482
2266 483
3237 484
4927 485
10860 486
10781 487
408 488
11595 489
5106 490
6212 491
4210 492
8729 493
12572 494
6298 495
12799 496
1467 497
7521 498
3244 499
1213 500
7761 501
1034 502
5708 503
6073 504
138 505
10650 506
8419 507
2633 508
9302 509
11823 510
10344 511
10896 512
2121 513
11215 514
4849 515
3516 516
213 517
10247 518
4350 519
7979 520
10021 521
10497 522
10619 523
6180 524
5711 525
1397 526
11972 527
7953 528
8407 529
9591 530
12157 531
9221 532
1278 533
1324 534
8464 535
4516 536
7090 537
4790 538
9036 539
2140 540
412 541
4317 542
3115 543
2047 544
2773 545
7710 546
7904 547
12451 548
7576 549
2280 550
2554 551
1772 552
8693 553
4823 554
3856 555
1714 556
8080 557
9003 558
9202 559
8222 560
2567 561
5765 562
9105 563
27 564
2127 565
9744 566
5589 567
6885 568
1406 569
12565 570
1951 571
2758 572
12828 573
577 574
3933 575
7700 576
6517 577
840 578
5071 579
2750 580
10367 581
8648 582
6447 583
2509 584
3478 585
4674 586
7793 587
7830 588
13014 589
3436 590
27 591
2005 592
11861 593
10180 594
12101 595
11209 596
4952 597
275 598
6211 599
1959 600
13053 601
5810 602
2253 603
9507 604
13235 605
3398 606
11251 607
10905 608
6094 609
9820 610
1500 611
8593 612
11248 613
4123 614
307 615
3796 616
6617 617
12853 618
7303 619
1379 620
8255 621
21 622
9773 623
8827 624
8635 625
9831 626
246 627
5178 628
10271 629
7317 630
8434 631
3182 632
2844 633
7888 634
2834 635
3322 636
5445 637
4780 638
2551 639
2307 640
12863 641
2592 642
9538 643
851 644
1010 645
6864 646
3872 647
721 648
1375 649
13270 650
10282 651
868 652
3373 653
12688 654
7792 655
8797 656
7523 657
6470 658
202 659
3311 660
8431 661
5723 662
3607 663
655 664
10670 665
12276 666
13173 667
9967 668
7355 669
12681 670
10179 671
7296 672
11130 673
8547 674
10992 675
11946 676
7975 677
8298 678
7138 679
7233 680
11077 681
7054 682
6838 683
737 684
5182 685
2826 686
9035 687
2113 688
7665 689
8062 690
2388 691
1545 692
5988 693
1818 694
420 695
9259 696
3012 697
11464 698
3555 699
432 700
11827 701
12394 702
834 703
5297 704
10326 705
10322 706
578 707
7634 708
1152 709
261 710
5864 711
4590 712
6596 713
11575 714
11004 715
13394 716
11630 717
2706 718
9792 719
10741 720
2808 721
11285 722
127 723
3580 724
12888 725
10016 726
3398 727
6014 728
8547 729
8320 730
771 731
102 732
2687 733
5781 734
7162 735
10974 736
1483 737
9681 738
13336 739
11240 740
13348 741
90 742
3333 743
9287 744
13089 745
5290 746
4765 747
6026 748
9665 749
7172 750
11743 751
8965 752
496 753
12026 754
8150 755
7190 756
7332 757
7519 758
5665 759
2035 760
8119 761
10184 762
872 763
11792 764
4518 765
12526 766
10117 767
3328 768
223 769
1429 770
6454 771
5176 772
12081 773
6534 774
1259 775
7936 776
12904 777
4962 778
4713 779
8268 780
2946 781
5049 782
11423 783
10916 784
4563 785
7518 786
12664 787
7921 788
1443 789
7388 790
4612 791
148 792
2385 793
6641 794
7793 795
20 796
10632 797
5915 798
10095 799
2140 800
4070 801
5650 802
2777 803
2188 804
4314 805
12366 806
7460 807
10181 808
6627 809
7032 810
6450 811
6658 812
11011 813
3558 814
5669 815
3247 816
6253 817
11361 818
139 819
12159 820
8889 821
4768 822
2695 823
11543 824
9416 825
3542 826
9957 827
810 828
7437 829
3940 830
1115 831
8348 832
8497 833
814 834
1009 835
7721 836
6994 837
12516 838
6048 839
7214 840
10816 841
7319 842
11592 843
4809 844
6351 845
6108 846
11157 847
7261 848
1789 849
1493 850
7521 851
5852 852
5404 853
2694 854
2098 855
3201 856
13489 857
10979 858
2003 859
2245 860
918 861
6931 862
8011 863
10376 864
3112 865
1756 866
11373 867
2192 868
3845 869
1943 870
8426 871
6504 872
4939 873
10972 874
8390 875
4988 876
10239 877
12658 878
4731 879
10108 880
4551 881
13402 882
3746 883
11487 884
11425 885
464 886
6296 887
5256 888
11010 889
10942 890
2388 891
150 892
12161 893
6153 894
10371 895
6206 896
1759 897
10849 898
6753 899
10282 900
9141 901
10617 902
10715 903
1027 904
11724 905
3429 906
7835 907
9213 908
1416 909
1883 910
9002 911
2425 912
7843 913
9025 914
5020 915
12130 916
3379 917
12780 918
1606 919
3842 920
4372 921
1501 922
2825 923
4049 924
7654 925
2179 926
3973 927
2797 928
5123 929
143 930
3741 931
9008 932
8132 933
12119 934
9212 935
4643 936
10947 937
1470 938
4615 939
2129 940
6871 941
12280 942
6154 943
7290 944
6741 945
366 946
558 947
2116 948
6175 949
3201 950
6089 951
6042 952
7393 953
2401 954
5159 955
6044 956
4589 957
927 958
10214 959
591 960
5861 961
9218 962
4587 963
11354 964
2071 965
11376 966
5204 967
9860 968
13201 969
6855 970
9099 971
3155 972
10907 973
1502 974
3723 975
12755 976
2800 977
12684 978
11906 979
11166 980
10680 981
5007 982
6427 983
6606 984
9093 985
3139 986
11841 987
8775 988
10594 989
3975 990
9097 991
3783 992
324 993
6067 994
3092 995
8620 996
7197 997
12219 998
4192 999
7642 1000
1707 1001
4084 1002
6501 1003
4004 1004
9312 1005
12634 1006
7190 1007
3141 1008
11308 1009
13227 1010
10822 1011
9328 1012
6456 1013
11936 1014
4146 1015
1854 1016
13419 1017
2551 1018
12576 1019
5382 1020
9321 1021
4799 1022
1868 1023
2966 1024
3438 1025
12237 1026
12470 1027
7880 1028
13199 1029
11363 1030
8025 1031
12411 1032
9403 1033
4801 1034
1633 1035
12223 1036
6653 1037
12899 1038
2927 1039
8889 1040
1617 1041
5059 1042
7793 1043
10913 1044
6664 1045
11055 1046
3699 1047
12126 1048
4060 1049
9840 1050
745 1051
11732 1052
8590 1053
6656 1054
678 1055
8952 1056
4786 1057
4905 1058
4891 1059
9179 1060
2697 1061
7011 1062
7082 1063
5961 1064
2077 1065
2184 1066
9645 1067
5428 1068
6556 1069
11227 1070
5747 1071
6576 1072
9089 1073
9651 1074
10488 1075
8365 1076
6416 1077
450 1078
7662 1079
735 1080
2296 1081
2264 1082
6381 1083
5891 1084
10387 1085
5381 1086
10029 1087
4925 1088
4221 1089
12327 1090
11835 1091
1577 1092
6965 1093
7498 1094
6908 1095
794 1096
8019 1097
9187 1098
1425 1099
7786 1100
4740 1101
9402 1102
5113 1103
7574 1104
329 1105
4625 1106
12703 1107
3455 1108
8342 1109
8906 1110
9518 1111
11482 1112
9212 1113
916 1114
4760 1115
8246 1116
9082 1117
5191 1118
1575 1119
11533 1120
12437 1121
9173 1122
12943 1123
322 1124
11848 1125
5223 1126
5772 1127
9912 1128
4912 1129
1180 1130
6810 1131
8898 1132
5850 1133
2644 1134
1810 1135
2133 1136
11943 1137
5538 1138
1444 1139
8744 1140
7865 1141
9632 1142
6489 1143
4304 1144
9490 1145
6727 1146
628 1147
12558 1148
365 1149
4502 1150
4080 1151
9221 1152
10576 1153
559 1154
344 1155
11964 1156
13207 1157
7663 1158
7781 1159
11252 1160
1152 1161
646 1162
10989 1163
3421 1164
3485 1165
10429 1166
9887 1167
5508 1168
8434 1169
3004 1170
4642 1171
7565 1172
1082 1173
12607 1174
9660 1175
5986 1176
3287 1177
10685 1178
9733 1179
13260 1180
6904 1181
7463 1182
222 1183
13411 1184
7796 1185
3178 1186
3138 1187
2873 1188
7980 1189
5013 1190
4026 1191
13264 1192
10541 1193
6637 1194
6204 1195
9113 1196
215 1197
10734 1198
10304 1199
13238 1200
3019 1201
6670 1202
5022 1203
10940 1204
1059 1205
388 1206
13164 1207
4236 1208
217 1209
8255 1210
8689 1211
10391 1212
6004 1213
6678 1214
13213 1215
13284 1216
10216 1217
3359 1218
11962 1219
4364 1220
6441 1221
1006 1222
298 1223
4721 1224
3481 1225
9196 1226
988 1227
12324 1228
9855 1229
3928 1230
12306 1231
7209 1232
9078 1233
2681 1234
3464 1235
6227 1236
12927 1237
4434 1238
2791 1239
8026 1240
11560 1241
11746 1242
5655 1243
5277 1244
6808 1245
9618 1246
11748 1247
8045 1248
12776 1249
4459 1250
13098 1251
1974 1252
6952 1253
9829 1254
3072 1255
12388 1256
3677 1257
4555 1258
9093 1259
3040 1260
395 1261
8181 1262
2712 1263
11876 1264
11668 1265
12525 1266
10090 1267
12995 1268
13100 1269
10663 1270
728 1271
4678 1272
5050 1273
10174 1274
10556 1275
9316 1276
12015 1277
6468 1278
11848 1279
5272 1280
9841 1281
9054 1282
1706 1283
2097 1284
12347 1285
1506 1286
672 1287
8932 1288
7847 1289
4400 1290
7203 1291
425 1292
6661 1293
10344 1294
2634 1295
8592 1296
1159 1297
11860 1298
5146 1299
10168 1300
3468 1301
13311 1302
9638 1303
1106 1304
8939 1305
1483 1306
11903 1307
8550 1308
9031 1309
5239 1310
6874 1311
4844 1312
11133 1313
8012 1314
5932 1315
6187 1316
3878 1317
2900 1318
1126 1319
268 1320
3677 1321
4897 1322
8511 1323
2192 1324
11932 1325
13002 1326
9773 1327
2139 1328
3958 1329
1272 1330
144 1331
11542 1332
11135 1333
398 1334
8049 1335
10012 1336
2187 1337
1900 1338
7145 1339
13400 1340
1441 1341
6777 1342
8873 1343
2490 1344
7781 1345
1440 1346
3613 1347
4449 1348
6446 1349
