150 450
1222 0
151 1
1074 2
926 3
1271 4
248 5
1486 6
1256 7
1019 8
124 9
362 10
1023 11
600 12
905 13
985 14
481 15
568 16
423 17
934 18
967 19
1353 20
1190 21
865 22
612 23
1058 24
626 25
531 26
620 27
1008 28
104 29
493 30
503 31
1309 32
181 33
105 34
124 35
799 36
580 37
367 38
1025 39
291 40
1159 41
775 42
433 43
698 44
1314 45
797 46
1373 47
733 48
356 49
438 50
671 51
176 52
1266 53
801 54
1056 55
1145 56
580 57
891 58
414 59
528 60
268 61
454 62
358 63
869 64
1429 65
820 66
469 67
1055 68
1500 69
94 70
232 71
948 72
717 73
538 74
693 75
905 76
167 77
252 78
1421 79
58 80
1341 81
1184 82
841 83
727 84
1202 85
1160 86
988 87
1095 88
814 89
98 90
381 91
584 92
174 93
906 94
1179 95
32 96
1443 97
1349 98
219 99
445 100
630 101
735 102
1237 103
628 104
20 105
1213 106
825 107
122 108
761 109
1257 110
679 111
1191 112
446 113
159 114
991 115
70 116
776 117
1137 118
915 119
286 120
722 121
1133 122
72 123
500 124
1114 125
935 126
911 127
159 128
532 129
270 130
995 131
1150 132
960 133
205 134
1323 135
170 136
476 137
1480 138
375 139
1497 140
1390 141
209 142
421 143
131 144
32 145
603 146
525 147
1185 148
1391 149
