1400 1250
12605 0
257 1
12544 2
2559 3
12862 4
5885 5
1519 6
2065 7
13267 8
2300 9
12676 10
13929 11
9156 12
13985 13
12067 14
12522 15
11697 16
10386 17
7114 18
967 19
3829 20
7290 21
4919 22
10255 23
1156 24
1466 25
4429 26
11660 27
1505 28
6686 29
6410 30
1280 31
6318 32
7468 33
13218 34
1475 35
8151 36
6040 37
12313 38
2793 39
1241 40
5855 41
11170 42
2631 43
1101 44
6724 45
3485 46
703 47
1943 48
6547 49
3521 50
4439 51
13601 52
7925 53
441 54
8156 55
6897 56
9924 57
9902 58
5449 59
12571 60
7273 61
3681 62
1799 63
3951 64
12267 65
8102 66
9005 67
2008 68
10090 69
471 70
3663 71
5363 72
2176 73
11257 74
11856 75
4652 76
3658 77
3304 78
6827 79
9703 80
9286 81
10596 82
6277 83
8638 84
469 85
4411 86
1924 87
8053 88
10787 89
1643 90
4672 91
5906 92
11418 93
2672 94
719 95
6181 96
12096 97
9126 98
10025 99
9818 100
13526 101
7241 102
13663 103
13451 104
5003 105
5079 106
7872 107
4092 108
7955 109
157 110
1890 111
3329 112
12253 113
3829 114
1730 115
11147 116
10908 117
12212 118
3183 119
10680 120
2504 121
11221 122
12809 123
9536 124
6493 125
2603 126
12816 127
9744 128
11003 129
4913 130
13138 131
7332 132
9140 133
7962 134
3967 135
7822 136
1882 137
7308 138
11111 139
8171 140
10790 141
8315 142
1190 143
3046 144
6288 145
2965 146
7782 147
910 148
262 149
5592 150
8098 151
6941 152
12782 153
1508 154
7872 155
7390 156
11614 157
929 158
378 159
8797 160
11206 161
213 162
8598 163
10378 164
4022 165
7763 166
13025 167
10757 168
12541 169
12072 170
6228 171
11640 172
1526 173
10293 174
3303 175
2672 176
4958 177
11071 178
9820 179
394 180
8394 181
4506 182
8301 183
5954 184
1418 185
9851 186
1919 187
6938 188
7057 189
10552 190
7844 191
448 192
11328 193
11342 194
8136 195
7694 196
13770 197
4792 198
5349 199
1359 200
884 201
13201 202
4434 203
10560 204
7922 205
9436 206
9178 207
8920 208
10689 209
3285 210
5641 211
12748 212
6654 213
13201 214
4772 215
10403 216
3753 217
5090 218
8719 219
7311 220
2556 221
2387 222
7775 223
1882 224
8356 225
5254 226
9972 227
2739 228
8827 229
9060 230
7131 231
2360 232
2234 233
13046 234
12614 235
6011 236
8746 237
11339 238
7597 239
3566 240
13132 241
12350 242
6919 243
5923 244
1747 245
13523 246
5380 247
12633 248
11926 249
12960 250
10080 251
12101 252
8028 253
5351 254
7061 255
9415 256
11007 257
2274 258
6569 259
2204 260
8540 261
5264 262
7236 263
2416 264
1962 265
13892 266
230 267
5519 268
3518 269
8178 270
2722 271
9097 272
7168 273
6841 274
13597 275
11469 276
13104 277
461 278
27 279
3909 280
8733 281
817 282
4801 283
10915 284
2680 285
3370 286
13278 287
13848 288
12794 289
6594 290
1428 291
8664 292
5243 293
4995 294
7224 295
9509 296
13482 297
3972 298
11902 299
12337 300
5826 301
5144 302
1342 303
13211 304
9357 305
2266 306
4584 307
2419 308
305 309
10872 310
8476 311
477 312
2397 313
8454 314
4037 315
11546 316
7534 317
941 318
6483 319
12127 320
8780 321
11911 322
8989 323
9859 324
9338 325
12139 326
5165 327
9301 328
2246 329
8784 330
344 331
3603 332
615 333
694 334
10475 335
7760 336
2518 337
10846 338
4133 339
10284 340
3396 341
10397 342
2226 343
7126 344
7411 345
2378 346
7888 347
1567 348
2407 349
5162 350
12371 351
8861 352
83 353
2497 354
10591 355
5526 356
2251 357
11336 358
1143 359
10053 360
10644 361
10395 362
11660 363
1170 364
11373 365
5646 366
12265 367
4316 368
10743 369
4791 370
2361 371
1044 372
8415 373
1716 374
4147 375
12025 376
3278 377
750 378
8892 379
13848 380
4487 381
11121 382
1267 383
1302 384
11789 385
11606 386
11467 387
9776 388
286 389
3567 390
4118 391
5240 392
1347 393
2817 394
2829 395
6789 396
13966 397
1170 398
467 399
2801 400
2539 401
12658 402
13558 403
11825 404
13750 405
13708 406
6603 407
2419 408
3213 409
5739 410
1033 411
9393 412
9840 413
5881 414
9914 415
901 416
13764 417
3866 418
445 419
881 420
3352 421
1921 422
4008 423
362 424
9625 425
3903 426
3915 427
12271 428
12087 429
6585 430
6713 431
3077 432
13949 433
3903 434
11417 435
13344 436
1052 437
2206 438
11629 439
679 440
4752 441
2666 442
3402 443
6053 444
1617 445
3875 446
6649 447
13494 448
11062 449
13735 450
11989 451
4803 452
8560 453
3354 454
8359 455
11438 456
3895 457
7141 458
1497 459
3638 460
1213 461
437 462
2174 463
1566 464
10525 465
2536 466
5515 467
8523 468
10380 469
4198 470
6433 471
1479 472
10151 473
7529 474
12980 475
4243 476
392 477
7474 478
13744 479
6474 480
3478 481
7441 482
12616 483
5393 484
9235 485
10900 486
1342 487
12707 488
6794 489
11567 490
5795 491
4363 492
4277 493
2742 494
333 495
11601 496
6408 497
1837 498
11552 499
2099 500
2821 501
9612 502
3576 503
835 504
9399 505
4259 506
6285 507
7484 508
12230 509
6770 510
6935 511
10298 512
11857 513
6149 514
13785 515
11334 516
11282 517
3695 518
10834 519
12561 520
8529 521
7152 522
12416 523
3372 524
13548 525
10179 526
12681 527
11181 528
9543 529
863 530
8581 531
2931 532
11193 533
2970 534
4210 535
2760 536
12208 537
8414 538
13968 539
8100 540
12423 541
1221 542
3541 543
7997 544
1616 545
391 546
13899 547
6934 548
1304 549
6053 550
12455 551
9600 552
7203 553
13118 554
11170 555
5888 556
3060 557
6645 558
8962 559
1916 560
4148 561
13810 562
4426 563
9762 564
13879 565
610 566
5804 567
12253 568
1662 569
9011 570
9043 571
10859 572
11333 573
12868 574
5566 575
10700 576
3284 577
11386 578
6475 579
2974 580
1881 581
7905 582
9548 583
6676 584
3229 585
11547 586
7264 587
10024 588
10955 589
8312 590
9144 591
10004 592
4879 593
7982 594
13271 595
9374 596
3580 597
740 598
9768 599
11403 600
7823 601
3616 602
9210 603
2158 604
10548 605
13180 606
11809 607
13548 608
8308 609
6032 610
5436 611
6944 612
2332 613
3051 614
11356 615
5049 616
11504 617
6952 618
331 619
7293 620
10912 621
517 622
385 623
201 624
631 625
2663 626
13140 627
1826 628
413 629
13392 630
11993 631
8014 632
1029 633
2438 634
11909 635
12625 636
7529 637
12071 638
2915 639
2533 640
747 641
9546 642
9291 643
4614 644
5672 645
5017 646
5703 647
12572 648
3621 649
11201 650
12723 651
6198 652
9133 653
10078 654
7907 655
13372 656
7223 657
12266 658
13505 659
13141 660
2860 661
3037 662
6900 663
3023 664
1507 665
13109 666
5912 667
10106 668
11391 669
9519 670
5394 671
998 672
12370 673
10287 674
7276 675
2713 676
7959 677
11030 678
9313 679
5566 680
13064 681
265 682
11391 683
12554 684
7320 685
588 686
2967 687
11021 688
2108 689
10176 690
9182 691
8401 692
12973 693
11588 694
816 695
12248 696
13114 697
8779 698
9650 699
8410 700
11487 701
2000 702
2529 703
9690 704
11778 705
5445 706
8349 707
2596 708
5114 709
4697 710
4390 711
12710 712
11384 713
2558 714
10809 715
7326 716
11960 717
13546 718
10737 719
11953 720
10210 721
11697 722
9278 723
1179 724
4093 725
1766 726
12127 727
3928 728
3365 729
8303 730
4232 731
787 732
7661 733
9685 734
13722 735
13592 736
13318 737
10996 738
3205 739
10869 740
12296 741
337 742
5350 743
12023 744
12895 745
9805 746
4226 747
7687 748
4808 749
700 750
11285 751
1767 752
10400 753
12326 754
9648 755
3159 756
12034 757
12676 758
8285 759
740 760
2330 761
11346 762
2156 763
5087 764
6310 765
5989 766
2283 767
8796 768
438 769
8803 770
12638 771
3096 772
3550 773
11072 774
11494 775
7099 776
3373 777
6197 778
10647 779
7427 780
6580 781
3948 782
750 783
842 784
10871 785
6838 786
2047 787
7835 788
6376 789
1967 790
5810 791
10898 792
2689 793
6748 794
8939 795
4937 796
6679 797
8214 798
11956 799
3704 800
13231 801
2740 802
4422 803
1516 804
1169 805
2290 806
8996 807
8712 808
11520 809
12232 810
4389 811
4144 812
13155 813
12462 814
2605 815
1472 816
2457 817
7533 818
4544 819
53 820
3501 821
12332 822
1042 823
12444 824
3075 825
13106 826
12761 827
6268 828
13867 829
231 830
2075 831
5538 832
5871 833
9910 834
8166 835
7725 836
1020 837
2728 838
10199 839
5170 840
487 841
9864 842
8227 843
8136 844
12218 845
1685 846
2277 847
4306 848
1967 849
529 850
7292 851
5675 852
7013 853
9081 854
13987 855
6911 856
7296 857
13416 858
4212 859
13923 860
312 861
4277 862
5609 863
12892 864
9339 865
10013 866
6498 867
4670 868
2796 869
11878 870
1551 871
12183 872
6411 873
6592 874
7975 875
12122 876
3878 877
10437 878
1696 879
7133 880
4924 881
6411 882
7311 883
2231 884
13764 885
12838 886
13383 887
6736 888
8239 889
11149 890
12063 891
9559 892
9128 893
8897 894
3355 895
6924 896
10811 897
4414 898
12191 899
5697 900
10240 901
8887 902
7255 903
1556 904
12840 905
5226 906
5329 907
8873 908
8860 909
8775 910
11068 911
5832 912
7966 913
11205 914
711 915
12602 916
5506 917
7640 918
5497 919
4264 920
3831 921
1801 922
344 923
8534 924
8357 925
4378 926
237 927
5193 928
5308 929
4253 930
9107 931
4260 932
3822 933
13595 934
12171 935
11773 936
12566 937
453 938
7276 939
11539 940
10745 941
13562 942
8787 943
6563 944
4842 945
10175 946
7923 947
10915 948
11798 949
6322 950
11062 951
12406 952
13588 953
8675 954
428 955
8104 956
8145 957
6909 958
8186 959
2731 960
1062 961
4911 962
12330 963
9275 964
3251 965
7797 966
5425 967
13788 968
12291 969
10125 970
1423 971
5182 972
8361 973
13967 974
8596 975
7454 976
337 977
12662 978
13616 979
11396 980
6790 981
1614 982
6904 983
10627 984
511 985
94 986
12446 987
10948 988
3045 989
3275 990
5601 991
3745 992
10933 993
11563 994
9553 995
59 996
11725 997
8706 998
8133 999
2245 1000
2262 1001
5182 1002
8580 1003
997 1004
10024 1005
10000 1006
9738 1007
1745 1008
3566 1009
12504 1010
9487 1011
3884 1012
11296 1013
11623 1014
125 1015
6677 1016
12990 1017
10329 1018
13281 1019
3867 1020
6481 1021
10605 1022
9271 1023
13819 1024
3483 1025
8734 1026
7918 1027
11789 1028
6364 1029
12323 1030
6383 1031
6865 1032
11883 1033
12695 1034
13599 1035
3675 1036
11256 1037
10773 1038
13112 1039
5742 1040
11236 1041
5670 1042
6759 1043
13914 1044
2552 1045
8802 1046
4373 1047
8172 1048
2629 1049
4841 1050
4418 1051
5991 1052
10363 1053
5059 1054
11281 1055
3669 1056
9458 1057
1654 1058
11699 1059
5747 1060
13433 1061
2717 1062
13600 1063
11149 1064
1793 1065
597 1066
1586 1067
5558 1068
7039 1069
806 1070
2015 1071
3460 1072
8169 1073
12941 1074
9038 1075
5353 1076
904 1077
7822 1078
519 1079
13265 1080
13546 1081
5536 1082
9038 1083
13989 1084
4664 1085
3124 1086
12993 1087
5056 1088
12063 1089
13912 1090
10560 1091
9175 1092
3529 1093
238 1094
10782 1095
6697 1096
1106 1097
13292 1098
5935 1099
5809 1100
7963 1101
5237 1102
4388 1103
1320 1104
46 1105
219 1106
5269 1107
6901 1108
9547 1109
8993 1110
3239 1111
2676 1112
1614 1113
2875 1114
6157 1115
4964 1116
5683 1117
9287 1118
11564 1119
5410 1120
7787 1121
7722 1122
67 1123
13561 1124
5690 1125
3925 1126
3394 1127
8451 1128
1374 1129
5346 1130
3146 1131
3475 1132
13850 1133
4120 1134
1946 1135
603 1136
5951 1137
13786 1138
2774 1139
8486 1140
10072 1141
12861 1142
3703 1143
13999 1144
7263 1145
6959 1146
9972 1147
4068 1148
9604 1149
12512 1150
12851 1151
9708 1152
2878 1153
3556 1154
13281 1155
2041 1156
8615 1157
1034 1158
13621 1159
13191 1160
11215 1161
10344 1162
9992 1163
11547 1164
4569 1165
3502 1166
1513 1167
3841 1168
10943 1169
31 1170
4222 1171
3269 1172
1732 1173
9584 1174
598 1175
5387 1176
11520 1177
8949 1178
1317 1179
11159 1180
12409 1181
12157 1182
12475 1183
12738 1184
8588 1185
9632 1186
9434 1187
6446 1188
12422 1189
7669 1190
12368 1191
13230 1192
4946 1193
4416 1194
8957 1195
12203 1196
6536 1197
6088 1198
10210 1199
9931 1200
2353 1201
11698 1202
13455 1203
6211 1204
7227 1205
10396 1206
4510 1207
10370 1208
12911 1209
6889 1210
9928 1211
8685 1212
1837 1213
8114 1214
2489 1215
2859 1216
11757 1217
2348 1218
6181 1219
9345 1220
1107 1221
9110 1222
172 1223
10677 1224
8364 1225
5872 1226
11325 1227
9425 1228
13181 1229
11969 1230
373 1231
5969 1232
11021 1233
5044 1234
3571 1235
2238 1236
5225 1237
2311 1238
7199 1239
3072 1240
308 1241
1472 1242
12921 1243
5314 1244
9713 1245
13733 1246
4139 1247
3139 1248
1108 1249
6292 1250
2212 1251
9842 1252
4985 1253
12143 1254
10686 1255
8004 1256
8828 1257
4344 1258
1728 1259
886 1260
4465 1261
604 1262
6993 1263
6723 1264
1358 1265
4619 1266
11561 1267
5178 1268
12589 1269
3853 1270
11487 1271
10823 1272
12173 1273
3066 1274
3465 1275
4618 1276
5066 1277
11212 1278
9847 1279
9689 1280
11778 1281
11826 1282
6815 1283
11377 1284
10327 1285
11249 1286
8152 1287
13100 1288
13359 1289
3351 1290
4589 1291
13173 1292
13185 1293
6891 1294
9291 1295
6655 1296
1166 1297
2330 1298
1198 1299
5199 1300
5624 1301
8462 1302
5842 1303
10392 1304
8530 1305
6704 1306
8405 1307
12233 1308
8716 1309
5400 1310
1380 1311
13818 1312
810 1313
12034 1314
11304 1315
8440 1316
9452 1317
8263 1318
10241 1319
5633 1320
153 1321
6451 1322
4508 1323
8781 1324
945 1325
6007 1326
13779 1327
13562 1328
2675 1329
1597 1330
10703 1331
5065 1332
13522 1333
4233 1334
11233 1335
9318 1336
3921 1337
3832 1338
11075 1339
6950 1340
7947 1341
9725 1342
5580 1343
2593 1344
4290 1345
8485 1346
4961 1347
2326 1348
9381 1349
11412 1350
13516 1351
2197 1352
4017 1353
13273 1354
3238 1355
9086 1356
12369 1357
8962 1358
4354 1359
9210 1360
12014 1361
728 1362
3348 1363
9332 1364
6915 1365
3079 1366
4008 1367
6602 1368
5102 1369
13619 1370
4548 1371
6218 1372
10232 1373
2653 1374
11569 1375
3209 1376
10798 1377
13821 1378
216 1379
7762 1380
9296 1381
2669 1382
6243 1383
7654 1384
3268 1385
4384 1386
9180 1387
12458 1388
1099 1389
13625 1390
13195 1391
164 1392
2823 1393
10523 1394
3833 1395
2060 1396
1632 1397
11672 1398
9205 1399
