1000 500
1965 0
2190 1
9998 2
7670 3
7328 4
5666 5
6245 6
6049 7
617 8
2518 9
8865 10
7423 11
3457 12
784 13
4255 14
8995 15
8652 16
4476 17
4974 18
8302 19
5670 20
4072 21
6088 22
4773 23
3824 24
398 25
1031 26
2311 27
9938 28
6367 29
3182 30
1534 31
3558 32
9729 33
1643 34
9734 35
8413 36
6042 37
5400 38
5858 39
4367 40
1815 41
4561 42
7552 43
7362 44
4684 45
295 46
2734 47
8309 48
8682 49
8199 50
2484 51
9291 52
8738 53
7595 54
2699 55
1400 56
3305 57
7596 58
2426 59
320 60
140 61
2245 62
6311 63
476 64
5012 65
2806 66
9078 67
5324 68
1479 69
9423 70
5342 71
4036 72
42 73
6596 74
8102 75
4137 76
1945 77
1958 78
5264 79
3380 80
5493 81
1868 82
7427 83
7405 84
987 85
7303 86
381 87
2050 88
941 89
9137 90
216 91
6969 92
3452 93
4878 94
5864 95
9315 96
192 97
2553 98
9802 99
4391 100
2937 101
1304 102
4355 103
2265 104
2184 105
4401 106
7156 107
8031 108
4989 109
7723 110
3447 111
4584 112
4258 113
3190 114
4193 115
3642 116
8945 117
6430 118
9005 119
8971 120
5823 121
5333 122
7612 123
8436 124
5357 125
5670 126
690 127
5783 128
1123 129
1650 130
9907 131
5498 132
5698 133
5774 134
9612 135
2285 136
116 137
7743 138
5851 139
3707 140
2626 141
301 142
9488 143
4391 144
3089 145
1505 146
7143 147
3902 148
688 149
7694 150
1353 151
8178 152
6866 153
650 154
2441 155
1587 156
3809 157
3911 158
4423 159
1595 160
8299 161
3418 162
2912 163
9357 164
7126 165
6732 166
2974 167
605 168
1185 169
8852 170
5927 171
7446 172
4444 173
6371 174
6739 175
8432 176
114 177
3837 178
1365 179
1789 180
1854 181
6934 182
9615 183
5067 184
4193 185
5847 186
3015 187
543 188
3946 189
2088 190
1531 191
1850 192
67 193
8876 194
2976 195
6994 196
9692 197
9852 198
4795 199
27 200
3982 201
3438 202
5999 203
196 204
5995 205
1233 206
6093 207
8965 208
9447 209
7271 210
1352 211
7043 212
5383 213
6442 214
9513 215
9273 216
434 217
4941 218
6554 219
4393 220
8103 221
3933 222
5148 223
3660 224
7619 225
8008 226
1589 227
1364 228
7944 229
1474 230
4842 231
6411 232
1198 233
7614 234
9208 235
5339 236
8816 237
5515 238
7886 239
4118 240
5168 241
2070 242
8083 243
3555 244
406 245
6958 246
1335 247
7710 248
8684 249
6186 250
4092 251
407 252
3124 253
1804 254
5550 255
9249 256
8711 257
6011 258
1576 259
8508 260
6371 261
4967 262
1779 263
6572 264
1357 265
6264 266
6113 267
6908 268
6577 269
7074 270
8476 271
6733 272
4808 273
7258 274
8033 275
4830 276
6297 277
9948 278
4047 279
1513 280
6516 281
721 282
949 283
3504 284
6738 285
5516 286
2674 287
7028 288
287 289
455 290
6389 291
8481 292
5849 293
7205 294
7721 295
7668 296
9631 297
9681 298
1631 299
7092 300
5057 301
8948 302
1877 303
841 304
7480 305
3495 306
4024 307
9081 308
3509 309
999 310
2496 311
4911 312
6577 313
9812 314
6661 315
4770 316
693 317
7412 318
1293 319
2078 320
4733 321
1698 322
8613 323
395 324
6293 325
5417 326
4153 327
1770 328
1520 329
8725 330
7804 331
5746 332
1211 333
1132 334
916 335
7170 336
8816 337
2864 338
2367 339
7486 340
9270 341
8243 342
5576 343
8672 344
5156 345
1570 346
677 347
9728 348
3184 349
3838 350
7111 351
3714 352
7696 353
4307 354
1970 355
7708 356
5451 357
5352 358
9604 359
6827 360
6551 361
320 362
2492 363
5686 364
2791 365
647 366
6094 367
4994 368
8432 369
8806 370
8538 371
580 372
7060 373
8749 374
8222 375
8869 376
6243 377
585 378
5966 379
391 380
3780 381
922 382
6573 383
4888 384
6881 385
2833 386
7270 387
5283 388
4885 389
6157 390
8544 391
1466 392
4709 393
7825 394
6817 395
3209 396
6337 397
2081 398
8778 399
354 400
7095 401
8271 402
5122 403
1322 404
8863 405
4959 406
2272 407
2904 408
920 409
8743 410
2727 411
2555 412
3500 413
1631 414
6833 415
8633 416
3184 417
603 418
8817 419
5749 420
5816 421
9823 422
6193 423
2840 424
4448 425
6918 426
8588 427
5489 428
7778 429
2262 430
6172 431
6750 432
9044 433
7033 434
6634 435
7617 436
4708 437
7359 438
1220 439
2116 440
6516 441
6580 442
6137 443
8349 444
3834 445
9822 446
1800 447
1260 448
8672 449
224 450
4036 451
7014 452
9545 453
3914 454
5603 455
5280 456
2120 457
7169 458
3472 459
5986 460
1885 461
6163 462
5563 463
4684 464
6239 465
3246 466
206 467
1786 468
1963 469
3113 470
2138 471
5912 472
9832 473
8978 474
494 475
2742 476
2307 477
544 478
5501 479
5321 480
4421 481
3491 482
2019 483
9621 484
8315 485
2102 486
3501 487
2627 488
2302 489
9237 490
3106 491
8289 492
6550 493
7429 494
2275 495
6842 496
3077 497
1183 498
7644 499
2710 500
7181 501
6802 502
1741 503
6707 504
7068 505
4661 506
3590 507
6668 508
1855 509
4500 510
899 511
540 512
4207 513
9847 514
9235 515
4260 516
8571 517
8157 518
5873 519
4853 520
9592 521
8249 522
5091 523
7930 524
6813 525
7204 526
7459 527
6971 528
781 529
7982 530
9190 531
3954 532
2112 533
9844 534
2434 535
2087 536
7369 537
2304 538
4676 539
210 540
6485 541
3849 542
9782 543
5302 544
9814 545
5169 546
627 547
7240 548
4338 549
6478 550
6026 551
8764 552
2211 553
9813 554
8056 555
5487 556
755 557
9105 558
1905 559
5948 560
4925 561
8673 562
8613 563
6938 564
471 565
675 566
4936 567
2404 568
8518 569
1566 570
1588 571
7298 572
8144 573
1490 574
810 575
9384 576
560 577
1451 578
7002 579
1630 580
3265 581
5495 582
5454 583
1968 584
5358 585
1580 586
3085 587
9754 588
1343 589
7533 590
3943 591
8545 592
9089 593
4846 594
581 595
2489 596
6193 597
1624 598
5190 599
6964 600
933 601
4582 602
4302 603
6877 604
9897 605
7024 606
7061 607
4599 608
4184 609
4057 610
9022 611
4987 612
8040 613
6646 614
7455 615
1353 616
546 617
9030 618
2523 619
7084 620
4714 621
8495 622
2319 623
7066 624
9664 625
9532 626
6988 627
8715 628
450 629
4517 630
2636 631
4516 632
8953 633
1876 634
7356 635
4099 636
7149 637
8541 638
5307 639
6459 640
8095 641
6498 642
7694 643
5816 644
9368 645
5338 646
3871 647
8782 648
2365 649
8142 650
6746 651
6925 652
7985 653
5736 654
6711 655
4002 656
9087 657
9513 658
5079 659
1284 660
4351 661
8216 662
8506 663
5058 664
355 665
7630 666
2761 667
1979 668
6174 669
259 670
426 671
8529 672
686 673
4321 674
2879 675
6211 676
4423 677
8054 678
7710 679
8385 680
6154 681
964 682
4382 683
303 684
69 685
8960 686
7872 687
9557 688
6559 689
1850 690
8883 691
84 692
7104 693
7842 694
2825 695
3641 696
1421 697
1789 698
6759 699
5384 700
3199 701
1090 702
2660 703
4765 704
9711 705
2332 706
1861 707
1435 708
5994 709
465 710
4501 711
6171 712
2510 713
3295 714
8176 715
1296 716
6511 717
2788 718
5225 719
9658 720
4984 721
1234 722
2709 723
6774 724
9680 725
6695 726
1663 727
5674 728
2729 729
7222 730
7493 731
6571 732
8400 733
4238 734
8143 735
3024 736
1355 737
6459 738
8500 739
2740 740
5943 741
7092 742
3963 743
8167 744
7998 745
408 746
4244 747
5388 748
8606 749
2680 750
8478 751
8464 752
8195 753
2041 754
5947 755
93 756
5431 757
4209 758
4139 759
3796 760
419 761
947 762
3616 763
3274 764
4405 765
1713 766
6485 767
6315 768
4117 769
4792 770
4173 771
5508 772
5795 773
7107 774
7258 775
9388 776
763 777
5341 778
2974 779
7538 780
6822 781
6488 782
3669 783
9023 784
3331 785
4384 786
7122 787
411 788
2979 789
7383 790
219 791
3764 792
8068 793
7301 794
9314 795
7092 796
8397 797
8989 798
8300 799
8706 800
5224 801
5033 802
8145 803
9626 804
9471 805
5145 806
8988 807
390 808
6286 809
6176 810
4301 811
3776 812
969 813
7456 814
298 815
1688 816
6655 817
8335 818
8083 819
26 820
6128 821
1353 822
2909 823
5635 824
9138 825
9966 826
9984 827
8330 828
7095 829
3405 830
8860 831
4839 832
7031 833
6212 834
9420 835
5811 836
906 837
145 838
3571 839
5010 840
960 841
6143 842
4883 843
7490 844
2998 845
4325 846
5376 847
8156 848
7755 849
3345 850
9597 851
7932 852
546 853
2991 854
7991 855
7688 856
8507 857
4148 858
9200 859
4406 860
1758 861
5979 862
3881 863
2378 864
2937 865
890 866
1937 867
9499 868
4887 869
5340 870
9943 871
8711 872
5243 873
5581 874
331 875
3360 876
4014 877
2885 878
6564 879
1782 880
4869 881
9993 882
6929 883
9156 884
2228 885
3762 886
5633 887
4485 888
226 889
2244 890
8866 891
2738 892
1748 893
3334 894
3399 895
4942 896
7794 897
7325 898
5197 899
3428 900
2236 901
856 902
9331 903
858 904
7387 905
1935 906
8545 907
8285 908
2948 909
9067 910
9629 911
702 912
6853 913
2883 914
4703 915
6181 916
1375 917
3248 918
8286 919
7362 920
7754 921
9935 922
6312 923
7641 924
4231 925
2996 926
9610 927
7282 928
7685 929
5165 930
9397 931
6860 932
5680 933
4940 934
834 935
3520 936
3887 937
4255 938
9052 939
3799 940
7601 941
2151 942
138 943
4311 944
5445 945
1489 946
2827 947
1023 948
1797 949
3621 950
1825 951
3153 952
1648 953
3162 954
934 955
5481 956
4550 957
943 958
7291 959
4643 960
6231 961
1789 962
7532 963
5683 964
4474 965
1943 966
3923 967
7768 968
4225 969
7602 970
1363 971
2850 972
1159 973
5280 974
4959 975
1877 976
5094 977
7298 978
7126 979
3077 980
2241 981
4056 982
6780 983
8820 984
4280 985
6730 986
8017 987
8160 988
1247 989
5658 990
1151 991
3020 992
1073 993
3524 994
2053 995
7157 996
8011 997
3265 998
4595 999
