1450 250
9001 0
11199 1
13170 2
13167 3
4011 4
13553 5
3836 6
5062 7
4063 8
3805 9
7032 10
3681 11
6323 12
5880 13
3510 14
6386 15
3746 16
11869 17
2066 18
7448 19
8792 20
353 21
5547 22
11513 23
1212 24
10033 25
12618 26
4839 27
8812 28
7311 29
4051 30
8844 31
8627 32
11216 33
871 34
8185 35
13751 36
14038 37
12415 38
13661 39
9638 40
9041 41
14329 42
14234 43
13452 44
5094 45
4627 46
5530 47
2914 48
8454 49
10671 50
6634 51
175 52
12363 53
11664 54
4513 55
1949 56
10463 57
1219 58
11929 59
3044 60
9513 61
2885 62
5259 63
3271 64
3999 65
14301 66
12367 67
806 68
11397 69
8268 70
11004 71
5635 72
1804 73
8372 74
1188 75
640 76
13234 77
4154 78
12247 79
12723 80
10667 81
7697 82
14398 83
11978 84
10218 85
11624 86
8604 87
5312 88
2112 89
8431 90
10033 91
951 92
440 93
3059 94
8335 95
13334 96
13127 97
1136 98
10360 99
9378 100
5636 101
11903 102
6496 103
14443 104
2109 105
311 106
11484 107
5099 108
3834 109
4199 110
6752 111
14433 112
6131 113
2191 114
883 115
14170 116
9301 117
976 118
4578 119
12300 120
11802 121
4537 122
5944 123
7111 124
11109 125
8053 126
6517 127
68 128
623 129
1992 130
10237 131
11383 132
633 133
8351 134
12924 135
10559 136
3005 137
10231 138
11235 139
4681 140
1842 141
3155 142
10666 143
12320 144
6222 145
14396 146
196 147
12366 148
5783 149
2882 150
85 151
13315 152
10253 153
10387 154
1841 155
1665 156
2673 157
11031 158
8487 159
6331 160
8628 161
5501 162
10207 163
14320 164
1480 165
14398 166
7130 167
6309 168
11740 169
11742 170
14338 171
10277 172
8995 173
4542 174
12739 175
9186 176
14382 177
9136 178
8783 179
6988 180
9799 181
5709 182
5073 183
6854 184
13426 185
4252 186
2656 187
10169 188
7931 189
13189 190
2959 191
13244 192
10808 193
3388 194
1649 195
13780 196
6262 197
5850 198
552 199
2258 200
14389 201
11640 202
12508 203
9780 204
2195 205
8198 206
4801 207
1452 208
13422 209
9202 210
11766 211
11817 212
3194 213
14099 214
2933 215
12596 216
13399 217
1475 218
9878 219
9024 220
10877 221
11642 222
13784 223
9457 224
8764 225
2906 226
3253 227
9329 228
8216 229
7031 230
14248 231
14060 232
3738 233
2670 234
13040 235
13120 236
7622 237
12696 238
5215 239
11258 240
13229 241
4954 242
3083 243
12213 244
1878 245
691 246
3520 247
1648 248
8417 249
11195 250
7658 251
11646 252
3653 253
9850 254
2911 255
9864 256
6778 257
14093 258
11184 259
14363 260
10364 261
9350 262
4999 263
5062 264
12599 265
13159 266
14100 267
3671 268
5259 269
4115 270
2759 271
3865 272
1217 273
8153 274
10538 275
2317 276
12951 277
13322 278
4293 279
3402 280
6612 281
3055 282
3410 283
10178 284
5613 285
11843 286
7385 287
8553 288
9051 289
3049 290
4483 291
7199 292
10873 293
11514 294
9386 295
3567 296
3622 297
13147 298
13334 299
10000 300
6439 301
12737 302
13757 303
1120 304
6601 305
8753 306
10243 307
2658 308
8008 309
10791 310
4091 311
7086 312
1846 313
6123 314
8686 315
8607 316
4675 317
3414 318
9082 319
14133 320
10956 321
6518 322
8460 323
5735 324
10966 325
13623 326
2441 327
710 328
4523 329
13677 330
1081 331
12296 332
6741 333
10066 334
12823 335
3394 336
12545 337
7963 338
12005 339
11452 340
5668 341
11734 342
11553 343
3178 344
6259 345
1215 346
3131 347
4287 348
562 349
8562 350
13228 351
2165 352
11883 353
8119 354
6087 355
8797 356
2499 357
10873 358
14440 359
2647 360
13130 361
8341 362
10926 363
10169 364
12958 365
7485 366
1215 367
5302 368
10769 369
8779 370
7167 371
5418 372
2630 373
1190 374
14458 375
560 376
2562 377
8753 378
11315 379
9017 380
2911 381
3186 382
12543 383
3516 384
13839 385
5726 386
7963 387
8765 388
3051 389
8808 390
6495 391
11803 392
10357 393
12754 394
8468 395
9874 396
3820 397
895 398
1449 399
8110 400
10340 401
9168 402
7595 403
9237 404
2572 405
3112 406
6146 407
12958 408
11562 409
65 410
4557 411
2589 412
13648 413
7989 414
8281 415
9724 416
7464 417
299 418
1068 419
4491 420
4807 421
1780 422
8617 423
13964 424
12500 425
7469 426
2083 427
3904 428
14202 429
13138 430
14486 431
11196 432
4795 433
8082 434
466 435
1071 436
4041 437
2106 438
6971 439
1849 440
712 441
3984 442
8078 443
4074 444
13976 445
7615 446
4080 447
11317 448
1938 449
8343 450
5973 451
4184 452
2488 453
7404 454
10225 455
6379 456
241 457
11611 458
3337 459
1394 460
12636 461
12876 462
13426 463
3771 464
8384 465
7704 466
9096 467
3741 468
8360 469
8854 470
11413 471
1911 472
9829 473
3776 474
1726 475
6393 476
9309 477
12981 478
10751 479
13645 480
4185 481
5183 482
8778 483
7128 484
4288 485
1260 486
10626 487
11078 488
12185 489
11850 490
11447 491
9178 492
10774 493
14409 494
11021 495
9146 496
697 497
2454 498
11167 499
5592 500
6911 501
7928 502
10400 503
7271 504
7318 505
12451 506
6278 507
10836 508
8572 509
678 510
7943 511
3861 512
5317 513
5908 514
2864 515
9755 516
11753 517
8280 518
6721 519
1988 520
6553 521
13173 522
5462 523
7812 524
12658 525
1219 526
1455 527
8971 528
12196 529
13766 530
6498 531
3468 532
13438 533
6218 534
7310 535
536 536
9711 537
11658 538
1570 539
8783 540
6141 541
1732 542
4421 543
3858 544
11281 545
6867 546
8538 547
10472 548
4805 549
11812 550
13347 551
9515 552
8177 553
2246 554
3955 555
11611 556
4915 557
7245 558
3459 559
3414 560
12608 561
6887 562
8591 563
6127 564
9909 565
1311 566
11670 567
12212 568
6438 569
8784 570
4382 571
10209 572
6096 573
9431 574
5002 575
12984 576
2432 577
11787 578
11365 579
9351 580
656 581
1278 582
11995 583
1492 584
92 585
6091 586
2114 587
9584 588
4156 589
12729 590
961 591
6911 592
10221 593
4810 594
10650 595
5095 596
7960 597
877 598
5107 599
8470 600
8288 601
5028 602
5123 603
11168 604
11893 605
7296 606
1638 607
10832 608
4414 609
14244 610
5120 611
1216 612
2215 613
6939 614
2924 615
7461 616
4766 617
712 618
3137 619
13582 620
8339 621
11583 622
929 623
3836 624
2189 625
2476 626
9106 627
3557 628
8760 629
6934 630
1549 631
9985 632
10737 633
13514 634
5223 635
8959 636
5924 637
12536 638
3309 639
9656 640
6404 641
8242 642
10925 643
10571 644
9775 645
4374 646
4839 647
11770 648
10715 649
11853 650
11604 651
11827 652
9220 653
7501 654
5206 655
2894 656
13095 657
758 658
12973 659
3846 660
13195 661
249 662
12662 663
10638 664
3706 665
5705 666
7484 667
6009 668
7758 669
11087 670
6421 671
14257 672
1863 673
10504 674
2471 675
1092 676
6301 677
3754 678
8240 679
11908 680
5917 681
13884 682
863 683
10698 684
529 685
11977 686
6742 687
820 688
12397 689
9128 690
10804 691
10136 692
6506 693
677 694
2829 695
105 696
4821 697
12422 698
5253 699
13503 700
1290 701
11407 702
11161 703
12308 704
5470 705
9510 706
13922 707
9281 708
8705 709
5517 710
11733 711
9471 712
13931 713
5047 714
19 715
11300 716
11603 717
7930 718
384 719
594 720
8241 721
13934 722
5138 723
890 724
1694 725
7906 726
4928 727
13149 728
5069 729
8798 730
4159 731
2579 732
2173 733
5459 734
1396 735
2877 736
6838 737
10940 738
8292 739
12637 740
1791 741
4971 742
11704 743
1681 744
12721 745
1451 746
11545 747
6581 748
1688 749
10972 750
281 751
6631 752
13616 753
2970 754
724 755
4328 756
302 757
10818 758
10275 759
13845 760
11645 761
1479 762
6402 763
13002 764
9497 765
10567 766
11169 767
1045 768
7809 769
1570 770
10736 771
9027 772
465 773
2675 774
6504 775
11879 776
1215 777
8879 778
12519 779
7045 780
13253 781
7724 782
260 783
9511 784
1199 785
3014 786
598 787
11395 788
7812 789
6829 790
13602 791
9138 792
1009 793
7623 794
3346 795
12159 796
1019 797
9736 798
3050 799
12361 800
2859 801
8404 802
12521 803
13942 804
6454 805
4930 806
181 807
11730 808
349 809
991 810
1290 811
9087 812
2943 813
837 814
2367 815
4919 816
13660 817
155 818
4205 819
3400 820
7267 821
940 822
13881 823
8030 824
4824 825
2415 826
4542 827
6669 828
10807 829
5365 830
14079 831
11424 832
12402 833
3735 834
1753 835
2861 836
14260 837
4349 838
10433 839
6222 840
6792 841
8994 842
10267 843
12806 844
1764 845
4176 846
1894 847
3590 848
3212 849
10348 850
5945 851
4826 852
8252 853
6916 854
9044 855
10748 856
5767 857
1545 858
8423 859
3812 860
11322 861
12157 862
14295 863
3858 864
2210 865
6465 866
4485 867
5568 868
6347 869
1985 870
11110 871
4863 872
12672 873
7545 874
1375 875
2358 876
9873 877
4161 878
8348 879
1376 880
2704 881
10119 882
10529 883
9245 884
1312 885
5692 886
8832 887
9299 888
212 889
1803 890
8084 891
6403 892
1737 893
8809 894
9975 895
12833 896
2126 897
3056 898
1136 899
5900 900
3210 901
4553 902
9165 903
12223 904
8120 905
8795 906
9213 907
13222 908
13095 909
6955 910
11571 911
10941 912
9303 913
3227 914
4096 915
12321 916
8511 917
4302 918
4225 919
2632 920
7546 921
11285 922
5382 923
1042 924
2518 925
5527 926
7186 927
8959 928
2020 929
2084 930
996 931
12113 932
4224 933
10899 934
2009 935
13310 936
2244 937
92 938
11196 939
5307 940
8022 941
12172 942
8325 943
8407 944
3043 945
1089 946
7012 947
4409 948
10689 949
13161 950
8728 951
7870 952
3010 953
6486 954
5645 955
5509 956
12383 957
12917 958
509 959
10057 960
5126 961
4196 962
4199 963
14199 964
10045 965
1772 966
10917 967
11596 968
6809 969
3218 970
1914 971
9405 972
3069 973
8933 974
12377 975
7638 976
11006 977
3959 978
1967 979
11227 980
7980 981
4651 982
13045 983
5127 984
649 985
10351 986
4018 987
7155 988
13292 989
8078 990
8525 991
688 992
543 993
14479 994
9120 995
6481 996
8408 997
6851 998
1488 999
8709 1000
8999 1001
11629 1002
11072 1003
3116 1004
6522 1005
721 1006
3232 1007
6696 1008
13762 1009
801 1010
12039 1011
1150 1012
10301 1013
8026 1014
4943 1015
6524 1016
10892 1017
6175 1018
9175 1019
8645 1020
7629 1021
14086 1022
5700 1023
4330 1024
8496 1025
1197 1026
11625 1027
4572 1028
12580 1029
7569 1030
5429 1031
7979 1032
13765 1033
11781 1034
14013 1035
12389 1036
14049 1037
14245 1038
6493 1039
13746 1040
10507 1041
6347 1042
365 1043
12945 1044
14220 1045
6369 1046
10109 1047
287 1048
11702 1049
5756 1050
6753 1051
11917 1052
11223 1053
14042 1054
2940 1055
5472 1056
227 1057
665 1058
8708 1059
5339 1060
3055 1061
10894 1062
4910 1063
13330 1064
5938 1065
1837 1066
12483 1067
4034 1068
5963 1069
10110 1070
10413 1071
6002 1072
7039 1073
6890 1074
7203 1075
10765 1076
13692 1077
1676 1078
10168 1079
7692 1080
11562 1081
5301 1082
11869 1083
4413 1084
14058 1085
13441 1086
9074 1087
9372 1088
10610 1089
9535 1090
11756 1091
7929 1092
13325 1093
128 1094
6237 1095
2931 1096
13592 1097
3602 1098
11387 1099
8714 1100
4519 1101
10898 1102
11066 1103
7429 1104
4159 1105
4213 1106
11139 1107
5186 1108
2013 1109
2743 1110
2039 1111
12957 1112
12881 1113
12557 1114
4536 1115
5117 1116
2558 1117
4229 1118
5231 1119
11422 1120
6647 1121
283 1122
3563 1123
9242 1124
4263 1125
9611 1126
10923 1127
12228 1128
5897 1129
2163 1130
5714 1131
1597 1132
3320 1133
5904 1134
13261 1135
4881 1136
12865 1137
9063 1138
12914 1139
1057 1140
8544 1141
13355 1142
443 1143
11080 1144
11700 1145
1718 1146
9336 1147
6655 1148
8993 1149
11713 1150
10177 1151
4586 1152
7962 1153
3596 1154
11311 1155
11479 1156
409 1157
7990 1158
8721 1159
11652 1160
5498 1161
11979 1162
10701 1163
13296 1164
11452 1165
10030 1166
3941 1167
4516 1168
956 1169
7656 1170
1678 1171
11978 1172
1958 1173
11991 1174
1620 1175
12804 1176
8501 1177
1245 1178
14277 1179
7033 1180
1351 1181
10746 1182
12712 1183
3804 1184
11803 1185
8418 1186
6563 1187
11491 1188
7729 1189
4663 1190
10268 1191
8243 1192
7226 1193
6506 1194
9043 1195
14225 1196
11881 1197
293 1198
8908 1199
12283 1200
2264 1201
10745 1202
8739 1203
10478 1204
777 1205
8244 1206
2237 1207
3976 1208
3920 1209
12367 1210
8345 1211
2084 1212
2751 1213
6741 1214
430 1215
5162 1216
3975 1217
10707 1218
14243 1219
7964 1220
2203 1221
5315 1222
4678 1223
9176 1224
12024 1225
3597 1226
11137 1227
2049 1228
8138 1229
3882 1230
2612 1231
1881 1232
6013 1233
12144 1234
3616 1235
489 1236
7223 1237
3101 1238
4102 1239
4675 1240
4329 1241
6595 1242
10933 1243
2727 1244
5388 1245
840 1246
10248 1247
2018 1248
2932 1249
6259 1250
8406 1251
14238 1252
10695 1253
5160 1254
4313 1255
7583 1256
12816 1257
1145 1258
470 1259
10220 1260
11792 1261
404 1262
10730 1263
1176 1264
6952 1265
9020 1266
2628 1267
2094 1268
1724 1269
7468 1270
12914 1271
6207 1272
1191 1273
9566 1274
286 1275
10082 1276
9051 1277
8834 1278
12154 1279
276 1280
13024 1281
2388 1282
1550 1283
2393 1284
10421 1285
10334 1286
6859 1287
6144 1288
7340 1289
5686 1290
12246 1291
5138 1292
1628 1293
8922 1294
2184 1295
3589 1296
671 1297
5142 1298
12086 1299
6326 1300
9314 1301
13281 1302
1138 1303
11262 1304
7230 1305
3288 1306
3885 1307
2301 1308
10238 1309
6502 1310
13050 1311
2110 1312
1633 1313
14388 1314
7629 1315
4849 1316
518 1317
7128 1318
9227 1319
3122 1320
9759 1321
12267 1322
7380 1323
1920 1324
12400 1325
2527 1326
798 1327
7059 1328
12775 1329
5740 1330
9682 1331
14222 1332
5198 1333
10579 1334
816 1335
9925 1336
8965 1337
6199 1338
1729 1339
13547 1340
496 1341
10906 1342
2880 1343
4622 1344
8556 1345
4921 1346
820 1347
6524 1348
9099 1349
11811 1350
6151 1351
6328 1352
9064 1353
13872 1354
9653 1355
10290 1356
6075 1357
958 1358
10678 1359
12022 1360
6326 1361
12064 1362
11323 1363
11776 1364
13599 1365
7799 1366
2774 1367
12244 1368
13722 1369
8194 1370
6652 1371
12500 1372
12062 1373
2187 1374
2997 1375
3983 1376
10519 1377
3250 1378
2696 1379
10107 1380
8530 1381
794 1382
12639 1383
12642 1384
7546 1385
5910 1386
3109 1387
2118 1388
7358 1389
11800 1390
13168 1391
5282 1392
2173 1393
5090 1394
13792 1395
9248 1396
6528 1397
14368 1398
7214 1399
10945 1400
14032 1401
3035 1402
9058 1403
9416 1404
11296 1405
999 1406
3768 1407
496 1408
7682 1409
13074 1410
12599 1411
1425 1412
6543 1413
6116 1414
8394 1415
1530 1416
92 1417
9829 1418
4185 1419
3633 1420
5849 1421
3200 1422
9807 1423
13978 1424
12845 1425
10026 1426
3263 1427
3528 1428
5307 1429
13061 1430
13751 1431
5012 1432
9310 1433
7242 1434
13030 1435
8475 1436
9321 1437
5520 1438
3443 1439
7723 1440
4158 1441
5530 1442
4212 1443
12358 1444
603 1445
7751 1446
1274 1447
1807 1448
6760 1449
