100 100
913 0
255 1
810 2
879 3
776 4
54 5
902 6
440 7
741 8
47 9
20 10
714 11
455 12
324 13
246 14
876 15
989 16
472 17
992 18
293 19
756 20
604 21
597 22
998 23
579 24
543 25
398 26
382 27
246 28
656 29
436 30
690 31
119 32
193 33
343 34
54 35
243 36
670 37
335 38
702 39
293 40
799 41
353 42
770 43
977 44
262 45
674 46
421 47
427 48
46 49
202 50
469 51
509 52
316 53
668 54
502 55
551 56
439 57
679 58
379 59
133 60
296 61
242 62
28 63
684 64
853 65
972 66
112 67
900 68
576 69
122 70
655 71
479 72
136 73
233 74
167 75
86 76
456 77
608 78
528 79
614 80
940 81
249 82
271 83
553 84
217 85
32 86
744 87
853 88
300 89
904 90
632 91
850 92
340 93
757 94
90 95
843 96
502 97
163 98
561 99
