1500 100
8281 0
1091 1
1224 2
2336 3
6180 4
14536 5
10138 6
5087 7
1121 8
10617 9
8114 10
9147 11
12967 12
3733 13
8950 14
2838 15
12162 16
8334 17
5243 18
1053 19
2358 20
2441 21
14843 22
9654 23
8627 24
3648 25
2409 26
5817 27
60 28
14445 29
6944 30
51 31
9680 32
14989 33
6410 34
314 35
6638 36
584 37
13515 38
6062 39
10506 40
13506 41
189 42
1966 43
11101 44
6087 45
2324 46
4743 47
7402 48
4704 49
2983 50
10164 51
2121 52
7307 53
11990 54
1645 55
11921 56
2657 57
4908 58
5501 59
5558 60
4956 61
10169 62
10205 63
9085 64
9442 65
4940 66
7706 67
244 68
11162 69
7656 70
5183 71
12297 72
5135 73
12288 74
9219 75
8523 76
13830 77
14014 78
7330 79
7022 80
11576 81
12711 82
6502 83
9263 84
6973 85
8700 86
2495 87
1398 88
14137 89
5445 90
4390 91
14469 92
3040 93
3324 94
13325 95
5580 96
10370 97
2125 98
2890 99
7008 100
5126 101
3430 102
11314 103
4032 104
1059 105
12374 106
9042 107
14704 108
7999 109
6791 110
14420 111
3370 112
4854 113
425 114
3489 115
2980 116
3827 117
6478 118
5207 119
14672 120
9163 121
8712 122
4015 123
5322 124
4109 125
9976 126
11798 127
4713 128
6149 129
13059 130
4783 131
5846 132
4772 133
13641 134
9652 135
10720 136
1939 137
689 138
3169 139
11 140
13208 141
7790 142
10926 143
8675 144
8875 145
489 146
3717 147
5295 148
1242 149
14456 150
4989 151
8478 152
5533 153
7494 154
8762 155
14391 156
5505 157
11363 158
12581 159
7198 160
4647 161
14878 162
1931 163
7505 164
4138 165
7538 166
8166 167
4260 168
9639 169
12168 170
151 171
10821 172
13852 173
2021 174
12401 175
13379 176
13347 177
1407 178
8765 179
5665 180
819 181
4240 182
11035 183
4677 184
12691 185
10085 186
8020 187
13898 188
13305 189
11517 190
1264 191
12502 192
12727 193
6112 194
2805 195
2667 196
14027 197
2707 198
14028 199
2724 200
14199 201
4332 202
10300 203
3720 204
8214 205
9164 206
11165 207
677 208
8501 209
5202 210
10977 211
4439 212
3019 213
9124 214
14928 215
10320 216
5455 217
3676 218
8595 219
5263 220
1486 221
7690 222
13128 223
11009 224
3110 225
277 226
14241 227
12673 228
14170 229
9065 230
13632 231
8438 232
5194 233
11412 234
14719 235
14879 236
8116 237
7148 238
10033 239
12981 240
9065 241
14260 242
14899 243
12864 244
155 245
1088 246
8197 247
4425 248
9497 249
14999 250
7992 251
13312 252
7058 253
647 254
11139 255
7494 256
3366 257
9792 258
13577 259
2063 260
4757 261
3232 262
14035 263
2591 264
14699 265
10616 266
9618 267
2233 268
1333 269
6979 270
927 271
918 272
933 273
13322 274
336 275
748 276
6303 277
5189 278
245 279
5800 280
4976 281
8433 282
13043 283
1416 284
4181 285
7102 286
8033 287
6642 288
13987 289
12114 290
7137 291
237 292
1539 293
3077 294
11601 295
10583 296
6959 297
14137 298
14155 299
7757 300
9054 301
7119 302
7435 303
4412 304
13742 305
4896 306
10624 307
6158 308
6133 309
7572 310
12676 311
3934 312
9238 313
6376 314
13890 315
1727 316
1815 317
10172 318
6935 319
12635 320
9658 321
9528 322
12449 323
1570 324
11005 325
13588 326
6189 327
7383 328
7781 329
956 330
4772 331
12192 332
3722 333
5715 334
14986 335
10551 336
3520 337
5693 338
14996 339
11664 340
12141 341
9545 342
4014 343
31 344
12210 345
4271 346
1092 347
14784 348
7822 349
6871 350
6111 351
5800 352
14326 353
1803 354
11173 355
14899 356
5261 357
4615 358
8666 359
13316 360
9603 361
3805 362
2721 363
6675 364
646 365
11445 366
10224 367
10183 368
12722 369
14266 370
7384 371
11616 372
13514 373
8770 374
7108 375
923 376
3269 377
1839 378
13487 379
10043 380
5132 381
6740 382
10390 383
12957 384
14493 385
13363 386
4622 387
2071 388
1300 389
8215 390
1986 391
12926 392
164 393
2231 394
2435 395
3995 396
12207 397
1414 398
13885 399
14018 400
11423 401
9800 402
1527 403
2404 404
1177 405
10557 406
9089 407
8525 408
8805 409
7572 410
4228 411
8537 412
4962 413
8436 414
13910 415
7359 416
10634 417
4195 418
8899 419
2914 420
7446 421
14054 422
14390 423
11876 424
3883 425
13807 426
8563 427
9532 428
8128 429
9515 430
2414 431
631 432
11142 433
1057 434
4019 435
12963 436
12495 437
11692 438
3942 439
596 440
8493 441
12887 442
4619 443
5152 444
10408 445
12695 446
6572 447
9114 448
12397 449
1464 450
9123 451
8681 452
5929 453
2180 454
9366 455
12020 456
2910 457
4713 458
3715 459
9737 460
14126 461
6592 462
9461 463
6144 464
10140 465
8509 466
8903 467
10642 468
2471 469
1943 470
5129 471
5118 472
12347 473
12567 474
13725 475
961 476
14348 477
12956 478
12207 479
6058 480
3292 481
3883 482
11416 483
14727 484
4304 485
10657 486
7828 487
3663 488
11669 489
12041 490
4371 491
11056 492
13114 493
218 494
11053 495
744 496
6434 497
14059 498
13420 499
558 500
14099 501
2476 502
13970 503
5504 504
4177 505
5380 506
4780 507
14589 508
7053 509
4397 510
4113 511
7916 512
1632 513
6223 514
11092 515
9187 516
3348 517
4019 518
3825 519
3137 520
579 521
1645 522
397 523
5627 524
1444 525
106 526
4327 527
10490 528
5610 529
8361 530
13143 531
8054 532
10547 533
13993 534
7347 535
5094 536
1555 537
12898 538
8571 539
648 540
4445 541
7755 542
1263 543
11608 544
7881 545
9178 546
13939 547
11515 548
13101 549
2013 550
12371 551
11612 552
14987 553
472 554
2371 555
12161 556
12731 557
1967 558
4935 559
10246 560
3606 561
13838 562
7668 563
12939 564
4512 565
11781 566
9398 567
11352 568
14421 569
9239 570
6132 571
9134 572
14007 573
13661 574
5918 575
12234 576
10320 577
10048 578
867 579
11274 580
9007 581
7279 582
9393 583
6897 584
13318 585
8787 586
13562 587
14209 588
9529 589
9648 590
1025 591
9629 592
4600 593
5154 594
11130 595
14871 596
468 597
7939 598
4827 599
3796 600
14944 601
1976 602
11895 603
1096 604
3545 605
10083 606
4408 607
14232 608
445 609
9725 610
4208 611
3696 612
3404 613
3582 614
5147 615
13593 616
10281 617
596 618
7354 619
1490 620
3307 621
10529 622
793 623
7912 624
14225 625
460 626
10450 627
13418 628
1798 629
9653 630
375 631
10917 632
1475 633
11226 634
4151 635
4770 636
6087 637
7266 638
11999 639
8161 640
6577 641
11037 642
13373 643
11756 644
12458 645
11521 646
14499 647
5796 648
12406 649
4877 650
16 651
854 652
3020 653
6226 654
12544 655
5433 656
761 657
1952 658
9634 659
4888 660
6775 661
3111 662
8400 663
12587 664
3374 665
13333 666
5284 667
5198 668
8255 669
6249 670
5946 671
6434 672
3916 673
12448 674
697 675
10728 676
4420 677
7390 678
9119 679
1624 680
3117 681
10367 682
4944 683
2129 684
12947 685
13510 686
582 687
5993 688
7950 689
13534 690
6794 691
10265 692
4537 693
6874 694
425 695
12890 696
11614 697
10060 698
952 699
11519 700
4325 701
6563 702
8867 703
2829 704
11489 705
2325 706
14062 707
1387 708
7979 709
5489 710
6405 711
3720 712
10198 713
12943 714
13584 715
8261 716
2336 717
2878 718
2231 719
3181 720
4386 721
1284 722
1498 723
13353 724
4865 725
8058 726
1057 727
14754 728
3549 729
14986 730
2321 731
1511 732
9467 733
1536 734
13593 735
5643 736
4946 737
12577 738
2710 739
7304 740
9916 741
10046 742
2278 743
14715 744
980 745
6417 746
4448 747
13458 748
4925 749
2783 750
4313 751
8788 752
1416 753
4158 754
10687 755
11714 756
7619 757
8141 758
10187 759
2952 760
8746 761
4537 762
8767 763
4489 764
8471 765
10064 766
3100 767
14364 768
2926 769
8565 770
4842 771
11919 772
6215 773
9883 774
12124 775
4566 776
12049 777
14011 778
14738 779
6380 780
11884 781
5676 782
13744 783
3064 784
8770 785
1093 786
6720 787
10886 788
13114 789
10422 790
4891 791
3355 792
6040 793
8561 794
8159 795
9936 796
7960 797
1226 798
12619 799
12738 800
8742 801
11658 802
9727 803
4916 804
2517 805
1581 806
6316 807
9546 808
10179 809
143 810
8685 811
5077 812
6841 813
2957 814
13744 815
4576 816
13101 817
3333 818
13841 819
8700 820
9838 821
12331 822
1360 823
6472 824
2327 825
5621 826
2299 827
10170 828
8770 829
6950 830
2408 831
2476 832
5145 833
9668 834
12908 835
10878 836
6665 837
10316 838
4752 839
10390 840
7456 841
9284 842
2066 843
12197 844
87 845
5706 846
4317 847
2801 848
11772 849
11511 850
8202 851
10248 852
6622 853
3379 854
262 855
6243 856
1236 857
2256 858
11760 859
5586 860
5868 861
2253 862
4914 863
9186 864
6438 865
3541 866
2269 867
4378 868
1502 869
10201 870
6323 871
11133 872
13522 873
260 874
3927 875
6139 876
14160 877
914 878
10498 879
5657 880
8614 881
7277 882
10938 883
4885 884
11541 885
2805 886
3395 887
2497 888
11951 889
10073 890
4689 891
12746 892
9284 893
11330 894
6790 895
8394 896
2192 897
6652 898
453 899
1792 900
10502 901
606 902
7361 903
1661 904
13729 905
12471 906
8977 907
6376 908
11379 909
10369 910
14109 911
14448 912
8009 913
13741 914
12129 915
475 916
3897 917
5601 918
2088 919
5535 920
11912 921
1003 922
11482 923
4556 924
6394 925
10386 926
1282 927
12431 928
7650 929
5802 930
1319 931
6610 932
9766 933
9487 934
13607 935
6803 936
3349 937
6686 938
14298 939
3895 940
3625 941
3726 942
2949 943
4350 944
14925 945
400 946
5645 947
4564 948
5511 949
3706 950
1318 951
5512 952
4595 953
755 954
841 955
7419 956
12690 957
9390 958
6419 959
11378 960
8748 961
6650 962
464 963
3034 964
3858 965
11896 966
248 967
6435 968
7513 969
9194 970
11396 971
1977 972
5180 973
3624 974
6174 975
4669 976
4337 977
5440 978
8149 979
761 980
1257 981
8568 982
8827 983
8293 984
11351 985
9748 986
1874 987
2708 988
14495 989
9072 990
6541 991
4965 992
4693 993
1584 994
6888 995
2547 996
2853 997
14847 998
9030 999
14172 1000
10693 1001
6283 1002
8191 1003
1478 1004
12007 1005
2403 1006
585 1007
13816 1008
7099 1009
2143 1010
6835 1011
13 1012
11617 1013
14095 1014
7767 1015
12116 1016
7831 1017
1718 1018
7703 1019
13469 1020
3408 1021
6787 1022
13970 1023
7119 1024
3933 1025
12823 1026
639 1027
6503 1028
11227 1029
9279 1030
6132 1031
1606 1032
2254 1033
5109 1034
10874 1035
2033 1036
12760 1037
10445 1038
9933 1039
5619 1040
3624 1041
13372 1042
6098 1043
11651 1044
14220 1045
604 1046
235 1047
7821 1048
4146 1049
10437 1050
6641 1051
4323 1052
137 1053
9020 1054
7046 1055
1901 1056
11568 1057
4420 1058
11542 1059
4701 1060
5480 1061
9470 1062
3664 1063
12496 1064
11558 1065
9362 1066
1687 1067
13832 1068
11869 1069
1672 1070
4080 1071
6986 1072
13354 1073
5635 1074
2874 1075
7877 1076
8866 1077
6867 1078
5116 1079
2759 1080
11944 1081
2797 1082
5621 1083
10755 1084
2542 1085
8712 1086
9115 1087
2748 1088
12860 1089
4431 1090
13749 1091
9267 1092
14080 1093
1273 1094
4794 1095
12300 1096
6239 1097
8871 1098
13187 1099
7021 1100
14716 1101
12351 1102
13739 1103
880 1104
11675 1105
706 1106
10349 1107
2306 1108
5377 1109
10475 1110
9697 1111
8175 1112
13362 1113
11064 1114
9811 1115
14265 1116
9644 1117
14987 1118
13651 1119
12378 1120
8967 1121
9291 1122
8207 1123
6951 1124
10962 1125
2964 1126
10371 1127
6096 1128
3663 1129
2455 1130
8155 1131
3573 1132
5921 1133
12944 1134
1982 1135
13993 1136
14182 1137
3282 1138
5079 1139
9621 1140
4149 1141
4115 1142
9657 1143
4087 1144
3650 1145
10225 1146
4683 1147
12025 1148
2064 1149
11041 1150
4541 1151
8282 1152
11031 1153
5379 1154
5992 1155
3805 1156
10169 1157
4365 1158
12397 1159
13353 1160
7608 1161
1257 1162
2916 1163
3115 1164
13665 1165
14260 1166
14295 1167
14723 1168
8020 1169
11598 1170
10008 1171
2949 1172
8445 1173
1618 1174
6713 1175
11037 1176
1078 1177
3179 1178
4657 1179
9353 1180
3239 1181
11626 1182
8874 1183
10612 1184
14082 1185
4060 1186
2485 1187
5674 1188
13870 1189
14801 1190
11975 1191
14928 1192
11543 1193
10076 1194
13071 1195
6358 1196
1848 1197
13343 1198
4192 1199
7980 1200
5919 1201
9890 1202
338 1203
5723 1204
3753 1205
5015 1206
14220 1207
3757 1208
3530 1209
8888 1210
6205 1211
2435 1212
1318 1213
5470 1214
14293 1215
8459 1216
13203 1217
2864 1218
7604 1219
8809 1220
1337 1221
10819 1222
1313 1223
9955 1224
8624 1225
1718 1226
10141 1227
4704 1228
6108 1229
9979 1230
13077 1231
10670 1232
2613 1233
14496 1234
10373 1235
14240 1236
4787 1237
14332 1238
3429 1239
12579 1240
8187 1241
4975 1242
10291 1243
4366 1244
7177 1245
9934 1246
5081 1247
921 1248
6049 1249
6003 1250
7329 1251
1477 1252
1801 1253
10380 1254
1706 1255
459 1256
1417 1257
10886 1258
5924 1259
9425 1260
11259 1261
9931 1262
5367 1263
6796 1264
739 1265
5435 1266
2259 1267
14699 1268
8238 1269
13028 1270
7231 1271
6215 1272
10995 1273
3939 1274
14962 1275
9649 1276
14505 1277
9077 1278
14512 1279
11353 1280
11756 1281
7622 1282
10849 1283
14399 1284
10495 1285
5674 1286
12958 1287
916 1288
885 1289
72 1290
9824 1291
14582 1292
9859 1293
3337 1294
751 1295
4402 1296
1188 1297
6269 1298
11853 1299
14335 1300
2077 1301
8100 1302
2843 1303
12260 1304
1136 1305
13180 1306
7920 1307
5780 1308
10296 1309
2019 1310
14007 1311
6503 1312
14844 1313
10238 1314
8668 1315
10962 1316
3297 1317
3474 1318
10462 1319
10218 1320
4915 1321
963 1322
2450 1323
5816 1324
11967 1325
6351 1326
3206 1327
10918 1328
5024 1329
629 1330
11060 1331
9054 1332
3827 1333
12584 1334
5170 1335
2934 1336
5154 1337
7094 1338
307 1339
9421 1340
14729 1341
9573 1342
6407 1343
4289 1344
10711 1345
9015 1346
12280 1347
2027 1348
1418 1349
9170 1350
2824 1351
12907 1352
1299 1353
8895 1354
462 1355
9981 1356
1268 1357
9571 1358
4008 1359
11570 1360
1411 1361
11528 1362
14198 1363
8380 1364
14943 1365
10973 1366
5606 1367
14357 1368
2941 1369
9367 1370
12594 1371
3000 1372
8907 1373
5647 1374
9624 1375
629 1376
11213 1377
5316 1378
3341 1379
10222 1380
5789 1381
9095 1382
7956 1383
7672 1384
10411 1385
11017 1386
13202 1387
9804 1388
1281 1389
4829 1390
12709 1391
12341 1392
11299 1393
1585 1394
8636 1395
6524 1396
5459 1397
8032 1398
4039 1399
7271 1400
9074 1401
9390 1402
11912 1403
785 1404
3000 1405
6889 1406
7471 1407
13777 1408
6639 1409
7099 1410
7230 1411
3545 1412
9931 1413
3558 1414
457 1415
14351 1416
14344 1417
3928 1418
7621 1419
14222 1420
5160 1421
5900 1422
136 1423
5638 1424
2484 1425
12045 1426
9960 1427
4964 1428
1536 1429
9429 1430
5858 1431
5568 1432
3508 1433
11620 1434
12763 1435
2480 1436
5978 1437
14052 1438
8531 1439
5532 1440
12336 1441
2626 1442
12558 1443
178 1444
7548 1445
12553 1446
11611 1447
5389 1448
6938 1449
1148 1450
4411 1451
14228 1452
13320 1453
2736 1454
4254 1455
6508 1456
9134 1457
1180 1458
13401 1459
12088 1460
2047 1461
12593 1462
5152 1463
11750 1464
10307 1465
10187 1466
8643 1467
1381 1468
6506 1469
9051 1470
8384 1471
12164 1472
4386 1473
3009 1474
3617 1475
12282 1476
710 1477
593 1478
1712 1479
7981 1480
3115 1481
13351 1482
7306 1483
10764 1484
11107 1485
12338 1486
14151 1487
11570 1488
67 1489
10816 1490
13029 1491
6595 1492
6640 1493
3140 1494
14095 1495
402 1496
11173 1497
669 1498
8306 1499
