1000 750
700 0
3255 1
4914 2
5178 3
612 4
3973 5
4024 6
5856 7
3863 8
8863 9
1945 10
2979 11
6555 12
759 13
9879 14
1440 15
4427 16
120 17
2910 18
6676 19
7952 20
7653 21
5564 22
2504 23
670 24
1286 25
3627 26
8726 27
4015 28
7906 29
8365 30
3367 31
5783 32
3201 33
3380 34
1055 35
4666 36
6014 37
2883 38
2869 39
3120 40
929 41
1983 42
8614 43
3136 44
3100 45
1349 46
6603 47
1351 48
4117 49
3211 50
8538 51
2291 52
1657 53
801 54
5508 55
7312 56
7078 57
3963 58
5530 59
6449 60
8703 61
831 62
469 63
9153 64
2792 65
1839 66
3538 67
4887 68
9538 69
4283 70
7654 71
8811 72
6611 73
8685 74
1833 75
4282 76
7491 77
9840 78
5234 79
9720 80
3349 81
711 82
5171 83
3227 84
3910 85
4856 86
3151 87
4666 88
3894 89
2597 90
3089 91
7661 92
8908 93
4817 94
6373 95
5833 96
4121 97
5392 98
4427 99
9139 100
6014 101
308 102
4531 103
2138 104
2235 105
6950 106
3855 107
2711 108
8695 109
2745 110
1359 111
4065 112
8395 113
9229 114
3935 115
2616 116
37 117
5184 118
7850 119
5583 120
6297 121
6528 122
354 123
2506 124
5189 125
1717 126
1036 127
9310 128
3377 129
6032 130
3680 131
322 132
4312 133
6725 134
666 135
8542 136
7452 137
9384 138
4469 139
2631 140
7648 141
9764 142
5590 143
8260 144
987 145
2378 146
9096 147
7525 148
5983 149
1373 150
2116 151
3964 152
787 153
7540 154
9323 155
3369 156
9753 157
6657 158
6773 159
1210 160
603 161
6907 162
643 163
866 164
3918 165
4649 166
7522 167
5890 168
7292 169
4547 170
4971 171
5688 172
2033 173
5825 174
2868 175
9924 176
9589 177
5752 178
3451 179
5703 180
7316 181
9778 182
3879 183
8327 184
4282 185
2579 186
252 187
4263 188
2329 189
682 190
3781 191
6449 192
9782 193
5623 194
8546 195
4901 196
7311 197
9109 198
2250 199
6081 200
6952 201
7037 202
5613 203
2000 204
8688 205
2562 206
8124 207
8520 208
6474 209
623 210
686 211
7443 212
5497 213
2726 214
2995 215
7013 216
7091 217
9234 218
2731 219
5834 220
1101 221
5200 222
488 223
8639 224
8943 225
4913 226
6776 227
2316 228
5031 229
8158 230
4642 231
423 232
6035 233
1566 234
8577 235
3343 236
9184 237
8851 238
307 239
145 240
1141 241
4915 242
4536 243
2917 244
1299 245
3449 246
6143 247
6848 248
6440 249
8322 250
8025 251
8677 252
8791 253
478 254
3203 255
9203 256
1437 257
2135 258
9593 259
2125 260
2592 261
2747 262
3633 263
2288 264
3438 265
6316 266
9213 267
1249 268
9368 269
5401 270
2128 271
898 272
5327 273
70 274
3091 275
7113 276
8419 277
1492 278
7543 279
8509 280
5669 281
8424 282
3144 283
4275 284
8606 285
4427 286
7298 287
8457 288
738 289
2132 290
1042 291
7051 292
6318 293
6104 294
6687 295
4505 296
9600 297
2373 298
615 299
4570 300
5760 301
4566 302
5973 303
3701 304
4631 305
9679 306
3945 307
7178 308
1196 309
9041 310
6910 311
9322 312
1465 313
1443 314
3393 315
4315 316
9204 317
5611 318
5746 319
4642 320
1462 321
1094 322
3544 323
6639 324
7041 325
3453 326
3171 327
6327 328
252 329
8904 330
8705 331
3667 332
9024 333
988 334
398 335
4264 336
2429 337
4081 338
4404 339
9925 340
47 341
8738 342
4064 343
4641 344
538 345
530 346
8788 347
6597 348
7982 349
3576 350
8689 351
5130 352
8534 353
6117 354
5783 355
8506 356
3343 357
6044 358
6842 359
7776 360
7232 361
5462 362
4134 363
9985 364
3937 365
5589 366
6360 367
8942 368
8145 369
6548 370
393 371
7450 372
3560 373
4008 374
4212 375
4182 376
7591 377
1422 378
886 379
6612 380
2388 381
9981 382
9534 383
3304 384
4366 385
104 386
1268 387
8509 388
1651 389
2544 390
7739 391
1157 392
2968 393
9468 394
9465 395
6595 396
7145 397
1742 398
8886 399
2646 400
3972 401
3419 402
879 403
5541 404
345 405
6926 406
2010 407
4322 408
4632 409
9483 410
118 411
3394 412
6733 413
6446 414
2484 415
3245 416
994 417
4189 418
9318 419
4472 420
4607 421
631 422
6929 423
8783 424
3072 425
5960 426
5643 427
3128 428
4986 429
5166 430
5610 431
1338 432
9777 433
6956 434
2756 435
8298 436
7969 437
3028 438
1855 439
4719 440
4476 441
1874 442
8235 443
7154 444
1994 445
9806 446
4972 447
735 448
1607 449
7055 450
3003 451
9880 452
3441 453
144 454
7868 455
857 456
1049 457
9238 458
2674 459
3301 460
4245 461
4121 462
4857 463
5566 464
1182 465
9185 466
3506 467
4460 468
4267 469
4253 470
5097 471
348 472
5864 473
9785 474
835 475
7479 476
6922 477
2720 478
2227 479
6807 480
5410 481
3502 482
5536 483
2133 484
594 485
90 486
7788 487
7967 488
3249 489
9913 490
8161 491
4202 492
4428 493
4612 494
8916 495
7484 496
8606 497
8019 498
1908 499
6561 500
5582 501
530 502
9256 503
5432 504
1230 505
4793 506
1678 507
2950 508
9398 509
897 510
578 511
7726 512
6851 513
2763 514
9461 515
4610 516
5403 517
6435 518
61 519
6701 520
1841 521
8861 522
8822 523
1477 524
49 525
8249 526
3548 527
9369 528
6094 529
5913 530
3929 531
9678 532
7686 533
3736 534
1732 535
3182 536
8468 537
3176 538
3582 539
6919 540
5536 541
8279 542
8997 543
3479 544
77 545
9287 546
4203 547
4110 548
5491 549
6565 550
9599 551
8185 552
5163 553
2861 554
8598 555
9004 556
2538 557
7650 558
4740 559
1845 560
4674 561
9522 562
7636 563
5612 564
3000 565
8835 566
7229 567
3597 568
5574 569
7831 570
4986 571
5334 572
3164 573
9157 574
2869 575
3813 576
4924 577
9253 578
1512 579
6074 580
974 581
9719 582
9912 583
808 584
9911 585
2542 586
3267 587
5916 588
7120 589
9538 590
9290 591
32 592
9134 593
6159 594
2821 595
666 596
8421 597
900 598
8024 599
47 600
4350 601
2762 602
8635 603
4066 604
7838 605
624 606
1953 607
6930 608
1887 609
2485 610
5328 611
3053 612
8529 613
5072 614
1262 615
9755 616
2157 617
2661 618
7332 619
2310 620
9761 621
6020 622
6969 623
360 624
8040 625
6198 626
6426 627
6293 628
1102 629
8889 630
2019 631
8220 632
5586 633
2658 634
707 635
6110 636
2356 637
6073 638
2808 639
544 640
2187 641
6821 642
3850 643
5026 644
8529 645
1233 646
2726 647
7460 648
8806 649
9778 650
3654 651
8560 652
2792 653
632 654
9929 655
28 656
6650 657
4297 658
6839 659
1215 660
7962 661
8867 662
3762 663
5487 664
9682 665
4731 666
9073 667
5315 668
6605 669
1432 670
4929 671
5158 672
7491 673
4374 674
1063 675
7717 676
5621 677
9283 678
5657 679
9738 680
5278 681
4934 682
6039 683
3504 684
641 685
908 686
4345 687
2033 688
22 689
688 690
4266 691
8815 692
1399 693
9495 694
5527 695
9353 696
6842 697
6579 698
8982 699
5778 700
9857 701
2140 702
6361 703
1294 704
6008 705
8028 706
7960 707
3523 708
1471 709
1956 710
5411 711
6422 712
9870 713
1742 714
7134 715
9244 716
2352 717
9046 718
6387 719
6356 720
5006 721
3104 722
1859 723
6124 724
1096 725
5656 726
3571 727
9794 728
5501 729
2778 730
441 731
1920 732
6847 733
848 734
173 735
2241 736
445 737
9302 738
4685 739
4425 740
6589 741
2699 742
7215 743
5464 744
7915 745
3749 746
7777 747
4555 748
5857 749
6941 750
5042 751
9079 752
9464 753
8045 754
2134 755
4779 756
9804 757
2132 758
9989 759
2201 760
9085 761
3606 762
3185 763
622 764
8804 765
345 766
5431 767
4122 768
6601 769
2919 770
7815 771
657 772
1142 773
9703 774
1254 775
4641 776
7176 777
1661 778
6295 779
1115 780
5260 781
9647 782
5701 783
2 784
1636 785
1531 786
6326 787
3309 788
6856 789
7022 790
6730 791
1909 792
3129 793
4486 794
9980 795
4119 796
805 797
6269 798
4073 799
961 800
3060 801
6608 802
1884 803
3647 804
8461 805
1360 806
2802 807
9815 808
3207 809
5963 810
7592 811
8235 812
6602 813
2400 814
5870 815
4590 816
5000 817
3489 818
2021 819
9973 820
5965 821
918 822
2460 823
9583 824
6305 825
8300 826
2108 827
4378 828
2147 829
2134 830
1648 831
239 832
5300 833
2253 834
531 835
4405 836
1266 837
5120 838
8402 839
476 840
1616 841
302 842
6107 843
6041 844
6744 845
340 846
7630 847
671 848
2907 849
8491 850
2081 851
4291 852
4920 853
6274 854
1994 855
2380 856
8117 857
2359 858
8561 859
2406 860
5548 861
2450 862
4930 863
9839 864
6447 865
5144 866
5618 867
5825 868
9319 869
7451 870
426 871
9611 872
4852 873
3972 874
2759 875
3849 876
3787 877
1185 878
7128 879
6377 880
703 881
6826 882
224 883
435 884
1386 885
8995 886
9670 887
5651 888
3572 889
3482 890
2359 891
7011 892
4041 893
6826 894
257 895
1801 896
5103 897
2842 898
9774 899
7332 900
6735 901
6770 902
3273 903
3623 904
153 905
7189 906
9483 907
9874 908
4692 909
467 910
8202 911
6700 912
7324 913
3537 914
7009 915
6297 916
9671 917
2670 918
8252 919
1892 920
6345 921
1047 922
2743 923
8624 924
4574 925
1310 926
8871 927
918 928
1183 929
4938 930
2302 931
6940 932
6058 933
5464 934
2937 935
4498 936
7097 937
4771 938
53 939
3310 940
740 941
4692 942
4649 943
7960 944
3234 945
9020 946
5346 947
4671 948
6416 949
1549 950
8438 951
8193 952
3102 953
3939 954
1864 955
9112 956
2729 957
997 958
2442 959
9341 960
4336 961
934 962
1987 963
6224 964
9436 965
9890 966
1599 967
2295 968
9574 969
7562 970
3258 971
5621 972
7074 973
2033 974
9541 975
6631 976
9296 977
8627 978
7917 979
9658 980
6029 981
1246 982
5650 983
663 984
8366 985
204 986
9237 987
6059 988
4248 989
7615 990
7843 991
2328 992
1577 993
5736 994
8539 995
9836 996
7335 997
6441 998
9490 999
