100 550
107 0
954 1
763 2
874 3
997 4
682 5
732 6
10 7
575 8
368 9
923 10
541 11
514 12
995 13
743 14
966 15
801 16
696 17
617 18
114 19
109 20
449 21
283 22
268 23
580 24
844 25
208 26
135 27
129 28
980 29
578 30
47 31
649 32
697 33
935 34
213 35
87 36
62 37
169 38
4 39
882 40
766 41
64 42
705 43
114 44
13 45
903 46
513 47
514 48
163 49
588 50
939 51
652 52
613 53
11 54
868 55
751 56
902 57
758 58
396 59
901 60
356 61
158 62
151 63
818 64
389 65
709 66
1 67
891 68
985 69
336 70
836 71
608 72
537 73
187 74
426 75
100 76
916 77
971 78
335 79
319 80
308 81
998 82
401 83
852 84
304 85
241 86
67 87
618 88
5 89
852 90
383 91
478 92
647 93
512 94
287 95
295 96
430 97
256 98
889 99
