1450 550
14353 0
13037 1
1873 2
13365 3
7672 4
13482 5
3352 6
9219 7
880 8
3819 9
13328 10
244 11
6422 12
7706 13
7041 14
5076 15
9878 16
10274 17
9746 18
634 19
3116 20
6375 21
2746 22
3669 23
6856 24
5921 25
3032 26
3417 27
9295 28
3986 29
197 30
4118 31
8313 32
1439 33
2617 34
10501 35
8186 36
14167 37
14089 38
3945 39
729 40
12381 41
7647 42
7911 43
14195 44
2939 45
8235 46
10105 47
10288 48
1269 49
6766 50
11843 51
9873 52
32 53
12090 54
2630 55
11218 56
757 57
7977 58
13353 59
8325 60
10033 61
8107 62
12347 63
1001 64
7191 65
8379 66
1251 67
4719 68
195 69
2891 70
4661 71
2461 72
7217 73
7546 74
398 75
639 76
12166 77
6320 78
9529 79
8711 80
8511 81
746 82
6945 83
7423 84
6454 85
14317 86
14396 87
6110 88
187 89
12466 90
8993 91
4574 92
12813 93
13266 94
8349 95
5392 96
4171 97
12239 98
12074 99
155 100
1560 101
10430 102
7845 103
488 104
5874 105
4183 106
7149 107
3555 108
4248 109
657 110
5804 111
4459 112
10228 113
10635 114
5205 115
4460 116
4407 117
7922 118
12384 119
9277 120
12108 121
4352 122
3854 123
10940 124
5107 125
2293 126
2142 127
9337 128
3720 129
5870 130
4238 131
5486 132
13086 133
12186 134
10596 135
1609 136
5571 137
5551 138
11121 139
4622 140
9281 141
9163 142
9366 143
1903 144
5558 145
2388 146
11406 147
7702 148
13262 149
193 150
6840 151
9281 152
13654 153
3465 154
6027 155
14385 156
9926 157
9500 158
12815 159
8374 160
1139 161
9985 162
13311 163
749 164
9079 165
14024 166
12781 167
6687 168
1874 169
3513 170
10800 171
340 172
14027 173
6476 174
2259 175
40 176
3530 177
10051 178
2995 179
2309 180
768 181
2999 182
4103 183
6734 184
5929 185
10603 186
14040 187
2721 188
9264 189
10111 190
2839 191
4359 192
2038 193
6129 194
4267 195
7749 196
2342 197
3068 198
3822 199
7213 200
8762 201
6438 202
7884 203
14311 204
6795 205
11119 206
3712 207
3984 208
9023 209
12717 210
2585 211
11649 212
13262 213
6111 214
3897 215
3783 216
14269 217
7357 218
12406 219
274 220
13136 221
5879 222
5771 223
12809 224
4059 225
12654 226
9932 227
6444 228
501 229
4654 230
4430 231
2286 232
5193 233
1891 234
6643 235
5260 236
4419 237
7491 238
7633 239
11069 240
14071 241
11085 242
9515 243
4082 244
3382 245
190 246
12468 247
9361 248
12385 249
13743 250
1061 251
4372 252
5455 253
11702 254
984 255
9266 256
7272 257
2903 258
5121 259
7801 260
3356 261
2515 262
13993 263
9346 264
8913 265
3223 266
2074 267
2131 268
3955 269
11555 270
7422 271
13123 272
4210 273
3232 274
9636 275
166 276
3312 277
370 278
11747 279
2880 280
3951 281
12773 282
14170 283
14257 284
12219 285
9659 286
9215 287
4741 288
12682 289
10825 290
5320 291
5666 292
13887 293
13924 294
12706 295
1839 296
7321 297
10602 298
1834 299
14373 300
10969 301
4863 302
3434 303
13724 304
3158 305
3467 306
3585 307
5049 308
8491 309
3237 310
1949 311
6260 312
8744 313
5038 314
6087 315
3144 316
5359 317
282 318
8077 319
14286 320
11833 321
10233 322
4980 323
6514 324
847 325
5586 326
12852 327
14282 328
5788 329
701 330
1776 331
11999 332
11789 333
6562 334
5695 335
5838 336
2813 337
2465 338
10484 339
11841 340
4774 341
12034 342
837 343
11225 344
4065 345
6092 346
12922 347
4367 348
136 349
2755 350
7256 351
6345 352
4210 353
3328 354
11301 355
6969 356
1082 357
13765 358
12020 359
9232 360
12965 361
1440 362
1686 363
13287 364
7236 365
8816 366
10086 367
3682 368
11052 369
13072 370
7272 371
14260 372
10625 373
9725 374
4431 375
3452 376
1625 377
2501 378
14314 379
9573 380
9585 381
13993 382
3525 383
1316 384
673 385
10278 386
2298 387
1370 388
2038 389
4032 390
12891 391
10967 392
3036 393
143 394
1126 395
2717 396
213 397
3966 398
4335 399
2986 400
11888 401
5746 402
3646 403
14129 404
3290 405
14428 406
3201 407
13742 408
7103 409
1357 410
11256 411
14065 412
1393 413
6639 414
7366 415
13332 416
9795 417
11241 418
1085 419
10494 420
12235 421
6872 422
2872 423
11201 424
11955 425
783 426
9244 427
5224 428
12465 429
7436 430
12215 431
13939 432
9908 433
9905 434
12069 435
6216 436
8888 437
13197 438
7241 439
12782 440
11964 441
1412 442
5925 443
1119 444
11278 445
5684 446
9688 447
7217 448
8594 449
4353 450
6043 451
6070 452
712 453
11900 454
13882 455
9956 456
7645 457
12817 458
11237 459
8141 460
4131 461
13996 462
5743 463
3055 464
10736 465
7279 466
567 467
6094 468
8502 469
2548 470
6906 471
13248 472
3942 473
1427 474
402 475
3465 476
8173 477
12940 478
1294 479
13022 480
13710 481
12343 482
1182 483
7868 484
177 485
11514 486
2518 487
6042 488
936 489
5550 490
4447 491
8820 492
3472 493
6053 494
12812 495
9197 496
8053 497
10598 498
13258 499
12563 500
599 501
1437 502
5286 503
1887 504
10098 505
11041 506
9926 507
12164 508
2335 509
7431 510
5274 511
9974 512
7499 513
6563 514
9660 515
4005 516
13360 517
13717 518
783 519
3235 520
1353 521
10457 522
14445 523
5383 524
1398 525
9190 526
7178 527
7375 528
5050 529
13 530
13414 531
5979 532
36 533
1130 534
8612 535
5355 536
10577 537
10530 538
14306 539
5970 540
11801 541
5047 542
7069 543
1263 544
407 545
8450 546
4781 547
7412 548
615 549
7411 550
11324 551
9678 552
10683 553
9464 554
10680 555
9049 556
4628 557
11649 558
8725 559
5210 560
2150 561
12671 562
9282 563
5763 564
5228 565
11150 566
8487 567
10738 568
10545 569
1766 570
1092 571
2536 572
1076 573
12463 574
7459 575
7869 576
9663 577
4889 578
6016 579
1567 580
1026 581
13191 582
13411 583
1084 584
9161 585
5352 586
3210 587
5520 588
12290 589
4384 590
13721 591
12525 592
8247 593
9611 594
6551 595
11796 596
11819 597
10531 598
6652 599
3883 600
12910 601
9060 602
6217 603
7204 604
13617 605
7033 606
1800 607
2866 608
3982 609
675 610
7376 611
1900 612
12270 613
5835 614
5827 615
4427 616
11707 617
1479 618
1959 619
8279 620
4959 621
11840 622
6117 623
2623 624
12431 625
6440 626
3976 627
4940 628
9761 629
2880 630
5660 631
8633 632
2422 633
12228 634
9013 635
7790 636
1734 637
10015 638
2689 639
2895 640
3567 641
3902 642
1715 643
13302 644
11075 645
6987 646
3267 647
8762 648
764 649
3700 650
12823 651
710 652
495 653
2586 654
92 655
3599 656
3578 657
10321 658
12518 659
7310 660
4112 661
5702 662
559 663
206 664
12907 665
2507 666
13910 667
543 668
4523 669
6706 670
10060 671
5456 672
10768 673
10022 674
6219 675
13558 676
3905 677
7998 678
7528 679
8874 680
767 681
6985 682
1010 683
1515 684
915 685
6181 686
9035 687
628 688
11512 689
3263 690
12774 691
747 692
10370 693
270 694
14251 695
10127 696
8590 697
2147 698
6771 699
13375 700
1203 701
9750 702
14433 703
229 704
13485 705
119 706
7732 707
14122 708
5889 709
8660 710
608 711
3968 712
5317 713
13794 714
1605 715
5900 716
3918 717
10689 718
14077 719
11152 720
2067 721
5319 722
9940 723
7614 724
9762 725
3367 726
10942 727
6139 728
7025 729
12679 730
4540 731
10917 732
5001 733
3188 734
2820 735
2169 736
2549 737
7236 738
6363 739
13078 740
11030 741
8065 742
8230 743
5989 744
3056 745
8901 746
6269 747
2957 748
1026 749
9848 750
12491 751
6575 752
10097 753
12883 754
8067 755
9679 756
2316 757
13825 758
126 759
9358 760
9721 761
2468 762
6236 763
768 764
13713 765
944 766
11266 767
10683 768
12668 769
6725 770
3249 771
9101 772
11736 773
5347 774
12507 775
10252 776
6444 777
3653 778
14494 779
12203 780
99 781
3575 782
10133 783
10717 784
13821 785
3980 786
13004 787
11171 788
6083 789
10829 790
10187 791
6514 792
3576 793
3173 794
4580 795
8545 796
11387 797
785 798
9996 799
2455 800
12933 801
10991 802
8283 803
5216 804
8918 805
7254 806
2057 807
3044 808
9729 809
4849 810
7024 811
12601 812
11279 813
3422 814
4630 815
9840 816
3344 817
9484 818
7401 819
4658 820
2995 821
3210 822
2427 823
2534 824
4569 825
281 826
3221 827
9949 828
7327 829
2909 830
11205 831
3125 832
8181 833
2181 834
3593 835
3986 836
2314 837
11925 838
10838 839
1910 840
5369 841
3250 842
9800 843
4012 844
9724 845
5180 846
9802 847
7588 848
410 849
9694 850
567 851
6464 852
12468 853
4941 854
11122 855
8052 856
13119 857
11555 858
12637 859
4190 860
6674 861
8171 862
10392 863
12595 864
4733 865
11043 866
4548 867
2902 868
12016 869
750 870
14135 871
952 872
3234 873
926 874
2797 875
4533 876
12209 877
3804 878
5202 879
2861 880
4974 881
6167 882
9864 883
12558 884
4224 885
4533 886
4361 887
10305 888
6340 889
543 890
4612 891
3596 892
10094 893
12709 894
11939 895
13575 896
8867 897
3546 898
4285 899
4643 900
3300 901
7001 902
2926 903
2117 904
4901 905
4614 906
5382 907
6554 908
10976 909
2948 910
4148 911
13989 912
8571 913
1134 914
611 915
14149 916
9775 917
6946 918
5239 919
10835 920
5151 921
8384 922
7723 923
4419 924
12890 925
7282 926
5843 927
8992 928
1219 929
397 930
5744 931
5854 932
248 933
11656 934
14072 935
9089 936
4812 937
11579 938
8446 939
9621 940
6670 941
1241 942
14036 943
10596 944
13149 945
10763 946
6835 947
4595 948
12245 949
6968 950
7997 951
7780 952
12878 953
2394 954
4378 955
2075 956
13387 957
616 958
3231 959
6872 960
10086 961
13207 962
12769 963
616 964
11505 965
149 966
3351 967
11296 968
2430 969
7763 970
11293 971
8444 972
3226 973
8830 974
11421 975
2445 976
7534 977
11327 978
2 979
11620 980
13895 981
10586 982
11903 983
10719 984
13612 985
6625 986
1065 987
5897 988
9046 989
4610 990
12630 991
8653 992
1218 993
6961 994
4970 995
5784 996
1665 997
13071 998
12447 999
4247 1000
8581 1001
9043 1002
8198 1003
4826 1004
3724 1005
10535 1006
14360 1007
8835 1008
6441 1009
3539 1010
13631 1011
12113 1012
10295 1013
8504 1014
540 1015
3535 1016
3817 1017
6044 1018
4902 1019
11691 1020
13996 1021
13141 1022
4270 1023
3178 1024
9687 1025
8963 1026
5407 1027
1972 1028
1232 1029
1917 1030
7144 1031
14009 1032
9857 1033
7619 1034
4829 1035
5404 1036
2474 1037
3485 1038
659 1039
6436 1040
5522 1041
1825 1042
82 1043
3209 1044
15 1045
269 1046
13773 1047
1347 1048
12922 1049
12328 1050
5154 1051
14288 1052
6952 1053
8510 1054
6779 1055
936 1056
4987 1057
5139 1058
10654 1059
3840 1060
3403 1061
3920 1062
6581 1063
11085 1064
3168 1065
1386 1066
8093 1067
13320 1068
12864 1069
6362 1070
9203 1071
6768 1072
7274 1073
5510 1074
12128 1075
9084 1076
3058 1077
7291 1078
4579 1079
7136 1080
8926 1081
11703 1082
5395 1083
13768 1084
3691 1085
9002 1086
6166 1087
9142 1088
12383 1089
11790 1090
5442 1091
9858 1092
184 1093
117 1094
14337 1095
1850 1096
13388 1097
73 1098
10195 1099
9802 1100
9100 1101
1811 1102
2945 1103
13306 1104
774 1105
5742 1106
12554 1107
11807 1108
5015 1109
11782 1110
7750 1111
8511 1112
11821 1113
8568 1114
3882 1115
2026 1116
12537 1117
12023 1118
2234 1119
8677 1120
10668 1121
5622 1122
7809 1123
6469 1124
7930 1125
12105 1126
3991 1127
3475 1128
1985 1129
9978 1130
3505 1131
12075 1132
12180 1133
10368 1134
1563 1135
7078 1136
7619 1137
3925 1138
114 1139
2050 1140
13092 1141
1662 1142
11042 1143
7787 1144
12140 1145
2603 1146
12891 1147
329 1148
9004 1149
7547 1150
9098 1151
2550 1152
1079 1153
4144 1154
4420 1155
3333 1156
5878 1157
6578 1158
2367 1159
4825 1160
8302 1161
12148 1162
11407 1163
195 1164
3138 1165
5352 1166
4768 1167
8913 1168
1551 1169
11554 1170
13494 1171
12530 1172
11792 1173
11752 1174
10941 1175
10102 1176
8051 1177
4331 1178
13484 1179
7269 1180
13323 1181
8742 1182
9211 1183
12732 1184
8891 1185
2873 1186
1297 1187
5247 1188
7296 1189
2955 1190
521 1191
14074 1192
690 1193
6047 1194
2306 1195
3585 1196
3645 1197
9266 1198
8859 1199
11167 1200
4205 1201
11943 1202
8618 1203
12723 1204
4415 1205
11072 1206
2048 1207
11409 1208
2315 1209
14019 1210
11265 1211
12626 1212
12466 1213
13894 1214
6051 1215
1759 1216
14055 1217
11506 1218
4503 1219
1901 1220
2787 1221
3983 1222
13929 1223
10363 1224
1200 1225
10665 1226
13021 1227
8356 1228
1361 1229
13736 1230
1354 1231
7298 1232
13036 1233
793 1234
8334 1235
6350 1236
1165 1237
12548 1238
7350 1239
8204 1240
12602 1241
12134 1242
7128 1243
1547 1244
12467 1245
9194 1246
4153 1247
10973 1248
598 1249
12878 1250
10589 1251
6564 1252
953 1253
6623 1254
10353 1255
9479 1256
3460 1257
13655 1258
18 1259
3035 1260
13397 1261
11212 1262
1468 1263
3514 1264
4202 1265
7678 1266
8227 1267
11146 1268
4827 1269
1488 1270
7188 1271
9276 1272
511 1273
14272 1274
9087 1275
7347 1276
4010 1277
5137 1278
1626 1279
7774 1280
8071 1281
12685 1282
5317 1283
5972 1284
13211 1285
7539 1286
12708 1287
2855 1288
2524 1289
363 1290
1134 1291
10221 1292
13892 1293
10490 1294
6353 1295
7001 1296
748 1297
3936 1298
9757 1299
10037 1300
13144 1301
6818 1302
1007 1303
14052 1304
7880 1305
3647 1306
7427 1307
3135 1308
8019 1309
4067 1310
11274 1311
3334 1312
10389 1313
2974 1314
11227 1315
10256 1316
3044 1317
9433 1318
7706 1319
7710 1320
7339 1321
7747 1322
4814 1323
8351 1324
11638 1325
2027 1326
10730 1327
7494 1328
8389 1329
6187 1330
4560 1331
6061 1332
11086 1333
13503 1334
4996 1335
11653 1336
13217 1337
12035 1338
421 1339
12749 1340
3149 1341
13424 1342
3719 1343
8821 1344
3276 1345
4927 1346
12599 1347
12032 1348
11334 1349
13415 1350
6812 1351
1344 1352
9399 1353
5464 1354
1228 1355
1726 1356
11214 1357
713 1358
3448 1359
11668 1360
9951 1361
3430 1362
7689 1363
10149 1364
654 1365
8090 1366
4777 1367
474 1368
13751 1369
6749 1370
1801 1371
10325 1372
851 1373
518 1374
5228 1375
1664 1376
14013 1377
8607 1378
13137 1379
453 1380
14214 1381
320 1382
12666 1383
1801 1384
674 1385
3379 1386
650 1387
2273 1388
1459 1389
1725 1390
3398 1391
5546 1392
8169 1393
5017 1394
8903 1395
12713 1396
4068 1397
5769 1398
10212 1399
6150 1400
2062 1401
9628 1402
12155 1403
8078 1404
12849 1405
842 1406
13203 1407
12681 1408
3165 1409
12688 1410
14134 1411
648 1412
7687 1413
8490 1414
1826 1415
3213 1416
4230 1417
10358 1418
999 1419
236 1420
1758 1421
9235 1422
5316 1423
8632 1424
6685 1425
5019 1426
12532 1427
13386 1428
5478 1429
7498 1430
12008 1431
391 1432
13579 1433
11443 1434
11283 1435
8151 1436
5819 1437
8167 1438
14095 1439
13191 1440
681 1441
11653 1442
7402 1443
10868 1444
10020 1445
7224 1446
7560 1447
123 1448
9398 1449
