1600 350
12004 0
14562 1
6309 2
4926 3
15992 4
13003 5
9649 6
8843 7
2402 8
13108 9
15811 10
15932 11
10015 12
2735 13
9365 14
13304 15
5872 16
2588 17
2123 18
6218 19
14037 20
1408 21
5937 22
6262 23
10354 24
6825 25
1540 26
13013 27
4364 28
3494 29
8614 30
772 31
12430 32
13926 33
12509 34
2727 35
11550 36
7146 37
13841 38
9717 39
2619 40
7934 41
10126 42
242 43
13012 44
2333 45
942 46
6065 47
5836 48
12990 49
12134 50
3923 51
8208 52
4427 53
9001 54
2454 55
2354 56
737 57
8711 58
6156 59
1295 60
1363 61
12204 62
6770 63
8996 64
497 65
7562 66
14353 67
7710 68
866 69
1740 70
5514 71
4503 72
402 73
9307 74
13466 75
4043 76
7129 77
2319 78
4274 79
5225 80
11087 81
6949 82
1485 83
1442 84
2968 85
2107 86
12000 87
15418 88
1829 89
834 90
2139 91
676 92
1839 93
12443 94
14774 95
9581 96
9827 97
267 98
13447 99
10306 100
9183 101
10113 102
4473 103
9646 104
6770 105
13139 106
6052 107
13635 108
1544 109
7284 110
15060 111
4978 112
12838 113
6992 114
919 115
13568 116
9551 117
8247 118
911 119
8851 120
14082 121
7533 122
12025 123
569 124
8942 125
6252 126
10007 127
1389 128
15930 129
14753 130
5693 131
13569 132
13015 133
15038 134
6573 135
14880 136
5241 137
11023 138
1789 139
8837 140
1078 141
3513 142
10049 143
3171 144
881 145
2384 146
9162 147
10453 148
8847 149
15686 150
2555 151
6896 152
2687 153
5802 154
4598 155
2733 156
8426 157
5558 158
2388 159
3111 160
6152 161
9884 162
12012 163
14711 164
11909 165
11729 166
557 167
14020 168
15953 169
7707 170
293 171
5085 172
5212 173
12086 174
686 175
9989 176
684 177
10563 178
3263 179
15983 180
7228 181
14322 182
2721 183
15995 184
14298 185
301 186
593 187
8634 188
2449 189
15590 190
6121 191
6766 192
12766 193
9381 194
12877 195
11230 196
10226 197
5487 198
345 199
12937 200
6015 201
10564 202
730 203
10387 204
2218 205
8371 206
13888 207
12616 208
1703 209
11046 210
8530 211
12728 212
12736 213
13271 214
15850 215
7809 216
15401 217
5370 218
8650 219
12837 220
7125 221
2848 222
3646 223
1098 224
10274 225
14038 226
10930 227
12624 228
4779 229
3247 230
1453 231
5819 232
11029 233
12474 234
6825 235
6875 236
11184 237
14916 238
4207 239
14186 240
3727 241
12962 242
3331 243
3776 244
2222 245
12067 246
3929 247
8258 248
4132 249
15866 250
5531 251
12628 252
2174 253
4211 254
11395 255
9492 256
14916 257
12861 258
15780 259
14309 260
11921 261
8793 262
341 263
8621 264
13940 265
9941 266
1620 267
3887 268
6013 269
6529 270
15227 271
8217 272
1149 273
12547 274
500 275
14332 276
2728 277
8209 278
12849 279
9321 280
15342 281
7917 282
142 283
8884 284
3347 285
8835 286
15374 287
3592 288
6759 289
7150 290
4113 291
366 292
65 293
759 294
8639 295
80 296
7413 297
7003 298
11344 299
5325 300
12114 301
1026 302
15870 303
10696 304
5134 305
3087 306
15567 307
5620 308
12785 309
4840 310
7668 311
8637 312
10222 313
10937 314
12244 315
5465 316
2770 317
7517 318
6685 319
8754 320
177 321
4853 322
10709 323
86 324
12598 325
15978 326
1973 327
9220 328
2977 329
1057 330
12277 331
3941 332
14906 333
11299 334
2597 335
3913 336
15138 337
11869 338
13843 339
15411 340
15786 341
5600 342
14924 343
13344 344
14498 345
6521 346
9887 347
2482 348
15051 349
4003 350
9629 351
2390 352
14904 353
475 354
10652 355
8090 356
10279 357
6694 358
10740 359
13546 360
9243 361
7846 362
3472 363
6808 364
14177 365
13041 366
10023 367
10919 368
5387 369
11473 370
11130 371
4184 372
4804 373
9773 374
7618 375
9129 376
8129 377
4806 378
6121 379
13556 380
15942 381
15910 382
1195 383
2179 384
11353 385
11069 386
7375 387
9262 388
3234 389
7755 390
3648 391
2242 392
6187 393
15082 394
3050 395
11786 396
1270 397
5518 398
1286 399
14446 400
1386 401
15777 402
12670 403
11732 404
1968 405
1648 406
52 407
6246 408
6274 409
14638 410
3324 411
14599 412
13492 413
5352 414
7035 415
1609 416
8828 417
5670 418
8932 419
967 420
1198 421
5069 422
14852 423
7625 424
9016 425
7548 426
11774 427
12090 428
5319 429
13183 430
3664 431
5688 432
2092 433
5486 434
10408 435
10539 436
1287 437
13310 438
9090 439
728 440
11895 441
2694 442
11129 443
6553 444
3304 445
4146 446
9101 447
6082 448
5055 449
2475 450
13942 451
12446 452
13512 453
9029 454
876 455
5007 456
4021 457
1436 458
1539 459
11749 460
13533 461
13940 462
5484 463
1978 464
9322 465
5422 466
11438 467
7049 468
4131 469
4196 470
11068 471
8731 472
10971 473
4569 474
12043 475
6068 476
12473 477
7543 478
14196 479
2702 480
12763 481
15926 482
6667 483
9088 484
10295 485
9186 486
4867 487
10617 488
7018 489
3186 490
6140 491
6128 492
2197 493
13976 494
5364 495
6543 496
5251 497
6955 498
2745 499
7859 500
7955 501
14643 502
5807 503
7545 504
11933 505
407 506
2802 507
8961 508
12144 509
5698 510
15223 511
12976 512
12215 513
14765 514
3371 515
10310 516
6447 517
3046 518
7478 519
8041 520
5192 521
15237 522
2667 523
7815 524
8233 525
14205 526
2999 527
9301 528
11651 529
15148 530
13158 531
15661 532
1822 533
2431 534
12939 535
12916 536
2669 537
2584 538
6059 539
12669 540
738 541
2750 542
4193 543
4839 544
6928 545
7658 546
3487 547
11638 548
1837 549
6848 550
13468 551
938 552
1342 553
13048 554
9131 555
4930 556
8370 557
11685 558
4411 559
11623 560
2885 561
15560 562
2817 563
471 564
15090 565
6510 566
2305 567
3754 568
14455 569
11638 570
7068 571
5296 572
11664 573
1547 574
5865 575
9549 576
8861 577
14076 578
10491 579
8039 580
7280 581
6948 582
3903 583
14370 584
6240 585
14773 586
12978 587
12739 588
10385 589
13853 590
4256 591
11550 592
14327 593
11544 594
982 595
1772 596
3068 597
3510 598
14841 599
5848 600
12972 601
1208 602
12560 603
4552 604
10972 605
7441 606
7847 607
1532 608
2003 609
15306 610
2040 611
13794 612
13799 613
8784 614
14904 615
15276 616
6202 617
6318 618
6038 619
3312 620
6848 621
4813 622
8237 623
12781 624
7241 625
12499 626
5311 627
478 628
10063 629
7293 630
13022 631
4334 632
9994 633
12730 634
11300 635
5485 636
1819 637
5746 638
2766 639
14945 640
5293 641
14340 642
15261 643
10192 644
4075 645
7469 646
14232 647
1508 648
1043 649
503 650
10930 651
1187 652
7207 653
3128 654
12804 655
13650 656
1090 657
2602 658
1375 659
15253 660
5612 661
6213 662
7833 663
13312 664
15926 665
4018 666
10458 667
13449 668
7451 669
7308 670
498 671
1279 672
6116 673
7454 674
13162 675
15335 676
8331 677
12409 678
2580 679
2707 680
8233 681
4129 682
4133 683
4186 684
8046 685
15936 686
10022 687
13522 688
11058 689
11374 690
5300 691
3155 692
573 693
11873 694
8492 695
5743 696
13345 697
4014 698
15033 699
9401 700
1868 701
5234 702
5666 703
1857 704
4977 705
3750 706
6919 707
8055 708
11345 709
517 710
12927 711
7862 712
11253 713
6522 714
12013 715
4699 716
11624 717
3466 718
13821 719
10515 720
8236 721
10586 722
2366 723
15803 724
5541 725
8595 726
5647 727
2461 728
6784 729
8122 730
6656 731
2949 732
1189 733
8438 734
2408 735
6002 736
15846 737
15899 738
11678 739
4164 740
5680 741
8399 742
2296 743
7789 744
6333 745
7093 746
15875 747
10590 748
309 749
1846 750
4581 751
1717 752
1185 753
6667 754
11484 755
1318 756
13301 757
9836 758
10093 759
2870 760
4847 761
11032 762
5687 763
318 764
1484 765
5768 766
7356 767
2706 768
2885 769
13716 770
15958 771
8307 772
165 773
7823 774
9794 775
12206 776
15642 777
12883 778
8848 779
9206 780
125 781
5878 782
10420 783
10866 784
9079 785
12109 786
14678 787
1993 788
10995 789
9158 790
8109 791
6661 792
6714 793
1848 794
13345 795
4730 796
9822 797
15109 798
1986 799
11965 800
7302 801
15775 802
3219 803
8998 804
14434 805
9521 806
15262 807
13569 808
1119 809
7349 810
3989 811
4841 812
3381 813
9315 814
10861 815
7095 816
13011 817
12673 818
3664 819
4181 820
6745 821
3453 822
2591 823
1233 824
10862 825
6090 826
6759 827
8307 828
4601 829
61 830
4424 831
3443 832
12639 833
12806 834
9993 835
15294 836
4197 837
10919 838
7208 839
6977 840
2317 841
15990 842
10374 843
3643 844
302 845
12031 846
2983 847
9152 848
9640 849
10429 850
8010 851
13959 852
15230 853
7621 854
13049 855
5477 856
13279 857
2282 858
2341 859
7901 860
6199 861
6557 862
14299 863
12097 864
10697 865
11270 866
14667 867
15168 868
12714 869
7106 870
8214 871
4435 872
7023 873
11320 874
10650 875
1662 876
7364 877
760 878
1416 879
7055 880
15988 881
287 882
9964 883
2090 884
6132 885
11720 886
7830 887
14431 888
4705 889
2069 890
5453 891
1699 892
6713 893
1400 894
9148 895
15523 896
4872 897
15656 898
8871 899
13149 900
12769 901
4841 902
3003 903
3971 904
224 905
7905 906
15771 907
7704 908
12994 909
15174 910
11822 911
4765 912
3686 913
3509 914
12824 915
10305 916
2207 917
2589 918
10989 919
10910 920
13303 921
14377 922
9164 923
14099 924
10452 925
7556 926
2259 927
5494 928
7274 929
8937 930
15945 931
9717 932
4269 933
7737 934
15285 935
9520 936
10662 937
4938 938
13182 939
9181 940
10936 941
2831 942
1884 943
5583 944
890 945
5179 946
14896 947
1727 948
14488 949
1119 950
4206 951
1394 952
5937 953
15207 954
15412 955
11394 956
11056 957
11351 958
12354 959
3595 960
7854 961
7702 962
10381 963
12826 964
12355 965
13361 966
8081 967
5887 968
9358 969
13634 970
6185 971
5166 972
15792 973
11420 974
12805 975
2722 976
2683 977
9904 978
6460 979
2805 980
19 981
12623 982
6954 983
4714 984
13744 985
4131 986
5731 987
1907 988
5308 989
6759 990
8653 991
10553 992
15538 993
2209 994
8518 995
8239 996
4376 997
13937 998
7567 999
8274 1000
13966 1001
10770 1002
11336 1003
6666 1004
4520 1005
12187 1006
13619 1007
5489 1008
13431 1009
15418 1010
8010 1011
3262 1012
490 1013
4570 1014
1506 1015
15817 1016
15573 1017
2265 1018
8178 1019
7211 1020
4881 1021
9381 1022
11414 1023
14016 1024
11254 1025
4811 1026
321 1027
14752 1028
14405 1029
1007 1030
6510 1031
13762 1032
13229 1033
766 1034
2012 1035
9787 1036
5602 1037
14995 1038
5803 1039
3545 1040
5717 1041
11334 1042
13640 1043
12575 1044
3130 1045
8567 1046
13898 1047
2357 1048
5669 1049
2332 1050
5022 1051
10500 1052
2179 1053
12706 1054
1849 1055
6154 1056
14321 1057
8183 1058
5215 1059
8960 1060
11168 1061
754 1062
15962 1063
13725 1064
8774 1065
8247 1066
797 1067
3412 1068
2218 1069
1457 1070
7746 1071
10108 1072
8054 1073
10996 1074
4347 1075
8707 1076
11919 1077
2389 1078
10595 1079
7811 1080
12992 1081
11375 1082
14327 1083
1564 1084
15017 1085
3780 1086
7595 1087
571 1088
15799 1089
12942 1090
8422 1091
5290 1092
13311 1093
3014 1094
6444 1095
279 1096
10120 1097
5026 1098
95 1099
14261 1100
393 1101
3692 1102
5754 1103
8613 1104
6625 1105
12487 1106
4790 1107
8752 1108
15448 1109
1333 1110
13482 1111
14322 1112
1884 1113
5202 1114
3596 1115
5782 1116
4308 1117
15373 1118
9411 1119
14921 1120
13405 1121
1830 1122
15831 1123
13641 1124
4248 1125
5283 1126
2013 1127
3422 1128
11868 1129
13473 1130
11204 1131
4625 1132
12687 1133
7651 1134
3283 1135
12421 1136
12112 1137
15167 1138
6349 1139
1618 1140
9085 1141
15030 1142
15683 1143
2227 1144
11467 1145
4805 1146
13869 1147
4988 1148
8511 1149
13777 1150
15117 1151
14788 1152
13449 1153
12904 1154
15863 1155
5225 1156
7063 1157
3122 1158
432 1159
3845 1160
4529 1161
1359 1162
9221 1163
5183 1164
11790 1165
5536 1166
633 1167
6494 1168
10454 1169
11740 1170
11514 1171
13428 1172
9537 1173
1527 1174
2982 1175
8982 1176
5249 1177
15282 1178
5174 1179
4575 1180
2062 1181
6768 1182
3024 1183
7264 1184
2535 1185
11545 1186
6103 1187
6206 1188
7347 1189
1968 1190
2624 1191
2860 1192
14216 1193
2565 1194
6861 1195
14445 1196
2360 1197
5747 1198
9627 1199
14629 1200
6749 1201
2562 1202
2275 1203
5365 1204
1172 1205
11200 1206
3371 1207
5312 1208
5238 1209
895 1210
1820 1211
8031 1212
11104 1213
6920 1214
7653 1215
8767 1216
12985 1217
12710 1218
11321 1219
6299 1220
3996 1221
11425 1222
7106 1223
8527 1224
4944 1225
13207 1226
6173 1227
13253 1228
6568 1229
15633 1230
11938 1231
14298 1232
7054 1233
5104 1234
14641 1235
6478 1236
11983 1237
8277 1238
9061 1239
3627 1240
7016 1241
1149 1242
11054 1243
13163 1244
14820 1245
5465 1246
2372 1247
14914 1248
4783 1249
1581 1250
2553 1251
3748 1252
10093 1253
8817 1254
6827 1255
11649 1256
12549 1257
15793 1258
2833 1259
7414 1260
9207 1261
5415 1262
4167 1263
6366 1264
12608 1265
10744 1266
1683 1267
3668 1268
4640 1269
1297 1270
9624 1271
337 1272
9238 1273
15932 1274
7568 1275
931 1276
11580 1277
7806 1278
10270 1279
15315 1280
8618 1281
10746 1282
9225 1283
4488 1284
12330 1285
13207 1286
10055 1287
6948 1288
9216 1289
1219 1290
13598 1291
4039 1292
8854 1293
11241 1294
569 1295
961 1296
12279 1297
11516 1298
3822 1299
15926 1300
2138 1301
664 1302
11944 1303
14034 1304
7971 1305
5440 1306
11208 1307
3377 1308
15083 1309
7151 1310
419 1311
393 1312
15049 1313
15906 1314
14487 1315
15302 1316
4092 1317
11146 1318
1372 1319
10919 1320
14771 1321
5461 1322
2086 1323
12951 1324
14849 1325
6691 1326
11005 1327
1075 1328
10092 1329
15353 1330
10055 1331
1497 1332
13665 1333
1979 1334
11637 1335
6418 1336
15130 1337
1296 1338
690 1339
9146 1340
4854 1341
12145 1342
7014 1343
1886 1344
7844 1345
13810 1346
14544 1347
6349 1348
10095 1349
12551 1350
8460 1351
5642 1352
11428 1353
3024 1354
3578 1355
15818 1356
12798 1357
13819 1358
1382 1359
5773 1360
7958 1361
14055 1362
11861 1363
4941 1364
3175 1365
13409 1366
9862 1367
6280 1368
7011 1369
2656 1370
5874 1371
15384 1372
2690 1373
9078 1374
2966 1375
4941 1376
11431 1377
11024 1378
3090 1379
5367 1380
9741 1381
2121 1382
7471 1383
4573 1384
6687 1385
7271 1386
4845 1387
9561 1388
15247 1389
11178 1390
14655 1391
13976 1392
4993 1393
9644 1394
8896 1395
7798 1396
10857 1397
5941 1398
10105 1399
1901 1400
490 1401
9279 1402
12759 1403
7345 1404
11993 1405
13520 1406
12701 1407
13332 1408
2667 1409
15318 1410
7811 1411
5111 1412
11092 1413
4488 1414
10041 1415
1375 1416
9476 1417
7918 1418
5056 1419
14315 1420
8355 1421
10627 1422
8634 1423
6180 1424
14239 1425
14758 1426
6861 1427
11074 1428
8242 1429
4691 1430
261 1431
14984 1432
15767 1433
14692 1434
1628 1435
15431 1436
774 1437
2712 1438
14667 1439
10457 1440
12579 1441
9236 1442
9145 1443
12963 1444
1362 1445
9440 1446
632 1447
7730 1448
3306 1449
13728 1450
10305 1451
11459 1452
5388 1453
13746 1454
5029 1455
11145 1456
11864 1457
5608 1458
6575 1459
1376 1460
9712 1461
5613 1462
6647 1463
10729 1464
648 1465
5853 1466
10449 1467
7474 1468
2363 1469
11115 1470
7977 1471
9542 1472
1097 1473
8234 1474
14929 1475
6505 1476
5596 1477
299 1478
3682 1479
2323 1480
3800 1481
3126 1482
15677 1483
2263 1484
15611 1485
346 1486
14310 1487
3658 1488
6415 1489
13622 1490
14338 1491
8515 1492
3166 1493
6524 1494
5480 1495
6398 1496
9016 1497
12625 1498
782 1499
11739 1500
9550 1501
6182 1502
13826 1503
1347 1504
13083 1505
13744 1506
4091 1507
4011 1508
1453 1509
8808 1510
14055 1511
8579 1512
2897 1513
7825 1514
2604 1515
4419 1516
4881 1517
6384 1518
6353 1519
5114 1520
14345 1521
7519 1522
11895 1523
4296 1524
13068 1525
8978 1526
7139 1527
6129 1528
6120 1529
12903 1530
837 1531
6901 1532
11600 1533
13675 1534
13511 1535
718 1536
2800 1537
5590 1538
8629 1539
8881 1540
3241 1541
7398 1542
1639 1543
2397 1544
4297 1545
10701 1546
155 1547
10411 1548
3709 1549
14075 1550
8215 1551
14423 1552
8715 1553
9102 1554
8731 1555
1755 1556
14706 1557
11011 1558
5482 1559
3765 1560
6591 1561
10966 1562
144 1563
1793 1564
8981 1565
10032 1566
6810 1567
725 1568
13501 1569
13566 1570
3215 1571
14122 1572
5757 1573
8957 1574
2341 1575
52 1576
14521 1577
1411 1578
11198 1579
9603 1580
7677 1581
14654 1582
8478 1583
15127 1584
15573 1585
2921 1586
5159 1587
2899 1588
12765 1589
10621 1590
761 1591
6805 1592
15246 1593
11636 1594
14065 1595
15004 1596
3736 1597
14105 1598
15029 1599
