1000 700
8567 0
8034 1
1623 2
6978 3
2055 4
1970 5
3760 6
6529 7
412 8
9381 9
5996 10
9460 11
6627 12
737 13
5731 14
6241 15
8882 16
6921 17
244 18
3928 19
8622 20
9643 21
8306 22
1420 23
7028 24
3188 25
4187 26
4148 27
8828 28
3564 29
1122 30
410 31
8677 32
4001 33
298 34
5004 35
655 36
293 37
5182 38
119 39
6978 40
3395 41
4387 42
2317 43
3333 44
9376 45
6355 46
3607 47
925 48
6226 49
8956 50
60 51
4165 52
1264 53
2687 54
9139 55
3503 56
3807 57
2129 58
6939 59
7451 60
4352 61
885 62
7163 63
8713 64
2478 65
6170 66
9248 67
1205 68
5253 69
4692 70
5869 71
2911 72
7488 73
3985 74
7996 75
9541 76
7778 77
6632 78
8445 79
4615 80
4653 81
2752 82
2046 83
5214 84
7134 85
5484 86
7261 87
6285 88
5166 89
1693 90
1795 91
4262 92
6956 93
541 94
681 95
1114 96
3731 97
1464 98
871 99
4486 100
7541 101
6653 102
7517 103
4599 104
6460 105
1813 106
7335 107
2482 108
5115 109
7003 110
5755 111
4545 112
5147 113
9324 114
1234 115
5248 116
1095 117
3477 118
1884 119
3434 120
2629 121
7755 122
2389 123
2046 124
3458 125
5720 126
4683 127
9906 128
9352 129
5668 130
2953 131
9712 132
9881 133
4275 134
8929 135
9439 136
2568 137
3290 138
9396 139
9784 140
2911 141
9784 142
5852 143
5570 144
8045 145
6298 146
1404 147
1328 148
9034 149
6075 150
1933 151
194 152
7163 153
65 154
933 155
1491 156
1917 157
9480 158
9228 159
1094 160
1239 161
9483 162
1909 163
7136 164
8190 165
4009 166
2729 167
8833 168
7831 169
2255 170
7318 171
9981 172
2920 173
3575 174
3974 175
6361 176
5934 177
5810 178
8729 179
4898 180
4391 181
7329 182
6134 183
3659 184
3456 185
8935 186
7413 187
6340 188
9625 189
5796 190
8474 191
5219 192
20 193
1791 194
2679 195
802 196
473 197
7073 198
9748 199
6294 200
6178 201
7481 202
3440 203
1110 204
5708 205
2524 206
8982 207
7018 208
2451 209
3793 210
1510 211
325 212
1232 213
7783 214
5216 215
2317 216
4712 217
9628 218
9161 219
4318 220
4892 221
417 222
5971 223
9153 224
2039 225
2460 226
5352 227
6852 228
4822 229
3207 230
7923 231
1274 232
3741 233
6680 234
3346 235
9865 236
931 237
1563 238
1664 239
3529 240
8514 241
755 242
3113 243
7797 244
1322 245
4520 246
7381 247
1742 248
4364 249
9997 250
5811 251
2736 252
2047 253
1173 254
4184 255
687 256
5393 257
6805 258
6356 259
5318 260
5218 261
3286 262
6785 263
9309 264
9763 265
4558 266
4152 267
3317 268
8331 269
6053 270
4137 271
1095 272
6750 273
3487 274
1253 275
8161 276
160 277
5604 278
7882 279
7862 280
946 281
3761 282
5181 283
9796 284
1520 285
2571 286
9626 287
3043 288
1444 289
3057 290
1262 291
9392 292
1315 293
583 294
1712 295
6400 296
1729 297
5079 298
7085 299
4519 300
3483 301
4609 302
622 303
5686 304
2467 305
1674 306
4652 307
742 308
2503 309
9239 310
5788 311
1424 312
7563 313
3078 314
4756 315
254 316
7196 317
4447 318
719 319
6317 320
247 321
9266 322
810 323
7935 324
3469 325
1603 326
9975 327
7135 328
9576 329
6975 330
662 331
2653 332
868 333
5089 334
8690 335
2000 336
8405 337
6603 338
1501 339
5716 340
996 341
6850 342
4701 343
243 344
725 345
2098 346
7883 347
4366 348
5292 349
3684 350
2673 351
6713 352
6158 353
744 354
6505 355
9278 356
8911 357
4868 358
462 359
8896 360
812 361
8321 362
4375 363
6477 364
4159 365
1134 366
8308 367
6101 368
907 369
8102 370
5427 371
9738 372
5348 373
5909 374
3403 375
3450 376
9157 377
4757 378
2362 379
8905 380
3509 381
2899 382
952 383
455 384
2413 385
647 386
187 387
9918 388
3062 389
4666 390
4639 391
7363 392
7413 393
6796 394
7875 395
460 396
9660 397
6940 398
2487 399
5366 400
3341 401
2260 402
5002 403
1896 404
5724 405
8155 406
6955 407
8370 408
9007 409
8927 410
5555 411
637 412
7248 413
6586 414
2972 415
2162 416
9889 417
7128 418
5018 419
7271 420
7273 421
8352 422
4023 423
9069 424
3398 425
8298 426
1426 427
9813 428
6493 429
7834 430
4149 431
7397 432
7009 433
9532 434
3174 435
8127 436
833 437
4390 438
889 439
8720 440
6175 441
5387 442
8447 443
4216 444
6454 445
8851 446
935 447
5334 448
2200 449
5712 450
990 451
5685 452
8783 453
3675 454
122 455
3184 456
1252 457
7716 458
3317 459
7980 460
5005 461
2950 462
6117 463
2131 464
6427 465
9367 466
5831 467
5516 468
1640 469
2992 470
286 471
2522 472
1764 473
1168 474
8598 475
7921 476
4005 477
9217 478
4756 479
371 480
9831 481
8609 482
7915 483
4330 484
7710 485
7384 486
1717 487
6275 488
92 489
9229 490
6942 491
5438 492
631 493
2872 494
656 495
9165 496
7508 497
2555 498
9786 499
1498 500
4918 501
5639 502
6823 503
1583 504
4493 505
6237 506
3958 507
8878 508
331 509
8780 510
159 511
2517 512
9156 513
2963 514
8671 515
8236 516
9752 517
4724 518
706 519
898 520
9957 521
3437 522
4990 523
801 524
7310 525
2797 526
1992 527
5643 528
5329 529
537 530
4589 531
8312 532
3847 533
7160 534
8642 535
1460 536
1964 537
3478 538
3960 539
8914 540
5277 541
858 542
8998 543
5689 544
67 545
8187 546
4778 547
232 548
9426 549
650 550
5062 551
873 552
9714 553
848 554
3624 555
2515 556
9035 557
3749 558
6206 559
4331 560
744 561
8148 562
5770 563
4507 564
4004 565
2290 566
312 567
5271 568
5206 569
235 570
7478 571
9429 572
2934 573
7101 574
2223 575
3284 576
5155 577
6345 578
3706 579
8229 580
1357 581
4403 582
3534 583
8344 584
3977 585
67 586
2766 587
2449 588
7791 589
225 590
3038 591
3481 592
3794 593
7143 594
2351 595
8005 596
3270 597
1795 598
3972 599
817 600
3282 601
7802 602
2140 603
9851 604
4990 605
1092 606
9320 607
3882 608
46 609
9762 610
8967 611
4852 612
1006 613
1002 614
6644 615
7705 616
9484 617
5006 618
4456 619
5309 620
9189 621
7125 622
2848 623
490 624
4007 625
7000 626
9843 627
6536 628
5888 629
7281 630
3670 631
5647 632
3586 633
6322 634
1884 635
5294 636
2944 637
9358 638
2430 639
5045 640
5537 641
7712 642
8642 643
9841 644
1442 645
766 646
392 647
642 648
6153 649
9558 650
3971 651
5516 652
8599 653
4516 654
8586 655
9558 656
3135 657
643 658
4269 659
4227 660
9893 661
7695 662
2508 663
3002 664
8258 665
6829 666
5547 667
9763 668
2596 669
4116 670
1313 671
5288 672
4486 673
3916 674
2595 675
1556 676
1076 677
289 678
2680 679
2014 680
8021 681
9855 682
4960 683
9364 684
6033 685
3536 686
8481 687
9638 688
1027 689
1350 690
5720 691
1698 692
2359 693
4982 694
2279 695
2834 696
1583 697
922 698
6326 699
144 700
2756 701
3759 702
907 703
9760 704
1320 705
1131 706
9191 707
4464 708
2419 709
4463 710
5180 711
7748 712
8924 713
3 714
4091 715
7420 716
8750 717
7833 718
4928 719
4185 720
3220 721
3886 722
2500 723
901 724
4139 725
7418 726
5935 727
7555 728
5851 729
3715 730
5020 731
7984 732
1621 733
7670 734
9146 735
1651 736
212 737
8511 738
5296 739
6850 740
3750 741
3547 742
3924 743
1371 744
1469 745
7452 746
5172 747
4931 748
1842 749
7657 750
53 751
5321 752
361 753
9000 754
8710 755
8796 756
7035 757
8345 758
5303 759
1504 760
9107 761
7849 762
4883 763
8614 764
9400 765
4418 766
3040 767
8934 768
7640 769
7536 770
2991 771
3355 772
190 773
6189 774
4193 775
214 776
8242 777
1166 778
5532 779
6612 780
1404 781
4373 782
2155 783
3428 784
5760 785
1726 786
7473 787
5906 788
8466 789
2365 790
3067 791
3624 792
1029 793
251 794
8685 795
6403 796
7619 797
5678 798
5643 799
6375 800
730 801
8489 802
4182 803
9640 804
3472 805
2480 806
1883 807
3842 808
2906 809
2481 810
6755 811
6738 812
359 813
8424 814
9394 815
3850 816
143 817
4241 818
8394 819
4148 820
780 821
9269 822
8173 823
4830 824
1780 825
7652 826
6160 827
3278 828
1619 829
7438 830
4461 831
9532 832
1379 833
18 834
4709 835
8066 836
9212 837
3972 838
8992 839
9412 840
9280 841
6781 842
5771 843
5482 844
9693 845
3270 846
7119 847
6854 848
7453 849
4006 850
2673 851
2360 852
8549 853
8666 854
7044 855
5490 856
4791 857
4777 858
7343 859
3467 860
5419 861
6119 862
3674 863
4919 864
1205 865
9195 866
1663 867
1558 868
3145 869
5692 870
5232 871
3578 872
2520 873
1979 874
11 875
4943 876
9898 877
8738 878
2207 879
1713 880
9249 881
6947 882
5254 883
356 884
3512 885
8000 886
2081 887
7733 888
2118 889
2134 890
9276 891
2660 892
2070 893
9943 894
9801 895
3073 896
5556 897
5947 898
1268 899
3973 900
6266 901
2253 902
1031 903
6256 904
8779 905
3299 906
6541 907
5757 908
2611 909
4916 910
9519 911
10000 912
1650 913
2844 914
1053 915
2543 916
351 917
5838 918
8290 919
4459 920
4289 921
3979 922
5481 923
3795 924
8944 925
5889 926
8899 927
8076 928
9319 929
6046 930
6377 931
3839 932
8493 933
9877 934
9698 935
346 936
1961 937
2306 938
6890 939
1750 940
631 941
4514 942
1308 943
6030 944
2310 945
737 946
3020 947
8372 948
8989 949
9527 950
7322 951
8639 952
8323 953
3458 954
5874 955
5749 956
4192 957
545 958
55 959
9834 960
4447 961
7809 962
2623 963
9286 964
3286 965
1331 966
6895 967
1942 968
5565 969
4537 970
4199 971
4647 972
8188 973
4091 974
6051 975
8082 976
8523 977
3406 978
1258 979
8450 980
4690 981
2845 982
4082 983
1790 984
1102 985
4335 986
3181 987
8264 988
5098 989
2307 990
224 991
1764 992
8650 993
1657 994
1406 995
2389 996
2366 997
6914 998
3944 999
