1100 1150
8944 0
8872 1
2142 2
2280 3
4848 4
7480 5
4824 6
1184 7
1460 8
6849 9
7636 10
5602 11
6181 12
4591 13
14 14
820 15
3133 16
4231 17
7398 18
1763 19
3819 20
9273 21
2006 22
5175 23
8773 24
3625 25
10822 26
7033 27
2331 28
7425 29
9047 30
5653 31
2222 32
6609 33
9686 34
3700 35
10530 36
2516 37
5824 38
9235 39
5759 40
1751 41
2305 42
5122 43
5403 44
4791 45
3580 46
990 47
6948 48
7426 49
10706 50
4702 51
6074 52
3467 53
4303 54
1261 55
9939 56
2772 57
5845 58
3365 59
4115 60
10879 61
3307 62
5428 63
7523 64
86 65
10803 66
6128 67
1672 68
3665 69
9310 70
8636 71
1493 72
3123 73
7064 74
7690 75
4758 76
8787 77
4880 78
8791 79
280 80
977 81
89 82
2826 83
8581 84
3776 85
7066 86
5847 87
813 88
7972 89
7723 90
2645 91
9483 92
2364 93
6004 94
638 95
6295 96
5215 97
10841 98
3361 99
327 100
1063 101
4457 102
10993 103
79 104
5370 105
4667 106
9038 107
7713 108
124 109
1376 110
8709 111
9214 112
4647 113
7028 114
2014 115
9247 116
7761 117
4839 118
10697 119
8081 120
1908 121
2752 122
6750 123
9381 124
9011 125
3012 126
5375 127
10081 128
7109 129
6124 130
10194 131
8339 132
1988 133
5941 134
4067 135
2325 136
9830 137
4852 138
5065 139
837 140
1408 141
2768 142
4287 143
10901 144
9252 145
8379 146
10519 147
1512 148
3401 149
4078 150
3394 151
3509 152
4427 153
10369 154
10411 155
8465 156
9524 157
1233 158
4323 159
6557 160
4574 161
9997 162
9726 163
644 164
9735 165
619 166
197 167
9157 168
2862 169
6003 170
5000 171
240 172
6420 173
5392 174
4364 175
5340 176
9266 177
1688 178
1911 179
2711 180
10466 181
9328 182
2222 183
10389 184
10806 185
4445 186
2471 187
9312 188
10763 189
7153 190
4512 191
4416 192
4400 193
6807 194
9316 195
6022 196
9620 197
10168 198
1483 199
1611 200
1978 201
1004 202
7620 203
226 204
6415 205
10711 206
2916 207
2861 208
4919 209
5714 210
10648 211
2505 212
1887 213
7713 214
2792 215
5635 216
9611 217
2124 218
10995 219
188 220
3486 221
4350 222
10902 223
1745 224
1729 225
10778 226
7633 227
9442 228
1031 229
7128 230
8590 231
4974 232
5998 233
10058 234
861 235
8807 236
10831 237
83 238
7709 239
8226 240
5605 241
8009 242
5628 243
9326 244
9388 245
2892 246
4120 247
8779 248
4113 249
3850 250
3761 251
4656 252
10563 253
10370 254
4506 255
5722 256
9742 257
7569 258
8489 259
7711 260
10463 261
4270 262
2566 263
6189 264
5680 265
6583 266
1510 267
6637 268
1689 269
8311 270
4003 271
2463 272
8661 273
10310 274
5548 275
4408 276
9944 277
3798 278
2319 279
1805 280
3420 281
8997 282
10853 283
631 284
3174 285
6178 286
8326 287
7680 288
9561 289
5391 290
5344 291
5236 292
9916 293
8100 294
9911 295
4148 296
7518 297
6798 298
8996 299
5876 300
5841 301
10584 302
5385 303
9690 304
9654 305
599 306
10479 307
1751 308
4802 309
680 310
1698 311
2441 312
698 313
4962 314
8393 315
5692 316
8760 317
4134 318
8875 319
391 320
3283 321
1279 322
3596 323
9982 324
1265 325
3531 326
10822 327
8389 328
1291 329
10472 330
9642 331
7502 332
8781 333
9752 334
5212 335
7258 336
3992 337
7284 338
6099 339
2266 340
4629 341
487 342
3717 343
3682 344
2526 345
870 346
1375 347
9366 348
9610 349
2015 350
10012 351
6784 352
4021 353
10120 354
7766 355
4642 356
3191 357
8333 358
6317 359
9615 360
5136 361
9448 362
15 363
9751 364
1252 365
3719 366
420 367
10879 368
1004 369
7785 370
10655 371
546 372
4298 373
4809 374
9326 375
3666 376
167 377
10029 378
1409 379
685 380
4956 381
10854 382
10775 383
8325 384
9914 385
6751 386
10622 387
8009 388
3738 389
6778 390
180 391
1906 392
5651 393
1767 394
8848 395
1409 396
10047 397
9490 398
7827 399
10922 400
9668 401
8718 402
5110 403
3508 404
6618 405
5431 406
3532 407
1298 408
7597 409
1211 410
10440 411
580 412
4021 413
10411 414
2800 415
8357 416
2416 417
98 418
7724 419
7464 420
3354 421
6469 422
4197 423
3328 424
4325 425
8100 426
9879 427
3985 428
1424 429
3288 430
5321 431
797 432
644 433
3558 434
689 435
3713 436
5727 437
10547 438
1704 439
3725 440
5223 441
9814 442
3412 443
2828 444
5554 445
1468 446
8558 447
6883 448
6754 449
5024 450
6814 451
7911 452
4327 453
8862 454
6487 455
470 456
3863 457
7096 458
859 459
3360 460
3425 461
8732 462
10148 463
5713 464
9663 465
7465 466
5644 467
2808 468
7425 469
10184 470
4467 471
2542 472
10372 473
3077 474
10889 475
2564 476
9522 477
8059 478
299 479
8524 480
7527 481
6467 482
4041 483
5590 484
9683 485
9217 486
5285 487
7307 488
7089 489
1637 490
18 491
5310 492
10478 493
574 494
1632 495
7243 496
10898 497
791 498
7996 499
3078 500
6773 501
2475 502
5546 503
9600 504
6613 505
2885 506
5371 507
5989 508
4781 509
3604 510
4913 511
3102 512
10015 513
9617 514
152 515
2359 516
4391 517
3318 518
5823 519
1761 520
3791 521
402 522
9812 523
7200 524
4688 525
8387 526
10579 527
2772 528
2166 529
343 530
4404 531
9534 532
8790 533
9091 534
6356 535
633 536
2343 537
6958 538
7687 539
7655 540
4287 541
439 542
8233 543
7066 544
9728 545
9641 546
9993 547
3022 548
1334 549
5392 550
2060 551
417 552
1154 553
1034 554
3581 555
9765 556
4277 557
6301 558
1326 559
6832 560
6912 561
10710 562
10393 563
5276 564
2028 565
9340 566
7130 567
6114 568
9408 569
1053 570
6746 571
5851 572
2261 573
1295 574
7380 575
3167 576
5838 577
3095 578
5269 579
5273 580
4876 581
806 582
5579 583
6795 584
5907 585
5086 586
9334 587
3281 588
1413 589
5234 590
6177 591
1135 592
4306 593
5313 594
2747 595
8085 596
10060 597
8459 598
6066 599
7295 600
2867 601
873 602
4186 603
10774 604
4226 605
9657 606
7030 607
5143 608
7237 609
2873 610
2434 611
8304 612
1761 613
5216 614
4723 615
6223 616
5697 617
8608 618
3795 619
9115 620
8487 621
9011 622
2578 623
9722 624
10769 625
7383 626
591 627
149 628
8472 629
9747 630
7056 631
10131 632
4349 633
5558 634
7148 635
8879 636
10170 637
3602 638
715 639
5865 640
2349 641
924 642
7323 643
1254 644
5190 645
1832 646
8377 647
5549 648
6044 649
8415 650
5735 651
8895 652
4612 653
9457 654
7824 655
506 656
10595 657
1575 658
10168 659
1866 660
4369 661
68 662
9272 663
6617 664
1275 665
7124 666
217 667
6600 668
5572 669
4391 670
9356 671
5869 672
2489 673
1573 674
8017 675
6439 676
2249 677
4731 678
6262 679
5570 680
2944 681
5703 682
9652 683
4403 684
893 685
1690 686
2347 687
6276 688
3370 689
4702 690
2996 691
8938 692
2946 693
1323 694
6801 695
9115 696
3115 697
913 698
8534 699
694 700
226 701
4081 702
1346 703
5371 704
3790 705
5608 706
8620 707
8689 708
4654 709
5123 710
599 711
9427 712
2135 713
4016 714
7958 715
7263 716
1878 717
1273 718
8647 719
6343 720
10426 721
3180 722
4233 723
8716 724
3204 725
7035 726
1682 727
766 728
9697 729
3166 730
9545 731
10141 732
10793 733
5435 734
5555 735
6561 736
7255 737
4169 738
6571 739
2463 740
1412 741
4782 742
6389 743
5520 744
116 745
6495 746
7191 747
2372 748
10106 749
9679 750
40 751
1300 752
428 753
386 754
2906 755
4235 756
1688 757
301 758
5152 759
10450 760
9017 761
2694 762
10570 763
8631 764
93 765
4067 766
2913 767
10861 768
9954 769
8136 770
6742 771
9649 772
9199 773
1267 774
2998 775
4928 776
2218 777
9304 778
7881 779
9671 780
4867 781
7062 782
10434 783
5824 784
7056 785
6638 786
10099 787
3336 788
5385 789
4106 790
8641 791
3618 792
7587 793
662 794
6243 795
6639 796
3487 797
768 798
6820 799
10505 800
5015 801
2166 802
10828 803
10650 804
1389 805
7477 806
3925 807
10246 808
7827 809
1826 810
8912 811
5096 812
5482 813
138 814
1411 815
5834 816
216 817
4828 818
4505 819
5633 820
10940 821
186 822
6928 823
6008 824
7989 825
1735 826
4138 827
8429 828
5872 829
741 830
1128 831
4204 832
6233 833
9239 834
6059 835
5751 836
9934 837
9542 838
9065 839
8315 840
330 841
4914 842
10568 843
9045 844
7725 845
6605 846
9546 847
2285 848
6932 849
5300 850
6937 851
9567 852
7447 853
9524 854
946 855
3323 856
10680 857
2517 858
2451 859
10169 860
5108 861
6655 862
8163 863
2200 864
479 865
7175 866
1293 867
7062 868
6084 869
8942 870
5147 871
7354 872
3400 873
1590 874
7191 875
9073 876
249 877
6596 878
10938 879
4448 880
5283 881
508 882
3750 883
1182 884
1879 885
4680 886
10992 887
9222 888
6429 889
528 890
6140 891
5188 892
91 893
4089 894
4493 895
336 896
6302 897
590 898
9169 899
3307 900
1469 901
704 902
9433 903
5738 904
7279 905
10030 906
544 907
9588 908
7109 909
1676 910
1780 911
7624 912
10108 913
6446 914
6890 915
10845 916
2248 917
2944 918
98 919
9068 920
7708 921
2875 922
440 923
4290 924
9650 925
7540 926
1923 927
3350 928
6004 929
5546 930
2455 931
5515 932
347 933
2439 934
9858 935
5445 936
10292 937
4505 938
4185 939
7579 940
1289 941
4390 942
7686 943
6997 944
8097 945
2938 946
7391 947
9236 948
1751 949
10225 950
6083 951
10806 952
6606 953
10965 954
2882 955
1688 956
10120 957
6819 958
2427 959
3693 960
7417 961
713 962
4737 963
4462 964
3556 965
2742 966
3864 967
5038 968
7383 969
9335 970
978 971
6347 972
8688 973
10145 974
8359 975
4566 976
2145 977
9021 978
350 979
10067 980
6347 981
6521 982
4380 983
444 984
2516 985
10055 986
4203 987
2654 988
8694 989
2370 990
3230 991
3430 992
7788 993
1093 994
8946 995
10642 996
8890 997
4314 998
4201 999
5220 1000
3387 1001
9389 1002
8226 1003
6126 1004
5894 1005
5392 1006
2386 1007
260 1008
2221 1009
10742 1010
3064 1011
365 1012
4587 1013
8798 1014
3501 1015
2137 1016
3837 1017
9648 1018
10623 1019
727 1020
2326 1021
6194 1022
9801 1023
8244 1024
3043 1025
1766 1026
10201 1027
7200 1028
10638 1029
6577 1030
10228 1031
826 1032
2421 1033
8598 1034
4070 1035
315 1036
8095 1037
10701 1038
7300 1039
6829 1040
3568 1041
8940 1042
4539 1043
3562 1044
7741 1045
4167 1046
1030 1047
1960 1048
3651 1049
2291 1050
9328 1051
2503 1052
10276 1053
10126 1054
10949 1055
10636 1056
925 1057
622 1058
6520 1059
4553 1060
6019 1061
1823 1062
10790 1063
3010 1064
2564 1065
4395 1066
6561 1067
10130 1068
9431 1069
10219 1070
5517 1071
7754 1072
6482 1073
9535 1074
8037 1075
2842 1076
1695 1077
9357 1078
4199 1079
7248 1080
770 1081
8492 1082
1151 1083
4891 1084
859 1085
6823 1086
4599 1087
5128 1088
5407 1089
8603 1090
2915 1091
4781 1092
7278 1093
2831 1094
982 1095
6713 1096
2228 1097
1431 1098
2534 1099
