1300 950
10998 0
12811 1
12064 2
6022 3
8616 4
4233 5
8831 6
11573 7
5212 8
3427 9
6887 10
9258 11
2020 12
9510 13
7294 14
4986 15
4161 16
11848 17
1317 18
1474 19
4006 20
10535 21
11357 22
3689 23
10718 24
7665 25
1550 26
9193 27
7567 28
10725 29
7109 30
12837 31
8597 32
6096 33
6580 34
6099 35
10084 36
3526 37
7067 38
12559 39
11870 40
1964 41
2624 42
10078 43
12372 44
6594 45
12204 46
12481 47
9698 48
4365 49
4350 50
6312 51
9064 52
1746 53
7955 54
156 55
6174 56
9271 57
12763 58
9376 59
11944 60
11759 61
2957 62
12948 63
7021 64
12291 65
12971 66
3093 67
5717 68
12100 69
10256 70
11669 71
10899 72
349 73
2110 74
6262 75
6003 76
1014 77
7035 78
902 79
3149 80
11529 81
8083 82
3399 83
7818 84
8413 85
2900 86
8170 87
6122 88
10733 89
10933 90
7843 91
8016 92
8124 93
10652 94
9320 95
6961 96
9034 97
7480 98
2280 99
2790 100
8135 101
12532 102
11020 103
12659 104
7331 105
4079 106
2741 107
9023 108
12217 109
6911 110
6546 111
9207 112
3314 113
10211 114
2500 115
8413 116
10483 117
7001 118
8341 119
1104 120
4037 121
11102 122
6688 123
11596 124
438 125
8400 126
2774 127
8364 128
11979 129
940 130
8305 131
11473 132
3447 133
2927 134
3115 135
8922 136
866 137
4823 138
5795 139
8600 140
8422 141
4294 142
9009 143
6650 144
348 145
2547 146
6757 147
5287 148
11277 149
5276 150
4489 151
5706 152
5851 153
8664 154
8042 155
9645 156
5613 157
3454 158
11921 159
3757 160
3266 161
1303 162
10482 163
4914 164
4343 165
7389 166
716 167
11884 168
297 169
2214 170
3884 171
1256 172
6342 173
5140 174
10679 175
5383 176
8507 177
8065 178
12767 179
7827 180
12791 181
6702 182
7906 183
6113 184
8725 185
8209 186
391 187
6280 188
10751 189
3098 190
12587 191
7493 192
7719 193
11506 194
10682 195
9333 196
4358 197
2316 198
10751 199
11918 200
11679 201
2784 202
9551 203
2685 204
4922 205
7850 206
5435 207
4662 208
12500 209
7494 210
6323 211
6173 212
12253 213
4455 214
7937 215
11180 216
9367 217
10545 218
8579 219
2783 220
7387 221
4240 222
3682 223
6500 224
9268 225
7607 226
7522 227
6493 228
1193 229
2062 230
7320 231
7811 232
9790 233
12815 234
26 235
11587 236
1037 237
12782 238
4061 239
2943 240
8572 241
11575 242
12684 243
3799 244
7953 245
5710 246
3197 247
9286 248
11408 249
11378 250
9647 251
11124 252
5320 253
146 254
9756 255
7550 256
8307 257
173 258
7440 259
11071 260
6754 261
10856 262
7660 263
8483 264
11197 265
5942 266
12272 267
8066 268
10458 269
1532 270
2922 271
4080 272
9116 273
7319 274
10496 275
1284 276
717 277
5826 278
5248 279
9348 280
2427 281
6163 282
10030 283
944 284
10797 285
3585 286
3845 287
8982 288
12448 289
11275 290
6950 291
12564 292
12637 293
9711 294
8279 295
9027 296
10896 297
9106 298
6706 299
2477 300
7100 301
9111 302
12462 303
6230 304
6316 305
11875 306
4211 307
8027 308
7972 309
7639 310
5427 311
2026 312
10474 313
7955 314
4848 315
2549 316
12764 317
5953 318
8846 319
10255 320
6403 321
6309 322
6084 323
3543 324
7639 325
12048 326
10614 327
9501 328
12831 329
6670 330
1038 331
1689 332
4185 333
11556 334
1474 335
5684 336
2690 337
2850 338
751 339
12972 340
4622 341
4644 342
2537 343
5039 344
8708 345
2388 346
10199 347
1572 348
9634 349
10463 350
8371 351
1229 352
3660 353
11708 354
10351 355
428 356
7847 357
10605 358
3726 359
1034 360
9153 361
4590 362
8326 363
10842 364
5727 365
4698 366
11476 367
11770 368
12852 369
6043 370
4323 371
11013 372
3884 373
10250 374
9212 375
6877 376
7817 377
5837 378
9210 379
6660 380
10068 381
12685 382
5889 383
5935 384
6866 385
5168 386
2105 387
12770 388
5545 389
6950 390
7116 391
2596 392
10980 393
12748 394
9801 395
10992 396
9864 397
7784 398
12817 399
6500 400
12988 401
4442 402
7151 403
12405 404
2648 405
9735 406
6273 407
2783 408
9785 409
10633 410
7025 411
3225 412
329 413
8873 414
8606 415
6708 416
7645 417
5613 418
11290 419
2717 420
5522 421
12530 422
3620 423
11547 424
2414 425
11781 426
837 427
754 428
7373 429
12082 430
10202 431
88 432
2353 433
8604 434
7031 435
11931 436
10266 437
4084 438
6402 439
9179 440
4489 441
12528 442
5417 443
5561 444
9726 445
5141 446
12119 447
5821 448
5415 449
4444 450
3832 451
10610 452
2727 453
9134 454
90 455
8086 456
9045 457
3838 458
2988 459
4693 460
1183 461
4131 462
5253 463
11600 464
3681 465
7574 466
9265 467
3595 468
2804 469
8810 470
11271 471
1810 472
1287 473
503 474
5743 475
11611 476
8031 477
3354 478
3206 479
8525 480
4328 481
9691 482
9177 483
7706 484
7989 485
3875 486
1253 487
2632 488
8571 489
5302 490
8244 491
1118 492
9467 493
2913 494
5933 495
11772 496
8383 497
4235 498
5504 499
10492 500
499 501
2359 502
8057 503
4634 504
3718 505
1658 506
5572 507
5986 508
12554 509
10857 510
3462 511
6647 512
3907 513
12968 514
12049 515
5461 516
1937 517
9455 518
9925 519
5286 520
1522 521
1194 522
5344 523
5348 524
4090 525
5166 526
8251 527
10864 528
1257 529
232 530
4676 531
6232 532
2095 533
12360 534
10513 535
9974 536
4404 537
1983 538
8886 539
1508 540
9953 541
11105 542
3104 543
9548 544
3389 545
6358 546
10467 547
9614 548
3895 549
9336 550
7299 551
904 552
11083 553
3992 554
6293 555
10264 556
7491 557
9801 558
9391 559
3376 560
1801 561
4516 562
304 563
4978 564
764 565
9540 566
6368 567
10537 568
5750 569
8870 570
11699 571
5838 572
4115 573
6584 574
7039 575
3427 576
10625 577
5949 578
8643 579
7008 580
3054 581
11359 582
8328 583
4246 584
3951 585
12954 586
9787 587
12648 588
9161 589
1390 590
10853 591
2622 592
4465 593
12568 594
8872 595
4852 596
9832 597
4946 598
2625 599
8442 600
11215 601
830 602
2096 603
11498 604
9625 605
182 606
1959 607
2781 608
12759 609
5483 610
2051 611
7279 612
7226 613
11026 614
11029 615
1628 616
12862 617
7903 618
481 619
9727 620
9075 621
7014 622
5309 623
208 624
11335 625
1345 626
7824 627
9154 628
2838 629
8926 630
7835 631
8070 632
3765 633
7629 634
8240 635
992 636
897 637
3123 638
517 639
109 640
1790 641
4318 642
847 643
8759 644
2112 645
10660 646
10530 647
6206 648
3693 649
9908 650
6844 651
3490 652
6193 653
227 654
4954 655
4004 656
7830 657
3581 658
2159 659
6156 660
1891 661
4589 662
10902 663
4796 664
11924 665
4968 666
8287 667
6198 668
12288 669
6715 670
8474 671
9516 672
8335 673
11209 674
10396 675
8313 676
6844 677
1953 678
3551 679
1611 680
724 681
9830 682
4340 683
5012 684
221 685
1397 686
733 687
1407 688
4345 689
6123 690
12879 691
1698 692
4138 693
6888 694
6960 695
2070 696
5985 697
932 698
1315 699
10153 700
5781 701
6931 702
8002 703
3359 704
11434 705
10491 706
212 707
7391 708
12036 709
1083 710
744 711
10632 712
196 713
3406 714
281 715
12401 716
2643 717
7878 718
5014 719
11251 720
9816 721
1613 722
9170 723
1381 724
8413 725
12759 726
10098 727
4210 728
12410 729
4879 730
8049 731
3133 732
11307 733
3544 734
6304 735
1127 736
2390 737
11227 738
5666 739
11872 740
4717 741
11326 742
4511 743
2123 744
7614 745
6870 746
4547 747
10636 748
9495 749
3973 750
7737 751
6563 752
4988 753
3168 754
8649 755
10691 756
6404 757
7824 758
3565 759
11843 760
3301 761
7437 762
4919 763
3517 764
3873 765
4530 766
59 767
11632 768
11216 769
11667 770
7579 771
5236 772
7240 773
6262 774
12259 775
7730 776
245 777
3694 778
12349 779
942 780
2345 781
1778 782
10832 783
9461 784
2566 785
5739 786
11993 787
3376 788
11808 789
11513 790
7456 791
1464 792
9070 793
4377 794
12187 795
10720 796
339 797
1158 798
4462 799
8707 800
9761 801
3578 802
7532 803
969 804
12223 805
8354 806
10684 807
8745 808
10869 809
5962 810
5350 811
10840 812
4666 813
262 814
9251 815
3021 816
1651 817
6246 818
8492 819
12407 820
3801 821
9791 822
4156 823
5869 824
1786 825
8371 826
9775 827
4522 828
8351 829
4751 830
6871 831
10803 832
5794 833
10974 834
7947 835
11123 836
2653 837
10283 838
5758 839
5102 840
206 841
8150 842
10341 843
1224 844
10387 845
8360 846
10456 847
9758 848
4765 849
12923 850
6453 851
11555 852
5010 853
5884 854
1782 855
12922 856
1928 857
1682 858
10339 859
12662 860
5590 861
4813 862
12012 863
9323 864
3967 865
7830 866
768 867
10460 868
954 869
3148 870
9363 871
7060 872
5691 873
10474 874
4023 875
9674 876
10084 877
8608 878
7694 879
4337 880
12376 881
1002 882
4042 883
4943 884
10061 885
11742 886
8262 887
10687 888
1611 889
7328 890
4998 891
10282 892
10888 893
8665 894
882 895
10105 896
7303 897
9696 898
7787 899
8126 900
3952 901
7942 902
4776 903
9047 904
8876 905
5834 906
2500 907
9291 908
12546 909
8354 910
12580 911
3614 912
10288 913
6447 914
5115 915
602 916
7464 917
6862 918
4736 919
11852 920
4829 921
6492 922
12250 923
7985 924
6069 925
3243 926
7142 927
7435 928
1860 929
5231 930
661 931
10191 932
10542 933
5714 934
7266 935
5406 936
8650 937
3094 938
5319 939
9673 940
146 941
7258 942
4327 943
10281 944
4716 945
9296 946
3311 947
4468 948
11675 949
7233 950
1150 951
1528 952
11575 953
6979 954
9119 955
2484 956
57 957
10001 958
12245 959
3250 960
542 961
8754 962
4743 963
4232 964
4761 965
10544 966
2084 967
4049 968
10732 969
3728 970
7639 971
12928 972
578 973
8806 974
9235 975
8947 976
10726 977
1143 978
7128 979
12320 980
6735 981
5095 982
126 983
609 984
9532 985
12611 986
4166 987
2529 988
6273 989
3850 990
7077 991
2661 992
11583 993
11575 994
5506 995
8063 996
9696 997
3334 998
12173 999
11659 1000
4618 1001
8361 1002
8397 1003
5346 1004
740 1005
8128 1006
37 1007
3898 1008
6283 1009
380 1010
282 1011
263 1012
3515 1013
1320 1014
375 1015
10341 1016
1301 1017
9816 1018
9837 1019
12417 1020
12823 1021
3490 1022
5758 1023
5465 1024
7524 1025
8305 1026
693 1027
10423 1028
922 1029
10564 1030
10263 1031
4911 1032
7256 1033
639 1034
8017 1035
7459 1036
8862 1037
9857 1038
4714 1039
9392 1040
10490 1041
1087 1042
7457 1043
1783 1044
5055 1045
12094 1046
6718 1047
9105 1048
1083 1049
4642 1050
11700 1051
10237 1052
750 1053
6729 1054
7050 1055
1251 1056
7334 1057
9522 1058
3146 1059
2528 1060
1900 1061
3495 1062
2249 1063
6769 1064
2179 1065
3056 1066
12491 1067
9555 1068
5449 1069
10532 1070
751 1071
8695 1072
7438 1073
8926 1074
11711 1075
2542 1076
6464 1077
5632 1078
679 1079
8047 1080
2237 1081
4553 1082
4553 1083
1955 1084
5695 1085
10493 1086
11549 1087
1135 1088
4487 1089
8179 1090
470 1091
11147 1092
2948 1093
10786 1094
7481 1095
34 1096
3184 1097
8806 1098
9279 1099
2952 1100
1647 1101
10451 1102
1143 1103
2454 1104
10040 1105
8180 1106
12186 1107
8905 1108
9507 1109
8259 1110
11418 1111
9762 1112
1490 1113
4702 1114
2246 1115
1306 1116
12232 1117
3766 1118
2533 1119
3941 1120
11768 1121
11075 1122
2090 1123
6275 1124
1800 1125
4283 1126
2879 1127
9479 1128
511 1129
6886 1130
11867 1131
2148 1132
1196 1133
3468 1134
6520 1135
5174 1136
8600 1137
8474 1138
4397 1139
7072 1140
1567 1141
11285 1142
11445 1143
4943 1144
3548 1145
2884 1146
6130 1147
11258 1148
7686 1149
1550 1150
4817 1151
10177 1152
3559 1153
6253 1154
7952 1155
3825 1156
12442 1157
9521 1158
6241 1159
8745 1160
844 1161
2280 1162
5096 1163
11326 1164
6141 1165
10115 1166
4473 1167
8959 1168
2014 1169
12881 1170
2000 1171
12885 1172
12556 1173
1813 1174
10260 1175
651 1176
9132 1177
417 1178
7553 1179
5352 1180
3318 1181
5040 1182
162 1183
5292 1184
8196 1185
11648 1186
1519 1187
11058 1188
1519 1189
3318 1190
12733 1191
12000 1192
1479 1193
6713 1194
10236 1195
6781 1196
12513 1197
8475 1198
9956 1199
11533 1200
5695 1201
5155 1202
7936 1203
2965 1204
654 1205
9301 1206
11166 1207
7415 1208
12495 1209
4173 1210
7821 1211
6642 1212
927 1213
10136 1214
1243 1215
10950 1216
4782 1217
6001 1218
7335 1219
6570 1220
9116 1221
4197 1222
3233 1223
5999 1224
2266 1225
9615 1226
5609 1227
794 1228
8507 1229
8568 1230
3061 1231
8973 1232
10459 1233
2785 1234
9715 1235
7379 1236
2019 1237
9063 1238
8431 1239
12452 1240
9162 1241
10583 1242
7393 1243
5896 1244
2568 1245
8728 1246
3665 1247
723 1248
5795 1249
8443 1250
4096 1251
10847 1252
3141 1253
11693 1254
8899 1255
11489 1256
8069 1257
8636 1258
8005 1259
11128 1260
1561 1261
5007 1262
3225 1263
4652 1264
9930 1265
450 1266
4673 1267
6127 1268
6787 1269
12554 1270
9659 1271
1566 1272
10806 1273
6113 1274
4981 1275
10331 1276
8183 1277
997 1278
2579 1279
9625 1280
12983 1281
2037 1282
10390 1283
2846 1284
8876 1285
8585 1286
11868 1287
5933 1288
6268 1289
10139 1290
1865 1291
3192 1292
12962 1293
11702 1294
2419 1295
12726 1296
7966 1297
11206 1298
5173 1299
