1450 800
1365 0
3205 1
1506 2
539 3
2569 4
3200 5
8841 6
13134 7
8117 8
8710 9
12706 10
2004 11
491 12
9376 13
10045 14
4144 15
8285 16
2089 17
228 18
10999 19
4981 20
2746 21
12338 22
3898 23
2503 24
4800 25
3556 26
1217 27
3947 28
3014 29
7792 30
12926 31
12116 32
6945 33
8928 34
10776 35
9364 36
6393 37
5086 38
6533 39
442 40
11226 41
5927 42
6837 43
5690 44
8252 45
12751 46
8310 47
11294 48
8382 49
9872 50
5113 51
13878 52
411 53
12048 54
2642 55
6885 56
336 57
11695 58
12504 59
14039 60
4509 61
5137 62
3609 63
13603 64
7185 65
3959 66
12970 67
13929 68
11933 69
6873 70
7331 71
9638 72
6781 73
11328 74
9290 75
5988 76
496 77
13655 78
4739 79
12803 80
14443 81
1038 82
9325 83
1210 84
1832 85
4434 86
5533 87
4086 88
707 89
1168 90
1797 91
11687 92
7243 93
4224 94
13731 95
820 96
12851 97
8821 98
9449 99
7734 100
10901 101
3674 102
10138 103
13728 104
9532 105
5199 106
5212 107
14280 108
9491 109
3231 110
7211 111
9205 112
13868 113
3136 114
13099 115
13108 116
12257 117
7777 118
8838 119
8671 120
7020 121
7030 122
2774 123
6959 124
10587 125
6727 126
12124 127
5508 128
4083 129
4677 130
1423 131
8007 132
377 133
3854 134
9570 135
6180 136
12961 137
2832 138
12224 139
10603 140
10767 141
10288 142
329 143
13415 144
11113 145
11177 146
10148 147
10322 148
11572 149
5791 150
12134 151
10175 152
4152 153
13237 154
13823 155
7337 156
9099 157
3252 158
10711 159
14239 160
13662 161
5324 162
12675 163
9245 164
780 165
10483 166
11390 167
13822 168
3247 169
9274 170
3453 171
6747 172
4090 173
11616 174
12544 175
6975 176
3370 177
1124 178
2281 179
3616 180
1394 181
9302 182
3940 183
4674 184
9610 185
5589 186
5442 187
8805 188
8619 189
7167 190
12909 191
10738 192
6040 193
11892 194
989 195
13154 196
14367 197
13163 198
9898 199
8129 200
9797 201
3716 202
2977 203
14020 204
7712 205
1133 206
13142 207
3519 208
13428 209
5479 210
1692 211
4731 212
3594 213
8912 214
14361 215
2263 216
6081 217
9938 218
3859 219
7656 220
13367 221
10410 222
13006 223
12975 224
4443 225
6119 226
5449 227
10093 228
14165 229
645 230
3317 231
938 232
12936 233
12770 234
693 235
338 236
8888 237
733 238
724 239
3177 240
6665 241
11555 242
438 243
5742 244
3898 245
13373 246
6910 247
7820 248
6293 249
6130 250
11050 251
14101 252
11047 253
2124 254
6576 255
6409 256
6338 257
11588 258
1398 259
5640 260
311 261
5680 262
4523 263
12488 264
9128 265
11371 266
12836 267
7050 268
6284 269
7237 270
9717 271
4494 272
13952 273
8951 274
10249 275
1817 276
10308 277
4464 278
14408 279
10265 280
9077 281
12325 282
12972 283
10296 284
7667 285
4804 286
1388 287
206 288
12446 289
1649 290
11931 291
4119 292
10515 293
13329 294
6369 295
12197 296
233 297
8399 298
5539 299
13574 300
11605 301
7450 302
1732 303
10100 304
12851 305
3474 306
2320 307
11326 308
8199 309
2755 310
4809 311
1980 312
13483 313
2255 314
13602 315
8592 316
4953 317
5233 318
14261 319
10192 320
8490 321
10938 322
2555 323
3720 324
2798 325
12844 326
12972 327
8597 328
13291 329
1664 330
2808 331
915 332
1697 333
3695 334
8064 335
14261 336
11473 337
11638 338
7662 339
9207 340
1027 341
10471 342
5698 343
2111 344
1649 345
6694 346
1902 347
3391 348
11085 349
7884 350
4743 351
11807 352
287 353
1597 354
664 355
10448 356
4026 357
9195 358
4222 359
10441 360
1803 361
1920 362
5991 363
8490 364
457 365
438 366
6672 367
6864 368
13864 369
9740 370
8253 371
3452 372
13327 373
3346 374
9242 375
8312 376
1936 377
8278 378
7776 379
210 380
4987 381
13797 382
8252 383
1496 384
10868 385
8419 386
941 387
9638 388
13685 389
4820 390
636 391
6274 392
7013 393
3131 394
9276 395
10515 396
329 397
13032 398
4197 399
12069 400
13141 401
1226 402
12160 403
4103 404
7534 405
6955 406
5208 407
11628 408
7073 409
11438 410
1330 411
3469 412
9782 413
11110 414
4563 415
8156 416
7544 417
7278 418
848 419
14246 420
6736 421
3613 422
1258 423
8512 424
14387 425
2266 426
13807 427
10297 428
9969 429
7977 430
1000 431
12145 432
12357 433
867 434
2165 435
7318 436
9490 437
6088 438
4834 439
8296 440
10400 441
10447 442
5226 443
13397 444
5219 445
6856 446
8986 447
10418 448
1435 449
10162 450
6390 451
5840 452
11136 453
4272 454
9141 455
4052 456
6099 457
10130 458
4388 459
12499 460
14342 461
7630 462
9269 463
5944 464
8754 465
13837 466
2438 467
5028 468
7929 469
1237 470
5888 471
9159 472
6784 473
11134 474
715 475
10042 476
7942 477
90 478
3229 479
3328 480
14115 481
6171 482
13492 483
3678 484
10203 485
9986 486
13802 487
1386 488
2277 489
3202 490
7231 491
4873 492
10703 493
2483 494
12158 495
12602 496
7162 497
10843 498
14222 499
2612 500
2082 501
12241 502
5848 503
7733 504
2357 505
11294 506
1738 507
10026 508
7594 509
2704 510
10491 511
10709 512
12884 513
4611 514
1909 515
5382 516
8289 517
1090 518
2102 519
5880 520
8209 521
11088 522
86 523
4210 524
10176 525
3772 526
10746 527
8979 528
9920 529
3989 530
12842 531
11150 532
9363 533
13834 534
12425 535
4629 536
11543 537
12612 538
11180 539
3533 540
12051 541
13672 542
13169 543
3675 544
1836 545
260 546
123 547
12321 548
1682 549
5474 550
11888 551
3048 552
6417 553
13392 554
11163 555
12277 556
9899 557
5629 558
895 559
7906 560
13802 561
2111 562
7286 563
9052 564
6989 565
10388 566
5401 567
12254 568
19 569
13452 570
12019 571
3646 572
9019 573
12132 574
6145 575
6681 576
10129 577
4015 578
1529 579
5983 580
8470 581
13554 582
12766 583
11067 584
2924 585
11126 586
6761 587
1830 588
8229 589
11393 590
852 591
9853 592
7153 593
5318 594
2242 595
7203 596
2463 597
1530 598
2554 599
3644 600
13403 601
9313 602
7825 603
9478 604
8034 605
11022 606
11951 607
5314 608
9624 609
3575 610
4448 611
1236 612
11507 613
13262 614
11842 615
2706 616
9672 617
12797 618
2739 619
6250 620
13736 621
3784 622
10125 623
2470 624
14202 625
9047 626
9222 627
4088 628
6530 629
5598 630
7491 631
13506 632
13590 633
12456 634
12923 635
5725 636
9143 637
8891 638
9738 639
6098 640
381 641
303 642
3320 643
526 644
4944 645
10781 646
3617 647
2958 648
5414 649
8650 650
9172 651
6074 652
4909 653
13595 654
10031 655
7677 656
2183 657
10231 658
14419 659
9693 660
11366 661
5707 662
11877 663
9007 664
5552 665
9633 666
14432 667
7592 668
4501 669
13752 670
763 671
2857 672
13350 673
1457 674
1501 675
10334 676
5254 677
4558 678
12220 679
7826 680
819 681
13580 682
9715 683
11332 684
9561 685
12803 686
1682 687
2346 688
14298 689
4747 690
2159 691
2493 692
9630 693
2758 694
11883 695
8843 696
836 697
9982 698
9463 699
10604 700
13370 701
13229 702
10734 703
866 704
9702 705
273 706
14314 707
3410 708
3376 709
8036 710
7631 711
5872 712
6501 713
2361 714
74 715
82 716
8907 717
7835 718
1847 719
6317 720
502 721
13821 722
10915 723
13539 724
6570 725
12510 726
1384 727
5531 728
3344 729
8799 730
282 731
747 732
10055 733
7754 734
10320 735
2511 736
10826 737
10285 738
13020 739
10640 740
6594 741
5402 742
7075 743
4996 744
11563 745
607 746
6882 747
3851 748
2160 749
4754 750
14195 751
3418 752
13500 753
5417 754
3841 755
2373 756
6723 757
2521 758
7239 759
4884 760
13328 761
9672 762
2430 763
10213 764
7872 765
10609 766
9187 767
10449 768
653 769
854 770
7615 771
4631 772
6858 773
7033 774
5457 775
6148 776
2047 777
1337 778
11148 779
11270 780
9160 781
5539 782
8303 783
7388 784
11467 785
1309 786
12533 787
5827 788
10086 789
1444 790
5053 791
14242 792
11692 793
4796 794
5039 795
4370 796
10685 797
6876 798
6550 799
8869 800
2649 801
8273 802
8648 803
9191 804
11801 805
11860 806
6545 807
5127 808
11875 809
4471 810
5858 811
3747 812
5154 813
9298 814
14012 815
9022 816
3834 817
13601 818
8862 819
1867 820
1424 821
10514 822
4095 823
8654 824
8777 825
12415 826
3028 827
5056 828
6007 829
12769 830
5708 831
605 832
10742 833
5356 834
9392 835
416 836
2580 837
8062 838
10944 839
6452 840
2272 841
9909 842
799 843
11551 844
2682 845
13347 846
4371 847
10291 848
1449 849
1300 850
5627 851
13461 852
8554 853
2496 854
5649 855
2010 856
9680 857
6388 858
213 859
4584 860
4681 861
6830 862
10842 863
10216 864
9847 865
7517 866
11474 867
9066 868
10710 869
9831 870
8329 871
8513 872
5644 873
6174 874
4837 875
8563 876
12809 877
6222 878
13566 879
13007 880
9064 881
12175 882
9921 883
3062 884
8788 885
4201 886
5934 887
11899 888
6098 889
8601 890
8170 891
10286 892
5063 893
508 894
7690 895
13362 896
13169 897
4476 898
5010 899
9834 900
5481 901
11112 902
6942 903
3292 904
8639 905
57 906
6417 907
10713 908
1303 909
4315 910
4383 911
11650 912
8609 913
2031 914
13733 915
7736 916
3013 917
13399 918
9062 919
13083 920
9535 921
7132 922
7820 923
5722 924
11929 925
7613 926
8003 927
12237 928
14278 929
7036 930
5259 931
5143 932
13149 933
11588 934
1398 935
1511 936
4457 937
5731 938
4277 939
962 940
5024 941
998 942
9669 943
5515 944
940 945
9400 946
9879 947
9465 948
14326 949
5887 950
5465 951
11711 952
12516 953
8299 954
11604 955
10171 956
1758 957
12341 958
7837 959
11297 960
2427 961
6096 962
11014 963
7395 964
12760 965
9438 966
4932 967
8208 968
13667 969
10178 970
9065 971
11032 972
13921 973
6079 974
6517 975
1201 976
14428 977
4608 978
11064 979
7940 980
13817 981
9682 982
13403 983
2734 984
1423 985
9697 986
4992 987
12104 988
2561 989
299 990
7671 991
13379 992
3663 993
6143 994
8560 995
5851 996
3354 997
3836 998
3087 999
11481 1000
8892 1001
8127 1002
2727 1003
9807 1004
6718 1005
4852 1006
8890 1007
6662 1008
4683 1009
3191 1010
10783 1011
3197 1012
13815 1013
10777 1014
13196 1015
4139 1016
3864 1017
3834 1018
1000 1019
3487 1020
9238 1021
11209 1022
3783 1023
6948 1024
12481 1025
8828 1026
5492 1027
827 1028
3838 1029
13253 1030
10399 1031
3336 1032
6010 1033
1271 1034
8106 1035
8509 1036
11946 1037
12611 1038
4571 1039
10352 1040
10731 1041
7821 1042
5081 1043
6989 1044
12722 1045
10730 1046
3915 1047
4653 1048
6421 1049
435 1050
7828 1051
315 1052
2036 1053
13187 1054
7862 1055
4353 1056
11535 1057
5093 1058
1829 1059
8729 1060
10654 1061
4527 1062
4847 1063
8086 1064
9189 1065
14366 1066
10484 1067
2833 1068
14027 1069
317 1070
10218 1071
5219 1072
5139 1073
5932 1074
14097 1075
3249 1076
854 1077
1524 1078
11224 1079
2522 1080
11720 1081
12138 1082
9186 1083
1170 1084
9151 1085
12850 1086
9384 1087
13038 1088
3232 1089
5837 1090
6659 1091
7470 1092
3156 1093
9975 1094
5139 1095
7039 1096
11927 1097
5182 1098
11379 1099
13567 1100
8993 1101
9833 1102
6917 1103
4660 1104
11420 1105
3740 1106
13667 1107
8553 1108
8647 1109
6832 1110
320 1111
14025 1112
11008 1113
8855 1114
7454 1115
494 1116
13577 1117
13134 1118
6568 1119
2038 1120
2904 1121
534 1122
7717 1123
6531 1124
1252 1125
3565 1126
13196 1127
760 1128
10768 1129
951 1130
3300 1131
13213 1132
7956 1133
5235 1134
4261 1135
8080 1136
2915 1137
2076 1138
7685 1139
3675 1140
5322 1141
5150 1142
9229 1143
2806 1144
5725 1145
8662 1146
7787 1147
5588 1148
7898 1149
7039 1150
965 1151
6873 1152
13785 1153
10040 1154
12519 1155
12021 1156
8459 1157
376 1158
9492 1159
8344 1160
13824 1161
6657 1162
3021 1163
83 1164
6769 1165
1343 1166
9367 1167
8094 1168
12640 1169
865 1170
6779 1171
8395 1172
9797 1173
11017 1174
11395 1175
218 1176
8300 1177
268 1178
6856 1179
12797 1180
513 1181
10803 1182
60 1183
1552 1184
3632 1185
7556 1186
3564 1187
8908 1188
5128 1189
12975 1190
12455 1191
9354 1192
9785 1193
13867 1194
3884 1195
6765 1196
13894 1197
10977 1198
984 1199
14020 1200
12939 1201
7387 1202
4610 1203
2331 1204
9500 1205
5706 1206
4737 1207
11679 1208
4037 1209
2429 1210
1374 1211
5604 1212
319 1213
8205 1214
2585 1215
12925 1216
2640 1217
11310 1218
4167 1219
2711 1220
3146 1221
9652 1222
3695 1223
6248 1224
7513 1225
13477 1226
7972 1227
13130 1228
12469 1229
9499 1230
12204 1231
10894 1232
6398 1233
6932 1234
7550 1235
9404 1236
5453 1237
5470 1238
442 1239
8085 1240
2592 1241
11777 1242
13611 1243
13138 1244
14202 1245
4619 1246
4758 1247
11677 1248
7810 1249
6878 1250
12608 1251
5839 1252
10221 1253
13841 1254
3824 1255
4089 1256
3009 1257
5560 1258
4691 1259
12977 1260
12313 1261
474 1262
8250 1263
2165 1264
4197 1265
6760 1266
3037 1267
1424 1268
14074 1269
6734 1270
8117 1271
11507 1272
1989 1273
3404 1274
2198 1275
1457 1276
11612 1277
12768 1278
10265 1279
14143 1280
290 1281
1660 1282
473 1283
12632 1284
11885 1285
14296 1286
12705 1287
12906 1288
9677 1289
7729 1290
9356 1291
187 1292
356 1293
14111 1294
6204 1295
5708 1296
11138 1297
1856 1298
2995 1299
3215 1300
12332 1301
12485 1302
4939 1303
757 1304
8288 1305
2904 1306
10295 1307
6385 1308
3893 1309
3083 1310
9969 1311
5461 1312
8431 1313
1851 1314
3411 1315
14111 1316
1443 1317
12884 1318
7398 1319
10985 1320
7574 1321
10952 1322
2248 1323
3100 1324
581 1325
13510 1326
14450 1327
9003 1328
6139 1329
3422 1330
1712 1331
6227 1332
7383 1333
12110 1334
4757 1335
463 1336
12032 1337
6040 1338
14042 1339
3348 1340
4218 1341
10671 1342
6185 1343
4875 1344
4619 1345
7808 1346
8256 1347
12146 1348
13695 1349
6269 1350
11044 1351
13428 1352
12033 1353
331 1354
4825 1355
5476 1356
14340 1357
5340 1358
9108 1359
9861 1360
12089 1361
3195 1362
3663 1363
13356 1364
2698 1365
6314 1366
13042 1367
5029 1368
902 1369
2642 1370
7908 1371
10083 1372
7714 1373
959 1374
13656 1375
4500 1376
6200 1377
8219 1378
4723 1379
3675 1380
2353 1381
2467 1382
10330 1383
11354 1384
10479 1385
8929 1386
8652 1387
2166 1388
2914 1389
11948 1390
9657 1391
10253 1392
10158 1393
12516 1394
240 1395
8016 1396
2426 1397
12763 1398
7857 1399
12459 1400
8868 1401
12202 1402
1620 1403
12611 1404
6149 1405
2698 1406
6019 1407
8184 1408
10261 1409
12336 1410
828 1411
357 1412
4236 1413
2820 1414
11358 1415
5095 1416
6428 1417
9860 1418
7720 1419
12387 1420
14229 1421
10460 1422
14130 1423
1613 1424
7289 1425
7932 1426
11329 1427
3719 1428
3321 1429
10035 1430
10985 1431
3984 1432
7826 1433
294 1434
14148 1435
1685 1436
14158 1437
2696 1438
749 1439
8105 1440
5561 1441
7582 1442
7290 1443
4483 1444
14264 1445
1671 1446
14092 1447
1992 1448
2295 1449
