1350 900
7062 0
7935 1
11981 2
281 3
5503 4
7661 5
9079 6
6931 7
6204 8
3855 9
12311 10
7877 11
11477 12
294 13
6824 14
2921 15
11504 16
840 17
10794 18
10244 19
11181 20
10178 21
9544 22
5411 23
6751 24
11452 25
11269 26
11643 27
9730 28
6537 29
7788 30
4548 31
3826 32
8447 33
3947 34
13060 35
10774 36
13077 37
12064 38
4554 39
8002 40
13036 41
10911 42
10741 43
3300 44
6576 45
8951 46
8439 47
2392 48
4659 49
10406 50
6443 51
12468 52
10311 53
9138 54
6747 55
8706 56
180 57
612 58
7781 59
4588 60
6886 61
5646 62
8102 63
6145 64
12591 65
1069 66
10259 67
1428 68
5823 69
13291 70
8571 71
6479 72
371 73
12490 74
10945 75
3615 76
9576 77
585 78
3445 79
5207 80
1987 81
9891 82
7855 83
1663 84
5399 85
800 86
12198 87
8435 88
12839 89
10689 90
1267 91
8050 92
11331 93
9483 94
11234 95
13101 96
11777 97
8723 98
7767 99
12676 100
818 101
294 102
2725 103
13468 104
11879 105
9114 106
12205 107
7853 108
5669 109
13100 110
10810 111
7940 112
1703 113
11347 114
326 115
8361 116
2280 117
7802 118
3441 119
11909 120
4655 121
7114 122
4472 123
12556 124
7434 125
1931 126
4521 127
6836 128
2663 129
11092 130
8301 131
9321 132
4913 133
6755 134
7521 135
11653 136
10153 137
8863 138
12648 139
532 140
10249 141
1436 142
9914 143
9455 144
5441 145
9599 146
1510 147
11630 148
2124 149
313 150
4711 151
6005 152
9764 153
8535 154
2344 155
3706 156
6762 157
11799 158
7587 159
256 160
13078 161
2234 162
10101 163
606 164
2409 165
4319 166
5197 167
886 168
8494 169
11168 170
9320 171
9309 172
12163 173
6263 174
7270 175
13103 176
11446 177
1599 178
1969 179
5509 180
2756 181
10583 182
8091 183
13245 184
317 185
1596 186
11447 187
12975 188
8111 189
11499 190
13410 191
6268 192
4866 193
3671 194
8159 195
7988 196
4290 197
5541 198
4212 199
1968 200
4440 201
4107 202
6012 203
6582 204
12514 205
2108 206
1366 207
7857 208
9450 209
11604 210
9410 211
3190 212
5923 213
4629 214
4278 215
13090 216
7716 217
9762 218
8381 219
8873 220
11463 221
10931 222
1147 223
4208 224
1252 225
3547 226
11604 227
5674 228
12879 229
10897 230
8637 231
10193 232
19 233
12178 234
2822 235
9256 236
569 237
12404 238
5197 239
2710 240
492 241
9819 242
8956 243
787 244
5372 245
1388 246
11762 247
5458 248
11015 249
13276 250
9077 251
11813 252
189 253
5755 254
9533 255
6861 256
4890 257
13476 258
4414 259
11957 260
2061 261
9918 262
12175 263
3451 264
13380 265
630 266
6030 267
6356 268
9738 269
8329 270
565 271
1651 272
5308 273
2629 274
11305 275
7049 276
10216 277
4446 278
6274 279
4020 280
6169 281
5661 282
3323 283
2928 284
4954 285
11769 286
11801 287
7173 288
13439 289
5109 290
6622 291
9280 292
9071 293
925 294
793 295
9505 296
1129 297
3022 298
4249 299
4325 300
5390 301
9774 302
11876 303
9032 304
10792 305
11332 306
13427 307
5979 308
391 309
10115 310
8384 311
1613 312
4405 313
4822 314
7521 315
12561 316
5580 317
13095 318
1830 319
4374 320
13061 321
12118 322
9096 323
3258 324
9127 325
3181 326
4133 327
10039 328
7115 329
4494 330
5786 331
5367 332
727 333
7347 334
11542 335
4131 336
11566 337
10073 338
631 339
8460 340
5640 341
3324 342
9213 343
12557 344
8732 345
2663 346
13398 347
5061 348
399 349
8049 350
11619 351
8883 352
6327 353
9900 354
8636 355
11614 356
5555 357
2884 358
11748 359
12554 360
8275 361
1638 362
12813 363
12643 364
2689 365
1455 366
3830 367
13009 368
300 369
12028 370
8718 371
6203 372
577 373
9166 374
6213 375
5595 376
48 377
13444 378
4238 379
6357 380
7590 381
11457 382
615 383
1345 384
1762 385
8280 386
11490 387
137 388
10772 389
12310 390
3763 391
5779 392
1469 393
10623 394
6826 395
6903 396
331 397
5854 398
8958 399
11153 400
2246 401
12337 402
5033 403
1700 404
4352 405
5841 406
4300 407
9315 408
900 409
7491 410
12977 411
3866 412
110 413
8083 414
7450 415
6762 416
7392 417
9343 418
542 419
2556 420
4539 421
9901 422
1359 423
4309 424
8282 425
5252 426
6867 427
11823 428
9709 429
262 430
4983 431
11711 432
4023 433
5529 434
2330 435
6801 436
11818 437
5665 438
12732 439
5297 440
9020 441
5593 442
5054 443
3425 444
3445 445
9040 446
6618 447
6954 448
5745 449
2673 450
4087 451
4429 452
3796 453
12196 454
9877 455
420 456
66 457
3291 458
2755 459
9725 460
6084 461
3057 462
4015 463
10572 464
2293 465
4988 466
8375 467
5631 468
9625 469
6105 470
7907 471
10967 472
3512 473
7724 474
12695 475
4442 476
12653 477
5034 478
5190 479
2992 480
1653 481
1354 482
9301 483
1666 484
2822 485
10575 486
9141 487
2153 488
13369 489
11145 490
5963 491
9568 492
3998 493
9542 494
12827 495
458 496
5665 497
4022 498
3027 499
11562 500
4889 501
8616 502
1883 503
4612 504
11621 505
2865 506
10056 507
12101 508
8957 509
12509 510
11176 511
4270 512
6377 513
3682 514
4150 515
13317 516
12024 517
2571 518
6545 519
10544 520
1220 521
1620 522
1975 523
3404 524
3536 525
5388 526
2028 527
12117 528
11277 529
7723 530
8537 531
3230 532
11812 533
6602 534
13103 535
4605 536
6898 537
1370 538
1582 539
10195 540
2790 541
12333 542
1010 543
613 544
6192 545
11699 546
7927 547
3850 548
2053 549
7876 550
12591 551
8806 552
3604 553
11856 554
13356 555
2470 556
8684 557
9300 558
3396 559
8187 560
12956 561
4019 562
4918 563
2998 564
7596 565
6442 566
8494 567
8648 568
10976 569
7638 570
5813 571
2812 572
5219 573
3801 574
847 575
6759 576
1772 577
8080 578
9544 579
1069 580
10880 581
5783 582
12144 583
389 584
1899 585
9554 586
10894 587
4801 588
10 589
2146 590
595 591
2150 592
1436 593
11505 594
5557 595
7694 596
13359 597
3968 598
6564 599
4288 600
11773 601
4832 602
1200 603
6536 604
4310 605
3935 606
13047 607
3865 608
7213 609
11362 610
4072 611
7459 612
11212 613
1870 614
4148 615
7970 616
3993 617
2519 618
7067 619
4755 620
10531 621
4669 622
10721 623
5415 624
13423 625
12257 626
1231 627
4367 628
2105 629
9123 630
3693 631
10922 632
8915 633
9117 634
13163 635
2851 636
9298 637
9467 638
1035 639
13332 640
9175 641
6689 642
712 643
2264 644
13270 645
11091 646
6143 647
11102 648
6626 649
4499 650
6705 651
11338 652
6402 653
3829 654
13056 655
8040 656
5714 657
5308 658
13018 659
14 660
10230 661
6069 662
4158 663
13456 664
10854 665
2976 666
3508 667
2012 668
6000 669
8733 670
5795 671
1598 672
11415 673
10236 674
10933 675
7467 676
2327 677
7144 678
4571 679
2968 680
697 681
13161 682
11343 683
2017 684
5431 685
5861 686
8317 687
6654 688
3600 689
12897 690
10972 691
12627 692
8318 693
7232 694
331 695
6088 696
1413 697
11110 698
7788 699
3279 700
9677 701
5504 702
6832 703
7274 704
2209 705
3946 706
1545 707
4744 708
2457 709
12983 710
6743 711
13087 712
5277 713
2678 714
8974 715
7526 716
5189 717
9292 718
1413 719
13069 720
7213 721
2440 722
4055 723
4670 724
1854 725
1560 726
3396 727
7782 728
2742 729
4623 730
8927 731
8255 732
3060 733
1734 734
6186 735
5918 736
3397 737
5581 738
10736 739
3772 740
12877 741
12405 742
2136 743
1708 744
6295 745
17 746
7502 747
5980 748
5542 749
10150 750
4325 751
10194 752
12784 753
1223 754
7779 755
4303 756
11791 757
1977 758
12897 759
2285 760
5937 761
13314 762
6275 763
8664 764
7395 765
13303 766
6240 767
6644 768
175 769
6716 770
861 771
12607 772
7645 773
4953 774
294 775
876 776
5566 777
8303 778
7511 779
10921 780
7143 781
578 782
9663 783
1143 784
2926 785
9553 786
3423 787
13314 788
3744 789
1115 790
6473 791
6652 792
9446 793
4393 794
8062 795
7264 796
3713 797
11760 798
7354 799
6929 800
10017 801
5087 802
2185 803
8789 804
8667 805
6928 806
6060 807
12143 808
67 809
8055 810
2655 811
7791 812
11527 813
10736 814
11511 815
10830 816
5471 817
4374 818
2900 819
3143 820
7366 821
10446 822
3122 823
9666 824
11634 825
10944 826
8119 827
10223 828
6991 829
6378 830
1508 831
3622 832
5282 833
8629 834
9626 835
4703 836
1026 837
4115 838
2852 839
9674 840
3703 841
698 842
3573 843
12643 844
7358 845
9154 846
5208 847
3842 848
3141 849
103 850
2234 851
1268 852
4540 853
5227 854
6578 855
9189 856
12377 857
1619 858
1104 859
4543 860
3493 861
11781 862
12503 863
8465 864
6434 865
4484 866
4361 867
3181 868
9578 869
6822 870
2098 871
3702 872
5379 873
12290 874
8144 875
1630 876
12561 877
12404 878
10128 879
390 880
3861 881
11933 882
3297 883
4381 884
13285 885
1274 886
10387 887
500 888
9090 889
6711 890
3345 891
1198 892
2256 893
7658 894
4896 895
9669 896
2380 897
260 898
9 899
12424 900
6474 901
4862 902
6517 903
3081 904
3755 905
9590 906
7505 907
7377 908
3918 909
3887 910
5433 911
11083 912
12733 913
5737 914
998 915
2469 916
3362 917
3919 918
5192 919
12454 920
2901 921
11207 922
2946 923
6517 924
3275 925
1144 926
12565 927
7784 928
11835 929
4688 930
1553 931
7493 932
6439 933
10377 934
5188 935
7654 936
3400 937
5585 938
12561 939
7422 940
3499 941
5594 942
12482 943
1287 944
9170 945
7034 946
3377 947
6242 948
11587 949
12803 950
12240 951
5195 952
7922 953
9090 954
10633 955
8010 956
1703 957
2040 958
9714 959
13236 960
6468 961
2482 962
5770 963
1756 964
6388 965
2139 966
9696 967
5354 968
4364 969
10851 970
3341 971
12336 972
12775 973
11678 974
10014 975
9671 976
4987 977
1592 978
9549 979
2860 980
2222 981
10972 982
1844 983
1753 984
5768 985
1534 986
4650 987
11261 988
8059 989
6331 990
69 991
11742 992
13049 993
5512 994
6971 995
3254 996
13126 997
7508 998
7681 999
4965 1000
5079 1001
5890 1002
13190 1003
1018 1004
6327 1005
7276 1006
4587 1007
6509 1008
794 1009
8578 1010
9375 1011
432 1012
2554 1013
2176 1014
11165 1015
582 1016
719 1017
6824 1018
3356 1019
2011 1020
8968 1021
5285 1022
4885 1023
9347 1024
9069 1025
1927 1026
6083 1027
1421 1028
3825 1029
697 1030
9126 1031
4533 1032
5260 1033
636 1034
2934 1035
12444 1036
11358 1037
8741 1038
12804 1039
4097 1040
5894 1041
10482 1042
4377 1043
10303 1044
12882 1045
10341 1046
11331 1047
2870 1048
8641 1049
2265 1050
1154 1051
6561 1052
11626 1053
11569 1054
11575 1055
12301 1056
4410 1057
158 1058
4791 1059
3733 1060
949 1061
3813 1062
10506 1063
5388 1064
7756 1065
6330 1066
9764 1067
6356 1068
9846 1069
5734 1070
10261 1071
1400 1072
9915 1073
13242 1074
8717 1075
7584 1076
1193 1077
8453 1078
3059 1079
467 1080
11749 1081
8306 1082
1181 1083
3577 1084
6960 1085
2303 1086
9296 1087
10065 1088
3992 1089
13224 1090
1400 1091
2590 1092
12168 1093
11926 1094
3477 1095
8069 1096
1183 1097
6093 1098
1040 1099
3274 1100
13492 1101
10357 1102
4578 1103
44 1104
12244 1105
12008 1106
1272 1107
308 1108
4133 1109
1980 1110
5581 1111
1634 1112
9175 1113
663 1114
10848 1115
4186 1116
4060 1117
8657 1118
7060 1119
5636 1120
8270 1121
2868 1122
4293 1123
7532 1124
8839 1125
2991 1126
12184 1127
926 1128
12346 1129
4373 1130
4882 1131
9190 1132
10591 1133
8951 1134
9128 1135
11143 1136
8106 1137
11255 1138
4013 1139
13293 1140
729 1141
544 1142
9764 1143
1179 1144
1422 1145
7553 1146
790 1147
5286 1148
10670 1149
7514 1150
6380 1151
4063 1152
9380 1153
2652 1154
3528 1155
13076 1156
3106 1157
1965 1158
12174 1159
1598 1160
3602 1161
12598 1162
10442 1163
2407 1164
11686 1165
2556 1166
5068 1167
12693 1168
9213 1169
11603 1170
4414 1171
5575 1172
3910 1173
12157 1174
830 1175
4378 1176
944 1177
111 1178
10095 1179
7741 1180
5366 1181
7988 1182
7982 1183
3768 1184
11282 1185
8798 1186
2716 1187
13326 1188
5360 1189
10093 1190
2732 1191
12063 1192
9490 1193
1734 1194
1143 1195
4170 1196
7605 1197
4576 1198
11689 1199
11307 1200
9071 1201
10689 1202
10445 1203
285 1204
630 1205
2035 1206
13471 1207
535 1208
5340 1209
5989 1210
10828 1211
12852 1212
4921 1213
2803 1214
12218 1215
2967 1216
4631 1217
1884 1218
2219 1219
7688 1220
8306 1221
6646 1222
9735 1223
7478 1224
11741 1225
902 1226
224 1227
11320 1228
10159 1229
10526 1230
5361 1231
7973 1232
7602 1233
8589 1234
9587 1235
2780 1236
4119 1237
10915 1238
5742 1239
5236 1240
4849 1241
6104 1242
9461 1243
11625 1244
1266 1245
13111 1246
4900 1247
13486 1248
3593 1249
10992 1250
13496 1251
2571 1252
10739 1253
9584 1254
1150 1255
8806 1256
1846 1257
1065 1258
5873 1259
3765 1260
11587 1261
6785 1262
6833 1263
8700 1264
4703 1265
10191 1266
12267 1267
13168 1268
11762 1269
12850 1270
6311 1271
2466 1272
1054 1273
11988 1274
4345 1275
11103 1276
4559 1277
5116 1278
9495 1279
9977 1280
8509 1281
1924 1282
4617 1283
9839 1284
11635 1285
1397 1286
10649 1287
3422 1288
1525 1289
6402 1290
1933 1291
11560 1292
12184 1293
4073 1294
4169 1295
9320 1296
9293 1297
12651 1298
12544 1299
10374 1300
10247 1301
3194 1302
5430 1303
2440 1304
5345 1305
8990 1306
8232 1307
1285 1308
5492 1309
1435 1310
9586 1311
1653 1312
1762 1313
12642 1314
4585 1315
12498 1316
1740 1317
3623 1318
2649 1319
5664 1320
11154 1321
1936 1322
12868 1323
6375 1324
795 1325
10954 1326
2552 1327
2084 1328
9866 1329
11777 1330
7711 1331
2608 1332
3103 1333
1231 1334
13215 1335
6770 1336
6732 1337
8306 1338
1349 1339
1623 1340
2915 1341
4441 1342
11210 1343
118 1344
11077 1345
13080 1346
5184 1347
10330 1348
6700 1349
