1050 400
4222 0
3329 1
6539 2
5080 3
8110 4
9409 5
427 6
7497 7
6045 8
6139 9
997 10
3016 11
1444 12
1610 13
6838 14
2509 15
6933 16
1566 17
811 18
7648 19
3746 20
10404 21
8421 22
3385 23
9205 24
1426 25
3078 26
1346 27
4165 28
2841 29
4715 30
4330 31
10498 32
8534 33
9942 34
7277 35
5989 36
4088 37
2861 38
4186 39
1787 40
1246 41
6013 42
6484 43
9518 44
6569 45
7100 46
10344 47
6659 48
532 49
7394 50
6905 51
8943 52
10083 53
5186 54
3758 55
8688 56
3866 57
6885 58
4797 59
8365 60
1176 61
2197 62
9660 63
4829 64
8465 65
7783 66
3963 67
7546 68
7182 69
7255 70
5255 71
4541 72
4403 73
2215 74
9742 75
301 76
6290 77
2189 78
1506 79
2662 80
6331 81
6864 82
2239 83
5786 84
6617 85
5189 86
7644 87
10262 88
2500 89
6999 90
818 91
10349 92
616 93
3715 94
6 95
8421 96
10313 97
2829 98
4045 99
4567 100
1754 101
2042 102
4303 103
1917 104
5405 105
2682 106
1711 107
9097 108
10207 109
2946 110
6500 111
6753 112
5919 113
328 114
2081 115
6642 116
8587 117
9365 118
9923 119
10094 120
591 121
9733 122
3543 123
2878 124
5893 125
765 126
4658 127
5367 128
1438 129
2654 130
8040 131
2742 132
2264 133
2880 134
6586 135
8502 136
1752 137
5626 138
9547 139
974 140
6184 141
4183 142
10099 143
7952 144
312 145
10429 146
1598 147
3823 148
8080 149
2164 150
6937 151
8091 152
709 153
3169 154
2556 155
4287 156
2236 157
3392 158
3997 159
10170 160
1559 161
4926 162
5206 163
10422 164
9650 165
4129 166
10170 167
2967 168
2089 169
2534 170
7420 171
8400 172
1840 173
4119 174
269 175
4024 176
8410 177
9072 178
9426 179
7495 180
3102 181
3697 182
6356 183
8763 184
89 185
9977 186
4668 187
7869 188
5233 189
3161 190
311 191
909 192
6376 193
8350 194
10120 195
9402 196
6090 197
7813 198
11 199
5708 200
4064 201
6386 202
9334 203
6294 204
3326 205
7212 206
1648 207
6206 208
9879 209
1318 210
5721 211
1598 212
4988 213
2623 214
3637 215
1468 216
6793 217
1676 218
8134 219
7231 220
5236 221
7995 222
8511 223
5171 224
957 225
10008 226
4444 227
10465 228
3896 229
10039 230
3595 231
10102 232
10231 233
3379 234
676 235
537 236
3457 237
6816 238
803 239
946 240
9899 241
2703 242
2777 243
9111 244
2547 245
1043 246
7535 247
258 248
243 249
9933 250
2304 251
4580 252
1463 253
9121 254
2210 255
4626 256
1190 257
5995 258
167 259
5224 260
5478 261
8124 262
518 263
1498 264
5113 265
9031 266
6184 267
8889 268
7803 269
9723 270
7401 271
4505 272
516 273
7483 274
4372 275
3746 276
4575 277
7247 278
6411 279
2063 280
6359 281
4513 282
4957 283
5824 284
9147 285
1549 286
2155 287
3413 288
7032 289
7762 290
8990 291
8616 292
7308 293
159 294
7916 295
2825 296
6202 297
4110 298
831 299
1418 300
2221 301
5538 302
6234 303
2741 304
3291 305
2861 306
3616 307
4833 308
1182 309
9947 310
5731 311
3089 312
1474 313
3735 314
8862 315
10225 316
1246 317
5751 318
9766 319
1830 320
6589 321
145 322
2896 323
4877 324
981 325
4925 326
9950 327
615 328
5976 329
2122 330
3514 331
8555 332
5518 333
890 334
735 335
8131 336
27 337
3389 338
963 339
9114 340
3159 341
9948 342
6113 343
3240 344
4699 345
4979 346
2872 347
3698 348
5981 349
7265 350
9576 351
475 352
2035 353
3221 354
4364 355
1898 356
6119 357
7409 358
8963 359
4172 360
3328 361
10107 362
748 363
5252 364
10166 365
8652 366
9724 367
3070 368
8078 369
7404 370
7992 371
8354 372
8159 373
2700 374
4964 375
7235 376
7997 377
6075 378
9427 379
5989 380
4445 381
5425 382
2987 383
9436 384
9568 385
8312 386
6256 387
7766 388
7622 389
10468 390
9831 391
1594 392
7111 393
8721 394
6148 395
944 396
5230 397
7311 398
8515 399
286 400
7396 401
2859 402
1045 403
617 404
7819 405
9468 406
7415 407
3815 408
8810 409
10180 410
2273 411
6937 412
2083 413
6496 414
5721 415
6676 416
9999 417
2899 418
7018 419
7394 420
10492 421
3481 422
1435 423
1173 424
8299 425
3369 426
1878 427
5253 428
8016 429
8682 430
3860 431
9827 432
9988 433
3776 434
6471 435
6802 436
5876 437
4607 438
4531 439
4968 440
2165 441
503 442
7092 443
4731 444
9379 445
9856 446
4948 447
7765 448
9944 449
3659 450
10407 451
3495 452
7254 453
270 454
1892 455
3664 456
6555 457
9934 458
4537 459
10237 460
4585 461
1611 462
872 463
2180 464
5534 465
4210 466
1135 467
719 468
1519 469
2687 470
4267 471
4912 472
4639 473
5190 474
1594 475
9730 476
355 477
3305 478
5411 479
1076 480
8622 481
8888 482
7994 483
9369 484
1762 485
10024 486
3743 487
612 488
8715 489
7595 490
2151 491
2172 492
5944 493
10140 494
5498 495
4826 496
9474 497
4047 498
2305 499
2282 500
352 501
6892 502
5267 503
4184 504
6694 505
1441 506
10481 507
9611 508
1958 509
7245 510
5947 511
2551 512
7968 513
7195 514
10377 515
10010 516
9318 517
2702 518
4081 519
10213 520
7937 521
6935 522
7735 523
3917 524
9239 525
7313 526
10313 527
5076 528
10264 529
10467 530
4899 531
43 532
9647 533
9290 534
4836 535
3227 536
3655 537
5863 538
6669 539
4591 540
3406 541
9434 542
5891 543
5863 544
7112 545
218 546
4737 547
6487 548
4813 549
4150 550
816 551
2844 552
7030 553
7456 554
7177 555
4053 556
9496 557
387 558
5501 559
131 560
5509 561
3046 562
6319 563
6704 564
1786 565
6645 566
1312 567
7642 568
4996 569
889 570
9762 571
781 572
5884 573
3893 574
4143 575
9318 576
1050 577
4943 578
7418 579
2006 580
3045 581
6743 582
6792 583
3000 584
8463 585
1438 586
7405 587
3305 588
5744 589
1699 590
5473 591
6822 592
10112 593
9274 594
9935 595
3822 596
1220 597
8694 598
8431 599
3216 600
4227 601
6658 602
4445 603
1896 604
1702 605
987 606
3174 607
8766 608
4485 609
8284 610
2335 611
1648 612
5046 613
6543 614
8007 615
5058 616
1028 617
5737 618
3830 619
3128 620
9653 621
3373 622
10330 623
4009 624
654 625
10236 626
875 627
4381 628
8458 629
10269 630
6940 631
7120 632
3525 633
3379 634
6839 635
128 636
10434 637
181 638
7239 639
5213 640
1674 641
1316 642
224 643
10014 644
6397 645
585 646
23 647
8886 648
1285 649
8861 650
7597 651
4523 652
4927 653
4368 654
2468 655
3822 656
7794 657
7325 658
8362 659
4652 660
9045 661
5391 662
186 663
9655 664
1476 665
5625 666
6290 667
8609 668
10023 669
2122 670
1519 671
6403 672
8316 673
1540 674
8945 675
2906 676
8596 677
4462 678
2715 679
7955 680
4631 681
10284 682
7870 683
4440 684
790 685
9891 686
3301 687
10321 688
2439 689
2912 690
4167 691
5223 692
7966 693
6926 694
6585 695
9644 696
159 697
2632 698
9829 699
256 700
3220 701
9427 702
4168 703
3480 704
937 705
1391 706
7018 707
7783 708
10218 709
7669 710
6706 711
6779 712
5879 713
2165 714
3758 715
10256 716
7391 717
10255 718
9405 719
6360 720
46 721
223 722
8065 723
5020 724
41 725
3859 726
10277 727
960 728
8830 729
1153 730
4681 731
8902 732
5007 733
9230 734
8025 735
797 736
8591 737
1086 738
10364 739
473 740
6403 741
9326 742
6140 743
3330 744
611 745
10058 746
7842 747
5402 748
5536 749
652 750
4065 751
788 752
6347 753
3984 754
70 755
2864 756
5833 757
3247 758
370 759
8186 760
239 761
7588 762
195 763
8648 764
1425 765
3691 766
655 767
475 768
3792 769
4888 770
4861 771
8038 772
10486 773
4970 774
7719 775
7715 776
8842 777
2118 778
1473 779
8996 780
791 781
5023 782
7564 783
5544 784
2523 785
8232 786
6925 787
2901 788
2886 789
3483 790
8000 791
10115 792
7239 793
3397 794
4597 795
8218 796
9987 797
1759 798
2950 799
4255 800
1123 801
5506 802
2196 803
8083 804
9880 805
9755 806
6774 807
5479 808
3240 809
4363 810
10395 811
372 812
5607 813
5862 814
6409 815
5943 816
7760 817
6710 818
2497 819
4497 820
8796 821
10369 822
6487 823
7339 824
2910 825
1849 826
5904 827
608 828
3639 829
9709 830
836 831
9244 832
6497 833
7084 834
5947 835
4256 836
1714 837
5383 838
4706 839
9875 840
5203 841
10500 842
9373 843
1108 844
7331 845
7746 846
2947 847
508 848
997 849
222 850
9632 851
10151 852
8780 853
2935 854
10118 855
3563 856
224 857
5283 858
2780 859
22 860
5326 861
7062 862
570 863
1405 864
5044 865
9326 866
4596 867
3449 868
163 869
2795 870
1258 871
5910 872
7203 873
2454 874
5576 875
3368 876
8177 877
1585 878
2854 879
10106 880
681 881
4169 882
1396 883
159 884
1694 885
9718 886
545 887
791 888
3357 889
5522 890
4793 891
5317 892
7426 893
10112 894
7180 895
5392 896
3384 897
7697 898
8214 899
1713 900
10168 901
4967 902
4653 903
7871 904
2849 905
257 906
2148 907
7610 908
8973 909
4602 910
7796 911
6629 912
8998 913
7151 914
9431 915
8070 916
8953 917
2307 918
522 919
2798 920
2794 921
8055 922
4081 923
5602 924
6706 925
860 926
4481 927
3222 928
3492 929
617 930
1456 931
8651 932
816 933
59 934
8311 935
5225 936
7134 937
7264 938
2853 939
3275 940
2578 941
6094 942
2081 943
7179 944
7823 945
5037 946
8467 947
10248 948
4833 949
574 950
10482 951
3009 952
1911 953
3866 954
8642 955
4706 956
7776 957
8903 958
1323 959
1753 960
9174 961
6266 962
6490 963
6119 964
8892 965
1959 966
1082 967
6475 968
7746 969
3650 970
2473 971
3721 972
6167 973
9263 974
4538 975
10185 976
1055 977
4470 978
5964 979
2544 980
251 981
5 982
10353 983
9683 984
2273 985
7047 986
2450 987
8921 988
8377 989
1822 990
2970 991
9020 992
1588 993
1127 994
5949 995
9885 996
3115 997
8437 998
3994 999
7236 1000
7902 1001
504 1002
995 1003
10462 1004
2495 1005
6348 1006
8482 1007
9515 1008
1164 1009
311 1010
7755 1011
2338 1012
3131 1013
7570 1014
7574 1015
3774 1016
6993 1017
5072 1018
5476 1019
6387 1020
1780 1021
10474 1022
8640 1023
7082 1024
8991 1025
4436 1026
9743 1027
8796 1028
5631 1029
4804 1030
10192 1031
10013 1032
1779 1033
9103 1034
8751 1035
6584 1036
3686 1037
8143 1038
4944 1039
10398 1040
9960 1041
4196 1042
3736 1043
6914 1044
9593 1045
6998 1046
237 1047
137 1048
7098 1049
