1050 1200
2260 0
9784 1
6238 2
4115 3
9691 4
3051 5
10472 6
6366 7
4913 8
1156 9
2000 10
8645 11
3337 12
1149 13
624 14
1500 15
1099 16
7364 17
5110 18
32 19
8336 20
6801 21
9512 22
5483 23
4212 24
1483 25
2804 26
7221 27
6998 28
6829 29
7994 30
2348 31
759 32
1701 33
1711 34
4814 35
3106 36
1769 37
3787 38
10108 39
3318 40
10099 41
716 42
162 43
5216 44
3631 45
4694 46
6649 47
668 48
8161 49
2446 50
2879 51
6725 52
6991 53
3034 54
5157 55
4589 56
1485 57
7340 58
2199 59
7701 60
4801 61
8509 62
8449 63
8213 64
6630 65
2882 66
8576 67
2597 68
8124 69
8004 70
1044 71
4430 72
143 73
8577 74
2119 75
9982 76
1543 77
4097 78
10230 79
8086 80
2218 81
8656 82
9230 83
359 84
4733 85
9515 86
9748 87
636 88
732 89
8050 90
2738 91
8704 92
9303 93
1803 94
9326 95
6994 96
9417 97
3790 98
7170 99
1018 100
591 101
1968 102
1187 103
8214 104
9083 105
10246 106
8642 107
4855 108
6998 109
7631 110
4651 111
8665 112
2325 113
1100 114
2365 115
6885 116
7421 117
10423 118
8277 119
1824 120
450 121
10270 122
6528 123
8786 124
300 125
6543 126
10050 127
6836 128
9087 129
1905 130
9142 131
3146 132
5686 133
6382 134
2111 135
5725 136
904 137
6982 138
3056 139
7873 140
3108 141
865 142
3659 143
3052 144
3977 145
8654 146
8328 147
6410 148
1457 149
6376 150
7611 151
10492 152
7036 153
4354 154
3212 155
3931 156
3984 157
1246 158
826 159
8322 160
1352 161
9520 162
9513 163
5673 164
7957 165
938 166
8870 167
273 168
5714 169
2340 170
4743 171
3680 172
4671 173
2570 174
9278 175
7249 176
326 177
8797 178
10284 179
6599 180
5235 181
6485 182
6168 183
5388 184
8657 185
3984 186
4879 187
8221 188
6300 189
9574 190
454 191
3125 192
5003 193
7886 194
6661 195
7198 196
1152 197
3153 198
2130 199
1313 200
6662 201
6191 202
8652 203
617 204
2890 205
1000 206
1318 207
2672 208
1773 209
3016 210
10185 211
8894 212
8326 213
279 214
3049 215
6030 216
6739 217
4254 218
5979 219
8024 220
7282 221
4661 222
8528 223
2811 224
771 225
6042 226
3344 227
9305 228
9048 229
6083 230
2956 231
2037 232
1686 233
10020 234
3400 235
4282 236
10377 237
8827 238
10329 239
5606 240
7430 241
892 242
240 243
3629 244
3626 245
5464 246
4059 247
828 248
6093 249
7551 250
612 251
10029 252
5134 253
9541 254
2158 255
8029 256
3861 257
5875 258
4243 259
5135 260
3436 261
6147 262
6703 263
7760 264
205 265
8478 266
1655 267
7237 268
9328 269
6076 270
3809 271
9952 272
5079 273
3169 274
1825 275
5467 276
8576 277
7010 278
2283 279
1288 280
4182 281
5164 282
1832 283
4103 284
7205 285
1862 286
1478 287
9171 288
1942 289
8347 290
6077 291
7187 292
8421 293
3377 294
1518 295
4521 296
1781 297
4251 298
8397 299
7012 300
4728 301
8749 302
8455 303
8898 304
6647 305
2737 306
1777 307
2230 308
6100 309
3485 310
4980 311
7769 312
9426 313
6350 314
468 315
1899 316
2090 317
8494 318
4965 319
4492 320
9307 321
10144 322
9128 323
7196 324
6249 325
7251 326
4969 327
10473 328
1773 329
4466 330
10297 331
3480 332
8099 333
5024 334
2173 335
7410 336
2493 337
2194 338
9491 339
4668 340
6526 341
4149 342
4536 343
10224 344
2711 345
7087 346
7028 347
2434 348
101 349
1271 350
167 351
1088 352
6741 353
5669 354
3882 355
2212 356
5207 357
5237 358
1269 359
10286 360
8525 361
4942 362
9482 363
875 364
9932 365
6328 366
10005 367
8041 368
8626 369
6071 370
5286 371
8909 372
1997 373
8903 374
5292 375
5397 376
7166 377
2829 378
98 379
8931 380
9734 381
8282 382
8606 383
6651 384
2285 385
5263 386
500 387
1766 388
3155 389
5095 390
8577 391
100 392
5522 393
6624 394
6529 395
7224 396
8186 397
2809 398
4029 399
2849 400
19 401
9026 402
2327 403
676 404
7572 405
7613 406
9699 407
9108 408
5120 409
3871 410
8020 411
9250 412
6688 413
4867 414
2248 415
10059 416
619 417
472 418
4314 419
2175 420
3947 421
4900 422
7004 423
2604 424
1625 425
9460 426
395 427
4521 428
3304 429
8568 430
2846 431
7699 432
6738 433
1843 434
4941 435
8705 436
1970 437
7108 438
8527 439
5728 440
6538 441
6561 442
4111 443
8021 444
1075 445
8006 446
2044 447
3132 448
9743 449
1593 450
7455 451
3812 452
9099 453
3740 454
10459 455
2282 456
3991 457
8016 458
2158 459
596 460
9467 461
5522 462
10082 463
4689 464
2451 465
1497 466
211 467
8782 468
10006 469
7720 470
3046 471
9451 472
2905 473
4538 474
8930 475
4239 476
2596 477
6485 478
1741 479
3084 480
3141 481
5475 482
7117 483
1789 484
416 485
7440 486
602 487
10303 488
6282 489
9945 490
10245 491
1729 492
6394 493
7161 494
4411 495
34 496
4855 497
1140 498
8399 499
10210 500
330 501
7268 502
9670 503
1142 504
7742 505
8604 506
2465 507
10079 508
1781 509
1024 510
9718 511
1665 512
8784 513
8258 514
4444 515
5971 516
9136 517
7428 518
5244 519
9581 520
10145 521
9341 522
9128 523
9285 524
1327 525
9133 526
4356 527
5882 528
6882 529
1602 530
4438 531
10098 532
9741 533
5181 534
10293 535
8960 536
10108 537
2972 538
5189 539
3938 540
8282 541
7686 542
4124 543
7086 544
7448 545
7965 546
186 547
4845 548
7098 549
1977 550
4562 551
6086 552
9156 553
403 554
7824 555
258 556
8915 557
320 558
1203 559
5693 560
7212 561
5543 562
6396 563
1122 564
9578 565
7520 566
2102 567
6839 568
9534 569
4571 570
6272 571
3864 572
4433 573
5141 574
2439 575
1390 576
3603 577
10483 578
6596 579
6876 580
4861 581
5314 582
8649 583
9505 584
9543 585
5063 586
7018 587
2415 588
924 589
7720 590
7375 591
1167 592
8982 593
2337 594
4548 595
2907 596
5619 597
8424 598
2362 599
3920 600
8644 601
442 602
2326 603
2798 604
9681 605
8707 606
7552 607
5348 608
7343 609
9263 610
7320 611
6387 612
2129 613
1240 614
8363 615
7909 616
3435 617
7612 618
3850 619
8573 620
2138 621
5708 622
2623 623
1435 624
7860 625
5993 626
2885 627
1439 628
320 629
1316 630
1378 631
7013 632
5615 633
2522 634
8436 635
40 636
8225 637
6469 638
443 639
5938 640
10275 641
1386 642
1264 643
5229 644
8291 645
7746 646
1437 647
2432 648
5717 649
20 650
4241 651
7680 652
9895 653
6832 654
6588 655
7017 656
5361 657
6379 658
9052 659
8472 660
3962 661
10153 662
3582 663
1446 664
68 665
728 666
3235 667
374 668
9376 669
7358 670
5838 671
4518 672
6261 673
1737 674
10054 675
5137 676
1464 677
3068 678
5309 679
6640 680
2098 681
1049 682
8853 683
7224 684
10124 685
5177 686
7150 687
4390 688
3143 689
483 690
7982 691
4789 692
8506 693
5982 694
9131 695
7319 696
9840 697
4622 698
3583 699
1497 700
4672 701
2584 702
6658 703
1405 704
8041 705
6347 706
4305 707
1546 708
817 709
2504 710
8167 711
5038 712
8335 713
1516 714
5479 715
1056 716
7335 717
5271 718
5505 719
1976 720
9800 721
3500 722
8189 723
2631 724
5415 725
1093 726
7119 727
3134 728
4940 729
5260 730
8559 731
5902 732
3748 733
7130 734
2561 735
1135 736
6816 737
7449 738
4384 739
4451 740
5525 741
2712 742
6516 743
9289 744
8233 745
1696 746
9661 747
6189 748
7468 749
2122 750
5846 751
6981 752
1112 753
1618 754
181 755
184 756
3363 757
4921 758
249 759
3895 760
4819 761
1274 762
2240 763
9200 764
3448 765
3513 766
10213 767
5217 768
2287 769
943 770
5099 771
2626 772
7477 773
7402 774
8548 775
1441 776
9803 777
3729 778
9004 779
8166 780
364 781
7362 782
7426 783
8380 784
4649 785
24 786
9250 787
7457 788
5075 789
10417 790
1944 791
1109 792
342 793
4508 794
1315 795
4395 796
5908 797
3046 798
896 799
6369 800
5208 801
8009 802
9848 803
7183 804
1043 805
2072 806
4390 807
3272 808
989 809
7227 810
553 811
7140 812
1243 813
8922 814
6994 815
7157 816
3218 817
7798 818
8102 819
2605 820
7327 821
3639 822
6739 823
4349 824
9460 825
9908 826
6986 827
365 828
5055 829
9026 830
4117 831
1803 832
9778 833
3422 834
2302 835
3422 836
412 837
8715 838
4053 839
6834 840
9167 841
6781 842
9692 843
1090 844
3839 845
7406 846
10245 847
6431 848
8302 849
4586 850
2528 851
1268 852
8724 853
747 854
6160 855
8179 856
6112 857
4045 858
68 859
7119 860
1703 861
5338 862
7721 863
2148 864
5339 865
10230 866
3841 867
4351 868
7940 869
4335 870
3034 871
7802 872
4218 873
3450 874
6824 875
3038 876
3389 877
8312 878
8134 879
2903 880
10098 881
9369 882
7266 883
10140 884
9430 885
9769 886
6160 887
8954 888
10128 889
900 890
7664 891
8109 892
4361 893
70 894
9930 895
1064 896
3348 897
5579 898
9842 899
2490 900
9266 901
9299 902
7562 903
9717 904
3479 905
3464 906
1659 907
2223 908
4936 909
6604 910
8324 911
3330 912
7372 913
2940 914
6459 915
4465 916
2058 917
7624 918
2802 919
7207 920
5800 921
8017 922
2251 923
7705 924
10329 925
9233 926
3992 927
8967 928
2873 929
4342 930
6050 931
5992 932
9071 933
9896 934
2362 935
2226 936
1261 937
9564 938
4549 939
1047 940
7613 941
8854 942
9358 943
2101 944
2573 945
8713 946
5392 947
2161 948
7978 949
1086 950
7190 951
2558 952
1274 953
7296 954
7515 955
9519 956
1852 957
9029 958
341 959
8207 960
680 961
7601 962
4399 963
923 964
5919 965
9374 966
6309 967
5116 968
1601 969
9630 970
4148 971
3980 972
4189 973
177 974
52 975
8876 976
9976 977
8565 978
5087 979
7149 980
8941 981
483 982
10286 983
2112 984
1365 985
10130 986
27 987
6162 988
8296 989
5293 990
7408 991
4864 992
2492 993
10427 994
1497 995
5574 996
8797 997
5275 998
6161 999
97 1000
467 1001
4514 1002
2189 1003
408 1004
9394 1005
10306 1006
6800 1007
6579 1008
8137 1009
4987 1010
8915 1011
4404 1012
5085 1013
5569 1014
6834 1015
9604 1016
5530 1017
3055 1018
7750 1019
9397 1020
4535 1021
312 1022
5393 1023
10492 1024
10448 1025
1395 1026
9250 1027
7191 1028
9584 1029
1120 1030
10261 1031
8572 1032
7319 1033
6339 1034
2557 1035
1881 1036
1848 1037
2123 1038
4080 1039
429 1040
6595 1041
4954 1042
5601 1043
4990 1044
1381 1045
3878 1046
3120 1047
5817 1048
10017 1049
