1550 1250
2555 0
10099 1
3598 2
12734 3
3337 4
173 5
2100 6
3591 7
10950 8
8431 9
10536 10
7096 11
6753 12
3559 13
4451 14
12721 15
12214 16
9761 17
51 18
6081 19
10877 20
12016 21
588 22
13314 23
14747 24
4028 25
9392 26
9743 27
28 28
8117 29
3981 30
14636 31
8875 32
30 33
14041 34
4566 35
2585 36
6433 37
2363 38
3737 39
3156 40
13487 41
6645 42
8473 43
15422 44
138 45
2670 46
13323 47
11137 48
3998 49
13612 50
7189 51
4218 52
8857 53
12400 54
13014 55
14526 56
2362 57
14452 58
9118 59
14639 60
9240 61
12144 62
1615 63
13521 64
9817 65
5311 66
3840 67
3617 68
12004 69
1029 70
9498 71
1873 72
13616 73
6806 74
8946 75
14197 76
6925 77
13189 78
8929 79
9037 80
15487 81
5508 82
4291 83
13045 84
4473 85
14037 86
12478 87
4863 88
4092 89
4939 90
26 91
8458 92
13943 93
2556 94
14882 95
8674 96
15349 97
11196 98
562 99
9587 100
4854 101
435 102
13056 103
2245 104
11011 105
12370 106
9472 107
3988 108
8771 109
9565 110
5996 111
11938 112
15195 113
4440 114
12069 115
3640 116
5840 117
9666 118
8640 119
2503 120
5649 121
5147 122
14898 123
2986 124
3024 125
11883 126
10494 127
120 128
2425 129
1561 130
9258 131
11774 132
6768 133
14526 134
2802 135
5987 136
12840 137
10189 138
11201 139
3734 140
7472 141
6771 142
10563 143
7934 144
14548 145
8889 146
9194 147
6342 148
14552 149
5389 150
14728 151
6625 152
9590 153
9844 154
6350 155
6918 156
13473 157
14008 158
9463 159
4802 160
12482 161
12072 162
857 163
10621 164
3221 165
13716 166
6947 167
2899 168
4083 169
10844 170
2905 171
8697 172
9819 173
14228 174
14582 175
4717 176
11452 177
15092 178
5600 179
4073 180
12447 181
403 182
948 183
4568 184
12408 185
13095 186
9248 187
14718 188
13747 189
1661 190
12081 191
4838 192
11640 193
5371 194
14398 195
10773 196
548 197
434 198
11960 199
750 200
3143 201
502 202
13983 203
3864 204
12160 205
10577 206
7555 207
13548 208
1935 209
8161 210
15394 211
3378 212
15281 213
1981 214
6541 215
8704 216
5256 217
9229 218
8616 219
13330 220
12951 221
14985 222
8392 223
2153 224
8126 225
8173 226
1258 227
1189 228
13193 229
13153 230
11231 231
9631 232
7788 233
5796 234
5659 235
8238 236
7310 237
11745 238
4298 239
2111 240
7292 241
14602 242
8312 243
5081 244
8170 245
7636 246
2566 247
1106 248
14746 249
6885 250
7176 251
3196 252
13578 253
1175 254
14341 255
6840 256
13500 257
14695 258
13846 259
1213 260
14894 261
2336 262
10119 263
14258 264
13039 265
11943 266
5671 267
4318 268
1277 269
6381 270
9647 271
13492 272
14939 273
1941 274
293 275
190 276
5 277
703 278
11550 279
13840 280
14814 281
12522 282
886 283
14043 284
8530 285
10992 286
5083 287
9132 288
3908 289
10923 290
9336 291
11891 292
1533 293
7796 294
14232 295
113 296
12672 297
536 298
2830 299
6572 300
14382 301
11132 302
14999 303
5959 304
9043 305
13005 306
12631 307
7673 308
8284 309
10445 310
796 311
2512 312
6668 313
6702 314
5374 315
4711 316
10609 317
7259 318
14217 319
8551 320
982 321
15049 322
15178 323
9904 324
1155 325
10732 326
6532 327
11195 328
2077 329
5240 330
8996 331
4585 332
10252 333
7620 334
11926 335
13838 336
577 337
9346 338
7511 339
6170 340
11137 341
9563 342
12221 343
5277 344
11480 345
7358 346
7369 347
4076 348
3494 349
13451 350
2726 351
14274 352
9649 353
5236 354
2603 355
4162 356
8184 357
5185 358
13865 359
14194 360
4697 361
8372 362
4245 363
4603 364
3901 365
12312 366
13190 367
11675 368
3279 369
2099 370
14354 371
6834 372
326 373
10401 374
3250 375
9336 376
11347 377
1287 378
9921 379
10443 380
3893 381
11603 382
2533 383
15417 384
8994 385
10828 386
306 387
11981 388
15065 389
3257 390
2722 391
13901 392
6138 393
5834 394
2428 395
6035 396
6132 397
6948 398
15228 399
8503 400
15094 401
2059 402
993 403
5029 404
5973 405
13266 406
475 407
10814 408
13038 409
7612 410
2456 411
14533 412
4179 413
7296 414
4431 415
13409 416
8271 417
13678 418
1693 419
4202 420
13032 421
13654 422
4872 423
10441 424
14355 425
7019 426
4245 427
7095 428
4943 429
9861 430
7569 431
5025 432
14595 433
4735 434
11861 435
752 436
14833 437
1286 438
3059 439
10562 440
12046 441
11525 442
10958 443
917 444
10784 445
7078 446
5998 447
1511 448
13165 449
430 450
11491 451
8588 452
3393 453
12830 454
7152 455
14877 456
3972 457
7319 458
7180 459
1916 460
7383 461
15143 462
3586 463
11019 464
4847 465
7953 466
1899 467
15084 468
14076 469
1365 470
9428 471
1655 472
12757 473
1498 474
5810 475
9187 476
539 477
3740 478
2937 479
2064 480
5613 481
2201 482
1140 483
1342 484
8610 485
2136 486
14474 487
6302 488
1993 489
9080 490
11400 491
6076 492
3590 493
13120 494
231 495
1797 496
10976 497
9110 498
10767 499
11089 500
11218 501
7645 502
15001 503
4691 504
10067 505
11319 506
12741 507
11094 508
5740 509
13092 510
15419 511
11861 512
6397 513
12831 514
4043 515
7375 516
6071 517
3921 518
5399 519
4922 520
12182 521
14499 522
2251 523
7009 524
11143 525
8667 526
13251 527
10236 528
3027 529
1735 530
12703 531
12422 532
3718 533
6122 534
11070 535
3521 536
7511 537
13258 538
7634 539
11678 540
4491 541
10253 542
4061 543
13783 544
844 545
6189 546
3877 547
4918 548
5379 549
5877 550
2200 551
10752 552
10357 553
8798 554
9609 555
6215 556
2939 557
9470 558
11011 559
12014 560
13976 561
4043 562
9801 563
10068 564
4339 565
3830 566
12254 567
7483 568
4308 569
6940 570
971 571
4024 572
9648 573
1413 574
15432 575
10584 576
8882 577
6580 578
12919 579
15211 580
3398 581
13145 582
13821 583
15 584
4127 585
9970 586
5744 587
9452 588
3567 589
3585 590
10173 591
6287 592
3659 593
10905 594
1936 595
97 596
10265 597
3122 598
12210 599
15107 600
10400 601
3432 602
2057 603
4319 604
15393 605
11196 606
14540 607
7414 608
12169 609
3510 610
6507 611
5872 612
7413 613
1080 614
14663 615
1171 616
9877 617
12854 618
1666 619
1610 620
7029 621
11529 622
131 623
11008 624
2313 625
6037 626
14780 627
15361 628
6521 629
8982 630
9198 631
544 632
11713 633
11938 634
13381 635
10327 636
10349 637
1069 638
2954 639
3833 640
10007 641
7052 642
3893 643
9865 644
1678 645
2476 646
7989 647
5809 648
11861 649
898 650
6276 651
14299 652
5347 653
4204 654
1011 655
1526 656
12002 657
1702 658
4642 659
13043 660
14240 661
5151 662
7420 663
11710 664
6604 665
14297 666
3546 667
7482 668
1646 669
4135 670
5564 671
3031 672
886 673
10753 674
12285 675
6014 676
10366 677
5393 678
12816 679
4480 680
1962 681
4004 682
2583 683
11813 684
7252 685
939 686
5792 687
14233 688
11892 689
10961 690
3632 691
13156 692
13897 693
11120 694
5783 695
7093 696
2108 697
1792 698
13510 699
570 700
14241 701
9119 702
8970 703
771 704
15495 705
10809 706
8979 707
13656 708
9464 709
8772 710
13472 711
3134 712
11279 713
11990 714
2288 715
6333 716
1921 717
5822 718
14018 719
9506 720
4935 721
7665 722
14584 723
12929 724
832 725
12280 726
1901 727
4073 728
6338 729
4528 730
12742 731
3852 732
976 733
9625 734
7422 735
10314 736
6031 737
12411 738
12508 739
6151 740
1591 741
1553 742
12630 743
7058 744
4371 745
13002 746
7905 747
7809 748
11174 749
11636 750
13481 751
9429 752
5643 753
10028 754
15231 755
10626 756
13371 757
4189 758
14228 759
5664 760
976 761
4233 762
2279 763
6417 764
5480 765
3730 766
1094 767
6764 768
6725 769
1972 770
8224 771
13570 772
15041 773
6402 774
14589 775
8734 776
14117 777
2342 778
4225 779
5494 780
9778 781
5804 782
10989 783
5990 784
6961 785
9358 786
1608 787
8819 788
9399 789
4937 790
11076 791
9692 792
125 793
13827 794
6004 795
14570 796
3513 797
12921 798
4047 799
8012 800
2019 801
4865 802
14915 803
465 804
2503 805
9168 806
7838 807
10675 808
14060 809
668 810
2880 811
13258 812
11863 813
5709 814
13295 815
9026 816
14399 817
1891 818
2739 819
5969 820
14607 821
8656 822
9694 823
9782 824
10009 825
12227 826
4425 827
10998 828
12759 829
10423 830
4522 831
5902 832
3242 833
448 834
6809 835
15432 836
10508 837
479 838
548 839
7355 840
13330 841
11162 842
7997 843
6674 844
14620 845
14668 846
10402 847
5329 848
13545 849
4005 850
14038 851
6532 852
6215 853
7387 854
9541 855
11056 856
10876 857
5958 858
5275 859
14977 860
15321 861
14479 862
7537 863
4120 864
4312 865
3998 866
14774 867
15105 868
12744 869
14503 870
11483 871
4464 872
15165 873
12131 874
5201 875
12411 876
2485 877
7048 878
2314 879
5839 880
6631 881
541 882
1971 883
3310 884
6140 885
8935 886
6844 887
6047 888
13505 889
2082 890
7191 891
12707 892
1718 893
11100 894
9983 895
5892 896
9421 897
1601 898
12979 899
12554 900
1013 901
12720 902
3102 903
3763 904
11117 905
2884 906
8839 907
1212 908
14616 909
2432 910
10228 911
13874 912
5658 913
4306 914
8368 915
10331 916
8694 917
9706 918
15357 919
5445 920
7312 921
771 922
9449 923
13051 924
6732 925
1298 926
1417 927
3604 928
6158 929
12461 930
7803 931
14208 932
15434 933
14292 934
7373 935
11436 936
12164 937
13725 938
13955 939
5937 940
7817 941
7942 942
6831 943
2719 944
5215 945
10009 946
7942 947
5539 948
8310 949
4269 950
14574 951
12002 952
6577 953
7812 954
8246 955
4189 956
10492 957
223 958
7428 959
372 960
9649 961
7163 962
749 963
13185 964
10372 965
12325 966
4343 967
13490 968
14610 969
10786 970
8536 971
15440 972
6886 973
12064 974
9278 975
3918 976
3126 977
8700 978
14554 979
8925 980
1018 981
10427 982
5524 983
8833 984
10189 985
8856 986
9275 987
5397 988
9854 989
8590 990
9911 991
7920 992
6506 993
15233 994
4063 995
5048 996
8730 997
10437 998
11246 999
1012 1000
10288 1001
15355 1002
1380 1003
1540 1004
1326 1005
1211 1006
3463 1007
3907 1008
190 1009
11653 1010
9501 1011
14432 1012
5474 1013
3013 1014
208 1015
1784 1016
3650 1017
14933 1018
1324 1019
2335 1020
7785 1021
8647 1022
6608 1023
2450 1024
12961 1025
4258 1026
13720 1027
1998 1028
2685 1029
11080 1030
2762 1031
10201 1032
1285 1033
13666 1034
4465 1035
11406 1036
12688 1037
1800 1038
10960 1039
9444 1040
6820 1041
3373 1042
10772 1043
1363 1044
11786 1045
930 1046
13052 1047
4449 1048
1378 1049
5982 1050
648 1051
7694 1052
11992 1053
3660 1054
14953 1055
7236 1056
9563 1057
3029 1058
6918 1059
8728 1060
15349 1061
12565 1062
12577 1063
5156 1064
5291 1065
12926 1066
9050 1067
6608 1068
3347 1069
622 1070
10374 1071
13496 1072
5232 1073
6354 1074
10352 1075
2555 1076
11433 1077
11165 1078
1515 1079
5158 1080
4305 1081
14386 1082
13731 1083
13621 1084
950 1085
9996 1086
4914 1087
3845 1088
15375 1089
5993 1090
7669 1091
1362 1092
11169 1093
4584 1094
15238 1095
10738 1096
8140 1097
12002 1098
3959 1099
4969 1100
8586 1101
9405 1102
13642 1103
1502 1104
4014 1105
1506 1106
12903 1107
8372 1108
12835 1109
7397 1110
1423 1111
3683 1112
7074 1113
1012 1114
5281 1115
6447 1116
10911 1117
6235 1118
9982 1119
7551 1120
2791 1121
8302 1122
12777 1123
9652 1124
12283 1125
5036 1126
7149 1127
13193 1128
14735 1129
15265 1130
1611 1131
5580 1132
6245 1133
11965 1134
10760 1135
6764 1136
14270 1137
5156 1138
10450 1139
13228 1140
10229 1141
1151 1142
1396 1143
6700 1144
13241 1145
1715 1146
13344 1147
2502 1148
12086 1149
6626 1150
812 1151
144 1152
11767 1153
15485 1154
2381 1155
13595 1156
14536 1157
3323 1158
14067 1159
8382 1160
4201 1161
13716 1162
7094 1163
70 1164
14582 1165
3634 1166
9136 1167
11824 1168
6864 1169
6433 1170
2409 1171
9104 1172
3452 1173
4988 1174
8561 1175
4779 1176
8746 1177
4085 1178
12776 1179
12656 1180
8260 1181
5503 1182
909 1183
8733 1184
882 1185
7788 1186
10303 1187
10321 1188
11268 1189
14106 1190
11185 1191
14795 1192
2106 1193
12505 1194
12974 1195
13005 1196
7329 1197
12712 1198
10190 1199
6464 1200
3339 1201
11808 1202
8337 1203
11004 1204
6032 1205
1973 1206
1765 1207
8655 1208
15363 1209
4744 1210
13708 1211
2449 1212
7749 1213
10075 1214
14992 1215
8076 1216
3602 1217
6480 1218
7622 1219
731 1220
4484 1221
11830 1222
10473 1223
4084 1224
5967 1225
7917 1226
438 1227
1400 1228
12049 1229
11790 1230
8018 1231
14369 1232
5709 1233
12505 1234
10941 1235
4000 1236
9787 1237
1266 1238
13754 1239
10705 1240
13041 1241
3453 1242
11017 1243
7593 1244
9448 1245
7477 1246
3906 1247
13407 1248
465 1249
8072 1250
12973 1251
4453 1252
9178 1253
6429 1254
7535 1255
6479 1256
6461 1257
6035 1258
10582 1259
13484 1260
300 1261
9453 1262
6984 1263
14501 1264
1000 1265
8567 1266
8533 1267
12800 1268
14143 1269
7608 1270
14981 1271
7767 1272
15104 1273
848 1274
14484 1275
2392 1276
6881 1277
15461 1278
5891 1279
1548 1280
13049 1281
2791 1282
12847 1283
7567 1284
1937 1285
7227 1286
4875 1287
7390 1288
1864 1289
826 1290
7068 1291
7479 1292
2389 1293
6346 1294
1868 1295
809 1296
8106 1297
8346 1298
5819 1299
1487 1300
4827 1301
3646 1302
257 1303
13362 1304
8112 1305
3788 1306
9520 1307
11855 1308
5653 1309
20 1310
9835 1311
10037 1312
11991 1313
5669 1314
3987 1315
11244 1316
6542 1317
14430 1318
5410 1319
4010 1320
3090 1321
14313 1322
12060 1323
6250 1324
5866 1325
14287 1326
4917 1327
575 1328
12679 1329
8686 1330
9094 1331
15460 1332
7199 1333
6726 1334
14871 1335
11733 1336
5611 1337
11840 1338
11449 1339
14973 1340
5076 1341
1955 1342
1044 1343
1805 1344
5667 1345
8094 1346
6145 1347
1917 1348
2549 1349
3141 1350
2677 1351
3955 1352
7769 1353
13544 1354
10737 1355
5711 1356
15261 1357
10010 1358
14268 1359
14587 1360
4948 1361
14447 1362
11909 1363
4082 1364
11513 1365
10044 1366
8048 1367
1120 1368
7074 1369
3185 1370
797 1371
3161 1372
4120 1373
12007 1374
4510 1375
727 1376
1947 1377
10699 1378
4555 1379
14112 1380
3348 1381
7970 1382
14307 1383
360 1384
1248 1385
2999 1386
6140 1387
3711 1388
10369 1389
3748 1390
13632 1391
15193 1392
6326 1393
9242 1394
1210 1395
8753 1396
11747 1397
72 1398
4619 1399
2145 1400
11975 1401
13013 1402
11734 1403
7544 1404
3658 1405
8710 1406
8836 1407
8664 1408
10090 1409
4224 1410
15326 1411
76 1412
1470 1413
1467 1414
9874 1415
5407 1416
4860 1417
10612 1418
4511 1419
14542 1420
9427 1421
4228 1422
11065 1423
14429 1424
14872 1425
11666 1426
1873 1427
10239 1428
10011 1429
13965 1430
11407 1431
1661 1432
893 1433
6469 1434
6875 1435
1613 1436
3076 1437
13808 1438
11494 1439
4665 1440
14872 1441
5561 1442
9336 1443
2051 1444
187 1445
2186 1446
12348 1447
1478 1448
9994 1449
12452 1450
781 1451
14234 1452
14783 1453
6408 1454
9828 1455
662 1456
15095 1457
2769 1458
3223 1459
1570 1460
4330 1461
13251 1462
3664 1463
554 1464
7078 1465
15071 1466
11906 1467
15236 1468
199 1469
5855 1470
5361 1471
10646 1472
3668 1473
13217 1474
1065 1475
13622 1476
5516 1477
10083 1478
4246 1479
10713 1480
4839 1481
1218 1482
6944 1483
13845 1484
13144 1485
5478 1486
13946 1487
11681 1488
11854 1489
5409 1490
5680 1491
3870 1492
13345 1493
764 1494
4371 1495
7989 1496
5789 1497
11790 1498
7470 1499
9999 1500
971 1501
11287 1502
2998 1503
9069 1504
5394 1505
6299 1506
9229 1507
15244 1508
5675 1509
12132 1510
725 1511
14752 1512
7671 1513
6666 1514
12785 1515
5171 1516
2723 1517
12248 1518
5741 1519
11659 1520
9241 1521
14655 1522
3017 1523
12361 1524
14276 1525
9751 1526
12611 1527
9530 1528
6105 1529
10223 1530
1294 1531
12315 1532
14590 1533
6005 1534
11657 1535
9700 1536
1729 1537
7935 1538
9836 1539
5809 1540
4918 1541
3432 1542
6001 1543
3733 1544
10846 1545
1899 1546
4319 1547
9893 1548
13543 1549
