1150 600
9638 0
2256 1
8902 2
4831 3
7436 4
2126 5
7847 6
4685 7
8699 8
3748 9
10902 10
9498 11
7326 12
7684 13
6739 14
6170 15
7714 16
2411 17
4562 18
4657 19
10004 20
7778 21
8408 22
9125 23
5527 24
10245 25
10767 26
836 27
9880 28
7003 29
6119 30
7135 31
260 32
4644 33
7340 34
7746 35
3858 36
3845 37
8150 38
1827 39
2471 40
656 41
8699 42
1772 43
9830 44
10790 45
2744 46
7183 47
9290 48
11001 49
249 50
1219 51
6240 52
6507 53
139 54
9577 55
4971 56
9227 57
1640 58
5361 59
2743 60
9611 61
3387 62
10128 63
1507 64
3951 65
734 66
3277 67
1003 68
9352 69
9296 70
2592 71
604 72
1896 73
2686 74
11404 75
8612 76
9761 77
7436 78
5256 79
9660 80
8366 81
2973 82
1594 83
1031 84
8785 85
735 86
1230 87
6746 88
4272 89
5345 90
3141 91
9133 92
8834 93
8378 94
5099 95
3424 96
9163 97
2244 98
6588 99
6232 100
6182 101
6113 102
2730 103
6101 104
7784 105
2058 106
7223 107
6743 108
8313 109
9982 110
4488 111
5555 112
3727 113
1398 114
4615 115
8720 116
5777 117
9821 118
1493 119
2321 120
3941 121
4013 122
9751 123
8921 124
9346 125
5439 126
4769 127
10010 128
9480 129
8351 130
663 131
10388 132
415 133
4130 134
8259 135
9709 136
122 137
10642 138
9860 139
4899 140
5338 141
357 142
1176 143
4724 144
2647 145
3410 146
4759 147
1359 148
7691 149
6735 150
945 151
3698 152
541 153
5156 154
2855 155
10994 156
9147 157
807 158
7725 159
5786 160
11246 161
1044 162
4745 163
1338 164
1184 165
9166 166
5220 167
3186 168
5408 169
5716 170
3810 171
7161 172
7216 173
10032 174
4986 175
6757 176
5328 177
2151 178
693 179
401 180
1269 181
6177 182
1589 183
6038 184
336 185
6561 186
2050 187
6200 188
1480 189
4552 190
10034 191
9865 192
10986 193
7935 194
2061 195
9139 196
3567 197
3521 198
4065 199
10425 200
7429 201
4852 202
4831 203
7553 204
6832 205
11205 206
10480 207
710 208
8362 209
3325 210
5074 211
8337 212
11266 213
4565 214
5400 215
3435 216
4644 217
2812 218
1757 219
8186 220
7961 221
9244 222
322 223
8572 224
6182 225
10592 226
1385 227
243 228
9162 229
7743 230
2357 231
4567 232
1922 233
2268 234
1880 235
515 236
4074 237
9251 238
10926 239
10382 240
5615 241
1673 242
1544 243
10 244
11360 245
3475 246
7132 247
11058 248
5499 249
5670 250
8120 251
367 252
5691 253
9095 254
1372 255
4809 256
4373 257
1603 258
2412 259
1603 260
5114 261
10645 262
11185 263
4257 264
11173 265
3841 266
9560 267
9072 268
10448 269
7628 270
11096 271
3450 272
2957 273
9419 274
6376 275
10032 276
7128 277
2808 278
9058 279
2265 280
8762 281
9221 282
4456 283
6217 284
1116 285
11168 286
8534 287
5241 288
4773 289
9770 290
9383 291
4246 292
9359 293
1807 294
5757 295
3384 296
623 297
10420 298
10858 299
6467 300
2567 301
3341 302
8497 303
498 304
9600 305
828 306
11249 307
3038 308
9227 309
9954 310
2984 311
7323 312
10024 313
2496 314
8960 315
4301 316
8429 317
6062 318
5870 319
11140 320
8324 321
1244 322
6928 323
3313 324
1447 325
8154 326
5977 327
8311 328
4304 329
5953 330
10442 331
2192 332
5383 333
10889 334
6380 335
700 336
8099 337
10131 338
5162 339
610 340
1242 341
3927 342
4075 343
5167 344
6756 345
7863 346
10546 347
10964 348
3245 349
8987 350
6636 351
8338 352
6980 353
3062 354
7267 355
1437 356
6261 357
1096 358
5420 359
9152 360
2093 361
6270 362
1189 363
5762 364
7784 365
789 366
192 367
6676 368
4362 369
10530 370
10562 371
9933 372
4982 373
8662 374
6841 375
7920 376
7888 377
2077 378
4077 379
8927 380
1539 381
1233 382
325 383
1098 384
6088 385
5174 386
8152 387
10818 388
6810 389
1573 390
8231 391
1713 392
10985 393
6059 394
5698 395
1952 396
2428 397
11424 398
8687 399
5857 400
11378 401
2926 402
3471 403
7615 404
5036 405
10185 406
5301 407
6844 408
8344 409
3031 410
4672 411
11028 412
9507 413
6597 414
4578 415
8355 416
5165 417
9845 418
6235 419
4802 420
4765 421
10059 422
4761 423
11000 424
11004 425
2576 426
6272 427
3061 428
8377 429
4154 430
8496 431
5529 432
5786 433
2346 434
6637 435
5545 436
9365 437
2283 438
2256 439
5630 440
6514 441
5067 442
1733 443
3576 444
7284 445
8278 446
8113 447
1375 448
4400 449
1410 450
1997 451
3718 452
9412 453
10495 454
5707 455
4148 456
8895 457
2678 458
1604 459
5622 460
2984 461
7439 462
5951 463
5871 464
10676 465
2953 466
8887 467
8144 468
4112 469
3500 470
7535 471
10039 472
900 473
558 474
2929 475
11310 476
11078 477
8890 478
5140 479
5872 480
6939 481
11375 482
2249 483
2679 484
3636 485
2774 486
6225 487
9516 488
11019 489
4328 490
883 491
1722 492
10928 493
9298 494
2977 495
8756 496
1300 497
7490 498
3861 499
5608 500
8835 501
558 502
3155 503
521 504
7893 505
8488 506
1242 507
5182 508
7323 509
4550 510
10980 511
1058 512
9960 513
6712 514
4171 515
5154 516
8437 517
9214 518
6899 519
1910 520
1019 521
10045 522
381 523
2511 524
9652 525
843 526
6750 527
321 528
1873 529
5325 530
1910 531
3243 532
7828 533
10846 534
8155 535
2232 536
8082 537
10211 538
9304 539
5722 540
6898 541
560 542
3225 543
526 544
10194 545
382 546
4000 547
6738 548
3920 549
7067 550
3134 551
4538 552
4519 553
4895 554
1474 555
7620 556
10671 557
8927 558
2243 559
1966 560
6141 561
975 562
8922 563
3673 564
1040 565
7062 566
518 567
10662 568
5807 569
4226 570
8681 571
7008 572
6115 573
1611 574
3501 575
9603 576
2917 577
8958 578
5520 579
8911 580
8319 581
5326 582
2343 583
2803 584
4614 585
4690 586
8877 587
878 588
11451 589
6478 590
5769 591
5664 592
496 593
9580 594
9492 595
7218 596
10159 597
2023 598
5270 599
6621 600
9812 601
2729 602
3490 603
6181 604
9894 605
6394 606
477 607
9665 608
6899 609
2980 610
9049 611
10474 612
4961 613
739 614
6795 615
10589 616
6884 617
1384 618
8809 619
5060 620
4294 621
6945 622
10737 623
1682 624
2975 625
8049 626
7318 627
4445 628
2522 629
4963 630
268 631
665 632
7805 633
1585 634
6501 635
6154 636
2244 637
9637 638
5350 639
1946 640
4916 641
1028 642
5832 643
5977 644
4118 645
1326 646
8149 647
7211 648
8586 649
11082 650
10048 651
2220 652
4366 653
6196 654
1519 655
10677 656
2500 657
7158 658
7753 659
10953 660
5856 661
7341 662
10333 663
5290 664
7049 665
930 666
8564 667
8962 668
6418 669
4898 670
8372 671
3898 672
2229 673
284 674
2760 675
1835 676
10500 677
7989 678
11043 679
9215 680
9865 681
11166 682
11311 683
1643 684
3767 685
7883 686
3382 687
6627 688
8906 689
928 690
10714 691
2033 692
1883 693
7404 694
399 695
7650 696
11210 697
67 698
10159 699
2353 700
3968 701
4899 702
5923 703
10376 704
2947 705
6834 706
5124 707
3397 708
10368 709
580 710
9588 711
430 712
10832 713
1558 714
10935 715
3422 716
1437 717
9289 718
3301 719
8550 720
8412 721
5320 722
2954 723
9686 724
11109 725
7058 726
9760 727
820 728
9023 729
9411 730
3140 731
11222 732
2615 733
1937 734
9237 735
11425 736
6455 737
2648 738
2625 739
3290 740
6151 741
7795 742
6146 743
1673 744
5109 745
9184 746
941 747
4977 748
7057 749
3409 750
6269 751
3748 752
6938 753
1189 754
9284 755
10930 756
4494 757
5639 758
2061 759
4327 760
4884 761
8904 762
3346 763
9381 764
8558 765
9472 766
10193 767
5431 768
2304 769
1646 770
2817 771
7283 772
10156 773
6490 774
9216 775
9530 776
6316 777
8748 778
9211 779
1210 780
5055 781
2085 782
9667 783
5454 784
4360 785
5406 786
8810 787
88 788
8738 789
9120 790
2238 791
10549 792
8176 793
5996 794
4236 795
6125 796
2157 797
6423 798
1342 799
679 800
3034 801
10862 802
1909 803
7316 804
7138 805
894 806
11231 807
6924 808
4033 809
2716 810
6931 811
2120 812
4397 813
9345 814
3910 815
4630 816
4852 817
1319 818
10433 819
2433 820
315 821
2399 822
100 823
6374 824
2319 825
9886 826
7723 827
4904 828
7033 829
2719 830
7506 831
2554 832
994 833
9875 834
9033 835
1027 836
9118 837
2600 838
10270 839
5926 840
4127 841
2544 842
1245 843
3396 844
10853 845
2347 846
6516 847
11455 848
4601 849
7454 850
8040 851
6048 852
1030 853
1243 854
10547 855
10958 856
11152 857
8306 858
8638 859
11428 860
4291 861
10337 862
8160 863
11314 864
636 865
1673 866
585 867
1086 868
5140 869
10020 870
10884 871
11429 872
4435 873
9911 874
5004 875
10187 876
5506 877
9950 878
8959 879
9204 880
11417 881
2063 882
6161 883
3363 884
692 885
2697 886
10508 887
10812 888
5565 889
11427 890
7840 891
1555 892
4099 893
6383 894
3657 895
3685 896
6166 897
5315 898
3644 899
9403 900
8419 901
5311 902
2345 903
11163 904
194 905
6956 906
370 907
3467 908
1633 909
10726 910
781 911
5537 912
10335 913
346 914
3542 915
5458 916
948 917
5942 918
8436 919
6070 920
10004 921
2932 922
4711 923
9927 924
10937 925
8471 926
10900 927
6116 928
5294 929
6531 930
9636 931
806 932
2732 933
4085 934
852 935
10829 936
6913 937
1529 938
6046 939
3034 940
6232 941
3852 942
9110 943
8680 944
3200 945
1913 946
4997 947
3141 948
8391 949
8051 950
10755 951
423 952
756 953
7132 954
6293 955
6847 956
9687 957
9226 958
81 959
2577 960
10773 961
4393 962
5551 963
898 964
1641 965
1651 966
8259 967
9938 968
1562 969
4717 970
2885 971
7656 972
3181 973
10757 974
9533 975
7447 976
2666 977
1773 978
10043 979
2878 980
8985 981
10114 982
1024 983
7438 984
6859 985
10819 986
791 987
2389 988
10654 989
9918 990
11499 991
5912 992
6759 993
7986 994
9238 995
3311 996
3945 997
8016 998
6534 999
5076 1000
9584 1001
3300 1002
549 1003
7895 1004
6970 1005
4267 1006
9959 1007
7861 1008
1341 1009
6713 1010
10125 1011
6682 1012
9668 1013
6191 1014
126 1015
9481 1016
5118 1017
6171 1018
1190 1019
10662 1020
9495 1021
1550 1022
6224 1023
4170 1024
7806 1025
2611 1026
1770 1027
7928 1028
5386 1029
9979 1030
4571 1031
3871 1032
8429 1033
684 1034
1717 1035
9483 1036
1940 1037
8143 1038
10269 1039
8236 1040
2652 1041
8408 1042
63 1043
737 1044
5559 1045
5762 1046
10983 1047
6692 1048
5304 1049
10821 1050
3711 1051
1362 1052
6938 1053
1840 1054
674 1055
8449 1056
6421 1057
9063 1058
9549 1059
11251 1060
6718 1061
6525 1062
6841 1063
6920 1064
2520 1065
7843 1066
9129 1067
3154 1068
865 1069
1313 1070
10936 1071
3158 1072
1641 1073
1656 1074
6896 1075
54 1076
2402 1077
558 1078
8437 1079
7403 1080
5725 1081
10151 1082
8506 1083
11300 1084
5514 1085
11156 1086
11423 1087
11494 1088
9986 1089
36 1090
2360 1091
3817 1092
6323 1093
4586 1094
6643 1095
4386 1096
4430 1097
3983 1098
3721 1099
10949 1100
8602 1101
7338 1102
2601 1103
6999 1104
4851 1105
6743 1106
3668 1107
8235 1108
8760 1109
4153 1110
8500 1111
2458 1112
1595 1113
7041 1114
10526 1115
9800 1116
7876 1117
8822 1118
4346 1119
6050 1120
3388 1121
5219 1122
9129 1123
9337 1124
1891 1125
10394 1126
9207 1127
9370 1128
1792 1129
2803 1130
7480 1131
8041 1132
7909 1133
3422 1134
4221 1135
10184 1136
9308 1137
665 1138
9484 1139
7741 1140
717 1141
10500 1142
3840 1143
3416 1144
11019 1145
4225 1146
6887 1147
7804 1148
1254 1149
