1550 1050
13310 0
269 1
7432 2
6295 3
10370 4
4155 5
4894 6
10881 7
6010 8
2820 9
12951 10
177 11
4965 12
6220 13
3485 14
153 15
14004 16
8413 17
11008 18
2797 19
4358 20
12143 21
12239 22
15424 23
13259 24
1106 25
3311 26
1015 27
4563 28
14653 29
3970 30
4996 31
11039 32
2590 33
13087 34
12242 35
14212 36
6036 37
13330 38
14424 39
8536 40
8773 41
9363 42
11086 43
6651 44
6791 45
6613 46
1486 47
9876 48
13865 49
13181 50
3274 51
11403 52
11217 53
10828 54
4830 55
14927 56
7819 57
13471 58
11699 59
14876 60
7932 61
8864 62
1639 63
13011 64
12556 65
796 66
4865 67
13901 68
7676 69
6793 70
4447 71
11797 72
11078 73
13166 74
13323 75
12532 76
11302 77
10756 78
12958 79
521 80
4419 81
8782 82
1169 83
14786 84
13632 85
10814 86
13431 87
3151 88
13947 89
1810 90
9911 91
566 92
14890 93
4097 94
4738 95
6635 96
12367 97
3045 98
5025 99
3448 100
4973 101
7902 102
537 103
2069 104
12329 105
12091 106
14493 107
9025 108
7061 109
9584 110
3710 111
5904 112
12730 113
10151 114
12640 115
10360 116
6175 117
10085 118
12469 119
7411 120
4260 121
13506 122
11537 123
12913 124
9679 125
7826 126
14992 127
9612 128
1251 129
5955 130
2669 131
1593 132
9054 133
1661 134
12980 135
14846 136
10602 137
6040 138
12744 139
12655 140
7157 141
13813 142
12441 143
9698 144
9379 145
8807 146
3260 147
1479 148
3302 149
11908 150
7797 151
6365 152
10982 153
13840 154
14057 155
5999 156
226 157
7393 158
12697 159
9220 160
8073 161
10670 162
6092 163
11722 164
8700 165
10064 166
3460 167
10587 168
7507 169
7553 170
2237 171
15434 172
4942 173
15391 174
8778 175
11910 176
482 177
2750 178
14937 179
3855 180
12290 181
946 182
1821 183
4273 184
8225 185
703 186
3398 187
11115 188
11714 189
6505 190
7295 191
8769 192
13280 193
10608 194
2172 195
6277 196
8202 197
6870 198
14196 199
9564 200
11233 201
10032 202
15240 203
1397 204
177 205
12775 206
3777 207
2274 208
13028 209
6789 210
4858 211
11203 212
11103 213
8721 214
6186 215
212 216
2686 217
2375 218
5641 219
6022 220
4988 221
12955 222
10683 223
6508 224
5637 225
14974 226
12075 227
9542 228
8278 229
649 230
7479 231
6472 232
15339 233
10472 234
2684 235
4721 236
1557 237
480 238
2023 239
9042 240
7632 241
12535 242
3383 243
6674 244
6874 245
11708 246
5808 247
5290 248
9857 249
10368 250
12593 251
6326 252
11385 253
738 254
10738 255
7349 256
8573 257
2011 258
1849 259
6729 260
7199 261
5731 262
10132 263
42 264
2342 265
6116 266
15400 267
5070 268
15269 269
9402 270
5970 271
12810 272
4249 273
10744 274
10351 275
793 276
15210 277
918 278
10403 279
8018 280
12097 281
9611 282
2150 283
9824 284
9113 285
13894 286
2031 287
14650 288
3477 289
2916 290
10759 291
13092 292
3818 293
4350 294
13981 295
14025 296
8646 297
620 298
12252 299
8280 300
12178 301
11328 302
15063 303
4892 304
8871 305
13811 306
8437 307
13385 308
654 309
9459 310
15225 311
5365 312
2295 313
12579 314
5271 315
10612 316
389 317
12464 318
8820 319
3060 320
6584 321
12797 322
12580 323
7621 324
10302 325
6456 326
6933 327
10041 328
870 329
5078 330
15327 331
8884 332
15384 333
9402 334
12891 335
14709 336
7477 337
2502 338
9820 339
1799 340
261 341
7664 342
4781 343
12851 344
13337 345
8468 346
7462 347
280 348
12559 349
2900 350
181 351
5624 352
2960 353
13555 354
1506 355
15021 356
3124 357
11378 358
8400 359
6888 360
10163 361
10353 362
12685 363
4223 364
9546 365
1474 366
13766 367
109 368
9599 369
5897 370
24 371
5658 372
13649 373
4677 374
12780 375
11737 376
10809 377
2165 378
10492 379
11977 380
5880 381
11102 382
2696 383
10858 384
10271 385
6856 386
4015 387
1422 388
4067 389
2039 390
11185 391
11599 392
3841 393
7547 394
5853 395
3282 396
10563 397
7633 398
14921 399
10698 400
794 401
9695 402
6790 403
12281 404
9840 405
13607 406
1705 407
7334 408
3767 409
12549 410
14977 411
4681 412
12144 413
3476 414
13059 415
2863 416
3887 417
15040 418
14279 419
15037 420
15306 421
13902 422
1294 423
2713 424
3767 425
14037 426
8584 427
3781 428
5463 429
10960 430
14674 431
5384 432
3194 433
12329 434
2154 435
4554 436
13997 437
7552 438
359 439
920 440
13845 441
6306 442
13312 443
14220 444
9078 445
6259 446
4190 447
8375 448
9478 449
726 450
14809 451
11058 452
9590 453
13926 454
748 455
7887 456
10394 457
6100 458
4978 459
1324 460
7871 461
2309 462
11987 463
4053 464
15008 465
10413 466
7569 467
11214 468
3054 469
14985 470
9520 471
152 472
14629 473
13015 474
2016 475
9592 476
11368 477
13326 478
9903 479
11698 480
4642 481
7085 482
10047 483
107 484
8371 485
15011 486
13014 487
2714 488
496 489
5873 490
7840 491
7403 492
9336 493
12232 494
10648 495
6422 496
10880 497
4246 498
12675 499
11752 500
4939 501
9191 502
3750 503
1818 504
575 505
3708 506
7276 507
6774 508
15131 509
5586 510
114 511
6518 512
2594 513
5683 514
14571 515
6566 516
13400 517
11708 518
15202 519
15032 520
4228 521
8857 522
11580 523
4495 524
2165 525
8244 526
8928 527
14471 528
1905 529
10236 530
10907 531
11900 532
2224 533
13827 534
5435 535
12164 536
908 537
14552 538
8754 539
705 540
2003 541
8875 542
14096 543
11814 544
4956 545
7188 546
9175 547
661 548
1602 549
3937 550
2410 551
12978 552
13641 553
14255 554
11097 555
6866 556
13765 557
14237 558
1131 559
14357 560
11892 561
1098 562
8110 563
8931 564
7751 565
2052 566
14637 567
14615 568
5387 569
2632 570
4417 571
4608 572
4310 573
15307 574
10728 575
8526 576
14968 577
7356 578
7322 579
896 580
14648 581
13432 582
3105 583
3482 584
7631 585
12309 586
398 587
13158 588
975 589
9901 590
10027 591
5519 592
14639 593
498 594
14728 595
5382 596
7586 597
6180 598
13539 599
11175 600
8551 601
9459 602
3788 603
2224 604
11450 605
4195 606
14461 607
13274 608
14750 609
12809 610
11022 611
13905 612
15229 613
10448 614
2184 615
11149 616
14638 617
508 618
11862 619
12249 620
794 621
13365 622
281 623
747 624
1813 625
1930 626
4772 627
1838 628
12422 629
10682 630
7311 631
4862 632
8092 633
1922 634
4217 635
787 636
14117 637
9445 638
14950 639
148 640
3773 641
9232 642
1858 643
6619 644
1249 645
13709 646
376 647
1608 648
620 649
1831 650
1446 651
13069 652
2840 653
15239 654
478 655
6756 656
2494 657
2938 658
12883 659
9484 660
1873 661
4639 662
6550 663
913 664
13407 665
8467 666
3863 667
10086 668
3910 669
8287 670
8646 671
7896 672
7344 673
2795 674
4937 675
13534 676
10484 677
3457 678
13917 679
8495 680
8800 681
4466 682
12367 683
7455 684
3958 685
12687 686
2163 687
15282 688
5714 689
12197 690
11810 691
15020 692
6642 693
1889 694
12114 695
2136 696
9792 697
8878 698
9241 699
15078 700
5324 701
12039 702
13254 703
9603 704
12638 705
3515 706
2419 707
4084 708
2515 709
7545 710
5495 711
12185 712
5565 713
855 714
3260 715
14482 716
2137 717
7739 718
482 719
7436 720
5323 721
9704 722
10645 723
9900 724
1882 725
11774 726
5624 727
641 728
11201 729
2644 730
4820 731
13938 732
13248 733
8262 734
9348 735
15442 736
13155 737
15362 738
3838 739
13136 740
13683 741
9347 742
1724 743
7247 744
8910 745
3750 746
15146 747
5251 748
270 749
11185 750
10065 751
10289 752
10175 753
13105 754
5019 755
2405 756
5803 757
11194 758
5934 759
858 760
1736 761
12156 762
6189 763
2717 764
6427 765
2437 766
978 767
8762 768
3049 769
15438 770
6508 771
11139 772
5086 773
9484 774
3345 775
14910 776
8639 777
6246 778
8544 779
7182 780
3095 781
5461 782
7026 783
1996 784
5151 785
2743 786
14997 787
7475 788
11221 789
12483 790
11029 791
11782 792
9732 793
1733 794
12859 795
2889 796
11332 797
11284 798
13547 799
13922 800
13739 801
6918 802
9684 803
11889 804
1583 805
451 806
4133 807
15264 808
10990 809
15036 810
9779 811
14155 812
3259 813
2413 814
2964 815
3765 816
3928 817
1768 818
13259 819
6076 820
7273 821
13848 822
9411 823
10233 824
11424 825
3228 826
15494 827
13053 828
12555 829
12452 830
302 831
14424 832
12542 833
107 834
5003 835
13486 836
7727 837
7170 838
10443 839
4475 840
12446 841
2295 842
11348 843
2488 844
11895 845
6289 846
6082 847
13554 848
2009 849
15185 850
2785 851
13466 852
1924 853
9786 854
11670 855
9388 856
4052 857
312 858
10563 859
4505 860
14844 861
3540 862
12094 863
2214 864
12167 865
14232 866
14716 867
12740 868
579 869
1319 870
14830 871
5242 872
8244 873
11246 874
460 875
1598 876
13283 877
10457 878
12861 879
3574 880
1438 881
7563 882
12314 883
5018 884
1495 885
4018 886
14910 887
6176 888
9617 889
13954 890
3217 891
8978 892
6930 893
6696 894
8049 895
3646 896
8868 897
10681 898
8916 899
12097 900
10052 901
6504 902
11528 903
13317 904
2373 905
9169 906
5913 907
10116 908
10956 909
10860 910
9561 911
12624 912
10935 913
2350 914
9989 915
14363 916
9460 917
876 918
6587 919
5931 920
7894 921
332 922
597 923
14170 924
10186 925
9279 926
11349 927
10210 928
8548 929
5448 930
15119 931
10958 932
11419 933
2299 934
11787 935
108 936
9773 937
4848 938
9722 939
5817 940
9178 941
3233 942
13166 943
10966 944
4131 945
14006 946
9714 947
9750 948
11022 949
5708 950
6034 951
13133 952
5072 953
5204 954
7514 955
3552 956
6561 957
2840 958
6880 959
11193 960
11574 961
3331 962
4712 963
2995 964
10681 965
9673 966
2533 967
4987 968
7361 969
8260 970
13690 971
6214 972
1718 973
13010 974
10848 975
5848 976
3583 977
15246 978
2931 979
6822 980
13976 981
8273 982
11973 983
3349 984
3312 985
4341 986
6346 987
9601 988
7000 989
5807 990
8348 991
13876 992
9879 993
787 994
2245 995
11308 996
6303 997
14104 998
15103 999
6495 1000
3302 1001
6321 1002
2473 1003
14788 1004
11340 1005
7933 1006
11174 1007
12149 1008
13978 1009
1576 1010
727 1011
14666 1012
14185 1013
10321 1014
3249 1015
5217 1016
13641 1017
3978 1018
4448 1019
8226 1020
6986 1021
5159 1022
4517 1023
4229 1024
13747 1025
5910 1026
5645 1027
14005 1028
13427 1029
13315 1030
14493 1031
10209 1032
7620 1033
8277 1034
6476 1035
6061 1036
7917 1037
7068 1038
10382 1039
13264 1040
9005 1041
7914 1042
7680 1043
11105 1044
6911 1045
8933 1046
12345 1047
1547 1048
2724 1049
10855 1050
5039 1051
5056 1052
1159 1053
10865 1054
253 1055
10698 1056
10141 1057
11572 1058
7409 1059
9162 1060
3118 1061
7487 1062
940 1063
636 1064
13289 1065
9410 1066
13705 1067
10987 1068
14214 1069
1436 1070
7139 1071
11659 1072
546 1073
3944 1074
8722 1075
9354 1076
4665 1077
11890 1078
2984 1079
15341 1080
665 1081
13545 1082
9556 1083
7103 1084
8075 1085
14341 1086
9837 1087
12043 1088
9758 1089
10971 1090
9650 1091
8924 1092
5715 1093
131 1094
15079 1095
1349 1096
6620 1097
7147 1098
225 1099
370 1100
2884 1101
4611 1102
12106 1103
13347 1104
9321 1105
13930 1106
7354 1107
9932 1108
6322 1109
11761 1110
3256 1111
7566 1112
13462 1113
12860 1114
11704 1115
11958 1116
574 1117
7962 1118
10564 1119
1740 1120
6721 1121
9112 1122
10752 1123
11400 1124
12141 1125
109 1126
14136 1127
9115 1128
2273 1129
12947 1130
9878 1131
8025 1132
10035 1133
12451 1134
10597 1135
1466 1136
11624 1137
13465 1138
2996 1139
10182 1140
6665 1141
4238 1142
5530 1143
2908 1144
9771 1145
2588 1146
2172 1147
15193 1148
8604 1149
276 1150
6074 1151
4829 1152
11287 1153
1026 1154
7682 1155
2886 1156
5122 1157
2181 1158
10661 1159
11562 1160
2126 1161
8703 1162
15318 1163
945 1164
3592 1165
296 1166
10926 1167
9856 1168
10096 1169
8538 1170
1204 1171
3704 1172
4154 1173
13665 1174
11875 1175
14530 1176
14745 1177
12569 1178
51 1179
1846 1180
9591 1181
9445 1182
3989 1183
746 1184
7927 1185
10986 1186
10777 1187
4611 1188
1942 1189
6629 1190
11402 1191
49 1192
4132 1193
1936 1194
13340 1195
14472 1196
12692 1197
14630 1198
12508 1199
4963 1200
7849 1201
291 1202
4794 1203
12549 1204
12204 1205
14115 1206
2114 1207
5737 1208
3956 1209
10767 1210
9623 1211
282 1212
9286 1213
14956 1214
2611 1215
10829 1216
9117 1217
10587 1218
1878 1219
6815 1220
9707 1221
11942 1222
2521 1223
5341 1224
15092 1225
3293 1226
9046 1227
2795 1228
7844 1229
3217 1230
562 1231
4402 1232
13090 1233
9981 1234
12519 1235
13571 1236
712 1237
2872 1238
13042 1239
14328 1240
8211 1241
13616 1242
7797 1243
12139 1244
9411 1245
13852 1246
3546 1247
2118 1248
1416 1249
10893 1250
3232 1251
3319 1252
9802 1253
11589 1254
5170 1255
3768 1256
13497 1257
3353 1258
3076 1259
10199 1260
10014 1261
9237 1262
2966 1263
2528 1264
2650 1265
10235 1266
15407 1267
3300 1268
4028 1269
13338 1270
2442 1271
4184 1272
8130 1273
14399 1274
13538 1275
8053 1276
1780 1277
10225 1278
2717 1279
14578 1280
6481 1281
6683 1282
2811 1283
14479 1284
9527 1285
15079 1286
9632 1287
11513 1288
8004 1289
6547 1290
6727 1291
4166 1292
15235 1293
4300 1294
10186 1295
4103 1296
7952 1297
885 1298
11309 1299
7229 1300
4320 1301
3845 1302
11737 1303
656 1304
4093 1305
10057 1306
5005 1307
13828 1308
849 1309
3780 1310
12199 1311
10026 1312
3058 1313
9906 1314
5260 1315
10516 1316
13384 1317
12098 1318
11863 1319
872 1320
12153 1321
1382 1322
1353 1323
1343 1324
10353 1325
4623 1326
12019 1327
2319 1328
2808 1329
4249 1330
8268 1331
611 1332
10714 1333
11148 1334
10849 1335
12370 1336
14104 1337
2825 1338
9904 1339
10802 1340
105 1341
15417 1342
6312 1343
1717 1344
974 1345
8412 1346
11681 1347
2237 1348
13134 1349
1752 1350
3578 1351
6978 1352
2429 1353
7608 1354
8769 1355
3385 1356
10671 1357
11981 1358
11422 1359
3168 1360
11917 1361
8045 1362
12795 1363
11368 1364
12145 1365
10191 1366
1636 1367
4817 1368
7583 1369
503 1370
10238 1371
4518 1372
5322 1373
5491 1374
10192 1375
13242 1376
11320 1377
8259 1378
7553 1379
12719 1380
12568 1381
7153 1382
10004 1383
3782 1384
10335 1385
10120 1386
8347 1387
12452 1388
5992 1389
1780 1390
12600 1391
9764 1392
5007 1393
10239 1394
2887 1395
9861 1396
5167 1397
12182 1398
630 1399
2208 1400
11276 1401
8568 1402
1313 1403
3931 1404
3817 1405
12883 1406
6891 1407
2009 1408
12191 1409
7209 1410
13205 1411
12241 1412
12698 1413
13216 1414
10504 1415
8049 1416
647 1417
15431 1418
7650 1419
14603 1420
2462 1421
8247 1422
8206 1423
6048 1424
13018 1425
1661 1426
9231 1427
3990 1428
5639 1429
9370 1430
10515 1431
14192 1432
14652 1433
2643 1434
3462 1435
3776 1436
6728 1437
9325 1438
7068 1439
7417 1440
9058 1441
9566 1442
5214 1443
5196 1444
4093 1445
8354 1446
4911 1447
10087 1448
670 1449
4831 1450
1757 1451
5058 1452
8184 1453
7474 1454
13049 1455
12618 1456
3610 1457
8758 1458
7484 1459
8574 1460
2197 1461
10311 1462
13686 1463
9676 1464
6350 1465
4536 1466
10666 1467
13838 1468
1423 1469
7626 1470
10131 1471
15410 1472
5 1473
9511 1474
11731 1475
9721 1476
9685 1477
1844 1478
1014 1479
2644 1480
5997 1481
3218 1482
2799 1483
5098 1484
10509 1485
13515 1486
12531 1487
7921 1488
1656 1489
15011 1490
10186 1491
15487 1492
6476 1493
9732 1494
571 1495
5987 1496
15429 1497
11122 1498
12884 1499
11410 1500
4277 1501
15101 1502
14953 1503
10530 1504
1531 1505
5098 1506
3060 1507
3753 1508
4292 1509
6451 1510
5993 1511
7996 1512
4498 1513
4699 1514
14852 1515
4745 1516
11887 1517
13369 1518
15283 1519
13737 1520
3360 1521
2782 1522
14016 1523
12081 1524
1405 1525
6364 1526
3671 1527
7705 1528
13928 1529
110 1530
7539 1531
6133 1532
29 1533
13470 1534
9117 1535
4285 1536
7995 1537
2402 1538
6025 1539
10588 1540
5112 1541
8988 1542
10385 1543
14147 1544
10393 1545
9885 1546
9147 1547
14514 1548
1183 1549
