1550 1400
7161 0
15270 1
14926 2
8021 3
4511 4
2132 5
810 6
15384 7
10077 8
2154 9
10624 10
6913 11
10971 12
9077 13
10077 14
9712 15
3229 16
10309 17
8916 18
11913 19
15060 20
9938 21
4807 22
2577 23
2904 24
5036 25
15277 26
250 27
11695 28
980 29
13486 30
11847 31
8116 32
12050 33
4107 34
8957 35
11480 36
11900 37
699 38
13900 39
12836 40
7071 41
14852 42
11767 43
11814 44
7004 45
2605 46
5967 47
5323 48
8424 49
9915 50
2989 51
8135 52
14498 53
2954 54
9211 55
8682 56
8470 57
2667 58
5486 59
1187 60
9960 61
8116 62
12366 63
14842 64
5804 65
2685 66
10585 67
11196 68
3289 69
13194 70
13081 71
250 72
5462 73
7523 74
14103 75
8937 76
15487 77
8720 78
6001 79
8982 80
5191 81
5912 82
3610 83
4903 84
4726 85
1849 86
11333 87
7387 88
8600 89
10283 90
14923 91
11211 92
2669 93
8426 94
14070 95
9653 96
9313 97
1429 98
1570 99
6228 100
8709 101
4471 102
12395 103
3070 104
11290 105
10757 106
15471 107
4232 108
4674 109
11901 110
5895 111
8928 112
2825 113
4546 114
9448 115
466 116
3505 117
11825 118
851 119
4845 120
493 121
4193 122
15102 123
5589 124
5552 125
4806 126
4507 127
7093 128
13353 129
10523 130
5281 131
12554 132
11350 133
9568 134
7844 135
13423 136
7351 137
2708 138
15414 139
12511 140
2340 141
2507 142
14500 143
2654 144
5490 145
3417 146
4084 147
5490 148
11200 149
4830 150
4936 151
11067 152
803 153
8285 154
12425 155
2242 156
13264 157
4760 158
13016 159
7288 160
6836 161
610 162
10674 163
11038 164
5400 165
7734 166
1676 167
14662 168
13122 169
8460 170
150 171
1859 172
606 173
3803 174
12509 175
11313 176
3887 177
10805 178
14142 179
10642 180
6687 181
5883 182
9242 183
11323 184
7178 185
8530 186
14405 187
184 188
5867 189
6653 190
13998 191
8557 192
9632 193
5894 194
10778 195
1827 196
12320 197
2489 198
542 199
1529 200
12957 201
11241 202
1372 203
7605 204
11896 205
7414 206
5488 207
8990 208
6703 209
8960 210
5822 211
4944 212
3666 213
14552 214
3692 215
8054 216
12419 217
4255 218
14201 219
5326 220
1794 221
3742 222
10113 223
9 224
8050 225
10893 226
10771 227
7 228
8028 229
8185 230
5076 231
14570 232
10945 233
14647 234
12070 235
314 236
7511 237
3164 238
10523 239
1563 240
14263 241
5901 242
13169 243
14998 244
7992 245
12509 246
12994 247
3145 248
11887 249
13913 250
14753 251
11250 252
4157 253
13997 254
9105 255
4466 256
7842 257
8756 258
7481 259
8518 260
14451 261
10247 262
101 263
9940 264
3809 265
9804 266
11731 267
646 268
4628 269
2837 270
11295 271
3758 272
1073 273
4979 274
7673 275
4241 276
9066 277
5407 278
13651 279
14345 280
7374 281
4936 282
2356 283
6541 284
10131 285
12737 286
1247 287
14020 288
13965 289
10645 290
548 291
261 292
10624 293
5758 294
11631 295
3357 296
15235 297
6637 298
2182 299
1896 300
1213 301
5209 302
8368 303
5804 304
11339 305
9446 306
10318 307
2384 308
14061 309
9462 310
6300 311
945 312
2498 313
12917 314
7643 315
3579 316
3088 317
11126 318
3174 319
14639 320
5361 321
14715 322
14008 323
9 324
4322 325
1421 326
12327 327
11578 328
12414 329
6120 330
3914 331
14061 332
15277 333
8252 334
2185 335
11393 336
12649 337
11600 338
12308 339
1159 340
12682 341
3967 342
9929 343
13855 344
5890 345
3520 346
10743 347
2441 348
8166 349
1454 350
8337 351
1253 352
11500 353
4826 354
13794 355
1996 356
12100 357
9738 358
13667 359
15123 360
8897 361
13168 362
14511 363
12925 364
10356 365
13998 366
11346 367
9249 368
8877 369
15263 370
6813 371
4303 372
7921 373
4078 374
4631 375
273 376
13398 377
5194 378
8029 379
8663 380
10622 381
3594 382
3491 383
1839 384
7439 385
13995 386
1170 387
2774 388
10544 389
6325 390
3281 391
12979 392
3713 393
14150 394
3671 395
3041 396
5306 397
14813 398
2080 399
8121 400
6243 401
5601 402
7235 403
9921 404
13002 405
11094 406
9656 407
6715 408
10123 409
3818 410
14217 411
7429 412
14030 413
3623 414
14414 415
10544 416
2442 417
471 418
12939 419
502 420
2790 421
8261 422
8731 423
5734 424
5464 425
1223 426
8087 427
4609 428
5787 429
15324 430
8740 431
10904 432
648 433
8467 434
15082 435
4329 436
234 437
7889 438
13160 439
13587 440
15204 441
15316 442
13035 443
1036 444
14848 445
1892 446
7268 447
6545 448
3996 449
1559 450
9307 451
10466 452
10617 453
5645 454
371 455
7567 456
14664 457
6188 458
3992 459
1120 460
4210 461
15101 462
8762 463
535 464
5769 465
15054 466
10455 467
9273 468
3797 469
4267 470
14207 471
5449 472
9097 473
12124 474
1569 475
3313 476
13698 477
2571 478
10368 479
5697 480
8367 481
10787 482
994 483
13625 484
2613 485
11572 486
9635 487
1011 488
10355 489
4918 490
34 491
14995 492
1535 493
2542 494
10828 495
7596 496
777 497
8008 498
12830 499
11234 500
216 501
2970 502
2231 503
1061 504
12137 505
14156 506
10762 507
1941 508
10739 509
9559 510
7110 511
3745 512
144 513
11938 514
5029 515
13348 516
1143 517
9028 518
13183 519
12157 520
1522 521
5731 522
13175 523
1170 524
9879 525
6536 526
5839 527
13125 528
8484 529
1070 530
11036 531
674 532
10975 533
15263 534
5639 535
15333 536
4187 537
8293 538
9870 539
9857 540
2155 541
5825 542
13991 543
2180 544
2953 545
9078 546
7004 547
10928 548
961 549
8444 550
9551 551
9547 552
1910 553
623 554
1234 555
3868 556
14619 557
3648 558
13094 559
7727 560
11634 561
3191 562
3733 563
6236 564
3185 565
2914 566
629 567
1580 568
5818 569
4763 570
13601 571
11251 572
13503 573
5673 574
1531 575
4278 576
433 577
14689 578
5319 579
5003 580
7140 581
1149 582
11548 583
618 584
13559 585
9051 586
12861 587
13238 588
1225 589
2551 590
4146 591
2664 592
7021 593
1345 594
8543 595
5688 596
8818 597
13019 598
10911 599
3510 600
4631 601
8040 602
11587 603
2618 604
13493 605
13346 606
10480 607
12732 608
13591 609
10664 610
10185 611
11128 612
13036 613
14690 614
14027 615
6172 616
6349 617
9631 618
9644 619
3554 620
8756 621
10716 622
3327 623
7236 624
11613 625
6297 626
1687 627
5718 628
12475 629
15446 630
2556 631
14247 632
4188 633
1154 634
2749 635
1378 636
6998 637
955 638
13644 639
3467 640
2188 641
11757 642
7096 643
2259 644
8976 645
14117 646
4603 647
12563 648
5916 649
4573 650
11705 651
7413 652
9256 653
9354 654
613 655
115 656
13218 657
6381 658
13024 659
11146 660
3838 661
15144 662
1420 663
5248 664
7843 665
5963 666
10586 667
13401 668
3487 669
4435 670
3548 671
6210 672
14386 673
1493 674
8054 675
2373 676
8511 677
6707 678
11913 679
5171 680
7084 681
12471 682
9426 683
1527 684
4910 685
7387 686
6380 687
9183 688
13768 689
10908 690
9202 691
9413 692
3337 693
12663 694
6098 695
13486 696
4927 697
5037 698
140 699
2231 700
3769 701
2264 702
11237 703
447 704
14935 705
13032 706
6253 707
11645 708
11081 709
3125 710
8553 711
968 712
2064 713
6664 714
7443 715
3958 716
3946 717
15091 718
8600 719
7425 720
6130 721
7520 722
4461 723
12667 724
12790 725
1926 726
8989 727
414 728
11312 729
12687 730
9848 731
2665 732
10279 733
3600 734
4613 735
14612 736
2515 737
10758 738
15111 739
15365 740
10162 741
11107 742
10024 743
8713 744
9633 745
7998 746
11326 747
13519 748
6658 749
15011 750
1260 751
10767 752
8934 753
6279 754
7971 755
1209 756
10245 757
1411 758
1158 759
9332 760
5226 761
11832 762
12250 763
7359 764
1525 765
9156 766
8062 767
9375 768
13691 769
471 770
12360 771
4978 772
98 773
14636 774
10745 775
14330 776
12202 777
7089 778
7684 779
287 780
10961 781
5681 782
7020 783
11179 784
13523 785
12936 786
12188 787
11794 788
6982 789
2092 790
14848 791
13202 792
3338 793
6603 794
2894 795
6851 796
6872 797
6640 798
8497 799
5462 800
5936 801
13448 802
11611 803
12923 804
12986 805
14914 806
13425 807
695 808
12133 809
2646 810
14828 811
10976 812
5372 813
4598 814
12179 815
10505 816
8368 817
4188 818
13027 819
4888 820
4130 821
8807 822
1990 823
10233 824
9666 825
9610 826
11235 827
10749 828
494 829
517 830
11311 831
3996 832
7220 833
5338 834
5168 835
1118 836
5957 837
2713 838
6823 839
10041 840
7801 841
8393 842
7504 843
5863 844
2064 845
14341 846
156 847
4063 848
908 849
9856 850
15433 851
12781 852
262 853
14433 854
12386 855
8242 856
3375 857
11887 858
3468 859
9734 860
7241 861
5197 862
3851 863
6761 864
9559 865
7997 866
15359 867
14034 868
11852 869
14866 870
13903 871
5910 872
1675 873
3328 874
8702 875
9219 876
9834 877
15331 878
11172 879
13745 880
11401 881
7892 882
6322 883
13585 884
9199 885
12604 886
724 887
8185 888
14168 889
9020 890
14265 891
7076 892
2916 893
7057 894
4941 895
10643 896
71 897
202 898
1144 899
4450 900
13449 901
1550 902
411 903
11041 904
729 905
9083 906
11830 907
1632 908
5130 909
15486 910
8870 911
1375 912
8371 913
9008 914
3457 915
8363 916
4559 917
12799 918
1206 919
14912 920
12758 921
8677 922
5547 923
11296 924
15486 925
5395 926
2469 927
14627 928
14207 929
13627 930
8872 931
6993 932
14278 933
8485 934
669 935
3102 936
11578 937
14872 938
9229 939
10512 940
3134 941
8615 942
5465 943
2864 944
14886 945
10059 946
6504 947
1067 948
2661 949
11141 950
10706 951
6512 952
14089 953
6450 954
4013 955
1449 956
13410 957
6530 958
6667 959
9094 960
11047 961
506 962
172 963
9266 964
2695 965
1530 966
5665 967
10689 968
2983 969
3428 970
2693 971
14377 972
12034 973
12747 974
12526 975
9759 976
4874 977
9069 978
8322 979
8482 980
274 981
2291 982
7614 983
12948 984
6486 985
6688 986
2318 987
1832 988
2116 989
10740 990
6345 991
10448 992
14835 993
5048 994
11379 995
7110 996
11133 997
3218 998
11052 999
14198 1000
11235 1001
6299 1002
12386 1003
1764 1004
12143 1005
15039 1006
12244 1007
14265 1008
9719 1009
12930 1010
13848 1011
5765 1012
9169 1013
12888 1014
13532 1015
14105 1016
4298 1017
329 1018
5879 1019
9332 1020
8144 1021
6781 1022
2915 1023
6859 1024
14982 1025
13095 1026
5844 1027
8596 1028
2105 1029
1061 1030
4123 1031
10270 1032
12616 1033
134 1034
13762 1035
11889 1036
11257 1037
10971 1038
9979 1039
8957 1040
12156 1041
3307 1042
3205 1043
8222 1044
7411 1045
11290 1046
8093 1047
1594 1048
937 1049
1762 1050
7385 1051
12615 1052
12742 1053
6184 1054
11795 1055
407 1056
10780 1057
13712 1058
4474 1059
9605 1060
13387 1061
3107 1062
5182 1063
5342 1064
8616 1065
14785 1066
14948 1067
12445 1068
1654 1069
7892 1070
3418 1071
4628 1072
3321 1073
15054 1074
6735 1075
14529 1076
14889 1077
9866 1078
9402 1079
1382 1080
4965 1081
9145 1082
1525 1083
6257 1084
1503 1085
3152 1086
10759 1087
1600 1088
14969 1089
12519 1090
8092 1091
4766 1092
2518 1093
8156 1094
9593 1095
11045 1096
4160 1097
3339 1098
10061 1099
10558 1100
12170 1101
3201 1102
14244 1103
7695 1104
12773 1105
14959 1106
11177 1107
3754 1108
6531 1109
1695 1110
4914 1111
10772 1112
1987 1113
9166 1114
5178 1115
5713 1116
986 1117
13380 1118
9717 1119
6277 1120
6605 1121
1204 1122
12162 1123
3586 1124
1091 1125
1344 1126
4697 1127
5812 1128
9421 1129
13296 1130
223 1131
9467 1132
10712 1133
12086 1134
8745 1135
795 1136
1460 1137
4489 1138
9696 1139
11810 1140
8467 1141
8695 1142
10413 1143
7671 1144
3389 1145
3576 1146
13959 1147
13050 1148
15418 1149
323 1150
12996 1151
3162 1152
15010 1153
4090 1154
10760 1155
10734 1156
4548 1157
14152 1158
523 1159
11163 1160
2296 1161
11917 1162
11857 1163
4288 1164
3031 1165
12153 1166
15077 1167
5945 1168
3510 1169
9925 1170
5473 1171
6820 1172
11274 1173
1377 1174
2071 1175
5853 1176
12726 1177
8850 1178
11631 1179
13726 1180
13600 1181
14412 1182
14245 1183
4570 1184
8106 1185
11885 1186
4865 1187
3368 1188
3803 1189
1338 1190
277 1191
1286 1192
8531 1193
2235 1194
3515 1195
6271 1196
10930 1197
4006 1198
3182 1199
5935 1200
8619 1201
12514 1202
13860 1203
2157 1204
13129 1205
6408 1206
13738 1207
6935 1208
675 1209
3592 1210
12247 1211
1825 1212
8369 1213
11355 1214
7500 1215
10587 1216
12544 1217
7218 1218
4157 1219
15149 1220
1780 1221
6505 1222
7950 1223
11036 1224
10866 1225
5080 1226
1020 1227
12580 1228
12639 1229
8634 1230
3081 1231
13883 1232
2213 1233
7335 1234
14921 1235
1780 1236
11456 1237
7722 1238
14729 1239
7649 1240
3812 1241
3530 1242
3103 1243
9532 1244
10996 1245
1448 1246
14050 1247
4350 1248
3 1249
9439 1250
2088 1251
2903 1252
10763 1253
10087 1254
8693 1255
4135 1256
2900 1257
5314 1258
7885 1259
11930 1260
10847 1261
9903 1262
4757 1263
7416 1264
4874 1265
11245 1266
15248 1267
10453 1268
10512 1269
1700 1270
643 1271
8794 1272
8252 1273
14309 1274
5379 1275
7282 1276
9373 1277
4352 1278
982 1279
9006 1280
11512 1281
8440 1282
5248 1283
14371 1284
14714 1285
8875 1286
11550 1287
1853 1288
823 1289
423 1290
4611 1291
2719 1292
7054 1293
6786 1294
11986 1295
5643 1296
4662 1297
12334 1298
8538 1299
13462 1300
14990 1301
4242 1302
10080 1303
8886 1304
2947 1305
13684 1306
8841 1307
4464 1308
6853 1309
9808 1310
7381 1311
8283 1312
14381 1313
3981 1314
7213 1315
9133 1316
7575 1317
5329 1318
9160 1319
7531 1320
9942 1321
7585 1322
14901 1323
11525 1324
11115 1325
13382 1326
3014 1327
11613 1328
556 1329
7897 1330
9195 1331
3859 1332
12364 1333
12216 1334
14653 1335
8318 1336
15340 1337
7982 1338
11265 1339
1945 1340
8756 1341
378 1342
11808 1343
10525 1344
3033 1345
7728 1346
11342 1347
12764 1348
12282 1349
539 1350
10339 1351
2258 1352
9383 1353
13896 1354
12900 1355
10755 1356
10830 1357
1030 1358
1598 1359
1626 1360
14576 1361
8391 1362
2641 1363
564 1364
8056 1365
3821 1366
2579 1367
2215 1368
7050 1369
12775 1370
8839 1371
12066 1372
2149 1373
2273 1374
2098 1375
116 1376
10846 1377
14544 1378
1163 1379
4583 1380
1042 1381
107 1382
14813 1383
10382 1384
15461 1385
4960 1386
6439 1387
10199 1388
13503 1389
4849 1390
6807 1391
13513 1392
3886 1393
12720 1394
4252 1395
3047 1396
3155 1397
2494 1398
11321 1399
8705 1400
812 1401
13521 1402
10325 1403
13633 1404
13593 1405
11065 1406
9714 1407
3435 1408
89 1409
5116 1410
913 1411
11188 1412
7180 1413
4616 1414
10226 1415
3996 1416
13467 1417
11369 1418
12885 1419
2232 1420
14922 1421
4762 1422
2844 1423
2879 1424
13855 1425
6061 1426
6533 1427
11272 1428
11619 1429
6027 1430
8297 1431
14364 1432
12751 1433
59 1434
3410 1435
14885 1436
3689 1437
5793 1438
7128 1439
7076 1440
12961 1441
14641 1442
4436 1443
6938 1444
526 1445
13867 1446
8567 1447
13778 1448
4611 1449
2779 1450
6925 1451
12255 1452
6687 1453
8291 1454
2866 1455
9864 1456
6890 1457
11318 1458
12361 1459
7317 1460
12247 1461
4841 1462
1482 1463
11021 1464
6460 1465
11879 1466
10797 1467
11734 1468
2651 1469
6402 1470
906 1471
14415 1472
1890 1473
5478 1474
14326 1475
5462 1476
2590 1477
2574 1478
7891 1479
8645 1480
12709 1481
3160 1482
14461 1483
14060 1484
1121 1485
4091 1486
9089 1487
15230 1488
3823 1489
8719 1490
3063 1491
6707 1492
7783 1493
4995 1494
1713 1495
12974 1496
8258 1497
6877 1498
1963 1499
1412 1500
10914 1501
15422 1502
14470 1503
757 1504
9353 1505
11134 1506
4835 1507
1609 1508
4915 1509
1401 1510
10422 1511
2979 1512
7331 1513
5531 1514
14673 1515
14002 1516
12128 1517
9468 1518
6796 1519
3166 1520
5505 1521
11063 1522
12576 1523
3654 1524
12441 1525
7757 1526
13057 1527
9431 1528
7330 1529
5151 1530
4547 1531
12408 1532
14905 1533
5677 1534
8777 1535
2042 1536
1117 1537
10362 1538
1803 1539
1854 1540
1367 1541
1171 1542
1946 1543
9145 1544
9656 1545
14931 1546
562 1547
13025 1548
12432 1549
