1050 950
2350 0
10458 1
10285 2
9051 3
5038 4
8019 5
8832 6
1543 7
3523 8
4360 9
3806 10
4114 11
736 12
8881 13
6633 14
6063 15
8672 16
6276 17
2232 18
508 19
7458 20
6946 21
10377 22
9364 23
9315 24
6963 25
1932 26
6890 27
6111 28
2188 29
4746 30
2124 31
7468 32
4437 33
9197 34
9018 35
6559 36
1528 37
7220 38
317 39
9657 40
6863 41
5089 42
6785 43
5308 44
8337 45
4358 46
7475 47
8913 48
6990 49
2879 50
6613 51
6036 52
1518 53
5978 54
4048 55
94 56
656 57
5504 58
7066 59
8249 60
3182 61
1036 62
1746 63
10027 64
3738 65
592 66
4617 67
4209 68
904 69
4728 70
5002 71
4939 72
4994 73
3867 74
8122 75
7599 76
6105 77
6957 78
6427 79
9320 80
381 81
3335 82
1188 83
4774 84
7546 85
3913 86
5271 87
152 88
8410 89
4003 90
3249 91
7006 92
9009 93
2585 94
5042 95
4923 96
8983 97
8704 98
5139 99
3784 100
4226 101
9197 102
8613 103
3968 104
4498 105
2306 106
8184 107
8505 108
2930 109
1379 110
5429 111
2817 112
4672 113
754 114
1049 115
7324 116
382 117
3087 118
5724 119
9627 120
9835 121
10128 122
935 123
7513 124
848 125
8074 126
5199 127
9826 128
5765 129
5829 130
6470 131
5915 132
347 133
908 134
6613 135
7607 136
8866 137
7262 138
5098 139
3686 140
9046 141
3228 142
8549 143
869 144
7518 145
936 146
7144 147
7159 148
1953 149
8660 150
7328 151
9105 152
1797 153
8586 154
332 155
1681 156
8033 157
2699 158
133 159
9176 160
5435 161
9609 162
2947 163
9552 164
359 165
10494 166
4656 167
1623 168
2676 169
4858 170
4576 171
3150 172
3006 173
1240 174
6823 175
2314 176
8088 177
4524 178
1565 179
5364 180
8829 181
3425 182
2149 183
3453 184
3759 185
4689 186
8028 187
808 188
5055 189
5485 190
8322 191
5325 192
876 193
9890 194
8417 195
1923 196
5157 197
2896 198
682 199
10459 200
8237 201
6082 202
8051 203
9811 204
4359 205
9953 206
10463 207
4134 208
9653 209
9588 210
6619 211
4298 212
8685 213
6296 214
8371 215
349 216
6006 217
1929 218
1968 219
4838 220
7050 221
6242 222
10359 223
4369 224
9611 225
891 226
2334 227
4231 228
5487 229
9675 230
5744 231
6585 232
6236 233
4660 234
7631 235
2611 236
2819 237
6920 238
6243 239
757 240
619 241
4300 242
292 243
2046 244
10011 245
2179 246
7389 247
4165 248
3923 249
9363 250
5947 251
9713 252
5440 253
3112 254
6882 255
2844 256
2824 257
7996 258
516 259
4873 260
6192 261
2799 262
5472 263
6352 264
6135 265
8893 266
2457 267
7680 268
3019 269
7154 270
2325 271
216 272
9659 273
3367 274
8114 275
5517 276
1560 277
4453 278
789 279
1652 280
5611 281
5239 282
1464 283
503 284
1500 285
6648 286
2109 287
154 288
6642 289
6391 290
8316 291
3012 292
277 293
6917 294
5306 295
409 296
8921 297
5653 298
8787 299
4671 300
268 301
5199 302
2731 303
9235 304
5783 305
7956 306
1351 307
1504 308
10492 309
10372 310
3824 311
2113 312
1265 313
3285 314
3815 315
6039 316
1033 317
6479 318
8025 319
1823 320
9711 321
3765 322
5781 323
8094 324
4815 325
5290 326
3840 327
4741 328
7547 329
2398 330
4689 331
2064 332
6818 333
5830 334
9054 335
7022 336
4125 337
10092 338
4976 339
9508 340
3147 341
378 342
9566 343
3824 344
3634 345
5506 346
3257 347
928 348
5866 349
5530 350
7143 351
7300 352
4912 353
5862 354
9228 355
5319 356
7769 357
3008 358
5076 359
8439 360
1815 361
6370 362
8521 363
2683 364
8767 365
5921 366
2642 367
5388 368
6654 369
2981 370
7747 371
32 372
7315 373
8922 374
6344 375
2117 376
4579 377
4482 378
5775 379
4830 380
4658 381
7413 382
321 383
9672 384
1596 385
8335 386
3727 387
3584 388
6270 389
10436 390
299 391
2413 392
909 393
3255 394
4569 395
1811 396
1231 397
10099 398
3326 399
2549 400
7416 401
2400 402
7780 403
4687 404
3978 405
7889 406
10146 407
5474 408
3646 409
7362 410
8332 411
1365 412
4063 413
4891 414
10375 415
390 416
387 417
8441 418
5575 419
9531 420
2965 421
3009 422
7553 423
1564 424
3178 425
4615 426
2826 427
1033 428
4332 429
2662 430
9474 431
7649 432
1676 433
3992 434
9102 435
1298 436
942 437
8962 438
6905 439
2523 440
4180 441
2063 442
7874 443
1034 444
3618 445
5754 446
9963 447
5297 448
9139 449
8792 450
9108 451
9798 452
6161 453
2760 454
1185 455
4167 456
1793 457
4561 458
9171 459
6590 460
10493 461
2090 462
2042 463
10455 464
7773 465
3338 466
10225 467
5335 468
4436 469
1738 470
7914 471
5530 472
6963 473
1412 474
7954 475
3008 476
10221 477
4336 478
967 479
244 480
4895 481
173 482
3808 483
1549 484
9279 485
6898 486
3431 487
3920 488
4629 489
7121 490
10285 491
10017 492
385 493
3455 494
6520 495
3852 496
4930 497
1196 498
2123 499
2402 500
10411 501
6958 502
8537 503
4626 504
4328 505
4659 506
6571 507
2573 508
2966 509
781 510
8452 511
10301 512
4161 513
519 514
2534 515
649 516
2484 517
2089 518
1093 519
4612 520
3730 521
8558 522
2465 523
4471 524
7051 525
10377 526
3320 527
7500 528
6066 529
8695 530
5762 531
8328 532
3976 533
9555 534
8306 535
8295 536
5627 537
7298 538
5317 539
6842 540
9153 541
9801 542
5944 543
7730 544
1959 545
7139 546
411 547
2379 548
5444 549
7604 550
3649 551
3363 552
6658 553
714 554
6043 555
4877 556
8122 557
4645 558
1287 559
60 560
328 561
8002 562
8242 563
9903 564
5199 565
229 566
4977 567
8580 568
1663 569
8829 570
7824 571
7906 572
7779 573
1007 574
7002 575
499 576
1622 577
1735 578
9454 579
2883 580
8743 581
2459 582
10459 583
9530 584
6715 585
9079 586
7976 587
5161 588
3324 589
4804 590
6785 591
599 592
7025 593
6935 594
3493 595
4916 596
4017 597
1821 598
9262 599
7609 600
8592 601
7756 602
975 603
6549 604
1752 605
6656 606
154 607
2183 608
820 609
7198 610
2004 611
7934 612
7222 613
8326 614
7255 615
1966 616
8510 617
6701 618
8278 619
7259 620
5335 621
3061 622
5747 623
6077 624
1219 625
779 626
3863 627
10218 628
1562 629
4155 630
8172 631
7384 632
524 633
5313 634
6255 635
9912 636
7541 637
2784 638
3128 639
9918 640
3665 641
5482 642
1420 643
3990 644
3899 645
5553 646
2227 647
4962 648
4499 649
4972 650
4478 651
1242 652
8077 653
8482 654
2552 655
4399 656
8916 657
6922 658
3811 659
6929 660
4541 661
2853 662
7795 663
3823 664
8779 665
2352 666
5110 667
97 668
7900 669
4456 670
8283 671
8974 672
1454 673
10100 674
1547 675
9102 676
585 677
8291 678
7359 679
9766 680
3991 681
8651 682
7153 683
8270 684
1706 685
1650 686
1117 687
9321 688
4081 689
6443 690
5566 691
7814 692
9042 693
3222 694
7786 695
1791 696
5524 697
2018 698
5406 699
7760 700
334 701
3729 702
1708 703
9432 704
1318 705
2276 706
9172 707
6426 708
1228 709
9085 710
1289 711
5060 712
4437 713
10328 714
6423 715
5859 716
8251 717
5223 718
4081 719
6916 720
4280 721
7884 722
2553 723
6300 724
540 725
6135 726
10194 727
7656 728
2615 729
8155 730
2134 731
6278 732
7031 733
5650 734
2316 735
5669 736
4332 737
9778 738
9957 739
6914 740
6539 741
5966 742
2560 743
8894 744
7529 745
5525 746
1656 747
9669 748
1577 749
4123 750
9679 751
1070 752
7372 753
2230 754
7262 755
8908 756
5573 757
3683 758
10084 759
6710 760
6718 761
2536 762
6916 763
4776 764
9197 765
3064 766
8563 767
6152 768
8291 769
1134 770
9747 771
8072 772
5692 773
6924 774
5308 775
2766 776
2326 777
9290 778
9523 779
7727 780
1027 781
6231 782
7156 783
8690 784
3900 785
7801 786
6806 787
957 788
7780 789
9953 790
4950 791
1297 792
1368 793
7017 794
6434 795
3873 796
5823 797
2343 798
9679 799
3042 800
8122 801
10411 802
10240 803
9024 804
5250 805
8668 806
9649 807
1184 808
1600 809
4147 810
8723 811
9953 812
1249 813
3191 814
9696 815
10238 816
4915 817
6966 818
9282 819
8022 820
1176 821
333 822
7548 823
5766 824
8601 825
6147 826
5950 827
4605 828
6446 829
1603 830
3801 831
6763 832
2450 833
6066 834
5769 835
2671 836
3340 837
2839 838
1469 839
886 840
4582 841
9117 842
7075 843
7902 844
7433 845
7416 846
3553 847
6808 848
6470 849
8800 850
4951 851
8683 852
2448 853
9525 854
3880 855
8260 856
6881 857
2054 858
2167 859
1174 860
163 861
4585 862
224 863
3307 864
3393 865
111 866
10288 867
1646 868
388 869
4112 870
401 871
1056 872
4864 873
147 874
8040 875
2938 876
6331 877
6635 878
2691 879
3524 880
3767 881
8815 882
6175 883
2558 884
6493 885
2664 886
6633 887
5454 888
1127 889
5729 890
3735 891
1239 892
4480 893
5813 894
2488 895
1889 896
4037 897
6511 898
3581 899
59 900
3683 901
3669 902
10046 903
9548 904
694 905
5823 906
2967 907
90 908
1587 909
8445 910
1523 911
730 912
4704 913
8162 914
7606 915
8520 916
7204 917
1815 918
201 919
5122 920
897 921
2159 922
4001 923
10317 924
7782 925
593 926
866 927
8453 928
1741 929
8423 930
2613 931
6054 932
5082 933
1407 934
3422 935
1200 936
2576 937
7986 938
6238 939
3563 940
1594 941
1355 942
4841 943
10417 944
1068 945
2348 946
4428 947
3314 948
8439 949
796 950
10186 951
310 952
3893 953
290 954
8200 955
9059 956
60 957
9125 958
889 959
2799 960
7509 961
3591 962
9857 963
6605 964
7275 965
2711 966
1918 967
9131 968
10289 969
602 970
3092 971
6129 972
4989 973
9024 974
874 975
3037 976
670 977
6032 978
2642 979
517 980
4010 981
4800 982
5951 983
10297 984
9216 985
5555 986
5451 987
7498 988
3544 989
2284 990
526 991
9356 992
1132 993
1824 994
5427 995
7293 996
693 997
9899 998
9724 999
1786 1000
9045 1001
4849 1002
9397 1003
6158 1004
2929 1005
6112 1006
4140 1007
3430 1008
6337 1009
5006 1010
5194 1011
6168 1012
4309 1013
4644 1014
9711 1015
6438 1016
3970 1017
6913 1018
56 1019
3349 1020
6321 1021
2164 1022
4701 1023
7800 1024
6515 1025
3262 1026
550 1027
4952 1028
7650 1029
8020 1030
2635 1031
2966 1032
3661 1033
16 1034
2903 1035
7879 1036
6923 1037
6251 1038
7425 1039
1371 1040
9140 1041
7243 1042
3609 1043
86 1044
6198 1045
3435 1046
5441 1047
7187 1048
5487 1049
