1600 100
1821 0
6201 1
3899 2
215 3
5920 4
1087 5
4126 6
6194 7
5047 8
5770 9
4560 10
2487 11
2087 12
11917 13
8309 14
3893 15
1782 16
12397 17
3214 18
15270 19
4402 20
4172 21
5255 22
14251 23
128 24
36 25
4563 26
6929 27
12196 28
6712 29
13186 30
1112 31
13870 32
12016 33
6894 34
10452 35
5989 36
6513 37
1419 38
11008 39
8229 40
11244 41
7023 42
101 43
9545 44
14152 45
6649 46
15235 47
3743 48
910 49
7972 50
4758 51
8174 52
11643 53
5470 54
14722 55
1022 56
12531 57
6163 58
15376 59
4733 60
1873 61
12509 62
2232 63
9293 64
10199 65
7956 66
1050 67
1952 68
2827 69
8291 70
9780 71
13505 72
12983 73
9376 74
13188 75
13286 76
8843 77
4946 78
5655 79
9296 80
14560 81
1934 82
9258 83
8544 84
4374 85
7027 86
8757 87
12244 88
8180 89
10157 90
5256 91
5997 92
6858 93
15381 94
1924 95
6529 96
13277 97
704 98
7831 99
6527 100
5444 101
7780 102
3464 103
789 104
4007 105
9173 106
14414 107
3751 108
2590 109
13946 110
7607 111
6159 112
7868 113
12568 114
10318 115
1558 116
10834 117
12285 118
9605 119
14026 120
9230 121
4825 122
3189 123
14558 124
14561 125
9154 126
9969 127
2684 128
12191 129
5004 130
12330 131
13572 132
4426 133
1921 134
5000 135
8808 136
15403 137
2582 138
4245 139
10123 140
2092 141
14712 142
103 143
12249 144
4151 145
11895 146
15366 147
1519 148
10382 149
15853 150
10057 151
3576 152
11154 153
10331 154
3729 155
9756 156
3845 157
11476 158
12067 159
3235 160
732 161
7760 162
5951 163
13325 164
1950 165
15275 166
3315 167
1419 168
6497 169
7500 170
419 171
10610 172
13462 173
8227 174
4970 175
13819 176
15916 177
9369 178
12720 179
1132 180
4499 181
12520 182
11804 183
1342 184
4089 185
3813 186
7743 187
13237 188
1002 189
7649 190
12891 191
9289 192
6418 193
14914 194
12205 195
2855 196
6289 197
1691 198
7973 199
378 200
7010 201
3293 202
1700 203
13599 204
6928 205
7232 206
7955 207
2030 208
12816 209
9729 210
11170 211
9033 212
2576 213
7537 214
13737 215
1672 216
9657 217
3907 218
9134 219
12627 220
13270 221
8801 222
12804 223
15360 224
15903 225
13550 226
2548 227
12939 228
5960 229
13191 230
6915 231
2414 232
15212 233
2422 234
5257 235
10931 236
2558 237
10759 238
122 239
11307 240
6304 241
9609 242
9029 243
12445 244
13962 245
6776 246
5072 247
15270 248
9718 249
12050 250
10462 251
12634 252
2249 253
9856 254
12667 255
12638 256
4236 257
5874 258
11719 259
14342 260
11580 261
6880 262
4074 263
10178 264
6538 265
12548 266
10680 267
7336 268
13711 269
7457 270
10328 271
7459 272
834 273
13767 274
15503 275
14434 276
4408 277
3909 278
12869 279
11622 280
13800 281
10004 282
9279 283
3616 284
4982 285
2364 286
3131 287
12722 288
11958 289
7169 290
1658 291
15640 292
1380 293
14185 294
14762 295
8729 296
12239 297
6282 298
7709 299
8052 300
3079 301
6669 302
1279 303
12169 304
8457 305
4702 306
14860 307
11505 308
9102 309
5545 310
3639 311
8052 312
9408 313
7089 314
5958 315
3599 316
4911 317
6595 318
4883 319
2851 320
14267 321
790 322
8004 323
9359 324
1011 325
10565 326
14612 327
10878 328
9587 329
2165 330
13402 331
207 332
7464 333
3956 334
3576 335
3986 336
92 337
6021 338
4029 339
4034 340
12222 341
14421 342
1914 343
5504 344
3216 345
2420 346
10224 347
1653 348
10485 349
3413 350
6115 351
11846 352
13071 353
3100 354
8348 355
11467 356
11876 357
3484 358
12237 359
7191 360
11313 361
6233 362
2143 363
8461 364
3816 365
11448 366
8693 367
8403 368
7887 369
10163 370
7313 371
180 372
5347 373
10741 374
8903 375
9076 376
11806 377
15342 378
15842 379
10251 380
5266 381
4365 382
11581 383
2585 384
2604 385
10041 386
3998 387
10671 388
4611 389
6154 390
7904 391
1943 392
12143 393
2305 394
310 395
8149 396
1418 397
13248 398
4148 399
9198 400
912 401
2777 402
14348 403
5109 404
11639 405
13455 406
553 407
6338 408
2366 409
12079 410
15656 411
1776 412
6826 413
7757 414
10579 415
3547 416
7427 417
3487 418
9258 419
15383 420
10788 421
197 422
358 423
6458 424
5148 425
301 426
1232 427
1487 428
4338 429
438 430
9328 431
4091 432
7034 433
11300 434
13786 435
9771 436
5033 437
10418 438
7852 439
12235 440
11630 441
10718 442
2585 443
13538 444
11113 445
12965 446
7546 447
4368 448
3783 449
13052 450
2144 451
11770 452
10314 453
4460 454
6542 455
11003 456
8697 457
7016 458
15485 459
8451 460
11645 461
11839 462
3741 463
12064 464
469 465
2921 466
13882 467
10677 468
6791 469
15003 470
3474 471
2263 472
3301 473
15133 474
11217 475
8515 476
14009 477
7897 478
5614 479
15400 480
6424 481
11338 482
1183 483
12343 484
5792 485
11735 486
9168 487
1634 488
9416 489
6840 490
5904 491
11189 492
10868 493
7442 494
15730 495
11913 496
938 497
5292 498
9637 499
11488 500
8721 501
14366 502
12783 503
12778 504
5870 505
11895 506
15588 507
12189 508
10029 509
4927 510
15880 511
938 512
5730 513
14978 514
4939 515
4344 516
5979 517
4929 518
507 519
2330 520
9442 521
2146 522
2177 523
14083 524
872 525
7367 526
13704 527
14190 528
14132 529
9425 530
11751 531
2064 532
15551 533
10262 534
6219 535
9980 536
10679 537
664 538
10596 539
10569 540
10608 541
11924 542
15642 543
8933 544
2256 545
3926 546
4727 547
3205 548
15003 549
13081 550
13244 551
13384 552
3167 553
1459 554
9413 555
7416 556
4057 557
4879 558
14130 559
1681 560
9327 561
11610 562
4708 563
1927 564
11371 565
12445 566
5904 567
7940 568
4738 569
11800 570
12731 571
14690 572
96 573
1042 574
15741 575
11304 576
11745 577
4134 578
15642 579
9738 580
4148 581
72 582
120 583
4134 584
4036 585
398 586
13471 587
1194 588
7972 589
3682 590
15303 591
1939 592
15269 593
4464 594
5769 595
1755 596
14247 597
8303 598
8428 599
11136 600
3953 601
2819 602
9036 603
7038 604
8196 605
6016 606
10248 607
610 608
766 609
15072 610
6403 611
9467 612
5726 613
8391 614
12404 615
220 616
14475 617
13145 618
7456 619
671 620
11670 621
10941 622
12760 623
2519 624
6097 625
762 626
13091 627
11533 628
2306 629
3568 630
15165 631
8519 632
6371 633
15044 634
2675 635
1130 636
7952 637
13682 638
12212 639
8673 640
3839 641
11210 642
10176 643
14522 644
15157 645
11889 646
12425 647
13076 648
14995 649
13621 650
2717 651
3251 652
7566 653
10067 654
3499 655
4122 656
2118 657
13615 658
15484 659
6776 660
5819 661
15251 662
4628 663
9067 664
5317 665
15729 666
1833 667
6102 668
3167 669
9439 670
12297 671
3218 672
10033 673
1625 674
905 675
15101 676
1707 677
12044 678
10263 679
9349 680
2065 681
1308 682
14959 683
474 684
15085 685
1871 686
4323 687
15607 688
7601 689
10467 690
12817 691
2480 692
15808 693
15967 694
9574 695
12610 696
6723 697
3111 698
7575 699
14923 700
15801 701
11973 702
2015 703
14373 704
269 705
6459 706
13240 707
1652 708
7373 709
8856 710
8762 711
6113 712
14207 713
10346 714
8432 715
2839 716
8922 717
14678 718
8557 719
6438 720
1436 721
206 722
7249 723
6545 724
6266 725
9967 726
10817 727
12317 728
7447 729
5044 730
6965 731
8653 732
12755 733
15017 734
11879 735
1581 736
14584 737
2940 738
4958 739
6030 740
6355 741
3303 742
12525 743
15191 744
9512 745
861 746
6254 747
11049 748
14452 749
12791 750
1240 751
10304 752
15897 753
2581 754
7073 755
807 756
11688 757
1808 758
615 759
8488 760
15103 761
3290 762
11131 763
14121 764
4432 765
5480 766
2235 767
11290 768
8615 769
2819 770
14291 771
3392 772
7581 773
1524 774
2138 775
12231 776
684 777
7307 778
4872 779
10805 780
14347 781
3463 782
4519 783
4328 784
6936 785
1084 786
5125 787
7225 788
9689 789
4372 790
9143 791
5912 792
2670 793
3133 794
2532 795
5956 796
11935 797
10084 798
13021 799
11407 800
15471 801
12135 802
14535 803
154 804
10513 805
15735 806
1460 807
7539 808
9760 809
10862 810
4541 811
12612 812
13652 813
12074 814
12145 815
2010 816
6713 817
5735 818
6209 819
11217 820
9433 821
9005 822
5331 823
7961 824
13165 825
8263 826
5193 827
13551 828
12839 829
1229 830
1483 831
12014 832
15836 833
12993 834
14747 835
12921 836
2894 837
7070 838
1447 839
7647 840
5839 841
4476 842
3666 843
8002 844
10810 845
15439 846
1166 847
5720 848
1081 849
3554 850
10729 851
14769 852
1861 853
6894 854
4066 855
2141 856
12222 857
13126 858
1614 859
10 860
12409 861
952 862
3589 863
10764 864
8249 865
13295 866
4972 867
784 868
2912 869
9950 870
7481 871
14288 872
13133 873
1851 874
3454 875
15410 876
12092 877
10641 878
4309 879
2236 880
15495 881
1965 882
12274 883
10117 884
6801 885
13449 886
4140 887
10954 888
12710 889
14520 890
7942 891
5743 892
5597 893
15877 894
14395 895
5153 896
10360 897
761 898
14515 899
7705 900
2380 901
3773 902
2309 903
9747 904
844 905
3268 906
10775 907
9393 908
4716 909
7495 910
3168 911
12371 912
12303 913
91 914
278 915
5709 916
61 917
14064 918
12193 919
11472 920
4214 921
614 922
934 923
15536 924
14708 925
13823 926
11644 927
15601 928
14774 929
7504 930
11753 931
5715 932
1989 933
14063 934
8392 935
3491 936
14417 937
4607 938
12043 939
5261 940
3321 941
8891 942
9428 943
14737 944
14612 945
15549 946
3809 947
11672 948
2880 949
96 950
2680 951
12412 952
9416 953
13532 954
9636 955
12893 956
454 957
1849 958
3121 959
133 960
13441 961
1900 962
11609 963
6725 964
7417 965
12632 966
14625 967
9704 968
3657 969
4918 970
3885 971
15901 972
9004 973
8026 974
9883 975
2328 976
32 977
9902 978
15306 979
9433 980
1421 981
10102 982
7294 983
8032 984
13928 985
12539 986
4004 987
4873 988
1332 989
13682 990
5349 991
7035 992
10991 993
899 994
11280 995
10943 996
3189 997
13766 998
9335 999
14608 1000
11473 1001
888 1002
5411 1003
2879 1004
13 1005
11762 1006
14641 1007
982 1008
6578 1009
8303 1010
14258 1011
9812 1012
13565 1013
15845 1014
6990 1015
3230 1016
1443 1017
10356 1018
427 1019
7114 1020
3956 1021
3134 1022
3539 1023
3513 1024
15993 1025
604 1026
4057 1027
9663 1028
15823 1029
11217 1030
12469 1031
4940 1032
195 1033
6399 1034
12926 1035
13340 1036
14744 1037
7564 1038
403 1039
9724 1040
7233 1041
12309 1042
15738 1043
10757 1044
15426 1045
13422 1046
324 1047
2607 1048
11878 1049
9817 1050
566 1051
7145 1052
8059 1053
15878 1054
7511 1055
3220 1056
3052 1057
10630 1058
15247 1059
9746 1060
3776 1061
10012 1062
2744 1063
3966 1064
1580 1065
3235 1066
10437 1067
12022 1068
1269 1069
9199 1070
3775 1071
13862 1072
10234 1073
15391 1074
7838 1075
15984 1076
6565 1077
1944 1078
8272 1079
8741 1080
15070 1081
10344 1082
9023 1083
7656 1084
577 1085
12031 1086
8398 1087
13498 1088
13466 1089
6845 1090
12486 1091
10657 1092
8645 1093
10502 1094
15164 1095
4558 1096
3605 1097
14369 1098
4773 1099
2837 1100
3409 1101
13685 1102
4182 1103
8741 1104
7974 1105
6392 1106
9703 1107
4560 1108
15899 1109
7066 1110
2363 1111
10134 1112
8426 1113
14570 1114
6177 1115
13075 1116
14900 1117
4706 1118
7267 1119
3867 1120
4261 1121
5332 1122
12978 1123
842 1124
10225 1125
14272 1126
3000 1127
11644 1128
13922 1129
10848 1130
15668 1131
12726 1132
4173 1133
15905 1134
9150 1135
8407 1136
4628 1137
14834 1138
5945 1139
1461 1140
8004 1141
4663 1142
13666 1143
11281 1144
9487 1145
3370 1146
5692 1147
4702 1148
479 1149
4924 1150
12278 1151
4996 1152
881 1153
3505 1154
15650 1155
9716 1156
3266 1157
11629 1158
12782 1159
2209 1160
7227 1161
9389 1162
8107 1163
5009 1164
1545 1165
1319 1166
6621 1167
8177 1168
5727 1169
15739 1170
3579 1171
8689 1172
764 1173
935 1174
3367 1175
12391 1176
4820 1177
5763 1178
15294 1179
2686 1180
5819 1181
9191 1182
5479 1183
12074 1184
4130 1185
3397 1186
13356 1187
4475 1188
3262 1189
4835 1190
15274 1191
5713 1192
6158 1193
508 1194
8092 1195
6311 1196
14674 1197
3561 1198
13624 1199
10582 1200
5661 1201
4100 1202
5188 1203
10692 1204
5872 1205
6273 1206
6265 1207
4245 1208
2061 1209
9778 1210
15600 1211
624 1212
3720 1213
5495 1214
6185 1215
10311 1216
8824 1217
5996 1218
2229 1219
9328 1220
3531 1221
5526 1222
3647 1223
9839 1224
13796 1225
15577 1226
10197 1227
10789 1228
11661 1229
2698 1230
3524 1231
3697 1232
8275 1233
10073 1234
4989 1235
7129 1236
9473 1237
9903 1238
8156 1239
3591 1240
8089 1241
13394 1242
7568 1243
2417 1244
12967 1245
14934 1246
11836 1247
15906 1248
5779 1249
15786 1250
10906 1251
4402 1252
12043 1253
9611 1254
11241 1255
5600 1256
843 1257
5713 1258
12009 1259
14184 1260
4720 1261
2414 1262
10990 1263
15919 1264
14062 1265
13022 1266
5256 1267
7589 1268
11423 1269
4183 1270
2272 1271
6262 1272
336 1273
15602 1274
789 1275
4632 1276
8173 1277
123 1278
9680 1279
9886 1280
14462 1281
9706 1282
698 1283
15847 1284
12819 1285
6659 1286
6952 1287
10043 1288
8845 1289
8205 1290
4127 1291
15265 1292
11313 1293
6069 1294
1663 1295
3846 1296
14770 1297
13247 1298
1052 1299
10753 1300
10314 1301
4064 1302
15046 1303
9880 1304
9151 1305
5770 1306
6401 1307
14766 1308
3539 1309
11110 1310
6951 1311
6947 1312
900 1313
4565 1314
4703 1315
4150 1316
15426 1317
14794 1318
11428 1319
9499 1320
1523 1321
1967 1322
5351 1323
6019 1324
6106 1325
4658 1326
10389 1327
10403 1328
12876 1329
4320 1330
14349 1331
9859 1332
13602 1333
6398 1334
5428 1335
3957 1336
10979 1337
15038 1338
3686 1339
15175 1340
13707 1341
13318 1342
12120 1343
4382 1344
872 1345
12124 1346
3030 1347
7654 1348
4212 1349
13005 1350
8683 1351
7942 1352
14888 1353
11670 1354
13543 1355
3906 1356
2597 1357
10799 1358
280 1359
14653 1360
4516 1361
6061 1362
14172 1363
2905 1364
10414 1365
4559 1366
10689 1367
3357 1368
4507 1369
13522 1370
10003 1371
2860 1372
3191 1373
14752 1374
10064 1375
8023 1376
12006 1377
3 1378
15871 1379
14599 1380
14119 1381
9775 1382
10929 1383
15132 1384
6446 1385
6510 1386
3486 1387
146 1388
3276 1389
11334 1390
11736 1391
14297 1392
9473 1393
643 1394
13064 1395
12846 1396
9253 1397
15520 1398
14864 1399
2882 1400
1614 1401
5959 1402
5578 1403
7862 1404
2894 1405
11008 1406
5783 1407
8408 1408
13189 1409
4807 1410
15103 1411
10285 1412
8558 1413
2097 1414
1372 1415
4062 1416
15145 1417
8597 1418
15432 1419
4500 1420
14918 1421
14076 1422
2008 1423
8752 1424
11638 1425
4214 1426
14977 1427
1726 1428
11802 1429
15504 1430
4265 1431
4042 1432
5224 1433
6680 1434
915 1435
12920 1436
4423 1437
14909 1438
4934 1439
5069 1440
8454 1441
12293 1442
13010 1443
15654 1444
11947 1445
10588 1446
4292 1447
6352 1448
587 1449
10830 1450
3090 1451
8450 1452
10495 1453
5141 1454
6910 1455
11908 1456
2760 1457
2582 1458
12236 1459
9657 1460
8831 1461
1770 1462
4114 1463
15072 1464
1643 1465
14797 1466
2530 1467
13200 1468
8578 1469
11293 1470
10370 1471
13760 1472
5124 1473
12995 1474
9922 1475
6921 1476
9573 1477
8536 1478
11352 1479
3332 1480
10995 1481
9439 1482
11894 1483
13332 1484
5012 1485
11149 1486
15631 1487
3153 1488
9217 1489
764 1490
11794 1491
3670 1492
328 1493
15304 1494
140 1495
12870 1496
9833 1497
1548 1498
15529 1499
506 1500
12748 1501
12564 1502
12275 1503
7946 1504
1278 1505
3997 1506
15377 1507
9957 1508
13001 1509
3259 1510
15889 1511
12876 1512
7858 1513
4232 1514
12870 1515
7661 1516
449 1517
2861 1518
751 1519
8946 1520
1119 1521
14301 1522
1570 1523
9559 1524
9325 1525
4145 1526
3698 1527
320 1528
10594 1529
4656 1530
10434 1531
2264 1532
6204 1533
10011 1534
8254 1535
294 1536
12907 1537
14553 1538
14830 1539
1482 1540
14070 1541
14363 1542
4677 1543
3346 1544
9604 1545
2554 1546
10749 1547
1396 1548
12796 1549
3723 1550
2111 1551
11814 1552
1306 1553
10328 1554
9408 1555
2259 1556
6885 1557
3303 1558
6586 1559
12681 1560
10428 1561
13410 1562
10146 1563
4616 1564
13637 1565
12415 1566
10953 1567
9181 1568
8525 1569
6855 1570
2408 1571
770 1572
10693 1573
15189 1574
653 1575
3515 1576
5101 1577
4633 1578
11337 1579
15149 1580
849 1581
4147 1582
2875 1583
1566 1584
14884 1585
1270 1586
11070 1587
5681 1588
2857 1589
15631 1590
10809 1591
3946 1592
7119 1593
6528 1594
2164 1595
15092 1596
9114 1597
12876 1598
14564 1599
