1100 650
10371 0
1949 1
3773 2
1651 3
5607 4
4711 5
9498 6
3774 7
9016 8
10463 9
5845 10
7622 11
3829 12
2257 13
6313 14
1675 15
9416 16
9431 17
1537 18
4731 19
5476 20
5828 21
260 22
7579 23
3983 24
10632 25
3322 26
870 27
7160 28
10448 29
1022 30
2321 31
9017 32
10858 33
8792 34
4718 35
1576 36
4429 37
5228 38
9429 39
4892 40
340 41
280 42
3662 43
1552 44
436 45
3273 46
1791 47
1896 48
5371 49
10705 50
2503 51
8346 52
9095 53
2206 54
10096 55
3088 56
1727 57
8850 58
7117 59
9655 60
1476 61
3445 62
7934 63
8897 64
10632 65
2593 66
5482 67
6738 68
4904 69
2894 70
6255 71
989 72
206 73
9881 74
4647 75
10093 76
8027 77
6136 78
2003 79
216 80
5313 81
2873 82
7596 83
3120 84
9839 85
8548 86
10080 87
8183 88
8883 89
9823 90
413 91
5978 92
3731 93
8541 94
7994 95
2210 96
3627 97
3806 98
42 99
8296 100
2693 101
4214 102
10859 103
7498 104
2255 105
3616 106
908 107
4323 108
2695 109
4810 110
5778 111
1907 112
8994 113
4321 114
2700 115
6505 116
9147 117
5639 118
10583 119
1094 120
6058 121
3700 122
5277 123
7717 124
6657 125
3717 126
5132 127
5990 128
964 129
10644 130
6275 131
995 132
5699 133
4571 134
4212 135
10755 136
469 137
10240 138
8866 139
10917 140
2972 141
1572 142
6095 143
6612 144
6243 145
8062 146
6488 147
7455 148
4853 149
1322 150
10989 151
3757 152
5224 153
1728 154
4458 155
7548 156
1514 157
3092 158
202 159
4125 160
1314 161
696 162
3283 163
6936 164
2413 165
9108 166
210 167
10337 168
9200 169
9276 170
1835 171
8733 172
1748 173
3432 174
8260 175
621 176
3506 177
6325 178
1582 179
7890 180
8926 181
1939 182
7156 183
6802 184
486 185
10005 186
6315 187
4534 188
1395 189
6404 190
5805 191
9323 192
9001 193
9538 194
3186 195
6667 196
9045 197
1114 198
10104 199
5877 200
4903 201
7038 202
1942 203
5027 204
10556 205
5799 206
7971 207
1693 208
552 209
9689 210
7261 211
2868 212
4925 213
4686 214
9473 215
8602 216
2410 217
10838 218
5074 219
4138 220
8652 221
10503 222
2816 223
922 224
7719 225
7621 226
6743 227
6255 228
9556 229
9164 230
7258 231
2338 232
1496 233
10577 234
6292 235
10677 236
4632 237
969 238
9831 239
1253 240
3996 241
2684 242
7758 243
1643 244
10336 245
1372 246
6229 247
8793 248
5388 249
2277 250
9487 251
546 252
9207 253
8556 254
3989 255
9730 256
338 257
9105 258
7694 259
9877 260
4747 261
1769 262
10008 263
6996 264
3762 265
3605 266
49 267
2449 268
8424 269
2073 270
2860 271
8600 272
819 273
5254 274
8627 275
6103 276
6998 277
2409 278
9976 279
7209 280
5843 281
9114 282
10169 283
4448 284
5344 285
2561 286
1985 287
10243 288
5948 289
3695 290
8050 291
5750 292
636 293
5407 294
7757 295
74 296
9113 297
9579 298
7075 299
5812 300
1699 301
6121 302
2017 303
4633 304
3804 305
4831 306
8123 307
6418 308
1747 309
8591 310
5639 311
8083 312
7323 313
9483 314
3831 315
9252 316
585 317
1038 318
10904 319
3369 320
7243 321
4014 322
1872 323
1129 324
8764 325
4108 326
2834 327
10060 328
2287 329
3262 330
8140 331
9927 332
10656 333
1264 334
4334 335
6670 336
9667 337
7855 338
9325 339
10773 340
7109 341
5818 342
2007 343
3355 344
2965 345
5035 346
10398 347
9445 348
2935 349
9513 350
10733 351
8714 352
2647 353
1679 354
9632 355
4263 356
7505 357
2802 358
4213 359
7821 360
4700 361
368 362
5834 363
3988 364
2470 365
3386 366
5520 367
7933 368
8120 369
9002 370
9686 371
6130 372
1459 373
3112 374
2155 375
10762 376
3381 377
6054 378
2685 379
10193 380
9141 381
7147 382
159 383
3549 384
8486 385
5889 386
6891 387
364 388
5222 389
1078 390
6197 391
6372 392
7407 393
2415 394
10489 395
1018 396
6247 397
320 398
10426 399
6773 400
3128 401
2879 402
9544 403
8561 404
1936 405
336 406
8528 407
6995 408
3814 409
2962 410
4739 411
4577 412
584 413
1021 414
8450 415
10041 416
9351 417
732 418
4300 419
6508 420
5965 421
4557 422
4914 423
4746 424
8208 425
10583 426
7233 427
8224 428
10956 429
6901 430
5733 431
8864 432
6286 433
6664 434
1167 435
10388 436
9306 437
425 438
7631 439
9863 440
4485 441
8029 442
9528 443
6146 444
528 445
615 446
5953 447
1757 448
7750 449
1109 450
3808 451
9150 452
7483 453
1453 454
10511 455
4787 456
9575 457
9750 458
3523 459
2144 460
606 461
5700 462
1867 463
5893 464
10443 465
7444 466
6635 467
7304 468
9105 469
8513 470
5898 471
1444 472
1479 473
9067 474
2093 475
8790 476
2104 477
3591 478
846 479
1178 480
809 481
285 482
3556 483
4331 484
7645 485
151 486
163 487
6366 488
4271 489
3711 490
3879 491
6523 492
520 493
9802 494
1325 495
1592 496
1218 497
1012 498
986 499
6531 500
8574 501
3882 502
3736 503
3571 504
4985 505
8806 506
7403 507
6390 508
9790 509
3925 510
5663 511
8674 512
6540 513
9120 514
8784 515
4360 516
3104 517
8761 518
3187 519
7122 520
2191 521
4828 522
4149 523
8151 524
6397 525
9516 526
5329 527
2739 528
1892 529
7304 530
6203 531
5983 532
955 533
7115 534
8782 535
6415 536
4858 537
7716 538
40 539
3192 540
10103 541
3095 542
2542 543
7422 544
8194 545
6401 546
1924 547
2281 548
4138 549
7125 550
6081 551
419 552
1664 553
6038 554
1316 555
3941 556
9991 557
1996 558
4154 559
8617 560
8432 561
10038 562
10306 563
4918 564
2874 565
3823 566
6688 567
4019 568
7678 569
3529 570
9218 571
7126 572
2429 573
7238 574
1162 575
1497 576
8873 577
10079 578
4530 579
7375 580
6798 581
1410 582
2277 583
2130 584
3005 585
1518 586
4772 587
1462 588
3861 589
1600 590
10918 591
6262 592
1343 593
5143 594
7694 595
6154 596
5355 597
3925 598
8500 599
8121 600
3080 601
1951 602
1654 603
2983 604
9583 605
4510 606
10211 607
2351 608
3352 609
5918 610
6110 611
3566 612
6912 613
5048 614
2489 615
3272 616
5381 617
4759 618
4137 619
2607 620
207 621
6600 622
4413 623
3814 624
10559 625
10923 626
5669 627
8338 628
9753 629
4787 630
10828 631
5981 632
6762 633
2778 634
10782 635
5699 636
2376 637
2230 638
9978 639
9297 640
1646 641
5481 642
8781 643
3826 644
7675 645
3180 646
10823 647
10227 648
6994 649
2398 650
1402 651
1191 652
5884 653
3861 654
2983 655
3097 656
10084 657
7648 658
9295 659
9802 660
5666 661
3762 662
6368 663
24 664
9696 665
5287 666
5924 667
6596 668
7174 669
5187 670
2878 671
8730 672
141 673
780 674
1213 675
7520 676
2555 677
10665 678
8543 679
2085 680
148 681
2227 682
7682 683
1392 684
4618 685
4763 686
10439 687
7648 688
8858 689
10228 690
8765 691
6564 692
7575 693
6253 694
10393 695
10123 696
4614 697
9369 698
1477 699
1745 700
7727 701
4723 702
86 703
1790 704
1108 705
7130 706
483 707
8591 708
7514 709
7646 710
8645 711
10875 712
10242 713
1247 714
541 715
10803 716
568 717
1179 718
2483 719
3741 720
10291 721
6786 722
2686 723
2872 724
7263 725
8167 726
10320 727
3334 728
5989 729
7316 730
10409 731
1213 732
6768 733
7350 734
4164 735
882 736
1820 737
4135 738
7980 739
1796 740
5292 741
5153 742
4652 743
3715 744
9290 745
6228 746
3557 747
5174 748
4674 749
8722 750
7139 751
3542 752
8022 753
1686 754
4102 755
2363 756
1992 757
4914 758
9246 759
7945 760
1003 761
4628 762
10615 763
9949 764
7169 765
3351 766
3460 767
10602 768
9814 769
2628 770
645 771
8297 772
9620 773
9598 774
1862 775
5089 776
6961 777
6380 778
7824 779
2984 780
6679 781
8496 782
244 783
5301 784
1145 785
2093 786
2685 787
5881 788
1541 789
9962 790
5871 791
1285 792
3717 793
1281 794
3657 795
10088 796
9156 797
1879 798
7051 799
5002 800
4908 801
1157 802
4919 803
6216 804
3908 805
8844 806
1617 807
7567 808
6360 809
517 810
1629 811
6961 812
9584 813
2193 814
8148 815
2418 816
10547 817
4408 818
4935 819
5976 820
9609 821
3124 822
5719 823
5721 824
1998 825
2275 826
1469 827
8245 828
8879 829
6295 830
10269 831
2416 832
9986 833
3784 834
2471 835
1075 836
3946 837
8083 838
2451 839
8297 840
4615 841
3581 842
9446 843
5403 844
8233 845
768 846
4067 847
6773 848
5279 849
7825 850
542 851
9015 852
2269 853
10050 854
908 855
1144 856
7687 857
3246 858
10342 859
2963 860
2393 861
10546 862
8684 863
1299 864
6583 865
9224 866
6609 867
3062 868
8588 869
6569 870
8138 871
4283 872
213 873
4379 874
7843 875
3918 876
623 877
9837 878
5161 879
10586 880
4839 881
10372 882
3378 883
787 884
2078 885
6590 886
5120 887
6651 888
10079 889
1640 890
3815 891
4989 892
1515 893
4384 894
2896 895
41 896
5263 897
9541 898
8884 899
10467 900
5325 901
6861 902
8104 903
4842 904
3923 905
1184 906
8964 907
10159 908
8066 909
2205 910
6828 911
8731 912
4026 913
7789 914
3322 915
1310 916
10009 917
8276 918
3316 919
9156 920
9362 921
3622 922
6509 923
4729 924
453 925
8382 926
6879 927
7058 928
5324 929
6523 930
948 931
4019 932
2053 933
6942 934
10017 935
10155 936
325 937
6124 938
9525 939
3407 940
1211 941
6602 942
7850 943
1521 944
2136 945
2139 946
10237 947
3160 948
2767 949
8390 950
9963 951
7826 952
5884 953
681 954
2468 955
3021 956
2365 957
1850 958
5962 959
5099 960
38 961
10094 962
8930 963
6561 964
7599 965
4701 966
850 967
1161 968
4788 969
9438 970
8540 971
10166 972
2547 973
268 974
6908 975
7109 976
9711 977
4619 978
5629 979
2294 980
31 981
5347 982
6695 983
7221 984
4036 985
6900 986
84 987
1383 988
7722 989
928 990
4019 991
4801 992
1372 993
10253 994
2378 995
9830 996
1887 997
1800 998
8132 999
4109 1000
9607 1001
6238 1002
9161 1003
9139 1004
2125 1005
4354 1006
2715 1007
7065 1008
1413 1009
500 1010
878 1011
8312 1012
911 1013
2872 1014
1787 1015
10132 1016
8917 1017
1421 1018
3996 1019
823 1020
9167 1021
10672 1022
7592 1023
10107 1024
2948 1025
9704 1026
5565 1027
7431 1028
3320 1029
5481 1030
9442 1031
6070 1032
8500 1033
9707 1034
5978 1035
8135 1036
1195 1037
5110 1038
9305 1039
4546 1040
8935 1041
4407 1042
10801 1043
8086 1044
8157 1045
3131 1046
464 1047
1347 1048
10519 1049
6264 1050
2340 1051
4289 1052
5586 1053
5759 1054
1880 1055
1258 1056
10003 1057
4079 1058
4236 1059
761 1060
4132 1061
4040 1062
8122 1063
4632 1064
10580 1065
9004 1066
7487 1067
1922 1068
10768 1069
99 1070
1867 1071
28 1072
4294 1073
8273 1074
385 1075
10622 1076
5517 1077
9691 1078
1775 1079
7853 1080
3127 1081
4015 1082
6357 1083
1013 1084
10744 1085
6919 1086
3070 1087
3689 1088
1968 1089
7704 1090
8332 1091
1728 1092
3872 1093
3407 1094
2081 1095
10289 1096
5533 1097
6664 1098
9354 1099
