1250 900
4037 0
9732 1
12312 2
12022 3
9080 4
656 5
2208 6
7502 7
6857 8
11934 9
186 10
894 11
8365 12
5877 13
9008 14
7669 15
7440 16
5122 17
66 18
5738 19
4345 20
7618 21
5723 22
6269 23
5202 24
10542 25
10491 26
2110 27
1615 28
5712 29
4992 30
12453 31
1455 32
9014 33
11191 34
1850 35
7809 36
8137 37
10720 38
2963 39
7615 40
4638 41
10599 42
5986 43
8519 44
674 45
11527 46
8090 47
10595 48
3100 49
27 50
5339 51
9207 52
2399 53
5099 54
6453 55
4293 56
3969 57
7144 58
11254 59
5978 60
639 61
7519 62
9137 63
11384 64
5617 65
12221 66
9345 67
8092 68
4190 69
8018 70
11830 71
9169 72
2284 73
10888 74
4576 75
423 76
3943 77
2713 78
1125 79
8038 80
12308 81
1295 82
11304 83
7617 84
4925 85
4952 86
8161 87
11449 88
5175 89
8840 90
9024 91
1353 92
4043 93
505 94
1996 95
7356 96
11754 97
5208 98
4734 99
9983 100
2965 101
3416 102
8022 103
10794 104
11540 105
11031 106
3521 107
3740 108
9597 109
9820 110
3384 111
12206 112
6990 113
7778 114
282 115
4 116
10443 117
8906 118
3383 119
1349 120
8493 121
791 122
5550 123
9426 124
11843 125
8430 126
2940 127
8493 128
10186 129
5172 130
6420 131
4507 132
3265 133
8338 134
8587 135
7686 136
5534 137
6030 138
6529 139
6499 140
8464 141
64 142
3141 143
11586 144
12447 145
6897 146
8298 147
3759 148
3859 149
10666 150
11203 151
8510 152
10229 153
1503 154
7751 155
10176 156
6959 157
7270 158
2151 159
10357 160
11256 161
10169 162
10980 163
8891 164
9724 165
12032 166
11819 167
8585 168
7050 169
12262 170
999 171
9855 172
4660 173
2974 174
5241 175
3246 176
6695 177
10358 178
10989 179
12157 180
1651 181
2850 182
2576 183
4182 184
9593 185
10856 186
2101 187
11657 188
4112 189
3312 190
2042 191
3265 192
7371 193
3312 194
8833 195
9388 196
2178 197
2545 198
449 199
2848 200
6437 201
1727 202
11612 203
4040 204
7737 205
8867 206
6671 207
7946 208
2576 209
11105 210
10860 211
8608 212
3239 213
1068 214
2230 215
9178 216
1761 217
1616 218
5389 219
6483 220
1927 221
10222 222
2796 223
10620 224
10138 225
3932 226
6316 227
4739 228
172 229
10363 230
4156 231
1097 232
2247 233
2346 234
832 235
8842 236
7887 237
5802 238
4731 239
9553 240
981 241
8116 242
1637 243
4424 244
9416 245
4902 246
6986 247
11045 248
6785 249
3711 250
7808 251
10762 252
7775 253
11543 254
2494 255
7832 256
2139 257
7198 258
6326 259
9495 260
11771 261
11531 262
5892 263
5943 264
1188 265
10967 266
1254 267
11821 268
8558 269
1990 270
3545 271
10683 272
9991 273
8647 274
10754 275
359 276
7170 277
11155 278
6954 279
7897 280
9489 281
7210 282
1660 283
7818 284
8545 285
2002 286
12381 287
6769 288
10907 289
5588 290
5885 291
5226 292
2219 293
9327 294
1288 295
9465 296
1806 297
4639 298
11582 299
7427 300
1134 301
9944 302
9184 303
9718 304
6539 305
10890 306
2082 307
958 308
3754 309
3242 310
2423 311
9708 312
5026 313
4849 314
439 315
11638 316
1706 317
8486 318
2444 319
3546 320
3847 321
11765 322
3494 323
2576 324
8653 325
6565 326
10005 327
7333 328
8570 329
4549 330
3598 331
10191 332
2897 333
4109 334
1911 335
7875 336
1306 337
152 338
6782 339
1389 340
3464 341
5358 342
1695 343
6025 344
11296 345
6166 346
4042 347
8169 348
7883 349
3742 350
3155 351
11215 352
3364 353
6146 354
7070 355
984 356
11389 357
12355 358
952 359
1034 360
5565 361
3484 362
1292 363
9950 364
4261 365
9497 366
991 367
5090 368
6763 369
10074 370
7372 371
7395 372
10987 373
8582 374
10480 375
9872 376
8942 377
7141 378
3559 379
1058 380
585 381
1525 382
5871 383
9220 384
9646 385
10085 386
2654 387
6230 388
6662 389
7770 390
1612 391
5870 392
1188 393
11685 394
2211 395
5105 396
5871 397
8154 398
2613 399
707 400
9916 401
11711 402
10898 403
12149 404
785 405
6796 406
12014 407
4574 408
4880 409
5627 410
6590 411
2711 412
9561 413
330 414
11315 415
4140 416
11223 417
4343 418
1358 419
8048 420
11715 421
9250 422
4646 423
4337 424
8707 425
6125 426
1632 427
1902 428
11055 429
2711 430
3248 431
2659 432
9221 433
8256 434
137 435
12421 436
10304 437
7653 438
3164 439
2660 440
12022 441
6327 442
4464 443
5516 444
9941 445
1346 446
5588 447
1562 448
1877 449
4445 450
1881 451
2771 452
6941 453
1947 454
3336 455
9971 456
4904 457
9820 458
1326 459
1156 460
7879 461
7526 462
5344 463
5016 464
797 465
10850 466
3741 467
10589 468
11001 469
10046 470
20 471
6664 472
6387 473
5756 474
38 475
10636 476
11467 477
6702 478
5370 479
12362 480
6315 481
6086 482
4185 483
9726 484
12025 485
2592 486
7662 487
1339 488
12386 489
6045 490
4875 491
12138 492
5439 493
1 494
7187 495
207 496
6257 497
8576 498
2821 499
12184 500
3525 501
5364 502
5156 503
7323 504
331 505
2080 506
8848 507
766 508
10540 509
11343 510
4289 511
861 512
5888 513
3726 514
7167 515
5229 516
4947 517
11153 518
9032 519
8018 520
12117 521
10519 522
8650 523
2337 524
8878 525
2932 526
8793 527
9791 528
12115 529
2553 530
4557 531
1244 532
4417 533
12414 534
5274 535
7489 536
2269 537
9100 538
140 539
6040 540
10493 541
12316 542
11402 543
7858 544
8248 545
10635 546
12025 547
6289 548
4926 549
1390 550
5086 551
8191 552
7519 553
6004 554
3093 555
9842 556
10841 557
3014 558
12330 559
5733 560
11898 561
1123 562
9911 563
8821 564
710 565
11626 566
10573 567
10235 568
10971 569
7610 570
3671 571
1965 572
9357 573
7978 574
8049 575
9920 576
9371 577
5447 578
5705 579
2692 580
11121 581
5864 582
10128 583
2666 584
166 585
5928 586
1703 587
11544 588
2759 589
10530 590
3398 591
7893 592
1103 593
181 594
4039 595
7753 596
1828 597
249 598
8271 599
10654 600
804 601
12490 602
6651 603
10303 604
10990 605
2928 606
4983 607
5420 608
3754 609
2191 610
11999 611
6927 612
3359 613
9434 614
11206 615
10987 616
4267 617
536 618
2112 619
5416 620
3617 621
6396 622
3905 623
724 624
624 625
2468 626
10678 627
3091 628
5814 629
3846 630
2070 631
1715 632
11878 633
12219 634
1819 635
7268 636
8266 637
4625 638
5700 639
1236 640
9478 641
4521 642
8517 643
2301 644
2598 645
4060 646
1352 647
8481 648
3225 649
5159 650
7470 651
10136 652
9186 653
7001 654
2680 655
12159 656
3503 657
1356 658
10136 659
4458 660
6368 661
4104 662
3525 663
6265 664
2481 665
1185 666
88 667
3216 668
8143 669
3081 670
9191 671
385 672
7363 673
3138 674
11927 675
2780 676
983 677
7817 678
7294 679
33 680
2110 681
3974 682
2675 683
7874 684
4924 685
2860 686
11983 687
3492 688
10072 689
5390 690
7575 691
721 692
11230 693
7821 694
8063 695
6505 696
2980 697
1791 698
980 699
9033 700
2321 701
99 702
5763 703
6935 704
7970 705
6404 706
774 707
9588 708
811 709
10772 710
3742 711
1525 712
4653 713
11015 714
4019 715
9936 716
12268 717
4570 718
5252 719
4456 720
7157 721
1471 722
10689 723
9420 724
2127 725
10109 726
3300 727
6141 728
9198 729
3712 730
9115 731
8813 732
3072 733
7575 734
7089 735
9076 736
7292 737
5182 738
3041 739
6727 740
9333 741
2391 742
10442 743
5391 744
7518 745
10776 746
10190 747
8857 748
5237 749
8157 750
3724 751
11543 752
3664 753
8245 754
6171 755
7111 756
431 757
994 758
10428 759
4001 760
12042 761
5549 762
10756 763
7655 764
8758 765
10295 766
7500 767
2033 768
5160 769
462 770
1256 771
11326 772
10968 773
6423 774
11091 775
10163 776
9002 777
549 778
3130 779
12143 780
10502 781
4413 782
4681 783
4732 784
10589 785
480 786
2050 787
7491 788
2132 789
5220 790
12019 791
6026 792
8861 793
11500 794
11344 795
489 796
7092 797
510 798
9583 799
4190 800
11633 801
5008 802
124 803
2168 804
4661 805
6239 806
7172 807
7271 808
142 809
8950 810
1704 811
12199 812
4564 813
12256 814
4482 815
4811 816
5681 817
11846 818
9311 819
5422 820
2157 821
7998 822
10561 823
1847 824
1075 825
2207 826
6510 827
9251 828
7319 829
9170 830
4839 831
4321 832
9394 833
6403 834
9721 835
2159 836
3455 837
5793 838
9812 839
10360 840
5509 841
11521 842
6871 843
8718 844
5889 845
9235 846
3057 847
206 848
6211 849
6550 850
1646 851
5325 852
9483 853
3237 854
5592 855
2037 856
301 857
3486 858
7339 859
241 860
5467 861
6288 862
2517 863
3964 864
10666 865
1270 866
1655 867
218 868
2669 869
8656 870
10193 871
2676 872
9668 873
3815 874
953 875
3524 876
10684 877
9379 878
10463 879
12181 880
2529 881
6848 882
12053 883
6957 884
7976 885
1215 886
6741 887
34 888
6309 889
7924 890
1688 891
11415 892
11648 893
590 894
1335 895
9351 896
391 897
2978 898
9255 899
1638 900
10367 901
2685 902
10611 903
7371 904
1896 905
3634 906
4969 907
6622 908
12050 909
7257 910
2537 911
10625 912
6247 913
7074 914
8242 915
10716 916
11105 917
9891 918
9606 919
3958 920
7543 921
7830 922
5722 923
10159 924
2101 925
7614 926
889 927
2363 928
10848 929
1936 930
4513 931
11736 932
9079 933
5715 934
2660 935
9487 936
4055 937
7282 938
12421 939
8148 940
554 941
10006 942
10702 943
5814 944
4821 945
11154 946
11845 947
3862 948
4463 949
8854 950
4073 951
11316 952
6583 953
2056 954
11798 955
6284 956
8411 957
4320 958
5585 959
7830 960
8059 961
12226 962
8170 963
2671 964
6051 965
6391 966
5075 967
3488 968
7615 969
8435 970
8317 971
9562 972
7289 973
11793 974
12107 975
2191 976
5386 977
1377 978
10289 979
12222 980
5531 981
1033 982
573 983
2032 984
9223 985
3293 986
3529 987
11273 988
9313 989
7658 990
3196 991
6538 992
6358 993
4352 994
1594 995
9166 996
1323 997
2819 998
8232 999
6781 1000
11841 1001
2056 1002
6662 1003
7649 1004
5909 1005
975 1006
5224 1007
9006 1008
10523 1009
4940 1010
432 1011
8674 1012
5446 1013
11090 1014
5496 1015
2518 1016
8982 1017
11941 1018
9787 1019
1602 1020
9378 1021
9329 1022
3208 1023
10513 1024
9087 1025
1096 1026
810 1027
8442 1028
2361 1029
10676 1030
4204 1031
3944 1032
7555 1033
4314 1034
4186 1035
2209 1036
12194 1037
645 1038
6865 1039
10101 1040
362 1041
4045 1042
6003 1043
3965 1044
11246 1045
9698 1046
5864 1047
2549 1048
1214 1049
7982 1050
8447 1051
3214 1052
3688 1053
6545 1054
5152 1055
94 1056
1134 1057
4923 1058
6637 1059
10867 1060
11417 1061
10403 1062
10515 1063
496 1064
4214 1065
2384 1066
5293 1067
5008 1068
10509 1069
12345 1070
7449 1071
5353 1072
4991 1073
8472 1074
7163 1075
6528 1076
11829 1077
2627 1078
11764 1079
4702 1080
7844 1081
7426 1082
11895 1083
1987 1084
11610 1085
12027 1086
1317 1087
4431 1088
5554 1089
9219 1090
2218 1091
1105 1092
9824 1093
2753 1094
1891 1095
4820 1096
11996 1097
10871 1098
4201 1099
7284 1100
10407 1101
2781 1102
6013 1103
2650 1104
529 1105
4073 1106
75 1107
6303 1108
1363 1109
4118 1110
9259 1111
10494 1112
3666 1113
7648 1114
1969 1115
10440 1116
5413 1117
4771 1118
7388 1119
10397 1120
5545 1121
8692 1122
2586 1123
4253 1124
7328 1125
12017 1126
8771 1127
221 1128
4409 1129
2909 1130
921 1131
7437 1132
3117 1133
2067 1134
10287 1135
376 1136
12166 1137
820 1138
2064 1139
12173 1140
10986 1141
3648 1142
2765 1143
6513 1144
6644 1145
949 1146
9791 1147
11063 1148
6495 1149
5278 1150
9923 1151
6133 1152
8396 1153
7541 1154
10324 1155
2787 1156
11791 1157
6727 1158
1853 1159
6988 1160
1872 1161
10906 1162
9983 1163
7695 1164
3683 1165
1540 1166
3628 1167
8610 1168
6675 1169
6362 1170
8916 1171
3105 1172
4224 1173
3700 1174
7554 1175
5626 1176
5683 1177
4781 1178
7852 1179
7754 1180
7761 1181
132 1182
11811 1183
11960 1184
8926 1185
664 1186
5409 1187
836 1188
8713 1189
275 1190
5617 1191
9583 1192
2644 1193
9801 1194
6136 1195
3494 1196
4570 1197
11848 1198
166 1199
6146 1200
12000 1201
3915 1202
11162 1203
6802 1204
5547 1205
5662 1206
9302 1207
3439 1208
2434 1209
1053 1210
1892 1211
9459 1212
817 1213
1849 1214
12176 1215
7414 1216
4820 1217
5571 1218
2664 1219
9790 1220
661 1221
7643 1222
4040 1223
8043 1224
7802 1225
4394 1226
3524 1227
8010 1228
5607 1229
532 1230
1977 1231
968 1232
9962 1233
1628 1234
3629 1235
11950 1236
8203 1237
6248 1238
7067 1239
6462 1240
5846 1241
9303 1242
1429 1243
9729 1244
2698 1245
2918 1246
1565 1247
5826 1248
5155 1249
