1200 600
7063 0
6416 1
8445 2
1409 3
11037 4
1813 5
1549 6
10851 7
4469 8
6104 9
10634 10
8770 11
1850 12
7466 13
10737 14
1381 15
3440 16
7574 17
8869 18
3276 19
7927 20
7908 21
11888 22
44 23
11135 24
10611 25
7869 26
8211 27
9769 28
5830 29
9821 30
7643 31
6113 32
9855 33
7157 34
10531 35
2624 36
1054 37
6018 38
87 39
2460 40
8818 41
11892 42
6536 43
3525 44
454 45
1952 46
6414 47
648 48
5197 49
6637 50
2445 51
7297 52
5086 53
3377 54
227 55
5676 56
3554 57
5138 58
8875 59
11618 60
7138 61
9055 62
7112 63
7319 64
8496 65
9922 66
1856 67
9475 68
1382 69
2476 70
10634 71
8871 72
9254 73
6367 74
3552 75
338 76
10523 77
8254 78
1985 79
6768 80
1239 81
6592 82
1090 83
2683 84
2863 85
415 86
3684 87
1905 88
2248 89
9108 90
8967 91
10612 92
6270 93
2812 94
9683 95
9821 96
9045 97
7918 98
5174 99
10570 100
119 101
2601 102
4572 103
10298 104
8926 105
1176 106
9502 107
11345 108
3059 109
9649 110
7361 111
9620 112
5638 113
8348 114
247 115
8163 116
4524 117
8951 118
4634 119
1867 120
659 121
11626 122
5065 123
1379 124
4913 125
3288 126
6473 127
45 128
10163 129
5140 130
471 131
9013 132
7780 133
8776 134
2796 135
1908 136
9131 137
6476 138
5840 139
3020 140
11165 141
2184 142
9895 143
7560 144
1563 145
4486 146
11492 147
9345 148
2018 149
11601 150
7982 151
630 152
7683 153
6105 154
6192 155
4776 156
2354 157
9155 158
1498 159
8474 160
3682 161
7168 162
5738 163
11966 164
8980 165
5507 166
595 167
4926 168
3218 169
9227 170
3736 171
10266 172
9228 173
1565 174
9381 175
8397 176
11167 177
6896 178
7246 179
10071 180
3189 181
1166 182
5325 183
6807 184
2156 185
9892 186
1460 187
8419 188
6396 189
1491 190
9254 191
10496 192
8918 193
250 194
4491 195
6160 196
11490 197
9535 198
7656 199
4027 200
6694 201
1782 202
11327 203
4641 204
1687 205
8685 206
5914 207
11829 208
514 209
9242 210
6804 211
11858 212
8678 213
6014 214
7065 215
8058 216
2796 217
2093 218
2161 219
10824 220
7032 221
5214 222
4600 223
4874 224
6259 225
6607 226
3398 227
8743 228
3534 229
11428 230
2971 231
6723 232
6017 233
7481 234
250 235
4478 236
4913 237
123 238
10449 239
7166 240
6808 241
7860 242
11910 243
3518 244
10604 245
5806 246
3670 247
10538 248
8849 249
11569 250
8356 251
10175 252
7356 253
3812 254
6257 255
4877 256
4522 257
1889 258
9773 259
8595 260
2647 261
4262 262
4730 263
11094 264
7607 265
7712 266
11776 267
9406 268
2342 269
1164 270
7198 271
652 272
19 273
7260 274
344 275
3690 276
9641 277
3286 278
11081 279
685 280
10173 281
6605 282
8076 283
6947 284
3 285
7971 286
4613 287
1190 288
8174 289
10210 290
5190 291
867 292
5240 293
2450 294
6431 295
6392 296
767 297
10436 298
3345 299
7757 300
4903 301
8121 302
4668 303
8661 304
9927 305
10785 306
4176 307
9703 308
566 309
5097 310
9353 311
4281 312
1040 313
1740 314
9048 315
705 316
6986 317
8638 318
2310 319
2950 320
3368 321
7490 322
3693 323
3643 324
3876 325
2643 326
7657 327
2964 328
2562 329
5367 330
10906 331
5585 332
4527 333
1159 334
11817 335
2238 336
5221 337
6434 338
8311 339
3715 340
3229 341
9694 342
10879 343
7121 344
1329 345
5056 346
8756 347
2884 348
11244 349
9037 350
10992 351
10087 352
8174 353
1240 354
8784 355
10911 356
11802 357
7220 358
1535 359
5938 360
10198 361
4358 362
816 363
2775 364
2744 365
4679 366
7960 367
11854 368
2478 369
2770 370
2818 371
2583 372
3908 373
11352 374
2905 375
3781 376
7570 377
8885 378
5077 379
9323 380
3915 381
5588 382
8884 383
72 384
632 385
4390 386
3261 387
9547 388
7221 389
6273 390
11664 391
11284 392
9972 393
11056 394
3417 395
9836 396
138 397
10506 398
2609 399
10845 400
11780 401
3300 402
6491 403
7628 404
2939 405
6800 406
2611 407
5639 408
696 409
5887 410
10707 411
2731 412
2334 413
489 414
7609 415
7785 416
535 417
5793 418
5291 419
9380 420
8056 421
7028 422
8711 423
6927 424
6684 425
3034 426
6082 427
7191 428
3998 429
9585 430
6487 431
9493 432
5639 433
396 434
6472 435
4808 436
1675 437
8815 438
4661 439
8516 440
3821 441
10904 442
8067 443
1482 444
1127 445
4480 446
6733 447
2528 448
8322 449
9335 450
1724 451
4798 452
4014 453
2578 454
9875 455
6485 456
4601 457
8640 458
11915 459
4639 460
5462 461
6903 462
4270 463
4728 464
1712 465
5286 466
5305 467
11625 468
1221 469
4332 470
2081 471
1233 472
2590 473
2411 474
7982 475
6138 476
2286 477
9778 478
3096 479
9997 480
11768 481
6877 482
10051 483
2880 484
5840 485
9370 486
11341 487
10654 488
11567 489
1952 490
450 491
256 492
4133 493
4215 494
10545 495
9130 496
10087 497
4239 498
7499 499
4956 500
4799 501
3699 502
2158 503
6707 504
5053 505
9992 506
5914 507
8251 508
3329 509
11733 510
6302 511
6921 512
2983 513
9184 514
5521 515
5421 516
10811 517
7168 518
9809 519
1747 520
5898 521
1751 522
3008 523
11232 524
6492 525
9826 526
674 527
4035 528
8927 529
6932 530
7972 531
3074 532
8324 533
3609 534
9912 535
4674 536
9903 537
5858 538
4675 539
10569 540
8967 541
9316 542
9511 543
8374 544
3423 545
2865 546
8763 547
3495 548
10898 549
7478 550
7160 551
4427 552
5745 553
4647 554
7523 555
531 556
5449 557
8023 558
3820 559
7337 560
6696 561
5477 562
372 563
9591 564
10950 565
611 566
997 567
1213 568
6819 569
4621 570
10081 571
11311 572
4749 573
1701 574
6858 575
10720 576
1891 577
2051 578
7444 579
3196 580
8215 581
5339 582
9374 583
11591 584
3835 585
1035 586
8874 587
11620 588
5189 589
9990 590
6741 591
2208 592
5458 593
6393 594
3269 595
8571 596
6354 597
11501 598
1595 599
10382 600
7602 601
2506 602
6803 603
10913 604
2935 605
6569 606
4705 607
11992 608
3715 609
939 610
9276 611
4302 612
2636 613
9294 614
11796 615
8014 616
10092 617
2986 618
9912 619
2186 620
8362 621
11515 622
9431 623
3019 624
7409 625
2975 626
5225 627
8334 628
10378 629
10509 630
5982 631
8834 632
10042 633
4043 634
3939 635
3678 636
3685 637
1180 638
4847 639
4115 640
2248 641
6068 642
8672 643
10351 644
6193 645
4179 646
3502 647
10096 648
7443 649
6638 650
2727 651
1519 652
1434 653
3852 654
10846 655
7525 656
9376 657
7993 658
6325 659
7537 660
8109 661
10747 662
6093 663
4289 664
1025 665
4824 666
2002 667
4384 668
2639 669
6239 670
11503 671
2043 672
5345 673
5957 674
10298 675
1179 676
7325 677
1408 678
5772 679
9363 680
2337 681
3502 682
8612 683
709 684
10920 685
6116 686
3762 687
3264 688
8356 689
2594 690
8288 691
10721 692
10775 693
2841 694
7748 695
11548 696
8275 697
11387 698
7213 699
6165 700
11446 701
9276 702
9137 703
4481 704
10801 705
4246 706
2382 707
2825 708
10400 709
4242 710
11413 711
7634 712
2629 713
1893 714
410 715
8985 716
10217 717
4670 718
2428 719
9518 720
6908 721
6130 722
6810 723
4696 724
6285 725
2147 726
1280 727
11453 728
10733 729
258 730
7916 731
592 732
8075 733
1258 734
6720 735
5124 736
658 737
3434 738
4723 739
8044 740
10183 741
492 742
2210 743
11292 744
5752 745
1239 746
7525 747
3071 748
7348 749
4494 750
3440 751
5949 752
7705 753
2400 754
11031 755
7526 756
1153 757
4649 758
1728 759
4648 760
9236 761
3386 762
2246 763
8727 764
4189 765
2962 766
7460 767
4490 768
5519 769
4580 770
5349 771
4239 772
8109 773
1838 774
10510 775
3558 776
245 777
2493 778
4362 779
7801 780
1846 781
11233 782
7827 783
608 784
5182 785
2433 786
2532 787
5599 788
10918 789
9018 790
16 791
6116 792
6557 793
4663 794
4999 795
4093 796
7511 797
8890 798
8962 799
8804 800
1315 801
9231 802
5192 803
4808 804
11314 805
5661 806
9898 807
10022 808
1263 809
35 810
1653 811
4747 812
2183 813
2499 814
2840 815
5764 816
11550 817
6744 818
2633 819
1205 820
514 821
10139 822
4422 823
3021 824
5359 825
11501 826
7793 827
10004 828
1280 829
3715 830
11584 831
548 832
11739 833
11452 834
8112 835
4283 836
2488 837
5787 838
3680 839
7619 840
5803 841
1152 842
10583 843
2202 844
7666 845
6353 846
9251 847
1497 848
10120 849
11079 850
4260 851
4631 852
9517 853
6437 854
10576 855
10995 856
10842 857
198 858
1023 859
315 860
10025 861
10666 862
1236 863
4649 864
11482 865
860 866
7868 867
11071 868
6376 869
490 870
3278 871
8453 872
4440 873
10397 874
9461 875
3044 876
5053 877
1437 878
625 879
2777 880
8093 881
6100 882
6682 883
11288 884
10489 885
3069 886
2504 887
3564 888
6169 889
2988 890
1600 891
1090 892
2028 893
2434 894
11886 895
9707 896
2576 897
2795 898
8164 899
176 900
11933 901
5084 902
6723 903
9267 904
10954 905
9069 906
568 907
11575 908
6783 909
4703 910
11961 911
957 912
8199 913
10572 914
3050 915
8069 916
9514 917
7153 918
10599 919
2709 920
9761 921
10313 922
973 923
10826 924
1541 925
4222 926
1697 927
5768 928
10077 929
11473 930
8303 931
9541 932
3456 933
8283 934
11632 935
9233 936
8132 937
1201 938
936 939
3488 940
5658 941
1296 942
2888 943
7869 944
3851 945
9680 946
4001 947
2078 948
10686 949
11684 950
6558 951
9275 952
1242 953
8107 954
4774 955
3314 956
3682 957
11733 958
2730 959
3190 960
5795 961
4077 962
10007 963
7327 964
10381 965
10017 966
9860 967
11679 968
205 969
9003 970
2265 971
4013 972
2312 973
6927 974
1029 975
10007 976
11500 977
2085 978
4015 979
9452 980
2308 981
9664 982
551 983
3679 984
9564 985
3075 986
11907 987
3780 988
5995 989
3743 990
7436 991
4729 992
9857 993
7209 994
10806 995
7776 996
8463 997
8189 998
3569 999
10214 1000
8721 1001
6859 1002
11156 1003
6990 1004
6533 1005
10861 1006
7428 1007
9851 1008
8841 1009
9004 1010
897 1011
234 1012
5489 1013
10956 1014
6029 1015
1182 1016
10099 1017
2275 1018
9069 1019
3276 1020
3856 1021
7280 1022
2214 1023
3908 1024
9933 1025
1736 1026
8501 1027
272 1028
8243 1029
8308 1030
11033 1031
10499 1032
7707 1033
169 1034
5924 1035
3155 1036
10839 1037
910 1038
9371 1039
9082 1040
5250 1041
620 1042
1271 1043
409 1044
1309 1045
1667 1046
11521 1047
8675 1048
9748 1049
5468 1050
7144 1051
9002 1052
45 1053
7814 1054
8684 1055
6858 1056
8154 1057
6539 1058
2257 1059
9588 1060
2076 1061
5396 1062
7395 1063
1516 1064
5739 1065
10129 1066
7137 1067
4961 1068
3506 1069
9246 1070
9037 1071
8948 1072
6282 1073
3364 1074
6511 1075
8150 1076
2614 1077
11678 1078
8009 1079
7115 1080
11264 1081
4274 1082
6718 1083
11801 1084
8642 1085
839 1086
3180 1087
8575 1088
4343 1089
10736 1090
10562 1091
5665 1092
3618 1093
9148 1094
9141 1095
5274 1096
10854 1097
1904 1098
10747 1099
11564 1100
10215 1101
2882 1102
9470 1103
11349 1104
8004 1105
2267 1106
1688 1107
3721 1108
5152 1109
4904 1110
901 1111
5175 1112
641 1113
11081 1114
906 1115
2049 1116
9002 1117
147 1118
7137 1119
3746 1120
119 1121
7699 1122
3105 1123
7149 1124
10653 1125
1816 1126
7546 1127
10794 1128
8587 1129
7086 1130
4997 1131
4115 1132
9061 1133
1699 1134
4185 1135
2732 1136
5188 1137
5915 1138
5352 1139
1278 1140
10522 1141
3643 1142
1347 1143
11879 1144
7752 1145
5097 1146
5639 1147
2012 1148
3046 1149
10373 1150
10576 1151
630 1152
1277 1153
5594 1154
277 1155
7986 1156
4738 1157
8652 1158
10353 1159
3007 1160
9510 1161
10561 1162
4272 1163
11885 1164
832 1165
5533 1166
9090 1167
6003 1168
7382 1169
8628 1170
2089 1171
443 1172
198 1173
4799 1174
5683 1175
8044 1176
244 1177
9274 1178
10215 1179
5992 1180
11835 1181
11843 1182
9586 1183
3991 1184
7502 1185
6875 1186
8509 1187
4544 1188
10245 1189
8864 1190
4816 1191
11148 1192
8865 1193
8151 1194
2650 1195
10624 1196
6137 1197
4722 1198
3246 1199
