1000 400
1785 0
6976 1
9714 2
1958 3
7743 4
1378 5
8383 6
5875 7
8021 8
9267 9
2450 10
6752 11
7095 12
5549 13
327 14
3896 15
5723 16
6231 17
8475 18
2981 19
4488 20
4183 21
2177 22
3922 23
8315 24
1351 25
4028 26
9600 27
1712 28
4815 29
572 30
2461 31
9875 32
9386 33
2731 34
6626 35
3981 36
5899 37
6667 38
9384 39
4502 40
6483 41
4255 42
3465 43
4844 44
271 45
3851 46
4537 47
1091 48
4388 49
7184 50
8825 51
2284 52
9859 53
7948 54
9911 55
5267 56
7580 57
6743 58
7059 59
6251 60
8719 61
8027 62
9969 63
5588 64
6123 65
3052 66
7685 67
1628 68
4975 69
2954 70
635 71
6617 72
6015 73
5125 74
9369 75
1833 76
5483 77
6117 78
7378 79
4953 80
9335 81
6597 82
6405 83
5338 84
9402 85
4020 86
9216 87
2846 88
4149 89
4296 90
7914 91
3341 92
231 93
7375 94
3838 95
9793 96
6053 97
995 98
8189 99
9094 100
207 101
2441 102
5220 103
3048 104
287 105
3818 106
1278 107
4193 108
1225 109
76 110
4886 111
1588 112
6712 113
811 114
3152 115
7576 116
8591 117
5255 118
7212 119
309 120
4729 121
3590 122
9499 123
3524 124
3888 125
3397 126
7570 127
9729 128
4804 129
1703 130
9163 131
1299 132
7745 133
72 134
8419 135
8446 136
2710 137
9240 138
8376 139
1007 140
1661 141
3471 142
5718 143
1778 144
1392 145
8029 146
3885 147
5823 148
2321 149
8842 150
4553 151
3535 152
7863 153
4194 154
9592 155
1245 156
308 157
3631 158
1973 159
764 160
3218 161
5679 162
6815 163
1127 164
6039 165
6857 166
9340 167
9963 168
4576 169
7032 170
2829 171
1292 172
2268 173
1779 174
9662 175
8852 176
5807 177
303 178
9481 179
4378 180
7344 181
5381 182
9297 183
1165 184
5880 185
8708 186
9210 187
9337 188
4285 189
6040 190
9428 191
226 192
1949 193
1364 194
810 195
5181 196
5988 197
6051 198
372 199
114 200
2972 201
823 202
104 203
1580 204
6778 205
3610 206
1559 207
458 208
7347 209
2151 210
6342 211
648 212
2147 213
7076 214
8690 215
777 216
7283 217
3975 218
6831 219
4577 220
4816 221
1812 222
1480 223
7276 224
8767 225
5329 226
1143 227
8031 228
7277 229
1168 230
6103 231
5266 232
4281 233
9865 234
6351 235
3444 236
3563 237
9232 238
3500 239
74 240
1624 241
9974 242
5236 243
9013 244
8222 245
5573 246
3841 247
496 248
3407 249
5829 250
321 251
429 252
2757 253
7091 254
52 255
6842 256
9789 257
6803 258
7322 259
6000 260
3302 261
7836 262
8612 263
5724 264
3594 265
6320 266
3361 267
5030 268
4469 269
6147 270
1098 271
1529 272
8626 273
153 274
3195 275
6542 276
3287 277
7351 278
5156 279
4664 280
7817 281
6424 282
5203 283
6912 284
3877 285
3225 286
3551 287
6954 288
6714 289
4709 290
6459 291
528 292
6256 293
1272 294
4638 295
3183 296
1448 297
6311 298
8811 299
9382 300
6937 301
3063 302
6178 303
9662 304
3645 305
896 306
6435 307
7100 308
6423 309
6635 310
2066 311
1253 312
8220 313
5924 314
518 315
2963 316
8796 317
3037 318
2251 319
9626 320
764 321
1010 322
3835 323
756 324
9910 325
17 326
7140 327
2942 328
7016 329
6927 330
4646 331
4306 332
9452 333
8644 334
2602 335
1349 336
5153 337
5230 338
9812 339
7022 340
6682 341
4069 342
7968 343
3531 344
4300 345
3455 346
9800 347
7587 348
1662 349
6496 350
9359 351
6844 352
2697 353
6305 354
2464 355
1743 356
2287 357
5776 358
2411 359
8352 360
921 361
502 362
6187 363
8276 364
4185 365
2569 366
3291 367
8118 368
967 369
1812 370
7584 371
6072 372
8485 373
9540 374
5220 375
713 376
4979 377
8870 378
2795 379
950 380
4457 381
685 382
2785 383
285 384
4250 385
7477 386
2169 387
3747 388
727 389
5946 390
6545 391
5555 392
5824 393
3861 394
6127 395
5129 396
5879 397
6637 398
8510 399
105 400
876 401
3296 402
5220 403
8214 404
9705 405
741 406
9752 407
558 408
3624 409
2306 410
7776 411
8297 412
9093 413
97 414
5433 415
2392 416
4702 417
9686 418
6367 419
5940 420
9393 421
2797 422
7316 423
5569 424
3184 425
911 426
3655 427
6855 428
735 429
3497 430
6445 431
6109 432
615 433
2485 434
4694 435
5209 436
7400 437
9160 438
232 439
7101 440
1907 441
1111 442
9228 443
3376 444
100 445
264 446
692 447
426 448
5350 449
3976 450
2832 451
2153 452
5473 453
1257 454
2781 455
7807 456
5200 457
5580 458
981 459
9545 460
3492 461
7477 462
4827 463
8673 464
5107 465
8964 466
7151 467
6021 468
1660 469
3185 470
5529 471
7704 472
9839 473
5544 474
2359 475
579 476
6375 477
4837 478
9454 479
6595 480
1011 481
4042 482
9975 483
5064 484
6742 485
7722 486
1339 487
9167 488
8731 489
2124 490
4976 491
1242 492
1490 493
4973 494
4495 495
160 496
4956 497
3975 498
357 499
1196 500
2944 501
2214 502
6455 503
9476 504
4465 505
727 506
6786 507
551 508
5255 509
597 510
8095 511
2775 512
50 513
8387 514
7270 515
2598 516
4071 517
681 518
2785 519
1636 520
2017 521
7629 522
6059 523
2288 524
792 525
7765 526
7047 527
8359 528
1743 529
7493 530
3860 531
1568 532
4973 533
864 534
513 535
3272 536
2156 537
7235 538
7057 539
6265 540
3456 541
9225 542
2382 543
1998 544
1896 545
5838 546
4767 547
3843 548
9449 549
3685 550
8221 551
9520 552
1838 553
7030 554
3103 555
4995 556
2984 557
9291 558
8518 559
7163 560
481 561
6406 562
3613 563
8892 564
3724 565
6841 566
8787 567
1805 568
658 569
3851 570
6260 571
9801 572
9781 573
7921 574
3551 575
9487 576
5275 577
1981 578
7633 579
9217 580
5673 581
7182 582
4200 583
9716 584
3281 585
8259 586
4912 587
9787 588
9646 589
802 590
1971 591
3166 592
8354 593
7804 594
1191 595
8821 596
4494 597
471 598
2341 599
7255 600
2446 601
8319 602
5889 603
3585 604
4813 605
5879 606
5966 607
107 608
8184 609
3916 610
2866 611
6914 612
672 613
6041 614
5528 615
2190 616
8352 617
8230 618
8469 619
3502 620
5523 621
8644 622
2730 623
9423 624
7918 625
7431 626
3558 627
2487 628
1653 629
29 630
4369 631
1999 632
7305 633
3232 634
8890 635
2316 636
4382 637
329 638
7408 639
4146 640
238 641
1472 642
7571 643
9398 644
7166 645
452 646
1339 647
1826 648
8482 649
748 650
7997 651
1176 652
9694 653
6948 654
9409 655
9511 656
1951 657
2657 658
3498 659
2542 660
7199 661
4970 662
264 663
4730 664
2449 665
6523 666
2918 667
9911 668
2476 669
659 670
3707 671
2659 672
5854 673
6943 674
6759 675
4093 676
7912 677
4263 678
4425 679
5047 680
9151 681
2020 682
6036 683
9587 684
5402 685
4511 686
7456 687
8426 688
4544 689
6826 690
8450 691
5414 692
5283 693
1890 694
8009 695
5213 696
6068 697
4635 698
3000 699
7118 700
1581 701
2653 702
6400 703
7197 704
4729 705
8033 706
8191 707
5656 708
6341 709
4220 710
3691 711
6218 712
8263 713
575 714
529 715
4321 716
4180 717
9231 718
8305 719
6748 720
3608 721
1277 722
5890 723
4355 724
9264 725
8580 726
5650 727
4273 728
2317 729
6611 730
6208 731
5657 732
1759 733
2011 734
401 735
9017 736
5469 737
1379 738
7933 739
8157 740
4694 741
5166 742
4840 743
5881 744
7307 745
1527 746
401 747
3731 748
1972 749
5380 750
477 751
7168 752
8557 753
1781 754
5681 755
3949 756
4013 757
9143 758
4595 759
7771 760
6860 761
5895 762
4085 763
2610 764
7963 765
8053 766
1274 767
4750 768
9975 769
5874 770
3557 771
9451 772
1074 773
4023 774
1835 775
6251 776
3947 777
1034 778
6370 779
2903 780
8456 781
9261 782
8425 783
2535 784
5639 785
9243 786
2451 787
7517 788
9777 789
3787 790
7304 791
6072 792
4229 793
1699 794
3312 795
7981 796
7441 797
3310 798
1735 799
1592 800
8101 801
3445 802
7587 803
2849 804
5645 805
7044 806
7294 807
77 808
5075 809
8025 810
6830 811
1319 812
5849 813
9206 814
5155 815
218 816
7696 817
5836 818
2302 819
455 820
7212 821
6556 822
8622 823
9037 824
348 825
6748 826
6279 827
6281 828
7162 829
6119 830
1792 831
2032 832
5200 833
5975 834
6528 835
3234 836
1688 837
7814 838
2362 839
1065 840
5747 841
2627 842
8203 843
6744 844
7159 845
8398 846
1017 847
8840 848
1312 849
3 850
2909 851
5388 852
8122 853
551 854
8747 855
6760 856
5593 857
794 858
8887 859
832 860
378 861
4578 862
4223 863
3862 864
1618 865
4023 866
9416 867
5880 868
7170 869
9272 870
188 871
7038 872
6762 873
7136 874
2696 875
2417 876
230 877
5885 878
8052 879
4133 880
6596 881
5895 882
8119 883
3134 884
8125 885
6813 886
6038 887
719 888
8896 889
7666 890
5433 891
2293 892
1952 893
469 894
9 895
4629 896
6358 897
6601 898
608 899
130 900
8576 901
3490 902
8612 903
677 904
8008 905
567 906
5854 907
1010 908
8939 909
3950 910
5197 911
7841 912
8089 913
1570 914
4183 915
7781 916
1560 917
8820 918
3502 919
9517 920
8907 921
5059 922
5737 923
6627 924
8024 925
478 926
6590 927
4566 928
7520 929
3287 930
6451 931
5336 932
2179 933
1367 934
6309 935
3318 936
3783 937
1678 938
5737 939
7259 940
1884 941
8970 942
106 943
7377 944
8264 945
5747 946
8409 947
5272 948
1808 949
5639 950
4345 951
6883 952
211 953
5805 954
6199 955
8628 956
2816 957
9527 958
5453 959
2753 960
1775 961
4173 962
9407 963
6326 964
3724 965
9019 966
3820 967
9951 968
2916 969
9358 970
3128 971
3293 972
612 973
5316 974
9079 975
7240 976
8901 977
398 978
5311 979
3766 980
2749 981
8171 982
3897 983
1443 984
7957 985
3150 986
6857 987
2541 988
686 989
2301 990
8667 991
8655 992
7935 993
7253 994
2805 995
2694 996
5872 997
4571 998
2818 999
