1200 1300
3752 0
3405 1
10243 2
391 3
3017 4
4237 5
5462 6
6686 7
5166 8
8294 9
9488 10
877 11
2620 12
11463 13
1293 14
11843 15
5983 16
2602 17
2131 18
11655 19
5255 20
10498 21
3764 22
2255 23
6007 24
712 25
10737 26
7186 27
595 28
6800 29
11447 30
8869 31
3788 32
2108 33
1971 34
11983 35
309 36
9619 37
3299 38
10733 39
5101 40
881 41
7468 42
3625 43
739 44
395 45
4995 46
2132 47
7019 48
3637 49
3389 50
9748 51
3520 52
6030 53
3661 54
8723 55
7101 56
1432 57
10452 58
7234 59
7791 60
4913 61
1236 62
1498 63
4667 64
10250 65
1677 66
6519 67
1365 68
7711 69
7474 70
4226 71
2016 72
6746 73
174 74
8513 75
7244 76
8746 77
2972 78
1742 79
1166 80
11616 81
1400 82
627 83
3881 84
2872 85
5620 86
6884 87
9109 88
651 89
4734 90
2968 91
8409 92
621 93
6753 94
9987 95
111 96
5106 97
2195 98
5181 99
6228 100
3506 101
9208 102
7879 103
3689 104
5251 105
7599 106
5719 107
844 108
4221 109
9414 110
6835 111
1938 112
10247 113
8742 114
1288 115
11973 116
11621 117
2298 118
11221 119
5009 120
4531 121
10533 122
11172 123
11592 124
11233 125
11841 126
5541 127
8929 128
2427 129
6053 130
4970 131
2823 132
4478 133
9789 134
6074 135
5547 136
928 137
3270 138
8366 139
1027 140
3529 141
7825 142
5892 143
9303 144
11237 145
9664 146
7165 147
5532 148
9398 149
1242 150
2431 151
4921 152
10317 153
6771 154
11366 155
10572 156
2506 157
8019 158
8191 159
3690 160
4561 161
617 162
7800 163
2667 164
9337 165
6377 166
9577 167
5093 168
3207 169
3577 170
6326 171
10419 172
8700 173
11517 174
4081 175
9814 176
7257 177
4178 178
4753 179
6264 180
808 181
894 182
11422 183
11415 184
4246 185
7242 186
4156 187
11812 188
5169 189
11167 190
11835 191
2290 192
7339 193
9330 194
8004 195
6811 196
10449 197
9856 198
4127 199
9055 200
9508 201
7402 202
8415 203
11426 204
3047 205
2291 206
10149 207
5958 208
6066 209
265 210
3646 211
2196 212
3208 213
382 214
1687 215
9886 216
4614 217
6714 218
9012 219
9637 220
10031 221
9577 222
2998 223
1085 224
6433 225
6421 226
2624 227
4757 228
3226 229
3352 230
11676 231
835 232
10958 233
4897 234
5756 235
8949 236
7848 237
6218 238
1188 239
3190 240
430 241
6999 242
5967 243
691 244
4883 245
1534 246
3394 247
2577 248
8869 249
11164 250
2003 251
5296 252
10029 253
9640 254
11072 255
8897 256
11057 257
3756 258
1576 259
2133 260
11005 261
8664 262
4465 263
3757 264
7183 265
1425 266
1958 267
6469 268
955 269
9381 270
5668 271
9004 272
4205 273
5479 274
6071 275
372 276
1215 277
1908 278
11380 279
3402 280
3089 281
1181 282
1542 283
10962 284
5568 285
7096 286
10874 287
2346 288
10848 289
10896 290
11326 291
11765 292
3059 293
1174 294
9328 295
10155 296
6224 297
1374 298
1567 299
8890 300
3387 301
10672 302
1672 303
2329 304
1935 305
9848 306
6065 307
4221 308
876 309
5268 310
11233 311
2679 312
340 313
7992 314
482 315
8566 316
6761 317
5476 318
942 319
8147 320
7301 321
11037 322
2242 323
9960 324
77 325
8772 326
3325 327
5884 328
1794 329
2431 330
834 331
1241 332
9359 333
5842 334
1780 335
3173 336
4721 337
7272 338
3675 339
8014 340
3775 341
7266 342
4410 343
9318 344
154 345
134 346
9913 347
7253 348
1479 349
8608 350
1005 351
11880 352
6926 353
10447 354
7399 355
10320 356
6329 357
9755 358
10400 359
9198 360
5462 361
1237 362
8721 363
3319 364
2271 365
10862 366
9866 367
5007 368
2942 369
10032 370
9778 371
10797 372
8310 373
6741 374
6799 375
6188 376
1117 377
138 378
8021 379
4374 380
6350 381
1053 382
5296 383
5329 384
10379 385
7394 386
11468 387
9017 388
1548 389
9433 390
6175 391
7633 392
3906 393
1372 394
5061 395
11455 396
4807 397
10498 398
9603 399
5963 400
8402 401
9492 402
2669 403
6023 404
6720 405
965 406
8906 407
6028 408
625 409
11037 410
10243 411
9749 412
7463 413
4445 414
2143 415
11900 416
9642 417
2995 418
4516 419
11209 420
11618 421
6397 422
9934 423
10488 424
11741 425
2943 426
11254 427
11440 428
3911 429
11648 430
5670 431
246 432
3732 433
3716 434
3563 435
1035 436
5919 437
8542 438
6204 439
7228 440
8177 441
677 442
11155 443
8485 444
8336 445
4620 446
9193 447
5392 448
4137 449
221 450
223 451
9877 452
335 453
7493 454
481 455
10605 456
6423 457
3814 458
11832 459
9769 460
8440 461
1172 462
713 463
6465 464
3229 465
1223 466
1849 467
1614 468
632 469
10479 470
6474 471
10330 472
10989 473
6237 474
6194 475
11238 476
188 477
4175 478
2040 479
3534 480
2055 481
7433 482
7863 483
8945 484
496 485
9130 486
8077 487
5987 488
3232 489
11482 490
6208 491
6560 492
5719 493
1079 494
247 495
3603 496
3377 497
4057 498
2356 499
7372 500
11830 501
4379 502
9511 503
7772 504
2415 505
3435 506
2540 507
5048 508
11141 509
5445 510
8931 511
3128 512
1806 513
469 514
8735 515
4809 516
3519 517
7230 518
5851 519
8616 520
2061 521
5502 522
2723 523
148 524
3745 525
1120 526
5224 527
9219 528
5893 529
3095 530
3041 531
220 532
3536 533
128 534
6583 535
222 536
6304 537
9451 538
6240 539
5442 540
10188 541
11475 542
6001 543
10927 544
2859 545
8208 546
11098 547
1539 548
6388 549
22 550
1848 551
951 552
1002 553
6503 554
3382 555
1751 556
2044 557
2367 558
1211 559
8375 560
11399 561
3634 562
3229 563
34 564
2329 565
4964 566
8040 567
1280 568
4133 569
7248 570
9981 571
8738 572
11688 573
413 574
11265 575
2109 576
8713 577
7216 578
7967 579
4316 580
7594 581
8979 582
11719 583
2218 584
10415 585
5420 586
9610 587
6237 588
7338 589
6887 590
4575 591
7361 592
8248 593
1259 594
9585 595
3354 596
837 597
11797 598
5215 599
10435 600
7807 601
10711 602
247 603
8730 604
3583 605
6276 606
3518 607
7044 608
10890 609
8876 610
8296 611
8710 612
10998 613
7995 614
7817 615
2251 616
849 617
7037 618
10306 619
6672 620
10475 621
2321 622
3875 623
11438 624
9560 625
11073 626
8296 627
2313 628
5525 629
5284 630
7522 631
8125 632
4546 633
2394 634
768 635
2282 636
2195 637
11308 638
287 639
9196 640
9792 641
10757 642
10620 643
10344 644
11970 645
10190 646
8104 647
2403 648
5608 649
2209 650
5105 651
2469 652
662 653
4108 654
4833 655
8272 656
7221 657
1676 658
6196 659
1300 660
9476 661
6180 662
6913 663
9875 664
8179 665
4618 666
4679 667
7125 668
7538 669
3505 670
9099 671
9203 672
5122 673
4493 674
9428 675
544 676
6388 677
1250 678
8691 679
10008 680
7273 681
1349 682
5957 683
8583 684
9829 685
2006 686
4687 687
1678 688
8072 689
9352 690
2415 691
7950 692
4682 693
1985 694
2521 695
3382 696
9902 697
1954 698
3910 699
3989 700
7147 701
4621 702
7251 703
674 704
6440 705
8935 706
1037 707
1840 708
11372 709
11331 710
9183 711
9742 712
1019 713
1180 714
9511 715
7567 716
5691 717
4249 718
3863 719
4050 720
5125 721
7280 722
11518 723
7414 724
2222 725
7043 726
5395 727
6233 728
5151 729
216 730
202 731
11849 732
6391 733
3726 734
477 735
7964 736
9484 737
5122 738
4568 739
96 740
2872 741
3244 742
5713 743
4023 744
74 745
1677 746
3421 747
2428 748
2780 749
9451 750
5887 751
571 752
6663 753
2416 754
5349 755
2688 756
3735 757
7848 758
7787 759
942 760
7330 761
7455 762
10604 763
10978 764
5267 765
665 766
4260 767
295 768
6395 769
1513 770
4522 771
1597 772
8347 773
1848 774
10516 775
8389 776
7930 777
7738 778
8256 779
2898 780
6824 781
1434 782
5701 783
11248 784
2939 785
1008 786
4588 787
11136 788
11393 789
1189 790
7140 791
2529 792
7176 793
5816 794
3692 795
3207 796
4297 797
2289 798
6547 799
1626 800
9203 801
4611 802
1821 803
10350 804
1494 805
11002 806
2814 807
10056 808
10296 809
7765 810
653 811
6540 812
8432 813
10690 814
8996 815
9885 816
10809 817
11229 818
5795 819
9447 820
8735 821
5800 822
8753 823
8887 824
10269 825
8456 826
8928 827
8249 828
10154 829
11826 830
3071 831
1794 832
10793 833
4222 834
8442 835
6759 836
3166 837
4711 838
5578 839
9742 840
5237 841
8367 842
11446 843
4080 844
8128 845
6683 846
4936 847
3756 848
2145 849
10978 850
2830 851
11720 852
6929 853
11464 854
5618 855
7293 856
4901 857
5366 858
11888 859
4468 860
9819 861
5574 862
5767 863
9111 864
10404 865
8707 866
1521 867
347 868
4226 869
6928 870
5024 871
8274 872
343 873
9464 874
1374 875
11800 876
2240 877
6014 878
4720 879
2601 880
1664 881
1703 882
9216 883
10619 884
3253 885
772 886
2750 887
9826 888
9647 889
6810 890
7064 891
304 892
311 893
11586 894
4450 895
6831 896
1627 897
10324 898
7167 899
10512 900
1123 901
7457 902
3801 903
10069 904
727 905
2916 906
1252 907
4685 908
7631 909
6317 910
1942 911
2089 912
361 913
8278 914
5739 915
5119 916
4191 917
784 918
8922 919
11444 920
4378 921
2780 922
6719 923
9674 924
1622 925
7505 926
7982 927
4974 928
5328 929
11515 930
9989 931
4037 932
4312 933
11327 934
9277 935
4886 936
4274 937
4122 938
8472 939
445 940
536 941
6326 942
11701 943
84 944
582 945
2550 946
5976 947
1509 948
6082 949
5718 950
7451 951
11052 952
8613 953
5585 954
3728 955
2093 956
10481 957
4106 958
9129 959
9968 960
668 961
4469 962
9692 963
2593 964
2841 965
3329 966
11853 967
4868 968
5814 969
11388 970
5949 971
11233 972
5504 973
9833 974
11285 975
7514 976
8527 977
2659 978
4711 979
2925 980
1543 981
4373 982
8273 983
3745 984
1813 985
10845 986
1582 987
8644 988
10180 989
10144 990
438 991
8942 992
9550 993
1873 994
3288 995
5921 996
845 997
8689 998
6960 999
1527 1000
3494 1001
2191 1002
6750 1003
6394 1004
2630 1005
1310 1006
9806 1007
4666 1008
10457 1009
6018 1010
8931 1011
160 1012
8874 1013
5021 1014
5957 1015
3421 1016
7588 1017
9517 1018
5855 1019
11193 1020
9907 1021
7187 1022
3392 1023
7018 1024
3175 1025
8997 1026
10036 1027
10682 1028
10044 1029
3141 1030
5990 1031
9038 1032
1857 1033
9044 1034
7448 1035
1316 1036
8770 1037
844 1038
6012 1039
9670 1040
11306 1041
9117 1042
2373 1043
6950 1044
6281 1045
6629 1046
3596 1047
11748 1048
8119 1049
1132 1050
11657 1051
2687 1052
9262 1053
1618 1054
4454 1055
4894 1056
10847 1057
8477 1058
9867 1059
1161 1060
9407 1061
6061 1062
8434 1063
9927 1064
7251 1065
11146 1066
7369 1067
4344 1068
114 1069
7699 1070
5212 1071
6996 1072
9789 1073
6982 1074
10822 1075
4142 1076
9707 1077
655 1078
1411 1079
2859 1080
8128 1081
1315 1082
693 1083
780 1084
10843 1085
7351 1086
6458 1087
8283 1088
481 1089
4532 1090
9548 1091
2517 1092
8437 1093
1116 1094
8119 1095
6562 1096
8535 1097
1077 1098
4583 1099
11369 1100
480 1101
4995 1102
3846 1103
137 1104
7259 1105
3599 1106
332 1107
1114 1108
1468 1109
6903 1110
1545 1111
9582 1112
5330 1113
10252 1114
11249 1115
9315 1116
247 1117
5651 1118
11574 1119
11611 1120
4033 1121
9333 1122
7485 1123
7983 1124
4986 1125
8634 1126
5342 1127
8360 1128
9034 1129
8486 1130
1283 1131
167 1132
5258 1133
3291 1134
9129 1135
1856 1136
10162 1137
8473 1138
8931 1139
9346 1140
2452 1141
3408 1142
2402 1143
7509 1144
6410 1145
7541 1146
1363 1147
5253 1148
7822 1149
4663 1150
7759 1151
3382 1152
5811 1153
11020 1154
312 1155
1406 1156
9787 1157
4213 1158
5519 1159
452 1160
5533 1161
4868 1162
2334 1163
6288 1164
2018 1165
5306 1166
7482 1167
49 1168
1191 1169
9374 1170
6249 1171
2158 1172
2695 1173
8762 1174
9750 1175
8112 1176
214 1177
8765 1178
939 1179
3667 1180
2757 1181
7732 1182
6069 1183
2959 1184
11593 1185
3629 1186
2899 1187
5281 1188
7835 1189
4388 1190
8191 1191
3399 1192
2684 1193
8854 1194
374 1195
7485 1196
11271 1197
2137 1198
6747 1199
