1000 1600
664 0
287 1
9980 2
4215 3
1932 4
8705 5
4101 6
1032 7
4048 8
7294 9
8723 10
1381 11
492 12
6071 13
1803 14
1973 15
1970 16
2233 17
3503 18
293 19
8005 20
3557 21
9941 22
7443 23
660 24
5844 25
8728 26
5513 27
7665 28
3170 29
6905 30
6093 31
1096 32
6952 33
5123 34
7746 35
7833 36
7504 37
6999 38
5461 39
9123 40
924 41
4176 42
3979 43
5585 44
9604 45
1307 46
2463 47
1703 48
3763 49
887 50
9884 51
1695 52
931 53
5073 54
4903 55
7286 56
7411 57
7903 58
7925 59
6121 60
8631 61
8014 62
556 63
1451 64
8464 65
8830 66
8609 67
2588 68
2157 69
2374 70
4014 71
289 72
9547 73
3635 74
9328 75
2171 76
9741 77
136 78
5488 79
468 80
4458 81
8777 82
3246 83
6349 84
7890 85
7351 86
8073 87
1718 88
2234 89
2346 90
2741 91
3535 92
7898 93
4457 94
5505 95
2736 96
6434 97
225 98
5618 99
9505 100
7408 101
1085 102
7109 103
439 104
222 105
8171 106
3977 107
8484 108
577 109
5823 110
6304 111
5018 112
7557 113
6071 114
7887 115
1715 116
8877 117
3894 118
2769 119
1787 120
5970 121
6923 122
6236 123
5691 124
2816 125
5952 126
7098 127
1163 128
4851 129
722 130
1366 131
7786 132
6836 133
3775 134
825 135
2124 136
8578 137
611 138
3006 139
9717 140
8502 141
2415 142
5114 143
4911 144
579 145
2471 146
3362 147
9607 148
304 149
7039 150
6040 151
8685 152
3361 153
9710 154
9821 155
1279 156
5007 157
3869 158
7121 159
1019 160
2771 161
6631 162
6710 163
5582 164
7296 165
9205 166
9006 167
6573 168
7931 169
2529 170
5311 171
1556 172
9385 173
8566 174
557 175
386 176
4094 177
1923 178
1681 179
6097 180
2550 181
6814 182
3652 183
1974 184
8086 185
6595 186
7626 187
2411 188
8049 189
2967 190
6253 191
9254 192
1436 193
1545 194
1859 195
2360 196
4829 197
153 198
7703 199
4676 200
8378 201
7 202
4488 203
3863 204
7467 205
1204 206
2875 207
9201 208
5254 209
7864 210
4426 211
1380 212
5850 213
5344 214
6651 215
4760 216
2605 217
8896 218
7849 219
1773 220
2224 221
2853 222
4532 223
6653 224
300 225
2132 226
6983 227
6492 228
2284 229
4390 230
2086 231
5252 232
8859 233
2542 234
2582 235
10 236
1670 237
3237 238
8925 239
7095 240
2091 241
9673 242
2318 243
5164 244
2487 245
9085 246
9977 247
3537 248
6972 249
9900 250
3491 251
3468 252
5457 253
7422 254
338 255
777 256
1800 257
1541 258
7292 259
1554 260
9672 261
1194 262
3777 263
627 264
5472 265
5512 266
2113 267
69 268
5574 269
5053 270
5675 271
8189 272
3569 273
3740 274
3060 275
1768 276
1525 277
971 278
6052 279
7190 280
4043 281
443 282
4398 283
5983 284
2837 285
2397 286
4935 287
1630 288
1896 289
1189 290
1291 291
7699 292
2921 293
9330 294
6835 295
8790 296
108 297
1262 298
7960 299
6567 300
118 301
2531 302
8461 303
3898 304
6254 305
9205 306
1009 307
659 308
6873 309
8822 310
2580 311
5456 312
8662 313
7041 314
3819 315
8187 316
343 317
4995 318
1134 319
7805 320
2050 321
7855 322
3234 323
4500 324
6330 325
8219 326
4427 327
950 328
8549 329
6907 330
6529 331
4233 332
4335 333
3396 334
4527 335
8312 336
5456 337
7334 338
9175 339
9633 340
7740 341
4742 342
5787 343
7953 344
4031 345
6342 346
8961 347
6182 348
2423 349
1653 350
4074 351
1497 352
6174 353
1913 354
1302 355
8744 356
390 357
9968 358
8799 359
3239 360
184 361
7057 362
8764 363
9419 364
5599 365
7927 366
3578 367
7895 368
8173 369
9156 370
2519 371
7020 372
1640 373
980 374
6207 375
6997 376
4696 377
5350 378
7396 379
6670 380
620 381
8259 382
6521 383
3922 384
5141 385
6299 386
9076 387
227 388
4610 389
7283 390
6675 391
6503 392
4371 393
8959 394
9798 395
4758 396
4139 397
461 398
3658 399
2017 400
2115 401
9519 402
7356 403
5339 404
7279 405
1878 406
1632 407
9794 408
8111 409
448 410
8434 411
8917 412
757 413
7647 414
5253 415
204 416
3658 417
6850 418
6830 419
5363 420
3577 421
1977 422
8034 423
901 424
815 425
1569 426
7979 427
7479 428
3575 429
2802 430
8327 431
3872 432
997 433
1807 434
3915 435
1214 436
6641 437
716 438
7324 439
9218 440
7859 441
8809 442
3194 443
1708 444
276 445
6315 446
5242 447
7723 448
2417 449
380 450
2826 451
5314 452
7117 453
3646 454
634 455
6321 456
2206 457
54 458
1041 459
373 460
5681 461
4039 462
1519 463
7217 464
7945 465
5469 466
2794 467
2519 468
8352 469
4587 470
7771 471
6466 472
8741 473
4068 474
6211 475
6413 476
4752 477
5299 478
6496 479
1036 480
8667 481
3356 482
9268 483
2067 484
1943 485
2856 486
6480 487
4993 488
80 489
2681 490
7762 491
3370 492
6246 493
5642 494
7967 495
9124 496
1681 497
7256 498
2129 499
7451 500
4153 501
455 502
3204 503
4113 504
6210 505
609 506
7332 507
9025 508
3838 509
39 510
173 511
9089 512
1692 513
5711 514
4463 515
2695 516
4294 517
9374 518
5461 519
9719 520
3288 521
5108 522
1885 523
6032 524
4562 525
5735 526
4817 527
8380 528
6071 529
15 530
4306 531
7446 532
8341 533
3820 534
8138 535
1528 536
7382 537
3464 538
5290 539
2046 540
5849 541
3421 542
3929 543
7683 544
5417 545
2449 546
5779 547
4636 548
6068 549
4270 550
9195 551
2133 552
2984 553
8186 554
2168 555
2763 556
7254 557
6217 558
9893 559
5961 560
4652 561
186 562
9090 563
4043 564
5226 565
1114 566
3220 567
6492 568
5870 569
5487 570
567 571
8703 572
9130 573
9064 574
6764 575
9693 576
875 577
6451 578
3338 579
4795 580
7203 581
1723 582
9476 583
7689 584
3581 585
7206 586
5988 587
5407 588
8607 589
6790 590
2977 591
3502 592
1966 593
2292 594
4944 595
9862 596
5352 597
1247 598
1432 599
5332 600
1250 601
1741 602
3143 603
9906 604
355 605
7642 606
173 607
7934 608
7345 609
7424 610
9888 611
7205 612
2393 613
9262 614
478 615
4002 616
6018 617
1031 618
7676 619
2187 620
9703 621
2843 622
7315 623
1907 624
118 625
4457 626
4556 627
9138 628
4578 629
7450 630
6741 631
4032 632
4920 633
5483 634
4282 635
3750 636
2546 637
1210 638
4278 639
7166 640
8219 641
2275 642
4631 643
2277 644
6279 645
9851 646
7854 647
9161 648
3573 649
2489 650
5116 651
3812 652
6349 653
7827 654
2482 655
9050 656
2232 657
9860 658
7034 659
5358 660
9044 661
9874 662
451 663
8941 664
7969 665
8168 666
6618 667
1717 668
438 669
1745 670
3162 671
578 672
7898 673
4482 674
6773 675
3287 676
2207 677
7787 678
6923 679
3737 680
9296 681
7823 682
9575 683
9511 684
7801 685
1656 686
8086 687
3871 688
3952 689
7862 690
2081 691
2268 692
8403 693
6047 694
7820 695
9456 696
331 697
6419 698
1953 699
4227 700
9481 701
8931 702
8984 703
7254 704
3776 705
2164 706
5008 707
9171 708
6456 709
5697 710
7575 711
6189 712
1854 713
2662 714
7026 715
7662 716
6563 717
132 718
1653 719
3439 720
1438 721
217 722
2964 723
6105 724
6943 725
4867 726
3483 727
7242 728
4832 729
2938 730
4513 731
4907 732
3045 733
2640 734
5266 735
7066 736
7839 737
7246 738
1230 739
6079 740
8113 741
3679 742
9524 743
9662 744
1093 745
6388 746
4541 747
6565 748
3668 749
2593 750
3295 751
5054 752
2707 753
3782 754
9518 755
4295 756
767 757
3430 758
9533 759
5925 760
4067 761
3011 762
1956 763
9312 764
3924 765
7034 766
799 767
8835 768
8406 769
3010 770
1308 771
3098 772
4722 773
8505 774
3641 775
9011 776
4099 777
8565 778
7989 779
7061 780
9287 781
7404 782
1885 783
7456 784
6508 785
9165 786
2229 787
7943 788
7278 789
6919 790
3512 791
6437 792
3593 793
2620 794
9528 795
7223 796
3281 797
2068 798
2754 799
3566 800
2229 801
3902 802
1043 803
2583 804
3767 805
4047 806
8285 807
3212 808
5908 809
5133 810
3819 811
7144 812
5439 813
5103 814
7117 815
6784 816
9930 817
8146 818
7150 819
5971 820
8436 821
808 822
47 823
7758 824
7056 825
2009 826
1003 827
9046 828
8215 829
8069 830
7033 831
8724 832
8919 833
3872 834
9467 835
8274 836
2924 837
8614 838
6609 839
3505 840
1196 841
2423 842
70 843
159 844
4679 845
1759 846
2122 847
6486 848
4889 849
1976 850
1677 851
8054 852
7975 853
9889 854
7124 855
2909 856
6616 857
5577 858
8635 859
9395 860
4149 861
7820 862
1541 863
1684 864
6824 865
9534 866
1976 867
876 868
1138 869
8153 870
5859 871
5918 872
4112 873
5866 874
6045 875
7632 876
7191 877
5840 878
4413 879
333 880
2328 881
1915 882
5029 883
2909 884
7549 885
8085 886
3771 887
6751 888
3416 889
7583 890
8581 891
5615 892
5878 893
5665 894
7918 895
9081 896
9507 897
9279 898
7492 899
9775 900
5846 901
254 902
2876 903
9697 904
2346 905
8790 906
1939 907
6362 908
1368 909
1295 910
1094 911
5641 912
5839 913
8369 914
958 915
122 916
9381 917
4098 918
6133 919
6248 920
6834 921
9678 922
6317 923
5398 924
3941 925
2871 926
5676 927
1474 928
6780 929
8105 930
3739 931
8794 932
605 933
7790 934
7989 935
4274 936
8405 937
9337 938
5587 939
9317 940
6382 941
7351 942
9161 943
8892 944
6030 945
8025 946
8014 947
419 948
7034 949
4861 950
5059 951
4024 952
9851 953
1305 954
5269 955
9660 956
4319 957
627 958
7411 959
1375 960
1302 961
3121 962
3167 963
7413 964
2845 965
1058 966
3860 967
6760 968
5161 969
9284 970
8423 971
4307 972
7481 973
1764 974
8965 975
4882 976
4791 977
9566 978
3907 979
3590 980
6802 981
3300 982
2326 983
4052 984
1237 985
9698 986
6220 987
9027 988
877 989
545 990
6538 991
7789 992
6428 993
5476 994
3087 995
1790 996
5710 997
8372 998
1583 999
