1600 1250
12686 0
6946 1
10003 2
13608 3
4614 4
8656 5
10912 6
12989 7
14620 8
9989 9
11596 10
11701 11
8812 12
14094 13
7268 14
3629 15
8619 16
4323 17
8103 18
1183 19
15886 20
11639 21
14580 22
7463 23
7945 24
9137 25
8474 26
3141 27
11443 28
4600 29
3477 30
14027 31
934 32
11616 33
5994 34
15016 35
8049 36
1522 37
2354 38
11078 39
3601 40
9051 41
4973 42
2665 43
3036 44
66 45
3004 46
10556 47
2994 48
14618 49
7935 50
13942 51
15244 52
3910 53
14940 54
390 55
8854 56
6963 57
11780 58
9869 59
11543 60
9565 61
15355 62
11779 63
8290 64
45 65
13259 66
13872 67
14378 68
4894 69
5861 70
10918 71
5616 72
8163 73
169 74
15550 75
5922 76
9141 77
8478 78
15172 79
2806 80
15175 81
14477 82
5435 83
4541 84
1443 85
10500 86
8054 87
4308 88
3190 89
14298 90
12871 91
1507 92
11398 93
8412 94
15132 95
2389 96
11846 97
7665 98
1664 99
4883 100
6974 101
5797 102
1685 103
5819 104
9066 105
13507 106
12452 107
10338 108
10106 109
9297 110
1169 111
445 112
12610 113
8463 114
14654 115
9119 116
12589 117
13246 118
15046 119
15382 120
9186 121
8228 122
13861 123
6505 124
2310 125
2424 126
2421 127
14466 128
3098 129
10776 130
2672 131
15866 132
1021 133
3937 134
1231 135
7227 136
11921 137
10300 138
4162 139
12370 140
11357 141
10829 142
12891 143
3088 144
3521 145
14278 146
10270 147
9096 148
7824 149
14830 150
15699 151
3126 152
15251 153
844 154
12047 155
1550 156
4704 157
12918 158
8099 159
13124 160
2908 161
11057 162
4292 163
3156 164
12134 165
2698 166
12460 167
15187 168
15129 169
14270 170
5821 171
8939 172
8894 173
14026 174
9308 175
7037 176
406 177
15975 178
15240 179
13977 180
3455 181
14747 182
605 183
1236 184
936 185
7264 186
3637 187
196 188
11204 189
1044 190
15371 191
14075 192
2949 193
11448 194
3592 195
7716 196
10485 197
3630 198
4771 199
9092 200
2294 201
1322 202
7471 203
1191 204
8427 205
11420 206
15920 207
13362 208
8505 209
1722 210
10556 211
7910 212
6815 213
9584 214
13700 215
4 216
2389 217
15269 218
6671 219
13555 220
6539 221
12443 222
15898 223
623 224
15863 225
12256 226
10139 227
5969 228
1109 229
6334 230
13675 231
13125 232
13646 233
12399 234
12415 235
4333 236
8178 237
2679 238
1208 239
13470 240
5655 241
143 242
1438 243
12717 244
4801 245
6872 246
7225 247
4984 248
10077 249
14796 250
10715 251
3369 252
10723 253
2973 254
15219 255
3983 256
10914 257
10383 258
652 259
3707 260
6260 261
13769 262
15980 263
1740 264
6446 265
4210 266
2513 267
12350 268
10032 269
5750 270
10908 271
2617 272
12954 273
9768 274
6259 275
11 276
7950 277
10178 278
10186 279
2654 280
9962 281
965 282
11396 283
15570 284
10223 285
15949 286
4234 287
93 288
12323 289
9075 290
10929 291
14745 292
3911 293
3991 294
3486 295
6287 296
9740 297
193 298
6893 299
4941 300
13265 301
11804 302
6159 303
14572 304
3414 305
11959 306
4637 307
7014 308
2353 309
5474 310
3777 311
13819 312
6472 313
15854 314
4949 315
1470 316
14379 317
2348 318
7684 319
12733 320
9049 321
6894 322
6888 323
14061 324
2227 325
3465 326
9262 327
3346 328
14548 329
10673 330
6288 331
2817 332
2318 333
11579 334
1799 335
15911 336
12441 337
11785 338
5240 339
10761 340
5924 341
9362 342
5589 343
8254 344
46 345
544 346
13310 347
9212 348
9431 349
4398 350
14395 351
15979 352
5328 353
13547 354
5352 355
2169 356
14937 357
10215 358
7184 359
14462 360
3836 361
13863 362
3343 363
9308 364
6631 365
2683 366
13048 367
9550 368
14539 369
6230 370
10612 371
9556 372
574 373
5224 374
2428 375
6385 376
13006 377
572 378
12729 379
10173 380
12961 381
8430 382
5661 383
28 384
6140 385
7170 386
385 387
12181 388
3405 389
11097 390
12720 391
8620 392
7049 393
1135 394
15345 395
13861 396
12036 397
5483 398
15616 399
7193 400
8350 401
15024 402
3152 403
858 404
9363 405
6844 406
15273 407
8125 408
2055 409
11202 410
4518 411
5633 412
2259 413
1933 414
2316 415
7755 416
6038 417
11756 418
365 419
6995 420
12932 421
14762 422
12972 423
12241 424
1641 425
2654 426
414 427
1861 428
10374 429
4610 430
6769 431
15652 432
10380 433
5733 434
1606 435
7737 436
10611 437
6175 438
12790 439
9255 440
2726 441
14980 442
5939 443
10502 444
7919 445
10273 446
5769 447
1119 448
10435 449
1012 450
11331 451
3053 452
10321 453
4235 454
2115 455
10877 456
9311 457
13555 458
8638 459
12085 460
9335 461
11188 462
11105 463
13304 464
7027 465
9869 466
1118 467
7720 468
10677 469
6840 470
11673 471
8948 472
12629 473
13032 474
6734 475
14662 476
727 477
15799 478
9466 479
14531 480
1343 481
1524 482
2028 483
12822 484
12617 485
5070 486
5197 487
14728 488
9159 489
11654 490
10383 491
3432 492
9009 493
3625 494
15314 495
12001 496
4483 497
10784 498
1802 499
1894 500
5887 501
15939 502
2319 503
4164 504
4586 505
12969 506
8390 507
11709 508
7841 509
10380 510
15470 511
1916 512
2713 513
12662 514
11966 515
466 516
9686 517
10623 518
14235 519
4762 520
4120 521
11482 522
7624 523
3537 524
8495 525
14521 526
11069 527
5703 528
5027 529
709 530
14908 531
2114 532
8452 533
2693 534
538 535
2360 536
687 537
2896 538
428 539
5361 540
8389 541
9283 542
11515 543
3992 544
11193 545
13004 546
1121 547
5297 548
11326 549
1235 550
4071 551
14615 552
12757 553
4653 554
1081 555
2005 556
9014 557
4304 558
8442 559
1260 560
6069 561
7737 562
3365 563
6066 564
2572 565
9372 566
2461 567
3023 568
10134 569
9964 570
6384 571
13635 572
13486 573
5439 574
6012 575
14851 576
15909 577
1511 578
9218 579
3074 580
6065 581
3088 582
3430 583
12630 584
4192 585
6495 586
5613 587
11082 588
15049 589
3681 590
11952 591
7756 592
10805 593
106 594
13103 595
15935 596
4195 597
4090 598
15645 599
15215 600
2703 601
6194 602
11940 603
14239 604
11528 605
13288 606
10656 607
5365 608
13527 609
8928 610
5225 611
15248 612
10407 613
11096 614
4205 615
14645 616
5536 617
5425 618
2671 619
13821 620
14859 621
28 622
1829 623
7278 624
4213 625
13276 626
4589 627
572 628
13191 629
14124 630
13654 631
4253 632
14906 633
7852 634
3773 635
10881 636
14250 637
7894 638
11798 639
1224 640
1310 641
2576 642
500 643
5383 644
863 645
3350 646
4388 647
13679 648
12768 649
9672 650
15288 651
14429 652
14887 653
1990 654
3802 655
3653 656
2363 657
12866 658
13415 659
7363 660
14865 661
9803 662
11122 663
3800 664
950 665
2104 666
9772 667
10062 668
367 669
4227 670
13841 671
4950 672
4682 673
7406 674
11982 675
1077 676
15979 677
12916 678
4079 679
10213 680
9751 681
13831 682
4591 683
4700 684
4496 685
1652 686
2094 687
9406 688
8707 689
10923 690
557 691
4208 692
13629 693
8839 694
14074 695
2731 696
3071 697
1903 698
1701 699
1575 700
14741 701
6016 702
10999 703
6859 704
1738 705
13333 706
1836 707
13271 708
6583 709
2902 710
9038 711
3208 712
15767 713
9375 714
7359 715
586 716
1368 717
394 718
7908 719
8543 720
15332 721
3065 722
10980 723
8161 724
6281 725
1037 726
8514 727
1957 728
13993 729
6174 730
7272 731
11010 732
8982 733
4296 734
6989 735
13926 736
10748 737
8332 738
950 739
8143 740
7545 741
4875 742
15533 743
8436 744
4983 745
1565 746
4197 747
15397 748
10325 749
7274 750
7913 751
13823 752
733 753
15697 754
13030 755
12240 756
7531 757
511 758
10536 759
9127 760
4020 761
11549 762
493 763
1758 764
14656 765
4317 766
5084 767
11260 768
5784 769
1821 770
6276 771
9914 772
3393 773
10429 774
3547 775
51 776
3487 777
2552 778
6046 779
10434 780
13305 781
14358 782
4208 783
8960 784
11790 785
10481 786
10226 787
9042 788
2445 789
13131 790
9891 791
9930 792
15717 793
3369 794
449 795
2017 796
15905 797
9988 798
989 799
7444 800
3883 801
5845 802
10251 803
10775 804
8116 805
11158 806
14074 807
14736 808
7165 809
15630 810
144 811
11412 812
1345 813
14070 814
4838 815
5654 816
15464 817
15159 818
12411 819
2894 820
20 821
12402 822
12896 823
10680 824
5267 825
8455 826
11528 827
7939 828
13016 829
2426 830
15176 831
15853 832
5217 833
13945 834
1604 835
13861 836
1343 837
5235 838
15143 839
6749 840
13421 841
10994 842
9583 843
9883 844
4928 845
12940 846
3879 847
15526 848
13683 849
6602 850
498 851
14900 852
13603 853
1197 854
3312 855
10939 856
9271 857
2605 858
7246 859
1738 860
11228 861
6580 862
14453 863
10555 864
9281 865
10765 866
1413 867
5316 868
11059 869
6248 870
11446 871
4628 872
15433 873
6861 874
13267 875
5890 876
9559 877
3490 878
15900 879
937 880
7115 881
1826 882
1664 883
13462 884
15937 885
8801 886
2523 887
14928 888
12987 889
5483 890
4893 891
12657 892
3267 893
6700 894
3727 895
8678 896
7664 897
1425 898
6763 899
8296 900
7392 901
8556 902
10304 903
12119 904
8195 905
15167 906
11173 907
3410 908
6711 909
13401 910
5141 911
6230 912
12739 913
10411 914
13038 915
4840 916
1029 917
7570 918
10826 919
5941 920
9152 921
15672 922
7666 923
7324 924
4342 925
8360 926
2519 927
15262 928
2317 929
13483 930
8205 931
8204 932
10121 933
14505 934
2407 935
85 936
13243 937
3317 938
8693 939
1630 940
10867 941
9185 942
8973 943
1565 944
5833 945
13398 946
8840 947
5132 948
15101 949
5521 950
6597 951
4861 952
11308 953
12719 954
12123 955
3538 956
6698 957
12968 958
1392 959
10204 960
2694 961
15849 962
15007 963
2373 964
6535 965
9200 966
3339 967
387 968
491 969
12508 970
15048 971
6641 972
1261 973
10226 974
2693 975
9457 976
3417 977
12940 978
15808 979
15211 980
456 981
8545 982
14188 983
2583 984
8667 985
391 986
2160 987
333 988
14910 989
139 990
840 991
12325 992
5130 993
9036 994
3853 995
4242 996
3047 997
15361 998
2702 999
12068 1000
735 1001
6549 1002
15936 1003
5197 1004
2035 1005
9910 1006
7904 1007
14287 1008
6554 1009
14604 1010
255 1011
6252 1012
1125 1013
7679 1014
1871 1015
8744 1016
14978 1017
3991 1018
10210 1019
4401 1020
6579 1021
10880 1022
11911 1023
6299 1024
10012 1025
2329 1026
14461 1027
3322 1028
11474 1029
9243 1030
14576 1031
1823 1032
3121 1033
14705 1034
7322 1035
10635 1036
5909 1037
10387 1038
9867 1039
6425 1040
147 1041
15458 1042
7274 1043
5929 1044
11979 1045
3834 1046
5075 1047
15842 1048
1545 1049
1918 1050
14749 1051
12828 1052
13408 1053
1669 1054
14672 1055
14244 1056
6016 1057
9524 1058
14796 1059
3806 1060
5900 1061
14237 1062
7249 1063
5562 1064
5348 1065
12773 1066
9811 1067
1403 1068
15598 1069
543 1070
533 1071
4068 1072
14278 1073
5892 1074
5369 1075
3307 1076
14797 1077
10692 1078
7730 1079
2706 1080
7892 1081
2656 1082
13978 1083
674 1084
5177 1085
11990 1086
10402 1087
5728 1088
3202 1089
9280 1090
8982 1091
5454 1092
9270 1093
5574 1094
11303 1095
14453 1096
154 1097
3260 1098
10768 1099
5276 1100
14577 1101
15772 1102
6429 1103
1480 1104
6114 1105
8264 1106
10801 1107
4553 1108
3814 1109
1423 1110
1383 1111
200 1112
6578 1113
14498 1114
5523 1115
4179 1116
8422 1117
5770 1118
8713 1119
11090 1120
12294 1121
11398 1122
9695 1123
9171 1124
3119 1125
5865 1126
5672 1127
6103 1128
4623 1129
11234 1130
9778 1131
13259 1132
6623 1133
12737 1134
1193 1135
1753 1136
3191 1137
2224 1138
12782 1139
10394 1140
10453 1141
6917 1142
13247 1143
3679 1144
11281 1145
3577 1146
84 1147
1593 1148
7928 1149
8803 1150
7933 1151
15057 1152
5710 1153
3979 1154
15786 1155
13766 1156
8400 1157
7075 1158
536 1159
14990 1160
10939 1161
8916 1162
6649 1163
1075 1164
9305 1165
5106 1166
4928 1167
4892 1168
10862 1169
3430 1170
12547 1171
7996 1172
3930 1173
12312 1174
6776 1175
1273 1176
15723 1177
5200 1178
4232 1179
1964 1180
13542 1181
15211 1182
415 1183
7097 1184
9895 1185
3461 1186
6472 1187
1043 1188
7207 1189
8983 1190
14619 1191
1088 1192
15261 1193
9227 1194
8868 1195
486 1196
14030 1197
2034 1198
13679 1199
6956 1200
7827 1201
2466 1202
6928 1203
15900 1204
5950 1205
12239 1206
9158 1207
8868 1208
10165 1209
8554 1210
6023 1211
15384 1212
6166 1213
5350 1214
4791 1215
2915 1216
2649 1217
1725 1218
8910 1219
12951 1220
8046 1221
13695 1222
14067 1223
7271 1224
3217 1225
2468 1226
4446 1227
6093 1228
14235 1229
14346 1230
5110 1231
8572 1232
10993 1233
4552 1234
582 1235
13479 1236
6425 1237
4778 1238
4517 1239
2944 1240
2124 1241
12349 1242
14312 1243
6779 1244
8934 1245
11928 1246
12137 1247
15570 1248
3423 1249
5477 1250
1048 1251
1473 1252
5323 1253
11136 1254
8014 1255
12165 1256
14018 1257
10252 1258
377 1259
10939 1260
15105 1261
556 1262
5302 1263
11525 1264
2972 1265
8408 1266
1980 1267
3111 1268
13026 1269
12273 1270
15868 1271
15984 1272
13242 1273
483 1274
1017 1275
11542 1276
3310 1277
10272 1278
1698 1279
3927 1280
4049 1281
13336 1282
14069 1283
8524 1284
8555 1285
10184 1286
11470 1287
13258 1288
5147 1289
13532 1290
6832 1291
14095 1292
1044 1293
2099 1294
6331 1295
3647 1296
13295 1297
8185 1298
15764 1299
8633 1300
2913 1301
8940 1302
525 1303
10096 1304
8545 1305
7939 1306
12980 1307
3866 1308
5515 1309
4467 1310
12139 1311
15791 1312
3461 1313
6417 1314
7233 1315
10117 1316
4429 1317
7695 1318
9678 1319
15831 1320
3063 1321
11225 1322
2887 1323
10631 1324
7536 1325
3884 1326
10976 1327
10167 1328
2231 1329
11204 1330
8468 1331
5093 1332
7442 1333
15239 1334
10444 1335
11772 1336
11121 1337
11192 1338
4143 1339
4817 1340
1095 1341
5968 1342
3099 1343
6125 1344
15296 1345
11945 1346
13904 1347
14575 1348
8632 1349
5319 1350
9584 1351
1535 1352
13346 1353
4643 1354
3525 1355
9869 1356
13709 1357
5133 1358
12433 1359
4711 1360
4751 1361
8565 1362
3627 1363
10225 1364
12759 1365
8406 1366
13511 1367
14506 1368
2427 1369
14200 1370
6136 1371
10360 1372
10838 1373
10489 1374
10993 1375
15322 1376
7101 1377
5168 1378
3692 1379
14041 1380
1321 1381
11 1382
12275 1383
9821 1384
3549 1385
7766 1386
6584 1387
10296 1388
11381 1389
13543 1390
13479 1391
5259 1392
15713 1393
12871 1394
10460 1395
4113 1396
10450 1397
8549 1398
759 1399
2488 1400
11730 1401
4492 1402
5494 1403
12326 1404
5899 1405
9868 1406
4718 1407
8101 1408
2470 1409
14932 1410
14087 1411
12868 1412
6041 1413
9196 1414
5599 1415
11293 1416
8644 1417
2365 1418
8499 1419
12655 1420
10048 1421
7126 1422
14153 1423
1400 1424
13745 1425
2510 1426
12374 1427
14819 1428
797 1429
11205 1430
1637 1431
2039 1432
5481 1433
6274 1434
872 1435
14756 1436
1906 1437
10839 1438
1401 1439
13328 1440
12982 1441
3746 1442
8692 1443
10666 1444
14438 1445
15298 1446
1032 1447
5007 1448
1292 1449
2667 1450
4259 1451
3130 1452
9141 1453
6244 1454
7047 1455
4249 1456
4173 1457
1881 1458
9019 1459
3944 1460
14619 1461
7342 1462
885 1463
1971 1464
15510 1465
555 1466
7032 1467
5029 1468
12583 1469
15342 1470
8796 1471
12824 1472
12376 1473
11899 1474
14792 1475
6080 1476
9639 1477
9220 1478
3706 1479
8963 1480
3698 1481
402 1482
14969 1483
732 1484
8769 1485
8943 1486
6624 1487
8404 1488
6548 1489
13066 1490
13071 1491
8632 1492
9145 1493
8531 1494
13008 1495
14605 1496
2926 1497
14129 1498
7248 1499
1714 1500
4543 1501
390 1502
1257 1503
3949 1504
6511 1505
9363 1506
4368 1507
4244 1508
6588 1509
2414 1510
7542 1511
3596 1512
2498 1513
12810 1514
6059 1515
6205 1516
11720 1517
7046 1518
15389 1519
13303 1520
9156 1521
940 1522
10241 1523
8307 1524
11761 1525
3905 1526
5843 1527
9784 1528
10271 1529
12031 1530
10986 1531
9251 1532
12297 1533
6072 1534
6457 1535
15006 1536
15998 1537
13464 1538
1338 1539
3771 1540
9704 1541
4773 1542
7689 1543
7232 1544
3293 1545
15085 1546
2575 1547
3999 1548
2465 1549
2915 1550
10091 1551
4468 1552
1930 1553
8750 1554
7586 1555
7637 1556
13082 1557
6752 1558
11293 1559
12602 1560
1811 1561
12892 1562
5343 1563
12945 1564
8406 1565
14464 1566
96 1567
12766 1568
6092 1569
3210 1570
15287 1571
3010 1572
14074 1573
13676 1574
2915 1575
516 1576
14494 1577
5045 1578
5172 1579
8261 1580
10241 1581
14492 1582
4712 1583
4549 1584
2315 1585
2162 1586
13581 1587
3167 1588
15717 1589
7787 1590
5554 1591
8376 1592
5778 1593
4627 1594
1007 1595
10152 1596
5524 1597
5063 1598
1850 1599
