1600 150
2453 0
14142 1
6446 2
6567 3
13605 4
3091 5
14676 6
3866 7
15208 8
5603 9
7234 10
4538 11
4216 12
1053 13
12006 14
10998 15
4821 16
1134 17
13686 18
333 19
5635 20
8368 21
8900 22
13233 23
7082 24
15979 25
9178 26
2255 27
7975 28
5810 29
5852 30
9279 31
13588 32
4904 33
13309 34
11658 35
3706 36
11800 37
8349 38
10972 39
3985 40
4850 41
9094 42
11737 43
6063 44
7254 45
6800 46
8643 47
4615 48
12935 49
13921 50
6930 51
11358 52
11818 53
15481 54
722 55
4914 56
14581 57
11628 58
13534 59
9051 60
11585 61
3637 62
7604 63
15397 64
3482 65
10849 66
3774 67
2255 68
15676 69
2993 70
9545 71
3630 72
12065 73
14517 74
6838 75
14384 76
11145 77
14686 78
3694 79
7943 80
8325 81
5196 82
12511 83
11711 84
6519 85
10619 86
6818 87
13797 88
3759 89
5054 90
4245 91
6783 92
12656 93
3556 94
866 95
6442 96
13282 97
4596 98
5791 99
15004 100
3802 101
8489 102
4155 103
10557 104
3848 105
11011 106
12063 107
5579 108
9855 109
6702 110
11174 111
7889 112
6326 113
5255 114
12583 115
11658 116
8397 117
4488 118
5098 119
10812 120
9617 121
7231 122
10275 123
2110 124
6344 125
10033 126
6097 127
15322 128
915 129
3428 130
2078 131
2631 132
4387 133
1122 134
2175 135
7394 136
9813 137
3687 138
13711 139
15500 140
14992 141
15596 142
15342 143
4213 144
12575 145
4047 146
3232 147
7052 148
6736 149
9327 150
10621 151
14656 152
14578 153
5696 154
57 155
13737 156
7644 157
6814 158
13906 159
9837 160
6790 161
7631 162
3145 163
4239 164
12509 165
7884 166
3741 167
15216 168
2723 169
3291 170
15088 171
11331 172
15223 173
10920 174
1085 175
13453 176
13112 177
9514 178
9274 179
2459 180
5346 181
8756 182
9673 183
201 184
5861 185
4486 186
13742 187
7352 188
4155 189
7085 190
12658 191
9842 192
5952 193
13741 194
7305 195
9010 196
1351 197
4818 198
696 199
5738 200
9437 201
3119 202
6863 203
8934 204
9587 205
12954 206
587 207
9155 208
3046 209
7799 210
612 211
821 212
3160 213
10072 214
8420 215
7480 216
549 217
12808 218
15150 219
2114 220
1306 221
472 222
13249 223
8544 224
4732 225
10760 226
109 227
2330 228
5360 229
13560 230
4962 231
6893 232
6114 233
13893 234
44 235
11660 236
32 237
1121 238
6704 239
11162 240
4580 241
15317 242
4759 243
11745 244
13502 245
415 246
6267 247
6849 248
8830 249
2807 250
14209 251
15130 252
529 253
15718 254
11792 255
11073 256
11728 257
12749 258
5033 259
229 260
9659 261
3526 262
4873 263
11553 264
7185 265
9801 266
10337 267
15320 268
15754 269
8848 270
13825 271
10897 272
15875 273
13939 274
9640 275
6926 276
7833 277
15780 278
2124 279
1330 280
3339 281
5281 282
8258 283
175 284
7567 285
4661 286
11616 287
15209 288
4107 289
280 290
10470 291
7715 292
4092 293
12110 294
10240 295
1853 296
9142 297
10025 298
7954 299
12010 300
1620 301
10560 302
15050 303
13776 304
11060 305
9364 306
7939 307
6272 308
4301 309
14183 310
13607 311
2314 312
1342 313
3635 314
297 315
12667 316
7898 317
15377 318
12933 319
15789 320
11168 321
1466 322
6046 323
2021 324
8515 325
3229 326
8375 327
10974 328
6720 329
5019 330
12296 331
6101 332
14136 333
2879 334
12672 335
14373 336
1993 337
2796 338
14019 339
3701 340
4439 341
12169 342
3662 343
8063 344
13054 345
4157 346
14233 347
14489 348
12169 349
10537 350
4832 351
15065 352
9150 353
13380 354
1007 355
10229 356
13984 357
15819 358
8993 359
8506 360
13835 361
4111 362
5895 363
15995 364
2392 365
9382 366
11094 367
4007 368
4536 369
5154 370
1560 371
7637 372
14987 373
945 374
8931 375
7665 376
14645 377
1037 378
9732 379
3495 380
1110 381
5430 382
13440 383
12254 384
11631 385
2744 386
5719 387
1273 388
10832 389
3750 390
13709 391
10681 392
9566 393
11395 394
11659 395
5955 396
10813 397
4177 398
1653 399
10404 400
819 401
5367 402
4098 403
9653 404
4277 405
6943 406
1884 407
14864 408
1855 409
6704 410
8554 411
6263 412
10576 413
11661 414
10762 415
8419 416
4835 417
12457 418
14209 419
11975 420
11337 421
9652 422
5068 423
13844 424
2685 425
1753 426
7411 427
5799 428
4198 429
6682 430
7383 431
2785 432
12016 433
6045 434
15914 435
6519 436
15697 437
1606 438
6135 439
7168 440
2414 441
5990 442
12853 443
1723 444
14258 445
1637 446
7660 447
14962 448
5112 449
3271 450
10382 451
208 452
10 453
1127 454
15650 455
6187 456
10272 457
12593 458
905 459
3061 460
10067 461
5318 462
5300 463
13264 464
7773 465
15184 466
10642 467
15362 468
4697 469
12488 470
4881 471
1211 472
3164 473
7268 474
9017 475
5668 476
11458 477
8951 478
11974 479
11989 480
7218 481
1750 482
5418 483
4173 484
9615 485
5452 486
3085 487
7208 488
1955 489
8805 490
8994 491
7933 492
10110 493
11353 494
6709 495
12966 496
14267 497
1180 498
339 499
965 500
10358 501
9418 502
13408 503
5781 504
8734 505
372 506
881 507
11037 508
6691 509
2934 510
51 511
2279 512
15656 513
13152 514
4806 515
5753 516
13164 517
5517 518
2491 519
10435 520
12412 521
7908 522
8618 523
13617 524
9319 525
2838 526
13743 527
14055 528
8029 529
835 530
5846 531
8806 532
9077 533
12629 534
12041 535
5122 536
5878 537
4421 538
11363 539
2590 540
6199 541
3839 542
5193 543
14177 544
14039 545
643 546
4992 547
1511 548
11472 549
10029 550
11947 551
3911 552
11053 553
2067 554
13871 555
10577 556
3399 557
13820 558
10793 559
13721 560
3532 561
11562 562
8617 563
3359 564
3646 565
9538 566
9910 567
12186 568
9104 569
14783 570
14571 571
6969 572
7038 573
15914 574
7375 575
15973 576
10834 577
6757 578
1043 579
6812 580
7844 581
14836 582
4782 583
5929 584
12120 585
1109 586
12824 587
12898 588
4315 589
3579 590
12954 591
14947 592
9910 593
10784 594
12037 595
15860 596
11272 597
12612 598
10066 599
7799 600
10260 601
15398 602
13272 603
5251 604
8177 605
8995 606
10421 607
2802 608
13468 609
1021 610
12924 611
8716 612
8466 613
6871 614
4548 615
15155 616
10928 617
7632 618
2651 619
11534 620
4059 621
4167 622
6253 623
8051 624
4434 625
4965 626
803 627
5752 628
7228 629
4963 630
10004 631
15227 632
14610 633
10443 634
11095 635
10006 636
2864 637
6555 638
13448 639
3208 640
1019 641
15814 642
15867 643
12957 644
3954 645
9537 646
1138 647
5743 648
13819 649
7464 650
7871 651
12346 652
15465 653
205 654
10992 655
10822 656
2805 657
12158 658
10146 659
3732 660
6963 661
3264 662
14705 663
947 664
9249 665
12381 666
8042 667
2992 668
8343 669
2231 670
11492 671
14365 672
2740 673
5539 674
5856 675
8822 676
8046 677
15316 678
15983 679
1732 680
10624 681
6689 682
9154 683
14549 684
2297 685
7975 686
341 687
15569 688
14551 689
415 690
1188 691
13466 692
9273 693
7048 694
13532 695
13078 696
3266 697
2204 698
9048 699
1095 700
7802 701
2323 702
15943 703
12097 704
14350 705
13171 706
2498 707
731 708
8139 709
12651 710
8401 711
2944 712
12190 713
10796 714
9404 715
1164 716
8340 717
9736 718
6304 719
2789 720
9101 721
3920 722
6474 723
15046 724
9327 725
4529 726
5977 727
5646 728
15712 729
6983 730
15684 731
1049 732
13592 733
4071 734
4316 735
4977 736
13487 737
13901 738
4002 739
13041 740
12164 741
8714 742
11083 743
2251 744
9013 745
12479 746
8663 747
11617 748
13033 749
14330 750
7963 751
2416 752
163 753
6107 754
2354 755
4257 756
2750 757
15380 758
10394 759
4484 760
7733 761
9750 762
12470 763
3974 764
12976 765
2377 766
11194 767
542 768
13677 769
11585 770
9019 771
12167 772
12212 773
1613 774
8705 775
7922 776
15558 777
9975 778
3672 779
182 780
12183 781
11077 782
10866 783
8293 784
8833 785
2445 786
920 787
4355 788
5701 789
14127 790
4788 791
6299 792
4357 793
9223 794
235 795
6791 796
6707 797
15225 798
10241 799
2876 800
8964 801
1102 802
7831 803
10428 804
9817 805
6306 806
15235 807
11969 808
2314 809
6030 810
1073 811
1407 812
14649 813
10241 814
12470 815
4240 816
14145 817
10024 818
11129 819
2820 820
5379 821
5262 822
6250 823
2117 824
5479 825
4786 826
97 827
3502 828
9757 829
11711 830
8583 831
6600 832
15793 833
3718 834
10207 835
15262 836
2323 837
6858 838
12128 839
3786 840
14551 841
14963 842
14233 843
15177 844
3371 845
10322 846
13749 847
7824 848
11985 849
1813 850
7497 851
4315 852
4577 853
11470 854
8169 855
3902 856
14509 857
2685 858
13014 859
8234 860
6536 861
1052 862
571 863
3775 864
10601 865
7356 866
12748 867
10897 868
13263 869
15968 870
13161 871
6688 872
4247 873
10006 874
1895 875
1233 876
14331 877
9282 878
6689 879
5466 880
2865 881
575 882
7286 883
14457 884
12905 885
14387 886
8019 887
11344 888
8852 889
15982 890
12269 891
12635 892
7876 893
11702 894
5844 895
9764 896
7805 897
4561 898
3466 899
15542 900
11735 901
7077 902
6695 903
5715 904
4747 905
5216 906
8676 907
4580 908
10829 909
3926 910
13620 911
8000 912
3118 913
11721 914
1047 915
10818 916
4796 917
13908 918
6826 919
53 920
8 921
8590 922
13635 923
10213 924
14755 925
7125 926
550 927
11447 928
13008 929
8499 930
12484 931
15294 932
954 933
9619 934
13794 935
4503 936
7416 937
7770 938
2780 939
3218 940
8473 941
11282 942
13179 943
9851 944
2314 945
6880 946
7722 947
1228 948
4314 949
10609 950
12731 951
6526 952
8882 953
15247 954
10587 955
5567 956
537 957
10596 958
4527 959
13421 960
5336 961
14515 962
11449 963
2387 964
2970 965
7431 966
14520 967
1028 968
9897 969
3382 970
2857 971
15352 972
5040 973
1200 974
15448 975
3242 976
3446 977
5152 978
11213 979
4226 980
2657 981
7178 982
8467 983
8180 984
14676 985
7308 986
15020 987
9308 988
15128 989
7958 990
3597 991
3281 992
15588 993
14462 994
8926 995
13298 996
2739 997
9071 998
10187 999
15892 1000
13886 1001
429 1002
8099 1003
1627 1004
10492 1005
5228 1006
11977 1007
15252 1008
3749 1009
10440 1010
14274 1011
14309 1012
8240 1013
4550 1014
1252 1015
3757 1016
11502 1017
11756 1018
2470 1019
3512 1020
1461 1021
1008 1022
6232 1023
4855 1024
2932 1025
13792 1026
76 1027
13412 1028
12524 1029
4297 1030
6939 1031
11255 1032
422 1033
4406 1034
3170 1035
13718 1036
4379 1037
4359 1038
14861 1039
6975 1040
10213 1041
11437 1042
12273 1043
4618 1044
12970 1045
5648 1046
833 1047
10641 1048
2887 1049
8260 1050
248 1051
9268 1052
3321 1053
11273 1054
8759 1055
15167 1056
6322 1057
2761 1058
11444 1059
5909 1060
10539 1061
14163 1062
4347 1063
5375 1064
14632 1065
8358 1066
10344 1067
11172 1068
9188 1069
11473 1070
11686 1071
6553 1072
11155 1073
4499 1074
1897 1075
9003 1076
12370 1077
11569 1078
13813 1079
4334 1080
15985 1081
7782 1082
10655 1083
11613 1084
13576 1085
2612 1086
12482 1087
1421 1088
15632 1089
5967 1090
7827 1091
10790 1092
4760 1093
12995 1094
14876 1095
14705 1096
9262 1097
10285 1098
15249 1099
14454 1100
7435 1101
7714 1102
14488 1103
9996 1104
13013 1105
15415 1106
8819 1107
3103 1108
4397 1109
8521 1110
4448 1111
4668 1112
10227 1113
13059 1114
4624 1115
2331 1116
7146 1117
15770 1118
5357 1119
10611 1120
15698 1121
10587 1122
6247 1123
14506 1124
10023 1125
14031 1126
14045 1127
3942 1128
5001 1129
9821 1130
5438 1131
2905 1132
14534 1133
7928 1134
438 1135
13215 1136
11146 1137
589 1138
1028 1139
9950 1140
15777 1141
9856 1142
6138 1143
15132 1144
925 1145
470 1146
5852 1147
11755 1148
12427 1149
1893 1150
4550 1151
12275 1152
13393 1153
12567 1154
4712 1155
12389 1156
14917 1157
4486 1158
430 1159
373 1160
2410 1161
10366 1162
303 1163
4975 1164
3047 1165
11224 1166
6264 1167
11421 1168
5847 1169
7145 1170
12479 1171
3122 1172
3674 1173
3094 1174
286 1175
453 1176
2127 1177
8565 1178
13927 1179
7404 1180
8703 1181
8253 1182
14343 1183
2016 1184
5439 1185
5657 1186
14716 1187
2224 1188
5432 1189
8565 1190
3810 1191
15199 1192
1940 1193
619 1194
11989 1195
5309 1196
3557 1197
5549 1198
4087 1199
468 1200
12853 1201
7737 1202
2402 1203
4898 1204
7775 1205
4771 1206
7226 1207
14721 1208
4496 1209
6550 1210
10296 1211
14112 1212
3922 1213
15436 1214
10814 1215
9725 1216
1496 1217
11792 1218
4362 1219
3989 1220
5544 1221
5633 1222
6200 1223
11406 1224
14052 1225
7303 1226
4353 1227
4250 1228
4535 1229
1025 1230
855 1231
9537 1232
9427 1233
7357 1234
11893 1235
346 1236
8606 1237
7753 1238
15135 1239
1768 1240
6631 1241
12544 1242
11062 1243
8900 1244
323 1245
11696 1246
7651 1247
4413 1248
354 1249
15390 1250
4521 1251
8739 1252
14782 1253
6426 1254
13381 1255
4103 1256
9942 1257
12377 1258
2668 1259
13407 1260
6167 1261
4422 1262
4056 1263
15104 1264
7816 1265
8128 1266
7982 1267
6341 1268
458 1269
7954 1270
15596 1271
9174 1272
12025 1273
1654 1274
15254 1275
6994 1276
7910 1277
14944 1278
9322 1279
15359 1280
9325 1281
2109 1282
10646 1283
6307 1284
4495 1285
5203 1286
7260 1287
7420 1288
8894 1289
4348 1290
10221 1291
15520 1292
1420 1293
15454 1294
10237 1295
7834 1296
8817 1297
15671 1298
14026 1299
13417 1300
10614 1301
14117 1302
12252 1303
12874 1304
2311 1305
5142 1306
15893 1307
1838 1308
13191 1309
11403 1310
4000 1311
5905 1312
2821 1313
4194 1314
435 1315
13823 1316
15461 1317
3277 1318
3684 1319
12084 1320
444 1321
3692 1322
6367 1323
2808 1324
13421 1325
9537 1326
7612 1327
6471 1328
11932 1329
8734 1330
12751 1331
949 1332
8206 1333
4741 1334
10919 1335
12163 1336
5982 1337
10605 1338
14712 1339
7185 1340
14001 1341
10639 1342
7090 1343
1485 1344
11238 1345
14173 1346
15340 1347
15204 1348
12556 1349
2887 1350
5454 1351
14190 1352
15135 1353
4143 1354
8828 1355
9006 1356
14585 1357
11111 1358
2161 1359
7015 1360
2999 1361
1883 1362
9631 1363
9839 1364
9291 1365
11607 1366
14846 1367
4982 1368
2262 1369
9083 1370
12324 1371
5443 1372
8927 1373
505 1374
15267 1375
14853 1376
14917 1377
4967 1378
11063 1379
8418 1380
3661 1381
5183 1382
2625 1383
8247 1384
12716 1385
10410 1386
4608 1387
5623 1388
845 1389
13592 1390
6788 1391
9233 1392
4428 1393
7477 1394
1939 1395
2418 1396
892 1397
8291 1398
3165 1399
13592 1400
1598 1401
14495 1402
3318 1403
1174 1404
2883 1405
4250 1406
11405 1407
6834 1408
7026 1409
10545 1410
12700 1411
8421 1412
13854 1413
7677 1414
235 1415
11564 1416
4374 1417
8319 1418
11747 1419
12864 1420
7901 1421
420 1422
12010 1423
14372 1424
12654 1425
3516 1426
14694 1427
10078 1428
1347 1429
13721 1430
8808 1431
12814 1432
6332 1433
6495 1434
15795 1435
15263 1436
7980 1437
7870 1438
7919 1439
4618 1440
15931 1441
409 1442
15332 1443
15484 1444
935 1445
15212 1446
12551 1447
15532 1448
8373 1449
6116 1450
9533 1451
11230 1452
14118 1453
5284 1454
11343 1455
3999 1456
6707 1457
1612 1458
4839 1459
13676 1460
1816 1461
15123 1462
1427 1463
3784 1464
9135 1465
14950 1466
11027 1467
5930 1468
14393 1469
7123 1470
5034 1471
3496 1472
5821 1473
15869 1474
7725 1475
13204 1476
10394 1477
241 1478
10283 1479
5873 1480
3087 1481
11701 1482
375 1483
1037 1484
14366 1485
14953 1486
12684 1487
6919 1488
2223 1489
8321 1490
7933 1491
11194 1492
7407 1493
11889 1494
10996 1495
10719 1496
4667 1497
14878 1498
5920 1499
4372 1500
8028 1501
9702 1502
14343 1503
1095 1504
5047 1505
8147 1506
4600 1507
14871 1508
775 1509
2838 1510
10744 1511
1128 1512
8454 1513
10104 1514
7653 1515
10996 1516
1079 1517
13700 1518
7068 1519
3731 1520
6539 1521
15901 1522
8577 1523
2173 1524
7806 1525
11677 1526
15063 1527
10138 1528
2919 1529
10006 1530
11196 1531
14513 1532
13359 1533
15741 1534
12890 1535
2859 1536
12867 1537
12850 1538
2516 1539
11343 1540
2704 1541
3860 1542
15795 1543
13042 1544
7977 1545
6264 1546
6237 1547
5305 1548
5949 1549
15369 1550
2095 1551
12482 1552
10266 1553
8110 1554
15132 1555
10916 1556
11334 1557
11873 1558
13523 1559
6805 1560
7510 1561
15333 1562
15188 1563
2535 1564
12497 1565
2067 1566
14733 1567
8546 1568
1686 1569
14516 1570
15977 1571
12338 1572
1089 1573
8155 1574
12542 1575
1188 1576
11575 1577
15133 1578
12324 1579
10123 1580
6672 1581
7656 1582
3756 1583
11909 1584
5897 1585
3246 1586
4787 1587
3482 1588
8955 1589
11539 1590
12341 1591
6653 1592
3535 1593
12328 1594
10581 1595
184 1596
11484 1597
14744 1598
2891 1599
