1100 1050
103 0
106 1
6087 2
7857 3
2602 4
7106 5
450 6
489 7
5911 8
1797 9
7043 10
3835 11
8699 12
9180 13
3777 14
7862 15
2984 16
1033 17
6762 18
9922 19
3262 20
9359 21
6552 22
850 23
1351 24
5361 25
1993 26
7629 27
5539 28
3828 29
1062 30
2546 31
8368 32
10496 33
3232 34
3679 35
10165 36
6786 37
6724 38
6975 39
4559 40
216 41
8763 42
9188 43
572 44
9195 45
9078 46
3680 47
7617 48
5675 49
2561 50
3024 51
344 52
8342 53
7605 54
6738 55
10806 56
1339 57
215 58
842 59
3756 60
1670 61
3151 62
8725 63
7984 64
2343 65
1172 66
3546 67
2326 68
6765 69
7795 70
4456 71
1392 72
8388 73
9462 74
9542 75
10896 76
7823 77
8693 78
5439 79
10691 80
9023 81
5521 82
9470 83
1600 84
3933 85
2160 86
2097 87
2362 88
10113 89
4521 90
4376 91
171 92
1348 93
8661 94
10355 95
3343 96
95 97
898 98
8762 99
808 100
5191 101
5276 102
9913 103
7397 104
1582 105
292 106
9253 107
8729 108
3362 109
3624 110
10898 111
8068 112
3216 113
5067 114
2489 115
10330 116
2978 117
10980 118
10942 119
9998 120
2887 121
4737 122
8847 123
3827 124
10210 125
3466 126
858 127
10135 128
9173 129
2429 130
1137 131
6572 132
8344 133
2560 134
3589 135
9728 136
3130 137
3188 138
4266 139
769 140
4021 141
7133 142
3998 143
3624 144
6735 145
2863 146
4852 147
4021 148
1034 149
6178 150
2473 151
549 152
6626 153
1320 154
5605 155
3717 156
2079 157
438 158
6454 159
250 160
4166 161
8431 162
8377 163
6915 164
1012 165
5963 166
10529 167
9697 168
6235 169
8505 170
4169 171
2565 172
10505 173
6977 174
6281 175
9564 176
10523 177
9603 178
211 179
1392 180
2267 181
3020 182
9840 183
849 184
6337 185
3023 186
6451 187
1205 188
4152 189
3025 190
997 191
8016 192
5044 193
5567 194
8448 195
7274 196
9443 197
4243 198
9259 199
4160 200
8931 201
6383 202
9877 203
1747 204
1356 205
5940 206
7269 207
1317 208
1602 209
6403 210
2270 211
10094 212
1247 213
2459 214
2278 215
10829 216
3621 217
1751 218
6641 219
8603 220
6477 221
3740 222
5247 223
10609 224
9587 225
4872 226
513 227
3136 228
5757 229
3485 230
9370 231
6473 232
10267 233
915 234
6958 235
10841 236
7802 237
7973 238
1369 239
7037 240
9218 241
6296 242
4097 243
7106 244
924 245
414 246
674 247
9327 248
10300 249
10276 250
537 251
6802 252
3645 253
6022 254
4490 255
4241 256
1587 257
9403 258
7118 259
3279 260
3861 261
3448 262
2 263
9375 264
2978 265
9021 266
2266 267
5644 268
10755 269
1613 270
9522 271
8078 272
1943 273
3281 274
6537 275
4398 276
2471 277
8484 278
4782 279
63 280
1958 281
5793 282
2372 283
4474 284
5614 285
9858 286
5278 287
879 288
9554 289
5955 290
9714 291
8492 292
1769 293
655 294
3639 295
1594 296
2239 297
9469 298
4118 299
10805 300
8274 301
7849 302
531 303
9762 304
1875 305
6630 306
127 307
7654 308
1329 309
5644 310
171 311
3040 312
6038 313
7193 314
10231 315
2698 316
6425 317
9602 318
10549 319
8119 320
10979 321
1036 322
7187 323
10527 324
7756 325
1861 326
5731 327
2645 328
4994 329
6964 330
7267 331
8192 332
7133 333
220 334
9258 335
2663 336
10622 337
10087 338
2484 339
1129 340
2135 341
7100 342
6087 343
4574 344
10061 345
2264 346
5231 347
6188 348
27 349
7348 350
5959 351
5880 352
8288 353
8426 354
4195 355
8109 356
8559 357
10355 358
5248 359
4100 360
7596 361
6555 362
6670 363
2990 364
1798 365
425 366
6560 367
4066 368
1272 369
3411 370
6973 371
10839 372
5398 373
4712 374
664 375
1736 376
1167 377
945 378
6915 379
9471 380
391 381
10608 382
8900 383
5861 384
8712 385
6223 386
8716 387
9762 388
4159 389
3544 390
7346 391
7232 392
5433 393
5796 394
8495 395
9179 396
9 397
4705 398
10950 399
6993 400
8832 401
10774 402
5743 403
7455 404
10947 405
7292 406
3678 407
547 408
10145 409
6707 410
5684 411
6627 412
1611 413
72 414
7172 415
4868 416
9097 417
498 418
3818 419
1466 420
3010 421
8910 422
4343 423
7969 424
1501 425
10719 426
2041 427
6984 428
3859 429
2275 430
224 431
104 432
110 433
888 434
2448 435
3694 436
10142 437
321 438
5384 439
7431 440
5737 441
8072 442
793 443
977 444
9907 445
3335 446
4017 447
3345 448
8274 449
9929 450
7966 451
4729 452
1020 453
7329 454
10452 455
8092 456
1824 457
10356 458
7431 459
5789 460
4666 461
3681 462
6360 463
4166 464
9053 465
3749 466
489 467
3637 468
4833 469
2269 470
10742 471
6049 472
754 473
2850 474
6642 475
7062 476
4657 477
7492 478
9114 479
5075 480
6201 481
1786 482
4845 483
278 484
5035 485
10093 486
1459 487
7076 488
3038 489
435 490
6272 491
1943 492
6811 493
2783 494
7950 495
10521 496
1738 497
8967 498
2188 499
10816 500
1463 501
6889 502
512 503
7637 504
4279 505
4082 506
9524 507
7012 508
7754 509
3153 510
10491 511
6518 512
1083 513
7486 514
9494 515
652 516
7448 517
8449 518
3672 519
2067 520
7631 521
2736 522
9376 523
10734 524
3163 525
3396 526
9866 527
6961 528
5828 529
1321 530
7720 531
7447 532
6363 533
7826 534
3969 535
6630 536
5318 537
2046 538
10641 539
6164 540
780 541
1777 542
8788 543
3578 544
9101 545
4217 546
5363 547
5192 548
2132 549
8294 550
9765 551
1752 552
10216 553
6665 554
7051 555
9090 556
6668 557
871 558
9935 559
4633 560
5772 561
7504 562
7711 563
6063 564
8526 565
6226 566
10252 567
5718 568
2540 569
8844 570
1508 571
10775 572
8790 573
5664 574
2324 575
8131 576
2540 577
10602 578
9442 579
5752 580
7106 581
1270 582
6931 583
90 584
3871 585
3249 586
1613 587
8466 588
2998 589
8133 590
1512 591
1723 592
7136 593
3620 594
10846 595
5185 596
2948 597
10962 598
3332 599
1741 600
6511 601
6403 602
857 603
1025 604
10075 605
4499 606
9580 607
9751 608
5747 609
10064 610
7148 611
4892 612
3318 613
6521 614
4905 615
5385 616
4053 617
6084 618
4699 619
8656 620
1768 621
8072 622
10866 623
5598 624
2920 625
2678 626
5278 627
72 628
2154 629
4580 630
8776 631
8148 632
9117 633
3354 634
5477 635
1997 636
3385 637
8603 638
5612 639
8971 640
8583 641
9453 642
915 643
9269 644
2117 645
631 646
3973 647
10947 648
7303 649
1908 650
6522 651
10691 652
4979 653
1436 654
8109 655
6676 656
8432 657
8287 658
7676 659
3556 660
4406 661
1554 662
2660 663
9862 664
7814 665
6289 666
4643 667
8419 668
5851 669
1452 670
419 671
4868 672
362 673
3895 674
528 675
5618 676
10736 677
7810 678
9653 679
1 680
2360 681
10077 682
2022 683
4136 684
4682 685
10654 686
5807 687
5849 688
4942 689
4921 690
6807 691
6786 692
2383 693
887 694
8334 695
5932 696
5600 697
6932 698
252 699
6637 700
8011 701
296 702
416 703
7345 704
285 705
6968 706
1465 707
9593 708
6109 709
7081 710
7157 711
4803 712
4003 713
8835 714
2424 715
3950 716
9845 717
2500 718
3110 719
4485 720
5096 721
7678 722
1074 723
6322 724
1013 725
10301 726
5379 727
7071 728
7793 729
6994 730
3624 731
9129 732
2751 733
4543 734
8668 735
7437 736
5746 737
1248 738
6902 739
7928 740
5067 741
1694 742
6824 743
8717 744
5655 745
1522 746
9095 747
6124 748
8673 749
1708 750
788 751
6312 752
1870 753
4826 754
4642 755
3262 756
974 757
5690 758
6062 759
9109 760
6959 761
8133 762
8114 763
3710 764
2958 765
7666 766
950 767
4126 768
2772 769
4169 770
546 771
8600 772
5901 773
5748 774
4426 775
4853 776
1051 777
1444 778
7493 779
6763 780
7591 781
7110 782
2451 783
2763 784
2085 785
4716 786
10508 787
6453 788
7049 789
7819 790
4969 791
8709 792
4022 793
10770 794
1619 795
9497 796
1404 797
10804 798
2296 799
10433 800
9110 801
10785 802
8964 803
6364 804
362 805
6956 806
8596 807
948 808
1616 809
5467 810
9970 811
7448 812
5250 813
4893 814
6768 815
2667 816
8356 817
8902 818
10574 819
3635 820
8354 821
1564 822
10314 823
5278 824
4378 825
6077 826
4683 827
726 828
10767 829
3913 830
9347 831
4963 832
8920 833
272 834
8317 835
2906 836
920 837
2374 838
980 839
4610 840
1530 841
5565 842
5555 843
2875 844
10516 845
6759 846
2679 847
8487 848
1132 849
6537 850
8346 851
10425 852
10012 853
1492 854
3502 855
4347 856
10665 857
4946 858
6305 859
9815 860
917 861
9913 862
7369 863
1024 864
6088 865
6144 866
9758 867
9846 868
8172 869
8835 870
7322 871
920 872
3510 873
6596 874
4033 875
6233 876
9078 877
3361 878
9372 879
383 880
7510 881
1800 882
5767 883
759 884
304 885
4634 886
7798 887
8810 888
2385 889
2285 890
622 891
2126 892
6535 893
1856 894
312 895
9462 896
3844 897
7541 898
9716 899
6664 900
5435 901
3448 902
8320 903
797 904
9570 905
7157 906
82 907
6623 908
2858 909
6585 910
3616 911
10664 912
10315 913
6581 914
2223 915
1657 916
1626 917
9714 918
3930 919
5183 920
5263 921
1692 922
4013 923
5436 924
689 925
5510 926
4176 927
5219 928
5991 929
10539 930
6874 931
172 932
10178 933
6862 934
1641 935
6431 936
4791 937
10565 938
2775 939
3581 940
2990 941
4107 942
274 943
8046 944
8499 945
1093 946
7937 947
3029 948
4756 949
2164 950
9866 951
4679 952
2940 953
9843 954
5018 955
9665 956
8900 957
5739 958
9110 959
1918 960
2461 961
4232 962
8191 963
7597 964
3332 965
157 966
923 967
1998 968
10814 969
4797 970
4013 971
6314 972
8604 973
5087 974
2578 975
980 976
7130 977
2659 978
2906 979
6659 980
231 981
4930 982
8312 983
5303 984
6560 985
10320 986
8698 987
10667 988
10196 989
8721 990
4046 991
8282 992
9250 993
5624 994
6686 995
1784 996
6342 997
6163 998
2359 999
6475 1000
354 1001
1522 1002
7900 1003
5129 1004
2900 1005
8470 1006
766 1007
8890 1008
6024 1009
2801 1010
10731 1011
6340 1012
9990 1013
6322 1014
3902 1015
5538 1016
4209 1017
10004 1018
9445 1019
4351 1020
6670 1021
10357 1022
7169 1023
7216 1024
9042 1025
4585 1026
8398 1027
3471 1028
274 1029
10048 1030
1883 1031
10205 1032
855 1033
8495 1034
6111 1035
9329 1036
10676 1037
4902 1038
2706 1039
9407 1040
9913 1041
4031 1042
10307 1043
9071 1044
1865 1045
8839 1046
9722 1047
10373 1048
4024 1049
5443 1050
1149 1051
7825 1052
2219 1053
8532 1054
10486 1055
4506 1056
7197 1057
3743 1058
6285 1059
6112 1060
991 1061
6696 1062
1383 1063
5863 1064
6047 1065
7703 1066
10790 1067
8311 1068
4600 1069
9629 1070
796 1071
2775 1072
8444 1073
376 1074
5182 1075
1900 1076
5337 1077
4533 1078
7650 1079
3547 1080
5564 1081
5232 1082
979 1083
9179 1084
462 1085
1350 1086
1602 1087
2841 1088
7180 1089
1978 1090
5213 1091
8071 1092
1420 1093
9917 1094
8662 1095
6229 1096
7911 1097
10527 1098
1178 1099
