1450 300
13594 0
8496 1
3406 2
9130 3
2618 4
9140 5
6071 6
3017 7
5069 8
1089 9
8008 10
13921 11
760 12
9753 13
2381 14
4670 15
13341 16
7919 17
7080 18
6999 19
4009 20
11290 21
6029 22
8923 23
3463 24
698 25
249 26
247 27
3297 28
14086 29
338 30
9571 31
6941 32
9039 33
4508 34
4932 35
12600 36
6064 37
10310 38
9495 39
436 40
10499 41
4529 42
14209 43
1758 44
1547 45
9843 46
6932 47
2784 48
13513 49
10517 50
2898 51
2851 52
14306 53
2044 54
7982 55
4838 56
302 57
13406 58
12043 59
3123 60
10045 61
8368 62
3251 63
1125 64
11646 65
7181 66
2293 67
2282 68
11003 69
4633 70
6271 71
7506 72
10720 73
7291 74
14436 75
14108 76
12572 77
4527 78
5375 79
11413 80
3170 81
2841 82
3600 83
14301 84
79 85
1726 86
6922 87
7517 88
886 89
13708 90
3945 91
6039 92
4290 93
7637 94
8663 95
8852 96
1626 97
3410 98
9344 99
3830 100
12495 101
8016 102
8006 103
13270 104
4764 105
4036 106
10232 107
10108 108
6887 109
7130 110
8422 111
2769 112
2024 113
11966 114
9684 115
10080 116
3794 117
7080 118
10924 119
11055 120
5643 121
1423 122
5545 123
9860 124
4549 125
2217 126
14488 127
7072 128
8060 129
11444 130
3876 131
7265 132
1147 133
391 134
10598 135
2746 136
7521 137
2405 138
244 139
13493 140
1179 141
7237 142
14000 143
14038 144
12508 145
9685 146
5604 147
9998 148
7919 149
11022 150
13825 151
1608 152
837 153
4755 154
5120 155
10597 156
14263 157
9941 158
8486 159
6985 160
13017 161
10827 162
7671 163
10716 164
5540 165
12473 166
3983 167
1601 168
6525 169
3093 170
338 171
10991 172
4194 173
9961 174
6367 175
8050 176
10426 177
8605 178
12506 179
13326 180
6090 181
3881 182
1934 183
4655 184
2986 185
13291 186
3516 187
10471 188
13821 189
13361 190
7917 191
4898 192
4687 193
2867 194
2983 195
2409 196
8779 197
1708 198
5759 199
9154 200
3944 201
8687 202
13568 203
4091 204
11587 205
7920 206
3414 207
2653 208
11963 209
5428 210
687 211
9134 212
5151 213
9026 214
4950 215
4735 216
7684 217
6122 218
6356 219
6869 220
8514 221
10534 222
14297 223
8321 224
12639 225
4183 226
522 227
10241 228
8851 229
12038 230
5098 231
1987 232
9565 233
7736 234
6980 235
13841 236
13562 237
7866 238
12915 239
13239 240
13411 241
7151 242
9823 243
12222 244
5126 245
4537 246
14332 247
10421 248
3623 249
2158 250
8113 251
2363 252
12836 253
8098 254
8073 255
3105 256
11467 257
2104 258
2465 259
11772 260
12330 261
13721 262
6285 263
12378 264
6560 265
11376 266
3402 267
708 268
805 269
8557 270
5521 271
490 272
344 273
5513 274
9956 275
8827 276
14076 277
7178 278
4224 279
4023 280
14100 281
11375 282
9392 283
3572 284
11095 285
7350 286
11544 287
13182 288
12081 289
1805 290
10081 291
4527 292
5905 293
12505 294
3925 295
657 296
3538 297
11378 298
7810 299
7045 300
14200 301
9891 302
4747 303
6669 304
1275 305
8588 306
8334 307
6115 308
5545 309
9970 310
9263 311
5147 312
1713 313
14213 314
8876 315
8775 316
9440 317
13636 318
5032 319
11232 320
6161 321
8677 322
12433 323
8400 324
10474 325
5779 326
5821 327
6406 328
4923 329
8918 330
2360 331
9182 332
10815 333
12797 334
11749 335
11594 336
4734 337
958 338
8039 339
12796 340
7194 341
12156 342
10454 343
7345 344
3104 345
9895 346
10315 347
3762 348
8692 349
4836 350
12383 351
5075 352
4275 353
5774 354
2756 355
11580 356
6036 357
7116 358
5229 359
897 360
13629 361
12040 362
9975 363
4471 364
11578 365
14481 366
7386 367
11455 368
1498 369
9245 370
9557 371
5230 372
13398 373
6672 374
12982 375
4276 376
13487 377
1331 378
13938 379
8516 380
14414 381
9069 382
6727 383
10958 384
3214 385
13649 386
9253 387
13718 388
10390 389
14059 390
10372 391
4815 392
9159 393
3233 394
12580 395
13293 396
6457 397
12331 398
11213 399
4557 400
7082 401
10463 402
1308 403
6207 404
6764 405
8763 406
1725 407
13755 408
8901 409
501 410
11790 411
7076 412
13741 413
9509 414
685 415
12515 416
4861 417
11860 418
9110 419
8971 420
2229 421
8596 422
2914 423
9758 424
10752 425
4851 426
4333 427
14398 428
14284 429
11490 430
2887 431
4598 432
8861 433
10788 434
5733 435
10645 436
1627 437
1615 438
11023 439
11204 440
3599 441
9081 442
10633 443
5458 444
3095 445
10967 446
3200 447
2962 448
12103 449
12523 450
1032 451
13599 452
5031 453
13450 454
7980 455
637 456
10151 457
10509 458
13534 459
9116 460
14489 461
119 462
4617 463
4566 464
10321 465
14116 466
13741 467
14015 468
6536 469
3539 470
8533 471
6299 472
13878 473
1128 474
10602 475
7801 476
10218 477
1569 478
5304 479
11710 480
8286 481
2698 482
3267 483
10301 484
12493 485
14288 486
4963 487
12813 488
12713 489
2481 490
14112 491
9601 492
10032 493
14337 494
12933 495
1866 496
10314 497
3906 498
11333 499
849 500
701 501
2203 502
8840 503
1962 504
4816 505
1341 506
224 507
1068 508
13755 509
9299 510
11245 511
10839 512
1402 513
13207 514
4463 515
1531 516
9829 517
5465 518
363 519
13663 520
12857 521
14437 522
13874 523
7536 524
13765 525
8471 526
10785 527
4955 528
9393 529
1751 530
8965 531
5044 532
6143 533
3026 534
5699 535
1481 536
7631 537
367 538
2253 539
4404 540
8819 541
3109 542
10354 543
7437 544
6048 545
10221 546
10150 547
2849 548
5038 549
5588 550
3360 551
4606 552
4637 553
8663 554
2392 555
6715 556
1238 557
3322 558
13176 559
7981 560
11698 561
12334 562
478 563
8266 564
11914 565
12935 566
1371 567
12891 568
6888 569
8011 570
12726 571
11930 572
14350 573
1479 574
5956 575
13105 576
7378 577
9490 578
702 579
11023 580
3676 581
3296 582
68 583
13266 584
13546 585
8762 586
265 587
13349 588
7292 589
12457 590
6543 591
12324 592
12332 593
3192 594
7539 595
245 596
2472 597
5000 598
7762 599
12486 600
2339 601
11629 602
13201 603
4076 604
3250 605
2923 606
4151 607
6369 608
927 609
9849 610
12566 611
6879 612
7771 613
3663 614
4428 615
3781 616
5443 617
2437 618
4364 619
10139 620
5855 621
8107 622
9165 623
12652 624
8960 625
12397 626
9028 627
4789 628
13878 629
1130 630
12742 631
12300 632
673 633
11426 634
9331 635
10832 636
3519 637
495 638
2821 639
7819 640
1357 641
14196 642
11902 643
10123 644
1443 645
4347 646
4801 647
6798 648
12738 649
6536 650
4226 651
3762 652
10380 653
3088 654
14232 655
10090 656
12672 657
82 658
8449 659
13796 660
4936 661
9118 662
8977 663
8070 664
1064 665
6017 666
2786 667
11982 668
642 669
10171 670
4841 671
9686 672
14177 673
6949 674
12400 675
7285 676
630 677
13351 678
6473 679
2549 680
4019 681
2111 682
4678 683
5844 684
5577 685
11397 686
9261 687
1051 688
11133 689
955 690
9543 691
4911 692
4979 693
7322 694
2049 695
6369 696
6396 697
4203 698
4154 699
10288 700
8504 701
8841 702
13226 703
6260 704
4911 705
11433 706
10376 707
10142 708
4470 709
13226 710
9647 711
3072 712
1909 713
5147 714
10318 715
6726 716
2765 717
2844 718
8643 719
13623 720
4948 721
12368 722
9284 723
1116 724
12561 725
2359 726
11518 727
5656 728
1332 729
11186 730
4780 731
8463 732
3893 733
12695 734
13051 735
12428 736
12048 737
14327 738
8038 739
2557 740
8152 741
8911 742
6151 743
13351 744
9203 745
10847 746
5130 747
4543 748
1579 749
3509 750
13680 751
7598 752
4450 753
6731 754
3829 755
11512 756
5726 757
4214 758
12541 759
9888 760
3023 761
11301 762
2398 763
533 764
1256 765
11917 766
7391 767
10440 768
5597 769
14318 770
13447 771
2698 772
5634 773
2628 774
2026 775
4858 776
13532 777
6087 778
7325 779
850 780
1834 781
5607 782
694 783
14144 784
8380 785
8133 786
7522 787
5423 788
4851 789
11670 790
12658 791
6965 792
2799 793
7300 794
11875 795
7890 796
7725 797
7508 798
8206 799
9380 800
10148 801
1717 802
14215 803
1887 804
13064 805
13208 806
9365 807
12673 808
8378 809
5031 810
5725 811
5032 812
2615 813
10207 814
3583 815
3287 816
11446 817
8986 818
10459 819
9694 820
6876 821
4930 822
4023 823
6637 824
5037 825
13225 826
2565 827
3298 828
11077 829
7086 830
8771 831
13118 832
9162 833
7052 834
13020 835
5418 836
13903 837
1027 838
13529 839
2402 840
10229 841
2357 842
3773 843
3179 844
5721 845
5479 846
3178 847
7562 848
7402 849
6346 850
10518 851
6389 852
9635 853
1142 854
1481 855
323 856
6855 857
10481 858
7826 859
7015 860
7532 861
8516 862
6830 863
6224 864
13031 865
6677 866
8042 867
2396 868
11938 869
3105 870
7852 871
13080 872
1195 873
6775 874
2790 875
638 876
11127 877
1192 878
5542 879
4889 880
4803 881
1435 882
6730 883
11771 884
10737 885
6283 886
7374 887
3753 888
13958 889
4240 890
8773 891
2858 892
5490 893
9849 894
5627 895
1516 896
8605 897
14370 898
13289 899
13609 900
5438 901
9992 902
6509 903
12469 904
6785 905
12921 906
2951 907
2599 908
12582 909
6432 910
13365 911
8596 912
8358 913
9997 914
8131 915
5270 916
734 917
8504 918
11719 919
2098 920
9953 921
2382 922
733 923
3330 924
5706 925
9582 926
258 927
11317 928
13225 929
2637 930
8097 931
1536 932
14386 933
8362 934
7815 935
5394 936
2731 937
8507 938
5326 939
13120 940
1948 941
1457 942
8777 943
9152 944
4784 945
7362 946
3155 947
2201 948
3720 949
10539 950
9798 951
10042 952
13744 953
7551 954
3916 955
4019 956
5543 957
7538 958
1911 959
5968 960
13111 961
6620 962
11388 963
3725 964
9105 965
8512 966
2521 967
5112 968
5836 969
337 970
9485 971
1280 972
149 973
3591 974
1519 975
9715 976
12476 977
4516 978
1840 979
13629 980
5050 981
4141 982
2829 983
6257 984
1174 985
8212 986
8002 987
13747 988
5116 989
1011 990
11438 991
9247 992
837 993
12311 994
9695 995
11123 996
4674 997
2770 998
2431 999
2524 1000
13507 1001
8771 1002
1672 1003
7489 1004
13318 1005
8595 1006
10412 1007
12877 1008
8640 1009
8477 1010
25 1011
1553 1012
6142 1013
12368 1014
12102 1015
4982 1016
1462 1017
9071 1018
6257 1019
13242 1020
1427 1021
3251 1022
7967 1023
5424 1024
8455 1025
10742 1026
2664 1027
2871 1028
14187 1029
7651 1030
11892 1031
142 1032
1279 1033
14142 1034
5052 1035
9983 1036
10497 1037
5719 1038
9112 1039
576 1040
6558 1041
4206 1042
6549 1043
164 1044
1858 1045
6008 1046
2253 1047
3361 1048
7071 1049
12198 1050
3399 1051
6973 1052
6700 1053
9469 1054
5632 1055
2131 1056
5414 1057
6682 1058
2649 1059
3141 1060
4169 1061
1310 1062
13184 1063
5255 1064
4148 1065
12733 1066
13133 1067
5572 1068
111 1069
970 1070
5020 1071
1826 1072
13161 1073
9563 1074
7549 1075
11900 1076
10814 1077
5343 1078
2425 1079
11443 1080
13998 1081
6224 1082
12372 1083
6922 1084
7838 1085
7441 1086
6922 1087
5445 1088
13471 1089
3731 1090
9253 1091
8582 1092
2192 1093
6590 1094
12518 1095
4212 1096
2432 1097
9921 1098
3616 1099
8649 1100
668 1101
6718 1102
12660 1103
7930 1104
1623 1105
7275 1106
4508 1107
12583 1108
7026 1109
4758 1110
12548 1111
1508 1112
5072 1113
12153 1114
7980 1115
2292 1116
14041 1117
11875 1118
12245 1119
1901 1120
3141 1121
12749 1122
3418 1123
2311 1124
3836 1125
6270 1126
13344 1127
4116 1128
9364 1129
1786 1130
3189 1131
11551 1132
6682 1133
13704 1134
11198 1135
3487 1136
5282 1137
5586 1138
12534 1139
5654 1140
3244 1141
7367 1142
11192 1143
12204 1144
8929 1145
10731 1146
12697 1147
3184 1148
10782 1149
406 1150
10312 1151
10976 1152
6122 1153
1747 1154
1170 1155
630 1156
7212 1157
7286 1158
4990 1159
13508 1160
12496 1161
1821 1162
7473 1163
2378 1164
5839 1165
235 1166
10358 1167
3607 1168
2002 1169
2016 1170
6606 1171
8999 1172
12635 1173
2283 1174
3145 1175
3130 1176
10414 1177
623 1178
12980 1179
11324 1180
4040 1181
5733 1182
3080 1183
5961 1184
6713 1185
12543 1186
12498 1187
7733 1188
9317 1189
1807 1190
8763 1191
10302 1192
3224 1193
1125 1194
8020 1195
9768 1196
2979 1197
9689 1198
12419 1199
3996 1200
9570 1201
995 1202
11394 1203
4742 1204
11175 1205
1931 1206
7937 1207
723 1208
13861 1209
10095 1210
9767 1211
3389 1212
7064 1213
8791 1214
12565 1215
6388 1216
8977 1217
5806 1218
131 1219
8725 1220
4626 1221
10911 1222
9998 1223
10228 1224
3422 1225
6121 1226
10314 1227
10017 1228
12889 1229
1617 1230
9905 1231
2357 1232
12626 1233
5415 1234
2296 1235
2414 1236
13877 1237
8339 1238
10678 1239
2180 1240
3348 1241
7169 1242
5330 1243
6381 1244
3549 1245
9858 1246
1333 1247
13956 1248
10931 1249
8414 1250
10283 1251
6844 1252
9171 1253
4519 1254
2027 1255
12143 1256
301 1257
5626 1258
1453 1259
6339 1260
2381 1261
7102 1262
1945 1263
8932 1264
14029 1265
3271 1266
344 1267
6774 1268
7048 1269
12489 1270
10308 1271
13422 1272
14154 1273
1827 1274
3919 1275
352 1276
4518 1277
11972 1278
9336 1279
5265 1280
14321 1281
12903 1282
1384 1283
5307 1284
6017 1285
651 1286
1720 1287
7582 1288
9243 1289
11740 1290
7894 1291
14297 1292
11811 1293
5123 1294
9639 1295
4148 1296
11043 1297
3625 1298
11254 1299
4566 1300
6329 1301
10590 1302
12666 1303
13641 1304
12325 1305
10892 1306
2340 1307
1091 1308
5010 1309
12123 1310
11108 1311
1778 1312
13560 1313
5323 1314
5498 1315
7960 1316
7957 1317
7956 1318
14150 1319
3318 1320
10446 1321
13495 1322
12902 1323
7655 1324
2767 1325
7882 1326
12852 1327
3889 1328
5619 1329
11905 1330
3210 1331
7993 1332
5071 1333
1069 1334
5734 1335
9514 1336
2591 1337
1908 1338
4570 1339
11955 1340
11732 1341
599 1342
7878 1343
13716 1344
1646 1345
12748 1346
12453 1347
7188 1348
3085 1349
11424 1350
4068 1351
6389 1352
7066 1353
4589 1354
12708 1355
418 1356
5249 1357
6192 1358
12101 1359
9311 1360
13952 1361
6537 1362
2209 1363
11745 1364
7610 1365
2216 1366
10523 1367
12579 1368
712 1369
3613 1370
2344 1371
14495 1372
6421 1373
11342 1374
6377 1375
10080 1376
11687 1377
5532 1378
3587 1379
5802 1380
8422 1381
14360 1382
12069 1383
7300 1384
3849 1385
13567 1386
2339 1387
12286 1388
2647 1389
5308 1390
3823 1391
1875 1392
10074 1393
1283 1394
3889 1395
531 1396
1874 1397
4030 1398
546 1399
6738 1400
4038 1401
8140 1402
11114 1403
5201 1404
2338 1405
5875 1406
1952 1407
274 1408
10420 1409
4912 1410
5624 1411
11975 1412
6234 1413
3387 1414
3955 1415
8198 1416
14306 1417
2293 1418
7107 1419
10926 1420
2303 1421
7506 1422
10302 1423
2810 1424
11243 1425
649 1426
3243 1427
8415 1428
298 1429
11578 1430
3123 1431
11663 1432
11524 1433
8222 1434
14014 1435
7631 1436
4840 1437
6143 1438
5375 1439
6847 1440
13920 1441
12577 1442
528 1443
13081 1444
1287 1445
3391 1446
2542 1447
5356 1448
3964 1449
