1600 450
12447 0
10906 1
11647 2
2432 3
6553 4
12179 5
6174 6
7458 7
1280 8
8120 9
4664 10
13605 11
13669 12
1608 13
864 14
5267 15
2288 16
10637 17
6199 18
12485 19
7857 20
1561 21
13960 22
4923 23
7205 24
12856 25
9285 26
2502 27
632 28
2004 29
12131 30
1381 31
2653 32
3855 33
2341 34
4204 35
8425 36
14807 37
5091 38
6284 39
7952 40
5970 41
15632 42
9210 43
9155 44
6428 45
15475 46
5780 47
3740 48
7039 49
15501 50
15178 51
2961 52
11646 53
9027 54
15293 55
15529 56
12568 57
323 58
14026 59
4138 60
3489 61
5656 62
13319 63
4947 64
9298 65
6779 66
9174 67
9642 68
7014 69
197 70
6739 71
3346 72
8695 73
5399 74
3558 75
2985 76
10839 77
13699 78
12135 79
6267 80
10541 81
5050 82
5974 83
4463 84
12876 85
12008 86
12042 87
3309 88
5591 89
4776 90
12815 91
8548 92
15384 93
14837 94
3964 95
6202 96
1563 97
1483 98
6589 99
12338 100
11703 101
2973 102
2862 103
3974 104
8066 105
5195 106
6955 107
15848 108
11242 109
6263 110
7332 111
12578 112
3577 113
3158 114
15515 115
10341 116
6962 117
8703 118
594 119
653 120
1902 121
12094 122
5751 123
11364 124
5436 125
4230 126
2 127
531 128
843 129
6878 130
3530 131
6563 132
7771 133
6532 134
1037 135
844 136
10462 137
2472 138
6212 139
9429 140
6112 141
6520 142
8114 143
14664 144
4066 145
10020 146
5968 147
3015 148
13013 149
11272 150
11152 151
7431 152
2726 153
10472 154
11114 155
491 156
877 157
4567 158
9051 159
8194 160
4728 161
6856 162
9436 163
2767 164
11993 165
15284 166
6052 167
1013 168
7746 169
6557 170
10860 171
7864 172
160 173
315 174
13504 175
9136 176
3960 177
5587 178
467 179
8675 180
1918 181
14000 182
7068 183
11367 184
10631 185
6996 186
7559 187
15524 188
14016 189
1841 190
4536 191
9143 192
3201 193
7055 194
7883 195
3437 196
3677 197
12296 198
13059 199
5748 200
3503 201
7168 202
7777 203
11418 204
5958 205
1998 206
3977 207
9234 208
10886 209
7844 210
15887 211
4682 212
5599 213
9384 214
2195 215
10522 216
12250 217
7267 218
12708 219
7398 220
9140 221
12694 222
12089 223
11222 224
15686 225
7361 226
9041 227
12824 228
1778 229
14440 230
3630 231
1364 232
15599 233
15187 234
6652 235
3817 236
14479 237
13001 238
10069 239
556 240
1318 241
10369 242
3124 243
5431 244
14318 245
15557 246
12821 247
4638 248
2957 249
15389 250
2126 251
4687 252
4461 253
2780 254
12711 255
7331 256
3989 257
1204 258
15584 259
4689 260
4551 261
15319 262
669 263
12499 264
3568 265
1254 266
9339 267
4383 268
14338 269
9511 270
9638 271
8155 272
13050 273
7625 274
4536 275
1891 276
420 277
11095 278
10270 279
9428 280
7553 281
13828 282
3265 283
13721 284
691 285
3008 286
15871 287
10558 288
10259 289
237 290
13260 291
12383 292
2734 293
5653 294
3043 295
2732 296
7375 297
13524 298
4562 299
15110 300
9811 301
12246 302
12569 303
8210 304
11814 305
5422 306
15926 307
3185 308
5362 309
14706 310
8512 311
13885 312
6019 313
11522 314
8843 315
9871 316
10085 317
4213 318
12977 319
8604 320
5117 321
2213 322
3442 323
4168 324
1939 325
5983 326
7191 327
14560 328
12775 329
11788 330
10499 331
4075 332
10131 333
8518 334
1819 335
9501 336
2769 337
13211 338
8603 339
5838 340
13398 341
15556 342
9547 343
8583 344
11105 345
12145 346
632 347
7433 348
13540 349
5051 350
9212 351
10548 352
14794 353
12181 354
1168 355
4556 356
8237 357
10113 358
2768 359
4718 360
2656 361
5924 362
10467 363
9835 364
2429 365
156 366
1509 367
11791 368
10351 369
4575 370
13608 371
611 372
12122 373
11872 374
13245 375
11605 376
10289 377
9893 378
9393 379
4558 380
9566 381
10702 382
8340 383
5677 384
8033 385
12254 386
8820 387
6281 388
13418 389
1258 390
6328 391
3357 392
9869 393
5969 394
13949 395
8529 396
11794 397
7803 398
11211 399
10502 400
1010 401
4258 402
6423 403
6655 404
11663 405
13063 406
4415 407
615 408
15982 409
281 410
6850 411
1804 412
11168 413
8371 414
4028 415
12363 416
15321 417
11671 418
3125 419
3850 420
15653 421
5244 422
8082 423
5305 424
14080 425
8154 426
12506 427
11308 428
11890 429
9586 430
8286 431
9827 432
5928 433
13755 434
12538 435
12854 436
307 437
12732 438
12605 439
9064 440
11330 441
6857 442
12537 443
6691 444
4764 445
8868 446
6891 447
10338 448
15633 449
7406 450
12067 451
9318 452
671 453
11687 454
3357 455
10031 456
7546 457
5409 458
8093 459
3678 460
12925 461
2706 462
8171 463
9830 464
8539 465
2157 466
13069 467
5166 468
196 469
8316 470
5995 471
1053 472
4526 473
341 474
14750 475
9927 476
13568 477
14112 478
4976 479
1136 480
14386 481
5855 482
13456 483
8593 484
2167 485
11954 486
2373 487
5538 488
4446 489
9478 490
14312 491
8468 492
7975 493
14066 494
1488 495
1509 496
8061 497
11984 498
10014 499
14323 500
8686 501
9298 502
3114 503
8842 504
8362 505
11746 506
6819 507
4016 508
8801 509
2767 510
4835 511
2992 512
11981 513
8969 514
13218 515
12757 516
5783 517
3265 518
5714 519
642 520
10593 521
15076 522
13457 523
4111 524
12148 525
6623 526
13162 527
10091 528
5466 529
13422 530
5120 531
10581 532
15266 533
2332 534
12387 535
2800 536
116 537
8161 538
2743 539
5925 540
7969 541
9091 542
4500 543
8443 544
4794 545
4108 546
6900 547
8144 548
3710 549
12381 550
11212 551
7058 552
11539 553
8853 554
11505 555
1099 556
3372 557
13734 558
524 559
9723 560
5799 561
4183 562
14968 563
14801 564
4160 565
7625 566
3684 567
13310 568
9586 569
14461 570
3955 571
9951 572
14406 573
7780 574
5305 575
5705 576
2238 577
6187 578
4656 579
7853 580
2936 581
8134 582
10621 583
12861 584
10749 585
14088 586
7031 587
10944 588
15390 589
9644 590
10247 591
13450 592
8838 593
1894 594
2830 595
15528 596
3722 597
2079 598
11943 599
10686 600
2053 601
8609 602
720 603
11842 604
7208 605
9736 606
4981 607
9701 608
12763 609
5788 610
7547 611
12397 612
3950 613
2540 614
15505 615
14262 616
8228 617
6109 618
13179 619
4376 620
3899 621
6189 622
9539 623
8475 624
8965 625
346 626
11250 627
1054 628
8347 629
14261 630
11563 631
3457 632
7646 633
2881 634
280 635
6867 636
13380 637
2994 638
4659 639
2939 640
9619 641
12135 642
15641 643
597 644
4886 645
12170 646
3107 647
12383 648
425 649
10103 650
4117 651
11375 652
5917 653
2398 654
4721 655
4960 656
11908 657
4657 658
855 659
8877 660
4991 661
14460 662
3411 663
5762 664
5362 665
1388 666
10067 667
3638 668
5227 669
823 670
12643 671
6977 672
14252 673
5509 674
7236 675
10717 676
8142 677
9829 678
1586 679
2422 680
1610 681
10481 682
13894 683
7092 684
12301 685
5365 686
7410 687
415 688
15658 689
10075 690
4326 691
15017 692
777 693
1569 694
13650 695
3996 696
3266 697
15237 698
10691 699
4330 700
4475 701
14082 702
7997 703
3833 704
9468 705
1695 706
5752 707
6532 708
10111 709
3554 710
2988 711
5813 712
3851 713
3189 714
2115 715
2605 716
2142 717
1599 718
15364 719
8566 720
12704 721
13786 722
2442 723
6491 724
464 725
9362 726
15749 727
701 728
1021 729
4823 730
3189 731
2520 732
2485 733
8105 734
13969 735
10383 736
13902 737
4862 738
8440 739
1368 740
797 741
6400 742
2061 743
5327 744
9583 745
10613 746
11421 747
9705 748
3524 749
15005 750
14247 751
2758 752
10499 753
12163 754
3693 755
4322 756
1278 757
13655 758
5599 759
1349 760
10889 761
5615 762
14777 763
9327 764
3910 765
13532 766
9851 767
6886 768
8901 769
3999 770
15957 771
15953 772
9254 773
2772 774
15761 775
11227 776
2094 777
5451 778
13287 779
7984 780
9055 781
2681 782
9473 783
15140 784
15460 785
5898 786
5550 787
8299 788
4313 789
9047 790
219 791
864 792
8641 793
15464 794
2010 795
8600 796
887 797
5343 798
6222 799
5224 800
3518 801
11217 802
10174 803
318 804
1568 805
6041 806
4568 807
3158 808
3985 809
12806 810
7630 811
2816 812
13551 813
668 814
8940 815
2159 816
5683 817
5569 818
1550 819
6415 820
4387 821
693 822
13678 823
10833 824
12174 825
3926 826
3474 827
4470 828
14092 829
480 830
10276 831
1433 832
7923 833
3296 834
1012 835
12838 836
12416 837
4885 838
13258 839
3037 840
2705 841
7730 842
10451 843
3576 844
12020 845
6801 846
13141 847
12652 848
6947 849
4700 850
12595 851
14224 852
980 853
6909 854
15566 855
11670 856
1938 857
9686 858
1840 859
2067 860
2196 861
4216 862
6074 863
15106 864
4012 865
1826 866
13744 867
8257 868
15431 869
8066 870
5390 871
3547 872
8868 873
14519 874
655 875
2823 876
4724 877
15872 878
2581 879
2018 880
213 881
4478 882
13251 883
12830 884
4667 885
14889 886
10221 887
159 888
5203 889
1106 890
14227 891
157 892
15358 893
13947 894
2215 895
12526 896
12103 897
3510 898
15187 899
4311 900
13204 901
7914 902
3862 903
1524 904
127 905
4076 906
2308 907
4333 908
5457 909
2414 910
13766 911
420 912
9125 913
14109 914
13839 915
15007 916
5188 917
2150 918
15289 919
5353 920
1253 921
14886 922
3176 923
15355 924
15629 925
8020 926
9645 927
4912 928
3353 929
13545 930
13289 931
12257 932
9031 933
1914 934
12763 935
904 936
9690 937
14728 938
2147 939
10541 940
3441 941
15144 942
7561 943
15231 944
15054 945
13513 946
51 947
8969 948
7255 949
13298 950
26 951
5531 952
1230 953
4250 954
15283 955
2187 956
12021 957
4007 958
8763 959
9270 960
11739 961
4226 962
14677 963
9300 964
5865 965
11862 966
7030 967
12715 968
7991 969
4861 970
9512 971
15907 972
4381 973
4077 974
6528 975
3880 976
12752 977
15065 978
12765 979
4108 980
1977 981
14051 982
9881 983
10439 984
729 985
14316 986
5644 987
14312 988
10492 989
5817 990
12839 991
6819 992
3278 993
5261 994
7035 995
14299 996
4056 997
6568 998
13508 999
14419 1000
13908 1001
14938 1002
7002 1003
10771 1004
6618 1005
14519 1006
1835 1007
13423 1008
4728 1009
379 1010
1340 1011
10834 1012
5025 1013
8583 1014
6899 1015
13872 1016
7091 1017
1700 1018
14856 1019
5674 1020
977 1021
6654 1022
7957 1023
13826 1024
6589 1025
12654 1026
15374 1027
1935 1028
13168 1029
654 1030
6604 1031
11939 1032
9260 1033
7649 1034
538 1035
11491 1036
14343 1037
13312 1038
9924 1039
1684 1040
4219 1041
411 1042
10840 1043
8443 1044
13454 1045
12449 1046
14896 1047
4783 1048
14325 1049
10398 1050
12601 1051
10761 1052
2751 1053
12286 1054
4213 1055
6833 1056
535 1057
4448 1058
10873 1059
14686 1060
15570 1061
13854 1062
14898 1063
11681 1064
4386 1065
5278 1066
1741 1067
11809 1068
6245 1069
15846 1070
3667 1071
5462 1072
3378 1073
12933 1074
11135 1075
8216 1076
1616 1077
10373 1078
4396 1079
15830 1080
6728 1081
6599 1082
14872 1083
8724 1084
2408 1085
2186 1086
4511 1087
8874 1088
336 1089
9065 1090
11613 1091
14350 1092
117 1093
8900 1094
13269 1095
14049 1096
8833 1097
10861 1098
11113 1099
13676 1100
5822 1101
908 1102
7746 1103
1747 1104
15240 1105
3352 1106
2969 1107
1697 1108
10092 1109
12715 1110
1097 1111
7594 1112
3204 1113
3527 1114
12224 1115
10351 1116
15314 1117
3997 1118
2913 1119
10160 1120
7587 1121
5747 1122
9744 1123
13873 1124
4938 1125
13785 1126
8428 1127
7882 1128
11504 1129
6791 1130
1607 1131
14637 1132
10983 1133
6825 1134
7242 1135
3189 1136
14363 1137
11591 1138
8409 1139
12595 1140
7344 1141
14490 1142
14952 1143
7111 1144
391 1145
9308 1146
10542 1147
11636 1148
9206 1149
15611 1150
13873 1151
13674 1152
3618 1153
4435 1154
6093 1155
4006 1156
4454 1157
14190 1158
10350 1159
2461 1160
12853 1161
11889 1162
13381 1163
8562 1164
853 1165
11509 1166
2173 1167
9656 1168
11481 1169
1769 1170
1919 1171
8152 1172
6047 1173
5783 1174
3338 1175
5765 1176
7877 1177
3621 1178
5711 1179
10064 1180
6887 1181
14293 1182
680 1183
2775 1184
6202 1185
8029 1186
14354 1187
11024 1188
15175 1189
6428 1190
83 1191
1614 1192
12921 1193
7087 1194
15274 1195
3367 1196
12313 1197
1354 1198
11562 1199
15283 1200
5353 1201
8433 1202
15719 1203
9656 1204
11852 1205
7660 1206
12971 1207
1039 1208
15289 1209
4281 1210
6679 1211
12073 1212
9044 1213
7026 1214
13414 1215
7866 1216
7080 1217
13739 1218
15424 1219
4493 1220
5105 1221
14710 1222
10610 1223
6837 1224
13248 1225
497 1226
1713 1227
11383 1228
15809 1229
12364 1230
15637 1231
3318 1232
13509 1233
6407 1234
6990 1235
7200 1236
11846 1237
13568 1238
10216 1239
8445 1240
13622 1241
14109 1242
11088 1243
2397 1244
13859 1245
890 1246
4604 1247
5640 1248
13183 1249
6943 1250
8147 1251
5010 1252
4019 1253
8593 1254
8372 1255
6088 1256
11588 1257
10356 1258
2548 1259
9493 1260
4268 1261
1514 1262
11126 1263
4668 1264
3254 1265
10882 1266
15379 1267
6517 1268
12816 1269
12710 1270
11596 1271
14092 1272
8170 1273
8296 1274
2070 1275
7022 1276
7454 1277
121 1278
8379 1279
14009 1280
11666 1281
12738 1282
3552 1283
13810 1284
14527 1285
3728 1286
593 1287
15411 1288
11375 1289
6525 1290
4519 1291
3770 1292
4800 1293
12822 1294
3937 1295
10535 1296
13173 1297
7540 1298
14848 1299
10684 1300
3662 1301
13179 1302
14440 1303
11406 1304
14815 1305
3189 1306
8778 1307
11299 1308
5427 1309
9728 1310
4268 1311
1177 1312
4626 1313
947 1314
2223 1315
4186 1316
7104 1317
5331 1318
9652 1319
14468 1320
6893 1321
2685 1322
1356 1323
12472 1324
198 1325
5194 1326
6004 1327
1359 1328
6165 1329
3796 1330
4900 1331
12625 1332
12146 1333
12403 1334
7708 1335
3234 1336
13676 1337
5971 1338
8456 1339
7116 1340
5255 1341
11895 1342
5747 1343
2455 1344
499 1345
7273 1346
13242 1347
14948 1348
1926 1349
10982 1350
12585 1351
9334 1352
1427 1353
329 1354
12543 1355
7206 1356
8741 1357
15233 1358
3857 1359
2162 1360
9300 1361
3056 1362
4490 1363
9236 1364
12708 1365
6135 1366
12920 1367
4965 1368
13062 1369
4388 1370
12864 1371
8806 1372
11390 1373
7670 1374
11990 1375
3960 1376
1870 1377
15115 1378
9231 1379
5532 1380
10015 1381
1351 1382
4384 1383
15993 1384
6883 1385
2478 1386
8957 1387
9101 1388
12886 1389
2897 1390
3498 1391
8021 1392
3056 1393
11102 1394
13686 1395
14500 1396
649 1397
9755 1398
9405 1399
9710 1400
8792 1401
13316 1402
14943 1403
4673 1404
5448 1405
6179 1406
146 1407
6286 1408
1723 1409
1389 1410
3112 1411
6257 1412
4801 1413
11639 1414
12861 1415
2070 1416
2685 1417
7019 1418
11810 1419
2295 1420
15973 1421
10700 1422
15817 1423
4 1424
15523 1425
3530 1426
15855 1427
14765 1428
11416 1429
205 1430
7944 1431
14510 1432
7085 1433
5021 1434
5135 1435
5333 1436
3517 1437
5838 1438
3584 1439
616 1440
6171 1441
14957 1442
3861 1443
4609 1444
13933 1445
12672 1446
1521 1447
11418 1448
5257 1449
13579 1450
8719 1451
9949 1452
730 1453
7845 1454
7695 1455
7377 1456
14790 1457
859 1458
15251 1459
9589 1460
1617 1461
12721 1462
965 1463
14359 1464
11681 1465
441 1466
2777 1467
2538 1468
2195 1469
2662 1470
11662 1471
457 1472
14796 1473
1568 1474
9036 1475
1004 1476
9463 1477
14218 1478
838 1479
12750 1480
6976 1481
576 1482
13411 1483
5143 1484
5950 1485
9420 1486
1532 1487
2624 1488
14657 1489
4465 1490
12806 1491
5124 1492
7734 1493
1617 1494
439 1495
9931 1496
10033 1497
6061 1498
8385 1499
4040 1500
6502 1501
1849 1502
7909 1503
13509 1504
13995 1505
10946 1506
7580 1507
590 1508
8107 1509
5608 1510
9355 1511
15793 1512
14019 1513
511 1514
9623 1515
4458 1516
718 1517
12141 1518
14819 1519
12162 1520
4438 1521
10383 1522
2391 1523
10862 1524
9569 1525
368 1526
874 1527
15448 1528
10842 1529
7293 1530
5636 1531
10202 1532
15897 1533
15935 1534
13089 1535
14769 1536
2857 1537
1158 1538
10671 1539
87 1540
6088 1541
8752 1542
6327 1543
6012 1544
2543 1545
8519 1546
215 1547
3393 1548
14738 1549
8758 1550
7918 1551
15539 1552
11771 1553
11869 1554
6013 1555
11148 1556
10605 1557
10506 1558
15601 1559
9285 1560
1168 1561
13287 1562
4739 1563
12935 1564
11703 1565
3509 1566
531 1567
11809 1568
9507 1569
3029 1570
2950 1571
4734 1572
6983 1573
15112 1574
9556 1575
15810 1576
7532 1577
12571 1578
2989 1579
371 1580
1246 1581
731 1582
13531 1583
1477 1584
8127 1585
4078 1586
9900 1587
5687 1588
1977 1589
11521 1590
7515 1591
13299 1592
6672 1593
598 1594
357 1595
8509 1596
11990 1597
5815 1598
3752 1599
