1000 350
8616 0
6696 1
3508 2
3505 3
62 4
2242 5
8884 6
6247 7
2585 8
8150 9
3119 10
1505 11
6418 12
9822 13
8319 14
1123 15
8449 16
8129 17
5230 18
9877 19
3919 20
985 21
355 22
8639 23
2727 24
9344 25
5649 26
8676 27
7841 28
9752 29
463 30
8047 31
5057 32
4246 33
7155 34
943 35
9496 36
1634 37
33 38
542 39
2900 40
4341 41
2450 42
7098 43
4750 44
7457 45
4728 46
2376 47
2893 48
9504 49
2155 50
2306 51
6353 52
436 53
8915 54
4535 55
2205 56
7842 57
9818 58
3818 59
4286 60
3261 61
8373 62
6037 63
7707 64
1761 65
1152 66
8101 67
9656 68
7264 69
1563 70
290 71
8076 72
9915 73
716 74
9364 75
7415 76
4760 77
8308 78
5807 79
9448 80
3102 81
9487 82
9127 83
4752 84
2049 85
6520 86
5130 87
7224 88
3713 89
8585 90
9075 91
5602 92
4418 93
9641 94
2731 95
4568 96
9114 97
8435 98
5235 99
670 100
747 101
6329 102
1825 103
3205 104
9770 105
703 106
6800 107
1890 108
4529 109
4379 110
3505 111
7699 112
7619 113
243 114
5994 115
4093 116
7464 117
8475 118
2316 119
6230 120
7453 121
4356 122
7086 123
3927 124
9908 125
1841 126
4438 127
1974 128
4470 129
1206 130
7554 131
2080 132
3554 133
6303 134
1752 135
1938 136
2333 137
9450 138
8685 139
7794 140
7658 141
6362 142
7639 143
6500 144
3647 145
7593 146
2929 147
5710 148
5545 149
9378 150
8245 151
6281 152
47 153
5672 154
1001 155
8050 156
3942 157
8105 158
7514 159
1237 160
3058 161
8588 162
6568 163
8425 164
6111 165
7672 166
9800 167
8700 168
2146 169
9164 170
8514 171
1598 172
8903 173
7118 174
2799 175
9038 176
2564 177
3463 178
4513 179
3290 180
8444 181
6194 182
2282 183
1223 184
2683 185
5574 186
5135 187
3001 188
7316 189
663 190
3859 191
5775 192
4109 193
3288 194
1935 195
5021 196
9694 197
1282 198
1212 199
9182 200
6017 201
4262 202
871 203
8255 204
8185 205
4251 206
9140 207
229 208
7851 209
2081 210
322 211
5232 212
6823 213
5307 214
5843 215
2460 216
4227 217
6380 218
4827 219
7772 220
9333 221
8742 222
4421 223
8421 224
572 225
4426 226
2700 227
8559 228
4644 229
6033 230
848 231
7583 232
5239 233
7740 234
4846 235
4111 236
1062 237
2136 238
9436 239
7221 240
4520 241
3633 242
720 243
7290 244
2229 245
5276 246
643 247
4818 248
2039 249
2467 250
5274 251
369 252
1977 253
5758 254
7028 255
7634 256
3206 257
8287 258
2093 259
6928 260
5453 261
3216 262
7497 263
9850 264
1178 265
2876 266
900 267
4043 268
8406 269
160 270
7 271
9532 272
4602 273
6927 274
3872 275
7157 276
2770 277
6891 278
335 279
2674 280
8909 281
7298 282
6731 283
3492 284
9884 285
4523 286
1873 287
5564 288
3317 289
6611 290
9437 291
3877 292
8082 293
8264 294
5819 295
6757 296
3592 297
3361 298
3847 299
8391 300
2616 301
7291 302
9501 303
7161 304
6470 305
1893 306
8060 307
2871 308
7881 309
1660 310
9585 311
16 312
4967 313
5943 314
2823 315
1786 316
3359 317
7928 318
4972 319
5951 320
5895 321
6784 322
1911 323
3419 324
3653 325
7600 326
9541 327
456 328
357 329
3108 330
7880 331
8829 332
9243 333
9724 334
6809 335
6356 336
4944 337
6012 338
8335 339
5008 340
9271 341
5573 342
3378 343
4879 344
2234 345
5861 346
1983 347
840 348
7269 349
9323 350
5263 351
876 352
6167 353
6574 354
5519 355
2543 356
2418 357
1023 358
7979 359
7851 360
9551 361
3585 362
3400 363
1058 364
7103 365
2945 366
9897 367
8802 368
9773 369
4100 370
6838 371
1607 372
7608 373
3180 374
222 375
1289 376
4143 377
8487 378
1324 379
6464 380
761 381
9234 382
8462 383
1260 384
6895 385
4593 386
2936 387
5302 388
3558 389
4628 390
4607 391
4172 392
4662 393
1569 394
7845 395
8494 396
4625 397
2208 398
8111 399
2382 400
3517 401
7040 402
9513 403
123 404
1203 405
3903 406
3692 407
857 408
6184 409
8422 410
8028 411
9188 412
5878 413
3711 414
9223 415
1843 416
3312 417
4425 418
2545 419
2816 420
4663 421
4245 422
323 423
3037 424
7137 425
5421 426
9428 427
9221 428
8234 429
827 430
7953 431
4892 432
4898 433
204 434
258 435
9780 436
6391 437
1441 438
9835 439
1716 440
5467 441
9619 442
9043 443
5617 444
2691 445
1841 446
593 447
5364 448
3403 449
3986 450
3142 451
7766 452
6707 453
8669 454
8801 455
2719 456
1364 457
5294 458
1004 459
3466 460
4090 461
6035 462
5888 463
2062 464
2161 465
7401 466
2825 467
8856 468
8838 469
3445 470
4687 471
1085 472
2353 473
6775 474
5108 475
5191 476
9844 477
6319 478
3736 479
7141 480
9714 481
4309 482
5887 483
4886 484
16 485
3580 486
7482 487
3906 488
4449 489
7973 490
5657 491
6411 492
8302 493
4980 494
28 495
6164 496
3952 497
9223 498
2725 499
7523 500
4723 501
4254 502
3758 503
402 504
3582 505
5183 506
4024 507
187 508
6276 509
5362 510
9351 511
2424 512
9379 513
8792 514
1719 515
8358 516
5443 517
6522 518
9568 519
3998 520
6087 521
2269 522
7146 523
7187 524
461 525
6374 526
8665 527
5632 528
2210 529
7336 530
4675 531
9186 532
4246 533
1148 534
3915 535
6129 536
591 537
2139 538
5377 539
5752 540
957 541
8593 542
1024 543
4089 544
6227 545
8543 546
5361 547
2728 548
7147 549
3715 550
399 551
6080 552
2537 553
2836 554
976 555
6819 556
5134 557
6165 558
5539 559
9177 560
2137 561
977 562
1527 563
5064 564
9501 565
182 566
9763 567
7006 568
7885 569
4974 570
2618 571
1384 572
9281 573
2553 574
1963 575
1610 576
7872 577
2301 578
2877 579
7112 580
2902 581
8601 582
3889 583
7590 584
8843 585
8981 586
8586 587
9892 588
3219 589
9679 590
7714 591
3008 592
289 593
6919 594
7773 595
7094 596
6367 597
9371 598
4486 599
2230 600
7679 601
8269 602
1801 603
7244 604
7789 605
3994 606
1785 607
8037 608
6808 609
1822 610
9702 611
8482 612
5799 613
9759 614
7051 615
9667 616
718 617
9654 618
8074 619
6855 620
2089 621
5194 622
6707 623
2031 624
5400 625
5662 626
5719 627
6641 628
7761 629
9283 630
5697 631
5952 632
7357 633
8956 634
7679 635
7784 636
7440 637
3681 638
3165 639
3973 640
8759 641
5869 642
724 643
6795 644
6447 645
7918 646
1109 647
5350 648
3395 649
4122 650
7519 651
4556 652
4382 653
7673 654
1928 655
6213 656
7511 657
2253 658
515 659
5141 660
7580 661
4611 662
9261 663
4627 664
5285 665
3140 666
732 667
932 668
711 669
590 670
6008 671
4457 672
5322 673
6288 674
989 675
4301 676
1640 677
6035 678
687 679
5052 680
7772 681
2927 682
4167 683
7397 684
1066 685
6528 686
2194 687
1916 688
1497 689
3658 690
6963 691
3658 692
2480 693
8024 694
783 695
8041 696
9786 697
9376 698
847 699
4154 700
1984 701
5662 702
914 703
7372 704
2232 705
5353 706
3567 707
9895 708
9284 709
5452 710
1502 711
488 712
518 713
2012 714
7457 715
7082 716
8146 717
8209 718
4778 719
8170 720
8292 721
8382 722
830 723
205 724
9226 725
2298 726
7445 727
8297 728
3075 729
5199 730
871 731
2765 732
4950 733
1879 734
1436 735
6953 736
9313 737
7386 738
5889 739
253 740
4979 741
2207 742
1001 743
5969 744
3552 745
3822 746
5183 747
9591 748
8548 749
5060 750
7248 751
9527 752
2426 753
6992 754
4499 755
9386 756
278 757
2501 758
4168 759
2914 760
3960 761
4718 762
3460 763
7067 764
6853 765
2724 766
5329 767
7373 768
5715 769
1794 770
7776 771
2643 772
2819 773
2080 774
640 775
4309 776
3192 777
73 778
7012 779
7855 780
951 781
7360 782
9494 783
9496 784
8507 785
4606 786
61 787
214 788
174 789
3331 790
8582 791
6080 792
2189 793
1555 794
7572 795
5635 796
6652 797
9494 798
8902 799
1150 800
5485 801
4920 802
712 803
6714 804
7306 805
1061 806
876 807
6371 808
3253 809
9088 810
9701 811
2941 812
9313 813
759 814
6136 815
1651 816
2469 817
6694 818
2831 819
9138 820
5989 821
8644 822
3350 823
6150 824
4088 825
1969 826
5797 827
9075 828
8845 829
548 830
9640 831
118 832
9765 833
3698 834
2472 835
2135 836
3401 837
7900 838
3099 839
2235 840
1511 841
6321 842
9088 843
4703 844
2200 845
5917 846
8719 847
7973 848
6001 849
8279 850
8058 851
6944 852
5057 853
6377 854
5186 855
5338 856
3977 857
6645 858
4965 859
9246 860
5776 861
5141 862
7398 863
4159 864
7108 865
4470 866
4524 867
4789 868
5939 869
5292 870
2002 871
8611 872
9861 873
4291 874
2588 875
2851 876
4195 877
2195 878
5385 879
8340 880
5054 881
2916 882
2199 883
9094 884
45 885
743 886
2018 887
9899 888
5666 889
7395 890
5906 891
5181 892
5432 893
7349 894
6918 895
1889 896
5269 897
7843 898
4489 899
1758 900
499 901
5354 902
2483 903
3292 904
40 905
7544 906
4658 907
4405 908
5329 909
725 910
9883 911
6371 912
67 913
2555 914
1038 915
3054 916
5298 917
9091 918
769 919
9098 920
1219 921
8077 922
7478 923
3617 924
8417 925
7703 926
7580 927
9409 928
1302 929
339 930
7502 931
9912 932
6496 933
8992 934
7153 935
9624 936
6336 937
8563 938
3826 939
4876 940
8180 941
6346 942
9535 943
4855 944
6420 945
4610 946
2494 947
4128 948
3089 949
5989 950
5595 951
8478 952
3159 953
6043 954
2635 955
6099 956
2186 957
1527 958
2592 959
2727 960
4124 961
3379 962
5679 963
432 964
8702 965
9405 966
3828 967
2152 968
5659 969
2529 970
5728 971
2922 972
5320 973
8306 974
3449 975
7843 976
3310 977
7325 978
9585 979
2438 980
1640 981
5602 982
2689 983
927 984
6063 985
5199 986
6821 987
4045 988
1268 989
1528 990
9828 991
167 992
7393 993
2047 994
4194 995
6718 996
3416 997
7981 998
9017 999
