1500 950
10012 0
14322 1
787 2
5568 3
1040 4
4315 5
13955 6
11873 7
778 8
10936 9
10931 10
11673 11
11325 12
14095 13
11896 14
6595 15
12808 16
9486 17
12370 18
6433 19
12388 20
5908 21
10664 22
5566 23
3462 24
2729 25
781 26
1425 27
7283 28
3065 29
11543 30
4237 31
4757 32
7703 33
13170 34
10715 35
14672 36
8558 37
1215 38
14638 39
6400 40
5990 41
8971 42
11088 43
317 44
4204 45
10037 46
9037 47
1765 48
10129 49
14992 50
14901 51
8483 52
4877 53
6172 54
3225 55
276 56
4823 57
300 58
3635 59
8065 60
13152 61
577 62
14386 63
11888 64
1205 65
8218 66
4490 67
13388 68
6760 69
6803 70
1403 71
13235 72
7177 73
12830 74
13289 75
14108 76
3011 77
7061 78
9570 79
2303 80
5083 81
1591 82
1710 83
9970 84
10579 85
6914 86
1949 87
12069 88
14221 89
13859 90
6224 91
10717 92
3755 93
7642 94
14242 95
5598 96
9736 97
10625 98
9416 99
10284 100
5960 101
14853 102
1062 103
5227 104
11689 105
10256 106
13154 107
735 108
4160 109
7320 110
13236 111
1257 112
14219 113
6352 114
3058 115
6683 116
12453 117
2320 118
14263 119
9999 120
941 121
12606 122
6295 123
13873 124
7933 125
5352 126
5587 127
13268 128
10020 129
7454 130
4998 131
12925 132
9892 133
14071 134
2699 135
5176 136
4365 137
10387 138
10292 139
8079 140
6249 141
14817 142
1889 143
11960 144
337 145
139 146
6500 147
7077 148
5456 149
5445 150
10510 151
11511 152
5117 153
313 154
4250 155
11357 156
1089 157
1755 158
9930 159
10550 160
14827 161
10426 162
3959 163
6940 164
1912 165
9745 166
6110 167
7899 168
14059 169
5151 170
8780 171
1467 172
6408 173
7170 174
11574 175
10536 176
8422 177
11094 178
1337 179
14965 180
13233 181
5532 182
960 183
2366 184
12963 185
13651 186
8819 187
220 188
9258 189
6004 190
3085 191
12567 192
10064 193
5010 194
2584 195
12765 196
3723 197
2407 198
452 199
3708 200
10609 201
3371 202
9571 203
5602 204
13278 205
12165 206
5656 207
3238 208
1695 209
13821 210
439 211
3233 212
12163 213
2735 214
3709 215
7691 216
11044 217
11350 218
8465 219
13973 220
5605 221
5951 222
5082 223
9720 224
13861 225
3675 226
11863 227
12158 228
14564 229
8407 230
14032 231
6706 232
6520 233
6220 234
9755 235
1375 236
1615 237
14047 238
6858 239
14994 240
3705 241
145 242
11660 243
12157 244
1594 245
2021 246
13749 247
10283 248
6470 249
6203 250
7896 251
3633 252
5809 253
3764 254
3109 255
1560 256
4513 257
9237 258
1974 259
8665 260
12120 261
2548 262
2584 263
995 264
7518 265
12537 266
9362 267
2391 268
12999 269
9812 270
7009 271
5396 272
14669 273
7728 274
10465 275
4101 276
14905 277
1298 278
6063 279
13806 280
12904 281
5351 282
1332 283
3562 284
2243 285
12992 286
1812 287
5160 288
10197 289
2802 290
846 291
2685 292
5455 293
9050 294
13576 295
1104 296
6913 297
10891 298
1607 299
11584 300
13569 301
11909 302
2351 303
12745 304
13108 305
6006 306
9066 307
8995 308
2914 309
13963 310
3480 311
11329 312
3311 313
11567 314
14834 315
10808 316
1662 317
6117 318
1082 319
4686 320
11843 321
1426 322
12153 323
3883 324
13283 325
10455 326
13599 327
4282 328
2418 329
2592 330
10260 331
13281 332
4281 333
2794 334
4494 335
8924 336
5027 337
2215 338
2307 339
7355 340
12763 341
1843 342
12617 343
14854 344
6683 345
7033 346
8140 347
5356 348
2634 349
9403 350
5871 351
9630 352
11911 353
7185 354
13793 355
565 356
14195 357
3834 358
5204 359
5826 360
5600 361
1797 362
12524 363
11011 364
11047 365
5763 366
9638 367
11460 368
3643 369
14468 370
9455 371
886 372
2955 373
2931 374
9985 375
13961 376
5428 377
13572 378
1790 379
13640 380
7204 381
9554 382
1541 383
9324 384
13607 385
6131 386
1686 387
6135 388
7950 389
8731 390
9582 391
6995 392
1130 393
6512 394
13285 395
2763 396
3513 397
1592 398
2278 399
13281 400
3449 401
8535 402
2317 403
2383 404
4019 405
2280 406
979 407
14983 408
6266 409
1820 410
5439 411
12671 412
12849 413
2383 414
3590 415
10315 416
7276 417
1481 418
4530 419
8972 420
14313 421
14883 422
13405 423
14837 424
13336 425
7881 426
327 427
2415 428
12248 429
7523 430
10017 431
6821 432
14788 433
14874 434
9565 435
6927 436
7558 437
13780 438
7684 439
969 440
13903 441
4483 442
1855 443
4017 444
7522 445
12308 446
6631 447
8561 448
12558 449
13977 450
2657 451
2304 452
9626 453
781 454
10688 455
7052 456
3733 457
13146 458
5200 459
13975 460
4735 461
681 462
7402 463
4465 464
5039 465
3212 466
10219 467
3280 468
12828 469
9 470
7009 471
11591 472
1512 473
1630 474
7500 475
11696 476
821 477
4767 478
6350 479
7318 480
15 481
5030 482
2145 483
8227 484
14327 485
3477 486
4665 487
3148 488
1100 489
4777 490
3158 491
11220 492
9909 493
14878 494
13324 495
701 496
14577 497
3055 498
9446 499
2880 500
1109 501
6690 502
8362 503
8509 504
230 505
4019 506
122 507
12107 508
2020 509
2339 510
1614 511
1713 512
9226 513
6752 514
7338 515
3826 516
4072 517
4195 518
6617 519
13082 520
4488 521
4078 522
9372 523
1825 524
11266 525
13970 526
12356 527
13021 528
14755 529
7746 530
11799 531
7030 532
7663 533
11326 534
10541 535
1264 536
11156 537
1217 538
13892 539
5726 540
5564 541
9671 542
10265 543
13261 544
500 545
7541 546
3987 547
5444 548
5240 549
8969 550
4237 551
2592 552
2964 553
14467 554
3509 555
10404 556
6756 557
6517 558
7973 559
1538 560
7833 561
6287 562
10923 563
14939 564
1668 565
291 566
2874 567
1210 568
1152 569
1238 570
4212 571
3165 572
3621 573
10536 574
3666 575
11259 576
3876 577
13454 578
5885 579
8431 580
1883 581
13288 582
6616 583
11932 584
14646 585
517 586
14241 587
14339 588
9896 589
10600 590
4537 591
696 592
10925 593
1155 594
13891 595
10508 596
5186 597
4004 598
4214 599
317 600
13474 601
2543 602
6486 603
7881 604
4467 605
4331 606
7682 607
14329 608
7206 609
1152 610
2111 611
14417 612
6911 613
6369 614
10180 615
12785 616
11578 617
13171 618
7142 619
13938 620
3791 621
2391 622
6231 623
5527 624
2354 625
5717 626
1324 627
13420 628
12578 629
8480 630
2472 631
10344 632
9467 633
3646 634
8941 635
4564 636
1444 637
612 638
2958 639
2311 640
3224 641
5909 642
3112 643
242 644
14671 645
14856 646
6279 647
1387 648
6009 649
12960 650
6156 651
6126 652
12119 653
1727 654
3982 655
1205 656
8071 657
9868 658
440 659
756 660
933 661
1547 662
1494 663
9430 664
6835 665
14786 666
4231 667
371 668
1955 669
1102 670
10644 671
1618 672
1416 673
3395 674
12651 675
3733 676
11895 677
5776 678
12122 679
7499 680
4629 681
6456 682
5150 683
5264 684
5837 685
8013 686
2971 687
7656 688
10194 689
3010 690
8239 691
11 692
1760 693
1131 694
674 695
7215 696
7879 697
8490 698
3272 699
5735 700
9657 701
9523 702
6947 703
8691 704
12567 705
2108 706
13036 707
13941 708
12952 709
6128 710
1200 711
5319 712
14547 713
1822 714
5035 715
982 716
3940 717
13741 718
4959 719
8873 720
5877 721
9347 722
7128 723
12749 724
14991 725
6879 726
989 727
3657 728
1433 729
2929 730
8268 731
5868 732
9502 733
12871 734
5436 735
858 736
14742 737
5130 738
6786 739
3727 740
13333 741
4618 742
12633 743
2889 744
10126 745
12409 746
7932 747
12755 748
6541 749
13112 750
8584 751
11339 752
2555 753
12005 754
5787 755
9559 756
2341 757
8223 758
12620 759
8402 760
7065 761
796 762
8618 763
8201 764
4169 765
7104 766
7920 767
1917 768
12038 769
1107 770
10086 771
11512 772
5621 773
10130 774
9689 775
2210 776
7337 777
4749 778
3142 779
14223 780
5450 781
4464 782
2484 783
9571 784
6055 785
12828 786
12896 787
12745 788
7712 789
12405 790
7640 791
10748 792
10030 793
6784 794
10202 795
11351 796
11464 797
9666 798
9537 799
954 800
10034 801
5707 802
8556 803
12745 804
1198 805
3416 806
6291 807
10416 808
14289 809
8512 810
12411 811
10824 812
12672 813
621 814
12423 815
1526 816
12302 817
9358 818
3588 819
2904 820
48 821
5004 822
5326 823
1454 824
6422 825
4327 826
640 827
3675 828
9507 829
14071 830
10503 831
489 832
4744 833
12035 834
2180 835
10533 836
1273 837
14461 838
4238 839
3187 840
11141 841
14236 842
10406 843
3142 844
7637 845
4327 846
8459 847
13097 848
9079 849
8305 850
4156 851
14475 852
11858 853
14008 854
7146 855
14696 856
14893 857
12099 858
13688 859
11424 860
2780 861
1787 862
4245 863
13605 864
14993 865
6804 866
10737 867
988 868
6715 869
5065 870
12560 871
3801 872
9652 873
8140 874
1035 875
4755 876
2095 877
12068 878
9645 879
1364 880
206 881
7204 882
1146 883
3489 884
13070 885
5953 886
1581 887
12592 888
1728 889
4525 890
7956 891
7332 892
3287 893
13131 894
7469 895
5261 896
2085 897
4905 898
1522 899
12839 900
14367 901
6745 902
13429 903
10615 904
6409 905
3481 906
9838 907
8456 908
2599 909
12210 910
14613 911
3533 912
14254 913
7182 914
12295 915
10058 916
13538 917
2355 918
3973 919
4671 920
11778 921
7766 922
9598 923
8691 924
9636 925
8521 926
5955 927
9206 928
11830 929
14568 930
7964 931
14342 932
963 933
9549 934
5386 935
14947 936
601 937
9825 938
8859 939
5330 940
5976 941
3227 942
13305 943
555 944
12072 945
3677 946
11775 947
3761 948
13354 949
14979 950
11568 951
7824 952
9051 953
14853 954
12078 955
3890 956
5504 957
789 958
9612 959
10970 960
11547 961
11063 962
4398 963
5707 964
11343 965
11676 966
11182 967
9456 968
11176 969
4058 970
10044 971
11918 972
8769 973
901 974
13084 975
14571 976
6854 977
1968 978
14194 979
12490 980
14109 981
5871 982
13488 983
2857 984
44 985
8967 986
6444 987
12937 988
5935 989
11129 990
9418 991
5045 992
13565 993
5568 994
12129 995
10184 996
1806 997
593 998
7019 999
3335 1000
12195 1001
3722 1002
4766 1003
9816 1004
2663 1005
14669 1006
11621 1007
10857 1008
3062 1009
4595 1010
3949 1011
6650 1012
5312 1013
7169 1014
2973 1015
14866 1016
12510 1017
3333 1018
9618 1019
1528 1020
14190 1021
1764 1022
11128 1023
372 1024
9598 1025
4552 1026
1657 1027
3270 1028
689 1029
13454 1030
13698 1031
1004 1032
2733 1033
2974 1034
14602 1035
2045 1036
8735 1037
6422 1038
13571 1039
7331 1040
179 1041
6675 1042
12622 1043
7 1044
4320 1045
1604 1046
12835 1047
1331 1048
4119 1049
13301 1050
9590 1051
11199 1052
6035 1053
2251 1054
12565 1055
3375 1056
12354 1057
9141 1058
12921 1059
4111 1060
13502 1061
7270 1062
14825 1063
6586 1064
3764 1065
7548 1066
214 1067
11383 1068
13673 1069
9771 1070
4664 1071
9540 1072
1550 1073
8118 1074
3158 1075
5286 1076
11727 1077
11737 1078
12486 1079
3262 1080
7251 1081
6538 1082
12738 1083
11651 1084
6441 1085
6640 1086
9143 1087
9235 1088
11265 1089
7731 1090
4760 1091
4941 1092
4050 1093
7093 1094
6351 1095
13331 1096
12730 1097
12401 1098
3935 1099
7934 1100
2697 1101
12872 1102
689 1103
12301 1104
5790 1105
13271 1106
8846 1107
7037 1108
241 1109
5859 1110
147 1111
10674 1112
11579 1113
4339 1114
12275 1115
2180 1116
10247 1117
11590 1118
6048 1119
3287 1120
5774 1121
14846 1122
11054 1123
7082 1124
12471 1125
4926 1126
8337 1127
10466 1128
4835 1129
9185 1130
5824 1131
7040 1132
12333 1133
13839 1134
6381 1135
2908 1136
13296 1137
6016 1138
1577 1139
10865 1140
2268 1141
13144 1142
12699 1143
7970 1144
9668 1145
7295 1146
84 1147
6515 1148
1925 1149
2655 1150
12169 1151
10254 1152
11904 1153
14658 1154
8104 1155
9562 1156
4536 1157
5052 1158
547 1159
7119 1160
712 1161
6534 1162
1342 1163
3834 1164
4930 1165
5090 1166
8643 1167
10826 1168
12594 1169
4829 1170
8033 1171
1201 1172
8932 1173
2172 1174
1931 1175
5252 1176
1538 1177
11585 1178
12081 1179
9783 1180
11987 1181
1302 1182
1756 1183
2202 1184
4251 1185
5937 1186
13066 1187
8539 1188
12678 1189
10686 1190
11069 1191
3157 1192
1441 1193
12904 1194
3440 1195
6829 1196
7526 1197
12244 1198
243 1199
9268 1200
14224 1201
11971 1202
9117 1203
7201 1204
10684 1205
5317 1206
72 1207
12575 1208
6744 1209
9771 1210
5374 1211
11595 1212
6898 1213
4597 1214
1829 1215
7941 1216
7236 1217
11614 1218
14132 1219
12098 1220
12958 1221
4545 1222
10657 1223
8101 1224
1343 1225
2069 1226
7815 1227
3732 1228
11833 1229
2929 1230
2357 1231
6796 1232
6653 1233
9973 1234
4147 1235
10954 1236
9243 1237
1472 1238
8457 1239
3320 1240
11406 1241
7002 1242
6791 1243
2833 1244
8753 1245
7866 1246
12756 1247
7611 1248
6469 1249
14002 1250
12718 1251
7615 1252
5430 1253
2895 1254
11019 1255
13662 1256
11802 1257
2771 1258
11193 1259
1068 1260
5112 1261
14799 1262
2165 1263
7828 1264
10907 1265
10960 1266
1615 1267
3211 1268
1071 1269
10871 1270
14797 1271
10739 1272
3085 1273
10667 1274
5381 1275
4759 1276
11714 1277
9464 1278
8820 1279
6181 1280
11189 1281
5154 1282
6764 1283
12579 1284
1585 1285
9298 1286
7362 1287
14495 1288
4749 1289
14914 1290
9095 1291
4920 1292
12400 1293
9664 1294
13845 1295
14467 1296
14591 1297
2589 1298
2511 1299
11357 1300
7269 1301
8979 1302
4914 1303
2786 1304
7665 1305
1286 1306
8486 1307
12898 1308
13965 1309
12225 1310
8614 1311
48 1312
4382 1313
6735 1314
1224 1315
8220 1316
4540 1317
5730 1318
12143 1319
9403 1320
11915 1321
12227 1322
14329 1323
4121 1324
5175 1325
1507 1326
6906 1327
15000 1328
12939 1329
13552 1330
7298 1331
11509 1332
9134 1333
9834 1334
7656 1335
5751 1336
14194 1337
4780 1338
5898 1339
2023 1340
5722 1341
2382 1342
14716 1343
4430 1344
12390 1345
5135 1346
1729 1347
7869 1348
12902 1349
9057 1350
12933 1351
1236 1352
3260 1353
2745 1354
9613 1355
6371 1356
9941 1357
14529 1358
4259 1359
10946 1360
13894 1361
5318 1362
8784 1363
12762 1364
5862 1365
13675 1366
6504 1367
13639 1368
7764 1369
14052 1370
4228 1371
11293 1372
3876 1373
2444 1374
7381 1375
9910 1376
3197 1377
3465 1378
7529 1379
10350 1380
3653 1381
10577 1382
10182 1383
3771 1384
536 1385
11088 1386
8080 1387
7582 1388
13164 1389
1769 1390
7086 1391
7458 1392
6973 1393
1564 1394
365 1395
4031 1396
669 1397
5007 1398
9717 1399
14990 1400
14115 1401
11554 1402
9861 1403
2542 1404
703 1405
6814 1406
10870 1407
5959 1408
737 1409
5517 1410
14271 1411
4357 1412
13591 1413
3272 1414
8316 1415
7828 1416
630 1417
12030 1418
9656 1419
9221 1420
7709 1421
9352 1422
14922 1423
13585 1424
13557 1425
905 1426
3487 1427
10311 1428
775 1429
2998 1430
7246 1431
5432 1432
8133 1433
2677 1434
3225 1435
10739 1436
14003 1437
1509 1438
13452 1439
14357 1440
5035 1441
4039 1442
12218 1443
12065 1444
13854 1445
4949 1446
12525 1447
7391 1448
11546 1449
1840 1450
7212 1451
13282 1452
7994 1453
1784 1454
4855 1455
6205 1456
9546 1457
9829 1458
4947 1459
6934 1460
3111 1461
1787 1462
11876 1463
14955 1464
3385 1465
13183 1466
673 1467
2539 1468
3252 1469
2241 1470
1593 1471
1086 1472
712 1473
5198 1474
10322 1475
3939 1476
8860 1477
6067 1478
522 1479
14317 1480
9866 1481
13003 1482
12624 1483
13477 1484
13666 1485
7268 1486
2738 1487
14998 1488
3508 1489
10852 1490
95 1491
1823 1492
7684 1493
9876 1494
12792 1495
5265 1496
3198 1497
13998 1498
4105 1499
