1150 800
8028 0
9499 1
9763 2
9864 3
4903 4
6386 5
1378 6
11099 7
1885 8
6888 9
6651 10
11252 11
5307 12
973 13
4522 14
9814 15
9555 16
9478 17
4575 18
2858 19
181 20
6587 21
9267 22
8345 23
1338 24
3303 25
9820 26
10393 27
7220 28
1654 29
9822 30
6192 31
10696 32
6068 33
10437 34
1396 35
6038 36
9997 37
8969 38
7498 39
4718 40
8102 41
5502 42
8197 43
1595 44
7030 45
10657 46
4725 47
4327 48
199 49
8499 50
7253 51
1699 52
9377 53
10018 54
684 55
301 56
4743 57
6556 58
8582 59
6505 60
1171 61
3368 62
7296 63
3737 64
1737 65
9908 66
10845 67
7138 68
2458 69
2770 70
7785 71
3237 72
11165 73
5212 74
133 75
11465 76
3987 77
2427 78
7898 79
4603 80
10682 81
11382 82
1647 83
2191 84
1913 85
8082 86
2981 87
9085 88
10495 89
537 90
4934 91
9400 92
4945 93
6824 94
1201 95
2502 96
7732 97
4292 98
4723 99
5883 100
7092 101
6036 102
6195 103
4021 104
7710 105
7558 106
6601 107
6255 108
5995 109
7078 110
4891 111
11448 112
1438 113
9969 114
8836 115
6254 116
2576 117
4693 118
2760 119
4247 120
5047 121
6933 122
10514 123
11358 124
17 125
3933 126
10890 127
6407 128
5714 129
4123 130
4601 131
507 132
10383 133
8504 134
10980 135
5926 136
8172 137
931 138
10861 139
6846 140
10816 141
7195 142
4797 143
9768 144
6338 145
1129 146
3531 147
2132 148
5066 149
10644 150
11147 151
4254 152
1289 153
1479 154
11182 155
10759 156
10625 157
758 158
11396 159
2748 160
6968 161
5365 162
2808 163
2319 164
9403 165
4193 166
11496 167
2450 168
3686 169
3974 170
6099 171
8235 172
9241 173
70 174
1555 175
3988 176
9702 177
672 178
9594 179
10904 180
11304 181
243 182
9213 183
11169 184
667 185
10446 186
10250 187
3561 188
1829 189
9477 190
9175 191
4016 192
1206 193
600 194
3219 195
4309 196
6215 197
2697 198
10506 199
7459 200
6655 201
7589 202
3768 203
2978 204
9439 205
3066 206
8570 207
7826 208
6555 209
2559 210
11158 211
3617 212
805 213
1315 214
2717 215
1713 216
11035 217
7658 218
10010 219
3626 220
4400 221
6196 222
6988 223
3024 224
9578 225
4260 226
7831 227
9961 228
658 229
7116 230
8220 231
4540 232
5397 233
3387 234
7518 235
8308 236
1885 237
6816 238
3140 239
2087 240
6318 241
7282 242
3348 243
4750 244
1159 245
10974 246
2450 247
11451 248
4817 249
6350 250
4908 251
5024 252
8850 253
3089 254
7892 255
4792 256
8257 257
3529 258
7274 259
2901 260
5735 261
1538 262
1458 263
6506 264
9187 265
8703 266
11211 267
7259 268
3872 269
8951 270
10367 271
1701 272
9463 273
10770 274
73 275
4124 276
9455 277
9228 278
8256 279
3879 280
9844 281
8677 282
3016 283
8483 284
5549 285
9654 286
5184 287
3850 288
1353 289
10846 290
1467 291
6357 292
10630 293
6105 294
5074 295
8988 296
4255 297
11078 298
3688 299
3075 300
3554 301
1849 302
10274 303
2104 304
792 305
1942 306
10604 307
3016 308
1713 309
4974 310
9328 311
10592 312
2721 313
2593 314
8291 315
10537 316
3477 317
3916 318
10679 319
6082 320
2261 321
1048 322
2880 323
9062 324
2086 325
7837 326
9615 327
6295 328
9863 329
1975 330
7263 331
9943 332
3151 333
8414 334
2781 335
5535 336
5859 337
941 338
11056 339
292 340
7117 341
5787 342
10721 343
4333 344
4945 345
5700 346
8115 347
1956 348
793 349
8748 350
6613 351
6886 352
3200 353
944 354
10126 355
9816 356
4695 357
8337 358
1717 359
7046 360
2393 361
1323 362
862 363
10714 364
10128 365
1497 366
5186 367
5757 368
9591 369
4954 370
3412 371
1784 372
5515 373
3149 374
7499 375
6273 376
4832 377
10776 378
11214 379
77 380
9800 381
10112 382
3731 383
747 384
10659 385
2172 386
3502 387
8444 388
10787 389
4779 390
6643 391
717 392
5214 393
991 394
9571 395
6473 396
9818 397
2956 398
766 399
6276 400
10585 401
8175 402
10872 403
6932 404
638 405
4778 406
3521 407
7493 408
10375 409
9596 410
4197 411
9976 412
6079 413
8702 414
3904 415
6875 416
933 417
6475 418
230 419
7185 420
4825 421
5316 422
8467 423
4796 424
7471 425
10955 426
10362 427
10888 428
10082 429
3532 430
10884 431
7155 432
3069 433
9881 434
7485 435
3360 436
5817 437
205 438
4989 439
5310 440
11140 441
7128 442
9380 443
4185 444
8848 445
541 446
4199 447
7079 448
5494 449
1132 450
7868 451
7469 452
6708 453
1000 454
9510 455
8655 456
9703 457
610 458
6539 459
7703 460
1515 461
5836 462
7493 463
1568 464
2856 465
1631 466
43 467
8033 468
10236 469
4211 470
6367 471
2290 472
5700 473
8159 474
6365 475
7044 476
10323 477
239 478
2628 479
10332 480
2165 481
9795 482
9328 483
7776 484
10372 485
5424 486
10745 487
616 488
7933 489
7557 490
6045 491
11183 492
6504 493
8079 494
1883 495
10137 496
7306 497
4184 498
10785 499
7216 500
4302 501
7148 502
9160 503
1792 504
4819 505
3220 506
10562 507
8581 508
3961 509
5797 510
7818 511
1644 512
5617 513
7137 514
42 515
342 516
10210 517
9881 518
392 519
1276 520
10039 521
5013 522
10945 523
2950 524
3323 525
3562 526
11205 527
5403 528
9505 529
10406 530
2850 531
2607 532
3734 533
10144 534
5245 535
2732 536
11102 537
7473 538
7004 539
8410 540
2225 541
4119 542
11206 543
720 544
7699 545
7599 546
6867 547
2179 548
7570 549
6847 550
916 551
7473 552
8308 553
4582 554
5076 555
1591 556
10813 557
6184 558
6217 559
4087 560
3857 561
1039 562
1699 563
2553 564
11260 565
901 566
1047 567
7705 568
3310 569
1797 570
8450 571
10389 572
3393 573
5051 574
9925 575
6815 576
8155 577
2140 578
3984 579
226 580
7179 581
1501 582
7755 583
4832 584
1881 585
6851 586
5191 587
7006 588
9684 589
10285 590
4833 591
7025 592
10627 593
9503 594
4274 595
10088 596
4588 597
10007 598
10058 599
9115 600
2251 601
2629 602
10045 603
5253 604
1207 605
3170 606
8089 607
10377 608
20 609
6374 610
7355 611
8941 612
7753 613
2689 614
8008 615
1710 616
7370 617
5497 618
5086 619
3980 620
5550 621
2828 622
6811 623
10542 624
8556 625
5715 626
8432 627
6668 628
2055 629
3567 630
2280 631
6332 632
9702 633
10081 634
6700 635
6446 636
6068 637
4430 638
3898 639
11293 640
6855 641
10561 642
2894 643
1935 644
3065 645
5683 646
4106 647
8665 648
11442 649
4109 650
9629 651
9746 652
4232 653
8733 654
5657 655
6759 656
11434 657
5356 658
1934 659
4080 660
2455 661
9599 662
10527 663
9815 664
2901 665
489 666
8423 667
10042 668
10677 669
2508 670
6600 671
1806 672
3400 673
9360 674
10081 675
7130 676
8330 677
8086 678
6911 679
3190 680
5434 681
6182 682
4810 683
1100 684
11195 685
4033 686
2878 687
6636 688
5015 689
9865 690
7405 691
4562 692
7175 693
8445 694
7308 695
790 696
10880 697
5696 698
9283 699
4337 700
8845 701
9259 702
4537 703
2571 704
10097 705
472 706
7367 707
11297 708
78 709
7352 710
2830 711
7016 712
10092 713
1311 714
3006 715
9908 716
7004 717
7576 718
6728 719
8675 720
5374 721
11042 722
736 723
3207 724
7490 725
3433 726
3953 727
1209 728
3733 729
4583 730
7755 731
11232 732
1839 733
5507 734
1258 735
7966 736
1833 737
11017 738
3774 739
3360 740
3065 741
7610 742
11033 743
7094 744
10020 745
3928 746
1381 747
2533 748
10650 749
4241 750
10702 751
8194 752
3213 753
7496 754
1380 755
10158 756
1458 757
6943 758
3323 759
8368 760
11007 761
7514 762
2331 763
2415 764
9008 765
9499 766
2356 767
4108 768
6 769
9685 770
1548 771
9904 772
7970 773
7198 774
1722 775
10898 776
9104 777
2097 778
9703 779
1550 780
10223 781
5041 782
10534 783
10290 784
2091 785
5941 786
7689 787
662 788
5643 789
7035 790
4747 791
10082 792
11436 793
10457 794
11193 795
3828 796
3325 797
8870 798
3664 799
10649 800
7751 801
10640 802
761 803
570 804
8394 805
1795 806
7540 807
6374 808
9413 809
7145 810
4427 811
9398 812
10614 813
9496 814
7755 815
938 816
11215 817
6438 818
8515 819
11396 820
7939 821
8614 822
4008 823
5521 824
9343 825
8833 826
6275 827
1592 828
5122 829
5716 830
3529 831
3250 832
3398 833
5167 834
389 835
9154 836
6570 837
9723 838
8152 839
9751 840
927 841
5713 842
7982 843
9957 844
7951 845
8204 846
10263 847
9313 848
10859 849
942 850
9468 851
8435 852
11315 853
7894 854
7790 855
2047 856
2795 857
9427 858
3280 859
7112 860
886 861
3708 862
11231 863
835 864
764 865
8949 866
6506 867
5655 868
6214 869
1138 870
4945 871
1189 872
9775 873
5738 874
8385 875
8058 876
8920 877
10488 878
7908 879
11499 880
8015 881
3488 882
6475 883
3611 884
6675 885
10897 886
6473 887
3322 888
7719 889
2070 890
5794 891
10652 892
7618 893
11119 894
6320 895
9044 896
5182 897
5321 898
2096 899
10736 900
8625 901
6231 902
8409 903
7182 904
4845 905
594 906
5578 907
8490 908
1457 909
9342 910
5012 911
4295 912
1098 913
388 914
8971 915
6344 916
10128 917
10105 918
3798 919
9767 920
7966 921
1870 922
11089 923
2524 924
298 925
5876 926
171 927
9444 928
10152 929
2258 930
619 931
9693 932
10352 933
3395 934
2643 935
5819 936
11213 937
10032 938
9903 939
1969 940
2639 941
1873 942
8729 943
2730 944
8858 945
9075 946
7366 947
7203 948
6251 949
9701 950
5302 951
7764 952
2679 953
4081 954
3265 955
4998 956
3212 957
3802 958
4724 959
10319 960
9972 961
10072 962
7751 963
908 964
2912 965
9803 966
7596 967
1193 968
3256 969
257 970
3615 971
5916 972
1205 973
9210 974
3186 975
7335 976
4779 977
3216 978
9206 979
7584 980
10158 981
10550 982
2889 983
9717 984
9977 985
2510 986
7940 987
4977 988
7714 989
2353 990
3173 991
1787 992
8303 993
10141 994
3512 995
8046 996
8011 997
7667 998
5191 999
3053 1000
8977 1001
11467 1002
8543 1003
1919 1004
102 1005
4137 1006
10978 1007
4871 1008
1052 1009
5169 1010
3854 1011
9794 1012
10079 1013
4092 1014
7951 1015
5858 1016
3491 1017
7250 1018
2275 1019
10758 1020
8313 1021
10563 1022
3078 1023
10620 1024
7430 1025
5362 1026
3772 1027
3943 1028
8016 1029
602 1030
1934 1031
1433 1032
5625 1033
5335 1034
10560 1035
3034 1036
4435 1037
320 1038
8204 1039
9947 1040
9628 1041
646 1042
2499 1043
1463 1044
8181 1045
1693 1046
7437 1047
9049 1048
6076 1049
4931 1050
10539 1051
1406 1052
7700 1053
5676 1054
863 1055
6379 1056
2513 1057
7064 1058
5716 1059
9064 1060
762 1061
8577 1062
10305 1063
2789 1064
10253 1065
7671 1066
7134 1067
73 1068
2044 1069
2533 1070
8587 1071
10414 1072
2056 1073
535 1074
6046 1075
199 1076
9032 1077
5656 1078
6047 1079
3309 1080
2887 1081
4046 1082
10351 1083
10957 1084
2953 1085
11001 1086
7282 1087
4902 1088
10950 1089
6275 1090
11161 1091
1345 1092
6901 1093
9299 1094
10913 1095
8549 1096
10077 1097
4469 1098
8146 1099
9851 1100
2320 1101
4856 1102
8772 1103
6959 1104
8460 1105
2147 1106
11312 1107
3438 1108
9476 1109
10865 1110
5811 1111
10555 1112
9094 1113
6567 1114
6997 1115
11074 1116
4374 1117
10764 1118
6384 1119
3452 1120
977 1121
307 1122
2522 1123
3396 1124
2894 1125
10419 1126
1489 1127
1942 1128
5057 1129
587 1130
9943 1131
937 1132
2110 1133
3919 1134
8553 1135
10448 1136
5305 1137
3644 1138
10196 1139
2745 1140
698 1141
3659 1142
11216 1143
6522 1144
3706 1145
6167 1146
6710 1147
6566 1148
11210 1149
