1100 700
7036 0
6217 1
9923 2
5371 3
2903 4
4611 5
9266 6
9877 7
4937 8
2354 9
5158 10
6992 11
9434 12
10423 13
7708 14
7990 15
7072 16
3581 17
4104 18
1811 19
2653 20
1382 21
5704 22
3971 23
3082 24
2383 25
9123 26
9086 27
1867 28
6029 29
1317 30
10562 31
73 32
7479 33
2823 34
9700 35
1853 36
10623 37
4437 38
10582 39
1111 40
4646 41
102 42
10226 43
10868 44
9888 45
1732 46
5279 47
1938 48
429 49
7145 50
597 51
8042 52
1557 53
2225 54
108 55
1252 56
1269 57
5681 58
9963 59
6238 60
9976 61
4032 62
2014 63
3201 64
8965 65
9420 66
3978 67
9869 68
3331 69
3547 70
10587 71
10229 72
6666 73
6344 74
7646 75
10622 76
4775 77
5979 78
3825 79
8121 80
4284 81
4004 82
10684 83
6487 84
734 85
8901 86
9162 87
6335 88
4658 89
6447 90
8920 91
978 92
2753 93
9179 94
4121 95
3453 96
9756 97
6695 98
4175 99
1873 100
361 101
2340 102
3687 103
3654 104
5766 105
3691 106
7560 107
10263 108
9968 109
2716 110
7042 111
1996 112
8992 113
620 114
10320 115
9830 116
3764 117
9759 118
6110 119
3477 120
7017 121
1163 122
4820 123
3988 124
3463 125
9192 126
10666 127
2223 128
7442 129
9269 130
4692 131
10976 132
9282 133
3954 134
4673 135
4639 136
10748 137
6392 138
9842 139
4108 140
8757 141
7077 142
4046 143
2858 144
3315 145
6035 146
2481 147
6710 148
5751 149
9033 150
3759 151
5485 152
4486 153
8073 154
3861 155
8811 156
4873 157
6380 158
3289 159
9829 160
5844 161
9250 162
6281 163
10094 164
1440 165
10468 166
5937 167
4558 168
9939 169
4099 170
10562 171
3329 172
3840 173
7932 174
402 175
10158 176
9077 177
6316 178
2310 179
5781 180
1558 181
8129 182
6043 183
2527 184
4138 185
3843 186
6497 187
10484 188
8851 189
7032 190
382 191
4744 192
8879 193
9668 194
4843 195
7725 196
2680 197
2298 198
1264 199
6052 200
3762 201
8985 202
3610 203
1816 204
9420 205
10980 206
10141 207
8370 208
5358 209
10244 210
7689 211
3479 212
3707 213
15 214
10592 215
625 216
6221 217
10768 218
4329 219
8925 220
7839 221
5073 222
7524 223
967 224
3234 225
5575 226
7782 227
8562 228
155 229
3289 230
2555 231
2061 232
8285 233
7236 234
7551 235
1198 236
5790 237
730 238
435 239
4807 240
5292 241
6254 242
6534 243
2690 244
4798 245
8860 246
3633 247
6758 248
8947 249
10655 250
9523 251
4067 252
9260 253
8870 254
6501 255
10329 256
1492 257
4634 258
1409 259
7754 260
6867 261
8555 262
9767 263
9748 264
6684 265
10757 266
1333 267
517 268
4939 269
9948 270
2453 271
4703 272
7018 273
4700 274
3295 275
6385 276
6980 277
3673 278
2358 279
7107 280
2875 281
9695 282
10307 283
43 284
10225 285
2742 286
4169 287
9957 288
7807 289
5528 290
9419 291
1824 292
3404 293
4522 294
4524 295
1500 296
7996 297
6346 298
3350 299
3744 300
345 301
9696 302
2977 303
10127 304
8651 305
3250 306
7818 307
4340 308
199 309
10184 310
6085 311
4836 312
5938 313
5175 314
2111 315
1128 316
2076 317
10278 318
6829 319
2263 320
7260 321
5972 322
4241 323
1691 324
10747 325
8502 326
5627 327
834 328
5661 329
8857 330
4467 331
9194 332
9596 333
2151 334
8539 335
1089 336
9293 337
7397 338
9407 339
3639 340
6491 341
3152 342
3461 343
666 344
6985 345
2365 346
7472 347
8624 348
7474 349
3420 350
5174 351
8859 352
4469 353
1721 354
9173 355
4371 356
2524 357
1748 358
10736 359
10704 360
3775 361
10856 362
3379 363
6747 364
8923 365
2697 366
3696 367
4977 368
7905 369
10961 370
882 371
7268 372
428 373
4950 374
10542 375
3369 376
8497 377
4901 378
10604 379
3917 380
2986 381
9173 382
9647 383
9853 384
10717 385
3463 386
481 387
7507 388
10548 389
156 390
9353 391
5444 392
9346 393
9080 394
10557 395
6936 396
8541 397
7987 398
878 399
6989 400
2876 401
8719 402
2453 403
9162 404
1860 405
8864 406
10226 407
5266 408
467 409
8688 410
9374 411
7269 412
10538 413
3155 414
7784 415
4312 416
9435 417
9278 418
9481 419
1913 420
7986 421
472 422
10645 423
4172 424
1299 425
5046 426
10673 427
138 428
9202 429
5265 430
5770 431
9938 432
7355 433
6543 434
2229 435
2877 436
8726 437
7984 438
9180 439
7833 440
955 441
10133 442
7601 443
8878 444
4248 445
7039 446
4475 447
7081 448
8311 449
8848 450
4302 451
9031 452
9458 453
1770 454
7924 455
8192 456
1505 457
8314 458
6996 459
229 460
3489 461
6317 462
5460 463
8194 464
3868 465
8910 466
6980 467
7481 468
7565 469
7700 470
8107 471
8718 472
10081 473
7293 474
4661 475
753 476
1392 477
5479 478
8181 479
5949 480
9117 481
9595 482
2726 483
9957 484
7750 485
6261 486
3450 487
2509 488
9102 489
6323 490
2379 491
7264 492
7192 493
1202 494
3847 495
2499 496
8346 497
2252 498
7019 499
9166 500
6759 501
3726 502
83 503
7151 504
8076 505
4240 506
8045 507
7222 508
4755 509
10234 510
6983 511
10237 512
5160 513
6202 514
7342 515
6520 516
4949 517
5601 518
7382 519
2852 520
1234 521
4474 522
9699 523
600 524
2473 525
4669 526
763 527
7872 528
10596 529
3999 530
7239 531
10543 532
6336 533
5746 534
10545 535
3510 536
5318 537
4747 538
9695 539
506 540
10924 541
144 542
2538 543
9502 544
4537 545
3268 546
2875 547
704 548
3387 549
7666 550
3258 551
2849 552
3655 553
3324 554
2278 555
1725 556
2093 557
9192 558
1328 559
2949 560
9307 561
5692 562
3313 563
5946 564
4707 565
8104 566
8623 567
550 568
5907 569
8270 570
2209 571
1246 572
7273 573
609 574
9501 575
5862 576
3641 577
8401 578
9041 579
2717 580
9821 581
2256 582
9220 583
5723 584
8125 585
6623 586
1269 587
4544 588
1663 589
7736 590
1369 591
8763 592
5268 593
9959 594
6692 595
3111 596
10623 597
3453 598
10283 599
8955 600
7580 601
505 602
2805 603
10491 604
8008 605
9534 606
2149 607
1445 608
1885 609
684 610
7697 611
2422 612
5080 613
3483 614
726 615
2401 616
5309 617
2247 618
4975 619
10679 620
10785 621
1194 622
10051 623
7557 624
9282 625
470 626
873 627
878 628
7364 629
8387 630
1958 631
4547 632
8338 633
1183 634
991 635
173 636
2870 637
6572 638
3667 639
1034 640
9510 641
3889 642
2547 643
8031 644
4003 645
8864 646
10220 647
6875 648
10481 649
113 650
6344 651
1596 652
8733 653
4313 654
10157 655
9584 656
3820 657
9629 658
5130 659
2594 660
9773 661
4206 662
1290 663
7310 664
5784 665
2195 666
9874 667
6062 668
9267 669
10325 670
4526 671
2068 672
9682 673
804 674
2079 675
1890 676
5919 677
7570 678
10162 679
10602 680
1255 681
5686 682
9670 683
4113 684
8609 685
7961 686
10565 687
5890 688
10637 689
4865 690
2253 691
2844 692
2325 693
8279 694
9324 695
8573 696
7881 697
6453 698
8154 699
1333 700
10000 701
4938 702
289 703
10795 704
3023 705
435 706
1408 707
10656 708
9321 709
4050 710
4407 711
9290 712
1137 713
7792 714
9977 715
4546 716
2343 717
10017 718
1874 719
1494 720
536 721
4386 722
3947 723
5914 724
10319 725
7725 726
10330 727
7530 728
1768 729
2456 730
2897 731
10451 732
4809 733
5348 734
10035 735
3688 736
167 737
5986 738
7730 739
5398 740
7839 741
3884 742
4422 743
10946 744
3641 745
6623 746
5141 747
4008 748
2769 749
7452 750
1587 751
2961 752
10585 753
3754 754
7135 755
8532 756
4900 757
1179 758
10636 759
10885 760
52 761
4933 762
8459 763
1187 764
7921 765
1730 766
2551 767
3579 768
8365 769
1832 770
3856 771
4842 772
6396 773
2149 774
10583 775
1971 776
6189 777
5030 778
6713 779
4088 780
7854 781
4452 782
9116 783
10102 784
8902 785
9092 786
4141 787
8286 788
6425 789
6130 790
5024 791
635 792
4997 793
10378 794
4740 795
10182 796
6312 797
4232 798
3050 799
7806 800
9492 801
4937 802
7166 803
561 804
3812 805
3803 806
959 807
7040 808
5395 809
9324 810
10268 811
7569 812
2778 813
6894 814
4407 815
1154 816
7734 817
8634 818
8467 819
1 820
7997 821
3852 822
5523 823
9724 824
4740 825
1220 826
7971 827
8286 828
6977 829
4395 830
246 831
5473 832
5718 833
7056 834
8276 835
9204 836
938 837
10587 838
9649 839
2374 840
7972 841
5700 842
9042 843
6093 844
5396 845
7494 846
5970 847
7577 848
7555 849
3693 850
1649 851
10547 852
9470 853
1529 854
9072 855
8155 856
6544 857
9334 858
451 859
10464 860
5235 861
444 862
9596 863
3412 864
823 865
3492 866
10096 867
3335 868
9555 869
925 870
299 871
8866 872
894 873
7017 874
1609 875
8541 876
490 877
5334 878
1951 879
5153 880
3863 881
389 882
5200 883
8523 884
10595 885
8329 886
3887 887
8069 888
9015 889
10653 890
5192 891
3168 892
1470 893
4103 894
10327 895
8671 896
4230 897
2022 898
10992 899
3661 900
4763 901
2931 902
9465 903
3121 904
5128 905
7212 906
2471 907
9127 908
7855 909
5139 910
5349 911
841 912
6093 913
5549 914
9794 915
1987 916
5093 917
4527 918
10794 919
8133 920
1113 921
6131 922
4276 923
6309 924
1265 925
2922 926
6085 927
7970 928
4454 929
6666 930
5766 931
2591 932
3448 933
2474 934
3674 935
8457 936
9052 937
5788 938
3418 939
7520 940
10645 941
2079 942
2997 943
4886 944
5786 945
10863 946
6492 947
758 948
10918 949
8411 950
3768 951
8733 952
6349 953
10480 954
3918 955
10694 956
10534 957
3154 958
7362 959
1268 960
10482 961
8014 962
9758 963
4116 964
9662 965
8515 966
7091 967
1565 968
6407 969
6257 970
3833 971
2137 972
2911 973
4637 974
4857 975
10229 976
9036 977
5802 978
9664 979
516 980
5763 981
8561 982
3 983
2008 984
435 985
8348 986
4879 987
7712 988
1050 989
5940 990
9259 991
8957 992
8580 993
7133 994
5611 995
3702 996
7216 997
415 998
8563 999
9143 1000
3941 1001
10634 1002
9067 1003
8936 1004
10547 1005
7374 1006
8451 1007
763 1008
5202 1009
6653 1010
8384 1011
6124 1012
5968 1013
1029 1014
3323 1015
7977 1016
3129 1017
8409 1018
5934 1019
7230 1020
3936 1021
4000 1022
8174 1023
5141 1024
4843 1025
8408 1026
10479 1027
10634 1028
1320 1029
4623 1030
651 1031
4539 1032
4344 1033
6210 1034
6694 1035
6927 1036
5079 1037
4167 1038
2466 1039
2920 1040
1026 1041
7890 1042
9208 1043
396 1044
1412 1045
3109 1046
4850 1047
4504 1048
1518 1049
7664 1050
9409 1051
8616 1052
10228 1053
48 1054
2367 1055
6018 1056
5944 1057
8819 1058
10914 1059
6781 1060
1873 1061
5377 1062
7339 1063
3044 1064
3423 1065
2635 1066
6844 1067
8903 1068
1061 1069
2359 1070
6524 1071
3474 1072
1572 1073
3989 1074
4815 1075
7846 1076
5353 1077
2716 1078
4910 1079
10204 1080
3629 1081
6833 1082
8725 1083
4163 1084
6667 1085
10890 1086
2871 1087
7138 1088
8702 1089
363 1090
6473 1091
5036 1092
8235 1093
10534 1094
5136 1095
489 1096
7243 1097
9997 1098
8873 1099
