100 1300
60 0
820 1
514 2
201 3
444 4
721 5
401 6
496 7
982 8
678 9
208 10
612 11
806 12
683 13
713 14
445 15
551 16
242 17
593 18
316 19
182 20
606 21
133 22
697 23
562 24
121 25
563 26
533 27
847 28
715 29
505 30
160 31
872 32
768 33
684 34
982 35
399 36
281 37
712 38
364 39
209 40
992 41
156 42
730 43
692 44
719 45
585 46
573 47
480 48
782 49
48 50
926 51
360 52
728 53
997 54
846 55
611 56
383 57
470 58
25 59
40 60
628 61
513 62
521 63
353 64
201 65
317 66
116 67
464 68
542 69
936 70
424 71
277 72
132 73
991 74
850 75
683 76
996 77
154 78
61 79
616 80
80 81
641 82
63 83
121 84
223 85
97 86
885 87
973 88
31 89
281 90
576 91
754 92
364 93
244 94
763 95
380 96
197 97
737 98
138 99
