1250 450
11533 0
6249 1
3473 2
5033 3
7082 4
5781 5
4145 6
2907 7
6217 8
9203 9
6808 10
9422 11
8973 12
8989 13
1462 14
3726 15
9717 16
5867 17
4858 18
7528 19
9264 20
12222 21
7479 22
7926 23
6770 24
9810 25
4834 26
9017 27
7802 28
986 29
4644 30
5009 31
7582 32
3000 33
4363 34
8362 35
10229 36
8132 37
1462 38
5377 39
10146 40
439 41
1067 42
5059 43
6734 44
11046 45
3042 46
4358 47
9290 48
9161 49
5882 50
11773 51
5751 52
9630 53
10770 54
3533 55
8353 56
502 57
6393 58
8694 59
3631 60
10489 61
4877 62
3598 63
3731 64
9777 65
1857 66
7762 67
9267 68
9041 69
10101 70
5543 71
7685 72
983 73
7749 74
10509 75
12448 76
8873 77
4480 78
10700 79
4011 80
8737 81
11792 82
10519 83
3472 84
10381 85
8700 86
10572 87
6048 88
1352 89
11568 90
7096 91
12470 92
11384 93
5196 94
8811 95
804 96
10814 97
7147 98
3825 99
7557 100
1237 101
10765 102
12034 103
5536 104
4123 105
10062 106
7941 107
4323 108
1548 109
3215 110
10441 111
3043 112
8230 113
612 114
8232 115
5256 116
4461 117
11283 118
10584 119
1344 120
3250 121
4650 122
9210 123
9303 124
6269 125
9691 126
4807 127
5111 128
10100 129
7708 130
296 131
7382 132
3428 133
9633 134
10254 135
7050 136
9503 137
1152 138
5150 139
4668 140
2340 141
6355 142
6818 143
737 144
7860 145
6484 146
11280 147
2150 148
1512 149
8975 150
262 151
4319 152
44 153
4542 154
12034 155
4172 156
11757 157
12157 158
4235 159
9831 160
8078 161
5496 162
11928 163
4257 164
9073 165
9426 166
6717 167
7636 168
10576 169
12289 170
1136 171
1003 172
10604 173
4101 174
5506 175
437 176
12025 177
2188 178
10932 179
6038 180
668 181
9714 182
3472 183
9964 184
10239 185
4888 186
2213 187
4168 188
2182 189
890 190
405 191
10393 192
10494 193
6451 194
12384 195
4411 196
3864 197
1356 198
10210 199
1618 200
9904 201
11004 202
7231 203
6840 204
6533 205
2779 206
5985 207
10762 208
12 209
6467 210
10148 211
10164 212
765 213
5754 214
7447 215
4615 216
3535 217
4033 218
950 219
1223 220
8998 221
11791 222
1487 223
1973 224
7166 225
421 226
2388 227
8779 228
5041 229
6919 230
10164 231
10025 232
4446 233
4293 234
6241 235
3347 236
2093 237
6088 238
1607 239
7999 240
5595 241
4247 242
2009 243
12446 244
5127 245
6723 246
1211 247
5166 248
12248 249
3273 250
1402 251
3103 252
4566 253
8069 254
10560 255
1178 256
6201 257
10837 258
10934 259
5200 260
11645 261
10429 262
8031 263
8888 264
7934 265
5774 266
8404 267
775 268
70 269
6927 270
5334 271
4931 272
2957 273
6786 274
10978 275
1274 276
5717 277
1007 278
6934 279
10952 280
8531 281
1219 282
884 283
3208 284
956 285
10457 286
989 287
10491 288
2838 289
6698 290
329 291
2512 292
2 293
6348 294
4631 295
1481 296
6217 297
9890 298
5254 299
3138 300
3100 301
3296 302
4094 303
2593 304
280 305
6626 306
9663 307
5432 308
3489 309
8086 310
9215 311
11510 312
6542 313
2440 314
9878 315
4414 316
10513 317
10083 318
8781 319
4552 320
11380 321
763 322
5834 323
3299 324
6038 325
9701 326
9062 327
11549 328
12287 329
7808 330
3143 331
1841 332
2719 333
1799 334
1624 335
10809 336
2959 337
30 338
12043 339
8923 340
4994 341
10646 342
7674 343
10849 344
9887 345
8645 346
7025 347
9321 348
2980 349
3354 350
1547 351
11248 352
5514 353
12484 354
1841 355
12468 356
11560 357
12160 358
11540 359
9874 360
8686 361
10912 362
1644 363
5475 364
10603 365
1560 366
6541 367
2346 368
4677 369
5081 370
3826 371
11410 372
10791 373
1478 374
5987 375
992 376
8464 377
6811 378
2290 379
5607 380
3110 381
922 382
5890 383
6318 384
9257 385
7183 386
10782 387
6192 388
7969 389
1331 390
11978 391
11357 392
319 393
578 394
876 395
1033 396
4629 397
10673 398
11368 399
11660 400
6681 401
5808 402
12171 403
9957 404
5634 405
3490 406
8428 407
10456 408
4117 409
6981 410
1597 411
5353 412
178 413
7672 414
3499 415
10108 416
9669 417
6112 418
1548 419
3466 420
1159 421
1741 422
3995 423
6049 424
287 425
8687 426
6406 427
380 428
12300 429
1933 430
3405 431
10817 432
11778 433
3345 434
8108 435
5946 436
2681 437
12145 438
11452 439
3085 440
12099 441
5081 442
10893 443
6142 444
4792 445
5569 446
6416 447
3941 448
10312 449
6485 450
3437 451
3881 452
7343 453
8235 454
6580 455
6399 456
6339 457
10511 458
9633 459
5774 460
7692 461
10205 462
10310 463
624 464
2129 465
5317 466
3552 467
552 468
6426 469
6223 470
1359 471
6442 472
7545 473
8329 474
6139 475
5492 476
8636 477
7131 478
10394 479
817 480
61 481
7154 482
232 483
2983 484
6217 485
8210 486
5649 487
3498 488
8764 489
4018 490
3992 491
3372 492
10093 493
11598 494
3027 495
6656 496
8574 497
5437 498
2250 499
6447 500
2675 501
5969 502
2495 503
9549 504
1983 505
4243 506
4247 507
5226 508
4207 509
4680 510
8674 511
10640 512
7951 513
11221 514
3789 515
11346 516
9632 517
818 518
2223 519
12470 520
5537 521
7990 522
401 523
6900 524
2422 525
6332 526
6811 527
1103 528
6302 529
11305 530
11727 531
2311 532
11923 533
1167 534
6571 535
4982 536
9029 537
2287 538
3682 539
5091 540
7223 541
5445 542
195 543
6978 544
8101 545
11920 546
3417 547
1530 548
740 549
2095 550
11704 551
5604 552
3669 553
10367 554
1548 555
968 556
9911 557
9051 558
3294 559
1544 560
2057 561
9233 562
2844 563
5484 564
5763 565
8892 566
4088 567
5607 568
1875 569
6220 570
10177 571
1208 572
7716 573
10481 574
108 575
11118 576
7275 577
7853 578
7821 579
1918 580
3463 581
5516 582
258 583
5912 584
4557 585
10544 586
4136 587
6850 588
8348 589
7388 590
8236 591
8127 592
1593 593
9463 594
1809 595
481 596
11832 597
12458 598
5449 599
7988 600
9566 601
11807 602
5878 603
2511 604
4940 605
4897 606
4307 607
1100 608
8559 609
6427 610
4033 611
8743 612
7070 613
915 614
10496 615
211 616
7501 617
12169 618
5144 619
10060 620
5804 621
11503 622
11238 623
3947 624
3820 625
4462 626
4425 627
10814 628
10023 629
6509 630
7022 631
3370 632
3923 633
6351 634
8549 635
3895 636
5156 637
3379 638
7532 639
7286 640
8127 641
1925 642
12395 643
7725 644
8195 645
1219 646
1172 647
6608 648
5239 649
10289 650
11934 651
11592 652
10725 653
2558 654
12460 655
10320 656
7288 657
7151 658
9646 659
10399 660
8332 661
11499 662
10092 663
5867 664
3148 665
2299 666
5761 667
9605 668
7134 669
10760 670
5083 671
5804 672
10889 673
9895 674
598 675
6957 676
814 677
3181 678
557 679
9914 680
7249 681
8794 682
5820 683
5182 684
8375 685
6541 686
1670 687
9701 688
2849 689
508 690
2766 691
10221 692
10552 693
9451 694
9252 695
8782 696
7630 697
11580 698
6010 699
12413 700
5886 701
1801 702
4267 703
5957 704
1085 705
1707 706
11697 707
6732 708
4333 709
5371 710
6369 711
9985 712
6901 713
1355 714
11583 715
9125 716
8668 717
315 718
8449 719
8218 720
5803 721
2501 722
8764 723
1342 724
1170 725
8496 726
8158 727
3263 728
1883 729
5008 730
4339 731
1592 732
4537 733
8396 734
374 735
8027 736
9097 737
355 738
12388 739
12012 740
2286 741
8098 742
7252 743
2919 744
10423 745
5718 746
2640 747
5913 748
8979 749
3686 750
9223 751
8875 752
1410 753
3985 754
7196 755
12338 756
12300 757
1216 758
4123 759
4467 760
8217 761
9684 762
7944 763
3851 764
9431 765
4630 766
4229 767
3620 768
301 769
4738 770
1108 771
11027 772
11794 773
4309 774
3389 775
353 776
6138 777
781 778
8381 779
10549 780
10068 781
8224 782
10241 783
1060 784
1602 785
4465 786
11910 787
11883 788
7300 789
10585 790
10835 791
6916 792
10320 793
6441 794
8537 795
5345 796
10381 797
6964 798
8770 799
7950 800
12012 801
1824 802
3005 803
411 804
2400 805
12358 806
2221 807
12199 808
9412 809
1889 810
6981 811
9808 812
4295 813
9961 814
1300 815
12405 816
4409 817
7995 818
9386 819
12493 820
7406 821
2236 822
10407 823
1187 824
3255 825
10196 826
11419 827
11417 828
6517 829
2628 830
500 831
1314 832
6493 833
7493 834
5201 835
9761 836
2694 837
8017 838
10174 839
7459 840
4042 841
11418 842
6134 843
9696 844
8408 845
6388 846
1782 847
508 848
4658 849
10989 850
7334 851
4794 852
11402 853
9140 854
1625 855
5595 856
3226 857
9505 858
11290 859
3886 860
972 861
12149 862
11529 863
1401 864
1842 865
12241 866
6051 867
1428 868
6593 869
10953 870
9846 871
12105 872
10756 873
3480 874
3493 875
12177 876
10015 877
3424 878
10245 879
243 880
10797 881
2627 882
9814 883
2801 884
8369 885
4465 886
3280 887
7720 888
8783 889
6550 890
2041 891
5260 892
8245 893
3735 894
11072 895
10191 896
3016 897
352 898
12438 899
6168 900
140 901
3821 902
10918 903
3372 904
2923 905
5310 906
8930 907
7378 908
5309 909
3809 910
743 911
24 912
8262 913
9331 914
11267 915
8128 916
12381 917
4740 918
1041 919
8983 920
8448 921
4716 922
5160 923
9930 924
9924 925
7200 926
1538 927
4140 928
2241 929
2709 930
11245 931
4923 932
2909 933
6113 934
1459 935
6492 936
5691 937
7482 938
4612 939
776 940
9558 941
8401 942
1040 943
2676 944
8950 945
6951 946
8545 947
3963 948
8944 949
9132 950
2744 951
11436 952
8012 953
2669 954
9966 955
9626 956
11442 957
11880 958
4990 959
5416 960
4290 961
8034 962
383 963
3554 964
3939 965
7048 966
4423 967
7156 968
10481 969
8187 970
5907 971
9576 972
7042 973
5539 974
7108 975
5393 976
9679 977
7364 978
3647 979
1544 980
3659 981
11263 982
2526 983
6443 984
11176 985
2882 986
1570 987
6707 988
942 989
2900 990
2239 991
12419 992
7563 993
9984 994
5483 995
4157 996
8025 997
4487 998
11503 999
4464 1000
1292 1001
11190 1002
1963 1003
7570 1004
470 1005
10026 1006
12497 1007
6962 1008
9584 1009
4086 1010
1602 1011
7305 1012
2375 1013
3614 1014
2989 1015
8877 1016
9525 1017
3943 1018
11643 1019
4358 1020
4348 1021
8195 1022
4952 1023
4778 1024
11330 1025
4172 1026
570 1027
185 1028
9695 1029
4955 1030
10042 1031
7414 1032
3115 1033
6118 1034
8007 1035
2421 1036
5847 1037
666 1038
4794 1039
383 1040
281 1041
1030 1042
4784 1043
7721 1044
2106 1045
1656 1046
10051 1047
12364 1048
7922 1049
8773 1050
7982 1051
3622 1052
6228 1053
11471 1054
4957 1055
4943 1056
8723 1057
12402 1058
9690 1059
7210 1060
5132 1061
1449 1062
9196 1063
9555 1064
7220 1065
10247 1066
11554 1067
2025 1068
12025 1069
2585 1070
6273 1071
2349 1072
8996 1073
8695 1074
4468 1075
10817 1076
3008 1077
10236 1078
7250 1079
10405 1080
9947 1081
8876 1082
2570 1083
3025 1084
9442 1085
4263 1086
6873 1087
9859 1088
9412 1089
7590 1090
6304 1091
7062 1092
8328 1093
209 1094
9139 1095
66 1096
10003 1097
8101 1098
848 1099
3920 1100
4865 1101
5546 1102
10726 1103
156 1104
2689 1105
2955 1106
864 1107
171 1108
4088 1109
1 1110
5305 1111
6782 1112
4089 1113
6151 1114
6855 1115
2960 1116
7041 1117
8170 1118
1258 1119
3574 1120
11783 1121
9469 1122
2497 1123
8198 1124
5859 1125
12175 1126
3057 1127
6938 1128
7195 1129
3943 1130
11130 1131
10536 1132
7442 1133
3408 1134
9009 1135
8687 1136
11635 1137
8139 1138
141 1139
452 1140
2456 1141
6064 1142
5981 1143
7399 1144
2142 1145
1038 1146
7392 1147
9015 1148
9836 1149
649 1150
11881 1151
2943 1152
1084 1153
11836 1154
12458 1155
11124 1156
8940 1157
8886 1158
9984 1159
2711 1160
741 1161
4727 1162
1101 1163
4971 1164
3163 1165
12343 1166
9244 1167
8026 1168
11973 1169
7138 1170
5280 1171
9599 1172
8369 1173
8313 1174
10988 1175
3064 1176
5255 1177
2566 1178
8108 1179
2227 1180
9786 1181
10182 1182
4282 1183
5894 1184
2827 1185
2045 1186
1477 1187
8707 1188
2240 1189
4629 1190
4860 1191
11846 1192
947 1193
5965 1194
10659 1195
10171 1196
4492 1197
6662 1198
7951 1199
10944 1200
8994 1201
420 1202
8972 1203
3668 1204
4071 1205
7816 1206
11386 1207
12150 1208
771 1209
4311 1210
3516 1211
11350 1212
1257 1213
960 1214
10119 1215
7508 1216
1957 1217
3876 1218
5823 1219
11277 1220
12298 1221
6612 1222
10454 1223
9265 1224
6982 1225
7784 1226
3832 1227
10661 1228
8883 1229
7994 1230
11178 1231
3173 1232
8200 1233
9477 1234
11923 1235
3273 1236
6953 1237
10896 1238
2130 1239
1647 1240
3897 1241
2179 1242
6085 1243
507 1244
11076 1245
6258 1246
7398 1247
4118 1248
8200 1249
