1050 200
10028 0
8334 1
3 2
3819 3
1419 4
5396 5
3231 6
558 7
4156 8
8865 9
3215 10
769 11
222 12
9199 13
2077 14
8283 15
8382 16
10211 17
1629 18
6108 19
6446 20
2635 21
6183 22
10005 23
2901 24
1196 25
8913 26
7631 27
755 28
4953 29
641 30
6646 31
6599 32
8766 33
9831 34
8647 35
7944 36
6434 37
1192 38
45 39
3300 40
4671 41
3245 42
3338 43
8030 44
7631 45
1019 46
3695 47
5769 48
2478 49
5862 50
6479 51
627 52
6518 53
5353 54
3802 55
8422 56
1393 57
5518 58
4549 59
5409 60
10303 61
2165 62
8697 63
6326 64
2276 65
2755 66
2022 67
6592 68
4529 69
8328 70
4250 71
6540 72
4240 73
5609 74
7008 75
4944 76
2484 77
10176 78
734 79
7396 80
7819 81
272 82
8992 83
2335 84
10223 85
9213 86
2171 87
2281 88
8458 89
10351 90
711 91
3635 92
1722 93
9612 94
2428 95
5980 96
10351 97
8800 98
4917 99
8817 100
9102 101
5019 102
146 103
5694 104
7667 105
6035 106
3748 107
3101 108
1578 109
4751 110
6512 111
4370 112
2812 113
1038 114
2934 115
8533 116
3345 117
2004 118
6512 119
7015 120
5879 121
18 122
7165 123
679 124
3890 125
6130 126
2634 127
3700 128
2543 129
3192 130
6930 131
1621 132
2414 133
2014 134
6494 135
5155 136
7206 137
5194 138
2874 139
6054 140
5220 141
5704 142
8007 143
5486 144
10014 145
4388 146
8579 147
2041 148
5988 149
1166 150
3711 151
4334 152
1299 153
9220 154
292 155
8681 156
2118 157
1275 158
9519 159
4571 160
8022 161
6637 162
5906 163
6773 164
4242 165
1637 166
9059 167
8972 168
2693 169
9238 170
6774 171
3315 172
6006 173
7671 174
4613 175
6023 176
8936 177
6089 178
4948 179
9784 180
6120 181
8823 182
9356 183
5203 184
4507 185
3963 186
3150 187
8935 188
8269 189
1804 190
1018 191
10182 192
8624 193
1086 194
162 195
255 196
8400 197
6669 198
3353 199
1732 200
7993 201
411 202
3929 203
10484 204
4375 205
817 206
4249 207
2783 208
1238 209
297 210
5671 211
7354 212
5378 213
605 214
2100 215
269 216
234 217
4276 218
7435 219
612 220
5369 221
7408 222
6162 223
2523 224
9107 225
7141 226
1659 227
8129 228
3462 229
8659 230
8884 231
9290 232
9663 233
6607 234
6520 235
8130 236
5251 237
554 238
202 239
3889 240
4394 241
5600 242
6202 243
9066 244
2070 245
1227 246
9040 247
2464 248
8710 249
5121 250
2819 251
3996 252
4693 253
1823 254
5822 255
8040 256
9387 257
4071 258
6411 259
1773 260
6299 261
1737 262
526 263
6237 264
3333 265
2973 266
7399 267
7971 268
5339 269
8438 270
8734 271
7277 272
268 273
6128 274
6149 275
961 276
8186 277
5604 278
8478 279
5990 280
8056 281
5194 282
8233 283
6633 284
9538 285
1451 286
5028 287
6310 288
6479 289
2533 290
9421 291
9761 292
37 293
520 294
1894 295
3826 296
703 297
4512 298
4638 299
817 300
7115 301
2463 302
2481 303
2247 304
3595 305
4882 306
5478 307
5384 308
543 309
1144 310
5444 311
9731 312
7266 313
3248 314
9380 315
1251 316
7069 317
7534 318
2496 319
8136 320
7524 321
4335 322
2316 323
158 324
1648 325
1623 326
9830 327
8718 328
10350 329
4013 330
712 331
8887 332
2066 333
9644 334
6773 335
3291 336
2711 337
4413 338
4902 339
8279 340
9893 341
2380 342
6630 343
7762 344
8461 345
6643 346
4786 347
832 348
8610 349
1378 350
3601 351
9106 352
5383 353
9988 354
4552 355
5572 356
3737 357
7307 358
3248 359
5042 360
4198 361
9278 362
6993 363
507 364
2336 365
1932 366
2641 367
3702 368
6975 369
9472 370
6221 371
3803 372
10111 373
7379 374
7028 375
5647 376
3357 377
8612 378
7357 379
2257 380
194 381
5880 382
5252 383
10162 384
2329 385
1951 386
1259 387
2678 388
6715 389
3393 390
10390 391
150 392
8564 393
2290 394
3191 395
9847 396
10097 397
8117 398
8546 399
8474 400
2815 401
5707 402
8692 403
2346 404
1232 405
2432 406
10011 407
7120 408
3972 409
4250 410
7357 411
5912 412
8898 413
734 414
4549 415
9544 416
3527 417
144 418
313 419
5005 420
6446 421
3664 422
8247 423
883 424
6335 425
8463 426
228 427
6631 428
5898 429
9062 430
9463 431
765 432
6032 433
840 434
9358 435
1983 436
1600 437
7248 438
9596 439
10013 440
8120 441
7779 442
6908 443
7629 444
4346 445
207 446
9343 447
3678 448
5521 449
2342 450
432 451
3594 452
5066 453
4644 454
5786 455
7338 456
2586 457
5096 458
7406 459
9565 460
2098 461
6520 462
4564 463
771 464
5088 465
1363 466
6399 467
5061 468
3417 469
59 470
7832 471
1541 472
5571 473
1793 474
2367 475
1916 476
166 477
9668 478
10366 479
2021 480
7378 481
1105 482
2533 483
191 484
10344 485
3518 486
267 487
3508 488
5127 489
3566 490
4151 491
625 492
2022 493
8765 494
2606 495
10281 496
7618 497
6420 498
3784 499
8062 500
826 501
7967 502
5513 503
4711 504
870 505
8592 506
3913 507
6915 508
2866 509
5040 510
710 511
1026 512
9549 513
8672 514
5423 515
2739 516
9339 517
9541 518
6637 519
7458 520
1725 521
475 522
7737 523
4634 524
5127 525
1484 526
4293 527
1275 528
6332 529
6685 530
3695 531
6789 532
8086 533
9280 534
4058 535
159 536
7506 537
620 538
9901 539
2739 540
8030 541
9806 542
348 543
6339 544
3384 545
1212 546
4105 547
3664 548
7856 549
10478 550
3311 551
3149 552
32 553
3633 554
661 555
6644 556
3088 557
2488 558
10388 559
9659 560
1964 561
8915 562
8125 563
2724 564
7935 565
9649 566
6077 567
4493 568
4154 569
4863 570
10294 571
9828 572
10012 573
2299 574
4185 575
1208 576
10044 577
96 578
350 579
9062 580
8425 581
2967 582
3000 583
4861 584
6002 585
9423 586
3 587
1173 588
6248 589
6148 590
8560 591
4266 592
3425 593
3561 594
10103 595
1741 596
10075 597
2005 598
3176 599
4843 600
6669 601
1209 602
2462 603
3609 604
1689 605
6010 606
2438 607
3501 608
3764 609
2540 610
1687 611
4042 612
6378 613
7447 614
1993 615
7559 616
9678 617
2963 618
372 619
8953 620
2672 621
6328 622
6331 623
7390 624
7994 625
7405 626
4639 627
3936 628
6368 629
4372 630
1430 631
10467 632
6841 633
9964 634
9301 635
9224 636
8768 637
10164 638
9670 639
1571 640
1355 641
4367 642
10081 643
3846 644
2380 645
4695 646
2368 647
7156 648
7473 649
5033 650
9185 651
5648 652
5909 653
6314 654
2053 655
10159 656
9259 657
4548 658
2201 659
7598 660
6743 661
3088 662
95 663
6118 664
9292 665
5137 666
10084 667
1985 668
2240 669
8827 670
10275 671
3360 672
9955 673
750 674
10403 675
3717 676
8671 677
7184 678
348 679
303 680
9836 681
2640 682
10424 683
9085 684
2337 685
2037 686
7464 687
743 688
4971 689
2486 690
6909 691
5409 692
6295 693
2725 694
7978 695
5004 696
9011 697
5903 698
55 699
4130 700
5891 701
9539 702
494 703
6226 704
5053 705
2027 706
4931 707
4598 708
319 709
10006 710
9820 711
7428 712
8742 713
4390 714
6785 715
7544 716
1270 717
6951 718
2474 719
652 720
6237 721
7789 722
9028 723
3787 724
3885 725
6188 726
6910 727
1989 728
5998 729
6866 730
6979 731
6919 732
1215 733
10073 734
7269 735
6078 736
10492 737
8526 738
6494 739
10192 740
717 741
6931 742
9975 743
2637 744
7651 745
2073 746
429 747
8530 748
8150 749
7506 750
10420 751
1987 752
2329 753
7022 754
3987 755
7392 756
5678 757
107 758
2545 759
1531 760
3314 761
10013 762
4991 763
7354 764
6860 765
7736 766
4315 767
7615 768
8903 769
7696 770
10054 771
7252 772
8427 773
785 774
7197 775
9627 776
2450 777
468 778
7617 779
8459 780
9936 781
4521 782
4548 783
9912 784
7725 785
2794 786
3347 787
2264 788
6359 789
4408 790
2838 791
7573 792
1234 793
445 794
1217 795
6469 796
3744 797
7717 798
1022 799
2568 800
9993 801
4050 802
4252 803
3741 804
3956 805
745 806
9227 807
636 808
7089 809
4624 810
904 811
3764 812
7630 813
6118 814
4179 815
6850 816
4288 817
9091 818
873 819
3393 820
4063 821
348 822
2751 823
9426 824
4400 825
1016 826
8713 827
2497 828
5568 829
483 830
1849 831
7317 832
189 833
2098 834
6415 835
6283 836
8696 837
7677 838
8573 839
10167 840
6163 841
3252 842
10416 843
6684 844
8154 845
1726 846
5749 847
1085 848
8113 849
5 850
5029 851
10495 852
5307 853
9997 854
4669 855
1212 856
7250 857
5771 858
4434 859
3000 860
10017 861
7638 862
8561 863
9965 864
5933 865
1081 866
2081 867
5127 868
5701 869
1893 870
10426 871
6624 872
6587 873
8212 874
7278 875
5127 876
6642 877
5141 878
335 879
7823 880
1393 881
7551 882
4424 883
9679 884
2234 885
1018 886
5215 887
6571 888
7961 889
3133 890
6495 891
10398 892
2434 893
10059 894
7823 895
1319 896
7914 897
3081 898
3507 899
2259 900
9993 901
3684 902
6585 903
855 904
4109 905
8896 906
3814 907
1966 908
8842 909
140 910
5355 911
5280 912
7068 913
7209 914
2816 915
8233 916
3844 917
6912 918
14 919
7278 920
1898 921
8761 922
4957 923
847 924
5058 925
4038 926
10250 927
6573 928
995 929
8292 930
4283 931
6817 932
4977 933
2110 934
5066 935
226 936
8865 937
8479 938
8779 939
5206 940
9027 941
7614 942
9681 943
10256 944
5950 945
8562 946
9401 947
4996 948
7940 949
2527 950
5058 951
2073 952
998 953
4967 954
4114 955
3431 956
1031 957
6210 958
2889 959
9323 960
4846 961
2816 962
9019 963
8339 964
9252 965
3369 966
9701 967
5703 968
2695 969
1038 970
9410 971
774 972
2475 973
7423 974
8489 975
6612 976
7042 977
5184 978
7692 979
5096 980
1633 981
5711 982
9890 983
2669 984
5759 985
6791 986
6936 987
2730 988
9137 989
1625 990
3997 991
5078 992
1846 993
8934 994
6273 995
10427 996
9661 997
4426 998
5877 999
4889 1000
8863 1001
10149 1002
6277 1003
9021 1004
6830 1005
8224 1006
896 1007
8387 1008
7930 1009
9593 1010
5381 1011
8310 1012
5113 1013
3841 1014
9319 1015
4565 1016
9751 1017
7793 1018
6903 1019
7187 1020
4932 1021
8876 1022
3649 1023
3129 1024
1771 1025
8732 1026
6120 1027
1922 1028
8001 1029
5164 1030
8085 1031
6096 1032
1911 1033
10495 1034
7890 1035
4257 1036
9079 1037
7286 1038
7509 1039
8572 1040
7064 1041
1550 1042
2922 1043
821 1044
3244 1045
3624 1046
1738 1047
7122 1048
4251 1049
