1050 1050
1902 0
7959 1
5350 2
7888 3
583 4
7744 5
1229 6
2110 7
2214 8
8579 9
4542 10
6017 11
1809 12
4404 13
9568 14
5827 15
8910 16
3705 17
6311 18
7622 19
3067 20
7484 21
6519 22
5429 23
6026 24
9623 25
3739 26
1099 27
5797 28
6914 29
9534 30
2406 31
9597 32
4330 33
9307 34
4090 35
6996 36
1729 37
5254 38
7999 39
3989 40
3991 41
732 42
3946 43
8859 44
474 45
10003 46
159 47
9512 48
7491 49
5965 50
331 51
5593 52
9225 53
6033 54
4775 55
9676 56
5606 57
5660 58
10470 59
4638 60
8021 61
6939 62
6327 63
2751 64
8701 65
914 66
9527 67
5669 68
3099 69
2660 70
5480 71
7647 72
5498 73
4926 74
8274 75
6653 76
3650 77
575 78
6836 79
7949 80
4888 81
8942 82
10147 83
9937 84
342 85
1573 86
2679 87
7653 88
6572 89
275 90
5736 91
5786 92
10194 93
4170 94
1307 95
6230 96
6886 97
2954 98
318 99
897 100
3176 101
6824 102
9973 103
974 104
6772 105
5279 106
577 107
7189 108
7574 109
1541 110
10003 111
5030 112
3703 113
1097 114
3227 115
5095 116
2817 117
3375 118
1053 119
3200 120
3624 121
5079 122
8917 123
9090 124
861 125
2624 126
7650 127
7367 128
2153 129
4850 130
628 131
6197 132
4225 133
6284 134
6656 135
1567 136
6670 137
7846 138
1536 139
4473 140
10115 141
6198 142
1 143
1482 144
3635 145
3251 146
9583 147
4278 148
5088 149
8636 150
6218 151
1730 152
7036 153
9908 154
6179 155
2453 156
828 157
5197 158
5719 159
7352 160
2547 161
671 162
468 163
6571 164
127 165
8577 166
8869 167
1084 168
2408 169
2470 170
5532 171
7521 172
9677 173
8410 174
10365 175
9009 176
6965 177
302 178
6428 179
6398 180
2968 181
9028 182
809 183
1034 184
1756 185
4991 186
7661 187
9470 188
2854 189
3218 190
5343 191
8819 192
5675 193
9556 194
8382 195
3997 196
772 197
3265 198
2595 199
2944 200
251 201
5221 202
4491 203
7666 204
2704 205
7886 206
10489 207
5947 208
3751 209
7970 210
1313 211
1368 212
492 213
7266 214
2443 215
4545 216
3152 217
9228 218
5319 219
7198 220
9397 221
7718 222
7847 223
10251 224
3176 225
2787 226
9332 227
5316 228
2264 229
2586 230
2717 231
1715 232
4775 233
9352 234
560 235
8119 236
4673 237
3917 238
2652 239
6463 240
3033 241
10360 242
2127 243
2346 244
8378 245
5630 246
9699 247
3620 248
424 249
1262 250
748 251
2510 252
6988 253
8004 254
6958 255
1873 256
3926 257
139 258
2519 259
1825 260
4484 261
1248 262
8076 263
4165 264
4377 265
6775 266
9460 267
8084 268
6946 269
4021 270
7458 271
4973 272
6378 273
7032 274
8454 275
1840 276
4859 277
10221 278
4437 279
1260 280
8142 281
10241 282
1082 283
1311 284
3028 285
5184 286
4024 287
8008 288
1282 289
6284 290
1177 291
840 292
4313 293
8948 294
8148 295
1568 296
3726 297
8200 298
4493 299
3145 300
9478 301
6706 302
7572 303
2849 304
5414 305
5324 306
6904 307
2161 308
2222 309
6260 310
7758 311
7752 312
2546 313
9315 314
6605 315
7095 316
1928 317
5105 318
10468 319
2244 320
1080 321
9587 322
1194 323
5319 324
8724 325
2079 326
6174 327
9905 328
7591 329
9892 330
6069 331
555 332
8681 333
5033 334
1072 335
9329 336
7164 337
9235 338
4606 339
8135 340
8031 341
8103 342
5178 343
9768 344
3819 345
10337 346
9440 347
1643 348
5794 349
5763 350
9870 351
2253 352
2922 353
3853 354
4514 355
545 356
9640 357
4064 358
5031 359
4734 360
2370 361
7570 362
6119 363
4113 364
964 365
5355 366
3381 367
5644 368
58 369
4238 370
6787 371
1873 372
8787 373
7148 374
9276 375
1599 376
7579 377
4180 378
440 379
5071 380
4920 381
1559 382
1409 383
2807 384
4608 385
3838 386
9285 387
6759 388
9358 389
7280 390
6443 391
3036 392
2583 393
8043 394
5150 395
9468 396
8452 397
4580 398
1199 399
886 400
9461 401
1565 402
2903 403
5989 404
7512 405
9443 406
5048 407
2730 408
5338 409
8566 410
6816 411
2457 412
1867 413
9142 414
7432 415
8665 416
5075 417
8735 418
5070 419
2797 420
411 421
3561 422
7209 423
10239 424
1037 425
7170 426
7837 427
6607 428
1500 429
1278 430
5565 431
7040 432
3539 433
3350 434
8972 435
6724 436
2830 437
596 438
8328 439
9408 440
2529 441
7734 442
5798 443
3092 444
9809 445
3055 446
9190 447
5958 448
2565 449
9874 450
1131 451
5366 452
2423 453
270 454
8143 455
7152 456
9042 457
4430 458
7009 459
9005 460
4192 461
7307 462
7046 463
3162 464
8668 465
202 466
10417 467
7006 468
5330 469
9060 470
7439 471
9364 472
1517 473
4601 474
6046 475
10457 476
3964 477
5307 478
5523 479
9279 480
758 481
8627 482
6922 483
3922 484
6237 485
1467 486
4237 487
6941 488
992 489
4245 490
1947 491
7077 492
2805 493
8315 494
9077 495
4584 496
8631 497
9176 498
1344 499
9490 500
8926 501
8224 502
191 503
1018 504
5164 505
3819 506
3427 507
4279 508
7613 509
4803 510
6317 511
9364 512
1586 513
4233 514
9345 515
7552 516
2583 517
3111 518
6779 519
2357 520
1159 521
333 522
6629 523
3263 524
10470 525
9471 526
5953 527
10489 528
4605 529
8249 530
4794 531
5594 532
4441 533
515 534
7081 535
7295 536
7834 537
9093 538
8216 539
2124 540
10137 541
2994 542
1360 543
8485 544
1684 545
7696 546
10166 547
2017 548
2374 549
2273 550
3536 551
9742 552
1192 553
6281 554
7352 555
7162 556
5421 557
2855 558
1591 559
7751 560
7841 561
93 562
4378 563
3653 564
8242 565
1667 566
5687 567
10078 568
1496 569
1611 570
9354 571
5027 572
9884 573
4986 574
1547 575
2230 576
7628 577
9686 578
9269 579
3858 580
3580 581
4388 582
10428 583
2519 584
4731 585
4298 586
1501 587
5468 588
5614 589
2838 590
7168 591
5693 592
4726 593
1407 594
1394 595
374 596
2964 597
2057 598
6239 599
5182 600
3070 601
1974 602
183 603
4365 604
172 605
8035 606
7238 607
4662 608
671 609
10176 610
9214 611
6734 612
7644 613
9165 614
4992 615
3873 616
6826 617
13 618
6291 619
1048 620
7988 621
6697 622
2110 623
9587 624
2621 625
3221 626
3384 627
6610 628
9525 629
1296 630
1934 631
10152 632
1032 633
1496 634
3043 635
7744 636
3401 637
4849 638
6908 639
8808 640
804 641
3494 642
3008 643
9423 644
8784 645
2421 646
3044 647
4745 648
10065 649
8509 650
7218 651
8256 652
8219 653
4200 654
3379 655
4830 656
2996 657
1823 658
7998 659
6352 660
8541 661
3551 662
4721 663
8355 664
7076 665
9816 666
7871 667
7590 668
155 669
2363 670
9261 671
4380 672
4377 673
10201 674
8791 675
8837 676
7750 677
5289 678
6885 679
6578 680
8802 681
772 682
5607 683
9223 684
9590 685
8994 686
6848 687
4211 688
1136 689
7256 690
10150 691
9191 692
4938 693
4584 694
5425 695
8994 696
2636 697
485 698
6770 699
2917 700
2240 701
5568 702
8486 703
9831 704
2754 705
9568 706
3922 707
2454 708
2235 709
3699 710
2967 711
4533 712
3702 713
4538 714
4297 715
6952 716
2325 717
8494 718
9568 719
9284 720
7002 721
9237 722
2081 723
6143 724
1539 725
6869 726
3130 727
9570 728
7492 729
9514 730
67 731
9897 732
2203 733
10410 734
4796 735
1982 736
6192 737
5027 738
9586 739
7304 740
2101 741
3983 742
10071 743
8120 744
1920 745
3628 746
525 747
8945 748
5383 749
2562 750
8693 751
4662 752
6194 753
9509 754
3064 755
1316 756
8600 757
230 758
8104 759
1016 760
6980 761
130 762
2293 763
573 764
7341 765
2937 766
3291 767
9703 768
8757 769
5751 770
7123 771
2658 772
9480 773
3743 774
2797 775
736 776
6213 777
91 778
10416 779
2375 780
9673 781
1587 782
7369 783
8988 784
1120 785
2437 786
6576 787
681 788
4126 789
9642 790
2828 791
2136 792
3975 793
4441 794
1881 795
2758 796
552 797
8729 798
9789 799
3860 800
1741 801
5005 802
10037 803
5741 804
5726 805
9390 806
2922 807
2931 808
2350 809
1549 810
7862 811
6716 812
1615 813
131 814
3099 815
10111 816
8860 817
2262 818
8592 819
7592 820
7930 821
5548 822
930 823
6729 824
3730 825
10121 826
8460 827
360 828
3429 829
4493 830
4232 831
1764 832
10236 833
3351 834
5576 835
3813 836
5213 837
3872 838
3429 839
4288 840
10496 841
3071 842
7035 843
400 844
3835 845
8569 846
119 847
3146 848
4432 849
3605 850
10198 851
633 852
223 853
997 854
7188 855
5789 856
6106 857
1675 858
4945 859
894 860
4580 861
5533 862
7958 863
5550 864
6867 865
6831 866
3346 867
1656 868
7572 869
1775 870
6025 871
3768 872
10362 873
5518 874
7673 875
506 876
633 877
1033 878
5292 879
5749 880
1315 881
3843 882
5596 883
9587 884
6647 885
345 886
7174 887
6927 888
2425 889
4894 890
10324 891
7163 892
4092 893
4756 894
7423 895
4089 896
5635 897
7446 898
1912 899
10297 900
5587 901
6862 902
3065 903
563 904
3721 905
993 906
3726 907
115 908
8735 909
4042 910
9079 911
3594 912
1157 913
3671 914
9748 915
691 916
9833 917
7278 918
7835 919
7202 920
2609 921
3498 922
166 923
5736 924
2487 925
5455 926
2777 927
608 928
7850 929
7912 930
10016 931
3826 932
9247 933
5960 934
2350 935
9435 936
3603 937
3607 938
9548 939
6823 940
2997 941
7482 942
1501 943
7613 944
5500 945
1119 946
8576 947
5252 948
1679 949
1716 950
3039 951
5764 952
3509 953
596 954
8640 955
7796 956
9274 957
4686 958
9949 959
7779 960
4386 961
3067 962
4710 963
9084 964
9082 965
6743 966
3665 967
7820 968
4394 969
7516 970
6597 971
3356 972
10394 973
1020 974
2625 975
7249 976
2469 977
5873 978
4054 979
2056 980
3689 981
4680 982
6756 983
2946 984
9173 985
6470 986
10256 987
9462 988
388 989
7957 990
170 991
8687 992
8092 993
2807 994
4176 995
661 996
5506 997
9813 998
1399 999
5152 1000
3643 1001
4181 1002
9757 1003
4052 1004
7360 1005
8000 1006
6268 1007
10144 1008
7606 1009
2236 1010
4284 1011
4159 1012
7389 1013
2335 1014
6700 1015
1644 1016
3006 1017
5826 1018
1417 1019
10215 1020
7429 1021
8433 1022
1049 1023
1111 1024
2611 1025
3841 1026
7783 1027
5351 1028
1194 1029
6645 1030
8288 1031
9653 1032
858 1033
8412 1034
2148 1035
6709 1036
7075 1037
4528 1038
1116 1039
635 1040
9574 1041
8983 1042
4076 1043
1915 1044
1345 1045
3450 1046
4851 1047
4863 1048
5940 1049
