1100 200
10355 0
7793 1
1010 2
2634 3
5101 4
10864 5
881 6
5523 7
5863 8
9531 9
1475 10
370 11
5215 12
6543 13
7680 14
10107 15
3124 16
4024 17
3603 18
539 19
3214 20
9878 21
1281 22
5368 23
5368 24
8328 25
2986 26
3643 27
9635 28
7739 29
6315 30
7318 31
8651 32
2278 33
10435 34
7489 35
6037 36
8306 37
6482 38
5942 39
2300 40
4057 41
9030 42
8650 43
4359 44
6998 45
1041 46
8674 47
881 48
5033 49
7843 50
4099 51
3645 52
6695 53
5324 54
3435 55
10485 56
186 57
828 58
7600 59
5653 60
5338 61
2816 62
2410 63
3686 64
9790 65
1063 66
10203 67
3357 68
9829 69
1451 70
308 71
6899 72
3350 73
1752 74
4544 75
3770 76
8940 77
9277 78
6357 79
6340 80
9641 81
1916 82
4402 83
8380 84
5275 85
2780 86
1913 87
1324 88
10375 89
10659 90
7149 91
8493 92
2462 93
4906 94
10747 95
7440 96
1955 97
3912 98
4869 99
9223 100
3220 101
2594 102
6492 103
7588 104
4199 105
2266 106
1423 107
9809 108
3755 109
7317 110
7466 111
2250 112
2189 113
7291 114
160 115
4763 116
7034 117
4864 118
4693 119
10441 120
1460 121
4447 122
7150 123
2004 124
7162 125
6467 126
6403 127
3449 128
7009 129
7868 130
5139 131
5491 132
5217 133
10351 134
367 135
2378 136
6617 137
4556 138
3455 139
9788 140
8528 141
7867 142
9736 143
5617 144
2552 145
7385 146
7392 147
695 148
9251 149
4404 150
4646 151
6168 152
8924 153
1158 154
5745 155
7039 156
792 157
7287 158
10985 159
9371 160
1443 161
7226 162
9051 163
2037 164
5314 165
8800 166
1368 167
8903 168
7425 169
9543 170
10804 171
3259 172
4289 173
774 174
1338 175
7599 176
1146 177
9610 178
8786 179
9629 180
3954 181
8883 182
3876 183
7440 184
409 185
1145 186
356 187
8838 188
3984 189
2676 190
5030 191
6284 192
2577 193
8336 194
9412 195
7373 196
10867 197
9006 198
1932 199
732 200
5960 201
2780 202
6237 203
3429 204
7887 205
7652 206
5276 207
8836 208
7809 209
4613 210
724 211
7398 212
3850 213
1139 214
801 215
10422 216
109 217
10821 218
7555 219
9872 220
8690 221
8871 222
252 223
9870 224
3449 225
6849 226
2390 227
6623 228
4261 229
6675 230
2211 231
3789 232
8551 233
1025 234
2283 235
5405 236
6730 237
2467 238
2656 239
3258 240
3480 241
4060 242
5807 243
9089 244
698 245
10002 246
10070 247
2438 248
10964 249
3574 250
5673 251
9997 252
5036 253
3423 254
7756 255
10476 256
10173 257
2841 258
3507 259
432 260
7914 261
419 262
6080 263
8213 264
5512 265
3937 266
4513 267
591 268
7236 269
3152 270
1305 271
5183 272
715 273
4805 274
104 275
1932 276
9543 277
4223 278
7953 279
8957 280
10736 281
5617 282
2101 283
3290 284
3143 285
9063 286
7029 287
5522 288
7660 289
5150 290
2821 291
4669 292
8597 293
2446 294
7830 295
5287 296
1934 297
4829 298
3139 299
9956 300
896 301
8860 302
7877 303
3634 304
8710 305
7132 306
6252 307
2684 308
1023 309
6412 310
10095 311
8420 312
1601 313
9080 314
9431 315
2711 316
3563 317
6684 318
10296 319
9168 320
10048 321
3526 322
8523 323
4011 324
9219 325
9979 326
2514 327
10988 328
46 329
2198 330
8910 331
9798 332
4437 333
6941 334
891 335
7825 336
1702 337
4150 338
4354 339
8202 340
1377 341
2309 342
4128 343
10228 344
10147 345
6807 346
6024 347
5096 348
5781 349
4532 350
220 351
5312 352
3625 353
10518 354
6677 355
5967 356
1408 357
1132 358
7045 359
7988 360
9180 361
574 362
8805 363
1046 364
10433 365
9080 366
3519 367
7413 368
1759 369
6857 370
1490 371
10164 372
285 373
8881 374
4819 375
9234 376
3160 377
6930 378
10876 379
4509 380
9783 381
230 382
5600 383
8209 384
9352 385
6144 386
8776 387
2597 388
2885 389
2728 390
7139 391
6087 392
10889 393
270 394
6302 395
7160 396
3142 397
3372 398
158 399
9501 400
1718 401
7030 402
3728 403
5446 404
4884 405
778 406
7785 407
2326 408
9888 409
3639 410
5583 411
9180 412
8416 413
761 414
2204 415
3686 416
7058 417
2268 418
6034 419
2637 420
2651 421
10793 422
10736 423
8215 424
10009 425
2922 426
2061 427
7086 428
6948 429
6798 430
1107 431
1321 432
5699 433
5982 434
8566 435
9928 436
7726 437
8239 438
8869 439
792 440
1163 441
5569 442
9481 443
5353 444
3843 445
7465 446
7698 447
7094 448
775 449
5012 450
6392 451
9865 452
6465 453
4675 454
5449 455
10185 456
2122 457
7012 458
9065 459
7527 460
2430 461
471 462
10431 463
5957 464
4118 465
10100 466
2653 467
9340 468
5810 469
1379 470
9481 471
9735 472
8673 473
6086 474
5400 475
5544 476
8405 477
2819 478
4394 479
5745 480
9754 481
565 482
4680 483
1218 484
10986 485
5887 486
10585 487
986 488
5413 489
348 490
5716 491
3993 492
5116 493
1492 494
10777 495
10679 496
6068 497
2170 498
823 499
7066 500
7422 501
7817 502
10492 503
3051 504
5465 505
9811 506
2413 507
6326 508
9708 509
5349 510
149 511
8718 512
8619 513
7987 514
8173 515
154 516
5335 517
4798 518
5143 519
964 520
7559 521
6298 522
3994 523
1891 524
1989 525
1814 526
10153 527
2603 528
3749 529
2182 530
10791 531
3859 532
2551 533
10177 534
8507 535
2415 536
4059 537
9826 538
7329 539
3529 540
1030 541
3338 542
1608 543
1604 544
3726 545
2507 546
8409 547
5540 548
8375 549
3752 550
7541 551
956 552
2456 553
4309 554
8342 555
577 556
6225 557
9055 558
7816 559
3792 560
9905 561
5791 562
8972 563
5108 564
8288 565
2223 566
561 567
4048 568
3056 569
2584 570
576 571
6069 572
1149 573
7418 574
5932 575
9643 576
5505 577
7234 578
10903 579
958 580
10778 581
24 582
3996 583
3313 584
6490 585
2322 586
5981 587
7497 588
8463 589
10978 590
4414 591
730 592
9328 593
8128 594
2916 595
6023 596
6195 597
4985 598
9783 599
5663 600
1434 601
2611 602
1110 603
2926 604
1107 605
124 606
10746 607
4524 608
5728 609
9765 610
7141 611
5274 612
3757 613
3161 614
3662 615
1034 616
9669 617
3773 618
5228 619
9834 620
9426 621
10810 622
5519 623
8343 624
9788 625
10967 626
9306 627
9340 628
9235 629
10751 630
4479 631
8109 632
5697 633
4504 634
6233 635
5342 636
6149 637
10234 638
4791 639
8318 640
4298 641
5189 642
4736 643
4859 644
9240 645
7968 646
4612 647
8660 648
5055 649
1501 650
5652 651
3267 652
2301 653
1686 654
3434 655
460 656
2397 657
7668 658
8799 659
8717 660
3835 661
6698 662
9807 663
8817 664
4928 665
3533 666
3663 667
7653 668
10985 669
86 670
1621 671
9614 672
3389 673
10387 674
2001 675
4915 676
7526 677
6516 678
10898 679
2619 680
6892 681
2895 682
7987 683
8538 684
4920 685
2100 686
6711 687
1532 688
7097 689
9565 690
7657 691
4151 692
2147 693
10183 694
7937 695
1325 696
5063 697
3722 698
8139 699
8989 700
2657 701
4623 702
2462 703
7778 704
10345 705
6114 706
2196 707
1035 708
1316 709
7237 710
7260 711
2858 712
2756 713
3495 714
1788 715
3697 716
2997 717
9002 718
10338 719
2539 720
6592 721
5441 722
1151 723
8214 724
10995 725
6324 726
1083 727
5397 728
6333 729
5244 730
9252 731
1933 732
10781 733
7362 734
4100 735
4700 736
2621 737
8645 738
8641 739
6161 740
5383 741
7892 742
351 743
3327 744
4440 745
4295 746
3946 747
10918 748
1582 749
6795 750
965 751
7209 752
3342 753
7476 754
3734 755
9598 756
5528 757
1881 758
10459 759
506 760
2042 761
8995 762
4956 763
9129 764
986 765
8548 766
8716 767
4263 768
3797 769
5503 770
9089 771
1393 772
5622 773
311 774
6020 775
5467 776
10156 777
3706 778
3581 779
2369 780
1160 781
10138 782
2769 783
3121 784
5862 785
4600 786
9164 787
5255 788
10029 789
2143 790
8752 791
8170 792
8543 793
4796 794
10239 795
5405 796
3795 797
9238 798
10718 799
7911 800
7679 801
10145 802
5317 803
6216 804
6021 805
4049 806
8014 807
7079 808
1985 809
6624 810
1499 811
924 812
4269 813
2115 814
6608 815
5178 816
5732 817
10462 818
3422 819
2731 820
353 821
6764 822
8416 823
8125 824
28 825
10988 826
8999 827
1606 828
6859 829
3530 830
2742 831
3581 832
4916 833
5859 834
390 835
552 836
8062 837
4669 838
10008 839
5411 840
5337 841
5282 842
9611 843
6014 844
3103 845
4868 846
6647 847
4383 848
10883 849
8992 850
2598 851
7064 852
218 853
4217 854
10464 855
5691 856
6880 857
4226 858
1450 859
4722 860
39 861
496 862
8885 863
5833 864
8287 865
7523 866
4652 867
5893 868
10521 869
226 870
1741 871
2955 872
4526 873
8061 874
6457 875
2337 876
2410 877
7083 878
7805 879
7263 880
680 881
5503 882
8121 883
4598 884
10016 885
3824 886
5397 887
7196 888
9305 889
4029 890
6600 891
4132 892
479 893
1420 894
9291 895
3948 896
5107 897
2374 898
4314 899
9391 900
1542 901
3211 902
7540 903
9753 904
10499 905
5167 906
5431 907
8981 908
3785 909
4474 910
9182 911
7154 912
2577 913
591 914
8729 915
5403 916
7343 917
889 918
7559 919
3110 920
3117 921
5771 922
4823 923
2285 924
2920 925
1452 926
7663 927
4220 928
6314 929
10016 930
1817 931
10525 932
5398 933
10952 934
9618 935
521 936
2640 937
10051 938
2268 939
1414 940
8926 941
7573 942
6830 943
1540 944
7687 945
8323 946
312 947
4579 948
4216 949
3449 950
1194 951
7854 952
3547 953
6397 954
1527 955
7872 956
4143 957
3695 958
10799 959
2550 960
5686 961
10282 962
4974 963
2606 964
2795 965
3105 966
8513 967
4299 968
8719 969
7264 970
799 971
6771 972
5731 973
18 974
3975 975
1835 976
3109 977
9510 978
3546 979
4892 980
3287 981
8677 982
460 983
3886 984
4660 985
5575 986
1136 987
181 988
9121 989
7312 990
144 991
8416 992
4770 993
2520 994
4106 995
8844 996
5588 997
1755 998
8137 999
8230 1000
6680 1001
2378 1002
5163 1003
7483 1004
6661 1005
2685 1006
10774 1007
5613 1008
10009 1009
4424 1010
6433 1011
2938 1012
582 1013
9868 1014
7179 1015
3206 1016
3282 1017
1835 1018
8324 1019
10789 1020
7772 1021
3384 1022
6282 1023
3118 1024
9416 1025
1401 1026
8381 1027
8928 1028
4432 1029
5640 1030
5337 1031
7696 1032
6666 1033
10164 1034
10196 1035
2700 1036
4601 1037
1112 1038
2949 1039
8590 1040
7888 1041
5679 1042
4771 1043
1670 1044
9195 1045
10373 1046
1113 1047
504 1048
736 1049
4818 1050
4834 1051
4905 1052
10719 1053
6361 1054
4274 1055
8373 1056
8869 1057
9454 1058
2643 1059
4315 1060
5064 1061
10219 1062
9371 1063
5315 1064
5139 1065
3145 1066
7502 1067
2620 1068
212 1069
1941 1070
7453 1071
6055 1072
3562 1073
3360 1074
8288 1075
1364 1076
7867 1077
7745 1078
10668 1079
9044 1080
4064 1081
5951 1082
4304 1083
9669 1084
7588 1085
10989 1086
9917 1087
7726 1088
9816 1089
5286 1090
4111 1091
7358 1092
8990 1093
4330 1094
10256 1095
2602 1096
6036 1097
2290 1098
3542 1099
