150 1150
1418 0
35 1
118 2
1137 3
475 4
1183 5
1095 6
1311 7
348 8
464 9
917 10
232 11
497 12
844 13
535 14
333 15
160 16
840 17
608 18
467 19
1463 20
914 21
453 22
30 23
1036 24
879 25
567 26
974 27
544 28
1249 29
1153 30
1125 31
998 32
1242 33
384 34
808 35
1147 36
204 37
927 38
907 39
48 40
1421 41
578 42
525 43
1024 44
867 45
605 46
1298 47
543 48
1317 49
429 50
1397 51
1432 52
774 53
758 54
910 55
632 56
70 57
106 58
364 59
924 60
937 61
1054 62
160 63
317 64
32 65
171 66
1316 67
1261 68
397 69
1356 70
1395 71
728 72
1172 73
1352 74
45 75
1381 76
578 77
627 78
843 79
1330 80
394 81
473 82
104 83
776 84
844 85
1187 86
485 87
138 88
1138 89
423 90
105 91
30 92
756 93
62 94
1395 95
847 96
139 97
393 98
1254 99
357 100
403 101
1396 102
1210 103
242 104
1394 105
1019 106
755 107
394 108
420 109
1276 110
1322 111
1178 112
126 113
925 114
578 115
710 116
1135 117
1061 118
162 119
1375 120
1134 121
495 122
342 123
208 124
547 125
1061 126
1300 127
766 128
1102 129
426 130
1424 131
553 132
900 133
1 134
575 135
636 136
957 137
511 138
907 139
1239 140
217 141
1280 142
534 143
295 144
559 145
655 146
67 147
433 148
390 149
