1550 850
14906 0
3464 1
6595 2
12351 3
3735 4
1385 5
2989 6
2321 7
12435 8
5818 9
11291 10
14913 11
11220 12
11538 13
6529 14
8976 15
6844 16
12756 17
8313 18
13376 19
5495 20
3667 21
15451 22
1704 23
15265 24
10160 25
5240 26
913 27
835 28
5655 29
3533 30
11636 31
12829 32
3245 33
4244 34
11473 35
6410 36
2757 37
1514 38
5528 39
5719 40
9786 41
1448 42
3581 43
6061 44
4303 45
11695 46
14462 47
13777 48
8519 49
10303 50
5993 51
7853 52
341 53
13122 54
2776 55
4921 56
11442 57
6792 58
4587 59
1675 60
3571 61
4831 62
6682 63
13218 64
6648 65
14486 66
10413 67
12395 68
10072 69
868 70
10460 71
8003 72
6202 73
445 74
7972 75
13158 76
6815 77
1355 78
13013 79
10745 80
1381 81
10095 82
15362 83
5152 84
13936 85
13626 86
7019 87
11295 88
3047 89
7736 90
1360 91
10832 92
4288 93
15279 94
12548 95
3648 96
8867 97
8740 98
10109 99
13066 100
1641 101
102 102
922 103
6351 104
14066 105
13326 106
11524 107
5750 108
8922 109
6000 110
10492 111
6526 112
8721 113
10358 114
4326 115
5207 116
3657 117
3478 118
7789 119
3043 120
12965 121
12188 122
4193 123
13951 124
11667 125
7973 126
4433 127
2159 128
9498 129
10802 130
13195 131
10376 132
8332 133
14157 134
5397 135
15093 136
8937 137
2372 138
11410 139
4808 140
9315 141
2707 142
12915 143
4211 144
1168 145
10120 146
5131 147
14384 148
8122 149
4924 150
4966 151
2277 152
4797 153
13146 154
10450 155
7398 156
14392 157
9607 158
6073 159
6822 160
12693 161
1446 162
9801 163
4890 164
12602 165
9307 166
15142 167
13246 168
5471 169
6134 170
14039 171
763 172
5825 173
13527 174
9821 175
10544 176
12989 177
2373 178
4606 179
12154 180
2371 181
1449 182
6739 183
1225 184
8487 185
1912 186
9099 187
13516 188
12355 189
14979 190
14696 191
3385 192
11450 193
9055 194
9421 195
4150 196
5489 197
14581 198
5799 199
9147 200
9171 201
1596 202
4178 203
9313 204
14187 205
10283 206
14344 207
3047 208
3783 209
9075 210
2021 211
5261 212
10002 213
4399 214
1974 215
14981 216
4972 217
4786 218
4199 219
2171 220
7879 221
14319 222
15143 223
7049 224
9394 225
5260 226
9922 227
1583 228
9350 229
4916 230
8667 231
15335 232
303 233
4597 234
10411 235
7219 236
3826 237
7133 238
13390 239
5327 240
13520 241
10219 242
9838 243
14364 244
758 245
7563 246
447 247
2555 248
11051 249
10005 250
5859 251
10563 252
2529 253
19 254
8118 255
8723 256
6219 257
10275 258
480 259
5687 260
11260 261
9106 262
2177 263
10459 264
11763 265
14934 266
5501 267
2958 268
14015 269
7457 270
4735 271
14545 272
6394 273
9584 274
2187 275
1207 276
647 277
382 278
94 279
11054 280
1772 281
15207 282
10500 283
10513 284
1562 285
6461 286
11659 287
10379 288
1512 289
5253 290
3283 291
2741 292
3249 293
2518 294
13805 295
9302 296
10574 297
5831 298
13218 299
15235 300
3599 301
404 302
3033 303
6540 304
14230 305
14380 306
14476 307
10189 308
282 309
5250 310
7642 311
8976 312
13296 313
14383 314
857 315
10498 316
1981 317
12341 318
4517 319
7377 320
9757 321
11150 322
618 323
4310 324
6826 325
10875 326
6399 327
6893 328
2118 329
2982 330
2953 331
13776 332
12380 333
8435 334
14739 335
9226 336
14116 337
9691 338
14411 339
1966 340
667 341
11938 342
5680 343
15209 344
7733 345
12129 346
7306 347
10810 348
8090 349
13804 350
13702 351
2802 352
12694 353
5882 354
11249 355
7607 356
5397 357
1766 358
4156 359
4136 360
8076 361
11185 362
8349 363
11533 364
7799 365
14571 366
15310 367
3490 368
15163 369
9675 370
1239 371
12529 372
12140 373
5617 374
12012 375
2803 376
6743 377
9016 378
637 379
13753 380
5804 381
12553 382
3278 383
1285 384
14393 385
9553 386
10866 387
1065 388
3209 389
10170 390
271 391
360 392
4093 393
1688 394
8593 395
13966 396
10016 397
7829 398
11410 399
11200 400
1549 401
2689 402
3637 403
14343 404
13367 405
10908 406
4092 407
5216 408
10330 409
12965 410
1331 411
7950 412
9822 413
14617 414
4262 415
11913 416
10258 417
5890 418
5214 419
5285 420
6926 421
1839 422
5872 423
10643 424
7829 425
13296 426
2559 427
11090 428
2546 429
11300 430
13526 431
8913 432
80 433
9626 434
8023 435
14553 436
11053 437
8177 438
9365 439
10049 440
6174 441
2413 442
10450 443
187 444
8537 445
3034 446
39 447
4137 448
1836 449
9765 450
2292 451
1508 452
3594 453
11254 454
7664 455
12817 456
4509 457
7954 458
14686 459
11721 460
8723 461
12182 462
13160 463
9004 464
2964 465
840 466
5240 467
11655 468
1624 469
11700 470
6728 471
9744 472
5809 473
5921 474
5143 475
10830 476
10667 477
6240 478
7748 479
7532 480
15257 481
168 482
5953 483
6597 484
7874 485
12735 486
7420 487
4819 488
8464 489
10489 490
6476 491
12096 492
13615 493
10461 494
11789 495
15099 496
7726 497
4109 498
7627 499
4349 500
3409 501
13886 502
5962 503
15094 504
2201 505
11041 506
14374 507
14561 508
11369 509
2768 510
14892 511
14250 512
14584 513
3002 514
8674 515
13562 516
2753 517
901 518
10021 519
4954 520
12884 521
13739 522
14640 523
14811 524
2790 525
2050 526
6166 527
572 528
799 529
1581 530
10085 531
13008 532
8234 533
6568 534
3614 535
8289 536
6757 537
12124 538
2704 539
10829 540
2221 541
9627 542
9002 543
2202 544
742 545
7116 546
5113 547
10540 548
15321 549
10848 550
11919 551
1382 552
13019 553
12630 554
11867 555
3648 556
7495 557
6306 558
4981 559
977 560
2556 561
9435 562
1370 563
6802 564
2791 565
12884 566
12674 567
4544 568
14379 569
4097 570
14240 571
1690 572
27 573
3896 574
9948 575
723 576
15228 577
8926 578
14525 579
5001 580
9776 581
11597 582
11322 583
2968 584
4226 585
5512 586
10623 587
10664 588
12144 589
6926 590
10328 591
1741 592
1856 593
12708 594
11155 595
12220 596
1709 597
2739 598
5836 599
567 600
11495 601
8671 602
10254 603
1077 604
8161 605
6718 606
10327 607
4060 608
12119 609
5536 610
11428 611
597 612
7734 613
2614 614
7431 615
9845 616
10320 617
11511 618
12012 619
6408 620
9002 621
1290 622
12032 623
11895 624
13418 625
3117 626
12550 627
874 628
4981 629
3061 630
154 631
13339 632
10579 633
14062 634
4313 635
10687 636
13596 637
12819 638
14359 639
1144 640
3713 641
2213 642
13682 643
7359 644
3825 645
7293 646
4275 647
2503 648
11004 649
6120 650
10956 651
2484 652
15344 653
9868 654
903 655
9836 656
1450 657
14413 658
5178 659
14980 660
14386 661
12466 662
11615 663
9848 664
9352 665
9023 666
13521 667
3736 668
8887 669
11854 670
15069 671
9006 672
11020 673
14711 674
439 675
14942 676
11410 677
8671 678
14926 679
1546 680
8991 681
51 682
1659 683
6719 684
10085 685
10420 686
2012 687
671 688
203 689
13401 690
13853 691
6899 692
11982 693
10724 694
13922 695
323 696
11538 697
7422 698
9 699
14623 700
5860 701
14565 702
4169 703
6963 704
10097 705
14468 706
5039 707
10114 708
670 709
14091 710
885 711
14463 712
6831 713
10761 714
6804 715
7842 716
511 717
3830 718
3767 719
14009 720
11016 721
5595 722
9783 723
1936 724
14252 725
14169 726
2585 727
11691 728
7827 729
10738 730
10147 731
14162 732
14594 733
14128 734
5094 735
11904 736
5460 737
5725 738
4756 739
5082 740
10883 741
12494 742
11217 743
6578 744
590 745
5825 746
5450 747
10932 748
15285 749
3957 750
13876 751
11827 752
2370 753
15155 754
15248 755
3184 756
1472 757
7780 758
5324 759
12000 760
13047 761
2056 762
3466 763
701 764
4858 765
5242 766
582 767
316 768
598 769
8468 770
11166 771
12231 772
5529 773
5201 774
425 775
14162 776
3352 777
8649 778
13538 779
1955 780
6873 781
11663 782
7590 783
13214 784
13146 785
10342 786
13053 787
7491 788
5556 789
14351 790
14379 791
5136 792
1972 793
2114 794
7562 795
12972 796
9174 797
3526 798
2134 799
7575 800
9488 801
789 802
45 803
8794 804
7137 805
15448 806
5675 807
6509 808
12107 809
10605 810
9395 811
10598 812
14471 813
7455 814
3471 815
5784 816
5607 817
10189 818
7204 819
9813 820
1026 821
13394 822
1741 823
11646 824
14946 825
7155 826
1993 827
11540 828
1505 829
3918 830
12536 831
9141 832
3905 833
9847 834
6476 835
5555 836
15029 837
13121 838
6089 839
13640 840
10477 841
13502 842
2348 843
7186 844
10200 845
381 846
562 847
2397 848
7116 849
13874 850
5520 851
14708 852
14539 853
5988 854
4208 855
5323 856
3961 857
6839 858
5129 859
5304 860
930 861
39 862
9725 863
3004 864
4250 865
14342 866
9352 867
2222 868
11315 869
12569 870
12564 871
2657 872
7422 873
9462 874
6271 875
10483 876
14329 877
12007 878
6662 879
1781 880
5306 881
14100 882
1719 883
737 884
9183 885
6352 886
12893 887
4064 888
1702 889
372 890
7626 891
15181 892
11968 893
10691 894
6384 895
15227 896
11851 897
6935 898
14867 899
4150 900
3385 901
13059 902
9080 903
5109 904
10616 905
15446 906
15452 907
9704 908
5296 909
2555 910
11118 911
9351 912
7341 913
10431 914
9746 915
14783 916
8289 917
6783 918
1175 919
11527 920
2210 921
3976 922
10515 923
1781 924
12409 925
11114 926
1584 927
13191 928
13014 929
5952 930
2292 931
14559 932
7863 933
13006 934
11188 935
12411 936
7317 937
7753 938
10563 939
13699 940
11229 941
8653 942
10048 943
8926 944
9338 945
1356 946
14356 947
10792 948
15076 949
2768 950
14155 951
9141 952
11529 953
6947 954
11100 955
12882 956
8804 957
323 958
14796 959
516 960
10533 961
9151 962
2278 963
5596 964
3995 965
3996 966
14547 967
2253 968
7412 969
3130 970
2527 971
8379 972
616 973
3194 974
13891 975
10587 976
11814 977
3571 978
12753 979
5753 980
10538 981
2374 982
6347 983
1047 984
9662 985
12262 986
9672 987
12069 988
13628 989
116 990
8114 991
5975 992
3402 993
10554 994
15190 995
2955 996
6795 997
2540 998
11165 999
13362 1000
4034 1001
259 1002
7367 1003
1401 1004
12111 1005
2119 1006
1322 1007
6509 1008
9383 1009
1502 1010
11877 1011
1088 1012
1277 1013
995 1014
10133 1015
2875 1016
3687 1017
13336 1018
13444 1019
11462 1020
7229 1021
10773 1022
12156 1023
11467 1024
12838 1025
5879 1026
4949 1027
7748 1028
5617 1029
11406 1030
1530 1031
14748 1032
103 1033
11232 1034
12760 1035
10153 1036
1920 1037
11270 1038
659 1039
3446 1040
11393 1041
14804 1042
13686 1043
2300 1044
4093 1045
3702 1046
460 1047
10712 1048
397 1049
293 1050
7981 1051
7033 1052
8027 1053
13753 1054
6152 1055
10040 1056
7611 1057
6317 1058
2299 1059
13218 1060
1173 1061
9557 1062
9750 1063
5487 1064
1171 1065
9927 1066
7782 1067
908 1068
1318 1069
11806 1070
7429 1071
7213 1072
8212 1073
7417 1074
3827 1075
6366 1076
10951 1077
9888 1078
5533 1079
3461 1080
7855 1081
10467 1082
1936 1083
9231 1084
253 1085
12529 1086
6600 1087
15414 1088
7812 1089
10126 1090
8776 1091
9914 1092
6658 1093
15497 1094
10744 1095
11591 1096
11938 1097
7100 1098
3911 1099
1446 1100
12312 1101
8991 1102
3580 1103
5988 1104
8126 1105
14403 1106
7714 1107
10008 1108
6112 1109
12783 1110
612 1111
4266 1112
2919 1113
13496 1114
13417 1115
2481 1116
12754 1117
6745 1118
10889 1119
8533 1120
3707 1121
11947 1122
15337 1123
7747 1124
12627 1125
1933 1126
11281 1127
2447 1128
1113 1129
10206 1130
9408 1131
6364 1132
9447 1133
5168 1134
8089 1135
13487 1136
8938 1137
45 1138
15195 1139
4699 1140
6180 1141
10101 1142
11594 1143
4117 1144
2006 1145
4994 1146
4055 1147
13142 1148
15374 1149
8854 1150
2785 1151
4611 1152
3333 1153
11609 1154
7659 1155
9436 1156
15007 1157
14800 1158
5513 1159
11468 1160
14809 1161
2278 1162
6021 1163
12325 1164
2457 1165
327 1166
393 1167
1607 1168
8189 1169
1270 1170
6431 1171
1381 1172
9758 1173
13934 1174
8363 1175
6262 1176
2687 1177
10328 1178
294 1179
4077 1180
6779 1181
13299 1182
6387 1183
12295 1184
8320 1185
8671 1186
1651 1187
13957 1188
5535 1189
10571 1190
6067 1191
2652 1192
9227 1193
7246 1194
8349 1195
7738 1196
1017 1197
4539 1198
1870 1199
1733 1200
2429 1201
7406 1202
15016 1203
9472 1204
9564 1205
11296 1206
5683 1207
12729 1208
6187 1209
6622 1210
3806 1211
11444 1212
3639 1213
14383 1214
3960 1215
9837 1216
1571 1217
10142 1218
1554 1219
1664 1220
4696 1221
10046 1222
14131 1223
11947 1224
14993 1225
518 1226
9704 1227
14906 1228
14527 1229
1135 1230
9207 1231
1733 1232
9233 1233
5196 1234
3344 1235
12520 1236
355 1237
3417 1238
5282 1239
10389 1240
11232 1241
6095 1242
4993 1243
15435 1244
4008 1245
5198 1246
12606 1247
2223 1248
3073 1249
10285 1250
12413 1251
3630 1252
4438 1253
325 1254
11050 1255
3637 1256
5393 1257
9797 1258
4266 1259
6278 1260
251 1261
381 1262
5116 1263
6584 1264
15079 1265
1585 1266
1426 1267
15354 1268
11248 1269
5129 1270
2162 1271
15358 1272
6556 1273
11155 1274
11065 1275
13397 1276
2885 1277
13596 1278
9585 1279
12410 1280
12220 1281
11863 1282
9857 1283
9630 1284
2961 1285
5881 1286
9409 1287
1623 1288
15191 1289
8820 1290
234 1291
11823 1292
12745 1293
682 1294
639 1295
5194 1296
4898 1297
3853 1298
15497 1299
2709 1300
4196 1301
6737 1302
2441 1303
6944 1304
12849 1305
13275 1306
12130 1307
6102 1308
2377 1309
4334 1310
14786 1311
11173 1312
14594 1313
2249 1314
12298 1315
7800 1316
9876 1317
14072 1318
8282 1319
674 1320
12893 1321
14898 1322
14702 1323
12979 1324
11234 1325
1913 1326
5914 1327
7179 1328
15417 1329
8851 1330
87 1331
15500 1332
4446 1333
1723 1334
8006 1335
13323 1336
7145 1337
15057 1338
7158 1339
8130 1340
2802 1341
1138 1342
5879 1343
9356 1344
3868 1345
14210 1346
549 1347
10656 1348
14866 1349
7362 1350
1800 1351
7631 1352
11117 1353
15408 1354
9019 1355
14245 1356
2893 1357
11723 1358
13170 1359
10299 1360
3123 1361
1752 1362
7991 1363
10166 1364
5491 1365
1862 1366
4821 1367
3123 1368
12830 1369
7305 1370
9214 1371
7422 1372
1791 1373
10733 1374
2696 1375
11220 1376
5066 1377
12397 1378
8185 1379
2613 1380
12790 1381
8438 1382
14954 1383
8483 1384
14077 1385
1693 1386
11210 1387
1945 1388
624 1389
6911 1390
5757 1391
1280 1392
7077 1393
9276 1394
8395 1395
1037 1396
6478 1397
1458 1398
3000 1399
10211 1400
1683 1401
1274 1402
14430 1403
13904 1404
2120 1405
9255 1406
12298 1407
5427 1408
880 1409
7583 1410
6443 1411
695 1412
10954 1413
11152 1414
3107 1415
6614 1416
6636 1417
1841 1418
8867 1419
9165 1420
9392 1421
7497 1422
14702 1423
1652 1424
11148 1425
1474 1426
5628 1427
10500 1428
9983 1429
4571 1430
1777 1431
15426 1432
5417 1433
11200 1434
1261 1435
7401 1436
13355 1437
11507 1438
14124 1439
2854 1440
7917 1441
4186 1442
12802 1443
5979 1444
9087 1445
718 1446
12826 1447
7445 1448
7683 1449
14273 1450
4714 1451
4943 1452
2682 1453
13147 1454
12581 1455
13654 1456
7010 1457
3719 1458
6261 1459
8053 1460
8692 1461
7032 1462
4680 1463
8174 1464
11173 1465
6561 1466
6748 1467
3213 1468
8350 1469
12548 1470
2343 1471
6154 1472
675 1473
1857 1474
13141 1475
4043 1476
13953 1477
8038 1478
9885 1479
7909 1480
245 1481
14520 1482
12969 1483
3185 1484
5111 1485
2439 1486
3642 1487
8588 1488
5960 1489
11641 1490
725 1491
7861 1492
6059 1493
6408 1494
8882 1495
2436 1496
3607 1497
9551 1498
14812 1499
8369 1500
9559 1501
5382 1502
8300 1503
4242 1504
12410 1505
3055 1506
5032 1507
8562 1508
7613 1509
2546 1510
14212 1511
275 1512
4755 1513
9659 1514
9819 1515
15089 1516
6323 1517
9447 1518
775 1519
8823 1520
6909 1521
13016 1522
900 1523
2677 1524
11968 1525
14392 1526
14619 1527
3806 1528
12864 1529
9914 1530
8182 1531
9945 1532
6193 1533
593 1534
5834 1535
12993 1536
13523 1537
6478 1538
8706 1539
12469 1540
2558 1541
8778 1542
8319 1543
4957 1544
14648 1545
4960 1546
14309 1547
6298 1548
12361 1549
