1000 1550
2562 0
2924 1
6056 2
6221 3
9449 4
1039 5
995 6
1422 7
9829 8
2276 9
324 10
905 11
34 12
7040 13
7316 14
201 15
7184 16
1209 17
7349 18
3858 19
4251 20
1134 21
7550 22
6392 23
8580 24
3785 25
4732 26
7499 27
9917 28
5661 29
2757 30
4726 31
3281 32
807 33
108 34
7577 35
3889 36
9840 37
9413 38
4015 39
6342 40
3027 41
7024 42
5720 43
2195 44
3619 45
195 46
7662 47
3579 48
5834 49
3049 50
8506 51
9167 52
5265 53
2416 54
6276 55
5566 56
2541 57
6997 58
1510 59
941 60
483 61
2588 62
3615 63
301 64
7640 65
8958 66
7578 67
6344 68
4842 69
1995 70
6222 71
2293 72
7189 73
1078 74
3688 75
7670 76
1763 77
7624 78
7335 79
81 80
8476 81
6346 82
6478 83
5713 84
2261 85
8415 86
2156 87
5795 88
937 89
6123 90
6804 91
4209 92
2179 93
3194 94
9251 95
5172 96
6484 97
5947 98
4316 99
4822 100
8093 101
4400 102
7767 103
8328 104
5939 105
8757 106
4588 107
2624 108
2310 109
3840 110
7274 111
3478 112
4165 113
8179 114
6279 115
7087 116
4266 117
9172 118
7461 119
5965 120
6523 121
1336 122
7686 123
3739 124
4869 125
7355 126
18 127
8626 128
2170 129
6557 130
362 131
5460 132
3427 133
1629 134
3245 135
3944 136
4246 137
1395 138
3125 139
6359 140
6343 141
4852 142
3320 143
4111 144
4777 145
5071 146
31 147
2276 148
3934 149
4178 150
2133 151
5109 152
3106 153
12 154
9041 155
9201 156
7072 157
1085 158
4432 159
83 160
8973 161
6624 162
9927 163
8925 164
5128 165
5256 166
1476 167
1886 168
8876 169
686 170
6106 171
1489 172
6330 173
2115 174
3331 175
8842 176
8093 177
9132 178
2413 179
3224 180
137 181
5738 182
5810 183
3372 184
4906 185
4807 186
9424 187
9823 188
9640 189
2377 190
9007 191
9209 192
9732 193
8205 194
4154 195
8066 196
5859 197
8029 198
8573 199
5394 200
8331 201
9507 202
8835 203
5857 204
2731 205
2114 206
8562 207
7817 208
1393 209
8338 210
752 211
3059 212
3395 213
1247 214
1296 215
1194 216
3593 217
8727 218
7429 219
907 220
7906 221
4389 222
8022 223
657 224
6387 225
5373 226
6567 227
1962 228
9027 229
9224 230
2670 231
4585 232
4314 233
8923 234
7543 235
4033 236
2529 237
8671 238
1715 239
8983 240
7545 241
7509 242
8905 243
5170 244
3052 245
5467 246
6726 247
8008 248
6964 249
5547 250
2774 251
2123 252
1091 253
6438 254
1092 255
3041 256
1362 257
89 258
744 259
3159 260
1638 261
4538 262
9281 263
7064 264
1409 265
1821 266
6373 267
3810 268
5054 269
9860 270
6859 271
5415 272
8137 273
5009 274
1715 275
9588 276
9802 277
1824 278
2304 279
5163 280
9695 281
6651 282
2219 283
4445 284
6778 285
9151 286
6110 287
7121 288
4809 289
8473 290
3109 291
1735 292
1309 293
1332 294
1161 295
716 296
5460 297
6057 298
9972 299
7832 300
4557 301
7765 302
1787 303
9913 304
8846 305
5444 306
4282 307
8396 308
534 309
5338 310
1377 311
8118 312
8494 313
4052 314
2559 315
2519 316
682 317
9509 318
5145 319
5525 320
2589 321
1378 322
4497 323
1900 324
977 325
3723 326
7813 327
1047 328
6615 329
310 330
2184 331
5373 332
8873 333
7758 334
6071 335
4923 336
1002 337
3665 338
3527 339
302 340
2827 341
9767 342
2963 343
1696 344
8436 345
8026 346
9089 347
9999 348
1281 349
8019 350
313 351
9968 352
8175 353
7957 354
4968 355
1734 356
2155 357
2949 358
2800 359
5644 360
9299 361
2941 362
1068 363
6499 364
8523 365
6884 366
4287 367
1271 368
454 369
5713 370
9550 371
9179 372
5872 373
4475 374
2283 375
6051 376
7110 377
805 378
7358 379
3877 380
4121 381
1619 382
7881 383
2505 384
1186 385
1809 386
3408 387
1379 388
3798 389
8270 390
1193 391
45 392
8574 393
277 394
297 395
9847 396
8086 397
5872 398
3743 399
4853 400
8765 401
7961 402
2026 403
3108 404
9116 405
1150 406
8508 407
4649 408
2406 409
5556 410
973 411
6229 412
2803 413
2222 414
6961 415
4961 416
7862 417
2503 418
937 419
4954 420
7718 421
748 422
6962 423
5214 424
128 425
3930 426
88 427
988 428
5650 429
4254 430
6626 431
4640 432
4271 433
173 434
1108 435
3758 436
3597 437
2229 438
6501 439
2489 440
5915 441
1819 442
5697 443
7435 444
5932 445
5606 446
3324 447
4872 448
8971 449
61 450
7814 451
5772 452
1327 453
4111 454
3820 455
5082 456
1840 457
2021 458
8688 459
1913 460
5025 461
1960 462
3999 463
6801 464
9890 465
7147 466
9414 467
4318 468
1616 469
7943 470
890 471
3664 472
9806 473
5072 474
5656 475
9980 476
9369 477
4614 478
1791 479
8378 480
4449 481
5542 482
8312 483
9020 484
1176 485
4460 486
2721 487
417 488
6920 489
1914 490
375 491
3154 492
6850 493
6539 494
7754 495
2674 496
8608 497
8498 498
5956 499
4947 500
316 501
3653 502
971 503
4254 504
3008 505
8641 506
3103 507
5069 508
7467 509
4659 510
931 511
7009 512
44 513
4420 514
689 515
3212 516
1391 517
3777 518
9505 519
4335 520
5715 521
3386 522
565 523
5652 524
3767 525
4633 526
2326 527
6497 528
9019 529
1635 530
3925 531
9619 532
4318 533
6397 534
4355 535
1961 536
627 537
7243 538
1896 539
2183 540
6803 541
9157 542
6327 543
1423 544
4198 545
2234 546
4755 547
2681 548
461 549
8891 550
2067 551
6234 552
6278 553
4260 554
3149 555
9837 556
4942 557
3686 558
5104 559
8253 560
2819 561
4792 562
217 563
8039 564
6868 565
1254 566
4487 567
297 568
6308 569
7905 570
1750 571
1149 572
629 573
4132 574
2378 575
2980 576
5570 577
5230 578
7974 579
3916 580
2828 581
1147 582
9447 583
2695 584
9452 585
979 586
4768 587
7791 588
2884 589
477 590
2930 591
9350 592
8399 593
8872 594
9266 595
6997 596
1610 597
9415 598
7058 599
9278 600
1002 601
1165 602
2921 603
6470 604
9378 605
4284 606
1627 607
3967 608
7199 609
1067 610
4899 611
2267 612
3053 613
7577 614
1640 615
139 616
7909 617
9060 618
4886 619
7459 620
2824 621
1585 622
2680 623
2977 624
9254 625
4367 626
7228 627
5697 628
8762 629
9162 630
723 631
3498 632
5694 633
1500 634
4706 635
2789 636
567 637
8649 638
8229 639
9114 640
4699 641
961 642
4117 643
4478 644
5959 645
7871 646
8813 647
172 648
85 649
509 650
1269 651
5760 652
725 653
6301 654
7867 655
9977 656
2763 657
6747 658
5185 659
3062 660
4633 661
7558 662
9419 663
7423 664
6802 665
4395 666
3659 667
800 668
4738 669
6661 670
9144 671
5976 672
5150 673
910 674
3783 675
5481 676
498 677
7235 678
8360 679
1884 680
3591 681
6000 682
4573 683
363 684
6896 685
9795 686
4633 687
2059 688
9839 689
2224 690
7994 691
3688 692
7492 693
4216 694
6968 695
4953 696
957 697
1663 698
6431 699
6776 700
1427 701
513 702
6052 703
4758 704
7906 705
2429 706
6142 707
7323 708
5754 709
4907 710
7576 711
4996 712
14 713
8903 714
9576 715
2560 716
8837 717
4549 718
7805 719
5329 720
6596 721
6427 722
8733 723
9000 724
7803 725
2226 726
222 727
4786 728
7132 729
2765 730
5679 731
6232 732
3934 733
8200 734
1233 735
3337 736
1279 737
60 738
9928 739
9143 740
559 741
4967 742
1894 743
7527 744
3913 745
4260 746
8901 747
6154 748
7576 749
9664 750
6929 751
3315 752
6088 753
9848 754
3066 755
3574 756
7143 757
1723 758
2037 759
4413 760
6692 761
8872 762
7636 763
7378 764
6709 765
2537 766
9757 767
4007 768
6988 769
4831 770
8238 771
3336 772
3346 773
3907 774
2557 775
7769 776
6194 777
7882 778
9938 779
355 780
7718 781
7746 782
4371 783
4353 784
550 785
6384 786
9711 787
412 788
3511 789
5918 790
6086 791
6678 792
4282 793
9292 794
5151 795
9848 796
6221 797
3106 798
2303 799
541 800
2127 801
7163 802
2118 803
84 804
2609 805
8604 806
3385 807
8894 808
418 809
4784 810
9241 811
3497 812
4402 813
3957 814
2217 815
1578 816
5072 817
9950 818
6901 819
9136 820
7838 821
1545 822
277 823
5984 824
1374 825
7281 826
3780 827
4634 828
5070 829
6856 830
4733 831
2520 832
9801 833
1294 834
9649 835
7252 836
6313 837
5547 838
6306 839
5661 840
9479 841
5642 842
7865 843
3380 844
1788 845
5968 846
6632 847
8968 848
5346 849
6307 850
2751 851
3981 852
1764 853
5413 854
218 855
7832 856
3335 857
9657 858
7830 859
791 860
6721 861
9 862
926 863
1711 864
9701 865
8037 866
2443 867
5954 868
2238 869
3299 870
7024 871
7016 872
4289 873
9610 874
759 875
9949 876
1034 877
6816 878
2714 879
9607 880
2249 881
8982 882
3025 883
6580 884
1235 885
4495 886
8062 887
6584 888
5936 889
1511 890
4912 891
8841 892
5041 893
2235 894
9505 895
6202 896
9474 897
4581 898
9843 899
6371 900
328 901
3443 902
8457 903
3050 904
4365 905
6280 906
9038 907
2082 908
6110 909
8990 910
1972 911
575 912
6384 913
4446 914
631 915
3621 916
5204 917
9647 918
6645 919
1533 920
7727 921
7664 922
1249 923
9957 924
2501 925
4041 926
2048 927
8528 928
8399 929
3991 930
1058 931
8366 932
8032 933
5031 934
8487 935
7714 936
1686 937
2591 938
7829 939
8259 940
6310 941
1676 942
4929 943
7964 944
3982 945
4146 946
8002 947
6029 948
9675 949
2545 950
3982 951
9670 952
9685 953
7525 954
9546 955
5686 956
9645 957
6864 958
9994 959
7493 960
8014 961
6216 962
1351 963
3485 964
5971 965
467 966
393 967
5192 968
9286 969
1501 970
6112 971
9768 972
3134 973
1434 974
2784 975
1439 976
3616 977
5934 978
40 979
8808 980
1967 981
2540 982
2541 983
3229 984
600 985
1837 986
8811 987
8917 988
3686 989
6809 990
118 991
652 992
8411 993
2839 994
136 995
4071 996
1483 997
9737 998
208 999
