1400 1450
3426 0
2345 1
7225 2
7893 3
2215 4
1984 5
9519 6
11400 7
9464 8
10903 9
8516 10
1633 11
9715 12
8699 13
2708 14
5639 15
6138 16
1289 17
6959 18
10794 19
7732 20
6487 21
10673 22
5759 23
9386 24
10257 25
12078 26
1784 27
12817 28
5409 29
9816 30
75 31
6644 32
7180 33
9942 34
10681 35
1973 36
6010 37
10633 38
13466 39
13717 40
10120 41
3634 42
11541 43
9965 44
13214 45
9919 46
7621 47
4167 48
5287 49
11084 50
582 51
7894 52
10920 53
3639 54
12066 55
1810 56
17 57
324 58
286 59
12987 60
9096 61
11231 62
1837 63
7167 64
9750 65
12547 66
6020 67
3773 68
4538 69
6150 70
2651 71
3367 72
6781 73
8909 74
18 75
1757 76
10617 77
12936 78
11997 79
5169 80
9819 81
3606 82
13771 83
2813 84
11261 85
10967 86
6511 87
7927 88
1774 89
9449 90
13303 91
5763 92
4876 93
1599 94
11301 95
13902 96
9715 97
13111 98
10921 99
5476 100
11002 101
9216 102
3917 103
3221 104
10933 105
8255 106
7441 107
2420 108
837 109
3891 110
9277 111
5956 112
8510 113
11605 114
11703 115
4154 116
6812 117
8468 118
13440 119
5331 120
4821 121
8384 122
9637 123
4870 124
12659 125
10859 126
11533 127
7992 128
9819 129
2497 130
1755 131
694 132
12533 133
704 134
3492 135
5205 136
3561 137
168 138
9969 139
9987 140
2967 141
938 142
3261 143
9671 144
8217 145
4837 146
10078 147
5600 148
9149 149
12293 150
13736 151
5041 152
5004 153
4784 154
12061 155
5776 156
7873 157
10228 158
555 159
13588 160
7521 161
12562 162
7466 163
2489 164
3750 165
5541 166
6116 167
6188 168
11871 169
3077 170
3156 171
9660 172
4390 173
3524 174
7282 175
9745 176
2356 177
2593 178
9018 179
4232 180
3666 181
2440 182
6175 183
8572 184
506 185
10220 186
4877 187
8320 188
5360 189
3365 190
3035 191
10965 192
3284 193
4114 194
2569 195
891 196
12508 197
2933 198
828 199
196 200
2415 201
10159 202
8349 203
4513 204
10897 205
446 206
8175 207
12467 208
8618 209
2806 210
2061 211
11196 212
6666 213
6708 214
9657 215
4984 216
1172 217
12733 218
11198 219
5994 220
10859 221
4674 222
5755 223
10850 224
1780 225
13820 226
12004 227
5570 228
11292 229
11142 230
6509 231
9552 232
9822 233
7622 234
10692 235
5731 236
10753 237
5042 238
5755 239
5912 240
4068 241
11009 242
11407 243
3924 244
8058 245
171 246
6483 247
8604 248
5460 249
5305 250
762 251
12779 252
8058 253
13028 254
9262 255
3863 256
4400 257
7747 258
8231 259
5789 260
12408 261
7822 262
8108 263
2650 264
6227 265
7303 266
11955 267
11722 268
3850 269
1873 270
9145 271
5105 272
5307 273
11295 274
6967 275
12211 276
12354 277
11865 278
7749 279
2080 280
10395 281
7554 282
1381 283
2832 284
12082 285
1923 286
5220 287
6401 288
10632 289
2165 290
4477 291
8685 292
13614 293
5941 294
5481 295
9475 296
8901 297
9938 298
12588 299
2240 300
4050 301
9689 302
6576 303
2613 304
13148 305
6889 306
12203 307
6571 308
11821 309
13361 310
2660 311
11203 312
10410 313
8266 314
2523 315
3023 316
1070 317
7698 318
2822 319
916 320
12187 321
3402 322
2814 323
13704 324
10172 325
8298 326
8147 327
1455 328
759 329
10378 330
7133 331
9639 332
11741 333
228 334
12189 335
4136 336
5695 337
4860 338
5354 339
6379 340
12464 341
13326 342
3317 343
11557 344
11837 345
1982 346
4737 347
1106 348
133 349
6819 350
1864 351
3292 352
10381 353
13060 354
4863 355
784 356
582 357
1619 358
11547 359
3065 360
5701 361
12832 362
3791 363
6917 364
13273 365
6653 366
13834 367
7493 368
7683 369
1938 370
6686 371
7960 372
2930 373
2281 374
7466 375
12690 376
9353 377
6532 378
7931 379
936 380
10021 381
10158 382
12550 383
9227 384
13615 385
2713 386
5805 387
921 388
7523 389
10253 390
13099 391
9977 392
8629 393
12430 394
3138 395
4862 396
3787 397
2915 398
7689 399
6256 400
10038 401
4206 402
12358 403
797 404
1845 405
8162 406
25 407
5908 408
9300 409
10205 410
10742 411
9077 412
345 413
8692 414
6002 415
1014 416
12418 417
6614 418
10635 419
5044 420
8678 421
5222 422
4850 423
4888 424
6645 425
3761 426
8920 427
3961 428
7198 429
2659 430
8823 431
4202 432
2006 433
7410 434
13855 435
8232 436
7146 437
6145 438
10679 439
7372 440
5633 441
1521 442
9132 443
2421 444
2708 445
198 446
6881 447
13148 448
10273 449
1572 450
546 451
11136 452
12968 453
9378 454
10344 455
11778 456
11865 457
7491 458
8731 459
8755 460
2059 461
11480 462
473 463
7493 464
6641 465
7092 466
4551 467
2429 468
10215 469
7245 470
2502 471
11309 472
4346 473
1491 474
10539 475
12908 476
12964 477
5435 478
7762 479
11575 480
11690 481
10180 482
8720 483
11380 484
456 485
11194 486
8303 487
1313 488
213 489
12525 490
5718 491
7644 492
11839 493
1645 494
7167 495
3917 496
9412 497
7211 498
13570 499
9912 500
3620 501
6134 502
11554 503
7210 504
7601 505
2317 506
11065 507
4977 508
480 509
2244 510
5780 511
4478 512
13924 513
11460 514
6016 515
7582 516
1265 517
9949 518
1661 519
11724 520
8321 521
11860 522
3656 523
2953 524
8226 525
12278 526
12342 527
3624 528
9046 529
8769 530
11150 531
943 532
3589 533
11516 534
3841 535
7060 536
79 537
11050 538
9635 539
11961 540
7513 541
164 542
6347 543
13250 544
13880 545
7057 546
10479 547
13285 548
12987 549
10482 550
11621 551
8486 552
11872 553
2202 554
5527 555
13871 556
2856 557
8593 558
4760 559
4299 560
440 561
1649 562
11654 563
13689 564
2094 565
13091 566
1145 567
2341 568
8982 569
9273 570
13594 571
1009 572
10207 573
6049 574
13463 575
5603 576
10593 577
997 578
8472 579
819 580
13162 581
5994 582
13332 583
7377 584
10056 585
12148 586
12779 587
12915 588
10763 589
559 590
3228 591
908 592
8970 593
2741 594
10019 595
13938 596
677 597
4374 598
950 599
1678 600
9840 601
9738 602
7490 603
11921 604
13999 605
4256 606
10202 607
9938 608
10860 609
872 610
12209 611
4447 612
13636 613
834 614
8561 615
13694 616
8257 617
6608 618
8198 619
5289 620
13431 621
13734 622
9411 623
2986 624
1964 625
6720 626
563 627
1206 628
1087 629
1049 630
1795 631
12076 632
12164 633
13635 634
5246 635
2004 636
6478 637
12619 638
9686 639
11282 640
6865 641
10122 642
6746 643
12480 644
5271 645
13568 646
10407 647
4761 648
13602 649
4730 650
5896 651
13799 652
12219 653
6739 654
11703 655
6115 656
3426 657
12526 658
4447 659
5522 660
7101 661
10929 662
5143 663
7706 664
5461 665
11467 666
11627 667
7984 668
7814 669
2326 670
13941 671
5824 672
9678 673
10150 674
13581 675
1741 676
6325 677
1701 678
966 679
11581 680
1602 681
10057 682
1964 683
7508 684
6437 685
3774 686
2172 687
547 688
9829 689
12429 690
11283 691
10502 692
2398 693
9810 694
2314 695
11449 696
557 697
13985 698
4937 699
9904 700
5359 701
4716 702
13080 703
360 704
5465 705
13887 706
7019 707
1652 708
5396 709
4155 710
12257 711
10794 712
6778 713
11152 714
4867 715
2464 716
12106 717
8589 718
2201 719
868 720
8690 721
2559 722
11953 723
2115 724
12081 725
3713 726
1340 727
10630 728
1711 729
8071 730
1004 731
6451 732
10904 733
12596 734
2432 735
1873 736
8185 737
3433 738
7895 739
7824 740
1294 741
10303 742
5311 743
12247 744
5725 745
10351 746
604 747
1273 748
9778 749
6055 750
1994 751
1375 752
10617 753
5520 754
4226 755
2488 756
9461 757
1023 758
3329 759
8528 760
9060 761
11289 762
7804 763
12727 764
10209 765
10776 766
6378 767
13687 768
9917 769
288 770
12532 771
13268 772
12141 773
13104 774
5479 775
1874 776
9214 777
2582 778
2396 779
10083 780
8649 781
3930 782
5394 783
8369 784
8174 785
2516 786
4319 787
5235 788
5337 789
707 790
6369 791
2923 792
5270 793
4361 794
10640 795
7620 796
4679 797
1889 798
7747 799
5431 800
13849 801
12885 802
13168 803
2474 804
12429 805
2314 806
153 807
612 808
10666 809
12873 810
1615 811
3751 812
3195 813
2128 814
9453 815
11859 816
3395 817
2600 818
394 819
6136 820
5394 821
10718 822
6799 823
7430 824
10437 825
2126 826
13396 827
6594 828
82 829
11600 830
6775 831
9749 832
8165 833
12749 834
9527 835
7693 836
6942 837
5091 838
9034 839
11563 840
7158 841
11340 842
5791 843
1104 844
8813 845
1861 846
12333 847
7733 848
3853 849
11308 850
11761 851
7161 852
1792 853
390 854
1288 855
4702 856
4283 857
6923 858
2543 859
13529 860
11847 861
6409 862
5935 863
1899 864
4925 865
100 866
4593 867
4197 868
13432 869
4615 870
13229 871
6235 872
222 873
2706 874
9926 875
41 876
403 877
4773 878
12228 879
13092 880
5575 881
6627 882
11583 883
5779 884
9493 885
7138 886
10026 887
2435 888
9932 889
12806 890
10273 891
11763 892
13416 893
4299 894
783 895
5397 896
4156 897
1145 898
3770 899
12757 900
8173 901
6576 902
843 903
5030 904
5859 905
8769 906
7144 907
13124 908
13666 909
765 910
2518 911
10996 912
11541 913
10605 914
12259 915
7365 916
9823 917
10872 918
13685 919
10599 920
13855 921
3407 922
9178 923
11430 924
5720 925
3605 926
11259 927
7454 928
13945 929
2912 930
13449 931
12955 932
4012 933
13406 934
9630 935
13800 936
8407 937
10792 938
225 939
2403 940
12168 941
13123 942
12433 943
9382 944
1711 945
261 946
1901 947
11212 948
9719 949
2738 950
12789 951
1047 952
5241 953
10242 954
5798 955
7203 956
9510 957
4278 958
4154 959
13479 960
11922 961
10398 962
1455 963
1092 964
2242 965
11758 966
1238 967
6616 968
13179 969
12655 970
6742 971
10286 972
6042 973
6763 974
12827 975
11463 976
2552 977
11507 978
11496 979
2844 980
10829 981
10359 982
9243 983
11104 984
3380 985
10856 986
6465 987
6399 988
3978 989
1464 990
13992 991
9704 992
4766 993
4985 994
551 995
5188 996
11944 997
2855 998
6065 999
7768 1000
11061 1001
5593 1002
7532 1003
1743 1004
10567 1005
537 1006
7210 1007
6294 1008
2780 1009
7770 1010
3683 1011
13857 1012
4218 1013
11448 1014
164 1015
9385 1016
2423 1017
243 1018
7862 1019
8960 1020
10740 1021
3186 1022
13745 1023
12788 1024
6191 1025
8575 1026
3069 1027
4525 1028
935 1029
13554 1030
7858 1031
2925 1032
3062 1033
5857 1034
5177 1035
10549 1036
6232 1037
8710 1038
10983 1039
1637 1040
11016 1041
12365 1042
5268 1043
11564 1044
5172 1045
7774 1046
7450 1047
6487 1048
271 1049
9392 1050
3667 1051
5950 1052
6305 1053
5034 1054
9 1055
2106 1056
712 1057
6703 1058
8316 1059
6186 1060
8263 1061
6125 1062
2592 1063
2789 1064
12914 1065
7694 1066
8820 1067
9938 1068
11918 1069
2427 1070
12018 1071
9680 1072
12341 1073
2413 1074
12686 1075
3031 1076
6420 1077
3886 1078
13581 1079
1493 1080
9628 1081
2268 1082
11012 1083
10689 1084
1671 1085
11977 1086
7321 1087
8682 1088
2203 1089
9279 1090
13174 1091
10760 1092
2546 1093
7013 1094
10883 1095
7576 1096
9596 1097
2110 1098
10303 1099
3158 1100
10300 1101
2732 1102
6572 1103
11041 1104
9610 1105
2272 1106
4340 1107
4047 1108
4717 1109
2132 1110
8012 1111
2772 1112
7881 1113
4905 1114
5668 1115
6091 1116
5912 1117
5977 1118
6555 1119
11990 1120
4966 1121
13592 1122
4445 1123
6535 1124
8597 1125
7554 1126
12258 1127
10839 1128
5049 1129
1044 1130
3503 1131
7060 1132
3090 1133
4706 1134
9339 1135
13298 1136
8105 1137
8509 1138
13004 1139
976 1140
13622 1141
340 1142
5919 1143
13603 1144
9786 1145
11603 1146
2393 1147
11199 1148
13885 1149
9269 1150
12343 1151
5909 1152
4345 1153
2776 1154
11124 1155
3959 1156
10773 1157
6446 1158
1219 1159
5330 1160
10528 1161
7571 1162
2786 1163
7729 1164
3890 1165
12260 1166
2793 1167
1869 1168
6893 1169
11308 1170
6155 1171
851 1172
3634 1173
10677 1174
1924 1175
8754 1176
5576 1177
10286 1178
4315 1179
8317 1180
13753 1181
9150 1182
12197 1183
5260 1184
13905 1185
4195 1186
11364 1187
10039 1188
6035 1189
8237 1190
8648 1191
13621 1192
5959 1193
6599 1194
9537 1195
13317 1196
5412 1197
2351 1198
7089 1199
2973 1200
7578 1201
7488 1202
4367 1203
12395 1204
6910 1205
1367 1206
2036 1207
11766 1208
868 1209
13980 1210
647 1211
9554 1212
4349 1213
9853 1214
12664 1215
8291 1216
8114 1217
615 1218
11171 1219
3188 1220
9259 1221
2790 1222
5958 1223
1034 1224
13708 1225
4715 1226
3274 1227
1860 1228
10983 1229
6201 1230
2033 1231
9542 1232
7343 1233
2016 1234
9701 1235
4057 1236
11494 1237
13983 1238
3437 1239
13858 1240
5740 1241
421 1242
5153 1243
12369 1244
10955 1245
13351 1246
12515 1247
6582 1248
12805 1249
11766 1250
3988 1251
11783 1252
4355 1253
8235 1254
8176 1255
3753 1256
8898 1257
4335 1258
13774 1259
11848 1260
1735 1261
2093 1262
4507 1263
13078 1264
6120 1265
523 1266
115 1267
1598 1268
284 1269
4711 1270
5920 1271
1105 1272
8615 1273
452 1274
8134 1275
8905 1276
9122 1277
3924 1278
11832 1279
3918 1280
7751 1281
6349 1282
10832 1283
9832 1284
636 1285
3676 1286
7190 1287
12933 1288
11481 1289
11684 1290
7660 1291
4314 1292
9572 1293
1234 1294
4655 1295
5216 1296
13363 1297
5067 1298
67 1299
1601 1300
1413 1301
10392 1302
3868 1303
11264 1304
9313 1305
7392 1306
12610 1307
6919 1308
12772 1309
7440 1310
13532 1311
2172 1312
9796 1313
2127 1314
5285 1315
5781 1316
236 1317
12696 1318
1346 1319
6562 1320
4575 1321
7672 1322
501 1323
11098 1324
12398 1325
4106 1326
9865 1327
1872 1328
1837 1329
2586 1330
7163 1331
10817 1332
4893 1333
9237 1334
4902 1335
10399 1336
9632 1337
2257 1338
5895 1339
3285 1340
7168 1341
7598 1342
840 1343
1813 1344
10757 1345
4427 1346
759 1347
8838 1348
11427 1349
12349 1350
4754 1351
7156 1352
5557 1353
5002 1354
8349 1355
1563 1356
6946 1357
8450 1358
12805 1359
6404 1360
2589 1361
5058 1362
9549 1363
5528 1364
998 1365
11748 1366
7704 1367
9149 1368
2318 1369
841 1370
7439 1371
13758 1372
10444 1373
4867 1374
5054 1375
5746 1376
13868 1377
11935 1378
5929 1379
11718 1380
7186 1381
2029 1382
10527 1383
10584 1384
1737 1385
11043 1386
1491 1387
6948 1388
5690 1389
9887 1390
6962 1391
6843 1392
10039 1393
1485 1394
7810 1395
9452 1396
12857 1397
11099 1398
12609 1399
