1550 550
13021 0
4611 1
1189 2
11532 3
9479 4
2619 5
14866 6
12676 7
10298 8
3751 9
5811 10
3093 11
3674 12
4886 13
8805 14
7146 15
8847 16
8150 17
9490 18
5694 19
6322 20
3771 21
2402 22
7789 23
13868 24
10274 25
12165 26
9669 27
5573 28
3565 29
4214 30
12924 31
9955 32
12382 33
14391 34
8475 35
6439 36
6976 37
1788 38
14218 39
2598 40
4224 41
10855 42
3385 43
5617 44
12350 45
12915 46
1995 47
3460 48
1364 49
13913 50
2681 51
3889 52
872 53
12476 54
3375 55
5375 56
8562 57
9618 58
791 59
5733 60
1744 61
9347 62
6608 63
161 64
2666 65
2752 66
10818 67
13747 68
2098 69
14686 70
8443 71
10369 72
12135 73
6343 74
9438 75
10264 76
12111 77
15028 78
9383 79
15306 80
879 81
2649 82
1700 83
9952 84
9515 85
1043 86
7722 87
4481 88
8183 89
7477 90
8957 91
14965 92
14031 93
13771 94
6834 95
1832 96
6487 97
15479 98
7003 99
14596 100
12198 101
6692 102
10966 103
3489 104
9040 105
14175 106
10537 107
5668 108
13284 109
635 110
2191 111
11721 112
3858 113
10468 114
13317 115
10300 116
11160 117
7186 118
9699 119
11462 120
4468 121
2393 122
13158 123
3948 124
4728 125
7841 126
2385 127
8168 128
8614 129
7597 130
2324 131
5521 132
2827 133
10439 134
1400 135
14799 136
5259 137
15102 138
10924 139
11620 140
12519 141
5777 142
13150 143
4552 144
4059 145
10673 146
14586 147
11571 148
4332 149
12619 150
3530 151
11106 152
5497 153
10970 154
6398 155
9861 156
11850 157
6537 158
2237 159
13223 160
11427 161
11821 162
6857 163
9676 164
5329 165
1834 166
455 167
14060 168
3072 169
8244 170
3551 171
810 172
2354 173
6482 174
14009 175
13524 176
12997 177
1007 178
3027 179
15027 180
2824 181
3876 182
10162 183
10590 184
14768 185
1185 186
5040 187
9913 188
4888 189
2601 190
3361 191
8133 192
1589 193
824 194
1214 195
6261 196
9090 197
12598 198
4472 199
13860 200
9538 201
6369 202
10689 203
15385 204
6524 205
14158 206
10741 207
1407 208
11201 209
11067 210
12743 211
3256 212
13171 213
692 214
9393 215
11083 216
9161 217
11282 218
3777 219
5396 220
14675 221
6938 222
3957 223
3975 224
6662 225
7007 226
1525 227
4795 228
5886 229
13875 230
2047 231
14036 232
8443 233
7676 234
6152 235
4071 236
9236 237
10541 238
12722 239
3225 240
5540 241
15235 242
13805 243
2142 244
290 245
5138 246
12837 247
11342 248
5058 249
7594 250
8856 251
7141 252
6827 253
6285 254
6593 255
1287 256
12786 257
4860 258
6931 259
4500 260
14053 261
7917 262
5496 263
3710 264
3652 265
7642 266
7313 267
5680 268
13387 269
11857 270
1729 271
5966 272
4782 273
5880 274
210 275
15 276
1312 277
6265 278
10965 279
1379 280
1323 281
2459 282
546 283
1776 284
9232 285
3853 286
12014 287
7974 288
6303 289
3663 290
3612 291
11886 292
12175 293
1193 294
12806 295
6722 296
6000 297
1170 298
14503 299
438 300
1243 301
10336 302
3968 303
5125 304
4085 305
3478 306
1171 307
5677 308
10558 309
4871 310
10083 311
2254 312
2775 313
8 314
8743 315
10664 316
6261 317
10437 318
8832 319
2140 320
11730 321
8068 322
342 323
2067 324
12498 325
804 326
1172 327
14308 328
6448 329
6093 330
13519 331
5348 332
10972 333
3168 334
10222 335
6951 336
463 337
1095 338
349 339
14277 340
2917 341
10166 342
9444 343
3426 344
5123 345
14885 346
14885 347
10334 348
12257 349
5883 350
7466 351
7806 352
15242 353
8942 354
2197 355
13629 356
5420 357
10536 358
13582 359
90 360
11664 361
7132 362
15120 363
5858 364
11528 365
858 366
7257 367
5018 368
10636 369
12636 370
3256 371
4034 372
2096 373
5907 374
3460 375
3909 376
13506 377
4537 378
6582 379
8195 380
12617 381
3904 382
1782 383
4341 384
2659 385
2356 386
3047 387
42 388
1065 389
15030 390
745 391
785 392
6101 393
4830 394
12990 395
9430 396
2629 397
7313 398
9060 399
13762 400
4556 401
8520 402
1826 403
9071 404
3645 405
2180 406
7832 407
8920 408
2872 409
8114 410
14135 411
8510 412
13795 413
3501 414
3308 415
10384 416
4011 417
9815 418
98 419
6861 420
11458 421
4315 422
11206 423
9274 424
13609 425
1193 426
10256 427
6043 428
4027 429
2974 430
3881 431
3706 432
13426 433
4210 434
11059 435
9997 436
7456 437
751 438
5393 439
10036 440
4773 441
3411 442
1463 443
10027 444
10814 445
11832 446
3307 447
12199 448
6873 449
12071 450
8828 451
7039 452
3527 453
2718 454
2019 455
1226 456
10976 457
7294 458
7566 459
9841 460
12282 461
3490 462
8413 463
1510 464
1876 465
14475 466
960 467
11771 468
340 469
4035 470
378 471
7095 472
7423 473
2582 474
3503 475
5101 476
5625 477
12942 478
753 479
3217 480
9705 481
3111 482
8422 483
3519 484
7805 485
5268 486
13968 487
3684 488
9745 489
6751 490
7540 491
10373 492
730 493
6576 494
3374 495
10994 496
8692 497
4705 498
5043 499
9010 500
4516 501
9881 502
4202 503
1911 504
6778 505
6451 506
8669 507
10498 508
15419 509
6419 510
8887 511
2429 512
4133 513
3212 514
7967 515
1592 516
2726 517
5577 518
6582 519
11922 520
4033 521
15296 522
6009 523
5056 524
14546 525
6496 526
6277 527
12853 528
430 529
6366 530
12215 531
13196 532
11177 533
15349 534
10884 535
11126 536
568 537
8878 538
182 539
14846 540
5257 541
3850 542
11860 543
12952 544
12312 545
12875 546
3701 547
13943 548
12440 549
8566 550
11463 551
8801 552
651 553
15051 554
12025 555
12509 556
11803 557
12148 558
8224 559
3715 560
2114 561
5976 562
740 563
4703 564
2764 565
4591 566
1871 567
4386 568
6396 569
11380 570
2342 571
14206 572
7435 573
13120 574
1163 575
14552 576
2375 577
1060 578
3632 579
6175 580
6615 581
4075 582
2078 583
14955 584
522 585
7303 586
2013 587
2609 588
3479 589
10546 590
12276 591
11393 592
10016 593
8387 594
7072 595
12068 596
3972 597
3089 598
3276 599
9667 600
8820 601
2763 602
7 603
151 604
6611 605
4713 606
1181 607
3229 608
13235 609
7701 610
11834 611
12865 612
1896 613
9496 614
3258 615
12590 616
6089 617
2887 618
6653 619
4766 620
13382 621
8900 622
275 623
11532 624
11675 625
11110 626
3774 627
981 628
5260 629
8705 630
13674 631
5066 632
6429 633
7661 634
4721 635
2630 636
14096 637
8368 638
6334 639
10313 640
10775 641
13079 642
13240 643
2739 644
7984 645
13316 646
15042 647
4538 648
5172 649
5645 650
10243 651
5361 652
15007 653
4680 654
9068 655
6280 656
8097 657
10921 658
1341 659
2527 660
1867 661
799 662
10458 663
5805 664
13708 665
5585 666
5870 667
4112 668
4496 669
4756 670
9141 671
4652 672
2177 673
4598 674
8450 675
12121 676
9269 677
9610 678
11003 679
10231 680
4888 681
10294 682
11280 683
3075 684
1212 685
11717 686
14398 687
1144 688
5106 689
15360 690
12058 691
5620 692
2165 693
11301 694
5272 695
14202 696
566 697
11444 698
9680 699
8647 700
5515 701
12626 702
13664 703
13947 704
13561 705
10736 706
12578 707
5585 708
4766 709
11870 710
3756 711
11633 712
6389 713
7180 714
2001 715
3668 716
4539 717
11072 718
14796 719
6970 720
13593 721
5166 722
1959 723
12412 724
3518 725
3399 726
1887 727
2354 728
14462 729
9842 730
6061 731
6280 732
10490 733
12161 734
11482 735
7457 736
4394 737
7783 738
3202 739
13034 740
9502 741
11842 742
5598 743
5072 744
15002 745
7436 746
8553 747
801 748
15383 749
14334 750
1529 751
14039 752
3046 753
1189 754
5420 755
12614 756
8173 757
9844 758
6039 759
10666 760
12222 761
2715 762
13727 763
2948 764
13298 765
2945 766
10575 767
13859 768
7220 769
4915 770
743 771
14296 772
14286 773
9721 774
5364 775
9103 776
13627 777
7223 778
858 779
6149 780
15487 781
5747 782
8646 783
14174 784
12703 785
1415 786
14786 787
1353 788
13841 789
13319 790
12066 791
10328 792
7124 793
10045 794
4187 795
13112 796
681 797
9381 798
10203 799
1770 800
14505 801
14195 802
8221 803
14320 804
8139 805
975 806
5739 807
4341 808
12263 809
12907 810
7016 811
13819 812
2687 813
1357 814
9038 815
2138 816
2547 817
6141 818
7188 819
4847 820
537 821
4744 822
2596 823
3021 824
5480 825
1884 826
12057 827
5839 828
8043 829
7804 830
4004 831
12354 832
3652 833
13037 834
8449 835
9696 836
8957 837
4114 838
4777 839
7407 840
12651 841
3253 842
10433 843
10211 844
12817 845
15228 846
1735 847
10377 848
6982 849
8659 850
3630 851
9610 852
7618 853
9073 854
11774 855
634 856
8654 857
10788 858
8519 859
14376 860
5414 861
12447 862
138 863
5931 864
14864 865
12061 866
3845 867
7463 868
10615 869
9933 870
6479 871
7438 872
11091 873
11251 874
6425 875
2240 876
2167 877
416 878
14821 879
957 880
9621 881
279 882
4735 883
14120 884
2898 885
10087 886
12526 887
13993 888
10647 889
368 890
11719 891
14693 892
1478 893
10414 894
9269 895
4298 896
6803 897
7065 898
4803 899
369 900
489 901
146 902
6036 903
5752 904
11895 905
8140 906
11351 907
875 908
6088 909
1748 910
8593 911
8778 912
6608 913
11656 914
14785 915
3397 916
12502 917
10136 918
717 919
8756 920
1310 921
14649 922
6881 923
1078 924
5364 925
6096 926
1810 927
9163 928
9998 929
13210 930
2816 931
11000 932
14928 933
12146 934
15399 935
13711 936
9987 937
3313 938
2266 939
8044 940
12354 941
9170 942
14057 943
14513 944
9924 945
4595 946
1118 947
4313 948
11232 949
593 950
12931 951
12374 952
9384 953
15331 954
7796 955
9340 956
4369 957
6540 958
1788 959
9762 960
7781 961
14587 962
5205 963
9184 964
8632 965
12612 966
482 967
4092 968
7577 969
130 970
11155 971
14556 972
1067 973
7252 974
14479 975
2816 976
10335 977
6315 978
7550 979
14438 980
1435 981
13305 982
5028 983
6478 984
3510 985
7930 986
12482 987
7645 988
14582 989
4490 990
8079 991
3741 992
5960 993
4436 994
610 995
6228 996
2779 997
13949 998
10716 999
10929 1000
11033 1001
15226 1002
8398 1003
15035 1004
11708 1005
1668 1006
13471 1007
7971 1008
2712 1009
14255 1010
11942 1011
5116 1012
3004 1013
13555 1014
8013 1015
3320 1016
3582 1017
8130 1018
10144 1019
10432 1020
9938 1021
2442 1022
1623 1023
6794 1024
13846 1025
14946 1026
11935 1027
12895 1028
9782 1029
12470 1030
6395 1031
78 1032
8755 1033
6999 1034
10061 1035
15499 1036
9673 1037
6301 1038
10505 1039
4586 1040
8637 1041
474 1042
5523 1043
14427 1044
8164 1045
4476 1046
6582 1047
6907 1048
10961 1049
13199 1050
669 1051
8423 1052
1366 1053
8558 1054
11650 1055
366 1056
8313 1057
4657 1058
12924 1059
13047 1060
14123 1061
1523 1062
1976 1063
2804 1064
12320 1065
1453 1066
1419 1067
9048 1068
189 1069
2711 1070
13633 1071
9564 1072
4575 1073
8636 1074
15251 1075
8019 1076
15000 1077
2966 1078
3104 1079
13070 1080
6770 1081
5794 1082
10414 1083
9908 1084
11514 1085
12995 1086
3299 1087
7627 1088
4932 1089
12566 1090
15200 1091
11376 1092
7892 1093
795 1094
11517 1095
2627 1096
14371 1097
1027 1098
1353 1099
12396 1100
8442 1101
2012 1102
1364 1103
2975 1104
125 1105
11175 1106
10192 1107
12996 1108
5928 1109
11027 1110
10089 1111
13487 1112
2975 1113
6147 1114
194 1115
2093 1116
12572 1117
9645 1118
9680 1119
339 1120
3756 1121
9889 1122
3693 1123
10920 1124
6174 1125
6172 1126
13337 1127
498 1128
4644 1129
6910 1130
5395 1131
15142 1132
15006 1133
5865 1134
10781 1135
9040 1136
5342 1137
596 1138
9406 1139
612 1140
8567 1141
15320 1142
14716 1143
10681 1144
12016 1145
2895 1146
1108 1147
4034 1148
2091 1149
11106 1150
7387 1151
11197 1152
2843 1153
12608 1154
13609 1155
6411 1156
14468 1157
5051 1158
5270 1159
1209 1160
9724 1161
9216 1162
5206 1163
6878 1164
4185 1165
2870 1166
7005 1167
13697 1168
11868 1169
3900 1170
692 1171
9316 1172
5638 1173
3181 1174
15156 1175
14979 1176
7453 1177
9350 1178
14338 1179
1955 1180
8289 1181
5310 1182
9463 1183
14441 1184
5943 1185
13488 1186
8257 1187
9192 1188
12528 1189
2650 1190
11872 1191
15391 1192
1351 1193
18 1194
8716 1195
3497 1196
9053 1197
10053 1198
6561 1199
8660 1200
5179 1201
8503 1202
10612 1203
6449 1204
14414 1205
4793 1206
7236 1207
6117 1208
8950 1209
9557 1210
11622 1211
13135 1212
11686 1213
13840 1214
2276 1215
4271 1216
8698 1217
13173 1218
14877 1219
6975 1220
8730 1221
9585 1222
2421 1223
11688 1224
10736 1225
5953 1226
13897 1227
1234 1228
5132 1229
2220 1230
14292 1231
6518 1232
10948 1233
7596 1234
14808 1235
11896 1236
11003 1237
5163 1238
14493 1239
15398 1240
3024 1241
5482 1242
1830 1243
12219 1244
9867 1245
5353 1246
3093 1247
8582 1248
13721 1249
1432 1250
7801 1251
10265 1252
4273 1253
6892 1254
10699 1255
1594 1256
10217 1257
4292 1258
8773 1259
14250 1260
415 1261
4711 1262
14397 1263
9591 1264
7790 1265
8700 1266
8593 1267
902 1268
7846 1269
12852 1270
533 1271
10227 1272
10702 1273
14043 1274
8376 1275
8106 1276
12551 1277
9838 1278
13673 1279
9067 1280
7922 1281
6946 1282
8810 1283
4970 1284
12307 1285
10046 1286
7391 1287
14954 1288
4830 1289
3027 1290
11376 1291
9580 1292
2582 1293
4950 1294
806 1295
14321 1296
9942 1297
7412 1298
12680 1299
13592 1300
14398 1301
6125 1302
4836 1303
9682 1304
11303 1305
11463 1306
3072 1307
3177 1308
5766 1309
4934 1310
6038 1311
3483 1312
14141 1313
852 1314
10321 1315
3156 1316
14664 1317
3593 1318
11838 1319
1308 1320
11302 1321
3153 1322
9091 1323
2054 1324
4840 1325
10472 1326
7929 1327
4882 1328
15371 1329
5218 1330
5203 1331
616 1332
4800 1333
11518 1334
1640 1335
10878 1336
7283 1337
5866 1338
15324 1339
7085 1340
6259 1341
1681 1342
2237 1343
14781 1344
13007 1345
14967 1346
2797 1347
6542 1348
10132 1349
3669 1350
11709 1351
8779 1352
5674 1353
119 1354
4025 1355
9390 1356
14842 1357
813 1358
13141 1359
14516 1360
47 1361
7440 1362
12499 1363
2803 1364
5815 1365
15064 1366
13782 1367
11835 1368
7310 1369
10033 1370
1489 1371
9430 1372
6724 1373
674 1374
13861 1375
11365 1376
7304 1377
2737 1378
4909 1379
11414 1380
13863 1381
2805 1382
8010 1383
5346 1384
5375 1385
712 1386
745 1387
14380 1388
196 1389
11815 1390
14960 1391
3246 1392
2968 1393
5286 1394
4000 1395
7018 1396
13458 1397
12215 1398
2547 1399
6056 1400
2583 1401
3246 1402
8516 1403
3073 1404
9421 1405
14023 1406
9929 1407
13933 1408
1808 1409
9437 1410
821 1411
2078 1412
6995 1413
10276 1414
11563 1415
13186 1416
14216 1417
4951 1418
1277 1419
3385 1420
10366 1421
15235 1422
5410 1423
15061 1424
3877 1425
4010 1426
11685 1427
5171 1428
13650 1429
5173 1430
11337 1431
5351 1432
13626 1433
984 1434
11220 1435
11170 1436
13066 1437
1257 1438
891 1439
1412 1440
11921 1441
10591 1442
6970 1443
7459 1444
7643 1445
6452 1446
2252 1447
10216 1448
11813 1449
7694 1450
11372 1451
5228 1452
3614 1453
1278 1454
7983 1455
70 1456
14113 1457
14337 1458
472 1459
3789 1460
5883 1461
11074 1462
5909 1463
8568 1464
14888 1465
7380 1466
12734 1467
4628 1468
11799 1469
9435 1470
550 1471
9712 1472
7711 1473
4356 1474
3159 1475
14415 1476
14989 1477
869 1478
15318 1479
10081 1480
3892 1481
11386 1482
4605 1483
12708 1484
15123 1485
14785 1486
1769 1487
1192 1488
3543 1489
3500 1490
8179 1491
3500 1492
1922 1493
840 1494
2441 1495
4065 1496
6608 1497
11085 1498
504 1499
2297 1500
13368 1501
12751 1502
6683 1503
10655 1504
5907 1505
8105 1506
15029 1507
9429 1508
3105 1509
8554 1510
13784 1511
10955 1512
11728 1513
13431 1514
7986 1515
7820 1516
2835 1517
594 1518
5512 1519
1511 1520
7135 1521
8997 1522
276 1523
11224 1524
1953 1525
7581 1526
6991 1527
1686 1528
688 1529
14482 1530
11093 1531
1193 1532
5221 1533
5665 1534
14189 1535
3695 1536
6923 1537
14611 1538
11503 1539
6555 1540
15293 1541
8081 1542
5809 1543
4227 1544
2860 1545
7968 1546
9752 1547
6191 1548
8852 1549
