1350 650
4245 0
3497 1
7480 2
2872 3
301 4
5589 5
10623 6
9508 7
4846 8
7785 9
6426 10
3305 11
8132 12
269 13
5064 14
9415 15
4793 16
4900 17
4078 18
6556 19
303 20
3756 21
12733 22
749 23
3772 24
2924 25
1459 26
7396 27
8130 28
3205 29
8128 30
599 31
12012 32
3877 33
5294 34
2349 35
9771 36
8999 37
6439 38
11835 39
351 40
12856 41
11209 42
9499 43
2507 44
5429 45
7936 46
12686 47
7269 48
3847 49
6835 50
632 51
5451 52
12432 53
2833 54
12633 55
2622 56
10895 57
7090 58
4265 59
5783 60
10868 61
5671 62
9855 63
9869 64
1054 65
8453 66
12233 67
3803 68
11671 69
649 70
13210 71
13444 72
10479 73
13399 74
4337 75
11169 76
3975 77
10684 78
6288 79
3089 80
13155 81
12523 82
963 83
11792 84
6434 85
9893 86
1745 87
8531 88
4076 89
6833 90
7414 91
5747 92
3380 93
9862 94
5781 95
10402 96
10027 97
4660 98
13172 99
454 100
3011 101
5016 102
6891 103
8244 104
9240 105
3872 106
1163 107
13433 108
13311 109
681 110
10342 111
2956 112
9809 113
6646 114
5520 115
12855 116
8621 117
792 118
1371 119
11448 120
10969 121
3281 122
10971 123
13211 124
1991 125
8226 126
397 127
5854 128
6893 129
12804 130
1204 131
6875 132
6074 133
275 134
6026 135
6987 136
5788 137
1861 138
5274 139
95 140
4157 141
10276 142
4351 143
1669 144
7537 145
9465 146
8014 147
7160 148
11992 149
8826 150
1318 151
8324 152
630 153
193 154
3095 155
2671 156
779 157
8120 158
13384 159
10675 160
5180 161
5861 162
2520 163
29 164
12787 165
12080 166
947 167
2572 168
9171 169
229 170
1145 171
10411 172
1265 173
3560 174
13003 175
434 176
12542 177
7760 178
6176 179
7683 180
3332 181
4817 182
8702 183
1574 184
11212 185
6294 186
603 187
4176 188
3350 189
13173 190
3035 191
6067 192
6580 193
4430 194
11202 195
149 196
12540 197
7146 198
12655 199
8218 200
12535 201
3058 202
8641 203
12832 204
12577 205
11957 206
9239 207
592 208
8277 209
6916 210
8705 211
9715 212
7657 213
232 214
3160 215
1528 216
11990 217
5111 218
5410 219
8278 220
3551 221
785 222
719 223
3998 224
11096 225
10610 226
6817 227
7078 228
392 229
2446 230
7353 231
2231 232
7857 233
10499 234
2918 235
9136 236
12011 237
7855 238
11909 239
3727 240
9873 241
6520 242
1930 243
11021 244
10646 245
1257 246
12823 247
5534 248
3005 249
10629 250
9012 251
10048 252
8197 253
12483 254
3286 255
10527 256
7898 257
6996 258
6491 259
11605 260
4921 261
9094 262
7395 263
11042 264
8040 265
6414 266
12621 267
665 268
12430 269
12712 270
40 271
4290 272
11279 273
8759 274
12806 275
7213 276
3259 277
10375 278
2518 279
5630 280
13050 281
4524 282
10013 283
2303 284
12265 285
7097 286
3734 287
8560 288
7617 289
5837 290
7533 291
9299 292
7106 293
3717 294
6251 295
5230 296
9727 297
7748 298
12112 299
7569 300
5802 301
13166 302
9758 303
1323 304
5357 305
11503 306
5775 307
5322 308
12753 309
11983 310
8650 311
6138 312
8109 313
5680 314
12338 315
5900 316
7030 317
10559 318
12248 319
4738 320
3974 321
6619 322
12892 323
3830 324
11991 325
11288 326
8781 327
12294 328
3245 329
10956 330
1074 331
5857 332
3772 333
4496 334
13291 335
4441 336
4206 337
3157 338
5003 339
8154 340
11946 341
6165 342
962 343
11638 344
4833 345
10990 346
13048 347
12017 348
4213 349
3971 350
12223 351
7654 352
7970 353
3727 354
8237 355
11546 356
8217 357
5085 358
6861 359
8672 360
9351 361
5800 362
11512 363
4359 364
9564 365
11992 366
8347 367
11163 368
6891 369
1092 370
9474 371
3541 372
9485 373
9865 374
10511 375
8025 376
1594 377
8963 378
8570 379
2170 380
11016 381
584 382
3619 383
3140 384
11965 385
8547 386
6348 387
5869 388
12126 389
7454 390
9325 391
11726 392
3559 393
2702 394
1962 395
4344 396
5950 397
5673 398
11320 399
798 400
230 401
12452 402
956 403
7514 404
9464 405
8020 406
4989 407
9082 408
9426 409
11902 410
12247 411
11737 412
2096 413
13225 414
11271 415
10168 416
731 417
6653 418
378 419
7066 420
5258 421
7218 422
10425 423
3716 424
8050 425
8195 426
9495 427
10125 428
11619 429
13497 430
13051 431
13447 432
8309 433
10709 434
2862 435
11694 436
5009 437
8687 438
1827 439
808 440
12609 441
10801 442
9642 443
660 444
1791 445
11168 446
1714 447
339 448
4894 449
944 450
12276 451
5229 452
6487 453
3838 454
4528 455
1169 456
4201 457
12790 458
3142 459
5011 460
2650 461
7994 462
5321 463
10677 464
13387 465
572 466
9584 467
192 468
8514 469
11100 470
10498 471
5651 472
5371 473
7827 474
3512 475
11849 476
10011 477
6396 478
9368 479
7533 480
6714 481
6202 482
2890 483
11982 484
1964 485
4585 486
9087 487
4978 488
11576 489
12311 490
1280 491
1502 492
2573 493
12449 494
13397 495
8802 496
9553 497
6203 498
1295 499
3042 500
9070 501
6256 502
8511 503
11355 504
12048 505
5646 506
7637 507
9474 508
5077 509
3671 510
9311 511
10855 512
11810 513
7207 514
6329 515
6425 516
12079 517
1125 518
13428 519
3808 520
3938 521
146 522
7929 523
3750 524
8739 525
5163 526
6840 527
7492 528
12906 529
9409 530
1101 531
7226 532
9990 533
9598 534
5219 535
10378 536
1241 537
480 538
11897 539
3194 540
3586 541
1179 542
7902 543
9111 544
10699 545
10094 546
8210 547
3142 548
7618 549
9013 550
12073 551
5206 552
1427 553
7691 554
12318 555
6797 556
9404 557
7503 558
714 559
1785 560
8327 561
8753 562
811 563
12150 564
1179 565
10589 566
12443 567
5195 568
3603 569
6404 570
3466 571
12926 572
9782 573
6287 574
1211 575
5020 576
11055 577
3040 578
251 579
11847 580
2981 581
12047 582
11964 583
1096 584
12041 585
6833 586
12745 587
1424 588
6637 589
12119 590
1126 591
11453 592
2231 593
4813 594
11691 595
10820 596
8591 597
4812 598
8867 599
6209 600
7585 601
3891 602
4572 603
6240 604
11417 605
226 606
7444 607
10446 608
962 609
5922 610
13117 611
7069 612
7996 613
1934 614
11387 615
1725 616
8052 617
6051 618
9540 619
8732 620
8708 621
9589 622
12450 623
817 624
4518 625
3676 626
13361 627
12127 628
4893 629
11000 630
3697 631
7318 632
57 633
3756 634
3513 635
4394 636
10831 637
5019 638
9664 639
13071 640
9931 641
9081 642
10505 643
11619 644
5897 645
3025 646
10049 647
6611 648
8423 649
1871 650
10600 651
1632 652
2379 653
13254 654
7489 655
5692 656
6921 657
11949 658
10969 659
12378 660
705 661
13437 662
12387 663
4792 664
4671 665
10006 666
3615 667
6855 668
3696 669
9160 670
841 671
7871 672
8522 673
10082 674
580 675
204 676
3552 677
5756 678
457 679
6281 680
4472 681
4218 682
3396 683
7908 684
5252 685
7667 686
5301 687
1655 688
2739 689
1597 690
12873 691
8 692
5012 693
8759 694
2097 695
8720 696
644 697
12219 698
1771 699
8034 700
12724 701
9787 702
7341 703
12848 704
9287 705
13407 706
5871 707
9240 708
4686 709
11104 710
125 711
4566 712
10717 713
5729 714
7037 715
11552 716
1416 717
12230 718
3492 719
2898 720
12888 721
2670 722
2012 723
8118 724
9779 725
6194 726
12192 727
8914 728
1118 729
10367 730
3399 731
7790 732
6807 733
87 734
5728 735
4417 736
9842 737
10877 738
9206 739
79 740
1391 741
7863 742
6758 743
13114 744
8787 745
11918 746
645 747
165 748
184 749
9821 750
5759 751
12606 752
10294 753
11067 754
11928 755
3389 756
13463 757
12685 758
4028 759
5232 760
352 761
637 762
12538 763
7307 764
8549 765
5969 766
1252 767
7375 768
10051 769
4328 770
11275 771
4750 772
10765 773
13069 774
281 775
6873 776
6997 777
12972 778
13039 779
6013 780
12518 781
3217 782
10818 783
4678 784
4626 785
9985 786
5565 787
4086 788
6257 789
3176 790
2624 791
10587 792
3543 793
2855 794
7243 795
6511 796
3212 797
6574 798
9551 799
566 800
3875 801
9762 802
258 803
12464 804
9013 805
8743 806
8607 807
3140 808
4785 809
9590 810
7458 811
2495 812
6320 813
5804 814
3439 815
27 816
2608 817
6823 818
6832 819
11262 820
4882 821
7643 822
3588 823
4414 824
12621 825
7111 826
3563 827
2242 828
11507 829
1916 830
3700 831
1166 832
8461 833
9421 834
825 835
5404 836
4862 837
6243 838
7403 839
9277 840
1212 841
9705 842
11009 843
10553 844
6718 845
5603 846
6984 847
10929 848
7157 849
8718 850
8878 851
11131 852
12404 853
3574 854
10836 855
98 856
13231 857
8223 858
9793 859
9582 860
9038 861
10314 862
1729 863
6656 864
3666 865
12056 866
11196 867
11601 868
11027 869
10804 870
1109 871
10146 872
2623 873
1635 874
83 875
351 876
3451 877
8163 878
2195 879
1615 880
2582 881
3465 882
8296 883
12946 884
6009 885
518 886
6974 887
4076 888
4774 889
7522 890
9446 891
10289 892
8239 893
6329 894
9567 895
3325 896
6664 897
7099 898
12251 899
2040 900
10038 901
11934 902
13337 903
2571 904
12961 905
6368 906
8320 907
4641 908
8497 909
5312 910
8807 911
12228 912
8536 913
8614 914
8976 915
11888 916
7805 917
4915 918
11985 919
10311 920
10333 921
7545 922
3560 923
8440 924
619 925
2910 926
7095 927
12700 928
1515 929
9994 930
5353 931
5985 932
2031 933
10341 934
523 935
9388 936
3304 937
11002 938
9962 939
8631 940
8895 941
12423 942
2889 943
8998 944
4120 945
6353 946
6500 947
11604 948
10706 949
3301 950
2863 951
10706 952
6094 953
7227 954
11445 955
9032 956
4005 957
13289 958
1368 959
3126 960
5448 961
10529 962
6290 963
8782 964
4832 965
11106 966
1290 967
8915 968
4753 969
859 970
11179 971
426 972
9143 973
8353 974
9238 975
11796 976
9665 977
2344 978
4533 979
790 980
5490 981
351 982
7531 983
4236 984
6846 985
3681 986
5858 987
11559 988
6188 989
7901 990
4996 991
3559 992
1649 993
9786 994
783 995
1237 996
3663 997
11024 998
13240 999
3382 1000
12957 1001
3415 1002
8066 1003
13330 1004
5372 1005
4682 1006
5837 1007
11023 1008
11836 1009
4029 1010
6031 1011
10764 1012
4983 1013
12016 1014
8196 1015
10215 1016
20 1017
6117 1018
1010 1019
5524 1020
11067 1021
12143 1022
8546 1023
1691 1024
1871 1025
10790 1026
7001 1027
1640 1028
2296 1029
646 1030
1902 1031
499 1032
12826 1033
9672 1034
1624 1035
11717 1036
761 1037
6070 1038
7082 1039
11283 1040
1968 1041
1478 1042
1715 1043
4774 1044
373 1045
4974 1046
13083 1047
6206 1048
12881 1049
11858 1050
9151 1051
4639 1052
20 1053
30 1054
5186 1055
10642 1056
7171 1057
12572 1058
7914 1059
7446 1060
276 1061
2928 1062
8297 1063
5662 1064
7776 1065
5312 1066
9986 1067
897 1068
12204 1069
1356 1070
12176 1071
12540 1072
160 1073
9924 1074
1352 1075
2241 1076
12382 1077
12976 1078
9674 1079
12418 1080
5536 1081
2445 1082
5247 1083
8388 1084
5050 1085
1624 1086
3226 1087
4920 1088
5905 1089
5931 1090
8953 1091
5812 1092
6169 1093
10846 1094
10939 1095
6532 1096
2267 1097
10526 1098
2547 1099
12386 1100
4145 1101
78 1102
2480 1103
5146 1104
12065 1105
10875 1106
8631 1107
5759 1108
12144 1109
13174 1110
386 1111
8423 1112
509 1113
122 1114
85 1115
9336 1116
1914 1117
10898 1118
8892 1119
4743 1120
11568 1121
12290 1122
245 1123
3457 1124
7367 1125
5011 1126
230 1127
6491 1128
4269 1129
2872 1130
9498 1131
722 1132
10050 1133
685 1134
9558 1135
10570 1136
2846 1137
4767 1138
145 1139
11400 1140
12132 1141
8863 1142
12767 1143
2023 1144
8117 1145
2432 1146
5811 1147
11882 1148
5478 1149
9941 1150
1943 1151
660 1152
7731 1153
1381 1154
4297 1155
7244 1156
8280 1157
1552 1158
5010 1159
11330 1160
10112 1161
1516 1162
12620 1163
4766 1164
7957 1165
11386 1166
2939 1167
3014 1168
11123 1169
7503 1170
7388 1171
1774 1172
7195 1173
6622 1174
5287 1175
5649 1176
2580 1177
4171 1178
2988 1179
9758 1180
7310 1181
784 1182
3198 1183
4864 1184
3503 1185
3346 1186
9812 1187
3433 1188
6282 1189
3357 1190
2092 1191
1503 1192
4750 1193
2111 1194
9665 1195
12052 1196
10530 1197
11235 1198
6518 1199
9823 1200
4628 1201
1794 1202
4938 1203
6126 1204
2244 1205
2128 1206
2494 1207
7565 1208
5148 1209
11595 1210
8257 1211
6573 1212
12047 1213
4729 1214
8981 1215
5073 1216
1570 1217
11960 1218
10775 1219
689 1220
1779 1221
12021 1222
10450 1223
8688 1224
13113 1225
6084 1226
10734 1227
9970 1228
214 1229
10371 1230
13204 1231
758 1232
7351 1233
12356 1234
435 1235
13030 1236
7008 1237
3300 1238
2748 1239
7025 1240
4144 1241
7627 1242
13443 1243
13277 1244
4452 1245
10423 1246
6680 1247
4271 1248
4946 1249
12197 1250
10811 1251
12646 1252
8158 1253
5785 1254
6068 1255
6003 1256
12874 1257
12296 1258
3217 1259
11561 1260
3986 1261
8826 1262
6537 1263
8230 1264
7792 1265
2937 1266
8307 1267
898 1268
10764 1269
6332 1270
11691 1271
12995 1272
1996 1273
6815 1274
10146 1275
8384 1276
11103 1277
10416 1278
8015 1279
2366 1280
10211 1281
6301 1282
3929 1283
7591 1284
7992 1285
8550 1286
3423 1287
6978 1288
3572 1289
11367 1290
4551 1291
12135 1292
7145 1293
9017 1294
6676 1295
7445 1296
5864 1297
1990 1298
1088 1299
8809 1300
11235 1301
11127 1302
2502 1303
6200 1304
12934 1305
4260 1306
8807 1307
4299 1308
4278 1309
4819 1310
2801 1311
6244 1312
5966 1313
6847 1314
830 1315
1177 1316
1377 1317
1634 1318
7752 1319
4936 1320
792 1321
723 1322
1211 1323
1421 1324
8592 1325
6280 1326
2335 1327
2305 1328
529 1329
11055 1330
11811 1331
887 1332
1802 1333
3332 1334
9368 1335
6726 1336
1157 1337
2141 1338
3459 1339
4584 1340
11457 1341
4291 1342
12166 1343
5768 1344
8529 1345
6 1346
9246 1347
10099 1348
10232 1349
