1350 1450
6593 0
7967 1
9728 2
11848 3
11647 4
9536 5
3310 6
11041 7
10426 8
2601 9
1352 10
6228 11
12114 12
8283 13
1472 14
6601 15
1858 16
10890 17
8093 18
8658 19
3106 20
1185 21
3768 22
2618 23
6532 24
6705 25
5331 26
11821 27
1991 28
10895 29
140 30
4226 31
10593 32
10062 33
9234 34
11785 35
1799 36
87 37
246 38
459 39
7681 40
819 41
8757 42
7849 43
487 44
9534 45
6846 46
6008 47
13463 48
6526 49
236 50
1714 51
12349 52
2395 53
4982 54
7778 55
2702 56
12068 57
7135 58
12147 59
11237 60
11006 61
2053 62
12264 63
13260 64
6425 65
2919 66
13299 67
7687 68
8925 69
6369 70
8210 71
13075 72
11578 73
12699 74
5254 75
3251 76
1225 77
1478 78
195 79
8930 80
8232 81
13179 82
8753 83
5429 84
7167 85
1374 86
484 87
1948 88
11600 89
12801 90
9989 91
3397 92
9139 93
4466 94
1441 95
8236 96
9348 97
4994 98
18 99
8108 100
3359 101
11730 102
11534 103
11867 104
10034 105
6079 106
8341 107
361 108
6269 109
6784 110
4865 111
1360 112
8931 113
8628 114
8615 115
13241 116
4006 117
3953 118
1680 119
10061 120
3161 121
39 122
5010 123
10286 124
5719 125
1811 126
3429 127
12813 128
2901 129
11630 130
5849 131
4264 132
12272 133
9245 134
1956 135
6291 136
9257 137
6106 138
7781 139
4254 140
11652 141
6285 142
8795 143
7318 144
10261 145
610 146
1044 147
6671 148
1954 149
9939 150
815 151
720 152
5319 153
472 154
4244 155
6339 156
10433 157
5374 158
5467 159
4866 160
7659 161
7596 162
12323 163
3601 164
8070 165
7069 166
10946 167
11192 168
656 169
6287 170
12564 171
7347 172
9943 173
4624 174
1005 175
10811 176
9239 177
2629 178
6723 179
10055 180
10577 181
2536 182
403 183
2160 184
1571 185
9453 186
7467 187
5181 188
8842 189
5706 190
8079 191
10204 192
5739 193
5677 194
1921 195
982 196
10964 197
7049 198
11622 199
13164 200
9324 201
7348 202
10283 203
3194 204
4097 205
19 206
7328 207
3814 208
3909 209
133 210
7712 211
12227 212
2446 213
9586 214
8852 215
2442 216
11592 217
7248 218
9641 219
12795 220
7015 221
7746 222
2619 223
10355 224
7040 225
9512 226
1027 227
77 228
2266 229
6331 230
12770 231
631 232
9503 233
6322 234
10536 235
105 236
335 237
6872 238
9226 239
7449 240
2091 241
12189 242
12059 243
8601 244
10071 245
1513 246
5520 247
4312 248
5490 249
4047 250
12934 251
11170 252
5985 253
11163 254
11562 255
8107 256
11013 257
4451 258
9062 259
6537 260
4789 261
1028 262
12125 263
451 264
10962 265
2284 266
1616 267
10272 268
4647 269
3342 270
12781 271
1360 272
9308 273
8283 274
2648 275
857 276
6773 277
10467 278
1908 279
5938 280
11770 281
7185 282
954 283
6648 284
4244 285
4261 286
5464 287
11544 288
3284 289
2544 290
4187 291
2855 292
3663 293
7090 294
11086 295
13025 296
3076 297
10909 298
11451 299
1436 300
101 301
10667 302
8647 303
12778 304
10251 305
1022 306
11776 307
5735 308
3060 309
3591 310
481 311
10296 312
250 313
13455 314
1529 315
931 316
3411 317
8449 318
6489 319
6501 320
1387 321
10009 322
7629 323
11351 324
9626 325
2705 326
6924 327
11576 328
1689 329
4013 330
5079 331
3241 332
7305 333
6452 334
1230 335
10263 336
4482 337
9385 338
10345 339
11066 340
8599 341
12894 342
6193 343
12814 344
9092 345
12620 346
10283 347
5903 348
5868 349
7310 350
3604 351
7806 352
4678 353
2560 354
12117 355
11569 356
13118 357
12194 358
4952 359
9188 360
12073 361
7199 362
11334 363
7906 364
6219 365
4146 366
3292 367
9066 368
9997 369
10331 370
10657 371
5530 372
4135 373
5765 374
7763 375
8255 376
2481 377
12647 378
5631 379
2923 380
7828 381
8610 382
8218 383
9050 384
4366 385
6171 386
6420 387
7423 388
13100 389
8523 390
3094 391
3373 392
10849 393
7078 394
10716 395
6571 396
11294 397
7033 398
11530 399
2416 400
12429 401
10697 402
10745 403
4392 404
7007 405
6067 406
10578 407
397 408
952 409
8355 410
10183 411
8565 412
11861 413
12821 414
636 415
9646 416
7543 417
3862 418
2432 419
13436 420
6183 421
10888 422
10421 423
8485 424
3822 425
2328 426
11927 427
12299 428
175 429
5542 430
9613 431
6456 432
8906 433
7689 434
12817 435
6561 436
6241 437
12629 438
13279 439
11177 440
3707 441
12223 442
11938 443
5196 444
4553 445
2206 446
8672 447
7566 448
4010 449
8829 450
12893 451
273 452
73 453
6439 454
9023 455
11276 456
2982 457
1169 458
12245 459
8198 460
4610 461
9117 462
11472 463
12394 464
8018 465
1394 466
11281 467
5369 468
10536 469
2279 470
1765 471
7964 472
11071 473
2346 474
8523 475
4939 476
4908 477
9691 478
10145 479
4504 480
3466 481
4749 482
6219 483
1461 484
5108 485
4527 486
75 487
8535 488
8272 489
10939 490
1015 491
10315 492
673 493
6732 494
4059 495
12244 496
496 497
11445 498
7358 499
2809 500
5212 501
6669 502
10604 503
3328 504
12868 505
2143 506
6794 507
6016 508
3658 509
4354 510
3519 511
3639 512
5817 513
6023 514
12184 515
11114 516
12622 517
11977 518
2298 519
10530 520
2851 521
854 522
2399 523
13133 524
6817 525
7458 526
9892 527
3600 528
4387 529
9556 530
6106 531
9606 532
4951 533
11628 534
12941 535
384 536
6970 537
3065 538
4829 539
7762 540
4375 541
3964 542
3154 543
11023 544
7317 545
11952 546
10822 547
9241 548
8375 549
3185 550
4089 551
6944 552
4988 553
854 554
2468 555
13024 556
4465 557
8161 558
6853 559
8327 560
6158 561
170 562
2598 563
9391 564
9786 565
19 566
1495 567
10094 568
604 569
1668 570
539 571
10516 572
9972 573
3062 574
2347 575
1829 576
7445 577
7385 578
4955 579
12989 580
1138 581
929 582
724 583
5951 584
3146 585
1458 586
13353 587
8456 588
13438 589
6261 590
4913 591
13010 592
5913 593
8118 594
3203 595
9758 596
7533 597
12067 598
6031 599
11539 600
2654 601
12302 602
5271 603
8070 604
9344 605
9953 606
7485 607
7586 608
6374 609
10857 610
5539 611
3368 612
8533 613
6573 614
9715 615
7512 616
5303 617
6136 618
1364 619
3734 620
8083 621
7967 622
10540 623
5869 624
2557 625
10701 626
5612 627
11747 628
3743 629
414 630
7741 631
13255 632
10207 633
12640 634
9872 635
3504 636
5672 637
488 638
13032 639
2409 640
12147 641
10257 642
7026 643
4019 644
3121 645
8603 646
11298 647
11572 648
4145 649
9023 650
13384 651
8606 652
8381 653
3948 654
1735 655
3892 656
11928 657
1376 658
10406 659
11246 660
8754 661
806 662
3278 663
11609 664
7489 665
4558 666
6100 667
4019 668
1474 669
5428 670
4321 671
11692 672
11100 673
786 674
5943 675
2863 676
187 677
1900 678
12617 679
11948 680
954 681
10051 682
6956 683
6395 684
5668 685
936 686
11194 687
11071 688
9845 689
4932 690
12550 691
3529 692
4707 693
12719 694
5056 695
3165 696
1653 697
11101 698
5248 699
7779 700
4020 701
6470 702
13070 703
3033 704
12471 705
3183 706
7991 707
1502 708
13072 709
426 710
12798 711
11644 712
7908 713
12929 714
3190 715
6103 716
3124 717
12488 718
6443 719
2139 720
4772 721
1542 722
11529 723
9367 724
4394 725
5402 726
984 727
2671 728
7658 729
772 730
10002 731
9539 732
2559 733
7961 734
5709 735
6164 736
5784 737
6808 738
2100 739
11159 740
6788 741
7690 742
3741 743
6180 744
890 745
2918 746
11891 747
4516 748
8943 749
12082 750
4677 751
662 752
4824 753
5435 754
4671 755
11280 756
6039 757
4152 758
12388 759
11020 760
3887 761
5221 762
7319 763
10374 764
7432 765
11470 766
12844 767
9034 768
5268 769
13267 770
2710 771
6832 772
1653 773
5432 774
9291 775
5056 776
1301 777
10106 778
1762 779
9035 780
3902 781
4834 782
12042 783
1601 784
8522 785
8048 786
6568 787
5629 788
5361 789
13268 790
12930 791
3900 792
4987 793
5560 794
3676 795
9537 796
8545 797
29 798
7312 799
7894 800
7673 801
11794 802
3311 803
9333 804
5305 805
12357 806
11616 807
12513 808
10138 809
2144 810
9944 811
11427 812
8966 813
12281 814
1977 815
9719 816
5101 817
10513 818
5845 819
6730 820
8047 821
7042 822
13218 823
1575 824
5975 825
8122 826
4188 827
7174 828
5660 829
11267 830
5033 831
7316 832
8416 833
8817 834
4144 835
3517 836
6293 837
12360 838
1200 839
5077 840
9639 841
1908 842
9280 843
11170 844
7820 845
1675 846
3962 847
4249 848
4482 849
9679 850
10366 851
5680 852
5692 853
5191 854
8837 855
5913 856
7839 857
9054 858
9373 859
12740 860
3221 861
675 862
10881 863
4218 864
6766 865
5321 866
5118 867
10179 868
7213 869
8898 870
902 871
7575 872
7412 873
6135 874
4765 875
3214 876
4441 877
10409 878
1275 879
8467 880
13367 881
2706 882
8724 883
11880 884
13276 885
7726 886
3089 887
2926 888
11463 889
4780 890
876 891
7356 892
5971 893
8582 894
7637 895
3572 896
2621 897
806 898
3066 899
2151 900
7958 901
13489 902
10386 903
38 904
5560 905
10846 906
8400 907
8648 908
11679 909
9772 910
3661 911
12288 912
2151 913
12348 914
927 915
8211 916
6636 917
12263 918
958 919
9187 920
11639 921
1257 922
8775 923
2207 924
13489 925
9859 926
12595 927
11836 928
4619 929
2723 930
2672 931
6649 932
460 933
10967 934
1138 935
2481 936
11663 937
5463 938
6722 939
10996 940
8981 941
11505 942
10846 943
5797 944
3318 945
8479 946
522 947
1396 948
11253 949
3273 950
2492 951
9223 952
9767 953
7169 954
13444 955
8780 956
6782 957
10551 958
3959 959
5906 960
3012 961
6734 962
2688 963
3563 964
7435 965
11643 966
13180 967
9832 968
4243 969
7189 970
10243 971
9189 972
3814 973
3292 974
2264 975
4426 976
10338 977
1990 978
13126 979
11678 980
366 981
9994 982
4506 983
5004 984
9585 985
11245 986
85 987
11581 988
12255 989
11766 990
7540 991
8371 992
12637 993
13167 994
1844 995
8755 996
6271 997
997 998
7926 999
5800 1000
6366 1001
2723 1002
10853 1003
4810 1004
6302 1005
1380 1006
2887 1007
12060 1008
3318 1009
2073 1010
10188 1011
7339 1012
7861 1013
8847 1014
1869 1015
9998 1016
6850 1017
348 1018
7478 1019
11943 1020
11679 1021
12351 1022
4850 1023
6206 1024
4055 1025
11264 1026
10799 1027
8096 1028
10814 1029
12994 1030
12177 1031
9400 1032
9330 1033
5639 1034
288 1035
2318 1036
7336 1037
1660 1038
9594 1039
8078 1040
13118 1041
6195 1042
12380 1043
8159 1044
6439 1045
9081 1046
11275 1047
7728 1048
7033 1049
9544 1050
768 1051
11157 1052
13026 1053
8848 1054
4402 1055
12517 1056
3169 1057
4952 1058
8048 1059
9634 1060
90 1061
7015 1062
10897 1063
9866 1064
8510 1065
12132 1066
6697 1067
10628 1068
11925 1069
1212 1070
2545 1071
4182 1072
12891 1073
10234 1074
4541 1075
6209 1076
1351 1077
13139 1078
9007 1079
7305 1080
2024 1081
3680 1082
6548 1083
3272 1084
11061 1085
543 1086
7218 1087
12587 1088
13013 1089
12524 1090
3190 1091
6947 1092
3589 1093
4705 1094
11693 1095
10923 1096
6558 1097
12079 1098
5576 1099
10607 1100
1439 1101
12227 1102
1272 1103
7042 1104
10860 1105
12652 1106
3820 1107
445 1108
5583 1109
13400 1110
10351 1111
9171 1112
9611 1113
8185 1114
6312 1115
7817 1116
2398 1117
3520 1118
11174 1119
12336 1120
8829 1121
13276 1122
9595 1123
6148 1124
12966 1125
7535 1126
616 1127
12312 1128
6310 1129
10072 1130
676 1131
11217 1132
4968 1133
7353 1134
4661 1135
2140 1136
9276 1137
8590 1138
25 1139
11307 1140
7308 1141
5037 1142
4061 1143
6701 1144
6516 1145
7648 1146
2981 1147
13110 1148
12364 1149
5665 1150
8461 1151
2915 1152
5879 1153
5037 1154
164 1155
7894 1156
7640 1157
10501 1158
3712 1159
6662 1160
5477 1161
5122 1162
296 1163
11510 1164
989 1165
9757 1166
8589 1167
4477 1168
10103 1169
12340 1170
3638 1171
11545 1172
12662 1173
705 1174
7123 1175
11150 1176
8933 1177
8543 1178
7783 1179
6867 1180
4205 1181
12979 1182
12231 1183
8253 1184
5400 1185
13362 1186
12783 1187
10871 1188
568 1189
177 1190
12196 1191
764 1192
9326 1193
7284 1194
10656 1195
11560 1196
13292 1197
11315 1198
2126 1199
7747 1200
11368 1201
3793 1202
10942 1203
6335 1204
4236 1205
11898 1206
1853 1207
12847 1208
8135 1209
653 1210
13138 1211
5598 1212
6242 1213
7473 1214
8525 1215
9752 1216
10397 1217
8546 1218
7333 1219
5579 1220
11059 1221
4252 1222
10024 1223
463 1224
3893 1225
1427 1226
2323 1227
12163 1228
6284 1229
1523 1230
703 1231
9836 1232
5335 1233
4511 1234
2375 1235
5471 1236
4148 1237
1949 1238
11728 1239
4160 1240
521 1241
4663 1242
11438 1243
7768 1244
2307 1245
10255 1246
6361 1247
12116 1248
6449 1249
2340 1250
8102 1251
5417 1252
10806 1253
9575 1254
12907 1255
7781 1256
7760 1257
8232 1258
12252 1259
9558 1260
5575 1261
12802 1262
11326 1263
3899 1264
5943 1265
10000 1266
2909 1267
8650 1268
1332 1269
9033 1270
2169 1271
5562 1272
2846 1273
8900 1274
12014 1275
3766 1276
3861 1277
2125 1278
11395 1279
8599 1280
792 1281
12386 1282
10925 1283
1589 1284
5791 1285
1994 1286
3635 1287
2491 1288
9109 1289
3948 1290
11143 1291
11863 1292
4370 1293
8902 1294
1932 1295
6665 1296
3768 1297
6288 1298
10841 1299
7054 1300
6359 1301
1552 1302
430 1303
12293 1304
6718 1305
9676 1306
9461 1307
12851 1308
7444 1309
13016 1310
9689 1311
11572 1312
8273 1313
9609 1314
516 1315
7397 1316
8583 1317
11381 1318
9700 1319
11169 1320
8171 1321
1389 1322
9147 1323
890 1324
787 1325
5852 1326
2116 1327
8502 1328
9932 1329
5599 1330
693 1331
9513 1332
7851 1333
5090 1334
8114 1335
11910 1336
6118 1337
2767 1338
12268 1339
2401 1340
5524 1341
11669 1342
1081 1343
1459 1344
3339 1345
8498 1346
12550 1347
3265 1348
9672 1349
