1400 300
3673 0
9723 1
9943 2
11064 3
212 4
4803 5
9883 6
10177 7
6802 8
996 9
2037 10
11443 11
1115 12
9196 13
694 14
10745 15
185 16
3875 17
6297 18
1058 19
11117 20
3831 21
4499 22
10270 23
6631 24
4027 25
5473 26
7554 27
7735 28
711 29
11650 30
424 31
3301 32
720 33
13552 34
753 35
8197 36
12437 37
11888 38
8168 39
214 40
1780 41
4034 42
10159 43
12475 44
7642 45
904 46
9872 47
7093 48
3883 49
8050 50
2589 51
9673 52
10882 53
5544 54
4094 55
6427 56
13532 57
309 58
5957 59
11254 60
8769 61
6799 62
3750 63
10263 64
4890 65
7812 66
13434 67
11932 68
4041 69
409 70
3567 71
4362 72
11242 73
11703 74
422 75
1728 76
12744 77
11284 78
10514 79
2791 80
13366 81
5772 82
10252 83
8773 84
12100 85
4438 86
307 87
3883 88
5214 89
11409 90
11610 91
12172 92
5423 93
12484 94
1401 95
8512 96
3598 97
10459 98
13082 99
12654 100
1821 101
10225 102
2197 103
7663 104
11270 105
312 106
2576 107
7225 108
6870 109
5699 110
13050 111
13194 112
6023 113
9062 114
9778 115
4851 116
7913 117
1474 118
11821 119
3121 120
8046 121
3658 122
9219 123
5878 124
7091 125
8505 126
7348 127
1372 128
12092 129
1302 130
3756 131
2254 132
11871 133
6872 134
11029 135
6567 136
5357 137
9833 138
1780 139
10342 140
2605 141
61 142
8427 143
1544 144
9750 145
1076 146
2080 147
13181 148
11279 149
736 150
10041 151
9987 152
8085 153
10068 154
10188 155
10837 156
8392 157
9731 158
3859 159
4241 160
13393 161
451 162
393 163
3293 164
5170 165
4958 166
11874 167
12398 168
12366 169
1229 170
10229 171
1163 172
8047 173
1330 174
1337 175
4539 176
13460 177
893 178
1307 179
5179 180
10777 181
1094 182
7338 183
6571 184
5822 185
2579 186
201 187
4838 188
10811 189
10926 190
4491 191
2155 192
13687 193
4856 194
1157 195
13308 196
10940 197
7095 198
13880 199
9900 200
7885 201
10654 202
8883 203
8751 204
2366 205
6976 206
11913 207
2662 208
51 209
2514 210
2173 211
8163 212
13548 213
754 214
6085 215
2125 216
8711 217
4145 218
912 219
9584 220
9716 221
8062 222
1606 223
13007 224
597 225
12099 226
1859 227
5406 228
13325 229
9602 230
8719 231
5957 232
2606 233
5213 234
8233 235
11936 236
2268 237
10000 238
7622 239
7091 240
13988 241
1187 242
10999 243
13762 244
496 245
3195 246
12598 247
4518 248
12281 249
12001 250
10754 251
3908 252
2156 253
11206 254
1940 255
3689 256
7509 257
5847 258
6940 259
3375 260
1703 261
6129 262
4968 263
12496 264
1179 265
4952 266
5455 267
12328 268
5172 269
1229 270
13892 271
3146 272
12923 273
7895 274
436 275
11072 276
1667 277
3870 278
5072 279
10511 280
8165 281
13611 282
2568 283
3344 284
2391 285
2209 286
11912 287
9344 288
13359 289
129 290
9340 291
524 292
5062 293
12315 294
983 295
857 296
6713 297
12527 298
5133 299
6234 300
11056 301
11279 302
6869 303
1681 304
4529 305
9897 306
12999 307
11380 308
2845 309
2268 310
2729 311
6420 312
7218 313
13474 314
13078 315
12780 316
11100 317
9907 318
2408 319
8593 320
1718 321
5458 322
12999 323
4390 324
2909 325
5993 326
2115 327
4080 328
5971 329
3248 330
12129 331
651 332
2447 333
873 334
10230 335
7933 336
13818 337
2092 338
1200 339
3638 340
13889 341
8421 342
8720 343
8125 344
5464 345
11394 346
5389 347
4654 348
9970 349
1822 350
7973 351
4095 352
2667 353
13214 354
12954 355
9434 356
6165 357
12168 358
11081 359
8416 360
5914 361
5099 362
1199 363
6238 364
6426 365
10351 366
11675 367
10428 368
10053 369
1635 370
9823 371
6504 372
12742 373
7032 374
3703 375
11390 376
6926 377
11578 378
4477 379
10052 380
4266 381
457 382
6708 383
13665 384
5509 385
9352 386
3674 387
13536 388
11027 389
4254 390
451 391
7749 392
5633 393
9246 394
11619 395
8726 396
8701 397
5664 398
10756 399
10958 400
4437 401
12269 402
6250 403
12068 404
501 405
2456 406
3407 407
7514 408
12497 409
10874 410
12726 411
11227 412
13685 413
6893 414
218 415
7346 416
68 417
13597 418
591 419
6212 420
11165 421
8048 422
5569 423
5687 424
11399 425
8484 426
94 427
7751 428
4186 429
3750 430
65 431
4990 432
567 433
12438 434
7780 435
10149 436
11786 437
10206 438
3374 439
7264 440
9907 441
2796 442
10823 443
2848 444
6193 445
11065 446
11443 447
7608 448
17 449
12595 450
8628 451
6092 452
8432 453
3302 454
13003 455
5638 456
1970 457
3714 458
11197 459
13119 460
1819 461
6613 462
12732 463
10174 464
12748 465
8280 466
9651 467
2552 468
8619 469
12334 470
4612 471
13927 472
1324 473
11794 474
12696 475
5456 476
13556 477
6333 478
2703 479
12111 480
11888 481
12018 482
6328 483
9971 484
1254 485
7302 486
3876 487
12239 488
12387 489
10903 490
13003 491
6805 492
8647 493
3170 494
2550 495
3416 496
154 497
4023 498
10533 499
9725 500
7088 501
12590 502
10166 503
13059 504
3698 505
10039 506
12072 507
10358 508
6968 509
890 510
8259 511
2210 512
4907 513
1925 514
6810 515
5392 516
12266 517
13697 518
1128 519
7270 520
12513 521
6836 522
10754 523
8874 524
9532 525
4773 526
11532 527
9588 528
2201 529
7723 530
5871 531
10323 532
12071 533
1283 534
9743 535
13299 536
9606 537
8486 538
3935 539
5728 540
221 541
9713 542
13478 543
6529 544
6099 545
1200 546
2196 547
5316 548
1023 549
8832 550
6798 551
3976 552
2826 553
6 554
6510 555
8977 556
12349 557
12060 558
8910 559
6625 560
3586 561
6991 562
5365 563
10432 564
7841 565
1899 566
2837 567
1209 568
3382 569
5644 570
3029 571
11141 572
10400 573
1584 574
5723 575
3354 576
10715 577
11033 578
411 579
8604 580
1082 581
6652 582
10577 583
3156 584
10801 585
10545 586
5792 587
1415 588
100 589
13993 590
3124 591
7652 592
12190 593
6496 594
5763 595
10577 596
7895 597
10431 598
13993 599
10688 600
13822 601
1086 602
13602 603
5856 604
12539 605
10462 606
13846 607
5384 608
4249 609
1300 610
5301 611
7035 612
11534 613
3974 614
5016 615
10773 616
11229 617
13132 618
3659 619
10194 620
8895 621
13710 622
10070 623
11894 624
3845 625
277 626
9038 627
13511 628
7230 629
11007 630
7004 631
11001 632
1105 633
10888 634
13072 635
5804 636
5305 637
6149 638
5101 639
4027 640
8782 641
686 642
1402 643
5191 644
9606 645
2712 646
9621 647
3493 648
8642 649
7836 650
1788 651
3519 652
13676 653
10817 654
6744 655
7995 656
10259 657
9917 658
6721 659
12260 660
3962 661
3754 662
8282 663
5659 664
10257 665
7007 666
4133 667
9169 668
2588 669
5971 670
13991 671
12168 672
1472 673
329 674
11248 675
10309 676
13977 677
12464 678
9966 679
3806 680
8565 681
7694 682
9785 683
1563 684
11821 685
5729 686
3219 687
9036 688
3710 689
3194 690
9326 691
12210 692
4600 693
6374 694
10410 695
9683 696
7311 697
10899 698
2737 699
950 700
2935 701
1293 702
1011 703
4571 704
1555 705
8896 706
13641 707
6058 708
13375 709
677 710
10070 711
3018 712
5929 713
13733 714
4340 715
29 716
10005 717
7688 718
2533 719
12709 720
5928 721
6809 722
6034 723
8746 724
6384 725
9006 726
10681 727
13209 728
7699 729
7128 730
6662 731
728 732
10509 733
807 734
3559 735
4760 736
12847 737
13276 738
7638 739
3593 740
5381 741
3562 742
13558 743
5389 744
284 745
13374 746
5946 747
9530 748
11963 749
779 750
447 751
10272 752
5683 753
3207 754
5264 755
13668 756
3253 757
13055 758
202 759
6531 760
12970 761
5692 762
11886 763
6873 764
8415 765
4867 766
12939 767
82 768
10288 769
885 770
6996 771
5034 772
8567 773
134 774
11201 775
4473 776
739 777
8083 778
9653 779
2695 780
13754 781
4638 782
13463 783
12510 784
817 785
9211 786
12097 787
2204 788
9867 789
4156 790
5716 791
7110 792
4151 793
13088 794
8999 795
1549 796
2028 797
329 798
8169 799
4676 800
8015 801
4772 802
916 803
11646 804
3096 805
12554 806
1189 807
11500 808
13726 809
342 810
3927 811
9003 812
9857 813
9056 814
3768 815
12300 816
12434 817
2887 818
12961 819
2873 820
4433 821
79 822
2181 823
7763 824
11737 825
3444 826
8423 827
6714 828
10849 829
1619 830
9047 831
2885 832
11687 833
11762 834
2965 835
2384 836
11983 837
3783 838
8985 839
7555 840
8085 841
2351 842
11092 843
1537 844
7947 845
11409 846
11907 847
11298 848
1412 849
7997 850
11574 851
6179 852
1619 853
3034 854
12702 855
12329 856
5210 857
11928 858
12482 859
4233 860
5375 861
7559 862
9793 863
5355 864
12618 865
7813 866
13866 867
12812 868
857 869
1793 870
7383 871
9627 872
10786 873
13372 874
545 875
5107 876
9106 877
4421 878
12735 879
181 880
7585 881
5430 882
5145 883
6990 884
8328 885
9574 886
10795 887
10858 888
134 889
13122 890
4978 891
1692 892
11177 893
8511 894
11603 895
4290 896
12497 897
582 898
12845 899
10851 900
13363 901
9188 902
7280 903
11127 904
390 905
10298 906
4738 907
682 908
313 909
257 910
12591 911
6909 912
13377 913
2648 914
12551 915
1933 916
5297 917
10952 918
8499 919
6152 920
2118 921
3346 922
11660 923
1765 924
4839 925
4123 926
11633 927
6018 928
5730 929
1670 930
8182 931
13234 932
10944 933
4359 934
13710 935
5482 936
4072 937
12832 938
722 939
3985 940
13940 941
7992 942
11163 943
5038 944
9405 945
13787 946
797 947
11908 948
13718 949
7862 950
11563 951
9291 952
1431 953
4863 954
5596 955
5560 956
7164 957
211 958
5127 959
9789 960
10657 961
3673 962
10339 963
10790 964
4319 965
667 966
12150 967
12475 968
13108 969
13385 970
12682 971
4523 972
790 973
4076 974
13275 975
2186 976
13947 977
13211 978
10378 979
13278 980
11369 981
7640 982
270 983
288 984
1406 985
1333 986
5759 987
12437 988
6255 989
13053 990
12594 991
11608 992
13288 993
4700 994
13369 995
4717 996
6637 997
10416 998
3382 999
4855 1000
4488 1001
2692 1002
8684 1003
5054 1004
1257 1005
11911 1006
12021 1007
12806 1008
1146 1009
2104 1010
9775 1011
5643 1012
13566 1013
5161 1014
9930 1015
10600 1016
7663 1017
10832 1018
1299 1019
13948 1020
13405 1021
2396 1022
13334 1023
10746 1024
10294 1025
10384 1026
5354 1027
8941 1028
7161 1029
6674 1030
8593 1031
3326 1032
10199 1033
7930 1034
1124 1035
1685 1036
8521 1037
2025 1038
10725 1039
13690 1040
6970 1041
2882 1042
12288 1043
2727 1044
11345 1045
13558 1046
5638 1047
2279 1048
2722 1049
12483 1050
9817 1051
6798 1052
6485 1053
10010 1054
4676 1055
4203 1056
4379 1057
5709 1058
9749 1059
1753 1060
12904 1061
6688 1062
10486 1063
5688 1064
12037 1065
2430 1066
12431 1067
11826 1068
3325 1069
3215 1070
11564 1071
1523 1072
5110 1073
1063 1074
12642 1075
11563 1076
7851 1077
772 1078
385 1079
4924 1080
9238 1081
4985 1082
6236 1083
8096 1084
5296 1085
8727 1086
8565 1087
3852 1088
4335 1089
1778 1090
4219 1091
9828 1092
1713 1093
11337 1094
471 1095
12694 1096
9306 1097
9392 1098
1521 1099
3699 1100
10788 1101
13352 1102
13735 1103
9992 1104
13035 1105
5196 1106
384 1107
4919 1108
11687 1109
2920 1110
6520 1111
8164 1112
4428 1113
2281 1114
8 1115
12644 1116
186 1117
8479 1118
8984 1119
2532 1120
1488 1121
13657 1122
6625 1123
11760 1124
5366 1125
12824 1126
6313 1127
3098 1128
4161 1129
6112 1130
8426 1131
10712 1132
4280 1133
8901 1134
12800 1135
11903 1136
9620 1137
12722 1138
11835 1139
6501 1140
1960 1141
4525 1142
4523 1143
13124 1144
1765 1145
11150 1146
7769 1147
1029 1148
6346 1149
3679 1150
4064 1151
13940 1152
650 1153
7266 1154
11597 1155
10863 1156
5930 1157
3263 1158
5212 1159
439 1160
10285 1161
3121 1162
7152 1163
9931 1164
4847 1165
1014 1166
12177 1167
4273 1168
10906 1169
1327 1170
11844 1171
9360 1172
4588 1173
8041 1174
7637 1175
7351 1176
2928 1177
10070 1178
10267 1179
861 1180
6269 1181
9084 1182
2279 1183
11524 1184
8841 1185
12610 1186
2307 1187
286 1188
10893 1189
1115 1190
5607 1191
10826 1192
2137 1193
299 1194
1168 1195
13296 1196
6623 1197
12613 1198
11022 1199
4077 1200
4761 1201
8721 1202
2509 1203
8896 1204
2681 1205
11888 1206
11467 1207
5696 1208
11505 1209
6076 1210
3611 1211
595 1212
1557 1213
5865 1214
4559 1215
12640 1216
6880 1217
11313 1218
5006 1219
13381 1220
13398 1221
4008 1222
12454 1223
3837 1224
11972 1225
2484 1226
880 1227
10739 1228
2679 1229
7574 1230
307 1231
11864 1232
46 1233
7185 1234
3433 1235
3261 1236
996 1237
6049 1238
9516 1239
7162 1240
1666 1241
4787 1242
13417 1243
9971 1244
908 1245
155 1246
3574 1247
2787 1248
11258 1249
5325 1250
7952 1251
12830 1252
7451 1253
12428 1254
6380 1255
3467 1256
811 1257
4213 1258
2292 1259
10966 1260
214 1261
8913 1262
4534 1263
13108 1264
2386 1265
9563 1266
12642 1267
9960 1268
9798 1269
12191 1270
13763 1271
8793 1272
11456 1273
7069 1274
4071 1275
11107 1276
6328 1277
12648 1278
291 1279
10112 1280
6661 1281
1388 1282
7773 1283
8258 1284
12072 1285
1668 1286
5340 1287
3429 1288
12355 1289
6094 1290
1686 1291
8439 1292
8550 1293
4239 1294
7817 1295
8163 1296
5499 1297
12612 1298
362 1299
4545 1300
13957 1301
12700 1302
8377 1303
6897 1304
2032 1305
8857 1306
2430 1307
8962 1308
7839 1309
5028 1310
5948 1311
7611 1312
13318 1313
10858 1314
11300 1315
9285 1316
1688 1317
4667 1318
4775 1319
4152 1320
11208 1321
7279 1322
11047 1323
5165 1324
188 1325
8631 1326
12038 1327
4315 1328
10608 1329
1672 1330
2389 1331
11988 1332
5272 1333
6233 1334
10720 1335
4747 1336
4997 1337
13837 1338
5265 1339
6488 1340
214 1341
1625 1342
13543 1343
3230 1344
8751 1345
10890 1346
11588 1347
11330 1348
11098 1349
1486 1350
5006 1351
10868 1352
13102 1353
4671 1354
11154 1355
1170 1356
12435 1357
12640 1358
11775 1359
11641 1360
2501 1361
1357 1362
4681 1363
8241 1364
2867 1365
2413 1366
6171 1367
13512 1368
7471 1369
1110 1370
13489 1371
4249 1372
10862 1373
4281 1374
12344 1375
6773 1376
11186 1377
1662 1378
4647 1379
11041 1380
1688 1381
1460 1382
2417 1383
7409 1384
13876 1385
646 1386
8492 1387
9252 1388
9512 1389
3774 1390
5340 1391
4304 1392
10648 1393
3631 1394
12597 1395
3732 1396
11203 1397
13007 1398
907 1399
