1350 100
11895 0
8249 1
1900 2
12788 3
13169 4
3713 5
8647 6
8376 7
5324 8
1510 9
12980 10
9686 11
4144 12
9315 13
1169 14
12794 15
3103 16
1632 17
11854 18
12405 19
2382 20
5517 21
2940 22
6134 23
8039 24
8602 25
634 26
10887 27
7959 28
3356 29
7220 30
3928 31
6690 32
7846 33
13135 34
1063 35
12330 36
9989 37
8674 38
3395 39
8663 40
8338 41
4124 42
9923 43
9688 44
9531 45
37 46
13304 47
8100 48
8395 49
11303 50
1261 51
7624 52
3839 53
10743 54
5098 55
11600 56
255 57
954 58
11367 59
1874 60
11515 61
1116 62
3365 63
2097 64
2803 65
3666 66
10633 67
3360 68
8167 69
4388 70
4065 71
10695 72
10694 73
12057 74
6030 75
719 76
6160 77
10865 78
3132 79
2899 80
11156 81
8493 82
4538 83
2318 84
8140 85
636 86
5467 87
857 88
6439 89
9903 90
1239 91
7657 92
8544 93
3210 94
5873 95
12847 96
2853 97
3511 98
6347 99
7881 100
12393 101
11505 102
8937 103
7713 104
3892 105
1535 106
10623 107
5324 108
3223 109
10331 110
3257 111
8826 112
12071 113
12318 114
3052 115
9229 116
7216 117
11216 118
8916 119
10359 120
1744 121
9997 122
3248 123
11146 124
3284 125
9309 126
13371 127
3325 128
11677 129
592 130
12499 131
8013 132
4737 133
9743 134
1824 135
947 136
4683 137
9475 138
3138 139
2691 140
12298 141
3497 142
5729 143
357 144
12003 145
1893 146
6128 147
5596 148
7979 149
12638 150
7783 151
7192 152
2662 153
12005 154
8277 155
291 156
9707 157
12805 158
4842 159
12220 160
1132 161
9423 162
6397 163
7525 164
13404 165
805 166
3247 167
4099 168
9741 169
13428 170
10069 171
6812 172
6229 173
4011 174
6642 175
12968 176
6434 177
4582 178
1365 179
6904 180
3309 181
619 182
1075 183
2487 184
11458 185
339 186
10953 187
263 188
11913 189
5004 190
13182 191
6951 192
8564 193
4284 194
7457 195
1499 196
2493 197
193 198
479 199
7236 200
12879 201
2430 202
1254 203
2446 204
3422 205
1083 206
8413 207
10566 208
2128 209
1104 210
925 211
12086 212
10013 213
7987 214
2984 215
9575 216
8529 217
11245 218
9335 219
12573 220
2067 221
9109 222
5887 223
12313 224
5319 225
7534 226
3098 227
3235 228
11239 229
11573 230
4382 231
6969 232
9965 233
1990 234
11579 235
6255 236
10616 237
3340 238
2741 239
8623 240
6593 241
7657 242
6130 243
3312 244
4567 245
10577 246
7305 247
11723 248
11266 249
11666 250
6331 251
11627 252
4699 253
3788 254
4973 255
5030 256
5356 257
13419 258
4993 259
5147 260
1089 261
3310 262
3994 263
7612 264
9065 265
4691 266
11540 267
5342 268
3144 269
7158 270
9224 271
3515 272
1808 273
259 274
13143 275
9948 276
9120 277
9864 278
3188 279
6327 280
12440 281
10255 282
2552 283
10750 284
4506 285
5416 286
10979 287
8091 288
5039 289
10002 290
3140 291
12195 292
1825 293
7241 294
9300 295
2802 296
12793 297
9224 298
3139 299
4210 300
6886 301
5614 302
8345 303
4544 304
5639 305
7804 306
289 307
2716 308
160 309
1442 310
7605 311
3955 312
5017 313
10144 314
12432 315
5033 316
1715 317
10986 318
5721 319
10219 320
7235 321
8485 322
9749 323
3706 324
10731 325
8920 326
9321 327
5698 328
8235 329
2497 330
1321 331
4821 332
4277 333
7433 334
12956 335
12699 336
10574 337
12480 338
7307 339
9574 340
13076 341
2795 342
2961 343
12644 344
636 345
271 346
5503 347
8985 348
3459 349
9569 350
4163 351
8875 352
1986 353
4971 354
11013 355
2106 356
2535 357
5693 358
2406 359
11208 360
11108 361
9174 362
2661 363
3604 364
3991 365
10702 366
2655 367
3854 368
9058 369
12345 370
6458 371
9894 372
8272 373
6574 374
95 375
9203 376
5793 377
1228 378
6291 379
1519 380
1447 381
10988 382
12432 383
12669 384
9568 385
3292 386
646 387
838 388
975 389
4263 390
10783 391
1545 392
12683 393
10984 394
12727 395
5830 396
7176 397
3174 398
8665 399
2904 400
13487 401
8902 402
8860 403
1513 404
11230 405
7514 406
4748 407
1957 408
11246 409
4001 410
3881 411
4392 412
4860 413
5957 414
4999 415
4305 416
12192 417
13155 418
11992 419
10194 420
12672 421
1898 422
1116 423
5863 424
4909 425
11015 426
8197 427
3254 428
5797 429
8952 430
4274 431
1151 432
3022 433
12543 434
4972 435
4952 436
2976 437
11191 438
11214 439
2660 440
6651 441
4463 442
5909 443
2274 444
6848 445
12519 446
1925 447
1676 448
8988 449
2019 450
2541 451
8879 452
10506 453
10310 454
3610 455
334 456
9504 457
2151 458
9609 459
10625 460
13172 461
746 462
12186 463
2181 464
7840 465
53 466
10889 467
9141 468
2225 469
9579 470
538 471
4233 472
7656 473
3911 474
13330 475
3539 476
4281 477
7485 478
9942 479
7664 480
1758 481
309 482
6988 483
13203 484
8146 485
1328 486
12328 487
4841 488
4306 489
12651 490
2420 491
1105 492
7043 493
2607 494
3637 495
13044 496
4439 497
5048 498
9389 499
9618 500
7271 501
4241 502
6511 503
3500 504
991 505
9673 506
6300 507
12964 508
58 509
11269 510
7314 511
364 512
2688 513
1816 514
7144 515
359 516
4206 517
3533 518
8536 519
637 520
10058 521
9246 522
10509 523
1602 524
7505 525
240 526
8003 527
9516 528
4339 529
2572 530
1499 531
12924 532
13493 533
7462 534
9710 535
10125 536
5559 537
4082 538
1327 539
1571 540
10917 541
970 542
8958 543
3345 544
9410 545
11235 546
11124 547
4384 548
9886 549
7152 550
3006 551
9536 552
11150 553
5642 554
1221 555
8042 556
3443 557
3295 558
5951 559
3589 560
1827 561
2302 562
4053 563
9220 564
9434 565
8144 566
9410 567
5078 568
4940 569
2313 570
10778 571
2415 572
11073 573
3583 574
6907 575
6432 576
4030 577
7843 578
656 579
13188 580
11955 581
355 582
370 583
11971 584
7022 585
12500 586
4518 587
3232 588
11319 589
3001 590
10200 591
5328 592
6460 593
4967 594
10795 595
9898 596
8053 597
10589 598
3304 599
7423 600
10270 601
4897 602
9289 603
1023 604
6352 605
11004 606
12990 607
13482 608
2291 609
226 610
9698 611
7397 612
13131 613
2984 614
3158 615
12694 616
6135 617
4116 618
1057 619
4046 620
8663 621
9138 622
152 623
3016 624
5008 625
3339 626
9050 627
9544 628
3002 629
3431 630
3621 631
11418 632
9598 633
11988 634
12009 635
6142 636
9212 637
7246 638
6060 639
3593 640
10111 641
10992 642
8841 643
11036 644
1486 645
9952 646
6033 647
11167 648
4780 649
13486 650
9848 651
3717 652
6558 653
9401 654
9890 655
2401 656
10276 657
7435 658
9958 659
7175 660
6635 661
10314 662
5859 663
4689 664
9294 665
9486 666
11047 667
916 668
6602 669
7483 670
4208 671
6428 672
11499 673
9437 674
2300 675
1856 676
10861 677
11131 678
7702 679
7422 680
386 681
7634 682
8668 683
8333 684
8191 685
4507 686
5356 687
4630 688
3687 689
12003 690
1012 691
670 692
13270 693
13417 694
11167 695
7588 696
11639 697
11836 698
6912 699
8961 700
1087 701
6418 702
4592 703
11254 704
8112 705
10151 706
5506 707
8843 708
690 709
2333 710
1996 711
1808 712
12740 713
6948 714
9896 715
11717 716
4572 717
4717 718
1718 719
6654 720
8010 721
1955 722
4632 723
596 724
2094 725
3822 726
10112 727
13393 728
4116 729
9546 730
1230 731
11190 732
1075 733
1831 734
6897 735
6817 736
796 737
5805 738
451 739
5284 740
6196 741
12507 742
1257 743
12370 744
5499 745
8679 746
3442 747
13462 748
3000 749
1058 750
5021 751
3633 752
9531 753
5597 754
4929 755
5787 756
13039 757
1938 758
5364 759
1987 760
13016 761
11384 762
2362 763
12972 764
10564 765
7493 766
731 767
7906 768
12351 769
7529 770
5491 771
11450 772
10812 773
9457 774
8154 775
4753 776
6913 777
5818 778
4845 779
8497 780
12802 781
6439 782
8815 783
12399 784
2387 785
6757 786
1693 787
1288 788
10124 789
11536 790
3275 791
4526 792
5596 793
13272 794
8108 795
7438 796
12178 797
7022 798
4168 799
11898 800
1262 801
10155 802
856 803
6658 804
1625 805
5483 806
6438 807
586 808
10422 809
4239 810
4172 811
11662 812
12528 813
9026 814
3955 815
1085 816
9548 817
1630 818
2078 819
9355 820
6710 821
3665 822
10618 823
9664 824
4121 825
655 826
2248 827
10954 828
5113 829
11210 830
12814 831
469 832
1448 833
1847 834
4478 835
3817 836
7897 837
282 838
4145 839
11829 840
8781 841
7830 842
1181 843
10572 844
7846 845
3058 846
8313 847
2209 848
135 849
599 850
674 851
5337 852
9432 853
2991 854
1060 855
1243 856
11182 857
7070 858
3359 859
423 860
4460 861
13 862
4666 863
6299 864
5681 865
6550 866
13287 867
2253 868
8703 869
11306 870
1155 871
6840 872
12922 873
9599 874
6059 875
8366 876
12770 877
49 878
12897 879
7002 880
2972 881
3740 882
367 883
4572 884
7495 885
961 886
8748 887
3988 888
3214 889
1330 890
4084 891
402 892
3726 893
13357 894
12462 895
12098 896
6965 897
6355 898
12005 899
3523 900
5095 901
4967 902
10019 903
3557 904
1775 905
5225 906
4824 907
1049 908
5474 909
8770 910
12498 911
11315 912
7110 913
1096 914
9144 915
12653 916
13324 917
11601 918
25 919
7179 920
1126 921
8382 922
4987 923
7034 924
1741 925
8377 926
2458 927
11040 928
4282 929
13161 930
7966 931
4202 932
5189 933
7572 934
12775 935
2093 936
13377 937
5021 938
5734 939
7975 940
2934 941
761 942
5972 943
1850 944
7390 945
9680 946
1492 947
2363 948
2909 949
2975 950
10472 951
11393 952
5564 953
9106 954
12277 955
6302 956
10472 957
3889 958
9794 959
11391 960
1763 961
10760 962
2226 963
8524 964
1814 965
7927 966
13125 967
4978 968
5725 969
7062 970
11722 971
11810 972
3987 973
13124 974
1071 975
7084 976
4138 977
5912 978
8231 979
10125 980
13060 981
9212 982
8894 983
3594 984
7912 985
13368 986
9911 987
13429 988
6646 989
9207 990
2367 991
10624 992
6763 993
2307 994
8865 995
787 996
10968 997
12523 998
394 999
6142 1000
12615 1001
11412 1002
6329 1003
1092 1004
2861 1005
10304 1006
4231 1007
6465 1008
3454 1009
3535 1010
5965 1011
13495 1012
12025 1013
13263 1014
7415 1015
6940 1016
12268 1017
6928 1018
10843 1019
5841 1020
10553 1021
11529 1022
3012 1023
8529 1024
6733 1025
9944 1026
12089 1027
4826 1028
10360 1029
3969 1030
377 1031
12119 1032
5440 1033
6952 1034
1343 1035
945 1036
9297 1037
10194 1038
3614 1039
11744 1040
8635 1041
4926 1042
4449 1043
9153 1044
3355 1045
5357 1046
8536 1047
7062 1048
7282 1049
10739 1050
7242 1051
11534 1052
4384 1053
3199 1054
2418 1055
11913 1056
8765 1057
2977 1058
3583 1059
1245 1060
8766 1061
8541 1062
781 1063
4654 1064
10585 1065
7436 1066
10833 1067
3621 1068
11040 1069
8949 1070
1569 1071
12652 1072
2205 1073
9449 1074
5632 1075
167 1076
9490 1077
9557 1078
8668 1079
12134 1080
6863 1081
8447 1082
12204 1083
4844 1084
2549 1085
7320 1086
11787 1087
6657 1088
5189 1089
3071 1090
7185 1091
1174 1092
8548 1093
10320 1094
1458 1095
9249 1096
10128 1097
9184 1098
12129 1099
612 1100
361 1101
12616 1102
6878 1103
10575 1104
12177 1105
1553 1106
6379 1107
10484 1108
7656 1109
12185 1110
7397 1111
8132 1112
2743 1113
11458 1114
8013 1115
12391 1116
1205 1117
4322 1118
9758 1119
8579 1120
4294 1121
6189 1122
6222 1123
3808 1124
1297 1125
6218 1126
12753 1127
6944 1128
1619 1129
10189 1130
6323 1131
6488 1132
3054 1133
2836 1134
11148 1135
7276 1136
5359 1137
1187 1138
3619 1139
9738 1140
5095 1141
3914 1142
6303 1143
7873 1144
10635 1145
1260 1146
2030 1147
5380 1148
10865 1149
11357 1150
10401 1151
913 1152
12373 1153
2599 1154
3707 1155
6639 1156
3060 1157
878 1158
5398 1159
7782 1160
11113 1161
4579 1162
10870 1163
350 1164
7389 1165
3079 1166
5575 1167
9924 1168
7608 1169
6352 1170
11231 1171
3202 1172
3717 1173
2965 1174
6718 1175
937 1176
3637 1177
11009 1178
729 1179
12465 1180
13333 1181
12875 1182
12265 1183
12178 1184
11618 1185
9114 1186
13014 1187
6358 1188
13494 1189
5899 1190
2846 1191
1426 1192
12118 1193
7093 1194
12676 1195
12904 1196
13366 1197
7545 1198
334 1199
2600 1200
2602 1201
8860 1202
2183 1203
11572 1204
9771 1205
969 1206
10376 1207
596 1208
12734 1209
11524 1210
8804 1211
2638 1212
2450 1213
6112 1214
5241 1215
5187 1216
5109 1217
1974 1218
3585 1219
10957 1220
5770 1221
10924 1222
4147 1223
3650 1224
2469 1225
10940 1226
91 1227
1738 1228
9632 1229
1793 1230
1910 1231
8702 1232
13247 1233
2411 1234
8543 1235
11857 1236
6881 1237
1889 1238
2220 1239
12929 1240
3065 1241
13053 1242
5446 1243
7142 1244
8353 1245
4041 1246
5975 1247
5672 1248
8409 1249
6224 1250
11551 1251
5051 1252
6763 1253
7910 1254
8633 1255
2599 1256
5076 1257
8552 1258
12238 1259
4004 1260
1094 1261
2807 1262
12989 1263
748 1264
12892 1265
5323 1266
2437 1267
7943 1268
8757 1269
12099 1270
6472 1271
11606 1272
6130 1273
11325 1274
3629 1275
11916 1276
9026 1277
7427 1278
1451 1279
10297 1280
11974 1281
11993 1282
2854 1283
12901 1284
2962 1285
10024 1286
10145 1287
10090 1288
5672 1289
5540 1290
3940 1291
1535 1292
10881 1293
5671 1294
857 1295
8272 1296
4760 1297
7060 1298
1632 1299
13005 1300
9215 1301
2179 1302
7876 1303
11793 1304
10242 1305
575 1306
2330 1307
4534 1308
12271 1309
2665 1310
1087 1311
2046 1312
9958 1313
5334 1314
4789 1315
1310 1316
7176 1317
6179 1318
12339 1319
3838 1320
508 1321
5715 1322
12978 1323
13157 1324
2989 1325
9209 1326
6866 1327
10105 1328
5944 1329
12355 1330
7914 1331
6085 1332
12006 1333
3603 1334
6812 1335
8202 1336
6386 1337
10552 1338
5760 1339
6082 1340
8629 1341
1332 1342
3775 1343
10867 1344
6729 1345
12532 1346
8494 1347
11600 1348
7447 1349
