1550 500
14532 0
7462 1
13093 2
1385 3
8003 4
14378 5
13863 6
9518 7
13017 8
8725 9
12234 10
5845 11
9343 12
1602 13
5496 14
9898 15
11119 16
7665 17
11556 18
10977 19
15284 20
7680 21
1636 22
26 23
2180 24
13240 25
8204 26
7668 27
4376 28
7229 29
4534 30
5342 31
10264 32
8868 33
3404 34
3075 35
5963 36
3162 37
4257 38
6034 39
151 40
8732 41
15440 42
3352 43
3761 44
10048 45
12847 46
10998 47
8724 48
10189 49
4265 50
7169 51
7784 52
13822 53
10458 54
10064 55
678 56
3396 57
8630 58
15131 59
2465 60
14168 61
10402 62
1584 63
14037 64
7196 65
132 66
2827 67
4353 68
8784 69
8096 70
2100 71
8593 72
3204 73
533 74
9966 75
15163 76
14583 77
5136 78
11757 79
1694 80
10425 81
3549 82
6677 83
3489 84
5674 85
1224 86
12290 87
13627 88
11874 89
11519 90
5630 91
12614 92
5156 93
14897 94
8287 95
1124 96
9342 97
3750 98
7784 99
8829 100
2095 101
11951 102
3645 103
5554 104
3224 105
4045 106
5843 107
399 108
209 109
11781 110
8684 111
2047 112
4546 113
9387 114
15280 115
9190 116
8211 117
13872 118
14096 119
5264 120
1901 121
1571 122
14610 123
10639 124
15318 125
8777 126
11567 127
3242 128
2689 129
12040 130
412 131
11489 132
7333 133
4670 134
1255 135
2247 136
6559 137
5543 138
6222 139
8321 140
10977 141
1348 142
3269 143
3939 144
6435 145
10441 146
14060 147
10308 148
13077 149
8499 150
7348 151
4712 152
8182 153
5515 154
612 155
2254 156
11878 157
128 158
11528 159
1521 160
11135 161
215 162
3336 163
13996 164
8622 165
8458 166
4780 167
2192 168
8671 169
1195 170
5946 171
11665 172
157 173
12892 174
10763 175
11404 176
2471 177
9840 178
12387 179
15036 180
12314 181
5680 182
637 183
9645 184
2896 185
10261 186
14669 187
7949 188
13724 189
13100 190
11548 191
6465 192
14899 193
14125 194
11099 195
4531 196
10475 197
2821 198
5375 199
11514 200
600 201
11477 202
3204 203
5780 204
10178 205
7460 206
2582 207
314 208
221 209
4809 210
10786 211
3680 212
8254 213
11943 214
15285 215
7147 216
2731 217
14580 218
1450 219
764 220
1147 221
12445 222
3681 223
12112 224
984 225
4924 226
13499 227
11612 228
538 229
2147 230
11366 231
2499 232
9879 233
11243 234
10201 235
11937 236
7095 237
152 238
5320 239
8498 240
6363 241
6438 242
13230 243
8263 244
5660 245
14672 246
1773 247
3013 248
12727 249
3244 250
4574 251
13934 252
14257 253
10803 254
8901 255
8924 256
15075 257
12512 258
3851 259
8905 260
13892 261
7350 262
12972 263
8328 264
13064 265
7776 266
8296 267
8339 268
8880 269
3699 270
6919 271
14691 272
12857 273
1214 274
5151 275
4851 276
8502 277
14643 278
5625 279
5849 280
5293 281
12405 282
11650 283
5781 284
99 285
13196 286
5840 287
2884 288
3504 289
3370 290
12743 291
10079 292
1783 293
5708 294
11260 295
2538 296
437 297
12611 298
4491 299
5099 300
12742 301
3626 302
10076 303
10422 304
5113 305
9107 306
8771 307
2567 308
2857 309
6415 310
4229 311
2484 312
4824 313
50 314
7978 315
9351 316
14507 317
12396 318
2070 319
7821 320
12806 321
9010 322
12949 323
2557 324
1327 325
8724 326
1050 327
862 328
7004 329
3863 330
13001 331
7266 332
13526 333
7148 334
2847 335
15116 336
184 337
15387 338
9100 339
7752 340
7927 341
13552 342
3925 343
15279 344
495 345
13851 346
7811 347
10275 348
5653 349
1513 350
8191 351
6875 352
4730 353
10696 354
4662 355
12316 356
13872 357
1740 358
9484 359
9966 360
14800 361
12974 362
10776 363
5498 364
327 365
5340 366
5645 367
4606 368
12582 369
14686 370
5256 371
11395 372
4279 373
13275 374
11405 375
13247 376
7548 377
7334 378
14360 379
7776 380
5815 381
9204 382
10251 383
3352 384
1488 385
5519 386
3394 387
501 388
7506 389
10700 390
6771 391
9413 392
14705 393
1086 394
9109 395
826 396
11578 397
9844 398
1254 399
1115 400
1126 401
8234 402
1936 403
13406 404
11335 405
9199 406
12494 407
987 408
3270 409
4914 410
8371 411
5821 412
6780 413
4965 414
15161 415
386 416
13819 417
8115 418
1216 419
8281 420
9305 421
10906 422
710 423
3689 424
2809 425
4834 426
14181 427
2892 428
15015 429
4961 430
4442 431
4785 432
12041 433
3378 434
4052 435
6584 436
10178 437
7055 438
6637 439
2349 440
4350 441
13184 442
10429 443
3361 444
12283 445
8367 446
1237 447
1279 448
7895 449
4006 450
7626 451
3481 452
6206 453
2007 454
11109 455
5694 456
807 457
6618 458
8999 459
14352 460
14208 461
2377 462
15185 463
9237 464
9874 465
4568 466
899 467
7224 468
5627 469
6638 470
2084 471
895 472
1914 473
6958 474
11435 475
6853 476
5625 477
8546 478
1178 479
7846 480
3481 481
4272 482
10022 483
4169 484
7056 485
4086 486
6012 487
1767 488
3151 489
9916 490
8973 491
300 492
8052 493
8326 494
10498 495
7161 496
7560 497
13713 498
4967 499
11566 500
5307 501
890 502
6250 503
314 504
5364 505
12785 506
632 507
1197 508
2325 509
15061 510
14377 511
14096 512
11194 513
2132 514
12873 515
6908 516
195 517
11410 518
9641 519
327 520
7134 521
9204 522
4466 523
4156 524
12481 525
12080 526
3575 527
12789 528
3835 529
15004 530
10970 531
4729 532
13352 533
3241 534
9088 535
1571 536
1455 537
461 538
10625 539
14866 540
337 541
6184 542
5079 543
10693 544
13982 545
6515 546
15207 547
2011 548
3535 549
13027 550
13271 551
9834 552
1998 553
4112 554
360 555
8993 556
9286 557
11358 558
138 559
13896 560
2895 561
9569 562
6200 563
10151 564
10917 565
121 566
9417 567
6218 568
2380 569
13816 570
8807 571
101 572
12111 573
851 574
8264 575
13269 576
8053 577
6120 578
3776 579
8453 580
12367 581
11251 582
12849 583
4733 584
1801 585
10255 586
8883 587
12134 588
4930 589
14482 590
10566 591
904 592
5526 593
10805 594
4043 595
3889 596
3453 597
12350 598
13779 599
1860 600
23 601
1402 602
13850 603
6179 604
9699 605
15157 606
14827 607
5318 608
911 609
4654 610
2642 611
5866 612
2468 613
10745 614
15414 615
7680 616
8585 617
13756 618
11793 619
3223 620
11247 621
8371 622
4159 623
12186 624
12407 625
11878 626
13037 627
6683 628
8630 629
9822 630
123 631
1442 632
15095 633
10800 634
14912 635
9889 636
8340 637
10081 638
11589 639
13787 640
14663 641
13916 642
13042 643
12597 644
2096 645
4502 646
7790 647
7820 648
8912 649
9206 650
8785 651
2075 652
3800 653
11778 654
2718 655
5457 656
1080 657
4324 658
639 659
6503 660
662 661
9678 662
8730 663
13732 664
15033 665
12954 666
4538 667
4054 668
13155 669
12962 670
2668 671
9596 672
11356 673
7846 674
3052 675
10177 676
5829 677
9475 678
1808 679
14985 680
14650 681
14191 682
14578 683
15332 684
6253 685
3389 686
5662 687
10592 688
2293 689
5036 690
14956 691
8597 692
13 693
6073 694
14241 695
2231 696
12921 697
6307 698
5295 699
1504 700
34 701
10734 702
6116 703
6761 704
12123 705
7121 706
13217 707
7461 708
9799 709
15165 710
5086 711
11796 712
5215 713
10050 714
5432 715
6269 716
2229 717
1178 718
3012 719
1357 720
6285 721
13678 722
6356 723
4113 724
5528 725
6414 726
4600 727
1707 728
11193 729
5666 730
10672 731
7930 732
6899 733
4539 734
1552 735
12166 736
13155 737
15390 738
10823 739
6283 740
6576 741
1080 742
10067 743
9247 744
6034 745
2383 746
6646 747
12488 748
13158 749
8459 750
9926 751
8387 752
3124 753
6275 754
2037 755
7808 756
9111 757
9780 758
13522 759
6212 760
12463 761
1346 762
7855 763
9030 764
3335 765
12662 766
604 767
7728 768
2106 769
842 770
9139 771
5692 772
14498 773
939 774
6642 775
4869 776
4893 777
7751 778
11516 779
11373 780
3243 781
6050 782
9892 783
408 784
2852 785
4720 786
12468 787
6057 788
11869 789
2162 790
10216 791
1558 792
14771 793
1809 794
8855 795
9951 796
5819 797
6703 798
1609 799
4013 800
14719 801
4603 802
11324 803
15015 804
7090 805
1247 806
10915 807
3044 808
8983 809
13950 810
9399 811
11995 812
2976 813
10879 814
13865 815
1606 816
13801 817
1582 818
11039 819
8214 820
6100 821
7217 822
12620 823
5542 824
5100 825
9220 826
3376 827
2951 828
6147 829
13219 830
1827 831
4255 832
11626 833
2735 834
7804 835
1656 836
10486 837
4430 838
6962 839
11663 840
236 841
6383 842
7491 843
11943 844
1326 845
9073 846
1896 847
14348 848
7285 849
12703 850
1062 851
5031 852
5366 853
7359 854
9312 855
8215 856
8723 857
14516 858
12792 859
14107 860
9891 861
9349 862
14962 863
6182 864
10052 865
2885 866
1145 867
6011 868
1440 869
5799 870
3759 871
2510 872
10517 873
14238 874
11634 875
6299 876
10857 877
6883 878
13884 879
1495 880
4751 881
8284 882
7094 883
7894 884
2190 885
5057 886
706 887
4358 888
7902 889
5640 890
6127 891
1339 892
12821 893
6718 894
9519 895
3030 896
332 897
13577 898
5962 899
2278 900
5255 901
11735 902
7462 903
892 904
9221 905
8781 906
8612 907
115 908
7817 909
10126 910
12238 911
10144 912
212 913
192 914
3112 915
4441 916
9756 917
7020 918
9480 919
1600 920
11599 921
5543 922
5251 923
7990 924
342 925
11390 926
911 927
6177 928
2921 929
12485 930
11859 931
3456 932
8723 933
15023 934
3886 935
8419 936
14055 937
2800 938
11337 939
541 940
4384 941
2783 942
9703 943
2362 944
12909 945
14619 946
2559 947
15249 948
9786 949
8154 950
15286 951
9485 952
11745 953
8527 954
12564 955
4135 956
1319 957
110 958
2909 959
3425 960
5186 961
4377 962
8995 963
1933 964
6147 965
862 966
11737 967
3346 968
2564 969
11054 970
3266 971
12177 972
14322 973
15093 974
4095 975
7686 976
10005 977
6449 978
3260 979
7528 980
13834 981
12007 982
5508 983
6570 984
9242 985
9936 986
2918 987
7728 988
12299 989
4703 990
3120 991
6331 992
5326 993
600 994
11227 995
10323 996
8136 997
1396 998
3076 999
848 1000
9841 1001
2983 1002
15211 1003
11197 1004
12143 1005
974 1006
2729 1007
11869 1008
13851 1009
2585 1010
10788 1011
1331 1012
286 1013
14914 1014
9532 1015
8686 1016
929 1017
7913 1018
7289 1019
3885 1020
13167 1021
403 1022
10517 1023
5102 1024
7291 1025
13280 1026
6649 1027
8339 1028
4310 1029
3085 1030
2023 1031
8124 1032
6720 1033
4656 1034
13406 1035
7995 1036
10321 1037
6997 1038
9585 1039
7545 1040
9097 1041
10101 1042
11495 1043
2379 1044
14512 1045
8174 1046
7299 1047
14446 1048
5629 1049
14915 1050
8821 1051
1530 1052
6341 1053
12788 1054
14737 1055
1279 1056
4723 1057
13929 1058
12499 1059
1461 1060
12910 1061
4465 1062
8916 1063
13514 1064
5406 1065
5376 1066
8836 1067
8084 1068
14839 1069
6363 1070
6216 1071
3575 1072
14828 1073
12486 1074
13522 1075
3731 1076
286 1077
88 1078
3284 1079
1202 1080
7381 1081
7055 1082
2011 1083
4340 1084
13302 1085
8174 1086
1191 1087
6975 1088
6013 1089
4387 1090
2100 1091
10752 1092
5980 1093
9610 1094
2580 1095
4051 1096
10972 1097
13490 1098
3825 1099
13214 1100
11848 1101
14980 1102
4909 1103
14119 1104
5531 1105
12162 1106
14709 1107
14546 1108
12103 1109
14164 1110
895 1111
12199 1112
10301 1113
6914 1114
8861 1115
9196 1116
4495 1117
15489 1118
14730 1119
1859 1120
11731 1121
11044 1122
13719 1123
11417 1124
12754 1125
110 1126
15270 1127
3439 1128
12142 1129
6535 1130
9459 1131
4348 1132
11255 1133
13879 1134
12652 1135
11380 1136
3227 1137
12358 1138
3892 1139
1196 1140
6877 1141
13987 1142
6877 1143
14174 1144
8670 1145
9859 1146
256 1147
7838 1148
11631 1149
1479 1150
73 1151
12646 1152
9076 1153
5777 1154
7593 1155
3649 1156
10543 1157
9938 1158
1091 1159
9174 1160
7615 1161
4066 1162
12249 1163
4513 1164
2618 1165
12364 1166
971 1167
4546 1168
14491 1169
1723 1170
5191 1171
79 1172
2490 1173
10736 1174
14010 1175
220 1176
6717 1177
72 1178
13096 1179
6508 1180
13242 1181
15299 1182
1691 1183
14848 1184
14409 1185
4861 1186
7522 1187
10859 1188
1083 1189
8767 1190
2117 1191
5367 1192
4458 1193
6262 1194
15104 1195
239 1196
9194 1197
2793 1198
13380 1199
7631 1200
788 1201
13969 1202
11391 1203
3391 1204
8698 1205
9000 1206
3081 1207
7411 1208
6274 1209
9073 1210
15325 1211
10424 1212
2911 1213
11722 1214
4680 1215
8745 1216
11031 1217
5479 1218
6776 1219
7411 1220
10609 1221
14421 1222
10552 1223
9479 1224
2853 1225
15476 1226
1490 1227
3902 1228
8972 1229
10462 1230
14056 1231
13772 1232
1364 1233
6179 1234
14574 1235
6429 1236
4973 1237
13997 1238
9148 1239
2191 1240
9539 1241
9802 1242
9080 1243
7528 1244
1392 1245
15175 1246
10778 1247
12116 1248
7463 1249
3027 1250
5443 1251
5685 1252
5219 1253
7420 1254
12419 1255
3803 1256
2322 1257
8546 1258
10918 1259
6697 1260
2306 1261
14433 1262
1542 1263
8414 1264
15490 1265
954 1266
4112 1267
4274 1268
4424 1269
13001 1270
6988 1271
13623 1272
175 1273
816 1274
14795 1275
13538 1276
11237 1277
14646 1278
7168 1279
14264 1280
11451 1281
1719 1282
4763 1283
9940 1284
13951 1285
11921 1286
15212 1287
7133 1288
10973 1289
11487 1290
2125 1291
4149 1292
1921 1293
14045 1294
10108 1295
5608 1296
14769 1297
2728 1298
10656 1299
2841 1300
2157 1301
15144 1302
1192 1303
941 1304
8307 1305
7561 1306
12211 1307
13987 1308
10465 1309
6353 1310
5427 1311
12012 1312
7026 1313
237 1314
13303 1315
6554 1316
3498 1317
10216 1318
10004 1319
14569 1320
8931 1321
2107 1322
3963 1323
10779 1324
4716 1325
9476 1326
7137 1327
4363 1328
5826 1329
6931 1330
4905 1331
13515 1332
4118 1333
3672 1334
9696 1335
10812 1336
61 1337
9543 1338
8899 1339
13866 1340
14057 1341
8388 1342
2866 1343
7926 1344
6597 1345
9501 1346
876 1347
10832 1348
12736 1349
3647 1350
9373 1351
3687 1352
9375 1353
4602 1354
9176 1355
11182 1356
5926 1357
7910 1358
3344 1359
5461 1360
11788 1361
5506 1362
12923 1363
4873 1364
14000 1365
5070 1366
5852 1367
10736 1368
12384 1369
13525 1370
6436 1371
8172 1372
6504 1373
6766 1374
1866 1375
7318 1376
11527 1377
2741 1378
7253 1379
3989 1380
6690 1381
2586 1382
12029 1383
11305 1384
4736 1385
8251 1386
12192 1387
6852 1388
11848 1389
4035 1390
1085 1391
7519 1392
5500 1393
11835 1394
2499 1395
1437 1396
9145 1397
9619 1398
6916 1399
1032 1400
4297 1401
9581 1402
12867 1403
7955 1404
7222 1405
12577 1406
8027 1407
12802 1408
7456 1409
6998 1410
3234 1411
361 1412
10190 1413
2403 1414
12223 1415
3232 1416
14326 1417
5190 1418
15310 1419
11638 1420
13686 1421
50 1422
3703 1423
13278 1424
4529 1425
13552 1426
9493 1427
4297 1428
4142 1429
7969 1430
4174 1431
9500 1432
7769 1433
1480 1434
1521 1435
7524 1436
9432 1437
14857 1438
10787 1439
8912 1440
509 1441
5351 1442
809 1443
11476 1444
762 1445
9511 1446
14412 1447
7035 1448
6896 1449
13399 1450
4260 1451
9661 1452
14924 1453
837 1454
5747 1455
15286 1456
10320 1457
10466 1458
14596 1459
352 1460
4161 1461
5724 1462
7979 1463
13438 1464
285 1465
1179 1466
2959 1467
9765 1468
3493 1469
14641 1470
6462 1471
14157 1472
364 1473
5199 1474
4106 1475
953 1476
3599 1477
8850 1478
2892 1479
9878 1480
5268 1481
11603 1482
11800 1483
10846 1484
3181 1485
8994 1486
2977 1487
13424 1488
11579 1489
2954 1490
9880 1491
14602 1492
14402 1493
5051 1494
11064 1495
2793 1496
5951 1497
4908 1498
14325 1499
13750 1500
11962 1501
3318 1502
13310 1503
7962 1504
3102 1505
14461 1506
602 1507
14513 1508
2295 1509
9853 1510
13617 1511
13096 1512
9147 1513
7587 1514
10702 1515
4483 1516
7400 1517
12786 1518
13922 1519
6156 1520
14811 1521
14214 1522
4624 1523
960 1524
6062 1525
9960 1526
11948 1527
3673 1528
12412 1529
12025 1530
12739 1531
7815 1532
852 1533
13976 1534
12564 1535
9014 1536
1043 1537
1615 1538
6273 1539
3548 1540
7654 1541
8795 1542
8649 1543
2015 1544
5752 1545
14267 1546
1430 1547
13142 1548
2133 1549
