100 600
376 0
538 1
156 2
557 3
342 4
616 5
256 6
165 7
342 8
266 9
37 10
816 11
950 12
463 13
104 14
516 15
88 16
995 17
310 18
148 19
732 20
244 21
717 22
535 23
198 24
829 25
444 26
139 27
861 28
946 29
215 30
886 31
718 32
327 33
683 34
686 35
516 36
951 37
878 38
503 39
248 40
788 41
275 42
575 43
625 44
749 45
927 46
250 47
145 48
616 49
101 50
869 51
930 52
325 53
231 54
38 55
771 56
352 57
170 58
217 59
905 60
95 61
590 62
934 63
12 64
183 65
752 66
9 67
240 68
72 69
777 70
636 71
940 72
730 73
969 74
211 75
49 76
452 77
541 78
190 79
321 80
423 81
605 82
423 83
647 84
836 85
590 86
99 87
769 88
406 89
322 90
566 91
645 92
487 93
316 94
620 95
335 96
355 97
314 98
312 99
