1400 200
7265 0
12471 1
9362 2
6620 3
8317 4
3468 5
7342 6
6694 7
343 8
10039 9
5750 10
8022 11
13060 12
1785 13
9666 14
11605 15
10545 16
1623 17
7433 18
2575 19
6749 20
13348 21
11150 22
4146 23
1214 24
675 25
9775 26
2331 27
5841 28
12510 29
4756 30
8560 31
2768 32
9826 33
13529 34
7398 35
7028 36
9847 37
13675 38
11347 39
5614 40
6767 41
9709 42
6666 43
7154 44
4681 45
5273 46
8535 47
4734 48
2534 49
8334 50
7587 51
8308 52
4144 53
10247 54
2709 55
2747 56
4688 57
11400 58
12051 59
13149 60
13398 61
8706 62
9890 63
6756 64
2470 65
8107 66
1786 67
724 68
10183 69
6870 70
7873 71
9056 72
12206 73
8211 74
7071 75
1413 76
6895 77
11191 78
11184 79
3081 80
13442 81
10089 82
7014 83
4806 84
8421 85
938 86
11068 87
13230 88
8832 89
6978 90
9048 91
9874 92
3780 93
659 94
2676 95
5269 96
3085 97
13869 98
12362 99
1888 100
11375 101
4438 102
976 103
3897 104
9662 105
9663 106
13062 107
6924 108
3046 109
9644 110
9445 111
2022 112
4279 113
2416 114
6673 115
1177 116
10688 117
6483 118
5160 119
9041 120
13064 121
7008 122
6876 123
2789 124
11311 125
245 126
13320 127
13993 128
13490 129
2281 130
13529 131
4407 132
13514 133
1234 134
378 135
9053 136
7255 137
2084 138
3096 139
359 140
6395 141
12703 142
1162 143
11784 144
7300 145
3492 146
13417 147
922 148
1135 149
4286 150
335 151
1279 152
3658 153
12176 154
11360 155
11950 156
441 157
5892 158
6674 159
725 160
10932 161
4287 162
514 163
850 164
13370 165
13937 166
1106 167
13598 168
4686 169
8355 170
9835 171
13472 172
11363 173
2901 174
509 175
12158 176
11880 177
7806 178
6810 179
9129 180
10427 181
4372 182
7303 183
6583 184
6370 185
413 186
3398 187
1921 188
2094 189
1556 190
11059 191
2499 192
3679 193
5588 194
2737 195
10354 196
1352 197
8005 198
6969 199
3013 200
127 201
8682 202
8573 203
2093 204
4396 205
6705 206
9983 207
4659 208
8953 209
13200 210
3772 211
10856 212
12614 213
13908 214
5329 215
10295 216
9039 217
12288 218
5195 219
6780 220
4115 221
7274 222
4669 223
1933 224
374 225
12608 226
6653 227
5008 228
12069 229
6545 230
8139 231
5901 232
4409 233
3792 234
3166 235
12304 236
9121 237
9755 238
4515 239
11718 240
930 241
3546 242
9962 243
7846 244
1991 245
5796 246
5356 247
2509 248
7729 249
1067 250
43 251
9609 252
11481 253
3699 254
3393 255
5833 256
7897 257
3419 258
9325 259
11341 260
7881 261
11211 262
5338 263
417 264
2756 265
5278 266
9840 267
673 268
8541 269
10837 270
380 271
6815 272
10263 273
3173 274
8947 275
8116 276
12466 277
11267 278
1147 279
3983 280
2872 281
9450 282
7949 283
9841 284
12211 285
9048 286
1196 287
8710 288
2030 289
11807 290
13074 291
13090 292
3765 293
5196 294
1380 295
7395 296
7518 297
6994 298
5148 299
1236 300
2941 301
13799 302
1282 303
7614 304
968 305
6355 306
8184 307
10330 308
13408 309
5165 310
4483 311
1060 312
1499 313
7796 314
1489 315
2370 316
9415 317
4913 318
10591 319
4372 320
4934 321
3238 322
6470 323
5564 324
9959 325
11422 326
3919 327
10891 328
3374 329
12681 330
10028 331
5810 332
2700 333
6198 334
307 335
8298 336
10895 337
814 338
12788 339
7681 340
4741 341
12609 342
7091 343
1637 344
6452 345
9796 346
12178 347
4164 348
2867 349
12674 350
123 351
10530 352
2166 353
4818 354
2452 355
5842 356
5720 357
13982 358
10217 359
13085 360
11734 361
4709 362
9509 363
4216 364
4073 365
6509 366
8553 367
13328 368
4221 369
12437 370
3648 371
5189 372
2630 373
8226 374
9687 375
10067 376
9885 377
351 378
11473 379
12766 380
2340 381
2783 382
4219 383
8831 384
1796 385
8148 386
8756 387
27 388
7632 389
10979 390
9496 391
6534 392
10747 393
3790 394
9895 395
13865 396
1821 397
9983 398
9837 399
3000 400
8480 401
1331 402
6526 403
12679 404
4023 405
8634 406
10750 407
2376 408
2542 409
2804 410
4585 411
6895 412
5389 413
11620 414
197 415
11690 416
2855 417
7559 418
12435 419
8007 420
12842 421
9002 422
6213 423
11111 424
10717 425
261 426
11507 427
11881 428
5888 429
2471 430
11453 431
2024 432
3185 433
8958 434
1897 435
5715 436
7372 437
6655 438
3091 439
6299 440
12507 441
12072 442
7868 443
12763 444
8000 445
2332 446
7585 447
4425 448
6315 449
6518 450
1629 451
2951 452
12700 453
10294 454
5586 455
10887 456
13080 457
4166 458
6056 459
2995 460
3040 461
165 462
857 463
5573 464
12879 465
3173 466
5912 467
7426 468
12 469
12838 470
1135 471
3341 472
8793 473
6778 474
296 475
10896 476
6889 477
6907 478
1366 479
3687 480
1644 481
1137 482
9071 483
1851 484
1695 485
6881 486
5617 487
1329 488
8650 489
395 490
2226 491
4210 492
6927 493
8045 494
1208 495
11323 496
4523 497
6638 498
7753 499
6927 500
9099 501
529 502
12559 503
11499 504
7707 505
7137 506
3737 507
251 508
2250 509
2816 510
7747 511
447 512
6940 513
1339 514
10103 515
6474 516
4603 517
7549 518
5954 519
4016 520
5994 521
11639 522
11242 523
13000 524
11517 525
6462 526
7559 527
1082 528
13008 529
13862 530
11397 531
2527 532
13939 533
5189 534
7279 535
5853 536
1675 537
12411 538
6710 539
1590 540
13348 541
7777 542
13122 543
13773 544
212 545
4372 546
2155 547
2617 548
9130 549
3105 550
7764 551
1485 552
5640 553
1162 554
1903 555
5026 556
9612 557
11767 558
5310 559
13443 560
12974 561
4822 562
123 563
7307 564
10546 565
11734 566
7280 567
13333 568
11998 569
665 570
10952 571
10443 572
3305 573
4036 574
12029 575
2074 576
5144 577
7009 578
11482 579
1562 580
3692 581
10089 582
4371 583
13366 584
3030 585
5436 586
12009 587
585 588
11393 589
3198 590
1230 591
6271 592
9741 593
11707 594
10723 595
2530 596
2042 597
2449 598
5110 599
8667 600
12717 601
5423 602
10925 603
13829 604
10533 605
2547 606
3130 607
10298 608
3735 609
13261 610
4506 611
9843 612
1979 613
5312 614
13552 615
5877 616
10945 617
12330 618
5783 619
8051 620
11691 621
12516 622
5963 623
8169 624
10186 625
11505 626
2839 627
871 628
2847 629
9248 630
11452 631
12380 632
8760 633
574 634
5017 635
12887 636
8626 637
12190 638
9604 639
7330 640
5052 641
8293 642
6267 643
3850 644
7526 645
12693 646
3392 647
6498 648
11534 649
4322 650
6924 651
10456 652
1669 653
2685 654
1213 655
12273 656
13209 657
12020 658
6196 659
11228 660
13573 661
10524 662
5961 663
1984 664
13204 665
13541 666
556 667
10507 668
10676 669
1736 670
4044 671
2180 672
11687 673
3627 674
13880 675
12118 676
2044 677
7547 678
7987 679
3366 680
2712 681
860 682
5241 683
471 684
5675 685
953 686
6613 687
12902 688
11565 689
13308 690
10402 691
954 692
6900 693
5519 694
2080 695
7189 696
8859 697
12231 698
6406 699
2033 700
5899 701
1507 702
10605 703
9529 704
4301 705
5944 706
3273 707
8805 708
12755 709
10028 710
5155 711
1262 712
4248 713
4118 714
687 715
8338 716
11206 717
3321 718
1634 719
9674 720
8278 721
6607 722
140 723
10948 724
2203 725
1072 726
11607 727
8280 728
6937 729
8335 730
4498 731
10878 732
7334 733
11177 734
3732 735
890 736
2748 737
3543 738
4776 739
9540 740
2558 741
2651 742
5523 743
12113 744
8335 745
7352 746
1506 747
6329 748
8 749
7071 750
11894 751
11870 752
9324 753
8407 754
2053 755
11177 756
6224 757
6648 758
7364 759
2691 760
10997 761
3755 762
13486 763
1264 764
9495 765
2117 766
4755 767
12376 768
5601 769
2010 770
2441 771
8759 772
5650 773
2431 774
5873 775
7799 776
174 777
9662 778
9397 779
7754 780
12872 781
2275 782
4541 783
5939 784
7744 785
13630 786
704 787
8090 788
8745 789
13539 790
8926 791
1147 792
9170 793
9649 794
12364 795
10393 796
1899 797
12478 798
11389 799
8594 800
11186 801
6314 802
4646 803
6524 804
12007 805
4329 806
1872 807
12654 808
9505 809
3875 810
924 811
9462 812
6394 813
4185 814
2569 815
11745 816
2633 817
13450 818
6344 819
12575 820
9141 821
1899 822
12994 823
1226 824
5142 825
11306 826
6410 827
10251 828
11179 829
3779 830
1798 831
5188 832
4889 833
3645 834
5733 835
9065 836
8202 837
2945 838
13305 839
1033 840
9608 841
4560 842
1796 843
11345 844
2899 845
2114 846
8369 847
10971 848
11952 849
10594 850
8261 851
3713 852
10955 853
4403 854
664 855
9352 856
1884 857
8819 858
6716 859
10044 860
5328 861
10989 862
8056 863
1183 864
7613 865
13636 866
7137 867
10413 868
12626 869
13818 870
7032 871
11171 872
1129 873
5786 874
3281 875
1757 876
10710 877
351 878
12869 879
7990 880
392 881
7450 882
5097 883
3904 884
5646 885
2735 886
6202 887
4130 888
3922 889
6255 890
2946 891
5093 892
447 893
4646 894
4134 895
5610 896
2648 897
11122 898
759 899
11219 900
2917 901
3198 902
2362 903
7016 904
7533 905
7303 906
4700 907
5703 908
7684 909
1622 910
10216 911
3188 912
5947 913
10045 914
5978 915
2956 916
7653 917
6417 918
4326 919
182 920
8926 921
3759 922
420 923
6929 924
1438 925
1305 926
1732 927
12084 928
6570 929
12642 930
9796 931
11607 932
8147 933
223 934
3987 935
10863 936
7810 937
3740 938
6849 939
8200 940
4266 941
12163 942
4275 943
5537 944
13910 945
10485 946
7563 947
976 948
2523 949
6512 950
10790 951
2854 952
11989 953
7718 954
10317 955
6513 956
1142 957
9270 958
1973 959
10216 960
11136 961
3610 962
4821 963
6967 964
2881 965
3182 966
6465 967
4605 968
13504 969
964 970
61 971
485 972
1043 973
13000 974
13720 975
3297 976
5893 977
8722 978
13659 979
4677 980
5773 981
10449 982
6770 983
11250 984
1816 985
2329 986
4674 987
10263 988
1704 989
2720 990
11957 991
4696 992
10670 993
13151 994
2047 995
9480 996
7786 997
9199 998
4730 999
3638 1000
10521 1001
13749 1002
1835 1003
11764 1004
331 1005
13022 1006
2187 1007
13190 1008
12463 1009
10808 1010
12049 1011
246 1012
2852 1013
7361 1014
823 1015
2516 1016
3883 1017
11712 1018
12465 1019
4370 1020
5783 1021
7157 1022
6058 1023
8624 1024
7960 1025
4902 1026
7189 1027
12934 1028
10292 1029
5095 1030
6119 1031
13398 1032
13215 1033
10252 1034
4902 1035
493 1036
11461 1037
7127 1038
3870 1039
8172 1040
2993 1041
7231 1042
3332 1043
1889 1044
6180 1045
10895 1046
13082 1047
12880 1048
6615 1049
11817 1050
4111 1051
8296 1052
2472 1053
10577 1054
6152 1055
6654 1056
4978 1057
13859 1058
3542 1059
4734 1060
5392 1061
9654 1062
12085 1063
4593 1064
11958 1065
575 1066
3621 1067
348 1068
54 1069
11727 1070
1646 1071
5004 1072
12461 1073
9466 1074
5639 1075
11706 1076
6315 1077
13795 1078
5155 1079
9980 1080
2225 1081
10709 1082
10202 1083
3982 1084
7411 1085
11648 1086
1422 1087
13111 1088
134 1089
7264 1090
10771 1091
13458 1092
8937 1093
9373 1094
10855 1095
1383 1096
10904 1097
5232 1098
6388 1099
2430 1100
2535 1101
8212 1102
3615 1103
1295 1104
1697 1105
1171 1106
11605 1107
8952 1108
6843 1109
12160 1110
5037 1111
12594 1112
6532 1113
4759 1114
3140 1115
9371 1116
2170 1117
1409 1118
12681 1119
2955 1120
12565 1121
3075 1122
1694 1123
10473 1124
9406 1125
6783 1126
2531 1127
13126 1128
12854 1129
12425 1130
12942 1131
9052 1132
2613 1133
2573 1134
7916 1135
7434 1136
2629 1137
4253 1138
3624 1139
1076 1140
11478 1141
7698 1142
11518 1143
6574 1144
6615 1145
9753 1146
1089 1147
10427 1148
6177 1149
7415 1150
1064 1151
2959 1152
3916 1153
4395 1154
13591 1155
10231 1156
7165 1157
10574 1158
9366 1159
12835 1160
903 1161
5482 1162
8269 1163
10744 1164
1158 1165
10993 1166
13693 1167
13006 1168
6291 1169
6438 1170
11523 1171
8599 1172
12282 1173
10762 1174
9590 1175
1690 1176
11777 1177
8396 1178
2737 1179
1275 1180
13391 1181
988 1182
6302 1183
353 1184
13689 1185
3658 1186
6821 1187
2965 1188
469 1189
7020 1190
450 1191
9984 1192
10244 1193
9545 1194
2210 1195
5820 1196
6713 1197
4615 1198
1986 1199
9933 1200
4894 1201
1509 1202
4762 1203
9787 1204
1133 1205
998 1206
10550 1207
1080 1208
1821 1209
10266 1210
11652 1211
496 1212
5271 1213
1891 1214
57 1215
3018 1216
11140 1217
2818 1218
8268 1219
5399 1220
1380 1221
6298 1222
10469 1223
10261 1224
2027 1225
9852 1226
5175 1227
8410 1228
12693 1229
2668 1230
5030 1231
8008 1232
7341 1233
12349 1234
7293 1235
390 1236
11823 1237
3370 1238
3807 1239
337 1240
8606 1241
3281 1242
7424 1243
1241 1244
6049 1245
4524 1246
6473 1247
12429 1248
1361 1249
8159 1250
1700 1251
1842 1252
3000 1253
10993 1254
11317 1255
2748 1256
1901 1257
3643 1258
8768 1259
10793 1260
2895 1261
5101 1262
366 1263
2357 1264
303 1265
6311 1266
117 1267
5803 1268
4839 1269
11951 1270
10601 1271
9744 1272
4983 1273
1632 1274
12463 1275
13816 1276
9452 1277
4356 1278
3868 1279
5102 1280
12571 1281
699 1282
3511 1283
6136 1284
2539 1285
9210 1286
2854 1287
8447 1288
7129 1289
4026 1290
3688 1291
6925 1292
1904 1293
6001 1294
9957 1295
2213 1296
3944 1297
9445 1298
13971 1299
3843 1300
4360 1301
3469 1302
2164 1303
13911 1304
4914 1305
10777 1306
13595 1307
9168 1308
2362 1309
181 1310
9124 1311
8186 1312
4848 1313
8175 1314
8966 1315
13376 1316
4810 1317
6614 1318
13317 1319
13112 1320
6095 1321
2814 1322
6829 1323
1708 1324
9769 1325
3013 1326
10084 1327
1976 1328
12687 1329
12377 1330
659 1331
12310 1332
11663 1333
4220 1334
13007 1335
11260 1336
34 1337
9793 1338
3536 1339
3102 1340
7791 1341
5879 1342
10469 1343
7860 1344
9558 1345
8681 1346
4703 1347
547 1348
1864 1349
4740 1350
3445 1351
10325 1352
9948 1353
10297 1354
8040 1355
323 1356
2896 1357
475 1358
4702 1359
11753 1360
2688 1361
419 1362
657 1363
11419 1364
4759 1365
13151 1366
3091 1367
5564 1368
3191 1369
12623 1370
9528 1371
8225 1372
6947 1373
10077 1374
6686 1375
3004 1376
3734 1377
9596 1378
8047 1379
13767 1380
7722 1381
10079 1382
6635 1383
3888 1384
11036 1385
13599 1386
12505 1387
1777 1388
5807 1389
1439 1390
6193 1391
8952 1392
927 1393
6535 1394
9086 1395
13613 1396
3731 1397
2674 1398
10115 1399
