1350 450
4977 0
7849 1
6898 2
7076 3
3114 4
11647 5
5817 6
11617 7
9054 8
11047 9
10528 10
3960 11
9221 12
8941 13
1167 14
380 15
12786 16
3011 17
3810 18
4515 19
11257 20
2468 21
8108 22
3689 23
8855 24
2088 25
8175 26
11235 27
12417 28
8948 29
4251 30
11030 31
11708 32
8889 33
4583 34
4156 35
11112 36
9546 37
8330 38
6679 39
7617 40
9285 41
11276 42
12971 43
6782 44
7347 45
3850 46
3259 47
10622 48
6106 49
2804 50
4982 51
4133 52
10962 53
12470 54
9758 55
9643 56
5255 57
9332 58
13272 59
11991 60
8485 61
4902 62
1201 63
11881 64
9317 65
6152 66
13143 67
9692 68
13081 69
13065 70
7311 71
7471 72
2969 73
131 74
8205 75
6187 76
12687 77
7614 78
3885 79
2242 80
5494 81
8555 82
8996 83
11702 84
9889 85
11186 86
1585 87
333 88
5873 89
10634 90
338 91
13163 92
4524 93
11781 94
3564 95
10326 96
2820 97
10734 98
3089 99
5631 100
7743 101
1546 102
9134 103
6875 104
12018 105
1829 106
6636 107
8964 108
9785 109
10261 110
7917 111
8209 112
6414 113
12333 114
10677 115
5538 116
7020 117
9034 118
13038 119
781 120
10090 121
9530 122
12312 123
2843 124
3521 125
10556 126
8955 127
8614 128
8853 129
13222 130
1602 131
8483 132
10821 133
3733 134
9186 135
644 136
12942 137
5604 138
6281 139
2340 140
807 141
13334 142
8993 143
11137 144
6877 145
5838 146
6105 147
668 148
1737 149
13145 150
9086 151
12238 152
6491 153
7863 154
6296 155
3171 156
7694 157
1830 158
9027 159
210 160
56 161
9013 162
6717 163
5869 164
5335 165
9249 166
7199 167
5801 168
8560 169
508 170
4669 171
1811 172
6005 173
3562 174
1606 175
2414 176
10865 177
4473 178
5141 179
11490 180
7775 181
10984 182
5661 183
12653 184
7087 185
7648 186
9997 187
12129 188
5787 189
8805 190
6539 191
3436 192
10413 193
5662 194
10592 195
10448 196
3456 197
366 198
7358 199
3483 200
4317 201
10317 202
9003 203
13268 204
7853 205
11526 206
2933 207
19 208
5058 209
9760 210
5068 211
10006 212
7597 213
8148 214
180 215
5029 216
9381 217
12142 218
13022 219
7957 220
12335 221
977 222
670 223
12905 224
3819 225
1864 226
12084 227
9098 228
2342 229
10690 230
4256 231
13409 232
10412 233
3381 234
11614 235
10933 236
6670 237
8632 238
3755 239
10642 240
8786 241
9526 242
8318 243
6793 244
9661 245
13223 246
9372 247
4629 248
6554 249
12339 250
967 251
1791 252
12844 253
10166 254
1440 255
13074 256
2622 257
6094 258
10250 259
190 260
4942 261
9545 262
3216 263
11459 264
8589 265
1592 266
4991 267
5024 268
1537 269
1056 270
8389 271
3209 272
1842 273
2991 274
9021 275
9225 276
7006 277
8644 278
3306 279
2749 280
13157 281
1323 282
10656 283
13162 284
6292 285
10810 286
4594 287
10614 288
3211 289
8504 290
13370 291
10133 292
11236 293
5487 294
6492 295
3541 296
12451 297
12890 298
6687 299
6847 300
6499 301
8968 302
13462 303
6011 304
2773 305
10036 306
9951 307
3203 308
9155 309
8414 310
1380 311
492 312
8995 313
5257 314
872 315
1384 316
4838 317
10376 318
11515 319
11720 320
3881 321
3744 322
3387 323
5810 324
9917 325
3316 326
9956 327
8617 328
1925 329
6610 330
7019 331
5431 332
5210 333
8851 334
8430 335
5637 336
8970 337
1157 338
2342 339
6676 340
5347 341
4187 342
6830 343
2812 344
12377 345
2470 346
12119 347
246 348
2387 349
11850 350
2679 351
4267 352
3037 353
3499 354
5122 355
4444 356
12360 357
8198 358
3147 359
834 360
198 361
670 362
7573 363
1780 364
6992 365
11845 366
1800 367
3972 368
225 369
12046 370
9903 371
6896 372
228 373
367 374
91 375
1192 376
7031 377
326 378
6140 379
11564 380
2873 381
4537 382
12042 383
1478 384
9371 385
10703 386
11067 387
13335 388
10925 389
6333 390
2701 391
12353 392
10378 393
4052 394
13256 395
6468 396
1548 397
10693 398
1594 399
7822 400
7370 401
8849 402
3206 403
7918 404
3820 405
275 406
11755 407
1043 408
9418 409
7061 410
8155 411
5885 412
10145 413
3184 414
2435 415
1123 416
3622 417
2153 418
3782 419
13170 420
12382 421
4475 422
4538 423
151 424
2186 425
3710 426
1042 427
9678 428
2332 429
13455 430
4913 431
3314 432
8784 433
5058 434
5749 435
4717 436
2807 437
5189 438
12903 439
3514 440
6019 441
6276 442
1714 443
1863 444
1303 445
3423 446
3945 447
6677 448
4035 449
5752 450
12339 451
3803 452
1191 453
12629 454
10708 455
199 456
4710 457
2090 458
12972 459
2091 460
4914 461
5367 462
13075 463
733 464
9369 465
7127 466
3540 467
10398 468
8118 469
10838 470
4543 471
13489 472
7629 473
1423 474
2728 475
3747 476
5395 477
10743 478
1897 479
9623 480
6570 481
10254 482
964 483
5106 484
694 485
7078 486
7285 487
6979 488
10583 489
12546 490
12270 491
3855 492
2520 493
1473 494
12578 495
7129 496
6849 497
1141 498
5146 499
7876 500
13419 501
2541 502
6596 503
10916 504
5532 505
2492 506
12638 507
1607 508
8061 509
10104 510
12356 511
6671 512
10321 513
8304 514
11353 515
13211 516
5069 517
9599 518
5638 519
5273 520
1465 521
7586 522
10659 523
6403 524
1354 525
8015 526
9227 527
1694 528
4441 529
1699 530
6265 531
8809 532
6251 533
4943 534
11389 535
9483 536
9552 537
7216 538
5679 539
13042 540
8042 541
11723 542
9053 543
12741 544
13177 545
3392 546
10551 547
2068 548
450 549
5111 550
1027 551
6955 552
11514 553
7755 554
13118 555
4471 556
4243 557
9740 558
5794 559
5336 560
9686 561
10551 562
6874 563
10052 564
6006 565
3119 566
10782 567
478 568
3050 569
6905 570
935 571
12275 572
11936 573
2276 574
10387 575
10795 576
2489 577
10569 578
4201 579
1100 580
5011 581
3778 582
12071 583
12827 584
4361 585
4425 586
950 587
7531 588
8807 589
12782 590
12565 591
11779 592
7692 593
8234 594
10255 595
7856 596
12738 597
3451 598
8530 599
1232 600
5625 601
4102 602
11163 603
2727 604
4174 605
9527 606
3579 607
8801 608
12896 609
647 610
12883 611
6033 612
3860 613
5022 614
1942 615
8439 616
9016 617
12127 618
12471 619
8888 620
950 621
5526 622
6126 623
10883 624
1672 625
928 626
6909 627
12855 628
4609 629
12448 630
11697 631
6445 632
11785 633
9785 634
9939 635
6585 636
8631 637
1732 638
9767 639
299 640
785 641
3160 642
5932 643
6186 644
1718 645
2575 646
667 647
8064 648
10741 649
8936 650
5826 651
2614 652
4162 653
4221 654
4926 655
11416 656
1781 657
12492 658
10773 659
9393 660
5289 661
10243 662
1016 663
1689 664
7198 665
1635 666
7614 667
2335 668
5428 669
3545 670
970 671
10942 672
6919 673
9222 674
9642 675
5156 676
2493 677
1400 678
13329 679
13249 680
5095 681
3055 682
4887 683
942 684
9135 685
10659 686
3532 687
4006 688
3572 689
11676 690
5208 691
9290 692
1586 693
6149 694
10884 695
9932 696
8302 697
12387 698
10865 699
6606 700
13074 701
9882 702
8378 703
1698 704
2624 705
5239 706
1513 707
9946 708
12633 709
8152 710
13299 711
13332 712
412 713
9735 714
2202 715
10812 716
7225 717
11563 718
2880 719
8103 720
2119 721
3329 722
11923 723
4653 724
7876 725
9660 726
4130 727
12307 728
13359 729
8328 730
11284 731
13445 732
7954 733
8303 734
9683 735
10902 736
5047 737
2169 738
4166 739
2694 740
13212 741
6755 742
12656 743
9817 744
4946 745
10057 746
5719 747
12989 748
4573 749
11522 750
10820 751
12751 752
6763 753
6710 754
9178 755
8598 756
9575 757
4682 758
4430 759
4758 760
8394 761
12054 762
7595 763
6939 764
8299 765
2574 766
2390 767
2036 768
3572 769
12782 770
188 771
4215 772
11541 773
10129 774
4137 775
5030 776
7144 777
4001 778
729 779
1780 780
1400 781
8017 782
11241 783
9095 784
5815 785
6931 786
9272 787
13217 788
8853 789
4178 790
6341 791
7515 792
3606 793
2180 794
1530 795
7428 796
1518 797
4696 798
1836 799
11838 800
11108 801
6229 802
10714 803
4803 804
1891 805
3305 806
7941 807
3478 808
2363 809
4680 810
10841 811
10931 812
1215 813
2687 814
11348 815
10561 816
1005 817
10696 818
12093 819
13094 820
5482 821
389 822
6835 823
8171 824
2782 825
11527 826
7936 827
4212 828
13379 829
471 830
4168 831
4518 832
13343 833
10734 834
8509 835
1727 836
2864 837
13140 838
7517 839
9440 840
191 841
1206 842
8662 843
12322 844
1999 845
12457 846
1531 847
11469 848
11996 849
1913 850
10472 851
7884 852
6842 853
4275 854
4979 855
11669 856
13332 857
1820 858
3824 859
4438 860
4649 861
3569 862
13113 863
12608 864
6078 865
1040 866
12117 867
2804 868
4529 869
11579 870
3895 871
11588 872
600 873
4457 874
5853 875
8597 876
12233 877
10817 878
102 879
10860 880
769 881
2907 882
7041 883
2402 884
1476 885
12077 886
8359 887
1499 888
1375 889
4952 890
3217 891
9269 892
8850 893
4499 894
5948 895
4779 896
6656 897
10940 898
8053 899
8851 900
2028 901
2852 902
3245 903
10778 904
13442 905
5135 906
1913 907
398 908
4019 909
1464 910
7943 911
8480 912
10696 913
10857 914
11380 915
6740 916
8558 917
10200 918
3506 919
11205 920
2649 921
804 922
2439 923
57 924
10106 925
10637 926
6447 927
965 928
9089 929
4883 930
2410 931
3873 932
9511 933
12862 934
10136 935
3896 936
11596 937
8378 938
10393 939
8483 940
2425 941
2940 942
7830 943
7422 944
3045 945
4331 946
6937 947
4700 948
6707 949
4551 950
13089 951
13090 952
12469 953
11010 954
8136 955
11099 956
3074 957
3296 958
11742 959
4324 960
1443 961
11815 962
3953 963
9918 964
11403 965
13437 966
612 967
11251 968
4228 969
1031 970
10328 971
5314 972
3308 973
8350 974
361 975
12304 976
2730 977
9148 978
961 979
9 980
1417 981
7351 982
9188 983
3672 984
1195 985
12655 986
3388 987
3941 988
9378 989
9179 990
11127 991
13330 992
13108 993
11879 994
1237 995
1404 996
2086 997
986 998
11124 999
10742 1000
2483 1001
7347 1002
8562 1003
5174 1004
9916 1005
5098 1006
1106 1007
6872 1008
13473 1009
10533 1010
5386 1011
5617 1012
10413 1013
6103 1014
9730 1015
1162 1016
2858 1017
2380 1018
9760 1019
1441 1020
11468 1021
9516 1022
3604 1023
6482 1024
12835 1025
8405 1026
5968 1027
4871 1028
5664 1029
3440 1030
9475 1031
11827 1032
12104 1033
12509 1034
9019 1035
7567 1036
8249 1037
2394 1038
10438 1039
9641 1040
7139 1041
1104 1042
6748 1043
614 1044
861 1045
8150 1046
13481 1047
10533 1048
2974 1049
7819 1050
6793 1051
13047 1052
13052 1053
558 1054
985 1055
8467 1056
887 1057
546 1058
426 1059
1427 1060
2999 1061
3987 1062
4771 1063
6877 1064
11974 1065
6234 1066
49 1067
13483 1068
275 1069
3310 1070
5225 1071
2928 1072
7228 1073
13450 1074
1035 1075
2632 1076
67 1077
5814 1078
1454 1079
10861 1080
2238 1081
7361 1082
4125 1083
9328 1084
11340 1085
11002 1086
4034 1087
5850 1088
13357 1089
6339 1090
10939 1091
2622 1092
8900 1093
12213 1094
8490 1095
11466 1096
9208 1097
6867 1098
13402 1099
12071 1100
8628 1101
1651 1102
2595 1103
10832 1104
7923 1105
8772 1106
12746 1107
10525 1108
6943 1109
11724 1110
5731 1111
810 1112
2515 1113
5934 1114
6149 1115
6758 1116
11019 1117
11864 1118
5865 1119
13351 1120
11174 1121
222 1122
7065 1123
6679 1124
1554 1125
10850 1126
7596 1127
10988 1128
6719 1129
4479 1130
10850 1131
9669 1132
530 1133
12208 1134
5416 1135
9859 1136
5242 1137
6487 1138
7613 1139
6622 1140
12034 1141
13389 1142
4161 1143
508 1144
6527 1145
1700 1146
12099 1147
4303 1148
5177 1149
5720 1150
4095 1151
5371 1152
12349 1153
5064 1154
4684 1155
11250 1156
13397 1157
13370 1158
13025 1159
5713 1160
9457 1161
13451 1162
13416 1163
1985 1164
12688 1165
12785 1166
12173 1167
12261 1168
13438 1169
2168 1170
8794 1171
8484 1172
1483 1173
1654 1174
6962 1175
772 1176
11902 1177
5265 1178
11086 1179
3007 1180
3425 1181
11624 1182
3494 1183
2619 1184
9230 1185
5806 1186
11511 1187
5578 1188
2145 1189
3663 1190
4170 1191
313 1192
1450 1193
10018 1194
4098 1195
8158 1196
1300 1197
3026 1198
8429 1199
11353 1200
3102 1201
13474 1202
6736 1203
81 1204
8583 1205
10613 1206
10712 1207
5641 1208
6231 1209
12135 1210
12671 1211
1617 1212
6709 1213
4888 1214
2897 1215
6678 1216
9509 1217
10060 1218
13221 1219
7911 1220
4496 1221
10340 1222
10134 1223
3613 1224
11489 1225
1521 1226
9712 1227
6708 1228
4403 1229
5973 1230
4049 1231
731 1232
2273 1233
3534 1234
3032 1235
8770 1236
10852 1237
12762 1238
2363 1239
8572 1240
10956 1241
8438 1242
1052 1243
5490 1244
11110 1245
10519 1246
7274 1247
4433 1248
865 1249
6255 1250
10937 1251
12677 1252
7261 1253
1452 1254
1410 1255
5351 1256
7582 1257
7968 1258
12787 1259
4194 1260
13379 1261
2982 1262
4922 1263
7553 1264
6774 1265
3081 1266
6056 1267
7880 1268
10366 1269
13188 1270
13383 1271
13132 1272
8845 1273
272 1274
9612 1275
12564 1276
9323 1277
12703 1278
4196 1279
3847 1280
3838 1281
12006 1282
2971 1283
3882 1284
1271 1285
13395 1286
7597 1287
8719 1288
1678 1289
10999 1290
12455 1291
4529 1292
2720 1293
4837 1294
4662 1295
5108 1296
6264 1297
12827 1298
10740 1299
10524 1300
11769 1301
12300 1302
1930 1303
2156 1304
5549 1305
11816 1306
11820 1307
8644 1308
5112 1309
12950 1310
4233 1311
617 1312
463 1313
1180 1314
12875 1315
411 1316
2125 1317
8598 1318
7736 1319
3937 1320
1846 1321
10087 1322
5531 1323
10368 1324
5115 1325
8267 1326
10364 1327
7260 1328
861 1329
218 1330
5169 1331
5660 1332
6102 1333
13428 1334
8081 1335
12594 1336
4432 1337
6111 1338
8444 1339
723 1340
650 1341
4682 1342
12979 1343
10711 1344
10682 1345
3201 1346
1271 1347
4841 1348
4661 1349
