1350 750
4268 0
13349 1
11195 2
8324 3
10871 4
12463 5
432 6
2758 7
9545 8
2278 9
9206 10
4154 11
13015 12
2169 13
6041 14
8305 15
9145 16
11718 17
4054 18
8191 19
517 20
5961 21
2973 22
1869 23
4300 24
8244 25
9108 26
13460 27
3304 28
2841 29
5348 30
6935 31
5242 32
5199 33
5594 34
9277 35
1520 36
8924 37
7416 38
7400 39
1884 40
5040 41
769 42
10747 43
3461 44
8612 45
8103 46
3751 47
2961 48
953 49
3138 50
3904 51
1732 52
6320 53
892 54
909 55
552 56
2008 57
5519 58
9127 59
11811 60
11740 61
6920 62
10093 63
5916 64
10581 65
8266 66
4050 67
8515 68
3350 69
10664 70
11832 71
5606 72
13135 73
13153 74
13171 75
1662 76
1780 77
10741 78
13500 79
12439 80
2080 81
8561 82
4439 83
4714 84
8828 85
6019 86
3563 87
9514 88
9209 89
13083 90
11720 91
12427 92
3458 93
3810 94
10042 95
1488 96
554 97
10755 98
8043 99
9247 100
5009 101
6983 102
7098 103
1856 104
11874 105
10583 106
12201 107
12933 108
11448 109
8120 110
1486 111
9777 112
8779 113
3360 114
7064 115
1700 116
10612 117
5220 118
7180 119
414 120
11469 121
12291 122
11864 123
3318 124
12805 125
12299 126
12423 127
7541 128
5318 129
8560 130
12807 131
2490 132
8960 133
10878 134
1822 135
12553 136
4572 137
1211 138
12984 139
10587 140
13132 141
7132 142
3461 143
6040 144
2551 145
7472 146
8815 147
9350 148
2778 149
10700 150
4461 151
2620 152
6181 153
4719 154
7078 155
4243 156
3732 157
6222 158
10760 159
3898 160
8172 161
4544 162
6365 163
7529 164
9664 165
724 166
3391 167
12222 168
223 169
3434 170
9371 171
8359 172
10269 173
12765 174
3776 175
12840 176
3142 177
5170 178
2279 179
6849 180
12104 181
13351 182
12198 183
12369 184
1320 185
4000 186
6828 187
5516 188
5272 189
55 190
12696 191
3991 192
578 193
8493 194
5134 195
5492 196
6483 197
10142 198
4237 199
186 200
1259 201
4063 202
1027 203
1979 204
8564 205
9679 206
5902 207
3792 208
10656 209
5318 210
5130 211
5809 212
691 213
10453 214
8798 215
8292 216
10280 217
11331 218
9395 219
12155 220
11411 221
11737 222
682 223
5415 224
209 225
3509 226
13036 227
1402 228
8615 229
6482 230
11463 231
7250 232
11845 233
3191 234
5605 235
12469 236
6196 237
11305 238
5607 239
9747 240
6348 241
12539 242
3700 243
8522 244
969 245
12915 246
6254 247
2070 248
2600 249
10362 250
4846 251
8493 252
13360 253
234 254
884 255
5047 256
6340 257
13144 258
7782 259
10304 260
754 261
1444 262
3713 263
3765 264
2544 265
3962 266
4496 267
10391 268
2248 269
8685 270
5720 271
9919 272
5044 273
2512 274
5613 275
9214 276
3940 277
6889 278
5170 279
10525 280
5884 281
12833 282
3307 283
6944 284
7939 285
5564 286
4689 287
2282 288
3399 289
10514 290
9398 291
1262 292
12727 293
7370 294
9750 295
3732 296
924 297
12198 298
5564 299
738 300
12040 301
5518 302
8763 303
2399 304
592 305
3942 306
9873 307
7237 308
13165 309
7962 310
3398 311
1734 312
2783 313
5771 314
7198 315
4710 316
8112 317
6800 318
8720 319
4597 320
1855 321
382 322
3153 323
6135 324
6316 325
9285 326
5219 327
9495 328
3063 329
8870 330
10256 331
5613 332
4157 333
12377 334
13427 335
7499 336
604 337
10629 338
11934 339
5757 340
13311 341
5601 342
11029 343
6730 344
4219 345
8631 346
9894 347
2065 348
9444 349
9590 350
5394 351
2025 352
8253 353
11802 354
12678 355
12063 356
62 357
10475 358
4033 359
6472 360
5156 361
152 362
11874 363
7492 364
3394 365
981 366
2328 367
5719 368
12960 369
1871 370
78 371
13141 372
8543 373
12425 374
6338 375
97 376
10084 377
8067 378
7839 379
13228 380
9250 381
11985 382
3540 383
7617 384
6872 385
4577 386
892 387
8029 388
7674 389
9710 390
792 391
11293 392
2899 393
13443 394
7698 395
6122 396
6422 397
8702 398
8952 399
7322 400
3647 401
4798 402
11838 403
1652 404
10582 405
6391 406
1949 407
12357 408
7783 409
11943 410
9789 411
11730 412
418 413
96 414
9529 415
5839 416
6218 417
5054 418
6531 419
8774 420
7961 421
9161 422
4843 423
10387 424
11417 425
10441 426
9817 427
11258 428
8204 429
11279 430
13100 431
10525 432
2770 433
3931 434
12995 435
2315 436
9637 437
1797 438
12471 439
10348 440
4749 441
11775 442
11894 443
6138 444
3545 445
11892 446
5779 447
3869 448
6482 449
4105 450
2721 451
12870 452
148 453
1895 454
9509 455
1582 456
9742 457
11440 458
13002 459
7236 460
559 461
4895 462
3041 463
6749 464
11645 465
5908 466
4773 467
5407 468
12424 469
8372 470
12963 471
6740 472
12146 473
2019 474
1640 475
12370 476
9760 477
12741 478
1307 479
11124 480
4303 481
3438 482
7492 483
4704 484
139 485
10057 486
9970 487
1186 488
7416 489
11344 490
6996 491
10810 492
6045 493
6264 494
11451 495
1521 496
11732 497
4165 498
8691 499
5130 500
9318 501
9965 502
157 503
1070 504
13480 505
10041 506
1057 507
2435 508
8908 509
5621 510
1459 511
7224 512
12048 513
8442 514
5951 515
11676 516
1529 517
2804 518
9309 519
3795 520
5459 521
492 522
9629 523
11770 524
4624 525
12715 526
5542 527
5100 528
7628 529
2988 530
3724 531
8106 532
3123 533
9356 534
2931 535
2478 536
3741 537
7800 538
12606 539
9597 540
6215 541
10492 542
3059 543
12893 544
5377 545
3362 546
3628 547
3899 548
6315 549
1870 550
11981 551
4567 552
8729 553
3628 554
3170 555
6158 556
4135 557
11176 558
9824 559
5923 560
1526 561
2975 562
4286 563
3824 564
4824 565
6987 566
11471 567
9094 568
10246 569
6873 570
5047 571
3364 572
12452 573
3981 574
5393 575
8242 576
3532 577
8999 578
2620 579
4319 580
10839 581
6565 582
11180 583
5171 584
5702 585
5440 586
5645 587
3586 588
7827 589
3470 590
11292 591
8725 592
4050 593
13452 594
7821 595
856 596
6194 597
7032 598
9268 599
13304 600
11565 601
10002 602
9251 603
6236 604
12725 605
11261 606
7832 607
10132 608
1273 609
1214 610
2903 611
4181 612
3395 613
7349 614
10160 615
1343 616
9824 617
2117 618
5240 619
200 620
6697 621
6792 622
2076 623
1853 624
3286 625
4427 626
5435 627
5090 628
5699 629
8004 630
4152 631
6585 632
10720 633
5730 634
8753 635
12327 636
11772 637
5470 638
9433 639
10652 640
10156 641
7694 642
6079 643
11823 644
1719 645
12325 646
6991 647
9957 648
842 649
6079 650
110 651
8464 652
9535 653
3195 654
11729 655
5280 656
11271 657
8921 658
2547 659
2986 660
2298 661
4282 662
2720 663
11868 664
6797 665
3389 666
1354 667
5517 668
3793 669
3384 670
9177 671
352 672
7988 673
12529 674
8858 675
8302 676
3823 677
4492 678
4315 679
6202 680
1381 681
9148 682
8334 683
962 684
10583 685
9868 686
8568 687
9322 688
5031 689
452 690
260 691
11254 692
4211 693
1420 694
9407 695
12088 696
10640 697
5456 698
3159 699
9734 700
2278 701
3508 702
9134 703
2422 704
4721 705
2247 706
8219 707
9178 708
6918 709
4124 710
10894 711
3157 712
862 713
3791 714
10503 715
10140 716
8632 717
8970 718
8434 719
9258 720
5910 721
9407 722
12306 723
2180 724
6706 725
5524 726
60 727
4191 728
3930 729
1109 730
12895 731
8893 732
10116 733
8144 734
3416 735
3045 736
9254 737
3335 738
12901 739
10496 740
4276 741
8968 742
11318 743
6577 744
432 745
6033 746
11020 747
12098 748
8176 749
12463 750
9827 751
8029 752
5911 753
9759 754
8370 755
10601 756
11020 757
2854 758
13229 759
7076 760
12151 761
1290 762
11850 763
5707 764
5750 765
3574 766
11287 767
9601 768
12763 769
1890 770
9168 771
10796 772
11181 773
2743 774
10203 775
11081 776
9750 777
6117 778
6284 779
8522 780
11917 781
3705 782
2879 783
4207 784
10392 785
11490 786
11189 787
8220 788
12995 789
2258 790
10411 791
3667 792
1851 793
5465 794
2969 795
5240 796
4390 797
6156 798
4422 799
6677 800
6563 801
13338 802
2180 803
7888 804
3067 805
6808 806
9132 807
8481 808
1653 809
10448 810
4802 811
4067 812
2225 813
5571 814
13269 815
2462 816
2412 817
9216 818
5098 819
2103 820
11195 821
10862 822
3262 823
9074 824
5850 825
1935 826
7876 827
3545 828
553 829
617 830
1862 831
303 832
7043 833
1017 834
7235 835
10160 836
11427 837
6137 838
4952 839
5175 840
12433 841
1535 842
4978 843
2885 844
11485 845
7812 846
12052 847
5513 848
2580 849
12433 850
12069 851
12641 852
82 853
10375 854
9749 855
1390 856
12034 857
1483 858
8713 859
3299 860
2022 861
8739 862
6886 863
9272 864
13250 865
3533 866
3579 867
12195 868
10391 869
8029 870
4414 871
1308 872
8168 873
13101 874
10487 875
9833 876
10965 877
13023 878
3084 879
3425 880
4243 881
3171 882
1379 883
1727 884
10165 885
10241 886
5306 887
10112 888
9976 889
11391 890
10043 891
12192 892
7523 893
5422 894
10473 895
7334 896
11815 897
6199 898
9912 899
6251 900
8088 901
9657 902
9475 903
4191 904
2638 905
12348 906
1348 907
6412 908
7541 909
6941 910
176 911
1249 912
2137 913
7401 914
10346 915
5810 916
3300 917
4205 918
6187 919
8117 920
2719 921
11804 922
7257 923
8628 924
2829 925
6067 926
1724 927
7407 928
4381 929
708 930
2255 931
1280 932
9832 933
617 934
965 935
12139 936
3656 937
4662 938
4612 939
4008 940
6466 941
8567 942
4362 943
9279 944
12582 945
8752 946
803 947
12825 948
9696 949
9198 950
11195 951
5615 952
13348 953
22 954
11186 955
9128 956
7892 957
174 958
3963 959
12978 960
8975 961
3332 962
7271 963
12740 964
8202 965
8641 966
6133 967
2436 968
7529 969
4166 970
6924 971
1479 972
1375 973
7754 974
2571 975
12532 976
9671 977
12573 978
1500 979
5958 980
8181 981
8005 982
8377 983
10540 984
8573 985
483 986
11013 987
1553 988
12291 989
2287 990
1348 991
10649 992
11777 993
12761 994
1891 995
12373 996
8648 997
5638 998
5178 999
10389 1000
12708 1001
1263 1002
4581 1003
11917 1004
11339 1005
7536 1006
3046 1007
8797 1008
4768 1009
1176 1010
3610 1011
4252 1012
13201 1013
5744 1014
5846 1015
11675 1016
4734 1017
765 1018
9128 1019
11849 1020
493 1021
10962 1022
9127 1023
10722 1024
5816 1025
46 1026
12727 1027
2814 1028
13208 1029
716 1030
13294 1031
22 1032
159 1033
7268 1034
901 1035
10280 1036
6809 1037
9764 1038
4514 1039
5443 1040
132 1041
5984 1042
782 1043
9096 1044
6327 1045
5753 1046
12009 1047
9491 1048
11441 1049
7644 1050
9904 1051
12984 1052
10006 1053
13223 1054
13402 1055
11575 1056
12870 1057
10454 1058
9723 1059
10193 1060
959 1061
3204 1062
645 1063
3269 1064
11495 1065
6496 1066
2046 1067
9609 1068
8283 1069
4249 1070
13390 1071
7764 1072
7117 1073
3682 1074
12411 1075
12344 1076
1337 1077
6073 1078
10986 1079
11467 1080
12536 1081
11822 1082
7062 1083
13031 1084
1370 1085
7637 1086
1064 1087
10507 1088
3453 1089
13283 1090
10196 1091
734 1092
808 1093
6153 1094
2206 1095
12639 1096
11309 1097
7309 1098
5235 1099
5849 1100
4050 1101
10128 1102
8481 1103
6850 1104
9050 1105
2255 1106
12806 1107
4464 1108
11128 1109
11651 1110
8027 1111
5993 1112
7191 1113
11926 1114
2353 1115
7681 1116
3287 1117
13060 1118
12414 1119
7374 1120
3015 1121
8976 1122
5969 1123
152 1124
3370 1125
4514 1126
4992 1127
12184 1128
9468 1129
12241 1130
379 1131
8633 1132
2448 1133
63 1134
7502 1135
12607 1136
3923 1137
8628 1138
9011 1139
1255 1140
8445 1141
12083 1142
13040 1143
13068 1144
10688 1145
6980 1146
9169 1147
4091 1148
4645 1149
10251 1150
5006 1151
3247 1152
12478 1153
5507 1154
4482 1155
5744 1156
1146 1157
9536 1158
12428 1159
6899 1160
2125 1161
243 1162
9397 1163
9165 1164
3166 1165
12597 1166
4086 1167
3901 1168
10687 1169
5345 1170
2087 1171
4233 1172
4356 1173
522 1174
2784 1175
4096 1176
2237 1177
12944 1178
12751 1179
8588 1180
1762 1181
11826 1182
3466 1183
2537 1184
4 1185
2709 1186
11165 1187
512 1188
6449 1189
2219 1190
6292 1191
7932 1192
1239 1193
5729 1194
7555 1195
9153 1196
11575 1197
12010 1198
1808 1199
4932 1200
596 1201
9858 1202
6278 1203
12109 1204
2894 1205
7164 1206
3558 1207
159 1208
5601 1209
10485 1210
8738 1211
11599 1212
5198 1213
11433 1214
5920 1215
9397 1216
10014 1217
499 1218
2096 1219
2835 1220
5769 1221
7763 1222
6958 1223
7627 1224
3044 1225
6763 1226
11977 1227
1582 1228
921 1229
12653 1230
12430 1231
5302 1232
2083 1233
6471 1234
11936 1235
11848 1236
5542 1237
11296 1238
10731 1239
10902 1240
10461 1241
6258 1242
9470 1243
7271 1244
7359 1245
5066 1246
9270 1247
11049 1248
7228 1249
11019 1250
2470 1251
5742 1252
9522 1253
11492 1254
2556 1255
7403 1256
11025 1257
10506 1258
13031 1259
10654 1260
12456 1261
9520 1262
4828 1263
11188 1264
12343 1265
12505 1266
821 1267
5646 1268
7943 1269
7169 1270
10077 1271
7440 1272
9053 1273
2301 1274
12309 1275
8753 1276
2424 1277
11746 1278
7537 1279
3722 1280
3165 1281
6442 1282
4824 1283
3030 1284
6520 1285
352 1286
10466 1287
9412 1288
6612 1289
3560 1290
10284 1291
11858 1292
1587 1293
854 1294
2579 1295
12482 1296
8796 1297
761 1298
5634 1299
8949 1300
3753 1301
2050 1302
772 1303
6116 1304
2075 1305
6000 1306
2285 1307
10978 1308
4660 1309
11295 1310
7382 1311
5708 1312
10244 1313
2298 1314
5854 1315
9820 1316
4124 1317
10753 1318
9684 1319
3278 1320
11587 1321
5489 1322
2438 1323
2609 1324
4943 1325
12440 1326
918 1327
312 1328
1971 1329
557 1330
13273 1331
3036 1332
5652 1333
11036 1334
1672 1335
6579 1336
12455 1337
231 1338
11853 1339
12002 1340
12374 1341
2294 1342
5946 1343
9077 1344
9973 1345
8546 1346
4611 1347
4657 1348
11066 1349
