1050 300
6700 0
7784 1
8110 2
9722 3
4191 4
4695 5
9737 6
7241 7
9459 8
7195 9
1875 10
5343 11
2373 12
1201 13
6923 14
2954 15
8044 16
2568 17
4015 18
735 19
4700 20
8914 21
7754 22
6935 23
5981 24
6200 25
7661 26
1460 27
1593 28
5040 29
8859 30
4605 31
8724 32
3196 33
905 34
9397 35
1583 36
10197 37
8481 38
5162 39
9050 40
10163 41
7278 42
9636 43
1082 44
6709 45
3862 46
6496 47
2726 48
213 49
6622 50
272 51
7002 52
8423 53
4980 54
7929 55
1442 56
9026 57
5181 58
762 59
4933 60
1496 61
9737 62
3622 63
3817 64
2083 65
538 66
9643 67
2810 68
2 69
2894 70
8187 71
2098 72
6175 73
1758 74
10330 75
10093 76
275 77
7619 78
5841 79
5985 80
6573 81
4868 82
1260 83
3115 84
1250 85
1858 86
4958 87
5552 88
2839 89
2047 90
9995 91
4385 92
2175 93
8320 94
2319 95
7116 96
8194 97
4008 98
5542 99
8840 100
1897 101
6307 102
6947 103
320 104
1896 105
8528 106
2897 107
1100 108
8520 109
7122 110
6953 111
2579 112
9339 113
3823 114
1592 115
7683 116
4909 117
10427 118
5290 119
6773 120
424 121
1564 122
7261 123
411 124
764 125
892 126
4469 127
565 128
4913 129
9147 130
3493 131
4581 132
2549 133
396 134
8763 135
3038 136
1705 137
5059 138
7206 139
22 140
10428 141
2521 142
8627 143
7137 144
5026 145
8881 146
8122 147
3690 148
4889 149
6085 150
1195 151
1239 152
6161 153
10356 154
7210 155
9251 156
1702 157
4000 158
8275 159
3371 160
5861 161
1230 162
2392 163
1493 164
1332 165
1531 166
2239 167
8931 168
1511 169
7655 170
8135 171
6619 172
4409 173
1419 174
5485 175
27 176
5998 177
10155 178
4223 179
1410 180
3915 181
5258 182
287 183
8011 184
1398 185
9935 186
5585 187
795 188
7851 189
5939 190
5536 191
6534 192
7633 193
6863 194
6035 195
3831 196
5575 197
1502 198
4005 199
3661 200
1181 201
7188 202
2911 203
8627 204
6781 205
1223 206
7339 207
8235 208
5558 209
7294 210
298 211
9966 212
1813 213
9772 214
3582 215
9091 216
8713 217
4012 218
1742 219
3503 220
9543 221
9782 222
9442 223
1946 224
4371 225
113 226
5485 227
8171 228
287 229
7622 230
2683 231
484 232
5891 233
6805 234
7122 235
972 236
7874 237
4788 238
5311 239
4809 240
8791 241
7227 242
822 243
4922 244
8554 245
9922 246
10471 247
4745 248
6608 249
7933 250
3202 251
9916 252
1840 253
10314 254
7912 255
3862 256
5573 257
5968 258
4301 259
7557 260
5177 261
5078 262
7428 263
5306 264
3235 265
1165 266
9935 267
5954 268
10289 269
1551 270
5943 271
5930 272
807 273
1117 274
2504 275
4943 276
4911 277
5309 278
1154 279
3951 280
7000 281
6925 282
5474 283
3758 284
3454 285
8883 286
4218 287
2299 288
1653 289
7735 290
1051 291
8449 292
2741 293
7893 294
9190 295
2161 296
3791 297
2711 298
8631 299
591 300
7069 301
1034 302
7190 303
2583 304
7467 305
5270 306
6338 307
8686 308
4704 309
6194 310
4369 311
916 312
6728 313
5017 314
8037 315
1371 316
7598 317
5062 318
1979 319
3740 320
6641 321
10075 322
4104 323
9737 324
7479 325
1987 326
8761 327
9212 328
2844 329
8799 330
2492 331
9665 332
7385 333
9353 334
9957 335
8345 336
363 337
1837 338
5879 339
2856 340
3392 341
5728 342
9459 343
7049 344
8204 345
8234 346
7421 347
4383 348
5589 349
8145 350
3793 351
7111 352
1659 353
4284 354
2707 355
547 356
9598 357
5257 358
2652 359
3984 360
6049 361
1019 362
1077 363
8619 364
8313 365
8665 366
9014 367
4734 368
2771 369
10082 370
2391 371
991 372
5066 373
1624 374
659 375
3955 376
4131 377
1990 378
8666 379
10289 380
2301 381
6433 382
10456 383
4918 384
9769 385
5414 386
5047 387
6099 388
2891 389
649 390
4156 391
4196 392
3009 393
3915 394
5445 395
6106 396
3700 397
24 398
6657 399
581 400
7528 401
9018 402
6408 403
3866 404
8725 405
305 406
6824 407
8654 408
296 409
6846 410
4768 411
8888 412
6469 413
8854 414
1823 415
10125 416
3302 417
3867 418
9463 419
3095 420
10132 421
1704 422
2878 423
2816 424
6777 425
7848 426
4412 427
3324 428
4393 429
5331 430
9710 431
4828 432
6669 433
3598 434
1697 435
5574 436
10160 437
3423 438
1496 439
9896 440
2161 441
3240 442
6549 443
8378 444
5915 445
4778 446
6694 447
5845 448
4010 449
4530 450
6299 451
9981 452
8879 453
10108 454
5606 455
5032 456
2284 457
4924 458
9689 459
767 460
7351 461
3998 462
3689 463
6798 464
9949 465
2901 466
3666 467
277 468
9538 469
2872 470
6993 471
8553 472
10223 473
6344 474
8987 475
6961 476
4950 477
5149 478
301 479
2871 480
8416 481
7137 482
3984 483
8620 484
8676 485
194 486
1221 487
10066 488
8926 489
10001 490
9715 491
1124 492
4298 493
6958 494
5592 495
3704 496
4625 497
7038 498
5109 499
4183 500
896 501
1662 502
2636 503
2937 504
3477 505
10324 506
5461 507
164 508
8955 509
3171 510
4230 511
1526 512
6545 513
3629 514
90 515
7203 516
6604 517
9422 518
3220 519
4159 520
2279 521
5835 522
4247 523
10070 524
2955 525
3036 526
5353 527
6986 528
9947 529
2762 530
6995 531
4065 532
3585 533
10199 534
3463 535
10123 536
7522 537
2971 538
427 539
4868 540
6422 541
8999 542
6375 543
7719 544
1299 545
3509 546
8628 547
5286 548
6072 549
7988 550
4142 551
7947 552
6829 553
1835 554
4711 555
991 556
1451 557
8434 558
4685 559
7965 560
7067 561
4434 562
3011 563
5499 564
9872 565
4035 566
4858 567
9616 568
4571 569
2909 570
1251 571
1035 572
493 573
4212 574
5735 575
7031 576
5807 577
7052 578
4715 579
3673 580
5376 581
1317 582
9666 583
6044 584
5178 585
308 586
4400 587
424 588
5716 589
1781 590
5765 591
5847 592
9476 593
2672 594
6613 595
8481 596
8238 597
8981 598
74 599
7740 600
4175 601
10103 602
3372 603
3463 604
525 605
3093 606
3565 607
1046 608
3789 609
9990 610
924 611
3130 612
2002 613
8894 614
9033 615
105 616
7917 617
8779 618
5139 619
2292 620
2119 621
7190 622
2098 623
621 624
10023 625
9091 626
1882 627
9307 628
2168 629
2804 630
8357 631
9938 632
7943 633
5002 634
2714 635
4074 636
6611 637
6107 638
1453 639
1417 640
327 641
1481 642
456 643
4967 644
7026 645
1679 646
7043 647
10425 648
6784 649
1375 650
1935 651
4466 652
1068 653
1187 654
10194 655
8141 656
7918 657
4642 658
1924 659
3904 660
6298 661
3975 662
2123 663
1343 664
7756 665
4399 666
589 667
6491 668
9879 669
6586 670
8441 671
7541 672
7709 673
6227 674
3414 675
6505 676
8037 677
3330 678
823 679
10379 680
9010 681
7273 682
6564 683
9505 684
3457 685
5496 686
4896 687
7132 688
373 689
3531 690
6594 691
4027 692
1064 693
7427 694
4851 695
7865 696
5170 697
8641 698
6911 699
8982 700
2797 701
1940 702
8082 703
9372 704
6268 705
5591 706
5450 707
5182 708
9192 709
3988 710
161 711
3459 712
7567 713
308 714
9606 715
1010 716
2222 717
8093 718
7819 719
5726 720
5364 721
4538 722
3277 723
254 724
9212 725
890 726
4655 727
5042 728
10112 729
10433 730
4115 731
5895 732
6390 733
7962 734
3543 735
8867 736
9917 737
3920 738
9879 739
461 740
1818 741
2076 742
4057 743
4462 744
1523 745
1642 746
7242 747
2349 748
7258 749
1458 750
1026 751
4947 752
3937 753
8521 754
6641 755
5943 756
6459 757
2602 758
3150 759
4022 760
8707 761
10196 762
2261 763
2375 764
1460 765
8335 766
3100 767
4008 768
5817 769
4675 770
2735 771
2669 772
5418 773
8136 774
10011 775
9982 776
9290 777
5157 778
6265 779
4113 780
720 781
3382 782
9869 783
1768 784
1449 785
8919 786
7751 787
10151 788
3203 789
9640 790
6041 791
9715 792
733 793
1929 794
8149 795
4703 796
2304 797
5911 798
3589 799
9604 800
6205 801
8535 802
851 803
1400 804
7475 805
8541 806
3342 807
5988 808
1372 809
6809 810
3292 811
10145 812
4944 813
8334 814
9553 815
6860 816
4378 817
2090 818
548 819
2407 820
2934 821
6345 822
2139 823
4451 824
5504 825
9152 826
7938 827
4315 828
2166 829
1348 830
1371 831
8198 832
8148 833
6828 834
4547 835
1619 836
4980 837
113 838
4726 839
3346 840
3043 841
1595 842
3565 843
1596 844
4977 845
6912 846
5024 847
4086 848
1937 849
2871 850
8314 851
4733 852
6186 853
5515 854
6622 855
7856 856
7974 857
10341 858
10147 859
7955 860
8221 861
6619 862
694 863
7423 864
3549 865
7623 866
10055 867
3895 868
9907 869
4048 870
511 871
6555 872
10462 873
9625 874
9314 875
7467 876
3441 877
1639 878
9700 879
5987 880
5884 881
3675 882
8810 883
8806 884
7884 885
9251 886
8654 887
3156 888
8899 889
4056 890
3072 891
2935 892
2672 893
4043 894
8166 895
5843 896
4999 897
10314 898
45 899
9277 900
5634 901
5640 902
9229 903
10036 904
5467 905
4502 906
8902 907
6926 908
3430 909
7498 910
5994 911
1826 912
6766 913
8857 914
9364 915
4282 916
4639 917
7230 918
2575 919
8975 920
9628 921
7827 922
7792 923
5278 924
4828 925
3429 926
4051 927
5183 928
9916 929
4189 930
5960 931
1967 932
7696 933
6258 934
6128 935
7423 936
7441 937
1426 938
1372 939
4172 940
2016 941
108 942
2498 943
8950 944
9517 945
8007 946
10083 947
7196 948
9099 949
2873 950
7374 951
9071 952
6237 953
7820 954
2708 955
8245 956
3095 957
2239 958
353 959
791 960
1393 961
10421 962
1065 963
6694 964
8194 965
3213 966
5191 967
9168 968
7225 969
2523 970
6311 971
5715 972
9117 973
4659 974
6830 975
7020 976
2954 977
9782 978
2560 979
4094 980
6837 981
3465 982
7952 983
2313 984
6019 985
9246 986
8509 987
7185 988
7154 989
7779 990
9869 991
5536 992
2805 993
1973 994
756 995
9173 996
1753 997
9969 998
8358 999
2250 1000
1908 1001
8081 1002
7033 1003
2443 1004
8633 1005
1919 1006
4324 1007
9622 1008
5211 1009
9868 1010
2741 1011
3851 1012
6088 1013
6735 1014
5067 1015
2817 1016
4373 1017
10027 1018
4892 1019
4400 1020
2582 1021
8062 1022
9251 1023
8004 1024
9936 1025
1555 1026
1870 1027
6835 1028
3309 1029
7076 1030
5223 1031
3226 1032
2828 1033
2633 1034
10272 1035
8019 1036
696 1037
9143 1038
2766 1039
7783 1040
5066 1041
7453 1042
6830 1043
1192 1044
528 1045
6416 1046
1664 1047
10053 1048
6292 1049
