1500 250
11554 0
1506 1
9966 2
14673 3
14615 4
4025 5
11544 6
8079 7
518 8
600 9
14281 10
12948 11
14749 12
2067 13
5540 14
3253 15
6555 16
12411 17
4543 18
598 19
1411 20
9621 21
12614 22
2380 23
11680 24
3704 25
11363 26
363 27
1811 28
8478 29
2351 30
11380 31
14208 32
5704 33
13870 34
7097 35
12896 36
2810 37
12533 38
6179 39
14143 40
1196 41
2426 42
8527 43
701 44
3743 45
5520 46
13528 47
4807 48
5693 49
7894 50
13489 51
11112 52
5304 53
2845 54
13995 55
1792 56
380 57
1532 58
3445 59
8890 60
13727 61
4381 62
7689 63
12152 64
4420 65
12668 66
843 67
9677 68
9308 69
8149 70
7958 71
9383 72
3839 73
8108 74
3298 75
9782 76
13913 77
14766 78
5004 79
12080 80
1471 81
1532 82
6486 83
4388 84
5428 85
5533 86
7460 87
13631 88
11215 89
2932 90
11290 91
2070 92
3631 93
2394 94
10006 95
7080 96
2453 97
2629 98
6201 99
9989 100
12796 101
3644 102
10081 103
491 104
5063 105
6103 106
6127 107
7469 108
1610 109
10401 110
13220 111
11500 112
206 113
5919 114
13047 115
13167 116
3169 117
13842 118
14572 119
14032 120
11540 121
6032 122
178 123
11116 124
12703 125
1946 126
8884 127
7598 128
2379 129
5845 130
1720 131
12578 132
964 133
9454 134
12143 135
6442 136
10182 137
9465 138
13310 139
5312 140
5817 141
14191 142
11779 143
14066 144
8800 145
7307 146
5955 147
13895 148
9744 149
2741 150
13411 151
10960 152
13395 153
3109 154
2264 155
12186 156
892 157
7632 158
4454 159
9750 160
8490 161
7291 162
9975 163
6454 164
14184 165
12851 166
14702 167
13863 168
12593 169
11714 170
8011 171
9311 172
14584 173
2519 174
2267 175
5508 176
4418 177
290 178
12608 179
1640 180
4732 181
3602 182
12564 183
1017 184
9462 185
13850 186
10659 187
12915 188
1216 189
4234 190
330 191
6630 192
13042 193
5526 194
5674 195
14237 196
6892 197
14727 198
2356 199
9930 200
13992 201
281 202
10698 203
2380 204
8768 205
4470 206
8060 207
12171 208
6403 209
14229 210
5507 211
6169 212
2962 213
1846 214
6253 215
3794 216
9977 217
13001 218
9442 219
9290 220
6106 221
14296 222
7174 223
4438 224
7626 225
6394 226
9496 227
4329 228
11641 229
14350 230
9636 231
6591 232
6726 233
4617 234
5458 235
3201 236
495 237
2285 238
4822 239
12578 240
8048 241
12880 242
6426 243
11190 244
8504 245
7221 246
8043 247
10139 248
1212 249
10269 250
3392 251
7287 252
6512 253
3018 254
14661 255
894 256
5119 257
788 258
3719 259
13035 260
2031 261
1144 262
1687 263
11754 264
5702 265
13378 266
11154 267
8845 268
6584 269
5981 270
10906 271
6968 272
6637 273
14344 274
7422 275
7669 276
7124 277
2788 278
9443 279
13406 280
12127 281
11064 282
11625 283
7379 284
3897 285
12843 286
6512 287
2054 288
11822 289
9438 290
13249 291
8874 292
9077 293
4443 294
2961 295
11947 296
6880 297
7081 298
5269 299
590 300
4303 301
5465 302
11944 303
11618 304
9812 305
1427 306
6353 307
14336 308
4166 309
354 310
2532 311
12498 312
13106 313
3709 314
161 315
4738 316
1186 317
7023 318
9825 319
882 320
8918 321
11682 322
3685 323
12143 324
13391 325
7361 326
1086 327
10245 328
6669 329
7038 330
6473 331
9157 332
10878 333
6743 334
13362 335
13138 336
6153 337
8676 338
12121 339
4124 340
1594 341
3676 342
9811 343
14445 344
5614 345
960 346
1327 347
11332 348
10554 349
12453 350
9899 351
1379 352
13238 353
12488 354
8690 355
1722 356
9558 357
6850 358
13771 359
13589 360
8890 361
7055 362
13087 363
10251 364
13153 365
13078 366
11012 367
74 368
4071 369
14231 370
4112 371
5055 372
12118 373
12659 374
4001 375
13263 376
14256 377
9 378
13681 379
3326 380
14292 381
1197 382
14128 383
9507 384
14280 385
13582 386
6308 387
9970 388
11160 389
1314 390
4312 391
14765 392
1752 393
13685 394
11651 395
606 396
6487 397
1958 398
12670 399
8537 400
6703 401
1972 402
4621 403
6422 404
3505 405
1153 406
5475 407
12597 408
12213 409
5450 410
2670 411
7583 412
4187 413
11590 414
10167 415
3386 416
2402 417
9533 418
9186 419
10622 420
1619 421
14681 422
4189 423
7594 424
5604 425
13228 426
3147 427
8303 428
2119 429
4906 430
4209 431
4208 432
8376 433
13315 434
7250 435
11251 436
13689 437
4050 438
9715 439
7342 440
3099 441
1006 442
6114 443
822 444
5307 445
5133 446
9925 447
11323 448
8861 449
6715 450
11907 451
1421 452
4089 453
5722 454
5403 455
12574 456
547 457
7123 458
7426 459
14409 460
5622 461
1877 462
243 463
3142 464
9141 465
8840 466
7465 467
8595 468
10590 469
11831 470
5308 471
11311 472
3986 473
759 474
3463 475
11588 476
4484 477
6657 478
8666 479
10707 480
2043 481
11540 482
996 483
13274 484
12171 485
2711 486
4046 487
10811 488
5286 489
503 490
1197 491
307 492
10040 493
7436 494
10409 495
1798 496
12029 497
168 498
9942 499
9592 500
13745 501
6341 502
8825 503
5777 504
5633 505
1226 506
12045 507
2079 508
1638 509
9850 510
9014 511
603 512
887 513
1542 514
3677 515
5345 516
5858 517
14715 518
5005 519
9318 520
11082 521
881 522
722 523
3157 524
6519 525
1677 526
14772 527
12509 528
1340 529
5226 530
9284 531
11073 532
3162 533
14750 534
4453 535
10931 536
11248 537
6744 538
2972 539
11777 540
6570 541
14572 542
5836 543
13775 544
13791 545
5263 546
5688 547
1598 548
10950 549
691 550
10099 551
9936 552
3185 553
11122 554
3564 555
9672 556
7660 557
14566 558
2127 559
10754 560
11692 561
14168 562
4814 563
13935 564
10319 565
3534 566
11645 567
9316 568
4105 569
14809 570
3576 571
12283 572
1748 573
8804 574
227 575
9690 576
6529 577
5982 578
7840 579
1512 580
9268 581
12422 582
10292 583
5590 584
12047 585
8713 586
14152 587
2930 588
9528 589
2756 590
5824 591
1014 592
8133 593
3616 594
10179 595
6671 596
18 597
5668 598
6465 599
11935 600
3861 601
8769 602
9553 603
7485 604
8312 605
6863 606
14323 607
6939 608
4577 609
7204 610
4100 611
806 612
14570 613
2635 614
2108 615
4563 616
12657 617
12015 618
14243 619
3296 620
2633 621
4423 622
2185 623
168 624
12666 625
4792 626
10681 627
3539 628
7556 629
12272 630
9898 631
1835 632
2927 633
11199 634
321 635
686 636
8393 637
157 638
12802 639
13823 640
4790 641
8696 642
7840 643
8849 644
6667 645
1771 646
8772 647
4546 648
6943 649
857 650
11583 651
12643 652
9826 653
2910 654
13028 655
5658 656
4356 657
10842 658
12247 659
7859 660
4763 661
11073 662
4199 663
1867 664
1543 665
4030 666
13112 667
7734 668
4241 669
12470 670
5838 671
14584 672
14866 673
5950 674
2218 675
14412 676
9896 677
13117 678
3307 679
4488 680
1396 681
6269 682
14427 683
9137 684
13524 685
7236 686
14694 687
10598 688
413 689
4885 690
14052 691
9704 692
608 693
801 694
5781 695
8615 696
14718 697
1946 698
5529 699
2227 700
13322 701
1059 702
8751 703
6042 704
13727 705
4020 706
7353 707
1156 708
8200 709
14889 710
2080 711
9689 712
9596 713
6510 714
6649 715
3745 716
13128 717
3802 718
5053 719
7598 720
12130 721
807 722
2468 723
7921 724
12205 725
12342 726
10885 727
5414 728
2693 729
770 730
5126 731
14278 732
10173 733
12169 734
6037 735
7303 736
6647 737
13898 738
9992 739
8565 740
3250 741
13911 742
4557 743
5404 744
14874 745
5464 746
2535 747
1764 748
9329 749
8306 750
242 751
7450 752
3142 753
7770 754
2022 755
7464 756
1791 757
2538 758
12401 759
11379 760
7112 761
12928 762
4817 763
6811 764
2702 765
7576 766
6780 767
537 768
8827 769
11787 770
4781 771
8170 772
5703 773
4181 774
11646 775
1376 776
2996 777
10060 778
5537 779
11880 780
9322 781
10261 782
7613 783
10263 784
7005 785
10919 786
5607 787
14097 788
3425 789
688 790
2538 791
8128 792
7645 793
13826 794
9624 795
2964 796
4321 797
587 798
874 799
4997 800
7592 801
9102 802
1946 803
13458 804
14894 805
5628 806
2357 807
9721 808
10120 809
3500 810
8416 811
14450 812
4933 813
8330 814
9513 815
4934 816
4270 817
3910 818
3656 819
4642 820
12078 821
757 822
9150 823
1657 824
592 825
3165 826
12099 827
10388 828
5217 829
13312 830
766 831
14400 832
13121 833
4826 834
3464 835
7229 836
4993 837
6958 838
10039 839
8025 840
4403 841
7304 842
12361 843
11398 844
13893 845
1087 846
7843 847
3707 848
6998 849
2415 850
7939 851
7829 852
564 853
12673 854
13715 855
1568 856
560 857
6835 858
12695 859
1488 860
466 861
12731 862
10150 863
13172 864
10365 865
308 866
13296 867
13112 868
428 869
2382 870
3312 871
177 872
6076 873
7086 874
3540 875
13707 876
3499 877
2438 878
8257 879
13897 880
4903 881
11550 882
8579 883
10005 884
11117 885
2165 886
8779 887
12600 888
8929 889
14443 890
8363 891
1735 892
12180 893
10223 894
5764 895
11828 896
14468 897
13237 898
6342 899
4007 900
2199 901
12843 902
13212 903
3932 904
14265 905
12380 906
7241 907
1668 908
7284 909
3407 910
14965 911
8849 912
5726 913
9044 914
6089 915
7716 916
13455 917
5572 918
11685 919
12490 920
3333 921
11374 922
11165 923
8872 924
10608 925
5468 926
1431 927
2872 928
13067 929
6830 930
9812 931
10067 932
12937 933
7260 934
622 935
9914 936
6673 937
11385 938
7079 939
9403 940
11486 941
348 942
9927 943
10274 944
711 945
3427 946
4403 947
10940 948
12741 949
14144 950
13730 951
12602 952
3802 953
12220 954
11036 955
1821 956
479 957
14747 958
12345 959
1174 960
10869 961
13129 962
8855 963
5135 964
4564 965
13204 966
8223 967
2963 968
14743 969
1593 970
10279 971
10572 972
10927 973
699 974
5634 975
12027 976
3752 977
496 978
13147 979
10102 980
9167 981
10198 982
3565 983
1264 984
7277 985
9544 986
7865 987
12314 988
1756 989
3477 990
4878 991
3308 992
11161 993
14004 994
13383 995
8172 996
6524 997
11531 998
9035 999
1781 1000
6657 1001
2766 1002
8287 1003
9893 1004
13719 1005
771 1006
11645 1007
616 1008
8439 1009
14875 1010
1803 1011
9463 1012
1818 1013
12 1014
6183 1015
1268 1016
9785 1017
8913 1018
10941 1019
2231 1020
7331 1021
4010 1022
11147 1023
7286 1024
7540 1025
12165 1026
6268 1027
14733 1028
13593 1029
168 1030
14436 1031
14157 1032
9725 1033
8304 1034
1231 1035
4118 1036
1243 1037
12427 1038
9434 1039
12418 1040
5396 1041
2882 1042
1106 1043
4433 1044
436 1045
1418 1046
10227 1047
3099 1048
12751 1049
12892 1050
2947 1051
8698 1052
9495 1053
306 1054
14449 1055
1187 1056
10344 1057
14237 1058
3551 1059
321 1060
11038 1061
8292 1062
5583 1063
3826 1064
12636 1065
5628 1066
7113 1067
8426 1068
214 1069
12367 1070
3996 1071
2124 1072
116 1073
8473 1074
1601 1075
12733 1076
1346 1077
2251 1078
11439 1079
4753 1080
3592 1081
6325 1082
3495 1083
6365 1084
5689 1085
11646 1086
3814 1087
6370 1088
6148 1089
6778 1090
1949 1091
4091 1092
3567 1093
6538 1094
2849 1095
13396 1096
7074 1097
958 1098
2562 1099
5184 1100
4656 1101
3719 1102
13975 1103
13490 1104
3880 1105
12274 1106
4586 1107
10579 1108
9879 1109
9274 1110
4899 1111
10248 1112
8738 1113
11284 1114
3163 1115
2695 1116
11743 1117
14837 1118
14839 1119
11132 1120
6841 1121
13180 1122
9842 1123
9952 1124
919 1125
2823 1126
2497 1127
13200 1128
2067 1129
13831 1130
3691 1131
4364 1132
1010 1133
12203 1134
11436 1135
11566 1136
11958 1137
14005 1138
899 1139
2779 1140
54 1141
13669 1142
13219 1143
5757 1144
3136 1145
12691 1146
14685 1147
13375 1148
14971 1149
5213 1150
14690 1151
10448 1152
9810 1153
12115 1154
14790 1155
14926 1156
1247 1157
9581 1158
7367 1159
4128 1160
11412 1161
13331 1162
3211 1163
10960 1164
8900 1165
4361 1166
12943 1167
10941 1168
3589 1169
977 1170
12551 1171
67 1172
160 1173
3413 1174
11102 1175
9277 1176
905 1177
7610 1178
3822 1179
3742 1180
12693 1181
12570 1182
13635 1183
8812 1184
7908 1185
6322 1186
2508 1187
13344 1188
10291 1189
8002 1190
6805 1191
3300 1192
9655 1193
929 1194
9899 1195
711 1196
3198 1197
4859 1198
1649 1199
1002 1200
8892 1201
10062 1202
3890 1203
12760 1204
12196 1205
4032 1206
4221 1207
2318 1208
14457 1209
5770 1210
3598 1211
1633 1212
1645 1213
4003 1214
14437 1215
1131 1216
9363 1217
10514 1218
4918 1219
12303 1220
10615 1221
433 1222
4345 1223
11254 1224
1404 1225
8910 1226
6675 1227
6235 1228
380 1229
6256 1230
14415 1231
3942 1232
8549 1233
8982 1234
13179 1235
11883 1236
5761 1237
4219 1238
7624 1239
1445 1240
9692 1241
5699 1242
1294 1243
1498 1244
4825 1245
4885 1246
12842 1247
6318 1248
1208 1249
13456 1250
2889 1251
3785 1252
8731 1253
5411 1254
3319 1255
1311 1256
2262 1257
13755 1258
5782 1259
14328 1260
8798 1261
14864 1262
4407 1263
14104 1264
4993 1265
2355 1266
2027 1267
5687 1268
2451 1269
9637 1270
7916 1271
12423 1272
7908 1273
3617 1274
8030 1275
9435 1276
14681 1277
12799 1278
12909 1279
6565 1280
8219 1281
804 1282
1510 1283
5570 1284
7188 1285
8162 1286
13076 1287
12094 1288
2872 1289
14923 1290
2577 1291
555 1292
3565 1293
6712 1294
13867 1295
7078 1296
9295 1297
14999 1298
10000 1299
10082 1300
14182 1301
6974 1302
1828 1303
8421 1304
1917 1305
12445 1306
4253 1307
2255 1308
14724 1309
1790 1310
3135 1311
1715 1312
7875 1313
12404 1314
4573 1315
4073 1316
2903 1317
1136 1318
13820 1319
6092 1320
14731 1321
3516 1322
10883 1323
11624 1324
13557 1325
8143 1326
8712 1327
10953 1328
3939 1329
10057 1330
6953 1331
10538 1332
13742 1333
13159 1334
854 1335
5429 1336
4322 1337
7139 1338
8703 1339
9086 1340
8402 1341
14597 1342
3219 1343
14658 1344
4523 1345
14878 1346
11482 1347
13524 1348
5045 1349
7899 1350
11128 1351
2666 1352
983 1353
9832 1354
9302 1355
7730 1356
7040 1357
1090 1358
10277 1359
659 1360
5382 1361
4356 1362
11973 1363
3977 1364
2588 1365
12008 1366
8919 1367
6320 1368
1792 1369
2266 1370
9497 1371
10356 1372
9568 1373
598 1374
12806 1375
8216 1376
104 1377
3998 1378
9723 1379
1950 1380
11535 1381
14807 1382
2941 1383
8605 1384
12168 1385
7055 1386
1749 1387
4304 1388
13433 1389
10787 1390
10017 1391
6252 1392
4313 1393
12881 1394
6471 1395
9167 1396
1665 1397
8208 1398
886 1399
13044 1400
2685 1401
7987 1402
9700 1403
4551 1404
4831 1405
5425 1406
5096 1407
7425 1408
12916 1409
14150 1410
1103 1411
9494 1412
13227 1413
11283 1414
8750 1415
13448 1416
1440 1417
9514 1418
6332 1419
2102 1420
14256 1421
3557 1422
1321 1423
12166 1424
14922 1425
10215 1426
9048 1427
2356 1428
1995 1429
537 1430
5304 1431
11967 1432
3104 1433
4267 1434
6621 1435
14962 1436
7639 1437
8868 1438
10077 1439
12847 1440
10911 1441
14800 1442
12166 1443
10947 1444
7713 1445
10676 1446
7190 1447
3869 1448
544 1449
1157 1450
1568 1451
10265 1452
5031 1453
14826 1454
5206 1455
11982 1456
9814 1457
3566 1458
6512 1459
12516 1460
7418 1461
7699 1462
10540 1463
929 1464
11072 1465
8231 1466
7939 1467
3554 1468
4037 1469
13203 1470
398 1471
2075 1472
8256 1473
8881 1474
13429 1475
5078 1476
1395 1477
2669 1478
6726 1479
12529 1480
677 1481
11358 1482
1921 1483
1047 1484
3728 1485
9802 1486
12399 1487
4502 1488
2338 1489
8733 1490
7906 1491
47 1492
6501 1493
6811 1494
10014 1495
11137 1496
3102 1497
4155 1498
8606 1499
