1300 1650
3530 0
11597 1
8434 2
3125 3
7447 4
4293 5
1502 6
7803 7
2781 8
2158 9
5094 10
5165 11
12534 12
5234 13
8740 14
4050 15
11021 16
625 17
7670 18
6186 19
6031 20
11195 21
10194 22
12827 23
1994 24
5094 25
1117 26
166 27
12043 28
11940 29
2885 30
4294 31
9739 32
12983 33
12853 34
1482 35
7676 36
3612 37
10100 38
11578 39
5499 40
8978 41
12488 42
11761 43
9003 44
2871 45
12866 46
6318 47
11333 48
10562 49
1959 50
3462 51
6415 52
8358 53
10699 54
5908 55
4954 56
8377 57
1435 58
6998 59
9841 60
5602 61
4658 62
6890 63
1911 64
7936 65
2769 66
105 67
7982 68
7427 69
11044 70
688 71
10111 72
8725 73
5517 74
12275 75
6517 76
6553 77
627 78
8747 79
8928 80
4980 81
9084 82
2042 83
10977 84
4368 85
11923 86
2531 87
5576 88
8797 89
8668 90
10935 91
667 92
3321 93
12697 94
20 95
2367 96
9975 97
2059 98
6905 99
7190 100
7233 101
1255 102
388 103
2298 104
759 105
1810 106
640 107
822 108
2817 109
4686 110
3134 111
12288 112
1972 113
3523 114
3059 115
2573 116
2247 117
10227 118
10699 119
4386 120
10073 121
10506 122
12577 123
5500 124
5356 125
7292 126
1575 127
1887 128
984 129
10176 130
6237 131
11733 132
6988 133
7873 134
8665 135
5054 136
12870 137
386 138
3621 139
8403 140
1517 141
11960 142
3561 143
12737 144
4354 145
11032 146
5454 147
5145 148
5525 149
7784 150
8028 151
3582 152
5621 153
1124 154
12450 155
11056 156
12366 157
9656 158
2110 159
8564 160
6010 161
2935 162
454 163
9818 164
6022 165
12078 166
2950 167
1697 168
12972 169
3487 170
11853 171
754 172
7391 173
4842 174
12028 175
3844 176
8598 177
9299 178
9388 179
7805 180
2637 181
3713 182
5517 183
3989 184
7360 185
1436 186
9258 187
11231 188
9003 189
557 190
2279 191
7475 192
5610 193
11344 194
9757 195
10314 196
12693 197
4581 198
11544 199
9486 200
3624 201
11224 202
958 203
10634 204
6444 205
354 206
11352 207
3568 208
6404 209
3970 210
11515 211
758 212
1699 213
11928 214
11225 215
6316 216
10581 217
3482 218
4702 219
3366 220
8540 221
5915 222
4491 223
5686 224
10559 225
10887 226
7669 227
6696 228
11298 229
9947 230
700 231
11374 232
6193 233
1745 234
7523 235
11109 236
10193 237
3402 238
1969 239
12533 240
3067 241
3975 242
847 243
3475 244
544 245
12319 246
2791 247
10401 248
1364 249
4637 250
4020 251
8856 252
966 253
1669 254
10096 255
7897 256
1906 257
10253 258
2679 259
11503 260
4256 261
10755 262
10912 263
2912 264
12754 265
1854 266
6708 267
11583 268
3096 269
7124 270
9221 271
1398 272
3685 273
1980 274
12071 275
2250 276
12801 277
11646 278
12322 279
7889 280
2025 281
6589 282
4157 283
8213 284
6900 285
9065 286
11463 287
697 288
12740 289
10251 290
11808 291
1752 292
7692 293
3181 294
2643 295
12906 296
3025 297
11662 298
11148 299
6024 300
12734 301
8593 302
5653 303
5697 304
12090 305
560 306
3348 307
5241 308
6281 309
10876 310
8529 311
3084 312
4372 313
9500 314
8508 315
6315 316
8159 317
4534 318
1431 319
7107 320
10088 321
6160 322
468 323
12922 324
2885 325
2763 326
4566 327
3085 328
2067 329
7696 330
12215 331
1601 332
12889 333
2779 334
5528 335
3404 336
7894 337
11266 338
10990 339
3694 340
9472 341
11002 342
11513 343
430 344
1054 345
2414 346
12545 347
5944 348
2427 349
10036 350
12833 351
868 352
7418 353
11409 354
9008 355
11157 356
2527 357
8642 358
6209 359
2590 360
11680 361
320 362
1387 363
11259 364
1472 365
7421 366
1833 367
9977 368
12842 369
7050 370
5952 371
3841 372
5422 373
9805 374
5880 375
5268 376
10153 377
5440 378
8893 379
871 380
7790 381
5956 382
12691 383
1326 384
1076 385
7621 386
7920 387
2579 388
6135 389
10870 390
9262 391
8264 392
10949 393
10633 394
1002 395
12452 396
3823 397
2434 398
7719 399
9536 400
8445 401
3861 402
9790 403
12553 404
5013 405
4204 406
920 407
1383 408
2806 409
11998 410
12434 411
2078 412
11000 413
4517 414
2698 415
4876 416
11843 417
9558 418
1832 419
1467 420
10313 421
7536 422
9424 423
7990 424
1450 425
3910 426
6063 427
12689 428
12657 429
12841 430
12062 431
7307 432
10664 433
5044 434
9599 435
2933 436
11920 437
8304 438
10111 439
11412 440
9855 441
11291 442
11268 443
9299 444
10402 445
8969 446
111 447
7714 448
5332 449
4933 450
212 451
111 452
7634 453
7096 454
7292 455
11814 456
3759 457
4357 458
6595 459
11456 460
20 461
5259 462
4968 463
12344 464
12124 465
484 466
11033 467
1944 468
12978 469
5140 470
5150 471
4639 472
7211 473
11348 474
4800 475
1405 476
6058 477
3304 478
4618 479
4714 480
12327 481
617 482
12638 483
2940 484
2549 485
11642 486
12270 487
4385 488
12379 489
3627 490
3152 491
10734 492
1046 493
4761 494
1323 495
2800 496
3417 497
8180 498
5575 499
4024 500
9171 501
6998 502
10059 503
10644 504
12613 505
4560 506
10290 507
7026 508
7733 509
2848 510
1354 511
10491 512
3040 513
6946 514
7281 515
5637 516
9621 517
3676 518
4847 519
5849 520
7312 521
9634 522
12118 523
212 524
5834 525
6492 526
10853 527
4416 528
1860 529
9582 530
7352 531
12546 532
1514 533
10306 534
8027 535
12796 536
4143 537
10742 538
5544 539
12333 540
4579 541
12521 542
1 543
5044 544
6670 545
9680 546
5550 547
751 548
106 549
1432 550
5790 551
7682 552
9104 553
9058 554
580 555
9216 556
10124 557
2076 558
4769 559
6460 560
12174 561
873 562
8946 563
353 564
4800 565
3280 566
2138 567
8957 568
1034 569
8146 570
6426 571
7955 572
292 573
9526 574
6803 575
1237 576
7929 577
10549 578
3639 579
2530 580
5791 581
6278 582
7471 583
10400 584
8085 585
4092 586
7755 587
5068 588
1017 589
6410 590
9685 591
6371 592
8388 593
2974 594
12233 595
9598 596
7022 597
1243 598
4338 599
7881 600
1581 601
2050 602
4982 603
3338 604
1438 605
349 606
2633 607
3830 608
7522 609
7850 610
3720 611
7985 612
4214 613
9792 614
3896 615
10120 616
3082 617
5953 618
9855 619
5071 620
8130 621
6729 622
7341 623
1222 624
5936 625
4540 626
7623 627
10847 628
6652 629
7644 630
6344 631
740 632
9037 633
7499 634
10969 635
4935 636
8556 637
12744 638
7634 639
11547 640
2057 641
10651 642
6618 643
1336 644
1424 645
86 646
174 647
4349 648
8313 649
3490 650
10009 651
2254 652
9477 653
120 654
7154 655
11954 656
1694 657
11395 658
291 659
1630 660
4601 661
10821 662
9307 663
11190 664
587 665
9629 666
7660 667
3594 668
12074 669
11415 670
4951 671
6488 672
12887 673
11610 674
11814 675
8702 676
3967 677
10740 678
7777 679
12232 680
2038 681
6497 682
8235 683
7881 684
945 685
1665 686
11798 687
1711 688
12233 689
12584 690
1497 691
957 692
11720 693
2352 694
4711 695
6338 696
10036 697
254 698
4891 699
795 700
8365 701
5092 702
5550 703
5366 704
7785 705
1180 706
3204 707
2078 708
8057 709
2803 710
6584 711
10648 712
10106 713
11682 714
10754 715
6394 716
11923 717
4196 718
11139 719
11264 720
3544 721
9530 722
8640 723
2710 724
10360 725
3939 726
12352 727
6012 728
8323 729
8718 730
10868 731
11577 732
9137 733
731 734
6500 735
7227 736
2179 737
10200 738
11921 739
5276 740
10029 741
1775 742
9038 743
4106 744
10865 745
9644 746
11110 747
9865 748
12427 749
5446 750
11022 751
7922 752
2591 753
8604 754
12481 755
4078 756
9198 757
6681 758
3051 759
4141 760
8591 761
6433 762
9346 763
8496 764
9734 765
5107 766
4527 767
1076 768
10469 769
8350 770
8429 771
3315 772
1487 773
6258 774
6119 775
6212 776
222 777
10690 778
3159 779
7201 780
5974 781
7810 782
10175 783
6702 784
42 785
4339 786
6903 787
10869 788
4918 789
493 790
2817 791
11902 792
11577 793
2133 794
11738 795
2025 796
678 797
8376 798
3645 799
2264 800
6863 801
12863 802
4409 803
11789 804
10216 805
8308 806
2211 807
5907 808
4294 809
10023 810
9958 811
11666 812
12135 813
5054 814
4698 815
3639 816
988 817
5269 818
5594 819
3277 820
6822 821
5822 822
4228 823
6680 824
4786 825
2487 826
918 827
11473 828
5811 829
7036 830
2036 831
3832 832
2711 833
4754 834
7694 835
9844 836
5840 837
10217 838
12292 839
6128 840
9154 841
1783 842
4216 843
2941 844
7098 845
8630 846
760 847
9854 848
11516 849
9883 850
9236 851
8832 852
4345 853
2040 854
3021 855
11731 856
4971 857
5528 858
3470 859
6621 860
410 861
10360 862
4813 863
3997 864
2068 865
9688 866
12242 867
1787 868
5863 869
1367 870
7492 871
10037 872
5016 873
9788 874
6321 875
5444 876
402 877
1153 878
829 879
5824 880
5346 881
2610 882
12823 883
5980 884
8093 885
3929 886
2198 887
10407 888
12570 889
8494 890
6773 891
11763 892
2107 893
2787 894
10864 895
11457 896
9224 897
6561 898
6439 899
4624 900
5166 901
9111 902
8985 903
12891 904
7871 905
6429 906
1714 907
9441 908
479 909
8776 910
7597 911
4002 912
6593 913
2102 914
7662 915
6270 916
5177 917
11028 918
1759 919
5724 920
5024 921
8394 922
8241 923
4491 924
8987 925
1690 926
8869 927
5053 928
433 929
5862 930
5571 931
1665 932
969 933
7415 934
6660 935
10408 936
8530 937
8150 938
7122 939
7329 940
6400 941
12755 942
7108 943
741 944
3577 945
5777 946
11293 947
4753 948
5367 949
3438 950
10216 951
1164 952
4913 953
1701 954
5167 955
9330 956
11466 957
7756 958
510 959
5798 960
6180 961
286 962
5266 963
6040 964
10287 965
5722 966
5905 967
9985 968
4466 969
3130 970
11183 971
5702 972
2389 973
9710 974
6774 975
8085 976
9239 977
1843 978
10107 979
5873 980
3157 981
11986 982
936 983
13000 984
9703 985
5677 986
10476 987
8080 988
1283 989
10955 990
4844 991
11543 992
10285 993
3843 994
2072 995
11207 996
5447 997
5478 998
7448 999
11937 1000
8108 1001
8475 1002
5518 1003
432 1004
109 1005
2287 1006
8127 1007
755 1008
11939 1009
2854 1010
5052 1011
12783 1012
8764 1013
2673 1014
7449 1015
10248 1016
990 1017
331 1018
11948 1019
11262 1020
57 1021
8101 1022
8396 1023
10608 1024
11338 1025
4904 1026
9550 1027
8304 1028
11491 1029
3260 1030
9245 1031
9923 1032
5260 1033
3356 1034
5750 1035
6522 1036
10148 1037
8573 1038
1812 1039
9314 1040
7246 1041
9373 1042
10941 1043
4144 1044
1184 1045
3312 1046
5104 1047
6493 1048
2825 1049
5511 1050
3860 1051
12340 1052
4767 1053
3529 1054
6864 1055
9978 1056
10479 1057
1960 1058
3919 1059
5375 1060
8889 1061
11103 1062
8791 1063
2528 1064
5147 1065
4385 1066
475 1067
915 1068
2466 1069
10486 1070
3381 1071
12809 1072
7167 1073
2512 1074
10022 1075
5001 1076
1340 1077
9199 1078
8872 1079
9431 1080
6792 1081
7979 1082
5471 1083
8866 1084
1006 1085
10662 1086
6422 1087
304 1088
2279 1089
11309 1090
9118 1091
5366 1092
11901 1093
1827 1094
8666 1095
2661 1096
12320 1097
8698 1098
8857 1099
7849 1100
6657 1101
6905 1102
8546 1103
9646 1104
1532 1105
2982 1106
8036 1107
12614 1108
2042 1109
12883 1110
2309 1111
847 1112
8548 1113
4814 1114
8361 1115
5767 1116
6546 1117
7682 1118
9618 1119
2784 1120
1613 1121
7891 1122
6489 1123
4362 1124
2164 1125
2323 1126
11096 1127
11545 1128
3025 1129
8150 1130
2194 1131
12965 1132
2270 1133
9717 1134
9600 1135
5816 1136
10328 1137
6677 1138
2608 1139
12527 1140
7026 1141
5528 1142
11913 1143
10266 1144
1331 1145
8468 1146
4596 1147
4293 1148
8582 1149
6373 1150
7523 1151
244 1152
2619 1153
12771 1154
87 1155
9078 1156
10683 1157
4778 1158
441 1159
9669 1160
1205 1161
6559 1162
10608 1163
11349 1164
1680 1165
10312 1166
4766 1167
9231 1168
8887 1169
7219 1170
6543 1171
376 1172
4425 1173
2588 1174
4021 1175
9870 1176
12282 1177
7242 1178
6756 1179
2724 1180
4468 1181
8136 1182
4119 1183
11025 1184
10347 1185
11072 1186
6989 1187
4253 1188
1067 1189
8395 1190
9320 1191
556 1192
9509 1193
4596 1194
7197 1195
6940 1196
10972 1197
6266 1198
2742 1199
6231 1200
4848 1201
11923 1202
1868 1203
9856 1204
1282 1205
1936 1206
3463 1207
2987 1208
435 1209
50 1210
11590 1211
3424 1212
9970 1213
5654 1214
542 1215
4836 1216
4363 1217
2084 1218
5241 1219
9107 1220
11168 1221
12060 1222
8801 1223
539 1224
4407 1225
12823 1226
9079 1227
6440 1228
6981 1229
12874 1230
12541 1231
5677 1232
10943 1233
5867 1234
867 1235
1676 1236
11748 1237
4332 1238
12850 1239
593 1240
11916 1241
11118 1242
8490 1243
9381 1244
3053 1245
7153 1246
3607 1247
5179 1248
7619 1249
10038 1250
2811 1251
7554 1252
2920 1253
1693 1254
5955 1255
8374 1256
12877 1257
12463 1258
10568 1259
480 1260
6951 1261
6972 1262
2705 1263
5867 1264
6032 1265
8392 1266
8735 1267
10019 1268
9084 1269
4599 1270
3626 1271
4174 1272
7291 1273
6651 1274
7757 1275
4551 1276
9604 1277
4936 1278
10462 1279
5295 1280
110 1281
3419 1282
11461 1283
4328 1284
3165 1285
12053 1286
2714 1287
1527 1288
4582 1289
3932 1290
12907 1291
878 1292
4138 1293
2573 1294
6074 1295
8868 1296
5395 1297
8103 1298
903 1299
