1300 1450
11944 0
7591 1
8099 2
6159 3
12687 4
10767 5
2890 6
11924 7
8523 8
3298 9
4860 10
12652 11
9855 12
1875 13
8989 14
4841 15
4223 16
2506 17
8592 18
10155 19
8372 20
145 21
12983 22
4369 23
11672 24
2020 25
1157 26
5941 27
8665 28
12663 29
12452 30
5900 31
545 32
509 33
5521 34
817 35
5312 36
6119 37
7256 38
7126 39
9637 40
2957 41
9557 42
2504 43
8582 44
4910 45
3823 46
3200 47
6325 48
5881 49
9806 50
11247 51
250 52
6513 53
10193 54
12678 55
6068 56
2523 57
8583 58
12702 59
6929 60
5423 61
2511 62
8731 63
5325 64
11 65
7557 66
7565 67
7527 68
4186 69
8346 70
2192 71
4506 72
108 73
8227 74
10897 75
3397 76
687 77
9527 78
132 79
3475 80
6596 81
2226 82
12704 83
534 84
9051 85
3379 86
7042 87
8180 88
1617 89
7940 90
4206 91
12277 92
9325 93
6959 94
531 95
6367 96
961 97
4802 98
2631 99
11442 100
7446 101
2822 102
4162 103
2357 104
5333 105
534 106
2722 107
5276 108
4997 109
452 110
9138 111
11221 112
11708 113
1819 114
11351 115
1265 116
6838 117
10121 118
6088 119
6511 120
12481 121
2938 122
12962 123
6284 124
8008 125
3109 126
2429 127
10525 128
6054 129
9449 130
1161 131
1269 132
11636 133
5162 134
3923 135
4152 136
2790 137
3731 138
3804 139
4154 140
1176 141
5266 142
12955 143
11307 144
11864 145
7330 146
6673 147
3761 148
11334 149
1568 150
7369 151
11226 152
5286 153
2632 154
6203 155
3019 156
9235 157
3688 158
4117 159
1979 160
11728 161
8070 162
5275 163
4121 164
6250 165
6287 166
12607 167
12918 168
301 169
11755 170
9609 171
6302 172
9913 173
9811 174
1673 175
10860 176
2136 177
3725 178
1093 179
5711 180
10142 181
11313 182
2088 183
3508 184
5619 185
6209 186
6935 187
4102 188
824 189
947 190
10902 191
10417 192
12024 193
3133 194
10973 195
8300 196
7506 197
8794 198
4254 199
10152 200
7464 201
3060 202
4863 203
9183 204
2013 205
2668 206
2838 207
6825 208
4259 209
4182 210
9338 211
8710 212
4018 213
3855 214
12016 215
8602 216
6430 217
8952 218
10922 219
12850 220
5506 221
5826 222
8387 223
6955 224
12235 225
3979 226
1409 227
4084 228
8705 229
2275 230
11760 231
3999 232
3628 233
11781 234
6455 235
11399 236
10173 237
10188 238
1662 239
428 240
1890 241
8963 242
6941 243
10764 244
52 245
11566 246
5778 247
9438 248
12331 249
2277 250
6535 251
11126 252
5523 253
7958 254
9437 255
9504 256
11802 257
1065 258
9554 259
127 260
3773 261
10692 262
12674 263
764 264
11185 265
9496 266
1507 267
1192 268
7472 269
4060 270
9704 271
6712 272
8655 273
12145 274
12845 275
8783 276
291 277
7379 278
11038 279
7356 280
4810 281
6105 282
8173 283
10790 284
11969 285
9778 286
551 287
3124 288
8557 289
4885 290
5143 291
9062 292
2405 293
2652 294
10926 295
357 296
5988 297
2221 298
4647 299
9557 300
5731 301
4742 302
8375 303
11073 304
11214 305
8103 306
8664 307
10957 308
6368 309
9267 310
11600 311
11594 312
10784 313
6615 314
5922 315
5162 316
10308 317
6917 318
8120 319
2656 320
11334 321
12244 322
2775 323
7737 324
4798 325
645 326
3992 327
12415 328
114 329
7363 330
12529 331
6420 332
7103 333
12787 334
12912 335
9391 336
1335 337
5695 338
6187 339
12442 340
4296 341
1952 342
9763 343
8597 344
11955 345
10387 346
1334 347
4666 348
5942 349
12855 350
4943 351
7675 352
9372 353
2826 354
720 355
3898 356
3688 357
3781 358
4273 359
6368 360
7794 361
9439 362
2894 363
727 364
3817 365
3640 366
749 367
2175 368
10615 369
9863 370
10567 371
2526 372
7215 373
4217 374
2278 375
12037 376
2390 377
4049 378
4726 379
3363 380
2637 381
12543 382
4345 383
3263 384
8253 385
10599 386
5029 387
9103 388
12936 389
5614 390
12467 391
8531 392
784 393
2735 394
6567 395
11787 396
2918 397
5343 398
3737 399
11718 400
12376 401
12561 402
8021 403
6806 404
3389 405
4378 406
11202 407
1583 408
9477 409
6515 410
9480 411
1023 412
6516 413
11130 414
7089 415
2482 416
12117 417
9844 418
3608 419
1986 420
11057 421
8997 422
10935 423
9493 424
1029 425
10263 426
6204 427
2115 428
1398 429
4466 430
2759 431
9171 432
12161 433
3096 434
6684 435
3381 436
10126 437
3901 438
9510 439
3792 440
3254 441
6031 442
9089 443
7490 444
864 445
6560 446
4808 447
7742 448
6060 449
5450 450
3834 451
5313 452
3740 453
1445 454
3570 455
4017 456
10198 457
3120 458
3626 459
708 460
3673 461
9914 462
2939 463
9654 464
7606 465
10182 466
937 467
1420 468
9878 469
6240 470
9974 471
10976 472
11101 473
1089 474
5843 475
12467 476
2899 477
1979 478
12611 479
415 480
11604 481
7352 482
8652 483
839 484
4532 485
9098 486
4789 487
559 488
5380 489
1301 490
4056 491
2100 492
12917 493
3491 494
1993 495
12590 496
8852 497
3313 498
11065 499
1527 500
10798 501
9283 502
6820 503
2555 504
12400 505
12536 506
412 507
5788 508
1812 509
8878 510
2829 511
5005 512
2820 513
1085 514
3672 515
6430 516
10708 517
10289 518
9224 519
3479 520
12749 521
4479 522
2140 523
3015 524
2826 525
735 526
6414 527
2388 528
1534 529
4179 530
3 531
1114 532
56 533
12087 534
12403 535
3466 536
9360 537
852 538
12538 539
4664 540
3365 541
1545 542
9398 543
9187 544
1169 545
2960 546
12304 547
5126 548
6717 549
6613 550
9265 551
3868 552
2156 553
8225 554
8282 555
5213 556
5520 557
12581 558
10378 559
4574 560
8513 561
2889 562
535 563
11130 564
8722 565
4995 566
12594 567
11930 568
9590 569
9484 570
5232 571
7985 572
10449 573
4177 574
2697 575
9245 576
7370 577
10863 578
6488 579
12490 580
10652 581
7690 582
2746 583
8193 584
11178 585
2324 586
6910 587
2951 588
12831 589
9749 590
3815 591
3271 592
6839 593
11787 594
4100 595
1498 596
9885 597
10819 598
11556 599
70 600
4851 601
1649 602
1187 603
6327 604
3813 605
5360 606
8287 607
7677 608
6451 609
12445 610
11743 611
5887 612
8035 613
1991 614
7612 615
1226 616
3114 617
5336 618
2792 619
9665 620
6938 621
2420 622
5476 623
7645 624
11520 625
12495 626
8485 627
11867 628
2683 629
4831 630
4615 631
10972 632
8996 633
10258 634
5179 635
12143 636
11326 637
6218 638
9601 639
8962 640
3842 641
6879 642
3796 643
6434 644
11928 645
10963 646
8549 647
4295 648
7953 649
2686 650
1991 651
4473 652
7751 653
4714 654
5250 655
10676 656
8018 657
4570 658
2785 659
7629 660
313 661
3198 662
3920 663
7796 664
9825 665
11208 666
3654 667
2258 668
9318 669
4521 670
9246 671
1923 672
7414 673
1433 674
9784 675
5530 676
11188 677
1573 678
6898 679
7128 680
1080 681
2138 682
9894 683
4271 684
4474 685
3230 686
1159 687
11066 688
12015 689
9556 690
1774 691
6692 692
9175 693
9386 694
8797 695
5659 696
10976 697
8163 698
2769 699
11170 700
12311 701
9349 702
10953 703
7237 704
12137 705
2348 706
9221 707
10787 708
4467 709
10581 710
8475 711
10042 712
10138 713
9325 714
4919 715
7712 716
3131 717
5001 718
1199 719
8846 720
9175 721
1909 722
10963 723
11396 724
1113 725
4576 726
3754 727
9437 728
12273 729
1965 730
9480 731
4407 732
32 733
7197 734
7770 735
10325 736
4124 737
4688 738
5492 739
5190 740
9523 741
9183 742
12238 743
8435 744
3888 745
3622 746
10366 747
7816 748
2912 749
5457 750
12100 751
6297 752
5302 753
12453 754
2416 755
5009 756
1042 757
3162 758
4036 759
11072 760
5425 761
10365 762
11257 763
4568 764
11652 765
11815 766
3910 767
9590 768
10499 769
12702 770
7423 771
10431 772
5907 773
12430 774
11880 775
11072 776
6366 777
1243 778
5214 779
2405 780
4920 781
11684 782
1934 783
4199 784
3900 785
5024 786
11320 787
12786 788
1771 789
2976 790
4074 791
978 792
8170 793
10785 794
7773 795
2984 796
1257 797
9024 798
8498 799
1785 800
6366 801
10067 802
7696 803
2860 804
8059 805
368 806
572 807
11290 808
12725 809
11425 810
1400 811
2053 812
10151 813
9475 814
1792 815
11679 816
7585 817
8361 818
5453 819
896 820
1993 821
1260 822
9680 823
10419 824
5587 825
402 826
4254 827
6994 828
10532 829
283 830
9412 831
12504 832
11236 833
5131 834
5080 835
12484 836
12446 837
11293 838
7942 839
4252 840
8183 841
8070 842
4544 843
6331 844
9095 845
11679 846
6933 847
4532 848
12672 849
1483 850
8862 851
4517 852
9115 853
5679 854
7023 855
8202 856
1248 857
12253 858
6795 859
5945 860
10207 861
11956 862
9941 863
5408 864
6843 865
6231 866
4748 867
5681 868
3513 869
4850 870
3846 871
5096 872
4574 873
8528 874
4452 875
9666 876
3773 877
12565 878
4832 879
5140 880
12324 881
10026 882
11900 883
10402 884
6237 885
9689 886
10072 887
3723 888
8850 889
7873 890
9771 891
6645 892
275 893
639 894
5732 895
9294 896
1817 897
11317 898
8148 899
9939 900
6109 901
7073 902
7294 903
12048 904
12003 905
8737 906
2932 907
3373 908
1206 909
9799 910
2104 911
1187 912
9576 913
12450 914
2366 915
10212 916
11185 917
8422 918
781 919
6218 920
5211 921
9370 922
2937 923
7447 924
787 925
8792 926
5563 927
6992 928
4856 929
3686 930
10658 931
4340 932
12365 933
2742 934
10487 935
984 936
2355 937
4190 938
7693 939
6462 940
4856 941
6282 942
2928 943
8899 944
1441 945
5422 946
2237 947
8003 948
3384 949
10674 950
6750 951
1423 952
5192 953
2650 954
1716 955
1157 956
8304 957
8673 958
8342 959
10464 960
6185 961
12384 962
10818 963
3993 964
4747 965
2928 966
7119 967
8334 968
9912 969
12760 970
11407 971
6095 972
8408 973
9606 974
12532 975
10805 976
9101 977
10610 978
11953 979
3769 980
4312 981
2140 982
12681 983
370 984
3502 985
634 986
7675 987
3169 988
561 989
11354 990
1327 991
3414 992
6315 993
5422 994
4879 995
10918 996
3476 997
4802 998
2383 999
627 1000
2292 1001
4236 1002
9271 1003
4408 1004
12978 1005
2598 1006
2832 1007
5530 1008
12743 1009
12904 1010
11741 1011
11890 1012
840 1013
6371 1014
12046 1015
1556 1016
9003 1017
6444 1018
7478 1019
1879 1020
4441 1021
4811 1022
378 1023
8070 1024
1924 1025
7976 1026
11015 1027
5076 1028
3725 1029
11846 1030
6022 1031
985 1032
3926 1033
5173 1034
2082 1035
1478 1036
10838 1037
1081 1038
12752 1039
2317 1040
4865 1041
6761 1042
9970 1043
793 1044
12166 1045
1955 1046
9808 1047
7227 1048
7327 1049
3374 1050
2239 1051
1014 1052
11886 1053
10995 1054
289 1055
7561 1056
7956 1057
6955 1058
12151 1059
4797 1060
3422 1061
7860 1062
9637 1063
1038 1064
7105 1065
10132 1066
1051 1067
8692 1068
5013 1069
12163 1070
12146 1071
2268 1072
1393 1073
1445 1074
6683 1075
709 1076
3592 1077
10199 1078
6871 1079
9571 1080
7938 1081
4732 1082
12555 1083
6868 1084
8410 1085
11388 1086
4664 1087
7125 1088
10652 1089
11497 1090
11448 1091
1951 1092
10065 1093
4503 1094
10788 1095
5295 1096
11371 1097
5309 1098
5557 1099
5807 1100
2981 1101
1690 1102
2175 1103
11112 1104
6462 1105
8261 1106
12428 1107
2906 1108
9783 1109
6581 1110
7928 1111
6656 1112
11621 1113
2125 1114
12090 1115
5367 1116
10844 1117
7516 1118
9379 1119
1847 1120
12003 1121
6929 1122
4597 1123
6518 1124
3918 1125
1339 1126
8690 1127
66 1128
7295 1129
9417 1130
8043 1131
4975 1132
9546 1133
9581 1134
8272 1135
9688 1136
4685 1137
234 1138
12881 1139
10997 1140
2217 1141
11214 1142
9035 1143
2547 1144
6495 1145
6473 1146
12340 1147
11984 1148
5871 1149
7420 1150
3828 1151
7255 1152
3489 1153
11759 1154
1274 1155
7632 1156
3476 1157
2037 1158
12594 1159
1361 1160
10353 1161
642 1162
5866 1163
11550 1164
78 1165
8135 1166
2835 1167
2727 1168
6314 1169
906 1170
10335 1171
8389 1172
7073 1173
10961 1174
4297 1175
10062 1176
4484 1177
3075 1178
8582 1179
9560 1180
9424 1181
3235 1182
11384 1183
3109 1184
12906 1185
12205 1186
9736 1187
12112 1188
4693 1189
3497 1190
9402 1191
8785 1192
9437 1193
366 1194
1407 1195
12259 1196
1205 1197
1716 1198
3127 1199
4107 1200
4873 1201
3164 1202
3916 1203
891 1204
12295 1205
645 1206
7523 1207
12248 1208
3372 1209
11238 1210
10469 1211
10205 1212
1545 1213
6956 1214
1460 1215
12453 1216
5286 1217
5770 1218
11061 1219
2011 1220
3796 1221
7035 1222
8311 1223
9560 1224
806 1225
10555 1226
3229 1227
6475 1228
4777 1229
11123 1230
2814 1231
6648 1232
7572 1233
12467 1234
11106 1235
5899 1236
12435 1237
11993 1238
7918 1239
4696 1240
3524 1241
301 1242
10979 1243
10485 1244
3816 1245
5733 1246
5103 1247
7474 1248
7343 1249
11882 1250
2981 1251
4977 1252
6586 1253
12466 1254
8936 1255
3797 1256
1878 1257
7425 1258
10046 1259
10821 1260
1754 1261
9510 1262
6917 1263
5370 1264
12094 1265
5225 1266
4400 1267
2520 1268
6830 1269
9668 1270
9679 1271
7609 1272
11369 1273
11538 1274
11724 1275
11596 1276
492 1277
11600 1278
8470 1279
1910 1280
3665 1281
11864 1282
10676 1283
12950 1284
10956 1285
2092 1286
2053 1287
11271 1288
9200 1289
10562 1290
1278 1291
6646 1292
6298 1293
12728 1294
9908 1295
10489 1296
10858 1297
4981 1298
12198 1299
