150 1450
1106 0
848 1
85 2
809 3
688 4
734 5
494 6
9 7
1045 8
346 9
372 10
1484 11
727 12
1169 13
1350 14
439 15
345 16
449 17
300 18
215 19
1242 20
790 21
1164 22
1005 23
1323 24
649 25
1054 26
493 27
305 28
236 29
108 30
257 31
218 32
1132 33
953 34
49 35
816 36
261 37
374 38
1136 39
552 40
202 41
252 42
1329 43
1323 44
159 45
470 46
355 47
175 48
323 49
898 50
213 51
1441 52
1257 53
24 54
287 55
471 56
1145 57
1268 58
1487 59
567 60
652 61
147 62
1406 63
1142 64
864 65
184 66
1415 67
1218 68
1281 69
351 70
1356 71
281 72
219 73
243 74
1487 75
958 76
42 77
699 78
256 79
1414 80
598 81
507 82
1024 83
1289 84
1361 85
184 86
1288 87
720 88
311 89
1347 90
1340 91
623 92
657 93
587 94
189 95
1360 96
77 97
1215 98
630 99
519 100
711 101
554 102
456 103
1326 104
789 105
1400 106
1033 107
601 108
156 109
481 110
1194 111
1168 112
1414 113
121 114
817 115
1446 116
1125 117
718 118
373 119
786 120
370 121
1230 122
1485 123
1256 124
380 125
806 126
93 127
885 128
458 129
307 130
812 131
810 132
390 133
258 134
560 135
1002 136
1203 137
221 138
1249 139
197 140
1261 141
1435 142
1396 143
836 144
937 145
889 146
383 147
192 148
627 149
