1000 1500
7357 0
5988 1
2899 2
8268 3
6132 4
8353 5
9281 6
4287 7
2544 8
9063 9
9649 10
3703 11
9100 12
8274 13
5151 14
8124 15
9883 16
3704 17
6336 18
5071 19
5998 20
5098 21
2684 22
6223 23
4626 24
414 25
4642 26
1723 27
4454 28
6892 29
9930 30
7092 31
9107 32
882 33
3693 34
9381 35
8253 36
8298 37
1240 38
9376 39
7086 40
5720 41
2532 42
6206 43
8702 44
2283 45
1389 46
5320 47
3891 48
6781 49
5002 50
4486 51
7709 52
2163 53
8736 54
9392 55
1655 56
4501 57
9681 58
3915 59
5126 60
4204 61
854 62
6075 63
6912 64
2729 65
2379 66
9514 67
1665 68
5255 69
4645 70
1430 71
3758 72
2312 73
6811 74
7287 75
9961 76
9680 77
6941 78
961 79
3712 80
7587 81
8357 82
2690 83
4049 84
9884 85
760 86
9736 87
4238 88
6763 89
9872 90
574 91
9659 92
3143 93
8804 94
3765 95
414 96
5641 97
6881 98
3036 99
9507 100
5843 101
6820 102
6421 103
106 104
3661 105
9157 106
2165 107
7327 108
7275 109
9211 110
9390 111
4967 112
1797 113
9605 114
1561 115
1077 116
6874 117
2033 118
2344 119
5728 120
3902 121
7606 122
2134 123
8164 124
4653 125
8036 126
3083 127
7389 128
6310 129
9800 130
1892 131
9026 132
7536 133
9226 134
5941 135
7179 136
5649 137
894 138
7062 139
7653 140
1655 141
2800 142
9581 143
6722 144
6147 145
4661 146
569 147
2713 148
6278 149
6338 150
5431 151
6290 152
9574 153
4041 154
7863 155
8283 156
6395 157
4999 158
3301 159
628 160
3737 161
232 162
6962 163
9911 164
8160 165
8690 166
1086 167
2326 168
3003 169
71 170
9014 171
2740 172
974 173
1541 174
7830 175
9820 176
8493 177
8690 178
5821 179
2727 180
4367 181
8669 182
6667 183
394 184
1514 185
1446 186
8993 187
909 188
4254 189
8461 190
9214 191
9878 192
1745 193
19 194
5893 195
6934 196
1212 197
8232 198
3574 199
5743 200
1155 201
4225 202
5273 203
6327 204
8170 205
8666 206
5775 207
6672 208
9016 209
8487 210
4 211
653 212
9145 213
4225 214
2922 215
2624 216
1032 217
4145 218
742 219
5445 220
8219 221
890 222
1349 223
2988 224
4274 225
5255 226
52 227
3303 228
8538 229
2240 230
9549 231
973 232
8704 233
4748 234
62 235
395 236
6448 237
1591 238
3602 239
3078 240
237 241
6828 242
1660 243
5568 244
6067 245
5586 246
6877 247
5816 248
5786 249
8095 250
6148 251
5026 252
5915 253
3659 254
5125 255
9231 256
7225 257
3379 258
7018 259
4186 260
6106 261
5505 262
1199 263
1548 264
8619 265
5599 266
6673 267
1382 268
4393 269
48 270
5525 271
3122 272
4030 273
3859 274
1338 275
2661 276
882 277
4795 278
2737 279
5437 280
9277 281
4635 282
7528 283
4276 284
4321 285
8148 286
7705 287
3547 288
5511 289
729 290
5800 291
1449 292
3518 293
8798 294
5431 295
9279 296
6394 297
3507 298
6794 299
1450 300
5274 301
9145 302
6033 303
1767 304
1957 305
6862 306
3324 307
5318 308
6467 309
3745 310
1911 311
3979 312
3351 313
4704 314
5136 315
6388 316
3693 317
5723 318
6685 319
9146 320
4482 321
634 322
9673 323
9370 324
6439 325
539 326
6047 327
2144 328
8027 329
9823 330
3671 331
6871 332
3817 333
1667 334
6658 335
905 336
3242 337
252 338
6794 339
5281 340
4294 341
8102 342
3856 343
3654 344
928 345
5199 346
8428 347
5311 348
7264 349
5774 350
7119 351
203 352
2574 353
3767 354
651 355
4694 356
8899 357
4272 358
6478 359
7737 360
5786 361
1887 362
1621 363
9619 364
7555 365
9953 366
3772 367
7273 368
2147 369
9556 370
160 371
4676 372
1041 373
5864 374
2079 375
516 376
6704 377
9910 378
2270 379
8305 380
475 381
1232 382
7117 383
6315 384
2709 385
7689 386
8199 387
3423 388
394 389
7722 390
3488 391
238 392
8618 393
1242 394
7564 395
6141 396
5535 397
3895 398
8108 399
8834 400
3824 401
3843 402
124 403
8285 404
2533 405
8847 406
2473 407
8556 408
6748 409
7475 410
3923 411
5505 412
4617 413
2852 414
4713 415
8240 416
335 417
3260 418
5644 419
4289 420
7895 421
5105 422
5382 423
6234 424
992 425
2922 426
3860 427
4953 428
2932 429
9941 430
4293 431
2051 432
3896 433
6588 434
6072 435
2954 436
72 437
1581 438
5326 439
4127 440
3044 441
820 442
9966 443
6676 444
7651 445
4606 446
1930 447
2528 448
3253 449
1275 450
1151 451
6376 452
9334 453
6607 454
1390 455
2135 456
8518 457
6031 458
884 459
1353 460
5725 461
8208 462
9358 463
9335 464
5049 465
2993 466
9718 467
3235 468
3449 469
2586 470
5440 471
1281 472
1713 473
3213 474
658 475
3434 476
3724 477
3910 478
3579 479
1161 480
4291 481
3424 482
2987 483
5617 484
8257 485
3692 486
3630 487
7844 488
6213 489
1842 490
875 491
8166 492
9487 493
1890 494
4985 495
5537 496
6168 497
8173 498
9242 499
1432 500
1477 501
5329 502
7573 503
3071 504
3341 505
8069 506
5644 507
55 508
7545 509
1508 510
5365 511
1790 512
1375 513
244 514
3353 515
8328 516
7527 517
4252 518
3408 519
5598 520
6192 521
6905 522
1050 523
5738 524
6191 525
7461 526
4891 527
7934 528
6749 529
620 530
3412 531
1668 532
7665 533
2773 534
6535 535
8422 536
9752 537
3707 538
8056 539
5229 540
2027 541
2372 542
645 543
6015 544
1410 545
9331 546
9002 547
7557 548
3777 549
9396 550
4487 551
9393 552
2633 553
1772 554
6053 555
781 556
9834 557
3128 558
6951 559
4993 560
2312 561
3702 562
6736 563
1061 564
9816 565
6449 566
3202 567
3302 568
135 569
5199 570
2391 571
5525 572
4095 573
2861 574
4147 575
4943 576
7763 577
5360 578
4913 579
4147 580
9117 581
7325 582
7622 583
9307 584
3606 585
2186 586
1269 587
271 588
2896 589
8921 590
5966 591
5801 592
8077 593
8601 594
8828 595
773 596
1916 597
6804 598
2963 599
7514 600
7052 601
3270 602
7400 603
6992 604
3272 605
5831 606
796 607
1358 608
4841 609
1333 610
2629 611
3073 612
779 613
4840 614
371 615
7527 616
6158 617
2285 618
964 619
1551 620
6191 621
1983 622
9721 623
5358 624
8073 625
1654 626
8932 627
7110 628
1971 629
6163 630
8000 631
675 632
3071 633
6258 634
3124 635
4179 636
2461 637
6043 638
760 639
14 640
431 641
3999 642
2834 643
8639 644
8708 645
3254 646
746 647
8531 648
5136 649
8055 650
4720 651
7370 652
496 653
2681 654
4411 655
1125 656
437 657
2932 658
5260 659
4470 660
5503 661
2748 662
181 663
3964 664
6974 665
9031 666
9849 667
5229 668
5815 669
1334 670
4380 671
4705 672
8225 673
4087 674
8385 675
8053 676
4146 677
5113 678
3598 679
325 680
6847 681
9096 682
5634 683
910 684
5793 685
3460 686
5980 687
2244 688
1875 689
74 690
5034 691
8204 692
8605 693
4808 694
1347 695
4214 696
7678 697
2592 698
2262 699
4781 700
7964 701
137 702
5743 703
8874 704
5036 705
6886 706
3977 707
1636 708
8251 709
4705 710
482 711
1357 712
1386 713
5848 714
4658 715
3008 716
1288 717
9176 718
591 719
1645 720
5524 721
1021 722
1379 723
6667 724
5878 725
3146 726
756 727
3290 728
1213 729
8202 730
1602 731
4276 732
6141 733
8942 734
8756 735
2790 736
4370 737
6043 738
6032 739
6994 740
7812 741
3670 742
9497 743
1582 744
4051 745
269 746
6263 747
2198 748
4366 749
1539 750
699 751
7773 752
9477 753
6570 754
7612 755
1030 756
4695 757
5354 758
5144 759
3742 760
3949 761
3417 762
8746 763
3682 764
4948 765
4856 766
5727 767
2405 768
6428 769
1200 770
4639 771
2329 772
9256 773
6216 774
5424 775
8336 776
2009 777
5315 778
5570 779
6530 780
8587 781
182 782
5664 783
707 784
3631 785
3749 786
383 787
3669 788
3983 789
8839 790
1054 791
4914 792
4951 793
703 794
6312 795
1765 796
5888 797
3689 798
4535 799
9126 800
2305 801
9233 802
3386 803
5587 804
3171 805
8725 806
2217 807
1700 808
9622 809
497 810
4633 811
988 812
6274 813
8686 814
8910 815
2267 816
9395 817
630 818
7107 819
4180 820
3863 821
4364 822
7404 823
1874 824
2853 825
6810 826
2759 827
3824 828
6895 829
436 830
5129 831
43 832
2194 833
4496 834
7743 835
5211 836
3696 837
4403 838
4489 839
556 840
3521 841
5359 842
1574 843
9028 844
7147 845
4514 846
8440 847
5605 848
2980 849
8604 850
380 851
1243 852
5138 853
3612 854
1187 855
5175 856
4330 857
5794 858
7935 859
896 860
4787 861
2090 862
9436 863
7010 864
3583 865
3459 866
4470 867
3816 868
1743 869
4260 870
6016 871
4632 872
6400 873
2482 874
1093 875
2404 876
4825 877
2792 878
3941 879
9398 880
5491 881
5688 882
1449 883
8067 884
3441 885
9109 886
522 887
6750 888
3599 889
7293 890
4474 891
5528 892
3290 893
9472 894
2822 895
3219 896
8257 897
6414 898
3639 899
1378 900
930 901
9975 902
3085 903
2590 904
6313 905
5498 906
5302 907
9218 908
2955 909
4606 910
4471 911
4596 912
4255 913
3483 914
3711 915
2081 916
2316 917
3583 918
4100 919
1686 920
6657 921
2553 922
5938 923
1919 924
4660 925
4543 926
2207 927
8057 928
8663 929
534 930
4088 931
5897 932
2797 933
8009 934
700 935
7083 936
5207 937
9302 938
1359 939
9991 940
7787 941
8583 942
212 943
8084 944
6399 945
478 946
7273 947
5506 948
3370 949
7711 950
9739 951
4678 952
9552 953
2315 954
6567 955
2419 956
2833 957
799 958
8595 959
4745 960
8264 961
5339 962
1585 963
1158 964
2076 965
9903 966
769 967
7363 968
637 969
9109 970
4340 971
4651 972
8279 973
1492 974
6080 975
7634 976
4312 977
4080 978
2415 979
2455 980
7704 981
5980 982
1958 983
165 984
9091 985
6619 986
1801 987
8017 988
8584 989
5344 990
2627 991
8734 992
596 993
68 994
45 995
7268 996
3275 997
8073 998
3632 999
