200 1100
1018 0
1225 1
59 2
323 3
1487 4
164 5
264 6
1585 7
1735 8
1914 9
1136 10
1460 11
1913 12
1690 13
1347 14
1151 15
168 16
1910 17
788 18
575 19
1175 20
1011 21
1890 22
1326 23
1110 24
1856 25
60 26
347 27
689 28
550 29
1183 30
889 31
458 32
1354 33
1143 34
1111 35
91 36
1547 37
1203 38
1805 39
750 40
537 41
1198 42
1057 43
264 44
1947 45
1017 46
30 47
538 48
946 49
1845 50
403 51
645 52
1070 53
1222 54
1951 55
615 56
758 57
1745 58
787 59
1614 60
1824 61
869 62
582 63
1321 64
1583 65
1545 66
1424 67
1665 68
1536 69
1633 70
872 71
1884 72
801 73
1863 74
940 75
674 76
218 77
1741 78
130 79
1674 80
1663 81
267 82
1196 83
342 84
287 85
1865 86
1610 87
256 88
164 89
293 90
1745 91
1015 92
1610 93
839 94
954 95
453 96
1722 97
1829 98
419 99
1026 100
1797 101
1556 102
1519 103
1211 104
216 105
170 106
578 107
803 108
503 109
171 110
1028 111
946 112
1034 113
1532 114
676 115
1928 116
667 117
1842 118
1855 119
1833 120
120 121
1118 122
1901 123
409 124
1901 125
1279 126
828 127
362 128
1320 129
1360 130
485 131
1831 132
1829 133
1447 134
1982 135
363 136
1499 137
1341 138
515 139
1961 140
611 141
947 142
418 143
1867 144
938 145
989 146
1872 147
873 148
1689 149
1021 150
412 151
721 152
1815 153
821 154
767 155
143 156
1306 157
796 158
1282 159
1818 160
95 161
302 162
193 163
797 164
1603 165
1923 166
1639 167
227 168
214 169
1709 170
268 171
1699 172
1508 173
1131 174
791 175
1873 176
844 177
604 178
992 179
787 180
1892 181
475 182
197 183
1047 184
1385 185
591 186
527 187
652 188
1499 189
280 190
1132 191
1088 192
1704 193
232 194
318 195
1760 196
33 197
1730 198
307 199
