250 1250
1888 0
2154 1
1219 2
2055 3
2490 4
1874 5
504 6
1243 7
1643 8
1629 9
1870 10
1465 11
717 12
446 13
595 14
224 15
601 16
2374 17
1909 18
2201 19
1231 20
954 21
678 22
1587 23
1880 24
1928 25
329 26
792 27
2158 28
2021 29
1291 30
104 31
1378 32
661 33
1775 34
39 35
661 36
2298 37
2133 38
1331 39
853 40
213 41
365 42
1072 43
2450 44
1129 45
1293 46
1051 47
996 48
1773 49
2405 50
1129 51
496 52
2498 53
354 54
1210 55
1102 56
1318 57
1442 58
1999 59
476 60
511 61
562 62
1909 63
1530 64
2259 65
2039 66
1772 67
1524 68
524 69
141 70
1655 71
2396 72
384 73
1724 74
1326 75
637 76
1824 77
1853 78
221 79
1564 80
669 81
605 82
2333 83
1361 84
1614 85
1594 86
761 87
785 88
2365 89
2460 90
2374 91
688 92
1716 93
304 94
273 95
2321 96
1156 97
2316 98
1930 99
445 100
1182 101
779 102
2325 103
2224 104
570 105
791 106
780 107
2008 108
1080 109
1753 110
1553 111
2302 112
2248 113
507 114
1693 115
1533 116
2495 117
176 118
644 119
2422 120
1004 121
1756 122
1394 123
523 124
881 125
369 126
305 127
167 128
277 129
2345 130
1646 131
1884 132
1464 133
69 134
2452 135
1789 136
1041 137
912 138
967 139
14 140
111 141
258 142
1113 143
379 144
2280 145
830 146
2319 147
1519 148
820 149
1069 150
1272 151
500 152
1376 153
2378 154
936 155
612 156
2241 157
1225 158
1092 159
1638 160
2056 161
1235 162
766 163
2484 164
228 165
1312 166
2360 167
1984 168
1338 169
1650 170
2429 171
542 172
1512 173
1817 174
567 175
723 176
771 177
1814 178
1625 179
1742 180
749 181
2029 182
391 183
587 184
2084 185
1321 186
842 187
1193 188
589 189
943 190
753 191
1989 192
405 193
1754 194
1123 195
317 196
1815 197
1009 198
2397 199
674 200
1076 201
289 202
2484 203
1635 204
613 205
1831 206
218 207
1264 208
48 209
1820 210
1160 211
63 212
809 213
685 214
1531 215
2118 216
2053 217
1387 218
2476 219
467 220
2236 221
2302 222
948 223
1745 224
1980 225
1335 226
1658 227
1922 228
606 229
1501 230
508 231
583 232
610 233
1252 234
1674 235
1464 236
354 237
1527 238
2210 239
1608 240
1688 241
757 242
184 243
728 244
911 245
528 246
905 247
312 248
2389 249
