200 450
1726 0
210 1
1202 2
1912 3
1409 4
834 5
167 6
1519 7
34 8
1931 9
1496 10
78 11
1983 12
484 13
1186 14
72 15
1283 16
286 17
1974 18
1084 19
821 20
1634 21
1660 22
916 23
172 24
1611 25
116 26
191 27
1602 28
1053 29
210 30
1822 31
1221 32
1306 33
1977 34
1705 35
1097 36
321 37
1852 38
898 39
389 40
1359 41
1727 42
1837 43
541 44
1317 45
1894 46
1482 47
562 48
1340 49
1564 50
99 51
1087 52
105 53
624 54
505 55
1488 56
1971 57
583 58
1422 59
669 60
1697 61
43 62
565 63
249 64
403 65
271 66
958 67
849 68
836 69
1494 70
893 71
1175 72
1298 73
429 74
241 75
1970 76
1245 77
1672 78
1208 79
1875 80
208 81
1117 82
1969 83
604 84
395 85
1371 86
1183 87
376 88
1580 89
537 90
1565 91
418 92
985 93
749 94
561 95
258 96
1530 97
537 98
1291 99
1459 100
1189 101
230 102
981 103
1269 104
752 105
437 106
1361 107
608 108
889 109
243 110
537 111
1887 112
283 113
1055 114
1856 115
1570 116
1563 117
269 118
43 119
1895 120
116 121
338 122
734 123
165 124
424 125
221 126
1736 127
1404 128
1134 129
609 130
122 131
967 132
753 133
518 134
1023 135
1442 136
176 137
76 138
473 139
566 140
1904 141
423 142
1291 143
1536 144
331 145
1920 146
1382 147
1025 148
595 149
222 150
997 151
455 152
156 153
1186 154
912 155
1445 156
442 157
761 158
1576 159
1696 160
1931 161
127 162
323 163
640 164
1032 165
1947 166
728 167
756 168
169 169
21 170
1139 171
358 172
136 173
995 174
1488 175
516 176
471 177
1139 178
1050 179
863 180
820 181
1579 182
726 183
767 184
1258 185
1664 186
655 187
1583 188
1678 189
1962 190
1071 191
586 192
1518 193
1250 194
437 195
1502 196
1370 197
240 198
1038 199
