250 650
385 0
2322 1
657 2
1567 3
582 4
925 5
653 6
301 7
1483 8
299 9
2316 10
1398 11
233 12
1030 13
31 14
1604 15
2323 16
2478 17
352 18
415 19
442 20
856 21
1880 22
1399 23
1989 24
163 25
2439 26
1032 27
1788 28
1513 29
623 30
1440 31
5 32
1490 33
1671 34
36 35
1196 36
2035 37
875 38
1647 39
2423 40
939 41
2438 42
2082 43
1168 44
2426 45
1212 46
1483 47
1718 48
1261 49
393 50
2446 51
2248 52
1707 53
2463 54
2383 55
309 56
669 57
1197 58
1594 59
2111 60
1916 61
1678 62
1771 63
483 64
1692 65
2464 66
1347 67
1309 68
2155 69
1830 70
831 71
1282 72
1564 73
329 74
2208 75
875 76
913 77
1994 78
1648 79
2398 80
2124 81
21 82
1406 83
1356 84
1231 85
1673 86
2462 87
2419 88
1706 89
2315 90
2179 91
1743 92
2309 93
600 94
735 95
1006 96
1666 97
1123 98
2256 99
136 100
2213 101
1892 102
2131 103
626 104
2180 105
844 106
1871 107
1022 108
2233 109
1328 110
448 111
1823 112
464 113
74 114
876 115
551 116
1119 117
654 118
1590 119
445 120
126 121
991 122
364 123
62 124
2218 125
1419 126
2257 127
2259 128
1899 129
2244 130
1444 131
1279 132
1634 133
2230 134
799 135
1095 136
19 137
1167 138
594 139
1104 140
1409 141
691 142
2428 143
751 144
813 145
2496 146
64 147
2395 148
1726 149
1226 150
2132 151
1394 152
2098 153
1533 154
2013 155
242 156
1221 157
1075 158
2429 159
1492 160
487 161
1821 162
975 163
1143 164
55 165
2283 166
603 167
123 168
1151 169
1060 170
2426 171
1740 172
750 173
686 174
2430 175
2257 176
92 177
2242 178
20 179
1399 180
1008 181
464 182
639 183
1094 184
1607 185
658 186
122 187
260 188
1804 189
1020 190
1750 191
1053 192
938 193
366 194
236 195
787 196
1991 197
1056 198
503 199
1691 200
1453 201
469 202
1407 203
510 204
1964 205
1485 206
1496 207
177 208
415 209
675 210
1655 211
2474 212
73 213
2111 214
1000 215
784 216
457 217
2445 218
120 219
2194 220
2414 221
640 222
82 223
1947 224
1476 225
801 226
806 227
1767 228
1997 229
802 230
84 231
469 232
1072 233
678 234
851 235
1802 236
2108 237
1818 238
1106 239
394 240
1124 241
1923 242
2363 243
39 244
2 245
2067 246
509 247
1055 248
2456 249
