200 1500
1167 0
1800 1
1495 2
594 3
1222 4
472 5
110 6
1226 7
1333 8
603 9
1983 10
1268 11
1251 12
515 13
238 14
474 15
1053 16
551 17
1189 18
1 19
366 20
1978 21
1257 22
1791 23
584 24
1091 25
1736 26
87 27
510 28
868 29
757 30
105 31
9 32
1723 33
978 34
402 35
330 36
1135 37
559 38
1389 39
62 40
988 41
327 42
889 43
1436 44
857 45
315 46
1954 47
1812 48
1585 49
1111 50
846 51
1766 52
644 53
684 54
1341 55
1162 56
557 57
1167 58
860 59
1715 60
638 61
1022 62
553 63
790 64
1262 65
564 66
609 67
634 68
1892 69
959 70
696 71
61 72
1903 73
1228 74
909 75
1864 76
1135 77
589 78
1024 79
1654 80
1488 81
352 82
733 83
182 84
740 85
1988 86
1594 87
523 88
462 89
1109 90
1140 91
1865 92
1419 93
1442 94
1461 95
1893 96
261 97
1233 98
978 99
116 100
261 101
565 102
1804 103
245 104
445 105
1766 106
1915 107
947 108
926 109
1306 110
167 111
519 112
3 113
148 114
310 115
433 116
89 117
291 118
102 119
1545 120
239 121
679 122
758 123
808 124
172 125
1541 126
761 127
654 128
1135 129
496 130
1786 131
162 132
1261 133
866 134
1728 135
1481 136
233 137
395 138
1225 139
936 140
206 141
466 142
444 143
1893 144
836 145
1893 146
732 147
288 148
12 149
389 150
1055 151
1424 152
1508 153
477 154
559 155
1569 156
1083 157
44 158
1253 159
1277 160
1601 161
923 162
1278 163
610 164
963 165
1611 166
278 167
695 168
692 169
1556 170
595 171
1168 172
184 173
1671 174
1143 175
706 176
1004 177
1174 178
1289 179
1925 180
1500 181
960 182
1247 183
828 184
1234 185
1666 186
1680 187
914 188
992 189
1154 190
1654 191
11 192
1415 193
1221 194
115 195
1538 196
1189 197
409 198
1458 199
