250 300
395 0
472 1
2455 2
2293 3
242 4
2316 5
2343 6
2205 7
2224 8
1664 9
1702 10
1051 11
1508 12
865 13
1817 14
1338 15
592 16
1405 17
1978 18
2036 19
38 20
2226 21
1321 22
1074 23
66 24
329 25
1545 26
602 27
903 28
1223 29
2350 30
251 31
1240 32
1146 33
667 34
1441 35
1862 36
1252 37
1118 38
1407 39
1902 40
1363 41
1220 42
1454 43
1986 44
1634 45
758 46
2196 47
851 48
320 49
2012 50
1790 51
1689 52
137 53
110 54
1252 55
544 56
101 57
1448 58
1204 59
602 60
2003 61
218 62
1657 63
676 64
1056 65
1711 66
194 67
1341 68
939 69
1538 70
641 71
1176 72
1023 73
130 74
1297 75
2180 76
684 77
464 78
309 79
1935 80
2062 81
1504 82
2026 83
460 84
1227 85
1891 86
2160 87
1552 88
1341 89
2006 90
1132 91
449 92
896 93
2310 94
641 95
2224 96
514 97
809 98
1769 99
428 100
2176 101
121 102
208 103
1827 104
803 105
1154 106
1737 107
2388 108
470 109
1040 110
552 111
2429 112
606 113
489 114
1652 115
862 116
1381 117
571 118
1901 119
321 120
67 121
31 122
1326 123
2485 124
1546 125
125 126
1085 127
1499 128
1766 129
1828 130
2196 131
643 132
135 133
2030 134
705 135
1135 136
80 137
1125 138
2356 139
2385 140
1644 141
995 142
176 143
435 144
1154 145
974 146
2110 147
1878 148
1546 149
2314 150
727 151
756 152
1716 153
1837 154
2354 155
141 156
2129 157
313 158
237 159
630 160
708 161
520 162
1439 163
804 164
1762 165
1007 166
1664 167
196 168
944 169
1476 170
76 171
1894 172
295 173
453 174
1893 175
2431 176
2276 177
200 178
919 179
1191 180
1438 181
1844 182
2344 183
275 184
2024 185
2078 186
107 187
751 188
1038 189
73 190
1095 191
2220 192
1349 193
1744 194
405 195
1157 196
1226 197
1871 198
2125 199
998 200
489 201
425 202
941 203
2247 204
1152 205
12 206
2297 207
1559 208
1235 209
1039 210
1668 211
2120 212
300 213
1428 214
949 215
1038 216
2412 217
2163 218
690 219
1354 220
2135 221
1647 222
2242 223
2481 224
85 225
589 226
1336 227
1033 228
1534 229
1061 230
1132 231
237 232
1136 233
681 234
527 235
1275 236
1030 237
972 238
819 239
1613 240
1088 241
2160 242
956 243
61 244
1494 245
1117 246
2253 247
456 248
1609 249
