200 100
443 0
331 1
1352 2
85 3
1647 4
4 5
411 6
1935 7
117 8
697 9
1373 10
1899 11
167 12
309 13
1405 14
1780 15
894 16
1189 17
28 18
57 19
1622 20
1459 21
1611 22
588 23
1574 24
1926 25
486 26
1986 27
479 28
328 29
1646 30
412 31
837 32
1569 33
811 34
504 35
445 36
1144 37
1165 38
1977 39
781 40
1032 41
1542 42
772 43
1611 44
321 45
489 46
1211 47
794 48
28 49
814 50
1206 51
860 52
1169 53
1311 54
1647 55
1463 56
1179 57
1518 58
916 59
1046 60
563 61
61 62
1598 63
1844 64
1363 65
1188 66
52 67
1089 68
775 69
492 70
1654 71
901 72
1431 73
1444 74
599 75
62 76
547 77
331 78
1029 79
437 80
1178 81
1147 82
1309 83
699 84
1740 85
180 86
663 87
645 88
1364 89
192 90
1007 91
750 92
867 93
1297 94
590 95
743 96
1925 97
938 98
880 99
627 100
1685 101
1774 102
1096 103
94 104
1333 105
1426 106
1009 107
1060 108
1336 109
1418 110
750 111
1530 112
80 113
1069 114
1445 115
981 116
1020 117
944 118
1962 119
93 120
842 121
1141 122
997 123
1483 124
1844 125
1279 126
839 127
1797 128
284 129
1983 130
1669 131
423 132
989 133
1902 134
1065 135
485 136
1395 137
561 138
1326 139
1068 140
905 141
1932 142
666 143
945 144
1867 145
1998 146
910 147
1075 148
14 149
1280 150
361 151
1868 152
1687 153
831 154
1282 155
346 156
1490 157
185 158
1799 159
151 160
598 161
40 162
1373 163
554 164
448 165
375 166
682 167
942 168
659 169
577 170
32 171
1993 172
1140 173
1563 174
936 175
91 176
1815 177
1431 178
459 179
1881 180
62 181
825 182
1394 183
304 184
293 185
169 186
834 187
1301 188
1122 189
1841 190
27 191
702 192
307 193
1448 194
1874 195
887 196
1411 197
509 198
214 199
