200 500
717 0
931 1
775 2
310 3
1835 4
1878 5
1483 6
1613 7
457 8
303 9
1105 10
33 11
509 12
538 13
311 14
1808 15
1595 16
1585 17
1592 18
1301 19
539 20
603 21
1044 22
1754 23
64 24
954 25
1548 26
215 27
1190 28
460 29
754 30
358 31
1597 32
1598 33
143 34
254 35
1091 36
1183 37
1036 38
1898 39
342 40
1294 41
1613 42
1770 43
562 44
1774 45
527 46
547 47
98 48
1934 49
74 50
252 51
306 52
133 53
128 54
1207 55
1133 56
392 57
384 58
1055 59
1175 60
264 61
213 62
606 63
925 64
1366 65
1352 66
1460 67
223 68
1438 69
416 70
63 71
450 72
1906 73
1641 74
443 75
745 76
37 77
1906 78
221 79
292 80
1567 81
564 82
733 83
1528 84
589 85
1363 86
891 87
291 88
257 89
1488 90
915 91
205 92
304 93
1704 94
184 95
697 96
1982 97
1963 98
914 99
1785 100
1877 101
1941 102
135 103
95 104
1356 105
908 106
1272 107
1461 108
1130 109
937 110
511 111
1604 112
1925 113
821 114
1991 115
1775 116
1810 117
1167 118
902 119
791 120
1686 121
1947 122
377 123
943 124
578 125
19 126
616 127
417 128
1559 129
567 130
1741 131
869 132
548 133
734 134
881 135
1485 136
565 137
1545 138
380 139
286 140
979 141
1763 142
807 143
1143 144
40 145
1714 146
657 147
1989 148
145 149
1253 150
1617 151
1797 152
1235 153
843 154
118 155
1689 156
1701 157
1754 158
1616 159
696 160
1897 161
769 162
50 163
279 164
592 165
1976 166
188 167
148 168
1278 169
570 170
249 171
390 172
1340 173
102 174
1613 175
720 176
1566 177
1294 178
1997 179
1600 180
763 181
1556 182
1274 183
1080 184
900 185
461 186
409 187
1999 188
572 189
330 190
119 191
1238 192
1673 193
363 194
1685 195
1940 196
1181 197
1455 198
267 199
