250 900
885 0
591 1
510 2
554 3
129 4
1008 5
186 6
1278 7
1560 8
1790 9
1695 10
1937 11
1536 12
836 13
1023 14
1836 15
538 16
2187 17
1202 18
1342 19
2478 20
2448 21
1208 22
2214 23
1811 24
2167 25
1060 26
926 27
150 28
816 29
1742 30
1295 31
971 32
1832 33
1574 34
1716 35
1983 36
1758 37
541 38
611 39
1290 40
1517 41
1582 42
2290 43
964 44
1576 45
1025 46
984 47
429 48
169 49
1054 50
1846 51
2081 52
1228 53
700 54
1698 55
2229 56
36 57
1410 58
44 59
435 60
1210 61
182 62
2459 63
1891 64
915 65
1061 66
1966 67
2358 68
2284 69
2444 70
409 71
1223 72
1903 73
477 74
2055 75
1176 76
323 77
771 78
81 79
695 80
2248 81
2141 82
762 83
1853 84
970 85
972 86
1836 87
420 88
851 89
1902 90
2496 91
986 92
1396 93
1918 94
406 95
1776 96
1694 97
510 98
1490 99
942 100
771 101
2050 102
38 103
1087 104
2364 105
1171 106
904 107
2123 108
1416 109
1247 110
136 111
2132 112
902 113
2199 114
45 115
2218 116
1633 117
50 118
2418 119
39 120
2443 121
2236 122
1934 123
1634 124
2211 125
851 126
837 127
1336 128
2366 129
78 130
2187 131
860 132
1489 133
88 134
2346 135
703 136
1287 137
323 138
1842 139
183 140
2011 141
2180 142
633 143
1717 144
351 145
1108 146
1997 147
1018 148
2376 149
629 150
1219 151
373 152
658 153
480 154
1414 155
2049 156
1709 157
1708 158
635 159
1278 160
1566 161
107 162
270 163
1222 164
1548 165
1645 166
2099 167
354 168
1400 169
1379 170
1567 171
1564 172
2144 173
1230 174
1747 175
1158 176
642 177
752 178
2267 179
2417 180
1755 181
1661 182
661 183
1329 184
2041 185
1771 186
2264 187
2181 188
782 189
946 190
677 191
1741 192
1860 193
711 194
950 195
386 196
1440 197
1342 198
586 199
2251 200
192 201
1900 202
268 203
1401 204
2335 205
1730 206
1646 207
456 208
1077 209
1968 210
1874 211
267 212
2010 213
1003 214
173 215
2439 216
2305 217
940 218
968 219
1168 220
2080 221
1849 222
540 223
188 224
2398 225
1163 226
1842 227
262 228
360 229
774 230
663 231
268 232
1827 233
1633 234
798 235
2038 236
609 237
469 238
2152 239
1694 240
1571 241
1618 242
1256 243
2197 244
597 245
1408 246
1526 247
478 248
1828 249
