200 600
451 0
657 1
1397 2
963 3
351 4
529 5
435 6
134 7
283 8
236 9
1468 10
684 11
1283 12
1941 13
1980 14
262 15
733 16
1143 17
52 18
1224 19
1053 20
247 21
1614 22
1544 23
1516 24
280 25
897 26
1113 27
280 28
1119 29
1912 30
715 31
269 32
710 33
775 34
207 35
1497 36
1699 37
569 38
1513 39
1509 40
1587 41
1968 42
1102 43
614 44
1446 45
1363 46
229 47
213 48
606 49
813 50
951 51
1303 52
1736 53
1457 54
386 55
1713 56
105 57
1172 58
1684 59
1223 60
1798 61
57 62
976 63
1902 64
1931 65
589 66
1340 67
225 68
30 69
754 70
1605 71
1238 72
1376 73
1197 74
163 75
420 76
189 77
1486 78
1441 79
1341 80
1652 81
1831 82
493 83
1819 84
659 85
911 86
1962 87
1919 88
1168 89
422 90
578 91
1807 92
1182 93
1526 94
985 95
870 96
770 97
47 98
715 99
1821 100
163 101
828 102
71 103
1121 104
1242 105
1119 106
438 107
821 108
1785 109
1818 110
27 111
1854 112
1175 113
1228 114
409 115
286 116
1177 117
1951 118
1589 119
605 120
1435 121
1859 122
1343 123
1372 124
1522 125
1930 126
1824 127
520 128
1166 129
773 130
379 131
1816 132
1692 133
1416 134
8 135
1197 136
1638 137
130 138
248 139
316 140
1985 141
1678 142
1698 143
1776 144
318 145
1298 146
1454 147
132 148
1786 149
543 150
219 151
1823 152
1993 153
1061 154
1317 155
21 156
1903 157
1817 158
1079 159
1552 160
1314 161
598 162
1337 163
637 164
997 165
1801 166
1918 167
565 168
680 169
1844 170
1664 171
1961 172
29 173
1664 174
99 175
1413 176
1256 177
327 178
1648 179
1608 180
703 181
1661 182
212 183
262 184
373 185
1236 186
1617 187
791 188
1269 189
993 190
285 191
1580 192
327 193
419 194
782 195
137 196
17 197
234 198
905 199
