200 350
264 0
594 1
1488 2
1591 3
728 4
1672 5
677 6
550 7
1295 8
1476 9
1522 10
1632 11
1311 12
1386 13
1721 14
922 15
470 16
1327 17
332 18
1089 19
911 20
1872 21
359 22
861 23
404 24
1141 25
368 26
20 27
864 28
298 29
1321 30
241 31
1710 32
1076 33
431 34
1656 35
1515 36
1184 37
343 38
1732 39
1228 40
466 41
1736 42
1165 43
125 44
1072 45
115 46
621 47
1267 48
268 49
856 50
1705 51
268 52
655 53
991 54
553 55
1512 56
44 57
214 58
562 59
1990 60
300 61
1855 62
306 63
65 64
1906 65
615 66
733 67
601 68
1827 69
392 70
955 71
635 72
120 73
1414 74
1443 75
1985 76
563 77
652 78
322 79
425 80
938 81
522 82
254 83
1172 84
1537 85
312 86
134 87
759 88
549 89
1909 90
210 91
195 92
1030 93
619 94
888 95
1535 96
1499 97
263 98
990 99
1534 100
210 101
1261 102
1448 103
1504 104
1014 105
905 106
184 107
676 108
925 109
93 110
552 111
97 112
1828 113
457 114
1491 115
1995 116
559 117
1063 118
1842 119
705 120
176 121
1529 122
1740 123
14 124
56 125
128 126
824 127
1219 128
1535 129
1480 130
1375 131
1488 132
1230 133
763 134
1814 135
1672 136
846 137
1239 138
640 139
1809 140
932 141
1047 142
974 143
574 144
178 145
705 146
1718 147
1900 148
234 149
2000 150
34 151
1380 152
1916 153
1753 154
668 155
1948 156
686 157
1129 158
504 159
998 160
499 161
542 162
228 163
1610 164
1149 165
1010 166
1553 167
698 168
800 169
1884 170
1853 171
1717 172
72 173
1347 174
1637 175
1652 176
1517 177
1976 178
506 179
1503 180
257 181
1089 182
71 183
626 184
85 185
1841 186
1084 187
219 188
1906 189
490 190
1408 191
1603 192
1808 193
818 194
1321 195
1952 196
105 197
15 198
1473 199
