200 200
1400 0
117 1
1477 2
636 3
111 4
243 5
1068 6
1687 7
1056 8
1999 9
1264 10
1435 11
1120 12
792 13
1917 14
1423 15
856 16
1735 17
730 18
691 19
1510 20
1516 21
736 22
506 23
721 24
1075 25
260 26
1817 27
369 28
1488 29
527 30
846 31
402 32
571 33
1061 34
182 35
958 36
1326 37
1112 38
1859 39
1481 40
799 41
1762 42
1728 43
1060 44
1495 45
980 46
1126 47
522 48
157 49
1996 50
1668 51
527 52
249 53
1879 54
114 55
598 56
715 57
508 58
87 59
301 60
898 61
1922 62
1809 63
426 64
1475 65
888 66
1522 67
886 68
739 69
1302 70
559 71
89 72
898 73
1590 74
326 75
193 76
729 77
163 78
1456 79
66 80
703 81
79 82
793 83
1011 84
823 85
919 86
1418 87
783 88
1855 89
727 90
264 91
996 92
322 93
157 94
1461 95
1349 96
1520 97
501 98
1585 99
593 100
1749 101
247 102
1445 103
624 104
1047 105
495 106
1993 107
1177 108
645 109
1412 110
642 111
476 112
1237 113
721 114
1139 115
1022 116
496 117
756 118
923 119
198 120
1904 121
262 122
1863 123
751 124
582 125
325 126
1154 127
1874 128
1707 129
1807 130
1678 131
1163 132
31 133
797 134
964 135
869 136
28 137
1703 138
1454 139
968 140
325 141
1265 142
1457 143
1204 144
923 145
1015 146
1870 147
1157 148
1648 149
249 150
1630 151
818 152
1892 153
1115 154
210 155
1767 156
1949 157
550 158
1215 159
511 160
688 161
405 162
1528 163
698 164
968 165
1928 166
481 167
914 168
180 169
871 170
1137 171
549 172
1307 173
88 174
1671 175
138 176
505 177
1272 178
1898 179
1085 180
101 181
232 182
1025 183
106 184
1766 185
1180 186
1813 187
1046 188
1888 189
1618 190
278 191
1202 192
930 193
1120 194
871 195
615 196
440 197
1215 198
1480 199
