200 300
1537 0
1572 1
664 2
1607 3
1012 4
1966 5
451 6
1264 7
951 8
1504 9
622 10
376 11
1354 12
710 13
1561 14
183 15
1747 16
268 17
330 18
1162 19
482 20
471 21
46 22
807 23
1033 24
688 25
1505 26
318 27
447 28
571 29
728 30
1914 31
1176 32
1089 33
119 34
747 35
867 36
249 37
569 38
1504 39
1316 40
1303 41
1139 42
1610 43
694 44
1498 45
1512 46
1809 47
1586 48
21 49
487 50
1054 51
379 52
673 53
963 54
648 55
1692 56
1568 57
1075 58
1473 59
352 60
1365 61
245 62
85 63
1489 64
956 65
1943 66
497 67
1235 68
867 69
1159 70
998 71
420 72
1931 73
33 74
1873 75
191 76
497 77
648 78
44 79
754 80
1672 81
1304 82
1492 83
1932 84
357 85
1196 86
891 87
1617 88
1482 89
1480 90
89 91
372 92
1399 93
1302 94
1497 95
1116 96
633 97
924 98
921 99
1339 100
1395 101
37 102
1944 103
1199 104
1631 105
1699 106
537 107
1317 108
779 109
440 110
1519 111
198 112
104 113
1127 114
90 115
958 116
728 117
642 118
325 119
1195 120
772 121
263 122
1938 123
852 124
1972 125
136 126
215 127
1816 128
1444 129
1016 130
145 131
622 132
25 133
447 134
27 135
1337 136
1000 137
757 138
281 139
901 140
1959 141
1394 142
1578 143
1925 144
628 145
23 146
1487 147
1447 148
1470 149
432 150
386 151
1317 152
160 153
1913 154
1942 155
1583 156
1364 157
566 158
772 159
1331 160
1683 161
1435 162
1537 163
1729 164
41 165
1520 166
1501 167
830 168
1692 169
951 170
1034 171
125 172
142 173
1832 174
467 175
1097 176
188 177
293 178
917 179
19 180
786 181
1879 182
1682 183
464 184
881 185
48 186
981 187
755 188
945 189
1932 190
623 191
350 192
264 193
1444 194
1923 195
590 196
1518 197
781 198
1148 199
