250 200
1211 0
1709 1
977 2
2345 3
2347 4
932 5
1168 6
1346 7
376 8
1540 9
1710 10
93 11
1442 12
1936 13
362 14
2226 15
1738 16
1211 17
1 18
1896 19
240 20
1701 21
2374 22
1873 23
56 24
323 25
1267 26
166 27
2281 28
1790 29
2093 30
534 31
1628 32
835 33
1289 34
871 35
909 36
1243 37
2096 38
832 39
446 40
46 41
473 42
1919 43
437 44
2405 45
1686 46
5 47
1485 48
903 49
2097 50
1728 51
2144 52
1050 53
939 54
712 55
2008 56
967 57
1670 58
1875 59
1922 60
2118 61
1533 62
395 63
1754 64
489 65
828 66
1479 67
2125 68
1656 69
2221 70
1657 71
2054 72
839 73
143 74
500 75
1150 76
2294 77
698 78
669 79
2285 80
815 81
1859 82
1592 83
543 84
379 85
2208 86
1372 87
1683 88
578 89
2211 90
1829 91
494 92
147 93
1074 94
923 95
197 96
134 97
1522 98
15 99
34 100
319 101
1557 102
198 103
386 104
1641 105
1427 106
733 107
280 108
789 109
503 110
2390 111
2185 112
2231 113
2020 114
1124 115
66 116
857 117
369 118
1934 119
1731 120
2430 121
936 122
1034 123
717 124
401 125
1037 126
580 127
1371 128
314 129
1177 130
816 131
2388 132
949 133
2391 134
104 135
1300 136
316 137
1033 138
1224 139
698 140
103 141
1099 142
460 143
1950 144
1273 145
1933 146
2107 147
421 148
2144 149
1527 150
2059 151
1485 152
338 153
2074 154
382 155
2132 156
1182 157
418 158
1154 159
133 160
1094 161
1791 162
419 163
1943 164
484 165
371 166
2162 167
195 168
784 169
1260 170
634 171
756 172
1163 173
168 174
609 175
38 176
2439 177
2321 178
44 179
2048 180
856 181
2004 182
101 183
22 184
720 185
1854 186
1864 187
260 188
2283 189
1380 190
1288 191
361 192
375 193
1350 194
1404 195
755 196
688 197
1123 198
530 199
36 200
1896 201
1999 202
10 203
944 204
1792 205
2394 206
250 207
148 208
1194 209
2292 210
1355 211
915 212
839 213
1130 214
2444 215
1900 216
1839 217
562 218
1648 219
641 220
1451 221
621 222
24 223
1974 224
2323 225
2184 226
2381 227
373 228
1630 229
1921 230
1314 231
2202 232
633 233
2009 234
906 235
308 236
1744 237
232 238
1902 239
1460 240
2313 241
1416 242
379 243
2211 244
773 245
242 246
1311 247
9 248
1528 249
