250 1500
1182 0
670 1
2436 2
1991 3
1049 4
820 5
477 6
2069 7
135 8
1069 9
32 10
103 11
1384 12
2112 13
41 14
2188 15
1828 16
152 17
1343 18
1103 19
1205 20
1856 21
890 22
1469 23
2095 24
172 25
874 26
102 27
2368 28
1325 29
2316 30
847 31
117 32
1696 33
1024 34
1077 35
2122 36
2188 37
2408 38
2204 39
1696 40
1340 41
1810 42
1117 43
2036 44
2364 45
726 46
2052 47
225 48
2373 49
529 50
1181 51
354 52
29 53
519 54
2016 55
2190 56
721 57
741 58
1390 59
1346 60
1207 61
752 62
30 63
1132 64
1321 65
1925 66
418 67
2136 68
2468 69
2498 70
468 71
1750 72
652 73
29 74
110 75
2316 76
891 77
240 78
2058 79
1551 80
294 81
107 82
662 83
1388 84
2383 85
1174 86
1075 87
836 88
5 89
131 90
1286 91
832 92
852 93
490 94
895 95
815 96
112 97
1463 98
1386 99
2195 100
601 101
1795 102
583 103
52 104
810 105
486 106
923 107
2121 108
469 109
1678 110
2209 111
958 112
1578 113
1029 114
134 115
8 116
1369 117
1017 118
2120 119
1266 120
1380 121
2261 122
2260 123
1051 124
651 125
475 126
1976 127
1024 128
2039 129
1826 130
526 131
2312 132
1415 133
107 134
1330 135
1747 136
51 137
1896 138
1766 139
1995 140
1235 141
1103 142
1979 143
1992 144
2177 145
466 146
1270 147
787 148
984 149
114 150
1995 151
247 152
2213 153
1380 154
2081 155
644 156
1808 157
211 158
2496 159
635 160
255 161
921 162
1868 163
1223 164
649 165
1179 166
1590 167
2062 168
1960 169
1654 170
1082 171
125 172
2067 173
390 174
189 175
915 176
239 177
1672 178
71 179
2378 180
1059 181
1523 182
911 183
923 184
1807 185
1373 186
1216 187
894 188
811 189
2364 190
179 191
1135 192
140 193
1994 194
148 195
1882 196
185 197
551 198
615 199
1669 200
1617 201
421 202
2091 203
1710 204
1669 205
2028 206
2291 207
1314 208
644 209
2373 210
1084 211
2210 212
2347 213
1018 214
807 215
744 216
649 217
1032 218
2132 219
1602 220
430 221
1410 222
1375 223
285 224
1709 225
772 226
48 227
577 228
1965 229
273 230
2356 231
701 232
1001 233
200 234
1326 235
1207 236
227 237
561 238
2195 239
2000 240
1951 241
1278 242
1731 243
514 244
1023 245
2210 246
445 247
461 248
50 249
