250 150
2206 0
1550 1
2480 2
2212 3
2427 4
226 5
2246 6
1050 7
2162 8
358 9
1142 10
544 11
249 12
1662 13
372 14
2152 15
1433 16
2211 17
1662 18
2025 19
340 20
1128 21
971 22
2133 23
1609 24
2418 25
2126 26
896 27
2490 28
2294 29
1534 30
523 31
1353 32
501 33
425 34
811 35
985 36
1052 37
1390 38
2373 39
69 40
2262 41
2261 42
1768 43
221 44
525 45
1681 46
1504 47
838 48
2483 49
640 50
1493 51
2444 52
869 53
1454 54
161 55
1594 56
147 57
693 58
942 59
1782 60
132 61
1727 62
1757 63
1494 64
1938 65
1436 66
823 67
1861 68
1748 69
1921 70
889 71
1123 72
843 73
1377 74
617 75
579 76
2435 77
715 78
2324 79
1064 80
1666 81
1103 82
1152 83
1611 84
738 85
1738 86
445 87
1765 88
602 89
674 90
857 91
1362 92
2331 93
1040 94
79 95
1083 96
1867 97
2045 98
2492 99
1559 100
81 101
2145 102
518 103
384 104
2145 105
1372 106
1169 107
116 108
392 109
652 110
2373 111
1103 112
1994 113
2303 114
982 115
2293 116
1340 117
787 118
1894 119
2221 120
2475 121
780 122
1865 123
904 124
1635 125
184 126
989 127
1344 128
345 129
217 130
506 131
673 132
2460 133
612 134
2420 135
625 136
1716 137
949 138
1531 139
124 140
1646 141
1139 142
374 143
1159 144
961 145
972 146
911 147
2291 148
1604 149
1010 150
1199 151
1724 152
874 153
1906 154
942 155
2006 156
2460 157
1485 158
673 159
1453 160
807 161
86 162
1022 163
683 164
2462 165
501 166
691 167
1529 168
1093 169
2403 170
95 171
379 172
2471 173
2307 174
491 175
160 176
1475 177
1218 178
8 179
2240 180
2028 181
136 182
2456 183
53 184
1299 185
2054 186
1359 187
1481 188
1065 189
2098 190
1075 191
184 192
1008 193
1748 194
2114 195
1947 196
305 197
1497 198
1703 199
1755 200
1757 201
2484 202
1653 203
609 204
1855 205
92 206
91 207
138 208
1576 209
795 210
1848 211
486 212
369 213
901 214
1141 215
2298 216
1313 217
1589 218
1673 219
2129 220
1167 221
1515 222
557 223
544 224
335 225
1567 226
2083 227
1860 228
1990 229
942 230
742 231
2023 232
1964 233
1582 234
2116 235
1455 236
1025 237
1164 238
1957 239
691 240
750 241
1161 242
1206 243
341 244
461 245
1305 246
1140 247
2370 248
373 249
