250 400
457 0
353 1
1527 2
1179 3
288 4
1397 5
1269 6
1123 7
2133 8
555 9
1522 10
1130 11
1310 12
879 13
1415 14
2460 15
2402 16
1657 17
1276 18
2155 19
2163 20
2477 21
2012 22
1052 23
2314 24
1825 25
1431 26
1660 27
1099 28
2190 29
868 30
1095 31
2096 32
387 33
1506 34
2035 35
2038 36
2162 37
30 38
936 39
388 40
1193 41
1563 42
549 43
2290 44
1352 45
867 46
1827 47
298 48
2326 49
1600 50
1247 51
640 52
1586 53
2021 54
1487 55
1541 56
2035 57
684 58
1154 59
410 60
1772 61
1047 62
1396 63
1965 64
719 65
1028 66
1691 67
1300 68
1782 69
1020 70
895 71
1294 72
1393 73
1102 74
64 75
609 76
2220 77
490 78
390 79
1082 80
2467 81
1975 82
27 83
2226 84
2344 85
1118 86
1432 87
1006 88
1221 89
1831 90
2389 91
1021 92
1967 93
75 94
405 95
647 96
1573 97
1882 98
1705 99
1153 100
1345 101
2010 102
748 103
1131 104
2432 105
2291 106
2339 107
448 108
2347 109
553 110
1742 111
1292 112
856 113
1104 114
542 115
629 116
1423 117
481 118
1310 119
887 120
265 121
1113 122
971 123
2425 124
2218 125
1380 126
925 127
835 128
238 129
2380 130
2421 131
1176 132
278 133
1238 134
1 135
2478 136
1471 137
101 138
325 139
2121 140
438 141
1807 142
2254 143
1671 144
718 145
390 146
1695 147
1052 148
1434 149
1940 150
2162 151
51 152
1189 153
1502 154
59 155
1157 156
857 157
1850 158
1139 159
1437 160
1009 161
1677 162
2307 163
934 164
1030 165
2004 166
713 167
1506 168
629 169
221 170
2448 171
609 172
963 173
2457 174
1094 175
1125 176
1712 177
1208 178
129 179
1396 180
714 181
2161 182
1896 183
1747 184
1888 185
2078 186
2071 187
422 188
2247 189
1788 190
1414 191
1000 192
530 193
2093 194
239 195
1567 196
1274 197
1666 198
296 199
1230 200
768 201
2114 202
2421 203
472 204
356 205
394 206
1164 207
323 208
106 209
197 210
671 211
1844 212
595 213
1900 214
402 215
149 216
1624 217
1420 218
218 219
1765 220
2366 221
27 222
908 223
1729 224
1603 225
953 226
90 227
459 228
1374 229
1492 230
732 231
2015 232
552 233
1981 234
1914 235
559 236
193 237
1728 238
2293 239
1403 240
254 241
2353 242
1482 243
1891 244
560 245
2026 246
1833 247
463 248
1368 249
