200 700
979 0
307 1
1772 2
701 3
545 4
1130 5
1474 6
970 7
1974 8
66 9
682 10
314 11
498 12
1640 13
1224 14
1925 15
336 16
1934 17
1300 18
855 19
285 20
281 21
36 22
1150 23
828 24
1411 25
1558 26
446 27
989 28
1012 29
351 30
1720 31
1904 32
426 33
1515 34
1198 35
782 36
1794 37
671 38
1772 39
1786 40
403 41
1090 42
51 43
1023 44
51 45
356 46
377 47
1306 48
908 49
1323 50
933 51
881 52
554 53
1966 54
1786 55
600 56
1945 57
345 58
846 59
725 60
1976 61
1072 62
1518 63
1865 64
1772 65
470 66
325 67
754 68
1616 69
145 70
1964 71
1044 72
1881 73
706 74
1074 75
1662 76
435 77
1125 78
1273 79
704 80
1406 81
292 82
803 83
815 84
260 85
994 86
515 87
555 88
940 89
528 90
770 91
432 92
1065 93
498 94
1961 95
459 96
370 97
1053 98
599 99
177 100
33 101
1097 102
320 103
555 104
1282 105
1947 106
689 107
106 108
660 109
1203 110
364 111
1197 112
1769 113
1365 114
324 115
1014 116
1136 117
641 118
1995 119
557 120
715 121
520 122
1290 123
165 124
772 125
180 126
1963 127
1831 128
1631 129
242 130
1202 131
1856 132
463 133
382 134
1639 135
752 136
956 137
1292 138
1523 139
97 140
644 141
345 142
1675 143
687 144
1074 145
102 146
552 147
302 148
1499 149
544 150
425 151
801 152
1145 153
881 154
643 155
1008 156
1335 157
564 158
558 159
1740 160
884 161
218 162
679 163
1152 164
1716 165
299 166
1690 167
1240 168
1031 169
1134 170
519 171
1457 172
1635 173
740 174
1814 175
224 176
330 177
1973 178
1013 179
1241 180
965 181
1947 182
1686 183
1611 184
1044 185
60 186
364 187
790 188
1448 189
1186 190
1933 191
1190 192
1259 193
1655 194
614 195
452 196
410 197
1089 198
1342 199
