250 850
90 0
991 1
429 2
1327 3
1896 4
1122 5
1168 6
2246 7
793 8
1660 9
2453 10
920 11
1858 12
1450 13
1049 14
630 15
2115 16
628 17
766 18
2049 19
1666 20
1899 21
76 22
1098 23
1885 24
486 25
24 26
681 27
2203 28
2007 29
787 30
1049 31
1807 32
1414 33
72 34
1401 35
2208 36
1958 37
415 38
2354 39
79 40
39 41
538 42
1784 43
795 44
2476 45
2257 46
2387 47
1630 48
1622 49
1930 50
455 51
603 52
2462 53
2449 54
554 55
2330 56
411 57
1759 58
840 59
1585 60
1215 61
2081 62
1626 63
263 64
1589 65
1846 66
688 67
900 68
488 69
2490 70
364 71
2067 72
2014 73
1713 74
1660 75
238 76
1838 77
1696 78
935 79
819 80
2150 81
863 82
706 83
1290 84
1169 85
508 86
360 87
1336 88
1953 89
402 90
456 91
642 92
267 93
174 94
1452 95
1425 96
1071 97
381 98
2416 99
308 100
1181 101
274 102
1885 103
1802 104
1865 105
1049 106
497 107
2375 108
511 109
418 110
1175 111
2415 112
1892 113
151 114
1774 115
1544 116
506 117
714 118
851 119
584 120
652 121
17 122
2185 123
112 124
1118 125
706 126
205 127
895 128
484 129
1698 130
486 131
286 132
1854 133
199 134
1528 135
72 136
1710 137
1614 138
1123 139
1553 140
1069 141
1564 142
1607 143
456 144
566 145
2478 146
2427 147
565 148
676 149
2016 150
902 151
1886 152
182 153
1901 154
828 155
2023 156
116 157
704 158
1475 159
2496 160
1380 161
1889 162
499 163
1976 164
1251 165
890 166
259 167
2275 168
1111 169
2384 170
1171 171
1489 172
2374 173
1335 174
847 175
2031 176
2099 177
660 178
710 179
849 180
1504 181
2056 182
1930 183
1941 184
1948 185
1180 186
1188 187
1773 188
1008 189
1261 190
2296 191
84 192
359 193
1385 194
503 195
1042 196
117 197
97 198
1956 199
227 200
1512 201
132 202
2344 203
1034 204
626 205
1049 206
2433 207
1186 208
544 209
605 210
2416 211
1020 212
1785 213
1387 214
657 215
2010 216
2097 217
2271 218
1248 219
1093 220
2087 221
2490 222
1968 223
2094 224
1592 225
1470 226
35 227
608 228
817 229
983 230
859 231
1276 232
18 233
480 234
2468 235
2254 236
193 237
283 238
1715 239
527 240
2139 241
94 242
1712 243
848 244
1140 245
1587 246
234 247
76 248
1084 249
