250 250
2331 0
1706 1
1087 2
1561 3
7 4
2105 5
1615 6
761 7
1344 8
802 9
2491 10
762 11
991 12
328 13
1194 14
1779 15
915 16
1374 17
235 18
971 19
1802 20
710 21
351 22
151 23
945 24
2376 25
557 26
706 27
825 28
787 29
46 30
1245 31
2037 32
1202 33
673 34
807 35
1674 36
1981 37
244 38
1767 39
837 40
267 41
2268 42
1129 43
2040 44
772 45
647 46
2066 47
2044 48
1227 49
56 50
5 51
1054 52
2213 53
1161 54
868 55
821 56
2339 57
1851 58
2127 59
1275 60
1751 61
298 62
519 63
531 64
905 65
1119 66
1332 67
2346 68
2220 69
151 70
1497 71
1227 72
2283 73
806 74
1739 75
1139 76
1232 77
934 78
425 79
1038 80
1662 81
2209 82
2404 83
946 84
1460 85
1616 86
981 87
1860 88
1122 89
781 90
315 91
1331 92
484 93
2239 94
1959 95
1758 96
878 97
252 98
1139 99
354 100
946 101
979 102
1431 103
1229 104
1134 105
1996 106
1112 107
2342 108
1366 109
1489 110
1467 111
2179 112
1480 113
1186 114
794 115
1962 116
2315 117
567 118
2242 119
98 120
2225 121
1084 122
1157 123
1484 124
230 125
209 126
2492 127
971 128
1192 129
666 130
2276 131
1277 132
2367 133
442 134
1772 135
1852 136
2048 137
420 138
2357 139
2417 140
1038 141
1609 142
674 143
1207 144
911 145
1644 146
1694 147
2273 148
2377 149
293 150
327 151
198 152
501 153
168 154
2478 155
944 156
2365 157
2123 158
2263 159
2339 160
1148 161
270 162
1053 163
1644 164
84 165
2193 166
2454 167
1154 168
128 169
895 170
2491 171
379 172
27 173
1642 174
2286 175
2191 176
1827 177
2482 178
533 179
529 180
1299 181
1267 182
1982 183
808 184
1863 185
697 186
1676 187
2090 188
1216 189
2136 190
965 191
1242 192
2185 193
789 194
437 195
1710 196
2139 197
1088 198
475 199
2016 200
216 201
1755 202
1926 203
1617 204
2163 205
397 206
1220 207
272 208
1945 209
2191 210
61 211
2495 212
1429 213
2304 214
2330 215
622 216
1258 217
1839 218
620 219
2371 220
39 221
646 222
1723 223
1179 224
231 225
1277 226
1151 227
2332 228
262 229
1405 230
1388 231
847 232
112 233
57 234
150 235
1314 236
2436 237
849 238
987 239
1371 240
2197 241
2355 242
236 243
2028 244
2029 245
1051 246
1167 247
363 248
302 249
