200 1650
1441 0
1100 1
790 2
289 3
407 4
279 5
1488 6
1228 7
752 8
1916 9
569 10
1611 11
608 12
530 13
1655 14
660 15
983 16
1153 17
1319 18
38 19
1322 20
9 21
1576 22
1855 23
1784 24
1032 25
270 26
406 27
1758 28
1470 29
177 30
1713 31
1052 32
774 33
1462 34
1000 35
400 36
1787 37
1661 38
1379 39
1944 40
704 41
1012 42
620 43
657 44
97 45
1223 46
231 47
587 48
1718 49
163 50
438 51
1533 52
1704 53
922 54
917 55
833 56
1234 57
1870 58
13 59
313 60
1104 61
682 62
1975 63
161 64
129 65
572 66
1164 67
1518 68
764 69
825 70
433 71
1910 72
125 73
876 74
1197 75
697 76
293 77
525 78
1838 79
588 80
237 81
1870 82
1511 83
1959 84
245 85
1590 86
1072 87
1176 88
998 89
740 90
1220 91
715 92
77 93
1368 94
1978 95
1843 96
1030 97
1372 98
821 99
1084 100
1848 101
1651 102
926 103
1912 104
309 105
1672 106
1349 107
1485 108
494 109
1208 110
1093 111
1210 112
587 113
720 114
752 115
769 116
1803 117
1383 118
829 119
1296 120
734 121
1127 122
1707 123
348 124
32 125
154 126
949 127
1998 128
1287 129
631 130
340 131
1908 132
726 133
1156 134
1654 135
1114 136
685 137
1196 138
1358 139
1458 140
924 141
1723 142
398 143
1177 144
972 145
2000 146
137 147
1270 148
1901 149
1931 150
1058 151
428 152
722 153
1624 154
1306 155
1369 156
1935 157
229 158
981 159
908 160
1685 161
1843 162
1978 163
1316 164
527 165
305 166
783 167
402 168
596 169
1324 170
1068 171
399 172
1825 173
998 174
1883 175
188 176
1527 177
1232 178
421 179
1310 180
1336 181
1242 182
875 183
1660 184
849 185
1593 186
1705 187
719 188
1022 189
1930 190
666 191
1166 192
1159 193
648 194
1829 195
1800 196
1745 197
1057 198
1982 199
