250 1150
1727 0
2030 1
439 2
1559 3
1369 4
386 5
1951 6
993 7
1861 8
2401 9
453 10
79 11
579 12
1290 13
657 14
1307 15
472 16
1513 17
1275 18
1931 19
1876 20
600 21
1503 22
1675 23
760 24
1468 25
822 26
1250 27
1956 28
1636 29
1316 30
1852 31
1837 32
1295 33
1890 34
1818 35
1200 36
1091 37
1571 38
496 39
1224 40
2209 41
1651 42
1923 43
1758 44
2222 45
611 46
1338 47
535 48
955 49
25 50
316 51
1541 52
477 53
2224 54
244 55
785 56
2369 57
339 58
2263 59
1158 60
343 61
1198 62
408 63
2372 64
853 65
21 66
1947 67
1062 68
1891 69
1279 70
78 71
701 72
191 73
1103 74
974 75
2311 76
260 77
789 78
1944 79
210 80
1773 81
2249 82
1411 83
637 84
765 85
1386 86
1994 87
2210 88
801 89
1435 90
983 91
633 92
143 93
467 94
584 95
422 96
546 97
1507 98
2076 99
1686 100
2366 101
642 102
1873 103
1342 104
223 105
1245 106
1208 107
1519 108
871 109
1269 110
1535 111
1737 112
2062 113
1352 114
1283 115
1766 116
2200 117
2207 118
786 119
338 120
135 121
2448 122
1786 123
616 124
678 125
1246 126
1821 127
1722 128
377 129
1612 130
1894 131
1054 132
1363 133
565 134
892 135
1577 136
1831 137
1706 138
2003 139
910 140
1791 141
603 142
629 143
1869 144
712 145
884 146
1344 147
2282 148
1976 149
1953 150
893 151
686 152
396 153
226 154
1949 155
2195 156
1331 157
875 158
1580 159
1168 160
436 161
1839 162
1074 163
640 164
100 165
1919 166
1784 167
1485 168
607 169
1369 170
135 171
61 172
1262 173
38 174
247 175
251 176
36 177
1709 178
554 179
1516 180
948 181
151 182
231 183
524 184
1351 185
821 186
1235 187
144 188
584 189
249 190
279 191
1110 192
2424 193
478 194
426 195
145 196
2043 197
2109 198
1592 199
723 200
2436 201
154 202
269 203
2023 204
2382 205
239 206
604 207
397 208
1258 209
1418 210
668 211
851 212
530 213
1774 214
2118 215
2154 216
2414 217
627 218
780 219
915 220
2157 221
696 222
1507 223
931 224
1246 225
1829 226
2488 227
552 228
1180 229
917 230
1214 231
1026 232
1722 233
592 234
2329 235
1835 236
884 237
1771 238
287 239
2266 240
1201 241
616 242
555 243
234 244
1788 245
1322 246
411 247
156 248
2285 249
