250 950
1200 0
1061 1
2276 2
1467 3
1703 4
2315 5
2209 6
2247 7
1967 8
2052 9
2318 10
2035 11
775 12
504 13
43 14
351 15
2437 16
2179 17
543 18
1460 19
2076 20
1224 21
1534 22
1129 23
455 24
1747 25
2119 26
641 27
2130 28
1398 29
687 30
625 31
35 32
2428 33
1246 34
14 35
2276 36
1961 37
6 38
629 39
2091 40
1921 41
225 42
759 43
303 44
1540 45
178 46
833 47
1147 48
330 49
1606 50
1547 51
2347 52
2199 53
2343 54
557 55
214 56
492 57
1886 58
1792 59
1287 60
2275 61
1662 62
596 63
2196 64
2380 65
2392 66
565 67
1616 68
1818 69
761 70
1898 71
144 72
2235 73
778 74
1097 75
1243 76
2266 77
1245 78
1547 79
86 80
53 81
1247 82
2271 83
1789 84
1039 85
2382 86
1668 87
596 88
883 89
1277 90
1080 91
1115 92
1371 93
1399 94
1806 95
1818 96
410 97
1937 98
2112 99
2159 100
498 101
244 102
423 103
1330 104
625 105
5 106
1381 107
217 108
698 109
1116 110
1376 111
1827 112
2091 113
521 114
1362 115
1212 116
1572 117
1450 118
2457 119
146 120
604 121
1271 122
2328 123
1931 124
2032 125
1203 126
1967 127
1330 128
1199 129
1168 130
2134 131
2119 132
387 133
430 134
1466 135
649 136
1765 137
544 138
1249 139
2051 140
1085 141
845 142
2477 143
750 144
448 145
428 146
493 147
717 148
2038 149
1914 150
1618 151
872 152
1131 153
1243 154
2138 155
1113 156
190 157
646 158
647 159
2309 160
1040 161
1876 162
1108 163
1395 164
110 165
595 166
2449 167
928 168
1319 169
2323 170
1362 171
2332 172
668 173
2144 174
1004 175
1699 176
1475 177
1602 178
1791 179
2376 180
426 181
1606 182
929 183
2086 184
1198 185
2182 186
1141 187
1188 188
1773 189
388 190
977 191
1826 192
1755 193
1144 194
872 195
1368 196
1385 197
2314 198
1706 199
886 200
1031 201
1609 202
80 203
1729 204
1223 205
1015 206
2379 207
155 208
2047 209
1693 210
411 211
1426 212
1897 213
1103 214
1347 215
179 216
138 217
155 218
449 219
76 220
1646 221
1486 222
700 223
1006 224
1464 225
1247 226
2074 227
1239 228
1146 229
113 230
1569 231
228 232
536 233
1603 234
1097 235
893 236
1066 237
1944 238
566 239
269 240
866 241
1107 242
1190 243
2319 244
345 245
118 246
2449 247
1548 248
1168 249
