250 1450
997 0
316 1
440 2
1068 3
2499 4
572 5
1513 6
130 7
1857 8
259 9
1831 10
515 11
709 12
1160 13
959 14
1028 15
1965 16
2245 17
641 18
2197 19
1482 20
2080 21
2064 22
981 23
1114 24
1982 25
254 26
2171 27
1358 28
2489 29
654 30
2339 31
1697 32
784 33
212 34
1897 35
1088 36
1442 37
105 38
975 39
1975 40
1953 41
2314 42
510 43
938 44
145 45
2098 46
892 47
685 48
1406 49
182 50
1042 51
2204 52
1540 53
1264 54
167 55
1533 56
2471 57
546 58
841 59
1349 60
2329 61
603 62
1357 63
2038 64
1445 65
581 66
786 67
1434 68
981 69
207 70
2290 71
728 72
2193 73
1308 74
602 75
447 76
1115 77
1035 78
98 79
2005 80
2303 81
321 82
1976 83
377 84
1793 85
1638 86
2068 87
223 88
286 89
2115 90
1539 91
225 92
2165 93
1619 94
496 95
1833 96
439 97
2015 98
1643 99
564 100
2114 101
1410 102
367 103
1417 104
1882 105
1790 106
2080 107
1885 108
1809 109
2079 110
2000 111
2136 112
389 113
2209 114
1644 115
2442 116
1734 117
1832 118
543 119
1506 120
1697 121
874 122
1863 123
2198 124
2307 125
1335 126
2082 127
2249 128
231 129
2460 130
1866 131
877 132
1216 133
239 134
410 135
2216 136
638 137
1806 138
666 139
2142 140
10 141
918 142
1111 143
1977 144
451 145
654 146
634 147
835 148
1261 149
2293 150
834 151
914 152
908 153
1963 154
469 155
116 156
386 157
1491 158
2001 159
2090 160
838 161
379 162
691 163
888 164
2365 165
2449 166
1458 167
328 168
2177 169
2166 170
1518 171
1980 172
1228 173
2249 174
719 175
2166 176
95 177
1363 178
1457 179
2240 180
4 181
2169 182
189 183
2259 184
417 185
1251 186
2407 187
2393 188
2159 189
688 190
69 191
308 192
1370 193
1203 194
1419 195
2355 196
1702 197
1876 198
947 199
1736 200
1345 201
572 202
255 203
1334 204
1238 205
1019 206
1352 207
438 208
829 209
2105 210
1945 211
2162 212
2367 213
764 214
877 215
1492 216
1887 217
5 218
1800 219
128 220
30 221
1398 222
1403 223
2228 224
200 225
2162 226
948 227
1526 228
1319 229
2474 230
2267 231
989 232
2241 233
610 234
1111 235
1939 236
1872 237
617 238
632 239
1004 240
381 241
790 242
1381 243
2181 244
1954 245
1761 246
1851 247
584 248
2026 249
