200 800
1965 0
1030 1
421 2
52 3
37 4
1455 5
454 6
1693 7
170 8
1295 9
1054 10
1078 11
306 12
560 13
186 14
71 15
1070 16
669 17
1531 18
1068 19
1865 20
930 21
557 22
1406 23
939 24
1171 25
1761 26
1494 27
455 28
1228 29
1774 30
1031 31
750 32
1065 33
233 34
1117 35
1352 36
1261 37
1384 38
1418 39
660 40
1887 41
846 42
275 43
1283 44
722 45
759 46
1182 47
1004 48
640 49
390 50
980 51
1762 52
816 53
1578 54
37 55
1097 56
215 57
1323 58
1771 59
16 60
598 61
733 62
1938 63
164 64
1351 65
1720 66
119 67
1546 68
1829 69
1732 70
817 71
774 72
983 73
1729 74
1859 75
1218 76
822 77
1649 78
823 79
1178 80
412 81
1556 82
1338 83
503 84
553 85
1312 86
1670 87
212 88
1238 89
1413 90
1212 91
73 92
22 93
122 94
1182 95
1906 96
145 97
768 98
325 99
1552 100
1790 101
1119 102
989 103
742 104
1284 105
1495 106
1266 107
881 108
1965 109
1863 110
1498 111
251 112
383 113
1778 114
333 115
1033 116
1941 117
475 118
1844 119
1088 120
662 121
1957 122
1773 123
1307 124
1947 125
1095 126
1969 127
1885 128
1304 129
1557 130
441 131
1412 132
343 133
519 134
1606 135
360 136
532 137
1390 138
1675 139
1877 140
962 141
1246 142
740 143
792 144
593 145
1445 146
1250 147
1591 148
1610 149
685 150
1573 151
1452 152
1728 153
1691 154
1140 155
712 156
678 157
87 158
345 159
159 160
1064 161
1006 162
991 163
25 164
1671 165
1462 166
1384 167
823 168
247 169
153 170
1094 171
1386 172
1302 173
388 174
1692 175
83 176
456 177
39 178
1311 179
485 180
1084 181
953 182
766 183
880 184
1386 185
489 186
1148 187
161 188
1844 189
1558 190
1356 191
869 192
1116 193
1157 194
1432 195
468 196
1819 197
1118 198
484 199
