250 1400
1377 0
2419 1
2197 2
2179 3
673 4
1159 5
1735 6
2335 7
1196 8
2092 9
293 10
83 11
1919 12
813 13
1802 14
877 15
2355 16
917 17
954 18
2028 19
1954 20
2379 21
1098 22
535 23
2121 24
2057 25
1610 26
1233 27
6 28
1243 29
224 30
2278 31
951 32
342 33
1581 34
2188 35
801 36
1988 37
1238 38
1380 39
1540 40
1646 41
2069 42
184 43
1940 44
1959 45
2024 46
1841 47
131 48
884 49
1009 50
830 51
587 52
634 53
1475 54
867 55
997 56
2139 57
582 58
1261 59
1495 60
867 61
622 62
2153 63
90 64
1831 65
2384 66
2221 67
2387 68
1430 69
1339 70
1696 71
1304 72
2393 73
2338 74
2498 75
1462 76
175 77
564 78
2344 79
1418 80
1834 81
2174 82
1256 83
2352 84
1870 85
651 86
1273 87
1736 88
244 89
470 90
2430 91
1000 92
356 93
40 94
1496 95
2199 96
2433 97
743 98
2438 99
1585 100
1045 101
2254 102
1897 103
937 104
2462 105
2135 106
1200 107
2028 108
1968 109
422 110
1969 111
475 112
609 113
2108 114
524 115
1457 116
37 117
1318 118
1602 119
1921 120
1977 121
976 122
864 123
1235 124
1380 125
524 126
2215 127
2357 128
1086 129
1290 130
1200 131
1986 132
1641 133
1660 134
1307 135
2063 136
1162 137
1083 138
1366 139
1872 140
996 141
1127 142
1332 143
1375 144
164 145
1005 146
1973 147
1872 148
539 149
1645 150
2151 151
1093 152
2399 153
2404 154
1847 155
1680 156
1558 157
1753 158
67 159
1709 160
1245 161
439 162
2327 163
2374 164
187 165
2148 166
463 167
1421 168
1968 169
358 170
1571 171
2290 172
1039 173
354 174
1568 175
620 176
1357 177
1286 178
1810 179
1895 180
2144 181
1323 182
1133 183
1923 184
1905 185
74 186
1414 187
709 188
2485 189
369 190
1383 191
29 192
1739 193
233 194
1052 195
609 196
1215 197
1532 198
366 199
210 200
1062 201
978 202
1284 203
2429 204
2174 205
948 206
889 207
2065 208
1684 209
534 210
941 211
2354 212
753 213
152 214
1446 215
382 216
679 217
898 218
568 219
1145 220
1399 221
2399 222
857 223
256 224
2200 225
1681 226
852 227
952 228
1963 229
2324 230
876 231
1949 232
100 233
1472 234
425 235
1220 236
1737 237
2347 238
2422 239
1640 240
2083 241
1083 242
823 243
670 244
2317 245
778 246
1664 247
1909 248
109 249
