200 1400
1012 0
421 1
1967 2
345 3
1715 4
743 5
307 6
1571 7
901 8
1062 9
666 10
1081 11
797 12
854 13
408 14
12 15
1326 16
1852 17
255 18
905 19
328 20
1642 21
427 22
1718 23
908 24
162 25
5 26
1232 27
497 28
1813 29
326 30
781 31
598 32
485 33
1460 34
1868 35
935 36
568 37
1837 38
1015 39
1953 40
1813 41
1774 42
604 43
1822 44
1941 45
1288 46
388 47
847 48
28 49
1893 50
1623 51
1505 52
1615 53
629 54
1857 55
1065 56
726 57
1866 58
1349 59
1802 60
194 61
330 62
549 63
926 64
655 65
501 66
423 67
726 68
1492 69
1451 70
1054 71
1309 72
1748 73
343 74
650 75
378 76
1774 77
1003 78
1355 79
1794 80
603 81
1970 82
1355 83
188 84
1670 85
1660 86
125 87
922 88
1891 89
133 90
1072 91
1513 92
553 93
877 94
1227 95
1264 96
846 97
1332 98
723 99
799 100
1583 101
1874 102
1878 103
1819 104
137 105
632 106
331 107
207 108
1341 109
993 110
466 111
983 112
1883 113
1799 114
1307 115
1625 116
683 117
937 118
1746 119
257 120
1378 121
341 122
391 123
736 124
415 125
923 126
1946 127
1666 128
735 129
1346 130
681 131
599 132
1942 133
1698 134
926 135
1995 136
1832 137
1470 138
256 139
1805 140
110 141
1108 142
1947 143
1931 144
1776 145
977 146
1576 147
609 148
1014 149
762 150
1281 151
1890 152
71 153
1567 154
1775 155
451 156
1334 157
151 158
1509 159
1306 160
496 161
938 162
1215 163
520 164
534 165
1398 166
1963 167
854 168
637 169
1731 170
1066 171
156 172
29 173
1531 174
1515 175
18 176
601 177
81 178
339 179
924 180
492 181
723 182
1687 183
1701 184
1438 185
1490 186
1149 187
1576 188
1339 189
473 190
1780 191
1034 192
1296 193
1407 194
238 195
1408 196
1163 197
1653 198
1368 199
