300 1650
2491 0
2397 1
866 2
523 3
2880 4
376 5
2750 6
980 7
1092 8
505 9
2293 10
1564 11
1060 12
195 13
2430 14
67 15
1786 16
2746 17
2287 18
2995 19
1446 20
980 21
2202 22
304 23
1675 24
2839 25
684 26
2108 27
50 28
974 29
863 30
1524 31
754 32
185 33
846 34
871 35
1321 36
1612 37
1075 38
780 39
1817 40
2895 41
1263 42
2052 43
2571 44
1924 45
1340 46
2648 47
2407 48
2550 49
625 50
2090 51
2127 52
29 53
2969 54
169 55
1211 56
741 57
1549 58
2410 59
1356 60
2484 61
780 62
140 63
2732 64
31 65
1826 66
1808 67
193 68
352 69
806 70
695 71
350 72
881 73
2 74
1730 75
505 76
2811 77
450 78
1222 79
518 80
1998 81
497 82
237 83
1553 84
252 85
1014 86
813 87
415 88
401 89
1779 90
1106 91
749 92
2289 93
693 94
1589 95
1848 96
1506 97
902 98
1047 99
1158 100
699 101
415 102
2852 103
2418 104
941 105
1017 106
1187 107
2430 108
1080 109
142 110
1431 111
1840 112
2300 113
450 114
995 115
2986 116
562 117
1318 118
296 119
1710 120
758 121
2572 122
2130 123
1918 124
1250 125
2504 126
145 127
2960 128
2138 129
1184 130
1357 131
594 132
1933 133
2496 134
1445 135
302 136
499 137
658 138
1631 139
598 140
2311 141
2892 142
2551 143
2383 144
2181 145
113 146
2808 147
725 148
1553 149
801 150
703 151
538 152
1747 153
840 154
2536 155
2659 156
2059 157
195 158
2443 159
295 160
2851 161
28 162
593 163
1980 164
571 165
1947 166
1214 167
1312 168
141 169
2996 170
470 171
1576 172
1506 173
1102 174
2630 175
578 176
1352 177
1910 178
2610 179
2342 180
2882 181
44 182
1228 183
2563 184
1317 185
1541 186
1698 187
2936 188
1467 189
1658 190
752 191
232 192
2254 193
2612 194
2342 195
2074 196
52 197
351 198
174 199
53 200
88 201
717 202
2745 203
341 204
276 205
67 206
1826 207
1975 208
2666 209
412 210
1152 211
2303 212
2745 213
1563 214
2116 215
205 216
1997 217
903 218
2742 219
2710 220
1336 221
1873 222
1298 223
689 224
2731 225
1053 226
2284 227
2457 228
1323 229
2693 230
1388 231
2438 232
2708 233
1363 234
2840 235
2483 236
1775 237
2673 238
2417 239
2844 240
1209 241
978 242
2287 243
1680 244
1719 245
264 246
354 247
1123 248
1961 249
1421 250
2985 251
364 252
133 253
1646 254
2118 255
1364 256
2884 257
212 258
2870 259
1594 260
2957 261
240 262
810 263
822 264
971 265
2925 266
1795 267
732 268
1477 269
664 270
2409 271
2771 272
1527 273
1775 274
940 275
1610 276
1592 277
652 278
1205 279
65 280
89 281
1341 282
1798 283
2977 284
560 285
2389 286
938 287
2451 288
1538 289
929 290
2633 291
1233 292
2910 293
883 294
2943 295
2527 296
990 297
2758 298
1731 299
