300 400
2156 0
1587 1
2248 2
2663 3
139 4
1083 5
529 6
2176 7
1191 8
2802 9
2448 10
366 11
1006 12
1847 13
779 14
13 15
1671 16
364 17
320 18
724 19
1961 20
2203 21
1561 22
192 23
383 24
1565 25
1247 26
652 27
388 28
2356 29
2796 30
2891 31
838 32
2591 33
59 34
1038 35
155 36
1963 37
2845 38
2170 39
2567 40
867 41
1416 42
2042 43
542 44
845 45
654 46
1670 47
934 48
1709 49
965 50
2900 51
2907 52
531 53
1135 54
1171 55
2806 56
238 57
1451 58
1001 59
2616 60
692 61
2659 62
2253 63
1818 64
1012 65
789 66
12 67
1583 68
1583 69
2484 70
2187 71
2611 72
592 73
2689 74
241 75
866 76
2253 77
2172 78
2345 79
2899 80
1356 81
877 82
1123 83
37 84
2232 85
2113 86
2053 87
2754 88
639 89
762 90
1889 91
1191 92
1892 93
1067 94
1501 95
2641 96
1047 97
1507 98
1912 99
1821 100
1854 101
415 102
783 103
2907 104
1975 105
2759 106
2949 107
2344 108
2892 109
852 110
338 111
1087 112
1287 113
572 114
1721 115
872 116
2227 117
637 118
2082 119
1322 120
245 121
977 122
530 123
1058 124
858 125
2204 126
1805 127
1200 128
1718 129
1657 130
2385 131
843 132
1962 133
997 134
388 135
1784 136
2390 137
741 138
2823 139
2253 140
2896 141
2745 142
1332 143
925 144
111 145
795 146
1389 147
1772 148
2651 149
2880 150
1684 151
1588 152
1549 153
1997 154
2309 155
251 156
1276 157
2604 158
2065 159
757 160
1683 161
2613 162
1567 163
1808 164
504 165
39 166
980 167
2467 168
56 169
391 170
378 171
2809 172
142 173
2071 174
1081 175
1221 176
1961 177
1067 178
1165 179
1579 180
2892 181
1174 182
1836 183
151 184
484 185
1197 186
460 187
2395 188
114 189
2851 190
306 191
996 192
2394 193
621 194
1838 195
1541 196
503 197
2414 198
1250 199
1679 200
1822 201
1962 202
690 203
110 204
120 205
1829 206
1546 207
2042 208
2687 209
2415 210
1052 211
2326 212
831 213
383 214
2665 215
707 216
2511 217
2346 218
367 219
1027 220
984 221
58 222
1029 223
2260 224
1252 225
1926 226
1118 227
1957 228
2789 229
2440 230
2743 231
2050 232
1872 233
656 234
2141 235
538 236
2876 237
32 238
662 239
111 240
183 241
757 242
1577 243
1703 244
516 245
2167 246
386 247
1959 248
2225 249
2746 250
1814 251
476 252
776 253
1238 254
2617 255
2693 256
2609 257
1216 258
2758 259
2591 260
1861 261
2327 262
2026 263
2271 264
2313 265
2412 266
1053 267
170 268
1963 269
2213 270
1807 271
1472 272
2082 273
1895 274
2193 275
1125 276
2048 277
1805 278
1418 279
1797 280
2164 281
1864 282
1116 283
735 284
2840 285
347 286
735 287
430 288
1066 289
5 290
1708 291
1482 292
127 293
176 294
956 295
1470 296
1378 297
1142 298
255 299
