350 1150
87 0
1351 1
3376 2
2574 3
172 4
1867 5
3146 6
3226 7
1520 8
489 9
1032 10
1301 11
2061 12
3440 13
3323 14
107 15
1205 16
3167 17
2367 18
2028 19
3188 20
471 21
2976 22
284 23
1310 24
908 25
2319 26
439 27
3030 28
3138 29
43 30
1038 31
2425 32
3032 33
546 34
2592 35
1106 36
3384 37
1624 38
3379 39
2071 40
2875 41
2479 42
2117 43
1930 44
2560 45
1008 46
3348 47
236 48
239 49
1249 50
3467 51
2212 52
356 53
1434 54
1774 55
379 56
3070 57
592 58
3397 59
1889 60
3038 61
1630 62
2744 63
2664 64
589 65
47 66
2382 67
562 68
2383 69
1770 70
1142 71
1046 72
1590 73
237 74
2932 75
1583 76
2055 77
2038 78
3094 79
2476 80
2200 81
587 82
3152 83
2459 84
2159 85
1939 86
1103 87
3377 88
3297 89
2330 90
755 91
1067 92
2397 93
88 94
3002 95
2108 96
2882 97
679 98
2573 99
751 100
121 101
2183 102
278 103
2825 104
2998 105
2321 106
3045 107
2247 108
3203 109
812 110
1343 111
198 112
460 113
688 114
36 115
1691 116
1739 117
2472 118
1585 119
2275 120
64 121
485 122
1483 123
1746 124
3053 125
1713 126
360 127
3229 128
3257 129
3094 130
575 131
1438 132
678 133
126 134
274 135
1018 136
3494 137
2774 138
3397 139
595 140
2197 141
209 142
1269 143
1778 144
2834 145
2251 146
408 147
2579 148
2673 149
1915 150
2401 151
462 152
1815 153
1449 154
1098 155
1838 156
1642 157
1782 158
1756 159
2950 160
1159 161
1100 162
1279 163
2337 164
1327 165
1220 166
1252 167
1507 168
1061 169
2530 170
2727 171
2591 172
2664 173
692 174
514 175
3127 176
3120 177
3172 178
369 179
2425 180
3352 181
502 182
1647 183
2418 184
1958 185
3233 186
2304 187
3256 188
2531 189
556 190
2274 191
1046 192
3075 193
597 194
1896 195
406 196
800 197
1403 198
3392 199
2117 200
1250 201
227 202
587 203
2229 204
341 205
3499 206
474 207
2878 208
1087 209
225 210
1235 211
1356 212
1402 213
250 214
1820 215
1986 216
3263 217
116 218
1893 219
3086 220
14 221
3109 222
2329 223
2316 224
1409 225
1061 226
2911 227
3045 228
2313 229
3384 230
1366 231
180 232
2642 233
1851 234
681 235
3296 236
1895 237
2700 238
2952 239
965 240
3298 241
1737 242
1471 243
466 244
234 245
2589 246
1229 247
863 248
3264 249
598 250
907 251
2129 252
3072 253
2069 254
1281 255
1998 256
1174 257
3407 258
3039 259
652 260
1695 261
970 262
1263 263
546 264
798 265
2969 266
614 267
2058 268
2998 269
3095 270
1068 271
3298 272
2558 273
221 274
2063 275
2429 276
3099 277
276 278
698 279
912 280
2200 281
615 282
3440 283
2375 284
3353 285
1449 286
451 287
3000 288
182 289
2925 290
3095 291
2060 292
2348 293
3123 294
2297 295
2294 296
459 297
2589 298
196 299
2414 300
2024 301
1043 302
589 303
1233 304
2940 305
1216 306
2304 307
1200 308
647 309
2823 310
444 311
2322 312
477 313
2024 314
2938 315
2137 316
2743 317
968 318
3088 319
2812 320
1976 321
768 322
2954 323
3379 324
2160 325
1115 326
1212 327
2716 328
2098 329
994 330
2010 331
3198 332
1295 333
1313 334
3297 335
3310 336
2284 337
451 338
1991 339
2215 340
75 341
717 342
1418 343
884 344
127 345
2600 346
488 347
1509 348
540 349
