300 1500
904 0
516 1
196 2
2047 3
1394 4
1995 5
1238 6
2031 7
2800 8
1245 9
275 10
2907 11
2630 12
1857 13
1566 14
702 15
2501 16
747 17
910 18
963 19
56 20
1339 21
630 22
2872 23
2714 24
2060 25
202 26
515 27
2110 28
2810 29
2947 30
846 31
1130 32
1685 33
2909 34
2978 35
481 36
1221 37
916 38
2263 39
1248 40
2804 41
1494 42
2684 43
1176 44
1010 45
1077 46
2690 47
111 48
2363 49
85 50
1501 51
152 52
2019 53
1805 54
1660 55
540 56
647 57
981 58
404 59
2158 60
679 61
258 62
1804 63
1760 64
1541 65
2066 66
1494 67
1710 68
497 69
649 70
2285 71
54 72
402 73
1739 74
372 75
1882 76
305 77
665 78
2657 79
2953 80
252 81
2870 82
2885 83
250 84
1125 85
2972 86
368 87
93 88
2649 89
362 90
273 91
1602 92
2396 93
2315 94
694 95
75 96
649 97
18 98
2029 99
2470 100
2930 101
1576 102
2450 103
2724 104
2858 105
766 106
2620 107
2472 108
2894 109
2888 110
242 111
1136 112
908 113
1517 114
1319 115
2810 116
871 117
1909 118
779 119
2717 120
936 121
559 122
958 123
1907 124
316 125
2864 126
2255 127
1512 128
1377 129
1397 130
834 131
800 132
461 133
1459 134
2453 135
904 136
893 137
2505 138
2910 139
2127 140
1771 141
29 142
2711 143
2238 144
872 145
1827 146
2735 147
2228 148
2407 149
2014 150
539 151
2512 152
1883 153
2490 154
2602 155
1640 156
2170 157
2308 158
634 159
680 160
2800 161
2396 162
2221 163
109 164
1890 165
2796 166
1338 167
1371 168
1276 169
2740 170
1298 171
2029 172
1293 173
2035 174
1134 175
1257 176
2892 177
2348 178
2102 179
141 180
1258 181
2952 182
924 183
183 184
2361 185
2582 186
388 187
2055 188
2886 189
1227 190
1047 191
1272 192
253 193
1324 194
2714 195
413 196
381 197
714 198
532 199
2413 200
2315 201
2377 202
2957 203
522 204
2 205
1589 206
2472 207
614 208
1450 209
2945 210
751 211
1541 212
1912 213
970 214
2608 215
1602 216
1908 217
57 218
2510 219
741 220
192 221
2441 222
2944 223
1765 224
227 225
725 226
1895 227
861 228
2267 229
621 230
2864 231
2701 232
1877 233
2737 234
1126 235
2983 236
1178 237
1085 238
245 239
2353 240
703 241
2101 242
2301 243
894 244
515 245
2847 246
1291 247
215 248
2828 249
2399 250
2231 251
1620 252
2951 253
2324 254
1920 255
218 256
2240 257
942 258
2379 259
809 260
1455 261
92 262
508 263
1422 264
1277 265
131 266
322 267
2538 268
629 269
2571 270
224 271
2791 272
897 273
610 274
1188 275
445 276
2814 277
2059 278
2921 279
2280 280
627 281
209 282
2355 283
1584 284
2135 285
2746 286
1881 287
1922 288
1482 289
700 290
2998 291
1053 292
517 293
1821 294
145 295
1263 296
430 297
553 298
1102 299
