350 1050
3426 0
2329 1
865 2
295 3
1420 4
1003 5
2754 6
3368 7
672 8
289 9
2221 10
2952 11
2044 12
2086 13
1308 14
976 15
1377 16
1345 17
2839 18
2776 19
1267 20
2097 21
842 22
2925 23
1094 24
2138 25
1575 26
3257 27
1965 28
1586 29
2766 30
1647 31
3452 32
2523 33
55 34
3264 35
1542 36
378 37
1205 38
1537 39
3296 40
1679 41
2340 42
1482 43
2519 44
1550 45
3426 46
1197 47
842 48
1972 49
2911 50
3045 51
708 52
498 53
1997 54
3247 55
1179 56
3192 57
3482 58
1396 59
1813 60
493 61
3227 62
223 63
2552 64
310 65
1627 66
652 67
2231 68
3474 69
3174 70
3263 71
2309 72
1547 73
2851 74
1325 75
2009 76
2758 77
3088 78
1255 79
476 80
1842 81
2620 82
3391 83
1746 84
130 85
1602 86
1774 87
2532 88
2378 89
2379 90
2094 91
446 92
1393 93
2601 94
434 95
1239 96
1487 97
3124 98
3108 99
2493 100
3231 101
1747 102
239 103
602 104
2944 105
1691 106
3372 107
2264 108
113 109
2357 110
618 111
932 112
2561 113
2104 114
3179 115
1294 116
415 117
6 118
272 119
1950 120
3275 121
2415 122
3073 123
2626 124
1790 125
2469 126
3464 127
838 128
3164 129
2457 130
2671 131
431 132
255 133
2042 134
2862 135
1230 136
479 137
442 138
1527 139
275 140
1994 141
1242 142
155 143
2900 144
2398 145
1544 146
1288 147
631 148
2282 149
143 150
2611 151
2142 152
168 153
3339 154
1052 155
1056 156
2871 157
3310 158
259 159
2714 160
1417 161
830 162
682 163
3215 164
2471 165
2881 166
3228 167
3005 168
1850 169
3181 170
1069 171
1407 172
1079 173
1822 174
1984 175
180 176
2244 177
1161 178
1895 179
516 180
357 181
589 182
229 183
2781 184
699 185
121 186
1410 187
612 188
2570 189
392 190
1331 191
363 192
2799 193
2661 194
3122 195
512 196
2117 197
1486 198
357 199
51 200
411 201
925 202
623 203
1914 204
1318 205
2620 206
3362 207
464 208
768 209
484 210
2047 211
1280 212
481 213
2865 214
2056 215
789 216
1661 217
3182 218
1954 219
2769 220
1161 221
2522 222
998 223
1721 224
696 225
2249 226
873 227
882 228
318 229
2109 230
1901 231
401 232
3171 233
1148 234
2650 235
1442 236
2362 237
1770 238
1787 239
1485 240
2491 241
3425 242
2872 243
719 244
3440 245
3437 246
168 247
1750 248
2077 249
2093 250
1359 251
851 252
3072 253
3049 254
2928 255
2760 256
512 257
3279 258
2139 259
707 260
1262 261
1681 262
2486 263
2431 264
1883 265
1219 266
1235 267
1446 268
928 269
1482 270
3280 271
786 272
1729 273
3377 274
1326 275
2651 276
2128 277
368 278
2914 279
3449 280
158 281
1072 282
865 283
2078 284
634 285
749 286
2998 287
2942 288
677 289
440 290
1174 291
991 292
1396 293
3234 294
1514 295
1087 296
996 297
301 298
3180 299
1495 300
701 301
3360 302
973 303
2529 304
1418 305
1929 306
1335 307
3203 308
1853 309
2769 310
1301 311
259 312
1506 313
1156 314
1933 315
1314 316
934 317
429 318
1286 319
3284 320
3113 321
1574 322
1220 323
2314 324
2672 325
337 326
858 327
2696 328
703 329
413 330
2846 331
3351 332
544 333
65 334
2624 335
3043 336
3210 337
2816 338
3133 339
338 340
704 341
286 342
3153 343
1342 344
1068 345
1878 346
2121 347
1865 348
837 349
