300 250
2522 0
1862 1
377 2
775 3
921 4
849 5
2266 6
2695 7
2617 8
2177 9
392 10
1532 11
1070 12
2182 13
2297 14
1513 15
2977 16
2299 17
1858 18
2334 19
11 20
865 21
377 22
1214 23
2371 24
1088 25
2260 26
460 27
1878 28
751 29
1208 30
859 31
2737 32
95 33
567 34
2444 35
471 36
1052 37
359 38
1264 39
2930 40
1731 41
21 42
1716 43
655 44
2322 45
45 46
1189 47
738 48
1324 49
325 50
2735 51
1107 52
96 53
2648 54
1865 55
547 56
994 57
267 58
1294 59
2214 60
1388 61
791 62
1471 63
674 64
1037 65
1308 66
469 67
91 68
1845 69
1391 70
1795 71
1504 72
1669 73
1821 74
1016 75
366 76
171 77
814 78
1625 79
518 80
1154 81
1449 82
2877 83
968 84
1903 85
1222 86
1438 87
36 88
1595 89
2550 90
1319 91
1586 92
2220 93
2595 94
2726 95
600 96
2743 97
1628 98
1179 99
1155 100
1394 101
2456 102
1203 103
2056 104
1706 105
706 106
1562 107
1170 108
2468 109
33 110
2421 111
1525 112
303 113
1137 114
1084 115
208 116
2713 117
2827 118
2266 119
2461 120
2416 121
2221 122
365 123
1360 124
801 125
415 126
2509 127
24 128
2768 129
2842 130
910 131
1930 132
1581 133
359 134
534 135
2107 136
1876 137
1768 138
559 139
1804 140
928 141
785 142
799 143
2732 144
2077 145
2651 146
2199 147
746 148
168 149
449 150
2985 151
2794 152
299 153
506 154
1542 155
279 156
796 157
1765 158
1041 159
618 160
2714 161
976 162
2406 163
2337 164
1581 165
978 166
2057 167
2257 168
181 169
2746 170
560 171
760 172
769 173
2451 174
1018 175
1640 176
2038 177
1490 178
2062 179
1728 180
1452 181
1694 182
949 183
1566 184
2377 185
1995 186
765 187
2978 188
1402 189
1881 190
2074 191
2150 192
1387 193
2981 194
1522 195
1267 196
2347 197
1523 198
429 199
251 200
2998 201
592 202
1874 203
219 204
898 205
781 206
2024 207
298 208
510 209
1494 210
839 211
564 212
1267 213
2677 214
2722 215
1750 216
2697 217
998 218
411 219
441 220
1316 221
2291 222
1530 223
2368 224
2556 225
2625 226
442 227
1324 228
2732 229
497 230
2466 231
2306 232
1859 233
471 234
389 235
1917 236
2995 237
405 238
827 239
1502 240
2929 241
2130 242
2485 243
896 244
2755 245
2313 246
94 247
1651 248
2447 249
790 250
2434 251
2115 252
2724 253
2472 254
1247 255
2979 256
1619 257
1989 258
217 259
1316 260
2883 261
105 262
2876 263
2542 264
1100 265
742 266
1177 267
530 268
2756 269
1697 270
2421 271
2011 272
68 273
25 274
125 275
2333 276
130 277
889 278
2397 279
202 280
340 281
1321 282
1371 283
2691 284
2618 285
1674 286
1371 287
1002 288
650 289
1274 290
812 291
1817 292
1706 293
1348 294
157 295
1134 296
1546 297
1581 298
763 299
