350 400
301 0
1721 1
2938 2
1051 3
1757 4
1586 5
474 6
2526 7
1786 8
2049 9
451 10
1915 11
3291 12
1069 13
1673 14
3317 15
2704 16
1954 17
1613 18
53 19
2752 20
1523 21
3327 22
3091 23
666 24
213 25
1574 26
789 27
2622 28
1978 29
2203 30
3303 31
2896 32
345 33
367 34
80 35
2230 36
597 37
630 38
1044 39
3271 40
1156 41
751 42
3258 43
2725 44
2238 45
430 46
43 47
2966 48
3317 49
1408 50
2812 51
1318 52
2077 53
2592 54
863 55
3366 56
2365 57
222 58
311 59
3249 60
2683 61
3185 62
673 63
25 64
3263 65
883 66
1257 67
903 68
1699 69
134 70
2393 71
1470 72
3430 73
2395 74
1086 75
1347 76
207 77
1419 78
974 79
3184 80
2855 81
1103 82
1145 83
441 84
658 85
3182 86
1722 87
3192 88
1455 89
2311 90
2300 91
822 92
2566 93
1049 94
152 95
1343 96
1003 97
3372 98
617 99
1570 100
2993 101
3203 102
2102 103
281 104
387 105
2446 106
2772 107
1797 108
1426 109
1442 110
2806 111
3313 112
3457 113
3073 114
1386 115
847 116
347 117
2489 118
2171 119
2496 120
2943 121
311 122
912 123
1156 124
531 125
295 126
1609 127
595 128
2935 129
2382 130
2223 131
734 132
1758 133
1590 134
2796 135
1814 136
3198 137
2455 138
222 139
1385 140
3100 141
3162 142
1618 143
203 144
1448 145
1429 146
978 147
2879 148
1585 149
3376 150
348 151
974 152
1937 153
1062 154
2820 155
1462 156
2893 157
2348 158
943 159
1834 160
1264 161
1686 162
498 163
2051 164
2898 165
3249 166
36 167
1887 168
3478 169
1081 170
1780 171
23 172
800 173
1178 174
2092 175
2475 176
1102 177
2418 178
1954 179
1941 180
1912 181
897 182
322 183
3385 184
676 185
919 186
269 187
3421 188
1301 189
483 190
2807 191
746 192
1083 193
146 194
1426 195
356 196
1975 197
179 198
461 199
1225 200
2476 201
244 202
1576 203
2216 204
225 205
946 206
1925 207
359 208
438 209
468 210
3279 211
528 212
836 213
1248 214
2197 215
2038 216
2602 217
3133 218
460 219
3138 220
1825 221
638 222
2842 223
2382 224
707 225
661 226
3468 227
1342 228
871 229
809 230
1006 231
1544 232
507 233
2864 234
555 235
3488 236
3248 237
338 238
1110 239
1391 240
2888 241
1912 242
2397 243
809 244
205 245
1985 246
559 247
1755 248
2068 249
1485 250
1970 251
2861 252
2893 253
2434 254
2337 255
1445 256
1238 257
1617 258
1143 259
1934 260
3101 261
889 262
2669 263
401 264
1368 265
1364 266
1349 267
3405 268
1310 269
961 270
3324 271
563 272
3466 273
3066 274
846 275
1042 276
2437 277
2750 278
1701 279
871 280
37 281
3325 282
827 283
2214 284
2046 285
193 286
3301 287
2361 288
1123 289
3441 290
3224 291
391 292
2157 293
2121 294
33 295
1198 296
573 297
1117 298
672 299
1421 300
858 301
582 302
965 303
442 304
2617 305
2500 306
81 307
1452 308
1886 309
2257 310
2559 311
388 312
461 313
1957 314
2962 315
980 316
1629 317
3311 318
2542 319
274 320
3228 321
553 322
127 323
1477 324
3075 325
3239 326
247 327
2018 328
3228 329
1009 330
1991 331
324 332
577 333
371 334
2207 335
666 336
3253 337
2917 338
3471 339
242 340
287 341
1422 342
136 343
2662 344
1894 345
838 346
2250 347
1386 348
1154 349
