300 200
1338 0
2884 1
43 2
700 3
849 4
689 5
2597 6
1535 7
2973 8
594 9
205 10
1073 11
2547 12
513 13
337 14
1964 15
1305 16
1532 17
543 18
386 19
2161 20
1522 21
1354 22
2757 23
592 24
121 25
1169 26
1845 27
2747 28
1307 29
2216 30
1385 31
2773 32
1265 33
444 34
2774 35
983 36
2282 37
1322 38
2560 39
520 40
1698 41
1244 42
1614 43
1516 44
159 45
9 46
1102 47
1842 48
1922 49
1728 50
1401 51
2400 52
1949 53
1245 54
2077 55
694 56
1212 57
617 58
1691 59
309 60
2260 61
1561 62
2701 63
178 64
2780 65
83 66
2301 67
2609 68
2537 69
537 70
2676 71
2262 72
2609 73
31 74
1156 75
2127 76
2850 77
1848 78
389 79
1074 80
2226 81
1530 82
1472 83
2456 84
1373 85
2980 86
29 87
2834 88
1813 89
1619 90
131 91
2494 92
1698 93
2787 94
2321 95
1186 96
854 97
2416 98
1208 99
491 100
1112 101
197 102
813 103
1947 104
2621 105
1561 106
2010 107
634 108
1613 109
170 110
1763 111
307 112
2074 113
1743 114
1696 115
1636 116
2055 117
2176 118
1889 119
2239 120
1325 121
2318 122
1043 123
99 124
1410 125
663 126
1060 127
1544 128
2785 129
608 130
835 131
557 132
626 133
2754 134
238 135
1709 136
2515 137
799 138
2689 139
1445 140
1202 141
1797 142
1416 143
1261 144
842 145
2554 146
398 147
1465 148
142 149
1388 150
1130 151
2773 152
1931 153
2249 154
2568 155
903 156
1070 157
1512 158
2909 159
2697 160
2338 161
1188 162
1884 163
443 164
20 165
1453 166
413 167
2958 168
1260 169
2896 170
2000 171
2613 172
2053 173
312 174
255 175
763 176
840 177
2788 178
362 179
915 180
2953 181
1588 182
1019 183
1887 184
357 185
2355 186
1108 187
1758 188
1731 189
1339 190
494 191
635 192
2499 193
1346 194
14 195
372 196
567 197
2557 198
1410 199
2041 200
550 201
1532 202
2347 203
1976 204
17 205
1469 206
2216 207
2130 208
1838 209
2164 210
952 211
1038 212
879 213
2567 214
204 215
2458 216
1609 217
599 218
1647 219
2400 220
1525 221
787 222
552 223
2856 224
2951 225
242 226
2685 227
2344 228
1798 229
1689 230
870 231
1399 232
1396 233
1516 234
1582 235
1469 236
1906 237
77 238
1989 239
1849 240
1868 241
1512 242
1159 243
1757 244
206 245
2353 246
2465 247
2842 248
1136 249
302 250
2179 251
2255 252
1517 253
1820 254
1231 255
613 256
163 257
596 258
442 259
2553 260
494 261
1068 262
180 263
2521 264
112 265
1871 266
351 267
2633 268
312 269
1188 270
1897 271
1514 272
249 273
2661 274
150 275
1506 276
1346 277
2907 278
2344 279
2363 280
2358 281
1874 282
1933 283
2908 284
136 285
2802 286
2243 287
892 288
1796 289
2613 290
2045 291
931 292
1125 293
1279 294
1761 295
324 296
2802 297
2000 298
519 299
