350 650
2110 0
1912 1
2629 2
2987 3
869 4
2647 5
1452 6
2242 7
2519 8
293 9
2171 10
816 11
1605 12
125 13
1604 14
2103 15
2969 16
1459 17
7 18
987 19
2703 20
1575 21
543 22
1018 23
186 24
2502 25
2062 26
1294 27
2726 28
1151 29
2995 30
127 31
1208 32
1042 33
843 34
429 35
1897 36
3403 37
131 38
1849 39
966 40
1266 41
1448 42
160 43
3117 44
2539 45
3328 46
565 47
492 48
2204 49
281 50
490 51
827 52
3355 53
1249 54
2426 55
834 56
1798 57
1017 58
1206 59
1407 60
1922 61
487 62
2039 63
1920 64
90 65
3181 66
309 67
2581 68
2533 69
75 70
2515 71
973 72
1298 73
45 74
1097 75
3130 76
670 77
3130 78
2212 79
145 80
1104 81
2535 82
979 83
3188 84
1455 85
1564 86
849 87
2436 88
2361 89
1 90
189 91
1587 92
1299 93
1689 94
1433 95
1615 96
1581 97
552 98
2071 99
2745 100
1269 101
2802 102
2296 103
943 104
2029 105
3420 106
3397 107
3052 108
3465 109
2966 110
2391 111
1152 112
164 113
2970 114
1829 115
1902 116
1091 117
3452 118
369 119
2845 120
522 121
1980 122
1884 123
99 124
1382 125
2416 126
3154 127
882 128
1499 129
2398 130
124 131
375 132
1397 133
693 134
2840 135
188 136
1640 137
2954 138
2604 139
1208 140
1824 141
2916 142
3201 143
2957 144
1882 145
1770 146
3284 147
1320 148
2161 149
1204 150
1887 151
303 152
1647 153
2377 154
4 155
2433 156
1868 157
657 158
3060 159
2124 160
2870 161
2849 162
3158 163
1191 164
3190 165
2085 166
3377 167
2164 168
1146 169
639 170
529 171
1699 172
118 173
2936 174
1405 175
32 176
1867 177
2757 178
1880 179
2821 180
169 181
173 182
39 183
1433 184
1033 185
2620 186
500 187
1027 188
3497 189
2868 190
127 191
3042 192
2198 193
646 194
2979 195
1116 196
3188 197
2283 198
168 199
1720 200
2547 201
585 202
286 203
2679 204
2532 205
1886 206
3138 207
2244 208
1713 209
2068 210
2098 211
1076 212
3416 213
391 214
3396 215
1789 216
2958 217
2209 218
2528 219
637 220
754 221
257 222
2747 223
954 224
3451 225
1379 226
2172 227
2621 228
506 229
2514 230
842 231
856 232
2257 233
3010 234
1975 235
1731 236
1591 237
2978 238
907 239
3056 240
2707 241
2196 242
2094 243
964 244
2493 245
772 246
1134 247
3160 248
1000 249
1437 250
1229 251
602 252
2525 253
2760 254
1918 255
2308 256
1899 257
399 258
1872 259
967 260
746 261
2317 262
2952 263
1969 264
616 265
2967 266
127 267
1548 268
2776 269
2756 270
773 271
2935 272
2180 273
309 274
2167 275
3158 276
2122 277
1386 278
831 279
3030 280
931 281
2198 282
1486 283
160 284
779 285
800 286
3078 287
1745 288
89 289
315 290
2566 291
3052 292
3177 293
1378 294
3160 295
2025 296
1453 297
1516 298
2565 299
2048 300
711 301
1449 302
1967 303
1047 304
1501 305
2426 306
2715 307
2878 308
1421 309
3153 310
1991 311
741 312
2954 313
3013 314
3494 315
1887 316
704 317
1821 318
2112 319
1249 320
2073 321
818 322
3154 323
504 324
1984 325
1596 326
524 327
2062 328
2841 329
2772 330
2997 331
2266 332
1682 333
3262 334
3172 335
2362 336
2781 337
3271 338
2026 339
2438 340
84 341
3014 342
1570 343
2527 344
2034 345
1376 346
1870 347
1730 348
1957 349
