350 1550
1850 0
341 1
2676 2
3040 3
3017 4
574 5
1830 6
484 7
2404 8
2748 9
2329 10
2998 11
3087 12
1472 13
1891 14
3425 15
367 16
740 17
3384 18
2196 19
119 20
322 21
654 22
1830 23
2768 24
1381 25
2474 26
2025 27
488 28
2344 29
1068 30
2429 31
1202 32
2042 33
1356 34
2685 35
3298 36
583 37
3351 38
2719 39
286 40
1827 41
334 42
1868 43
3430 44
2484 45
2557 46
1434 47
670 48
1608 49
1360 50
2041 51
2926 52
2562 53
886 54
1146 55
2322 56
2175 57
2466 58
2905 59
1933 60
1394 61
600 62
343 63
863 64
3038 65
1743 66
1982 67
2622 68
1572 69
3242 70
1987 71
2587 72
2322 73
3266 74
1358 75
1184 76
2273 77
2521 78
3494 79
2257 80
2528 81
2486 82
1518 83
131 84
2544 85
3357 86
657 87
2715 88
729 89
2417 90
3444 91
1065 92
2922 93
2538 94
1944 95
2449 96
701 97
1377 98
313 99
3326 100
2676 101
997 102
1203 103
3183 104
1875 105
3022 106
1874 107
3341 108
1602 109
177 110
2570 111
1196 112
3319 113
230 114
1788 115
940 116
2712 117
2386 118
1260 119
1600 120
1027 121
508 122
1459 123
2130 124
288 125
61 126
3160 127
2253 128
933 129
1422 130
1358 131
389 132
817 133
2270 134
1852 135
2915 136
1215 137
1393 138
125 139
947 140
1467 141
3250 142
2079 143
206 144
1030 145
852 146
2895 147
3428 148
2463 149
291 150
2287 151
3342 152
1700 153
1996 154
1090 155
1092 156
2904 157
2768 158
1362 159
488 160
2322 161
1100 162
1923 163
2231 164
2445 165
3154 166
686 167
2211 168
1606 169
2961 170
2266 171
2513 172
315 173
1019 174
1169 175
718 176
2483 177
8 178
787 179
1797 180
780 181
224 182
3017 183
375 184
1037 185
296 186
3399 187
560 188
2463 189
151 190
3260 191
1956 192
2821 193
1127 194
1168 195
3364 196
1019 197
959 198
1725 199
442 200
2289 201
1877 202
895 203
2033 204
959 205
1484 206
1138 207
1243 208
3090 209
3317 210
2000 211
1743 212
1404 213
1685 214
2001 215
2154 216
1587 217
263 218
2629 219
1082 220
1074 221
1789 222
1837 223
1536 224
285 225
2444 226
730 227
391 228
155 229
2397 230
840 231
2587 232
3130 233
2176 234
3456 235
2854 236
3461 237
69 238
1209 239
1646 240
1352 241
791 242
2950 243
2297 244
1194 245
815 246
144 247
3414 248
1096 249
1159 250
3021 251
2609 252
3050 253
435 254
3495 255
1540 256
466 257
1139 258
769 259
574 260
86 261
1341 262
563 263
668 264
3048 265
1300 266
643 267
225 268
768 269
1697 270
261 271
1279 272
1653 273
347 274
199 275
1387 276
1768 277
2949 278
2603 279
2574 280
3206 281
1694 282
3228 283
1120 284
2914 285
1805 286
2728 287
907 288
3387 289
210 290
2226 291
1892 292
1536 293
8 294
366 295
2503 296
738 297
3375 298
863 299
3265 300
661 301
1541 302
2351 303
520 304
2289 305
2399 306
554 307
2024 308
2757 309
2793 310
1320 311
1220 312
2213 313
3299 314
2340 315
2076 316
3305 317
486 318
3350 319
1307 320
1189 321
3356 322
3333 323
2438 324
3473 325
629 326
1507 327
48 328
910 329
3109 330
530 331
1866 332
2204 333
394 334
3425 335
1637 336
571 337
2230 338
3390 339
343 340
2931 341
1773 342
1460 343
2519 344
1360 345
3291 346
2016 347
1492 348
3214 349
