300 750
83 0
355 1
986 2
802 3
2991 4
826 5
1504 6
331 7
2513 8
724 9
2923 10
447 11
178 12
770 13
754 14
646 15
1587 16
608 17
286 18
130 19
935 20
16 21
2608 22
1987 23
372 24
1023 25
1099 26
112 27
402 28
637 29
2831 30
1143 31
2560 32
1434 33
235 34
2283 35
1862 36
2337 37
771 38
1365 39
2879 40
504 41
1737 42
375 43
134 44
901 45
1183 46
1968 47
726 48
2507 49
584 50
245 51
1022 52
432 53
1039 54
809 55
950 56
2414 57
2778 58
1460 59
846 60
2653 61
2839 62
1317 63
734 64
2418 65
1605 66
2996 67
800 68
2476 69
520 70
160 71
1166 72
630 73
2924 74
2626 75
1549 76
813 77
2499 78
353 79
2711 80
442 81
965 82
2209 83
2654 84
459 85
986 86
830 87
1731 88
1426 89
2037 90
691 91
1785 92
1788 93
2830 94
2287 95
140 96
309 97
2657 98
1207 99
2640 100
544 101
1688 102
1061 103
1398 104
1337 105
2572 106
1711 107
1001 108
443 109
2352 110
2234 111
803 112
1102 113
2992 114
633 115
1713 116
2767 117
2397 118
1056 119
2944 120
1767 121
2977 122
1139 123
1353 124
2432 125
2182 126
1156 127
1152 128
365 129
1136 130
1268 131
2521 132
2946 133
1552 134
499 135
2240 136
2229 137
1589 138
2817 139
321 140
602 141
1348 142
201 143
1691 144
1229 145
82 146
751 147
849 148
2005 149
1722 150
1969 151
1565 152
439 153
2185 154
892 155
1810 156
2429 157
1104 158
658 159
1078 160
2465 161
1097 162
2370 163
86 164
2262 165
964 166
1034 167
1757 168
859 169
2771 170
1429 171
1215 172
1167 173
2481 174
1828 175
314 176
1862 177
941 178
1357 179
845 180
582 181
2707 182
923 183
539 184
2084 185
1225 186
311 187
2495 188
504 189
1536 190
1030 191
1051 192
696 193
1697 194
719 195
1194 196
782 197
1719 198
1864 199
312 200
276 201
1730 202
631 203
343 204
2647 205
2 206
2951 207
1106 208
1612 209
263 210
348 211
1843 212
2264 213
1163 214
1433 215
1601 216
2308 217
783 218
2060 219
2431 220
361 221
615 222
2549 223
764 224
215 225
382 226
2458 227
264 228
238 229
1792 230
231 231
2782 232
1348 233
461 234
182 235
2475 236
1501 237
1035 238
1262 239
375 240
2682 241
1366 242
959 243
1376 244
689 245
1960 246
2899 247
2756 248
431 249
1601 250
363 251
146 252
799 253
1524 254
2488 255
851 256
653 257
1036 258
2848 259
2046 260
1421 261
315 262
895 263
1475 264
1458 265
1978 266
454 267
650 268
2312 269
2654 270
2235 271
137 272
2722 273
2117 274
162 275
798 276
2396 277
1470 278
522 279
941 280
1686 281
2853 282
2535 283
104 284
659 285
1326 286
1558 287
2042 288
177 289
2302 290
783 291
2392 292
2608 293
2490 294
2370 295
2487 296
2200 297
1900 298
1551 299
