300 1600
631 0
1264 1
1229 2
1019 3
1941 4
1814 5
2362 6
2261 7
2168 8
2955 9
1587 10
1608 11
1562 12
564 13
2909 14
1813 15
1394 16
2373 17
807 18
452 19
2762 20
1104 21
1865 22
1564 23
408 24
629 25
2582 26
1008 27
655 28
445 29
2685 30
318 31
1573 32
1838 33
1336 34
2139 35
2114 36
1999 37
1965 38
2715 39
520 40
2892 41
278 42
63 43
458 44
994 45
2191 46
2 47
1741 48
1671 49
2220 50
2687 51
2623 52
1904 53
2645 54
2198 55
2587 56
1294 57
2427 58
194 59
779 60
1126 61
1207 62
2387 63
1292 64
433 65
1816 66
330 67
822 68
1658 69
2842 70
2473 71
2432 72
2297 73
2709 74
53 75
2782 76
1694 77
2925 78
2879 79
320 80
1824 81
2213 82
902 83
2130 84
1888 85
1707 86
2147 87
2022 88
109 89
1500 90
48 91
2479 92
428 93
251 94
2143 95
947 96
801 97
2248 98
780 99
168 100
2951 101
2665 102
875 103
1423 104
576 105
2383 106
2219 107
1511 108
2988 109
2651 110
849 111
929 112
2476 113
1545 114
1902 115
156 116
1093 117
2187 118
2195 119
2709 120
394 121
921 122
2999 123
1746 124
1257 125
1778 126
731 127
2450 128
2550 129
157 130
259 131
21 132
1500 133
2401 134
824 135
1080 136
1744 137
984 138
450 139
2696 140
1509 141
2191 142
863 143
650 144
704 145
2364 146
1555 147
2234 148
604 149
2948 150
741 151
655 152
1982 153
1759 154
2008 155
915 156
2339 157
1484 158
2741 159
1280 160
2044 161
433 162
2335 163
1792 164
540 165
1886 166
2698 167
102 168
2914 169
283 170
1238 171
247 172
709 173
1553 174
628 175
1122 176
1659 177
1911 178
2802 179
1571 180
645 181
1666 182
1268 183
1811 184
735 185
1298 186
2000 187
759 188
1367 189
1994 190
794 191
971 192
2329 193
1865 194
1172 195
350 196
711 197
532 198
1496 199
2030 200
918 201
57 202
327 203
477 204
2199 205
1778 206
1351 207
1965 208
1758 209
2339 210
1616 211
1944 212
2736 213
2071 214
1000 215
442 216
2705 217
881 218
2161 219
359 220
350 221
761 222
1737 223
609 224
297 225
881 226
2039 227
1356 228
2839 229
2125 230
1685 231
2709 232
932 233
1595 234
723 235
2122 236
1325 237
1718 238
477 239
1586 240
1549 241
1761 242
405 243
2072 244
1826 245
1486 246
1564 247
523 248
2742 249
1432 250
1727 251
1948 252
2576 253
495 254
871 255
1480 256
668 257
2835 258
2159 259
2902 260
1405 261
1531 262
1881 263
1029 264
1524 265
197 266
2075 267
1772 268
2020 269
2123 270
2389 271
1368 272
1059 273
871 274
2078 275
1242 276
2114 277
2000 278
2787 279
441 280
1253 281
2445 282
1928 283
1616 284
156 285
172 286
941 287
1393 288
1179 289
2633 290
2876 291
986 292
1842 293
2994 294
1926 295
569 296
2955 297
903 298
2814 299
