300 450
2848 0
900 1
655 2
1172 3
902 4
2684 5
2994 6
1680 7
167 8
2777 9
704 10
951 11
2974 12
2314 13
2831 14
2886 15
1031 16
285 17
697 18
1357 19
2726 20
2612 21
702 22
1681 23
2383 24
2808 25
2322 26
2284 27
154 28
2878 29
1899 30
2952 31
176 32
166 33
1996 34
1498 35
795 36
1603 37
1833 38
1592 39
1663 40
1940 41
525 42
1393 43
326 44
1868 45
1746 46
2419 47
2317 48
1493 49
1324 50
279 51
418 52
1551 53
698 54
592 55
419 56
626 57
2360 58
997 59
720 60
2189 61
452 62
2388 63
237 64
1035 65
120 66
1266 67
2073 68
2274 69
1303 70
2393 71
102 72
1347 73
405 74
1046 75
593 76
2162 77
1676 78
647 79
2936 80
874 81
1308 82
1192 83
923 84
2786 85
2091 86
2477 87
252 88
1850 89
1519 90
1100 91
265 92
1614 93
101 94
315 95
2769 96
2763 97
1291 98
2140 99
976 100
2360 101
2711 102
6 103
474 104
1773 105
979 106
2529 107
1423 108
2931 109
444 110
136 111
2757 112
2107 113
234 114
1919 115
1541 116
321 117
2481 118
1762 119
783 120
1611 121
2136 122
494 123
1100 124
693 125
1524 126
1102 127
385 128
2124 129
1550 130
2655 131
1177 132
232 133
1328 134
571 135
1707 136
364 137
2669 138
2860 139
1849 140
2733 141
742 142
397 143
1290 144
595 145
526 146
2516 147
253 148
44 149
521 150
2588 151
1489 152
2958 153
1123 154
987 155
186 156
624 157
1918 158
341 159
1263 160
1288 161
1881 162
371 163
916 164
210 165
2532 166
2612 167
2867 168
2950 169
2822 170
517 171
2505 172
2055 173
2005 174
2599 175
2550 176
323 177
549 178
2452 179
2919 180
2404 181
2645 182
296 183
1207 184
2270 185
494 186
766 187
2164 188
1597 189
522 190
1355 191
144 192
1653 193
2454 194
843 195
1636 196
2978 197
1546 198
1414 199
1693 200
172 201
859 202
935 203
2274 204
2891 205
2830 206
1349 207
2298 208
729 209
241 210
261 211
2043 212
285 213
1954 214
771 215
2136 216
594 217
923 218
1213 219
1872 220
1953 221
2679 222
1001 223
2234 224
1717 225
2922 226
2118 227
2074 228
834 229
2718 230
2816 231
2098 232
1386 233
2686 234
2767 235
2974 236
988 237
1435 238
1531 239
1478 240
2947 241
1241 242
1954 243
1749 244
2005 245
2731 246
2626 247
65 248
2368 249
2013 250
732 251
2072 252
1333 253
1530 254
1337 255
2752 256
857 257
2801 258
2647 259
2390 260
2426 261
1482 262
2080 263
912 264
1618 265
2685 266
2409 267
483 268
914 269
687 270
156 271
2385 272
510 273
824 274
1634 275
2554 276
2102 277
2324 278
1032 279
2382 280
1266 281
2251 282
1809 283
2385 284
61 285
1640 286
1317 287
2257 288
1285 289
208 290
1414 291
2490 292
1406 293
2722 294
291 295
1958 296
2372 297
711 298
372 299
