300 1300
487 0
656 1
212 2
442 3
1291 4
1602 5
2860 6
750 7
1297 8
1205 9
809 10
1895 11
2845 12
1206 13
2965 14
1560 15
2669 16
1165 17
149 18
1241 19
2158 20
2768 21
2068 22
120 23
1139 24
2455 25
2468 26
1325 27
1681 28
1728 29
1572 30
470 31
506 32
472 33
24 34
889 35
2098 36
759 37
725 38
2478 39
277 40
2171 41
1210 42
25 43
2430 44
152 45
2763 46
782 47
1754 48
2975 49
1979 50
1887 51
2800 52
1419 53
2144 54
1619 55
1631 56
1983 57
306 58
600 59
520 60
1720 61
2945 62
2299 63
1409 64
122 65
493 66
1513 67
1930 68
2614 69
2333 70
671 71
2693 72
450 73
2919 74
1256 75
2831 76
423 77
2746 78
1347 79
1584 80
712 81
2094 82
2776 83
1868 84
1610 85
1554 86
2514 87
612 88
817 89
604 90
2295 91
2187 92
1641 93
617 94
1826 95
1493 96
560 97
1361 98
2038 99
2687 100
64 101
2799 102
1045 103
532 104
2043 105
1526 106
1431 107
797 108
969 109
70 110
1352 111
2681 112
925 113
2447 114
1620 115
1504 116
2303 117
695 118
755 119
1903 120
1624 121
2113 122
2447 123
2221 124
2459 125
2071 126
305 127
64 128
825 129
1526 130
2029 131
2816 132
950 133
140 134
239 135
2454 136
1587 137
2647 138
296 139
1535 140
386 141
2742 142
1945 143
2505 144
2317 145
2928 146
663 147
1851 148
1150 149
2444 150
1662 151
2807 152
1636 153
1471 154
391 155
2838 156
1546 157
1833 158
1573 159
1000 160
11 161
2419 162
2825 163
1496 164
1906 165
30 166
2309 167
1490 168
2533 169
153 170
734 171
1494 172
1134 173
1269 174
1577 175
312 176
1236 177
1061 178
1741 179
89 180
1624 181
754 182
1169 183
2300 184
396 185
1393 186
1186 187
851 188
29 189
1958 190
730 191
622 192
2822 193
507 194
1673 195
993 196
2857 197
1075 198
2657 199
370 200
1515 201
1256 202
1006 203
1581 204
859 205
915 206
2522 207
1943 208
1259 209
2930 210
2499 211
407 212
2641 213
2456 214
2484 215
2680 216
1334 217
358 218
1944 219
708 220
1159 221
183 222
22 223
2215 224
2665 225
1754 226
249 227
603 228
1819 229
2815 230
2729 231
2147 232
1509 233
515 234
2005 235
2424 236
2256 237
2604 238
2336 239
632 240
2323 241
2855 242
346 243
726 244
529 245
480 246
1300 247
456 248
1132 249
2277 250
2310 251
1793 252
1145 253
2611 254
2966 255
1103 256
2069 257
129 258
24 259
2862 260
409 261
737 262
1531 263
389 264
1765 265
2825 266
2489 267
2874 268
2591 269
2420 270
2425 271
1411 272
222 273
905 274
1863 275
2039 276
1279 277
1558 278
2027 279
1032 280
516 281
641 282
825 283
943 284
1930 285
2267 286
362 287
70 288
2240 289
795 290
1134 291
1254 292
1549 293
1948 294
1768 295
2064 296
599 297
500 298
1552 299
