300 1150
1970 0
1407 1
892 2
1601 3
383 4
787 5
1595 6
2191 7
1773 8
2515 9
72 10
1128 11
103 12
2199 13
755 14
1365 15
2219 16
795 17
1853 18
589 19
2018 20
1588 21
2883 22
2498 23
419 24
2726 25
1158 26
2061 27
1033 28
1449 29
2890 30
2831 31
1952 32
422 33
2135 34
2526 35
1088 36
2106 37
1227 38
1710 39
619 40
712 41
1181 42
246 43
90 44
537 45
95 46
182 47
1869 48
2646 49
1338 50
2246 51
251 52
960 53
1183 54
582 55
1987 56
2623 57
2082 58
2570 59
2297 60
688 61
340 62
2759 63
1190 64
1834 65
1954 66
2372 67
1306 68
221 69
527 70
1490 71
810 72
783 73
2888 74
1885 75
2821 76
464 77
2059 78
2103 79
2771 80
171 81
1065 82
1466 83
904 84
187 85
1580 86
622 87
320 88
2087 89
584 90
1834 91
1850 92
1786 93
334 94
2570 95
2485 96
2865 97
2936 98
1201 99
1471 100
459 101
1617 102
1306 103
511 104
1965 105
1665 106
2415 107
2681 108
2063 109
2758 110
1802 111
2740 112
75 113
2531 114
391 115
1408 116
1433 117
2066 118
1350 119
999 120
1578 121
421 122
922 123
2008 124
2098 125
2235 126
2144 127
920 128
227 129
2675 130
580 131
2124 132
2568 133
259 134
131 135
2489 136
884 137
2599 138
1022 139
1902 140
29 141
2134 142
2206 143
2278 144
2392 145
3000 146
2376 147
2258 148
326 149
192 150
2136 151
2304 152
2209 153
2745 154
2024 155
1256 156
809 157
1542 158
2502 159
1948 160
437 161
785 162
2150 163
2932 164
1679 165
2049 166
1933 167
1827 168
279 169
1006 170
1657 171
2840 172
711 173
2175 174
445 175
1444 176
1443 177
2893 178
644 179
741 180
398 181
1012 182
2252 183
2867 184
1436 185
2947 186
1897 187
2236 188
2004 189
2192 190
1466 191
1827 192
1541 193
2593 194
2071 195
1913 196
2675 197
2114 198
2856 199
2339 200
935 201
2411 202
502 203
2969 204
1978 205
1072 206
841 207
2616 208
647 209
2138 210
537 211
2862 212
121 213
945 214
294 215
2945 216
178 217
992 218
2396 219
2088 220
2647 221
241 222
2522 223
1688 224
989 225
735 226
1463 227
2084 228
2628 229
388 230
1868 231
1075 232
470 233
1995 234
2951 235
2543 236
807 237
2269 238
2455 239
2898 240
1530 241
919 242
1849 243
377 244
208 245
893 246
2513 247
2770 248
368 249
709 250
2585 251
1766 252
1977 253
1271 254
1365 255
1189 256
95 257
793 258
350 259
2193 260
595 261
1862 262
1885 263
2516 264
1057 265
448 266
2574 267
256 268
2568 269
212 270
1917 271
2026 272
1567 273
2343 274
570 275
1812 276
1247 277
1725 278
1884 279
976 280
1545 281
120 282
2832 283
98 284
90 285
842 286
1735 287
1763 288
2285 289
152 290
2989 291
2093 292
1071 293
2840 294
168 295
2164 296
2898 297
2805 298
60 299
