350 1600
2250 0
2487 1
1939 2
810 3
1565 4
1205 5
1341 6
1016 7
1829 8
1285 9
302 10
2092 11
1461 12
234 13
1552 14
2332 15
3041 16
3190 17
849 18
507 19
691 20
758 21
3208 22
1691 23
1001 24
915 25
2411 26
3332 27
1059 28
2639 29
216 30
2610 31
1604 32
2975 33
2021 34
3228 35
1618 36
1201 37
1999 38
1072 39
3323 40
1135 41
185 42
2043 43
2803 44
3368 45
1118 46
985 47
2620 48
2872 49
713 50
991 51
3429 52
1471 53
1471 54
252 55
1336 56
3165 57
864 58
2440 59
2095 60
1959 61
3439 62
2212 63
553 64
3469 65
819 66
1670 67
620 68
3430 69
3356 70
1024 71
1852 72
841 73
2461 74
2122 75
302 76
1257 77
3131 78
2274 79
1863 80
48 81
2289 82
3406 83
229 84
2704 85
2466 86
1706 87
2338 88
3323 89
326 90
2305 91
279 92
1963 93
2867 94
2759 95
3268 96
2870 97
3346 98
690 99
424 100
1227 101
3138 102
3365 103
354 104
3449 105
2091 106
605 107
526 108
224 109
713 110
450 111
2946 112
1420 113
3157 114
1838 115
2810 116
1367 117
1173 118
1125 119
1572 120
2110 121
3222 122
695 123
489 124
2171 125
1668 126
1280 127
2012 128
3248 129
2614 130
717 131
1818 132
1636 133
2012 134
322 135
405 136
808 137
2246 138
298 139
509 140
1307 141
525 142
3324 143
2789 144
2916 145
1457 146
1165 147
3458 148
1029 149
247 150
3250 151
2515 152
2384 153
267 154
1519 155
1147 156
2600 157
2155 158
2710 159
280 160
2600 161
3110 162
2961 163
1536 164
1720 165
3153 166
3144 167
61 168
1824 169
3129 170
2197 171
358 172
3443 173
3121 174
318 175
2735 176
383 177
852 178
2619 179
234 180
345 181
1125 182
1651 183
2854 184
2167 185
142 186
1384 187
1509 188
2754 189
2307 190
3194 191
1303 192
3132 193
1789 194
508 195
1879 196
2893 197
2066 198
2419 199
456 200
2446 201
603 202
2366 203
517 204
2273 205
750 206
1856 207
1589 208
792 209
774 210
1466 211
2889 212
381 213
1914 214
3106 215
3388 216
817 217
2983 218
1017 219
1691 220
1386 221
2621 222
3058 223
1478 224
1384 225
3049 226
2574 227
1180 228
2134 229
3488 230
1646 231
566 232
2682 233
2993 234
1143 235
875 236
2301 237
2163 238
874 239
3326 240
734 241
1450 242
85 243
2786 244
591 245
3124 246
942 247
358 248
2656 249
1832 250
3409 251
2417 252
1788 253
1366 254
1938 255
1351 256
918 257
2357 258
2810 259
123 260
1741 261
2737 262
1422 263
2257 264
1751 265
787 266
178 267
839 268
1350 269
1998 270
1156 271
251 272
2123 273
3069 274
1264 275
1308 276
953 277
797 278
1171 279
1524 280
3088 281
1663 282
2127 283
672 284
1911 285
3271 286
1851 287
180 288
675 289
920 290
1077 291
2847 292
2535 293
1388 294
1210 295
2876 296
3072 297
2187 298
2182 299
2139 300
2480 301
1701 302
1697 303
3258 304
3219 305
362 306
3040 307
79 308
1531 309
325 310
594 311
1347 312
3480 313
91 314
1779 315
1086 316
19 317
1409 318
1383 319
2137 320
416 321
2483 322
3312 323
1524 324
2953 325
1684 326
3258 327
2926 328
1811 329
822 330
2186 331
393 332
2696 333
1968 334
251 335
1423 336
113 337
1023 338
1986 339
3121 340
3441 341
1481 342
2879 343
1679 344
1251 345
2412 346
955 347
1901 348
1425 349
