300 500
244 0
1170 1
2292 2
260 3
1773 4
1003 5
1512 6
1142 7
1370 8
231 9
818 10
637 11
2733 12
15 13
232 14
1910 15
995 16
292 17
2134 18
2242 19
700 20
2205 21
241 22
2414 23
946 24
2210 25
2991 26
1609 27
2950 28
903 29
1106 30
1735 31
838 32
2207 33
180 34
755 35
2564 36
2610 37
207 38
1377 39
2995 40
795 41
1957 42
709 43
951 44
77 45
1662 46
472 47
217 48
1982 49
595 50
2815 51
2711 52
1951 53
2172 54
2873 55
2829 56
115 57
1445 58
2277 59
192 60
2622 61
2987 62
2800 63
1065 64
981 65
201 66
2063 67
223 68
1579 69
2820 70
943 71
2565 72
876 73
1366 74
1034 75
519 76
2377 77
1869 78
1601 79
2978 80
266 81
1939 82
1280 83
2886 84
1045 85
88 86
2794 87
1350 88
1472 89
2442 90
2338 91
2901 92
2289 93
1640 94
1823 95
1873 96
71 97
67 98
1767 99
1920 100
2984 101
712 102
2976 103
961 104
2591 105
274 106
2720 107
1372 108
2068 109
1632 110
907 111
1156 112
1343 113
1902 114
1999 115
1112 116
929 117
2374 118
197 119
2615 120
1125 121
2769 122
447 123
803 124
2899 125
171 126
992 127
2600 128
2311 129
1762 130
730 131
2292 132
1281 133
2160 134
2995 135
955 136
1130 137
2001 138
146 139
1193 140
1624 141
169 142
570 143
2059 144
712 145
317 146
1634 147
2751 148
619 149
426 150
536 151
2787 152
1219 153
2372 154
1801 155
2106 156
669 157
2795 158
2225 159
2469 160
1203 161
1436 162
2309 163
1628 164
2323 165
1519 166
286 167
1282 168
1570 169
604 170
290 171
792 172
2251 173
1688 174
2048 175
1690 176
460 177
2368 178
482 179
2548 180
2319 181
2080 182
745 183
293 184
2785 185
2678 186
1166 187
873 188
2765 189
1261 190
151 191
2197 192
1752 193
2499 194
598 195
2176 196
519 197
2140 198
1625 199
2891 200
481 201
2499 202
1662 203
2507 204
11 205
1862 206
985 207
448 208
794 209
1384 210
61 211
2223 212
2987 213
682 214
2647 215
1062 216
121 217
2052 218
2785 219
1954 220
1757 221
921 222
145 223
2349 224
1978 225
2008 226
2692 227
680 228
1690 229
2312 230
511 231
406 232
2810 233
1710 234
393 235
1171 236
59 237
1918 238
1521 239
1785 240
1447 241
927 242
2773 243
195 244
1970 245
1579 246
2990 247
2699 248
1137 249
562 250
1673 251
2408 252
1961 253
717 254
365 255
1786 256
1576 257
2106 258
296 259
2912 260
1676 261
2296 262
1526 263
2323 264
2102 265
1312 266
2078 267
90 268
1548 269
282 270
1374 271
2713 272
2407 273
1450 274
46 275
2765 276
1473 277
1568 278
883 279
1232 280
800 281
1519 282
225 283
496 284
1179 285
958 286
147 287
1053 288
243 289
649 290
1421 291
167 292
1280 293
2241 294
2883 295
2882 296
32 297
2861 298
445 299
