300 100
1276 0
1514 1
1327 2
2747 3
26 4
2575 5
1367 6
884 7
2480 8
502 9
2367 10
980 11
742 12
400 13
2765 14
2644 15
1437 16
335 17
2041 18
2968 19
1449 20
1568 21
878 22
1782 23
800 24
2011 25
2181 26
1756 27
707 28
2957 29
797 30
1966 31
1493 32
2470 33
1014 34
722 35
167 36
1670 37
2601 38
1368 39
322 40
2726 41
2885 42
2501 43
263 44
1344 45
1964 46
2883 47
2376 48
858 49
779 50
1525 51
2870 52
2808 53
2559 54
1495 55
2421 56
803 57
1003 58
2306 59
2558 60
1159 61
2110 62
694 63
2214 64
1728 65
2519 66
730 67
1197 68
1175 69
53 70
2445 71
1410 72
1105 73
2013 74
1684 75
866 76
379 77
954 78
199 79
718 80
949 81
1156 82
409 83
59 84
2077 85
2731 86
1339 87
2440 88
463 89
31 90
2359 91
188 92
2902 93
1933 94
2494 95
1342 96
2548 97
2219 98
1143 99
2879 100
722 101
1607 102
2073 103
817 104
945 105
2511 106
1170 107
825 108
866 109
2669 110
2395 111
1166 112
1813 113
1272 114
1165 115
264 116
1537 117
521 118
2450 119
343 120
2007 121
1416 122
2883 123
1385 124
446 125
31 126
52 127
1214 128
2926 129
1951 130
2450 131
971 132
1931 133
435 134
1995 135
1785 136
694 137
2783 138
465 139
2463 140
2890 141
1810 142
335 143
2616 144
385 145
284 146
2083 147
2495 148
1081 149
1266 150
206 151
1983 152
1263 153
143 154
2054 155
768 156
2454 157
2023 158
1833 159
2674 160
2140 161
1507 162
2401 163
2458 164
1491 165
913 166
2308 167
1649 168
229 169
278 170
142 171
2379 172
2621 173
1705 174
1520 175
1872 176
621 177
272 178
175 179
1457 180
1219 181
1817 182
767 183
278 184
1296 185
8 186
366 187
1730 188
2457 189
81 190
232 191
620 192
1619 193
707 194
1439 195
491 196
2887 197
122 198
2255 199
908 200
2023 201
247 202
2787 203
2078 204
2509 205
2827 206
2378 207
1976 208
2462 209
253 210
519 211
899 212
2499 213
580 214
2618 215
1660 216
1682 217
384 218
1966 219
2887 220
327 221
2149 222
1898 223
727 224
332 225
2978 226
2161 227
744 228
1494 229
1128 230
1797 231
1725 232
1328 233
621 234
1458 235
1209 236
2635 237
1875 238
921 239
532 240
1883 241
2573 242
157 243
123 244
2449 245
187 246
1735 247
276 248
2326 249
1698 250
2885 251
202 252
2210 253
598 254
592 255
70 256
1583 257
658 258
265 259
1592 260
2692 261
2538 262
2755 263
684 264
635 265
1533 266
2135 267
2324 268
1804 269
2581 270
609 271
1607 272
1100 273
2149 274
1239 275
1448 276
385 277
1662 278
1835 279
2874 280
1989 281
2863 282
2036 283
642 284
225 285
1805 286
156 287
1642 288
1286 289
1168 290
2907 291
2630 292
183 293
1336 294
493 295
400 296
1743 297
205 298
1014 299
