350 1400
218 0
1606 1
1321 2
145 3
3071 4
3282 5
2253 6
2065 7
228 8
921 9
1228 10
1806 11
1055 12
61 13
2658 14
1839 15
570 16
1970 17
2133 18
2488 19
3389 20
2161 21
3249 22
3418 23
379 24
1904 25
2140 26
1875 27
1835 28
2095 29
439 30
1590 31
1584 32
2420 33
523 34
25 35
2780 36
888 37
3202 38
2860 39
1821 40
2326 41
1344 42
444 43
1720 44
1100 45
70 46
866 47
2455 48
3345 49
2149 50
1523 51
343 52
3311 53
1620 54
3263 55
2771 56
2360 57
3214 58
639 59
2210 60
1259 61
25 62
1189 63
2692 64
488 65
1334 66
2449 67
1086 68
2229 69
1584 70
1709 71
124 72
2380 73
641 74
2916 75
2586 76
1608 77
2552 78
2799 79
465 80
1675 81
892 82
821 83
2783 84
2209 85
594 86
235 87
1541 88
731 89
2460 90
2894 91
947 92
1430 93
845 94
69 95
2199 96
1822 97
4 98
790 99
1436 100
1003 101
3017 102
3071 103
1482 104
721 105
4 106
296 107
733 108
2221 109
2363 110
1071 111
921 112
728 113
616 114
1215 115
3147 116
3049 117
1157 118
497 119
761 120
1084 121
1473 122
924 123
1415 124
983 125
3262 126
1491 127
243 128
2645 129
1015 130
1843 131
1753 132
2627 133
2882 134
1012 135
525 136
2944 137
2775 138
3323 139
2037 140
2186 141
440 142
2838 143
2047 144
1561 145
1725 146
2746 147
2796 148
1873 149
2496 150
1894 151
2306 152
3131 153
1348 154
2281 155
3414 156
1092 157
2784 158
1801 159
448 160
2771 161
2560 162
745 163
2958 164
752 165
1362 166
656 167
2698 168
1359 169
2566 170
2861 171
1920 172
3218 173
618 174
1045 175
1216 176
1007 177
878 178
3394 179
163 180
1036 181
2131 182
3329 183
2936 184
1513 185
1287 186
2902 187
3070 188
536 189
2246 190
3093 191
3452 192
325 193
3406 194
731 195
2641 196
479 197
1181 198
155 199
1305 200
2153 201
1928 202
3085 203
1428 204
1628 205
1690 206
245 207
3383 208
3324 209
271 210
122 211
2786 212
2251 213
2319 214
2755 215
1569 216
2384 217
1444 218
1547 219
2824 220
2748 221
2684 222
3374 223
580 224
2604 225
1039 226
2584 227
2759 228
2787 229
1407 230
2193 231
376 232
1773 233
3171 234
2138 235
136 236
1864 237
3067 238
2420 239
434 240
568 241
3056 242
139 243
2104 244
186 245
3318 246
37 247
2162 248
268 249
167 250
2110 251
86 252
3359 253
315 254
1850 255
2152 256
270 257
3138 258
1101 259
146 260
1686 261
1292 262
2033 263
1722 264
1587 265
2579 266
1290 267
2847 268
2828 269
1817 270
1077 271
1196 272
1917 273
3341 274
2950 275
774 276
1538 277
2678 278
3118 279
2746 280
1490 281
3044 282
1015 283
206 284
2970 285
2274 286
2856 287
164 288
1266 289
2384 290
118 291
1523 292
3347 293
472 294
2869 295
1006 296
1055 297
2099 298
3214 299
2939 300
1646 301
2165 302
3419 303
322 304
3285 305
2129 306
356 307
1325 308
518 309
2954 310
1752 311
2761 312
678 313
3068 314
1805 315
3212 316
3307 317
3161 318
557 319
1399 320
3056 321
2864 322
569 323
1212 324
2358 325
1731 326
2350 327
3337 328
1819 329
1583 330
1098 331
2755 332
1926 333
368 334
118 335
2540 336
1002 337
2203 338
255 339
1689 340
1106 341
3003 342
1274 343
2849 344
1309 345
1630 346
2980 347
2279 348
1154 349
