300 1000
1150 0
948 1
2310 2
785 3
2232 4
2671 5
1358 6
2839 7
413 8
1310 9
2413 10
110 11
1185 12
829 13
2068 14
710 15
2126 16
170 17
2858 18
2731 19
1128 20
2793 21
554 22
2959 23
1989 24
115 25
2246 26
722 27
2367 28
2456 29
796 30
209 31
2046 32
1530 33
2046 34
622 35
2092 36
1270 37
1117 38
91 39
1844 40
1388 41
900 42
487 43
789 44
2399 45
2667 46
2451 47
256 48
2704 49
953 50
1744 51
1582 52
417 53
1387 54
2878 55
110 56
2616 57
2502 58
1141 59
1042 60
1580 61
1495 62
1135 63
2516 64
1038 65
542 66
891 67
830 68
2824 69
2150 70
1683 71
1312 72
1046 73
2777 74
320 75
108 76
1263 77
40 78
1115 79
1257 80
892 81
755 82
2271 83
1371 84
1316 85
920 86
2675 87
235 88
1593 89
127 90
2595 91
1614 92
2170 93
323 94
2773 95
1164 96
1059 97
1641 98
934 99
2859 100
2962 101
875 102
2916 103
1423 104
2912 105
2419 106
190 107
2426 108
1420 109
1307 110
1201 111
2242 112
396 113
1955 114
433 115
2154 116
2004 117
2701 118
1953 119
657 120
869 121
2181 122
399 123
2746 124
1310 125
762 126
1188 127
827 128
614 129
1711 130
55 131
1205 132
1873 133
2029 134
2252 135
1082 136
649 137
637 138
473 139
275 140
496 141
2195 142
1282 143
529 144
2473 145
1272 146
2920 147
2090 148
1850 149
744 150
2609 151
745 152
325 153
915 154
2618 155
956 156
2724 157
210 158
2160 159
1278 160
2704 161
149 162
253 163
1513 164
2755 165
2820 166
380 167
1147 168
2879 169
1417 170
378 171
1832 172
1339 173
797 174
1439 175
1270 176
2070 177
1394 178
629 179
56 180
995 181
2191 182
1231 183
558 184
1871 185
2499 186
530 187
2817 188
661 189
1004 190
1765 191
2240 192
2577 193
2582 194
1008 195
2923 196
2653 197
1068 198
2352 199
309 200
2851 201
1425 202
949 203
2881 204
2423 205
1750 206
752 207
1129 208
2230 209
2470 210
1469 211
2485 212
527 213
2937 214
2520 215
363 216
2823 217
1065 218
1540 219
2509 220
2959 221
1541 222
337 223
2856 224
463 225
2517 226
558 227
993 228
1328 229
571 230
1866 231
1901 232
2212 233
359 234
1520 235
1375 236
565 237
1973 238
631 239
1157 240
260 241
1788 242
2335 243
2916 244
1344 245
1294 246
174 247
1567 248
1658 249
819 250
717 251
2577 252
1727 253
1778 254
767 255
1463 256
2108 257
633 258
937 259
95 260
1078 261
824 262
1814 263
320 264
2405 265
2683 266
323 267
2659 268
2276 269
2138 270
2903 271
1338 272
2873 273
1779 274
2719 275
427 276
1577 277
13 278
2536 279
2411 280
315 281
2955 282
1032 283
1839 284
1028 285
2241 286
2485 287
1115 288
1271 289
555 290
1448 291
2356 292
236 293
2543 294
2947 295
1797 296
1458 297
1500 298
2424 299
