300 850
239 0
1393 1
1512 2
1037 3
321 4
2742 5
743 6
1971 7
905 8
617 9
823 10
1886 11
1005 12
1962 13
900 14
2749 15
70 16
325 17
2375 18
2479 19
347 20
56 21
2745 22
1294 23
1570 24
1741 25
939 26
585 27
1507 28
2065 29
1549 30
151 31
942 32
1719 33
2095 34
1046 35
1576 36
2819 37
1208 38
265 39
1877 40
1543 41
437 42
2366 43
2764 44
2878 45
2899 46
1553 47
1586 48
2608 49
2285 50
849 51
2102 52
1677 53
2078 54
1196 55
1588 56
900 57
1328 58
2915 59
412 60
1031 61
957 62
989 63
2907 64
289 65
2091 66
1635 67
694 68
602 69
2304 70
695 71
916 72
345 73
621 74
919 75
363 76
815 77
2666 78
2136 79
2218 80
1636 81
2584 82
944 83
1846 84
2543 85
1097 86
309 87
2413 88
2084 89
2349 90
275 91
2022 92
326 93
409 94
2501 95
2374 96
1655 97
1754 98
1979 99
2676 100
2257 101
1156 102
1980 103
1117 104
2695 105
2377 106
2250 107
1222 108
671 109
2893 110
1842 111
2500 112
1660 113
1496 114
2323 115
1554 116
2540 117
2630 118
2604 119
2182 120
2210 121
661 122
681 123
564 124
2295 125
839 126
1084 127
589 128
2452 129
1374 130
2394 131
548 132
614 133
1048 134
2351 135
1184 136
59 137
1898 138
1178 139
1696 140
2832 141
890 142
1498 143
2085 144
593 145
1172 146
2986 147
2260 148
2705 149
1270 150
445 151
2009 152
292 153
1745 154
2082 155
2508 156
2577 157
1142 158
1395 159
339 160
152 161
2642 162
4 163
2699 164
1209 165
758 166
2260 167
577 168
653 169
2858 170
63 171
456 172
1915 173
2999 174
755 175
2255 176
1994 177
641 178
2165 179
1591 180
2754 181
630 182
131 183
424 184
2654 185
687 186
1385 187
1705 188
2320 189
1501 190
1510 191
419 192
1782 193
1723 194
1363 195
2421 196
1418 197
2158 198
348 199
827 200
1511 201
1946 202
1785 203
1160 204
703 205
811 206
432 207
204 208
1135 209
270 210
2098 211
1573 212
1694 213
2 214
51 215
2890 216
579 217
2213 218
917 219
1242 220
778 221
2146 222
1817 223
1947 224
2837 225
542 226
1088 227
1470 228
2961 229
1762 230
1416 231
458 232
444 233
2045 234
501 235
241 236
478 237
420 238
1051 239
858 240
210 241
1856 242
1759 243
1781 244
33 245
1018 246
1279 247
1623 248
2928 249
1517 250
1136 251
1863 252
1031 253
2946 254
742 255
2263 256
2167 257
2715 258
561 259
1997 260
268 261
2883 262
770 263
1874 264
1434 265
2755 266
1537 267
2601 268
2345 269
561 270
133 271
753 272
835 273
636 274
119 275
1700 276
309 277
2017 278
1971 279
1203 280
2071 281
1535 282
622 283
1107 284
1322 285
1772 286
467 287
1299 288
309 289
2508 290
2268 291
775 292
2780 293
1337 294
2038 295
479 296
44 297
2665 298
1650 299
