350 250
3347 0
2444 1
763 2
390 3
2680 4
3372 5
2649 6
305 7
2268 8
776 9
1937 10
1461 11
2713 12
244 13
411 14
1610 15
1262 16
1807 17
529 18
3127 19
2319 20
1826 21
3480 22
643 23
359 24
702 25
2889 26
330 27
974 28
763 29
632 30
1619 31
126 32
3124 33
1847 34
694 35
2198 36
2281 37
3259 38
3398 39
693 40
1372 41
3295 42
2032 43
1548 44
675 45
1384 46
1599 47
1945 48
3261 49
87 50
3451 51
1070 52
2685 53
1904 54
2 55
1780 56
2310 57
2889 58
2271 59
155 60
2908 61
1266 62
2470 63
1736 64
1993 65
158 66
1874 67
3162 68
1085 69
445 70
2807 71
47 72
1040 73
1878 74
1818 75
3035 76
1814 77
570 78
274 79
1935 80
1400 81
405 82
1950 83
3010 84
1629 85
1166 86
1205 87
744 88
695 89
1733 90
3076 91
1369 92
1469 93
682 94
2484 95
2680 96
1812 97
1173 98
136 99
741 100
2014 101
2487 102
667 103
1429 104
780 105
3454 106
2478 107
2517 108
2835 109
2770 110
925 111
2787 112
1823 113
244 114
3157 115
1783 116
2201 117
405 118
2751 119
1864 120
1777 121
794 122
1738 123
803 124
362 125
2031 126
3219 127
1175 128
2704 129
3022 130
853 131
3456 132
2735 133
2574 134
1924 135
869 136
1767 137
803 138
2683 139
427 140
3151 141
3460 142
1768 143
1087 144
1248 145
1002 146
1741 147
728 148
2381 149
3416 150
2179 151
1943 152
1443 153
1340 154
1878 155
1189 156
354 157
2517 158
1104 159
27 160
3006 161
853 162
682 163
3368 164
426 165
3224 166
227 167
534 168
3178 169
2691 170
863 171
3227 172
1558 173
3445 174
2253 175
795 176
1235 177
279 178
3426 179
1809 180
3482 181
3225 182
2647 183
2542 184
224 185
208 186
589 187
1346 188
1995 189
1453 190
1909 191
2100 192
2520 193
1915 194
1417 195
2017 196
1701 197
1247 198
2114 199
2273 200
211 201
41 202
308 203
1889 204
391 205
1706 206
2461 207
1036 208
3037 209
1686 210
1389 211
1218 212
1048 213
343 214
1219 215
2902 216
1107 217
725 218
1465 219
3123 220
660 221
404 222
2497 223
2427 224
3033 225
2991 226
1880 227
979 228
757 229
1505 230
631 231
88 232
71 233
710 234
1415 235
115 236
1819 237
409 238
3006 239
2001 240
1691 241
2644 242
1220 243
176 244
2555 245
1072 246
441 247
2216 248
898 249
1640 250
2642 251
35 252
1674 253
715 254
1590 255
702 256
3258 257
1774 258
83 259
3181 260
2349 261
1861 262
2505 263
1996 264
3265 265
3388 266
2178 267
1764 268
1501 269
2301 270
437 271
823 272
551 273
1617 274
445 275
2500 276
451 277
892 278
3065 279
2787 280
1925 281
2010 282
2007 283
933 284
1914 285
1796 286
2158 287
1264 288
796 289
516 290
991 291
1550 292
3375 293
3404 294
3499 295
1723 296
3446 297
2430 298
2122 299
2852 300
2517 301
2014 302
541 303
1286 304
1069 305
2244 306
3024 307
299 308
3493 309
2112 310
356 311
320 312
703 313
3044 314
1559 315
780 316
1401 317
1434 318
3323 319
2725 320
3296 321
1425 322
2899 323
3108 324
2507 325
503 326
2284 327
1928 328
728 329
1995 330
1628 331
1700 332
2763 333
662 334
2595 335
849 336
1305 337
3145 338
2659 339
3362 340
316 341
1290 342
1785 343
2291 344
3135 345
2791 346
2069 347
2892 348
1748 349
