300 350
1714 0
2837 1
1558 2
952 3
1628 4
1112 5
219 6
2716 7
424 8
1324 9
1943 10
7 11
2922 12
1706 13
516 14
2987 15
1892 16
179 17
1100 18
2749 19
2854 20
1834 21
101 22
1750 23
2193 24
2567 25
1550 26
2099 27
501 28
354 29
1167 30
89 31
1731 32
1654 33
504 34
1462 35
1561 36
2069 37
839 38
817 39
566 40
2741 41
458 42
1197 43
2288 44
1749 45
2028 46
100 47
1567 48
2365 49
2921 50
743 51
467 52
1169 53
348 54
2271 55
2327 56
2128 57
2972 58
315 59
426 60
49 61
2063 62
1658 63
1050 64
764 65
1410 66
887 67
2574 68
275 69
2040 70
651 71
91 72
719 73
2648 74
307 75
2136 76
598 77
2770 78
1363 79
1862 80
1750 81
207 82
1975 83
848 84
191 85
2322 86
2506 87
2381 88
1103 89
1154 90
118 91
591 92
35 93
2656 94
1203 95
1189 96
242 97
765 98
1468 99
1494 100
695 101
2894 102
1149 103
1269 104
2512 105
2714 106
657 107
2788 108
441 109
31 110
2738 111
2044 112
2702 113
784 114
2675 115
2460 116
756 117
2437 118
2016 119
985 120
2159 121
150 122
2159 123
488 124
1961 125
38 126
668 127
709 128
1998 129
2007 130
2854 131
2710 132
2381 133
868 134
2960 135
2196 136
822 137
292 138
1250 139
1565 140
2413 141
2705 142
597 143
1746 144
304 145
2286 146
1273 147
2030 148
61 149
1192 150
2587 151
2809 152
1275 153
1286 154
2293 155
2111 156
2669 157
2620 158
414 159
533 160
273 161
2341 162
1081 163
2864 164
1776 165
2121 166
909 167
1854 168
2593 169
808 170
2651 171
1301 172
2925 173
306 174
208 175
100 176
81 177
636 178
2836 179
559 180
2473 181
1061 182
2940 183
1857 184
1171 185
1350 186
639 187
1533 188
641 189
2219 190
949 191
1175 192
2854 193
2485 194
923 195
997 196
24 197
771 198
280 199
811 200
1013 201
2307 202
673 203
2543 204
2315 205
2871 206
569 207
2217 208
2808 209
2823 210
892 211
603 212
2221 213
55 214
1860 215
2475 216
1779 217
2745 218
1121 219
777 220
1236 221
606 222
1807 223
2127 224
2865 225
2895 226
2042 227
2314 228
69 229
747 230
2893 231
1546 232
2982 233
2313 234
203 235
435 236
2465 237
1362 238
908 239
1573 240
1312 241
1705 242
1825 243
970 244
1864 245
2899 246
1838 247
2103 248
1046 249
961 250
2547 251
2829 252
2795 253
338 254
1440 255
1716 256
2363 257
1127 258
31 259
2577 260
562 261
1602 262
17 263
142 264
1128 265
405 266
674 267
1576 268
179 269
323 270
1090 271
1189 272
2789 273
2797 274
974 275
251 276
1760 277
93 278
1192 279
1984 280
1069 281
169 282
2982 283
901 284
2041 285
2010 286
1794 287
1217 288
516 289
2073 290
2894 291
738 292
985 293
1531 294
2337 295
174 296
669 297
2943 298
2904 299
