300 300
853 0
2821 1
1137 2
1204 3
2471 4
1386 5
2321 6
218 7
14 8
332 9
27 10
2539 11
413 12
2881 13
2396 14
2693 15
1176 16
2655 17
399 18
68 19
592 20
327 21
624 22
1495 23
687 24
2704 25
180 26
2037 27
444 28
2726 29
590 30
1665 31
409 32
2772 33
2991 34
2654 35
461 36
1321 37
182 38
1394 39
2559 40
2139 41
2554 42
667 43
1792 44
2408 45
1491 46
1642 47
857 48
2253 49
255 50
2338 51
2251 52
1058 53
2913 54
2763 55
1248 56
466 57
1123 58
2745 59
1382 60
1930 61
1921 62
2835 63
2949 64
356 65
1379 66
2441 67
2772 68
1359 69
2507 70
1901 71
574 72
1850 73
1411 74
1211 75
2595 76
1087 77
816 78
2469 79
288 80
571 81
2893 82
2779 83
1171 84
1079 85
2322 86
681 87
1106 88
293 89
1461 90
1463 91
1186 92
1490 93
1577 94
357 95
392 96
255 97
2302 98
99 99
2450 100
1409 101
2133 102
1364 103
2435 104
2920 105
1956 106
1476 107
1516 108
2720 109
535 110
2055 111
1741 112
2863 113
1104 114
2886 115
2722 116
2376 117
940 118
1213 119
458 120
1979 121
1896 122
1436 123
2796 124
1021 125
2344 126
963 127
1487 128
1157 129
249 130
1782 131
646 132
99 133
2748 134
2335 135
1938 136
1107 137
801 138
141 139
404 140
702 141
212 142
1133 143
1718 144
2259 145
299 146
1615 147
2520 148
929 149
546 150
436 151
1099 152
333 153
498 154
603 155
585 156
9 157
831 158
168 159
1864 160
1942 161
940 162
400 163
1931 164
162 165
1305 166
1439 167
2217 168
77 169
1090 170
2128 171
663 172
897 173
2332 174
1437 175
708 176
2217 177
1801 178
2851 179
1274 180
1733 181
1211 182
2174 183
413 184
2779 185
1871 186
1327 187
1997 188
1990 189
1587 190
906 191
2446 192
1341 193
768 194
1772 195
1706 196
126 197
1501 198
1857 199
2413 200
2821 201
607 202
1843 203
2934 204
2504 205
177 206
2845 207
1149 208
1330 209
2692 210
2204 211
1602 212
1008 213
1198 214
1145 215
1013 216
2698 217
2202 218
627 219
156 220
401 221
265 222
2060 223
2093 224
1136 225
2825 226
797 227
282 228
615 229
2680 230
1138 231
2868 232
1105 233
1698 234
2708 235
2068 236
333 237
2149 238
1502 239
371 240
234 241
1728 242
305 243
1723 244
201 245
2343 246
2558 247
2815 248
1810 249
444 250
1200 251
31 252
1406 253
853 254
252 255
686 256
1620 257
2551 258
1250 259
2526 260
1238 261
1407 262
1230 263
2165 264
127 265
231 266
646 267
595 268
22 269
2820 270
2183 271
557 272
502 273
318 274
2220 275
2013 276
1782 277
1027 278
495 279
2136 280
739 281
1880 282
598 283
2853 284
2854 285
2612 286
683 287
182 288
634 289
2500 290
94 291
1197 292
2471 293
2322 294
2874 295
2261 296
1109 297
2299 298
154 299
