350 900
2918 0
1700 1
3031 2
1647 3
3423 4
2004 5
1736 6
632 7
2789 8
3473 9
1068 10
2360 11
2932 12
2801 13
1309 14
1804 15
148 16
657 17
1490 18
1017 19
2454 20
3430 21
1066 22
1056 23
668 24
2607 25
2486 26
687 27
411 28
2616 29
326 30
960 31
152 32
340 33
1451 34
2982 35
1434 36
3465 37
2152 38
2556 39
218 40
444 41
1684 42
542 43
2245 44
2820 45
2062 46
3004 47
834 48
507 49
1069 50
3292 51
765 52
576 53
1417 54
2005 55
2076 56
865 57
739 58
195 59
2765 60
405 61
1178 62
1198 63
1369 64
3054 65
583 66
2645 67
2127 68
3298 69
1083 70
2211 71
2755 72
1854 73
1308 74
2353 75
820 76
241 77
1413 78
850 79
1839 80
2035 81
90 82
241 83
163 84
2820 85
637 86
1465 87
2445 88
1404 89
127 90
371 91
3204 92
970 93
2320 94
2531 95
2428 96
421 97
1136 98
3317 99
31 100
714 101
240 102
810 103
1758 104
2832 105
2597 106
1831 107
2064 108
2198 109
2803 110
319 111
1665 112
1266 113
2565 114
2050 115
3043 116
2705 117
103 118
417 119
863 120
1234 121
2766 122
1368 123
2381 124
2313 125
1524 126
2284 127
1298 128
1275 129
2507 130
1155 131
2415 132
2707 133
3304 134
3248 135
1890 136
1033 137
1513 138
1662 139
2713 140
3051 141
1965 142
2433 143
137 144
299 145
3327 146
1987 147
597 148
108 149
1722 150
3394 151
1094 152
1380 153
1607 154
148 155
272 156
1673 157
1675 158
2756 159
2108 160
3083 161
3424 162
2308 163
1562 164
3143 165
1782 166
1651 167
230 168
2709 169
2408 170
2014 171
2804 172
2635 173
1882 174
1837 175
2346 176
238 177
3221 178
2289 179
702 180
2793 181
2251 182
2223 183
1308 184
243 185
1837 186
1356 187
1630 188
3215 189
2992 190
382 191
1159 192
2293 193
894 194
3058 195
3338 196
1331 197
2093 198
1421 199
803 200
577 201
1466 202
1898 203
1957 204
770 205
649 206
2014 207
1907 208
50 209
683 210
2534 211
683 212
1818 213
686 214
1915 215
2968 216
89 217
317 218
2705 219
1868 220
611 221
143 222
2046 223
3053 224
1789 225
3149 226
959 227
2279 228
2259 229
1157 230
2364 231
169 232
3303 233
2079 234
3354 235
2328 236
871 237
2612 238
1849 239
327 240
274 241
724 242
1889 243
2455 244
1083 245
2271 246
2616 247
2802 248
212 249
3259 250
1450 251
1432 252
2065 253
2779 254
2650 255
3218 256
3309 257
187 258
1083 259
2073 260
2199 261
2619 262
303 263
1653 264
3086 265
2707 266
17 267
386 268
194 269
1395 270
2008 271
1857 272
40 273
23 274
768 275
3237 276
1777 277
1932 278
1248 279
3194 280
2008 281
655 282
2062 283
479 284
2395 285
2474 286
1103 287
3015 288
268 289
1861 290
2907 291
3054 292
1270 293
1752 294
545 295
631 296
751 297
1353 298
3261 299
1756 300
3433 301
942 302
1845 303
3345 304
508 305
1847 306
2024 307
1871 308
3156 309
1747 310
3262 311
2356 312
1720 313
3360 314
1702 315
3193 316
2540 317
1271 318
1020 319
1105 320
1996 321
1243 322
854 323
1681 324
1468 325
2154 326
646 327
2034 328
2822 329
3020 330
1076 331
3231 332
2264 333
3173 334
1233 335
881 336
1561 337
829 338
2918 339
2476 340
1529 341
143 342
2214 343
972 344
1150 345
2510 346
2540 347
373 348
2058 349
