300 900
994 0
171 1
1337 2
2544 3
234 4
2888 5
2423 6
676 7
2516 8
2106 9
1000 10
1790 11
617 12
1837 13
979 14
1406 15
1300 16
1166 17
783 18
1840 19
1762 20
2424 21
729 22
2483 23
2736 24
664 25
1471 26
43 27
1547 28
617 29
1525 30
2054 31
161 32
1443 33
1664 34
1510 35
2362 36
2487 37
2003 38
412 39
2041 40
2931 41
1162 42
1790 43
2154 44
1301 45
2568 46
1593 47
1554 48
1577 49
1010 50
707 51
2445 52
2286 53
1820 54
2902 55
2598 56
2470 57
374 58
329 59
736 60
240 61
2182 62
513 63
1814 64
2213 65
748 66
259 67
1558 68
1794 69
2711 70
2732 71
2443 72
2098 73
2239 74
1090 75
1606 76
2791 77
411 78
2818 79
2606 80
2186 81
2068 82
2563 83
467 84
2716 85
1128 86
2829 87
1863 88
2250 89
1493 90
77 91
911 92
2857 93
1238 94
1595 95
878 96
2017 97
560 98
150 99
2662 100
681 101
2942 102
1995 103
97 104
412 105
2738 106
1746 107
1219 108
56 109
2310 110
1612 111
2749 112
1753 113
443 114
1183 115
613 116
1124 117
894 118
398 119
1788 120
1492 121
1483 122
133 123
355 124
1151 125
2772 126
1503 127
2235 128
1717 129
1487 130
803 131
2270 132
2774 133
2672 134
2046 135
2439 136
2772 137
748 138
1543 139
359 140
1787 141
2879 142
515 143
1184 144
1327 145
1984 146
1055 147
2991 148
898 149
2813 150
392 151
1972 152
1191 153
1002 154
655 155
1026 156
2724 157
461 158
9 159
175 160
373 161
816 162
2691 163
845 164
2706 165
795 166
979 167
857 168
2387 169
2691 170
1967 171
908 172
2037 173
1852 174
2452 175
317 176
2862 177
1866 178
1760 179
239 180
47 181
88 182
2956 183
2912 184
1071 185
1034 186
1874 187
876 188
2171 189
2778 190
2706 191
2096 192
482 193
2006 194
1660 195
2752 196
1412 197
421 198
1264 199
278 200
228 201
543 202
2436 203
2838 204
502 205
2484 206
2 207
1169 208
2386 209
1813 210
1281 211
2402 212
1015 213
673 214
2426 215
2122 216
2255 217
68 218
1776 219
90 220
2076 221
2417 222
374 223
1453 224
56 225
45 226
711 227
2579 228
1259 229
2467 230
182 231
85 232
1874 233
2115 234
2092 235
1096 236
2833 237
2554 238
607 239
2311 240
1184 241
1759 242
401 243
617 244
997 245
724 246
800 247
141 248
718 249
1018 250
1845 251
2809 252
2603 253
2197 254
275 255
369 256
1116 257
2699 258
719 259
41 260
1277 261
934 262
738 263
610 264
1220 265
1334 266
1898 267
2410 268
2314 269
2350 270
1039 271
2352 272
977 273
1034 274
2768 275
1471 276
1073 277
2852 278
1524 279
471 280
2159 281
2829 282
115 283
2756 284
722 285
121 286
2451 287
2780 288
2216 289
2063 290
1445 291
83 292
544 293
189 294
1204 295
869 296
1438 297
2621 298
279 299
