300 1250
696 0
2802 1
78 2
1664 3
2072 4
1228 5
1114 6
2773 7
2342 8
344 9
825 10
1985 11
2625 12
301 13
712 14
2108 15
1476 16
481 17
2162 18
1951 19
1796 20
2441 21
1242 22
1575 23
1661 24
2985 25
1121 26
2436 27
2117 28
2923 29
551 30
1836 31
2743 32
2193 33
2073 34
470 35
1353 36
1444 37
294 38
1032 39
1579 40
523 41
2443 42
1448 43
1138 44
2215 45
981 46
549 47
1879 48
1092 49
1185 50
1546 51
925 52
2902 53
2696 54
1117 55
1557 56
1354 57
2073 58
2377 59
2631 60
1245 61
1723 62
2783 63
1541 64
239 65
2142 66
849 67
1566 68
1458 69
1431 70
9 71
724 72
1017 73
1157 74
935 75
1693 76
1139 77
2334 78
591 79
1705 80
2233 81
1040 82
192 83
2901 84
1144 85
233 86
1189 87
2682 88
2630 89
1202 90
1223 91
808 92
1471 93
1550 94
1773 95
2470 96
2858 97
556 98
2631 99
2737 100
824 101
2030 102
335 103
2158 104
2932 105
2501 106
719 107
885 108
2979 109
2625 110
1267 111
704 112
2303 113
365 114
2866 115
1029 116
1609 117
1308 118
959 119
1003 120
2124 121
2441 122
1500 123
1013 124
2977 125
354 126
472 127
88 128
1080 129
1681 130
2641 131
226 132
959 133
1685 134
49 135
645 136
2655 137
2385 138
1091 139
2708 140
2996 141
203 142
1067 143
2725 144
1038 145
972 146
857 147
888 148
1501 149
756 150
532 151
864 152
585 153
1333 154
1357 155
2108 156
2968 157
144 158
628 159
2012 160
1904 161
1383 162
1090 163
2825 164
2771 165
230 166
2658 167
493 168
1440 169
1640 170
283 171
1282 172
977 173
469 174
888 175
2003 176
1014 177
2478 178
60 179
1396 180
2206 181
1078 182
1664 183
2562 184
1519 185
1751 186
524 187
83 188
893 189
888 190
2435 191
2482 192
1837 193
1496 194
2911 195
454 196
1045 197
517 198
867 199
1703 200
41 201
2662 202
750 203
604 204
1986 205
2812 206
1990 207
2196 208
343 209
364 210
125 211
379 212
2814 213
30 214
875 215
240 216
2361 217
189 218
2301 219
820 220
317 221
1308 222
1470 223
2995 224
2286 225
1571 226
2960 227
161 228
2233 229
2944 230
458 231
2276 232
50 233
2172 234
1263 235
695 236
1181 237
1260 238
640 239
173 240
1797 241
281 242
90 243
1838 244
2954 245
499 246
1894 247
9 248
76 249
2587 250
2440 251
707 252
1026 253
1124 254
2166 255
2747 256
2719 257
670 258
507 259
1413 260
62 261
2580 262
1248 263
160 264
727 265
308 266
447 267
2827 268
1502 269
1270 270
2762 271
549 272
2339 273
1169 274
1504 275
2956 276
2703 277
2946 278
493 279
586 280
931 281
392 282
1132 283
289 284
1890 285
871 286
2625 287
332 288
127 289
1984 290
349 291
926 292
342 293
2798 294
2596 295
2840 296
2621 297
2154 298
418 299
