300 600
2210 0
914 1
1221 2
1885 3
1680 4
2175 5
1279 6
1538 7
713 8
2294 9
2038 10
2265 11
1677 12
2593 13
2031 14
84 15
1207 16
1799 17
809 18
779 19
311 20
2977 21
1391 22
2803 23
2592 24
1483 25
1073 26
437 27
1706 28
2093 29
2831 30
179 31
2284 32
593 33
284 34
2308 35
1452 36
403 37
1957 38
2381 39
2817 40
2655 41
2007 42
2191 43
1228 44
2303 45
331 46
1875 47
2815 48
103 49
2698 50
2031 51
281 52
32 53
2884 54
1705 55
545 56
1570 57
2707 58
928 59
1897 60
16 61
1768 62
2755 63
2378 64
2656 65
1331 66
2382 67
2845 68
708 69
2350 70
851 71
876 72
1384 73
2857 74
1190 75
1892 76
2559 77
2773 78
1578 79
338 80
1358 81
2013 82
1133 83
2678 84
1416 85
427 86
2286 87
1350 88
2786 89
517 90
694 91
2099 92
1011 93
2267 94
1157 95
1318 96
1482 97
451 98
1749 99
610 100
2486 101
931 102
1896 103
2168 104
1243 105
2299 106
2094 107
2647 108
553 109
2572 110
634 111
2229 112
2869 113
606 114
752 115
1524 116
1014 117
159 118
85 119
2132 120
661 121
2036 122
2630 123
440 124
641 125
2415 126
1357 127
848 128
585 129
2576 130
277 131
1643 132
731 133
2001 134
2441 135
2634 136
1968 137
1769 138
587 139
2150 140
1871 141
2838 142
1918 143
1018 144
1324 145
383 146
1947 147
1522 148
1270 149
219 150
2220 151
356 152
94 153
486 154
1857 155
1041 156
888 157
1141 158
1561 159
1776 160
1125 161
1689 162
2989 163
14 164
2501 165
2821 166
2261 167
2289 168
2995 169
2560 170
201 171
1556 172
772 173
926 174
2672 175
406 176
38 177
1198 178
1554 179
1458 180
1087 181
2923 182
1733 183
1992 184
1403 185
248 186
1738 187
1292 188
2736 189
515 190
2829 191
606 192
2756 193
2695 194
501 195
1841 196
1741 197
2893 198
1042 199
2787 200
263 201
2341 202
1905 203
1787 204
227 205
2918 206
1036 207
2868 208
1912 209
554 210
459 211
2123 212
1021 213
1654 214
1443 215
1187 216
689 217
1479 218
1590 219
2445 220
814 221
335 222
1954 223
2121 224
2 225
887 226
699 227
1003 228
275 229
1053 230
1532 231
1384 232
2825 233
1553 234
2930 235
509 236
1919 237
1442 238
2608 239
17 240
1140 241
664 242
748 243
889 244
2294 245
645 246
944 247
1510 248
284 249
1965 250
2151 251
2734 252
287 253
2751 254
910 255
585 256
1535 257
1410 258
2409 259
1188 260
70 261
2068 262
1639 263
1414 264
2789 265
1251 266
1945 267
2536 268
1722 269
711 270
2865 271
2649 272
713 273
1515 274
643 275
125 276
2666 277
808 278
2912 279
2780 280
2138 281
1206 282
83 283
2166 284
1368 285
2452 286
2755 287
2797 288
914 289
1337 290
565 291
2233 292
1441 293
1673 294
785 295
2232 296
715 297
1852 298
889 299
