300 650
2538 0
546 1
817 2
2845 3
1092 4
2814 5
391 6
1441 7
557 8
641 9
2124 10
2601 11
2412 12
1898 13
558 14
1342 15
2460 16
126 17
2415 18
615 19
1507 20
2010 21
279 22
307 23
1790 24
542 25
2963 26
2847 27
2520 28
209 29
1228 30
2042 31
2192 32
1258 33
786 34
2524 35
1685 36
539 37
209 38
2295 39
2258 40
724 41
2385 42
2630 43
678 44
295 45
15 46
1682 47
352 48
276 49
2770 50
27 51
1212 52
1927 53
329 54
2435 55
2942 56
244 57
1980 58
1276 59
766 60
434 61
2171 62
1680 63
1582 64
839 65
690 66
2815 67
2953 68
1526 69
1916 70
2926 71
83 72
964 73
1393 74
2669 75
2886 76
454 77
1760 78
261 79
444 80
933 81
596 82
2107 83
100 84
2848 85
2130 86
456 87
779 88
2909 89
1332 90
310 91
2406 92
177 93
2210 94
471 95
2397 96
1357 97
1689 98
2069 99
1596 100
369 101
642 102
2981 103
2301 104
314 105
1744 106
2791 107
763 108
1312 109
2537 110
2500 111
359 112
471 113
844 114
280 115
638 116
394 117
190 118
636 119
1329 120
1262 121
2079 122
564 123
277 124
2562 125
358 126
796 127
664 128
1019 129
2405 130
222 131
897 132
1967 133
1613 134
941 135
1954 136
1979 137
2321 138
1969 139
384 140
1685 141
2323 142
634 143
891 144
733 145
869 146
1640 147
467 148
1320 149
1141 150
333 151
354 152
1448 153
1206 154
1403 155
2588 156
786 157
2224 158
1105 159
1618 160
2408 161
11 162
2502 163
2552 164
1495 165
444 166
739 167
721 168
565 169
122 170
2506 171
2128 172
433 173
619 174
510 175
2865 176
994 177
536 178
660 179
1568 180
1316 181
2232 182
628 183
60 184
2548 185
1348 186
2345 187
1527 188
1831 189
69 190
1032 191
1195 192
2387 193
2647 194
2429 195
2488 196
568 197
1270 198
2540 199
1839 200
463 201
573 202
2906 203
1150 204
1124 205
1485 206
2643 207
1288 208
1714 209
1815 210
609 211
1779 212
2508 213
2469 214
2368 215
963 216
1662 217
347 218
2523 219
608 220
553 221
833 222
1583 223
897 224
1561 225
2110 226
1539 227
1197 228
1843 229
1493 230
2630 231
1251 232
386 233
233 234
967 235
1329 236
2509 237
2940 238
999 239
845 240
288 241
2178 242
1872 243
662 244
916 245
2699 246
259 247
2971 248
904 249
1206 250
215 251
1627 252
2670 253
1120 254
2626 255
2407 256
1644 257
2636 258
2006 259
2294 260
1660 261
2077 262
2028 263
1691 264
569 265
1080 266
2983 267
362 268
2898 269
1912 270
539 271
2587 272
754 273
2527 274
961 275
1237 276
2137 277
511 278
17 279
1190 280
2903 281
1726 282
2823 283
337 284
2565 285
1502 286
1432 287
925 288
387 289
2261 290
544 291
2482 292
1093 293
68 294
555 295
2792 296
1004 297
725 298
228 299
