300 1350
955 0
2648 1
867 2
5 3
2108 4
470 5
1851 6
1374 7
1202 8
301 9
449 10
1524 11
980 12
1348 13
1750 14
2392 15
854 16
107 17
1523 18
450 19
2572 20
228 21
882 22
2946 23
2796 24
2520 25
2484 26
396 27
2632 28
2710 29
1593 30
604 31
249 32
2850 33
2336 34
455 35
2926 36
1384 37
1202 38
1787 39
1386 40
2779 41
2668 42
897 43
190 44
2363 45
2013 46
2065 47
870 48
2649 49
2249 50
483 51
124 52
2703 53
992 54
1135 55
987 56
1831 57
2541 58
2960 59
1090 60
1688 61
1620 62
2216 63
695 64
287 65
1851 66
1564 67
2241 68
1699 69
1220 70
2903 71
2980 72
2675 73
1290 74
1085 75
2145 76
1972 77
719 78
1203 79
2275 80
1164 81
2878 82
84 83
973 84
858 85
830 86
1228 87
359 88
49 89
1624 90
1504 91
2826 92
1020 93
1018 94
2778 95
2042 96
2016 97
1236 98
844 99
1837 100
41 101
1818 102
174 103
346 104
1196 105
2108 106
2812 107
637 108
163 109
2298 110
1826 111
153 112
1 113
872 114
1882 115
2133 116
216 117
2145 118
2139 119
2868 120
941 121
550 122
2813 123
2679 124
2409 125
2705 126
1645 127
1315 128
843 129
1231 130
1277 131
2283 132
1400 133
2200 134
1597 135
250 136
54 137
2556 138
2467 139
2599 140
812 141
2552 142
2821 143
2858 144
811 145
1385 146
1614 147
594 148
1080 149
2413 150
2192 151
1640 152
248 153
499 154
563 155
2290 156
611 157
2206 158
235 159
1410 160
36 161
2956 162
2274 163
1866 164
1408 165
2883 166
987 167
2923 168
1164 169
2803 170
2597 171
1906 172
2253 173
83 174
1413 175
920 176
2202 177
1787 178
1699 179
358 180
1054 181
2777 182
1559 183
1389 184
209 185
2515 186
1636 187
1825 188
2798 189
914 190
1685 191
1621 192
874 193
493 194
1745 195
789 196
1928 197
2940 198
67 199
1834 200
1597 201
1768 202
2688 203
1292 204
551 205
1614 206
1333 207
2403 208
127 209
328 210
1887 211
2200 212
661 213
250 214
2501 215
269 216
22 217
1232 218
2204 219
1119 220
81 221
2950 222
2393 223
2201 224
637 225
1349 226
2630 227
2944 228
797 229
2062 230
2049 231
1939 232
1625 233
2079 234
545 235
1771 236
646 237
2437 238
37 239
328 240
1765 241
1254 242
690 243
752 244
2029 245
2235 246
92 247
2312 248
912 249
2395 250
2960 251
2746 252
1846 253
280 254
2387 255
1446 256
730 257
380 258
1326 259
2501 260
665 261
1158 262
1558 263
2055 264
1180 265
1147 266
1583 267
2553 268
656 269
1400 270
2124 271
432 272
562 273
1335 274
2880 275
496 276
2526 277
1183 278
1604 279
575 280
655 281
2362 282
311 283
2937 284
1704 285
157 286
1556 287
1743 288
281 289
1657 290
1334 291
614 292
2474 293
1797 294
122 295
394 296
2582 297
2314 298
2177 299
