350 800
1323 0
1300 1
3208 2
1920 3
348 4
2722 5
2246 6
654 7
2533 8
3279 9
2859 10
1424 11
1248 12
1294 13
3128 14
1042 15
1073 16
2723 17
3292 18
1666 19
3120 20
287 21
1289 22
2081 23
661 24
956 25
1049 26
1183 27
247 28
935 29
996 30
708 31
2498 32
628 33
194 34
3098 35
2133 36
3026 37
3106 38
789 39
3179 40
1855 41
451 42
2994 43
594 44
2105 45
1128 46
170 47
2950 48
3273 49
2996 50
1919 51
2125 52
2674 53
222 54
3113 55
1348 56
286 57
1990 58
1674 59
2227 60
909 61
871 62
109 63
830 64
1723 65
309 66
2191 67
5 68
1868 69
742 70
861 71
1879 72
1517 73
1434 74
1867 75
612 76
3400 77
3038 78
2265 79
3169 80
2893 81
2428 82
541 83
2539 84
3378 85
2162 86
3487 87
3292 88
1664 89
3475 90
312 91
1041 92
1616 93
649 94
1840 95
3017 96
1176 97
2699 98
2503 99
277 100
1555 101
3051 102
1824 103
482 104
2938 105
314 106
462 107
2630 108
2236 109
3216 110
2764 111
2050 112
248 113
2577 114
3266 115
762 116
1458 117
1668 118
2193 119
1137 120
3381 121
2399 122
2394 123
2249 124
924 125
3358 126
2987 127
2705 128
1163 129
563 130
3003 131
728 132
2864 133
1353 134
483 135
3002 136
2911 137
2050 138
3106 139
678 140
1136 141
544 142
1715 143
601 144
2556 145
898 146
653 147
2565 148
1102 149
2992 150
2443 151
607 152
1783 153
1737 154
1434 155
552 156
866 157
1654 158
83 159
2455 160
3496 161
1656 162
322 163
2465 164
2881 165
2318 166
28 167
1156 168
1037 169
2875 170
2428 171
3239 172
1405 173
1526 174
1051 175
318 176
1872 177
1817 178
1388 179
1403 180
556 181
180 182
2700 183
1721 184
1316 185
3411 186
882 187
3310 188
1123 189
3113 190
720 191
1571 192
84 193
417 194
2448 195
667 196
1261 197
3413 198
3114 199
2885 200
2064 201
2028 202
3355 203
246 204
2665 205
295 206
2622 207
239 208
1597 209
2303 210
3290 211
1501 212
3403 213
2143 214
2598 215
2998 216
514 217
1710 218
498 219
817 220
708 221
1906 222
950 223
3321 224
2504 225
2533 226
457 227
2577 228
2774 229
445 230
555 231
101 232
3317 233
2836 234
3149 235
2643 236
947 237
3267 238
2619 239
2260 240
2622 241
3179 242
1661 243
903 244
828 245
1690 246
986 247
2423 248
3418 249
757 250
3473 251
1245 252
230 253
56 254
268 255
597 256
806 257
642 258
1804 259
1571 260
3440 261
690 262
2446 263
397 264
587 265
3285 266
2404 267
1843 268
1946 269
3070 270
381 271
2690 272
909 273
2284 274
1319 275
2436 276
3083 277
2509 278
3483 279
217 280
175 281
1315 282
2187 283
707 284
2109 285
1940 286
1420 287
2353 288
400 289
820 290
2971 291
2404 292
3486 293
1186 294
1447 295
2340 296
12 297
803 298
1157 299
683 300
900 301
1345 302
504 303
2765 304
953 305
1439 306
2885 307
1240 308
2458 309
3326 310
1675 311
3288 312
2292 313
876 314
2030 315
2870 316
179 317
943 318
2581 319
76 320
836 321
3259 322
2431 323
2426 324
1320 325
2485 326
353 327
258 328
945 329
3089 330
1705 331
2200 332
2582 333
3379 334
1843 335
2605 336
2039 337
116 338
2957 339
2328 340
2194 341
1723 342
2281 343
3320 344
2921 345
1860 346
411 347
1612 348
2351 349
