450 500
3770 0
64 1
3330 2
400 3
455 4
3049 5
3029 6
3662 7
882 8
1372 9
2152 10
2842 11
112 12
1413 13
4148 14
3129 15
807 16
553 17
996 18
3743 19
3131 20
2501 21
3021 22
3761 23
1528 24
3877 25
222 26
406 27
4018 28
3770 29
1221 30
1384 31
3620 32
1594 33
4350 34
737 35
479 36
4068 37
4359 38
3906 39
3399 40
699 41
1106 42
1844 43
1093 44
2375 45
2941 46
1068 47
4187 48
3713 49
3173 50
2050 51
4158 52
960 53
4257 54
709 55
3791 56
1824 57
1876 58
168 59
2336 60
2334 61
2595 62
4186 63
3717 64
1391 65
1834 66
951 67
645 68
4295 69
2046 70
25 71
2080 72
2052 73
2673 74
2333 75
3893 76
3358 77
4144 78
2240 79
2445 80
886 81
594 82
1457 83
959 84
866 85
964 86
2860 87
1372 88
977 89
1364 90
1446 91
2016 92
1313 93
1174 94
4288 95
216 96
305 97
658 98
1877 99
2097 100
1184 101
2166 102
795 103
73 104
2075 105
1874 106
3672 107
777 108
1612 109
3921 110
952 111
2179 112
1787 113
257 114
1271 115
755 116
4241 117
3064 118
4014 119
242 120
3179 121
2537 122
3219 123
2577 124
2653 125
2573 126
4058 127
395 128
1030 129
2357 130
2576 131
3469 132
459 133
809 134
3480 135
3533 136
4429 137
3729 138
103 139
873 140
259 141
2175 142
1969 143
3297 144
3300 145
4454 146
2807 147
4443 148
22 149
2538 150
452 151
4302 152
2497 153
195 154
1920 155
4099 156
2645 157
1574 158
1490 159
2871 160
2013 161
233 162
1519 163
3591 164
3238 165
104 166
1520 167
4073 168
2750 169
2976 170
2332 171
1286 172
3659 173
2127 174
2945 175
4416 176
342 177
3615 178
724 179
880 180
3012 181
2255 182
3212 183
3116 184
4474 185
285 186
104 187
2151 188
1560 189
361 190
4287 191
244 192
4127 193
4429 194
4472 195
3012 196
401 197
120 198
3088 199
2390 200
4383 201
4302 202
2340 203
2841 204
4494 205
181 206
800 207
4000 208
3276 209
4292 210
1049 211
3112 212
4233 213
2011 214
2869 215
3134 216
1972 217
1722 218
3283 219
1183 220
352 221
161 222
2874 223
369 224
1907 225
2448 226
1059 227
2125 228
768 229
3101 230
1014 231
1863 232
4112 233
184 234
2567 235
2127 236
1348 237
4220 238
3786 239
3383 240
4133 241
2699 242
4338 243
4339 244
2829 245
45 246
2792 247
1151 248
854 249
2402 250
3842 251
2025 252
927 253
4123 254
3836 255
77 256
2101 257
3826 258
4372 259
1045 260
990 261
1573 262
1332 263
2888 264
2414 265
39 266
1830 267
4474 268
1238 269
1263 270
4002 271
2311 272
1682 273
364 274
1893 275
4052 276
1517 277
1779 278
3544 279
1938 280
1420 281
2246 282
2572 283
2841 284
396 285
1407 286
103 287
2434 288
4396 289
2386 290
996 291
3291 292
1958 293
1043 294
813 295
3567 296
1802 297
3674 298
1236 299
2530 300
1604 301
1645 302
1692 303
1322 304
178 305
2756 306
77 307
4292 308
1622 309
2542 310
1769 311
3400 312
675 313
1897 314
363 315
3106 316
1619 317
1195 318
2393 319
4364 320
1620 321
950 322
2355 323
1155 324
197 325
2863 326
2088 327
3658 328
2477 329
785 330
3311 331
1436 332
2838 333
4020 334
1418 335
1609 336
2825 337
4256 338
254 339
3313 340
69 341
2264 342
2321 343
872 344
3080 345
675 346
4291 347
3380 348
551 349
3956 350
2332 351
4441 352
2758 353
2442 354
3846 355
1384 356
279 357
843 358
4065 359
3378 360
1509 361
2061 362
3023 363
2721 364
366 365
972 366
3448 367
903 368
3035 369
4160 370
1525 371
4336 372
379 373
1302 374
286 375
482 376
1155 377
3722 378
1356 379
3396 380
3679 381
1508 382
185 383
4357 384
3897 385
3329 386
3636 387
3517 388
1282 389
96 390
2218 391
1694 392
3041 393
1520 394
1759 395
2111 396
3178 397
135 398
378 399
2212 400
2046 401
4081 402
4 403
2849 404
3424 405
3617 406
766 407
3271 408
3278 409
4177 410
1609 411
3985 412
3892 413
2655 414
2407 415
4337 416
2046 417
2663 418
4189 419
2386 420
403 421
3570 422
580 423
1306 424
528 425
4363 426
591 427
549 428
3533 429
3569 430
3930 431
3714 432
3230 433
4387 434
234 435
1367 436
762 437
1354 438
3506 439
4262 440
3113 441
1034 442
2316 443
2594 444
789 445
209 446
2467 447
2243 448
1542 449
