400 600
3060 0
3894 1
3178 2
2753 3
734 4
3520 5
217 6
507 7
2445 8
2368 9
2556 10
2212 11
2940 12
3687 13
1492 14
524 15
1102 16
1624 17
3581 18
2701 19
140 20
739 21
2972 22
1883 23
2203 24
582 25
2340 26
2456 27
3648 28
1621 29
3528 30
1881 31
1020 32
684 33
1016 34
619 35
3998 36
2226 37
2535 38
2784 39
731 40
1512 41
997 42
1402 43
3103 44
2926 45
275 46
1648 47
1597 48
1462 49
1785 50
3610 51
1706 52
3640 53
2462 54
3999 55
1798 56
3429 57
179 58
334 59
1334 60
1431 61
2313 62
2033 63
2008 64
2784 65
392 66
3541 67
297 68
1869 69
3639 70
3724 71
476 72
3203 73
424 74
590 75
632 76
2067 77
1366 78
1427 79
2859 80
2990 81
1118 82
2681 83
1672 84
3995 85
2973 86
524 87
3749 88
1769 89
3 90
2813 91
3175 92
250 93
1779 94
2339 95
1095 96
2165 97
2120 98
1417 99
2094 100
2969 101
1928 102
1426 103
1168 104
3650 105
127 106
1781 107
584 108
2425 109
1799 110
3369 111
1379 112
2242 113
3070 114
806 115
1581 116
2654 117
1638 118
121 119
2693 120
75 121
3786 122
1312 123
294 124
2365 125
2149 126
2595 127
573 128
604 129
1073 130
2684 131
3839 132
1752 133
1362 134
1959 135
3276 136
3057 137
3293 138
808 139
3832 140
2400 141
3679 142
587 143
1426 144
258 145
659 146
3995 147
3378 148
3598 149
1711 150
911 151
3440 152
3799 153
628 154
2398 155
3358 156
407 157
3760 158
552 159
671 160
3548 161
2534 162
923 163
1216 164
819 165
2676 166
1416 167
700 168
676 169
1294 170
3428 171
2265 172
426 173
3797 174
391 175
815 176
3019 177
2299 178
3525 179
1597 180
552 181
3756 182
3364 183
411 184
2240 185
576 186
3082 187
2390 188
3391 189
3630 190
2508 191
1504 192
3320 193
3208 194
3402 195
1196 196
1433 197
2282 198
1387 199
3480 200
2055 201
3627 202
1946 203
2627 204
3962 205
2075 206
1934 207
1943 208
3634 209
763 210
109 211
1076 212
2571 213
461 214
2453 215
491 216
1528 217
3424 218
1506 219
1046 220
2506 221
1634 222
3103 223
422 224
141 225
1505 226
3820 227
2235 228
3860 229
2595 230
857 231
3791 232
2010 233
3724 234
3668 235
149 236
1831 237
3952 238
1491 239
2946 240
3825 241
3017 242
2764 243
973 244
2789 245
3017 246
3718 247
2188 248
3375 249
737 250
3280 251
1146 252
1934 253
3884 254
2167 255
3684 256
339 257
2991 258
1742 259
43 260
3269 261
1148 262
1958 263
1937 264
480 265
2559 266
1094 267
3571 268
1156 269
3924 270
1897 271
233 272
429 273
366 274
2641 275
643 276
2963 277
3127 278
3127 279
3244 280
1493 281
2023 282
1756 283
854 284
111 285
3864 286
2670 287
897 288
166 289
867 290
3761 291
2376 292
66 293
2058 294
117 295
2385 296
582 297
152 298
2447 299
2246 300
3899 301
3778 302
3360 303
10 304
550 305
2396 306
734 307
1726 308
1171 309
2159 310
125 311
228 312
3103 313
739 314
2546 315
2423 316
3686 317
1940 318
679 319
3519 320
979 321
1309 322
1193 323
1722 324
389 325
1749 326
2478 327
2295 328
365 329
2089 330
1988 331
868 332
2506 333
2474 334
3254 335
1481 336
1659 337
2357 338
2133 339
3135 340
2120 341
3946 342
1417 343
1875 344
2972 345
3178 346
1302 347
2139 348
2357 349
2303 350
3210 351
494 352
1430 353
2232 354
935 355
750 356
136 357
3434 358
129 359
721 360
507 361
1330 362
237 363
218 364
1860 365
2928 366
1502 367
3101 368
3814 369
3078 370
77 371
3115 372
2776 373
2805 374
411 375
3723 376
2394 377
427 378
2244 379
2649 380
3450 381
2567 382
2385 383
3236 384
2123 385
986 386
3033 387
1386 388
287 389
2418 390
3648 391
1239 392
1739 393
2830 394
3998 395
1008 396
2996 397
3616 398
3827 399
