400 900
1521 0
958 1
3024 2
2924 3
1314 4
3069 5
2941 6
2258 7
536 8
346 9
3979 10
2798 11
1947 12
395 13
522 14
1019 15
1800 16
650 17
917 18
896 19
3088 20
1999 21
2184 22
1353 23
2600 24
2023 25
262 26
2404 27
611 28
543 29
918 30
2158 31
2671 32
1378 33
2772 34
1346 35
3938 36
654 37
3920 38
2257 39
3394 40
1882 41
1377 42
1547 43
2108 44
2904 45
2561 46
726 47
27 48
3267 49
3333 50
3610 51
931 52
1942 53
1859 54
2112 55
814 56
402 57
2802 58
1777 59
1342 60
2860 61
1630 62
787 63
1119 64
2418 65
1777 66
1948 67
1082 68
396 69
3324 70
2320 71
2619 72
3359 73
2684 74
2779 75
627 76
564 77
1468 78
3504 79
2789 80
2861 81
1778 82
1344 83
1695 84
2192 85
2258 86
1353 87
2556 88
3258 89
2564 90
1 91
1384 92
3170 93
33 94
2433 95
1347 96
1624 97
983 98
2426 99
1933 100
3433 101
3918 102
1431 103
1300 104
3100 105
142 106
260 107
1138 108
2006 109
2069 110
1632 111
2026 112
503 113
1923 114
930 115
2479 116
2416 117
945 118
3786 119
2913 120
726 121
3433 122
3422 123
3332 124
2599 125
815 126
2043 127
3280 128
1208 129
2871 130
3753 131
2183 132
193 133
3829 134
2579 135
929 136
2969 137
2922 138
357 139
2871 140
2175 141
425 142
1921 143
2587 144
3362 145
516 146
1796 147
3742 148
3307 149
2436 150
919 151
2323 152
2873 153
1789 154
3985 155
2428 156
1697 157
120 158
384 159
1872 160
2748 161
3467 162
2007 163
3989 164
1826 165
2450 166
3249 167
430 168
247 169
2234 170
2375 171
3682 172
2082 173
782 174
3850 175
3591 176
3090 177
661 178
541 179
862 180
2717 181
2028 182
939 183
3547 184
59 185
2256 186
3373 187
1682 188
444 189
767 190
3100 191
2693 192
2118 193
97 194
879 195
671 196
2424 197
601 198
3292 199
2898 200
2117 201
746 202
673 203
653 204
2603 205
2434 206
3624 207
214 208
1206 209
3 210
2919 211
2391 212
2375 213
3167 214
2588 215
2076 216
1163 217
3956 218
3713 219
1178 220
2584 221
2786 222
1274 223
1704 224
3146 225
2802 226
3328 227
157 228
892 229
175 230
711 231
1748 232
1003 233
1107 234
1129 235
3220 236
178 237
712 238
3820 239
3496 240
2678 241
1416 242
1250 243
55 244
3434 245
1104 246
3770 247
1810 248
451 249
3762 250
3852 251
3943 252
2929 253
3433 254
2434 255
2870 256
1485 257
1675 258
2379 259
2574 260
303 261
1379 262
2392 263
1935 264
1636 265
212 266
1593 267
3561 268
456 269
879 270
1132 271
3976 272
1161 273
3878 274
3281 275
425 276
1999 277
1708 278
3877 279
3265 280
654 281
2712 282
3005 283
1728 284
1552 285
669 286
31 287
378 288
1058 289
1665 290
2837 291
11 292
1677 293
1227 294
3287 295
2711 296
795 297
187 298
166 299
3291 300
3853 301
592 302
587 303
2774 304
3660 305
648 306
1191 307
1652 308
2609 309
419 310
2331 311
1709 312
2686 313
1764 314
2874 315
2576 316
2918 317
2363 318
1786 319
471 320
3734 321
3743 322
2721 323
2867 324
2788 325
349 326
3802 327
1877 328
1704 329
3466 330
286 331
2213 332
1874 333
125 334
2849 335
3298 336
1094 337
2904 338
2253 339
500 340
1937 341
3048 342
347 343
3497 344
1741 345
3007 346
821 347
1829 348
2349 349
641 350
2522 351
312 352
2415 353
1327 354
1410 355
3026 356
1957 357
3276 358
645 359
3894 360
3952 361
2187 362
41 363
2081 364
2309 365
2394 366
3226 367
3583 368
3709 369
2470 370
3824 371
3291 372
245 373
215 374
2514 375
1445 376
1401 377
1581 378
755 379
2531 380
3201 381
3001 382
2332 383
3980 384
1875 385
564 386
736 387
3815 388
1110 389
1450 390
553 391
224 392
1243 393
256 394
3827 395
3197 396
3297 397
1771 398
3998 399
