450 550
1329 0
980 1
3219 2
1778 3
1197 4
4475 5
2930 6
2503 7
3562 8
1469 9
716 10
3802 11
2669 12
3049 13
4162 14
624 15
1409 16
3535 17
860 18
1826 19
1189 20
2582 21
2338 22
3098 23
3510 24
138 25
633 26
1400 27
3912 28
3773 29
896 30
4003 31
4270 32
4360 33
439 34
2 35
2358 36
4277 37
3977 38
2511 39
81 40
3471 41
2015 42
3270 43
1967 44
978 45
433 46
517 47
3694 48
2085 49
2128 50
2593 51
2277 52
1709 53
4481 54
4096 55
420 56
3850 57
3803 58
1645 59
1035 60
3804 61
408 62
2036 63
2425 64
1152 65
3924 66
3839 67
1257 68
2312 69
4226 70
3275 71
3029 72
1446 73
2389 74
1641 75
638 76
3496 77
1970 78
927 79
2879 80
2586 81
1844 82
3315 83
3294 84
2883 85
3894 86
352 87
2079 88
3317 89
780 90
2682 91
3699 92
4314 93
1934 94
2895 95
2753 96
2256 97
3101 98
2344 99
482 100
3991 101
3304 102
1192 103
956 104
2796 105
4207 106
2066 107
3180 108
578 109
1503 110
3014 111
900 112
4311 113
214 114
962 115
2842 116
1149 117
787 118
3491 119
222 120
2625 121
3970 122
1539 123
3281 124
3092 125
1384 126
3659 127
1006 128
1199 129
254 130
3400 131
2153 132
3100 133
2937 134
2344 135
2762 136
2094 137
1851 138
1915 139
2745 140
3843 141
1946 142
2291 143
1866 144
2353 145
4285 146
2872 147
1067 148
981 149
789 150
1554 151
4445 152
4155 153
4017 154
3535 155
102 156
216 157
2642 158
1611 159
906 160
618 161
2080 162
1466 163
2211 164
3622 165
3187 166
2832 167
1290 168
2937 169
2946 170
2440 171
3835 172
3228 173
3983 174
4024 175
4256 176
1751 177
3123 178
3220 179
804 180
3568 181
1151 182
791 183
669 184
3324 185
1800 186
393 187
1559 188
986 189
2591 190
397 191
3134 192
1703 193
665 194
977 195
2920 196
1217 197
766 198
4108 199
2176 200
2786 201
2039 202
3432 203
2797 204
2533 205
4211 206
275 207
2033 208
1105 209
254 210
3861 211
1767 212
2984 213
3773 214
4275 215
2699 216
3053 217
449 218
714 219
2484 220
4141 221
843 222
2523 223
1812 224
4057 225
3795 226
4127 227
4248 228
157 229
3549 230
1030 231
3992 232
1123 233
3179 234
395 235
744 236
4320 237
3601 238
2642 239
1767 240
1740 241
1583 242
1809 243
3572 244
51 245
1480 246
4190 247
2438 248
2544 249
709 250
3654 251
1435 252
3565 253
4446 254
4487 255
509 256
2373 257
2377 258
2678 259
1450 260
2886 261
2392 262
1638 263
2205 264
3119 265
1330 266
4014 267
123 268
419 269
890 270
984 271
3541 272
2629 273
2203 274
1241 275
3692 276
2204 277
433 278
2249 279
3261 280
823 281
3690 282
3926 283
1700 284
946 285
3909 286
366 287
2895 288
3354 289
1384 290
687 291
1539 292
1101 293
3983 294
1243 295
1021 296
3068 297
3984 298
1269 299
1059 300
2628 301
2346 302
2713 303
2622 304
2453 305
2911 306
903 307
4359 308
2627 309
1511 310
1309 311
1916 312
4287 313
3636 314
1714 315
3532 316
61 317
351 318
93 319
214 320
1089 321
1983 322
789 323
529 324
4056 325
1962 326
843 327
4473 328
931 329
593 330
4472 331
3101 332
3964 333
1936 334
1727 335
1513 336
2581 337
2530 338
2164 339
2345 340
708 341
2960 342
2043 343
192 344
649 345
931 346
2067 347
3104 348
4461 349
1610 350
1590 351
2156 352
703 353
4216 354
3448 355
4147 356
4402 357
239 358
2327 359
2217 360
2564 361
1641 362
2643 363
818 364
2337 365
1452 366
268 367
3264 368
2417 369
3301 370
1402 371
4406 372
4042 373
290 374
4176 375
104 376
995 377
3643 378
3779 379
111 380
2485 381
1467 382
136 383
362 384
663 385
2212 386
1694 387
2963 388
4465 389
3767 390
599 391
3078 392
1137 393
1761 394
1612 395
3006 396
3121 397
3576 398
352 399
819 400
2405 401
1959 402
1335 403
4082 404
4016 405
3725 406
1699 407
1710 408
3449 409
1449 410
116 411
2316 412
548 413
4006 414
3221 415
2892 416
2470 417
204 418
2891 419
462 420
4100 421
1180 422
1137 423
3710 424
3539 425
2691 426
2209 427
4204 428
2522 429
1538 430
1736 431
1893 432
2516 433
899 434
1098 435
2584 436
2265 437
1409 438
188 439
1903 440
2632 441
1205 442
3450 443
3733 444
4215 445
4073 446
1602 447
1522 448
1062 449
