400 150
3128 0
35 1
1302 2
2389 3
2562 4
2333 5
1513 6
2626 7
2226 8
3086 9
1909 10
2313 11
2488 12
3354 13
2060 14
2074 15
682 16
1532 17
3251 18
1813 19
1049 20
421 21
509 22
3956 23
512 24
2851 25
3283 26
3006 27
3090 28
3172 29
3223 30
551 31
3013 32
3666 33
313 34
1159 35
1569 36
1049 37
2731 38
1167 39
967 40
1897 41
2894 42
2279 43
1747 44
1289 45
87 46
1211 47
841 48
1849 49
326 50
572 51
156 52
3208 53
2048 54
2051 55
1624 56
2009 57
664 58
3087 59
827 60
1774 61
1032 62
601 63
1067 64
3029 65
2753 66
3634 67
1584 68
1346 69
1832 70
1262 71
2390 72
772 73
548 74
844 75
3318 76
1259 77
1730 78
3105 79
55 80
2807 81
2245 82
3884 83
3103 84
1 85
3237 86
2354 87
3094 88
3691 89
3196 90
2748 91
506 92
2189 93
2061 94
3211 95
1511 96
1065 97
3607 98
914 99
3219 100
1217 101
2945 102
434 103
1521 104
3418 105
229 106
845 107
2632 108
2650 109
732 110
2896 111
1247 112
3870 113
2758 114
1932 115
1077 116
653 117
2880 118
772 119
2925 120
622 121
2656 122
2083 123
432 124
544 125
2410 126
1306 127
3833 128
1387 129
3047 130
3672 131
1572 132
1886 133
2124 134
2209 135
2942 136
2300 137
403 138
3354 139
2949 140
298 141
1468 142
934 143
2025 144
3459 145
809 146
1110 147
3298 148
3413 149
3219 150
672 151
2978 152
1764 153
3698 154
1335 155
3169 156
939 157
381 158
290 159
396 160
23 161
765 162
857 163
2739 164
3767 165
3650 166
428 167
3900 168
822 169
2369 170
2986 171
133 172
1204 173
2708 174
1495 175
1382 176
501 177
593 178
3916 179
2617 180
200 181
1086 182
3910 183
3956 184
1975 185
2916 186
1974 187
510 188
3229 189
766 190
2849 191
910 192
3209 193
3059 194
778 195
1809 196
2360 197
2793 198
659 199
3319 200
1377 201
1173 202
1894 203
3292 204
356 205
644 206
2303 207
124 208
2290 209
302 210
2338 211
552 212
3763 213
1864 214
1109 215
1981 216
2998 217
2123 218
918 219
72 220
1820 221
2152 222
1345 223
3101 224
3488 225
3956 226
1043 227
794 228
3678 229
3346 230
790 231
1393 232
327 233
709 234
821 235
3805 236
2497 237
1391 238
3150 239
115 240
1677 241
3864 242
3030 243
3776 244
1557 245
2042 246
1224 247
335 248
2576 249
847 250
3120 251
3283 252
2900 253
304 254
2338 255
1500 256
3739 257
3856 258
949 259
3738 260
779 261
3123 262
2602 263
1748 264
3400 265
3475 266
38 267
1829 268
2640 269
2171 270
3970 271
3586 272
3655 273
2888 274
2242 275
1601 276
2486 277
3465 278
566 279
278 280
775 281
3704 282
1368 283
2403 284
2830 285
3103 286
120 287
558 288
2979 289
3090 290
3270 291
1146 292
241 293
101 294
2923 295
363 296
1583 297
3835 298
2310 299
552 300
2475 301
3665 302
598 303
3820 304
99 305
3295 306
2076 307
3267 308
2324 309
2139 310
2292 311
2276 312
637 313
2744 314
3342 315
3954 316
1286 317
1995 318
1138 319
2259 320
2883 321
1119 322
2783 323
564 324
3059 325
3511 326
1730 327
1555 328
787 329
718 330
3404 331
3522 332
107 333
663 334
2877 335
140 336
3000 337
878 338
3037 339
287 340
2868 341
649 342
1451 343
994 344
920 345
2234 346
2717 347
1830 348
937 349
1419 350
86 351
2047 352
1402 353
395 354
3258 355
183 356
1156 357
138 358
2877 359
1478 360
3786 361
732 362
2885 363
2262 364
2780 365
2859 366
3242 367
3591 368
1183 369
917 370
2395 371
3170 372
329 373
459 374
3400 375
1713 376
1464 377
776 378
1214 379
2922 380
3087 381
654 382
2878 383
533 384
3876 385
1066 386
3221 387
2742 388
764 389
363 390
762 391
408 392
2892 393
2704 394
3961 395
3519 396
1227 397
3549 398
1453 399
