400 500
1524 0
705 1
2295 2
576 3
751 4
1522 5
3028 6
1069 7
2290 8
81 9
2351 10
3264 11
3117 12
1308 13
921 14
2762 15
2928 16
1265 17
269 18
2626 19
1506 20
919 21
1998 22
465 23
2176 24
1638 25
2024 26
1810 27
2195 28
1116 29
1043 30
3120 31
2643 32
2239 33
419 34
1187 35
1200 36
3123 37
95 38
1424 39
2617 40
1427 41
1972 42
43 43
2202 44
2685 45
2699 46
1791 47
3257 48
1517 49
2885 50
176 51
586 52
3576 53
2628 54
3855 55
1026 56
3064 57
2903 58
3434 59
1218 60
1932 61
1693 62
72 63
318 64
3002 65
2845 66
2505 67
1655 68
3517 69
316 70
2793 71
865 72
3242 73
1718 74
3769 75
576 76
3620 77
2954 78
3245 79
68 80
3868 81
558 82
2058 83
3155 84
854 85
2223 86
3182 87
579 88
1608 89
291 90
553 91
3422 92
137 93
2526 94
542 95
1452 96
2505 97
3013 98
523 99
1270 100
3281 101
758 102
445 103
2334 104
1756 105
2317 106
1138 107
880 108
1453 109
72 110
1727 111
2446 112
1130 113
614 114
2197 115
137 116
3109 117
2482 118
2628 119
3330 120
1456 121
3025 122
3304 123
2408 124
575 125
2558 126
2990 127
1933 128
2685 129
2145 130
844 131
2920 132
1884 133
2904 134
2630 135
3134 136
339 137
1598 138
3032 139
2094 140
1278 141
2672 142
1095 143
857 144
3113 145
3002 146
1759 147
3427 148
2539 149
3436 150
1616 151
713 152
1578 153
2243 154
1902 155
2949 156
2188 157
3105 158
472 159
1911 160
2306 161
3272 162
3731 163
118 164
3270 165
2693 166
2847 167
1880 168
3748 169
3488 170
1195 171
3458 172
1943 173
2826 174
306 175
2339 176
218 177
3280 178
2005 179
1964 180
3799 181
55 182
2141 183
1041 184
3924 185
3362 186
3471 187
3625 188
3297 189
742 190
1212 191
2249 192
1184 193
3733 194
3134 195
1711 196
2966 197
2923 198
2687 199
1945 200
3441 201
667 202
2596 203
2211 204
3585 205
809 206
3255 207
1966 208
3952 209
3940 210
2834 211
920 212
468 213
157 214
3338 215
254 216
295 217
1036 218
452 219
3687 220
514 221
1881 222
1321 223
1230 224
3839 225
3292 226
1822 227
2401 228
357 229
3026 230
1673 231
2737 232
2211 233
2348 234
3103 235
1393 236
2967 237
674 238
3569 239
1242 240
515 241
702 242
3045 243
1376 244
2949 245
1201 246
1124 247
3670 248
3799 249
2387 250
1457 251
868 252
2454 253
140 254
471 255
2525 256
239 257
1390 258
3195 259
3973 260
3681 261
2226 262
1399 263
2951 264
2015 265
2447 266
466 267
3938 268
1285 269
2315 270
1736 271
1211 272
2879 273
3656 274
3565 275
215 276
2967 277
1960 278
2822 279
1363 280
529 281
3202 282
1992 283
1453 284
2228 285
2785 286
3410 287
1218 288
557 289
3015 290
2404 291
520 292
545 293
516 294
2148 295
3029 296
910 297
1261 298
1388 299
1088 300
306 301
2163 302
1912 303
229 304
2302 305
151 306
642 307
3525 308
2043 309
1650 310
637 311
3128 312
2357 313
618 314
2244 315
626 316
394 317
2649 318
2601 319
1495 320
428 321
3448 322
3854 323
2992 324
320 325
3776 326
1524 327
723 328
2218 329
2390 330
2541 331
1579 332
1505 333
616 334
3177 335
1301 336
3701 337
2564 338
2796 339
3388 340
942 341
2591 342
1141 343
1335 344
367 345
757 346
119 347
2540 348
1791 349
3672 350
168 351
565 352
2017 353
3330 354
1048 355
114 356
1410 357
3657 358
3685 359
487 360
586 361
1436 362
119 363
2737 364
654 365
510 366
735 367
3187 368
2230 369
1391 370
232 371
2720 372
301 373
34 374
3762 375
2041 376
3578 377
409 378
2568 379
3453 380
498 381
1336 382
2289 383
2879 384
976 385
420 386
1458 387
3128 388
3447 389
2234 390
3028 391
2693 392
800 393
2740 394
2035 395
1575 396
3146 397
2162 398
2826 399
