450 1450
548 0
989 1
2299 2
4407 3
207 4
2010 5
612 6
345 7
4051 8
2505 9
4090 10
125 11
3274 12
3327 13
3325 14
3723 15
4397 16
3307 17
737 18
777 19
3059 20
249 21
420 22
2263 23
2735 24
1047 25
880 26
3835 27
2705 28
2082 29
1837 30
1206 31
2527 32
1247 33
1820 34
3150 35
1499 36
1288 37
2293 38
3076 39
4214 40
942 41
889 42
1177 43
3482 44
2529 45
3635 46
3590 47
3114 48
781 49
1238 50
2698 51
1521 52
681 53
3337 54
3875 55
1109 56
4328 57
1836 58
3129 59
387 60
3852 61
671 62
602 63
2888 64
956 65
3551 66
3877 67
775 68
1096 69
3644 70
2157 71
2216 72
586 73
2003 74
1644 75
3778 76
2314 77
110 78
4335 79
2197 80
333 81
2045 82
2491 83
193 84
285 85
937 86
3943 87
870 88
1281 89
3503 90
3953 91
3698 92
4317 93
3495 94
2657 95
2859 96
2369 97
4295 98
3762 99
2899 100
2535 101
2069 102
2071 103
2153 104
2255 105
2941 106
3368 107
4138 108
879 109
587 110
1227 111
1433 112
4010 113
471 114
4298 115
259 116
1865 117
3938 118
1621 119
4119 120
4463 121
4086 122
1107 123
3007 124
3955 125
1155 126
1550 127
841 128
3620 129
3697 130
2078 131
3778 132
1785 133
274 134
4118 135
278 136
3791 137
2615 138
179 139
556 140
1229 141
3817 142
347 143
1949 144
628 145
2359 146
2447 147
1568 148
2323 149
3582 150
381 151
2828 152
2635 153
1469 154
2421 155
2190 156
1790 157
4062 158
1147 159
3663 160
4069 161
898 162
1705 163
2538 164
1046 165
73 166
1627 167
3524 168
3905 169
3250 170
1961 171
2937 172
1065 173
1543 174
1492 175
2681 176
4348 177
4071 178
684 179
3360 180
3510 181
2872 182
4235 183
1001 184
3589 185
1083 186
3159 187
3803 188
274 189
3966 190
2200 191
1327 192
3121 193
339 194
1993 195
69 196
3709 197
786 198
1741 199
3810 200
535 201
1931 202
1573 203
4230 204
465 205
1709 206
2073 207
1382 208
1745 209
3909 210
2740 211
2334 212
1772 213
648 214
576 215
4149 216
2979 217
2549 218
779 219
2905 220
2836 221
1058 222
1340 223
257 224
1544 225
160 226
4036 227
3247 228
342 229
3065 230
1353 231
2624 232
3558 233
3014 234
2288 235
3241 236
1347 237
1225 238
1501 239
3936 240
2854 241
2508 242
2418 243
1409 244
30 245
4316 246
2250 247
3979 248
1973 249
2852 250
3509 251
1947 252
2730 253
1862 254
3952 255
2162 256
2828 257
4360 258
1562 259
348 260
1735 261
3622 262
4066 263
1089 264
3730 265
184 266
2524 267
2429 268
840 269
2284 270
2494 271
3907 272
3408 273
1548 274
362 275
1034 276
1815 277
1638 278
2102 279
397 280
3546 281
3759 282
4099 283
3312 284
583 285
3988 286
2650 287
4259 288
4444 289
691 290
3374 291
4063 292
1886 293
2552 294
901 295
1588 296
4118 297
1906 298
4390 299
1533 300
338 301
3283 302
2352 303
3480 304
558 305
888 306
3076 307
1561 308
1354 309
2593 310
1075 311
4325 312
1355 313
1365 314
465 315
1881 316
2361 317
2752 318
2938 319
3574 320
4357 321
546 322
2052 323
410 324
1872 325
3084 326
352 327
3016 328
2585 329
267 330
2309 331
3288 332
3540 333
3845 334
374 335
1935 336
754 337
2493 338
4245 339
3653 340
3555 341
916 342
2851 343
2692 344
3186 345
1783 346
599 347
3833 348
219 349
3573 350
1434 351
2250 352
345 353
28 354
484 355
595 356
3692 357
3935 358
2079 359
3484 360
3064 361
2438 362
1039 363
1603 364
2650 365
3508 366
820 367
2890 368
2940 369
4316 370
1935 371
1011 372
3729 373
2224 374
2143 375
636 376
2161 377
3627 378
1413 379
867 380
3798 381
2239 382
1366 383
1034 384
2490 385
1381 386
1301 387
585 388
2200 389
3481 390
1255 391
4421 392
2698 393
1059 394
798 395
3000 396
3753 397
3440 398
3927 399
1380 400
3403 401
492 402
2120 403
3268 404
3365 405
3552 406
4161 407
4265 408
3425 409
3487 410
2039 411
2561 412
3998 413
3265 414
3911 415
2997 416
1918 417
3560 418
2022 419
1602 420
695 421
1393 422
3689 423
442 424
766 425
3120 426
1655 427
3850 428
75 429
3294 430
3007 431
3369 432
4287 433
1558 434
3470 435
146 436
2634 437
3162 438
86 439
2007 440
4370 441
3880 442
722 443
1244 444
2645 445
3069 446
2256 447
399 448
3683 449
