450 700
382 0
408 1
4042 2
4347 3
584 4
3074 5
3201 6
51 7
3797 8
1922 9
2821 10
477 11
1374 12
374 13
921 14
2192 15
497 16
714 17
107 18
2993 19
2304 20
2820 21
2516 22
2131 23
1046 24
2165 25
2023 26
3415 27
4111 28
4345 29
1625 30
714 31
563 32
1063 33
1297 34
1935 35
4493 36
1611 37
1415 38
1020 39
942 40
3909 41
3863 42
1773 43
2038 44
1651 45
2194 46
4114 47
322 48
652 49
2367 50
2916 51
316 52
3252 53
308 54
3383 55
3113 56
2383 57
4235 58
4237 59
831 60
70 61
936 62
3651 63
2735 64
3388 65
2786 66
279 67
1977 68
2329 69
1662 70
2401 71
1588 72
145 73
2317 74
1262 75
901 76
3422 77
3114 78
3342 79
701 80
2740 81
4337 82
2411 83
1003 84
4411 85
1636 86
2577 87
542 88
907 89
2899 90
3852 91
1453 92
1213 93
1673 94
4011 95
4118 96
2871 97
1821 98
1983 99
2095 100
4139 101
940 102
1973 103
3150 104
4449 105
39 106
3774 107
2996 108
3948 109
3697 110
1507 111
2521 112
857 113
2975 114
4157 115
1787 116
1937 117
3581 118
2867 119
757 120
2154 121
3578 122
4067 123
3050 124
1675 125
2221 126
275 127
1584 128
1325 129
1696 130
2898 131
3929 132
4261 133
1071 134
3507 135
2446 136
272 137
3834 138
81 139
807 140
3635 141
904 142
3672 143
2331 144
3460 145
733 146
1503 147
820 148
1390 149
1444 150
3121 151
2654 152
2316 153
3184 154
3526 155
2503 156
3821 157
1625 158
620 159
3417 160
1406 161
3211 162
345 163
909 164
568 165
3110 166
2713 167
945 168
2989 169
1029 170
4111 171
463 172
2555 173
1208 174
2345 175
225 176
2533 177
1909 178
2431 179
2017 180
495 181
4308 182
3367 183
772 184
202 185
3966 186
1880 187
809 188
766 189
977 190
7 191
3393 192
4464 193
2043 194
3213 195
655 196
2443 197
869 198
1911 199
395 200
1788 201
4376 202
4001 203
2151 204
2451 205
611 206
3872 207
1178 208
2475 209
1529 210
1280 211
1720 212
2571 213
2148 214
4243 215
2192 216
1520 217
429 218
2711 219
188 220
971 221
1642 222
1045 223
3839 224
3942 225
3850 226
588 227
2904 228
1816 229
2277 230
1249 231
685 232
2315 233
843 234
1581 235
2884 236
944 237
989 238
4010 239
704 240
1208 241
2500 242
388 243
588 244
2337 245
3133 246
1957 247
263 248
501 249
2182 250
2690 251
2532 252
2862 253
1419 254
4301 255
2106 256
3689 257
1642 258
3188 259
1586 260
3816 261
3555 262
2131 263
3312 264
3837 265
4202 266
3933 267
2001 268
896 269
3087 270
204 271
810 272
2888 273
2106 274
2812 275
2263 276
2726 277
3318 278
67 279
2042 280
2373 281
1758 282
3309 283
1985 284
2602 285
229 286
1293 287
4286 288
3678 289
3573 290
893 291
3915 292
3295 293
4150 294
2277 295
1889 296
2744 297
4212 298
481 299
865 300
3690 301
2200 302
2092 303
2739 304
1794 305
340 306
1435 307
2050 308
533 309
1771 310
3422 311
1691 312
3245 313
886 314
1702 315
4411 316
1313 317
1338 318
1197 319
3637 320
3978 321
1248 322
150 323
271 324
326 325
3190 326
1033 327
3610 328
1755 329
1746 330
4157 331
93 332
3626 333
1649 334
3994 335
196 336
3532 337
3694 338
4354 339
3756 340
175 341
2197 342
2927 343
2416 344
1005 345
3568 346
1271 347
1966 348
376 349
1607 350
2435 351
2419 352
2788 353
1720 354
405 355
3698 356
2534 357
4107 358
663 359
2416 360
3280 361
579 362
2306 363
3528 364
825 365
3383 366
3422 367
2119 368
3707 369
1253 370
490 371
87 372
1590 373
3710 374
237 375
1112 376
4017 377
2257 378
2599 379
3412 380
3120 381
583 382
3347 383
437 384
1347 385
2535 386
1908 387
3952 388
917 389
1984 390
451 391
1791 392
253 393
1837 394
4065 395
1593 396
1090 397
2924 398
1804 399
3971 400
3246 401
458 402
760 403
4433 404
116 405
4125 406
2858 407
335 408
1910 409
2064 410
3497 411
1664 412
1215 413
3959 414
4458 415
121 416
3062 417
1601 418
3709 419
3440 420
484 421
3365 422
4093 423
1021 424
4411 425
407 426
1624 427
1633 428
2215 429
581 430
3884 431
2414 432
146 433
451 434
2259 435
3624 436
1783 437
2504 438
448 439
1299 440
3991 441
3583 442
3402 443
1047 444
1378 445
3728 446
404 447
1750 448
147 449
