400 1250
514 0
2113 1
779 2
305 3
2415 4
3106 5
423 6
1594 7
885 8
3589 9
2071 10
444 11
2967 12
2423 13
3625 14
1342 15
1995 16
2934 17
137 18
2613 19
2111 20
1488 21
2494 22
1841 23
2559 24
2973 25
1083 26
3571 27
3510 28
3165 29
2323 30
2213 31
3924 32
2805 33
3041 34
1019 35
475 36
3997 37
2109 38
3438 39
592 40
3113 41
1641 42
2646 43
1379 44
75 45
3898 46
69 47
1862 48
2280 49
1806 50
572 51
1142 52
2650 53
2849 54
2793 55
1287 56
3057 57
387 58
628 59
3781 60
3365 61
884 62
2555 63
3155 64
2115 65
2582 66
2557 67
3448 68
1583 69
3821 70
3997 71
3377 72
2331 73
723 74
3759 75
582 76
2758 77
2267 78
3968 79
3699 80
1924 81
629 82
2336 83
3536 84
177 85
1585 86
2350 87
264 88
830 89
1083 90
321 91
1404 92
3542 93
142 94
347 95
1144 96
146 97
1974 98
2182 99
3680 100
1946 101
1644 102
2102 103
2072 104
3683 105
3958 106
1680 107
3265 108
2995 109
1725 110
1437 111
239 112
1988 113
3832 114
3947 115
3950 116
781 117
3443 118
3282 119
1278 120
3917 121
1515 122
419 123
850 124
3969 125
3068 126
2871 127
1672 128
1175 129
531 130
3230 131
3510 132
791 133
3153 134
3012 135
868 136
1759 137
1037 138
1870 139
2223 140
821 141
3680 142
971 143
1802 144
1982 145
3069 146
3738 147
3877 148
2329 149
2806 150
1309 151
3610 152
3617 153
3745 154
3009 155
2432 156
1127 157
448 158
1750 159
1501 160
3866 161
3957 162
1308 163
2157 164
1964 165
2162 166
394 167
3152 168
1193 169
1868 170
2004 171
135 172
3411 173
3296 174
662 175
3032 176
2099 177
3676 178
3270 179
2811 180
2187 181
1611 182
3045 183
2656 184
3046 185
903 186
798 187
3957 188
3544 189
2651 190
591 191
198 192
3422 193
1070 194
2432 195
207 196
3388 197
3459 198
3959 199
1521 200
3677 201
2730 202
1531 203
1322 204
849 205
2680 206
2252 207
3815 208
3611 209
3571 210
1110 211
1615 212
2758 213
38 214
317 215
3277 216
3110 217
2972 218
3248 219
2283 220
2987 221
3886 222
2418 223
237 224
1357 225
2627 226
205 227
1954 228
2683 229
2869 230
1870 231
2178 232
1748 233
1008 234
3676 235
3790 236
3676 237
1936 238
1428 239
3802 240
1837 241
1238 242
143 243
1528 244
3887 245
314 246
3298 247
3241 248
1482 249
3115 250
1726 251
2168 252
208 253
3191 254
484 255
1496 256
3860 257
2504 258
1368 259
3908 260
1420 261
3298 262
1344 263
3012 264
3073 265
2268 266
2368 267
3274 268
3339 269
703 270
3657 271
1611 272
534 273
2210 274
2034 275
156 276
690 277
1308 278
2607 279
1011 280
1111 281
1804 282
2020 283
922 284
2857 285
2859 286
423 287
2900 288
3299 289
2642 290
714 291
3474 292
157 293
1740 294
1071 295
2721 296
3117 297
2452 298
3717 299
2137 300
2211 301
739 302
1823 303
597 304
3091 305
1968 306
472 307
2092 308
369 309
56 310
1562 311
2023 312
180 313
572 314
928 315
780 316
2661 317
1214 318
3401 319
2823 320
3710 321
3730 322
3203 323
3738 324
1666 325
238 326
58 327
126 328
2245 329
3450 330
2818 331
3791 332
615 333
240 334
866 335
3303 336
2850 337
2561 338
1475 339
2499 340
788 341
3868 342
2914 343
3794 344
1257 345
1671 346
3541 347
1237 348
3608 349
668 350
1640 351
1265 352
3839 353
3815 354
2742 355
1959 356
1541 357
1515 358
3713 359
151 360
2416 361
3593 362
2511 363
3670 364
690 365
130 366
2146 367
1276 368
475 369
309 370
1091 371
1613 372
620 373
3951 374
2142 375
2688 376
3587 377
1169 378
1209 379
3894 380
803 381
677 382
2382 383
1018 384
3003 385
695 386
2377 387
3479 388
2453 389
548 390
1457 391
1181 392
2943 393
127 394
2764 395
1908 396
1712 397
2691 398
347 399
