450 1650
376 0
3569 1
1507 2
3102 3
1188 4
1736 5
1335 6
2078 7
763 8
1318 9
1206 10
1542 11
4176 12
3810 13
3307 14
2567 15
1786 16
3328 17
1390 18
1633 19
1758 20
3395 21
2192 22
1149 23
2092 24
3964 25
4098 26
924 27
3402 28
2371 29
1086 30
2649 31
1817 32
2144 33
907 34
3502 35
2493 36
2098 37
3272 38
3457 39
1287 40
1413 41
1052 42
2859 43
3818 44
216 45
1202 46
468 47
2117 48
271 49
1711 50
507 51
2597 52
3492 53
3655 54
1061 55
1368 56
4045 57
2531 58
1232 59
3085 60
3843 61
3452 62
3664 63
178 64
413 65
956 66
554 67
135 68
4277 69
562 70
424 71
3662 72
3965 73
3008 74
2316 75
1227 76
3628 77
2520 78
3615 79
1704 80
3291 81
607 82
3985 83
210 84
3573 85
3845 86
1815 87
3334 88
1420 89
1398 90
578 91
866 92
306 93
3245 94
1311 95
3105 96
4172 97
2203 98
4270 99
2227 100
1622 101
866 102
2778 103
263 104
3058 105
3091 106
1986 107
1042 108
4463 109
3333 110
1956 111
728 112
567 113
1849 114
2999 115
3234 116
1388 117
787 118
2648 119
537 120
278 121
3340 122
4239 123
2268 124
2093 125
720 126
2519 127
30 128
1037 129
1520 130
3084 131
4315 132
1831 133
3530 134
3602 135
607 136
4401 137
1082 138
3067 139
2065 140
3993 141
2802 142
3835 143
4067 144
2688 145
1447 146
3403 147
4050 148
1668 149
2630 150
1981 151
3230 152
79 153
2476 154
945 155
597 156
311 157
2362 158
1583 159
348 160
156 161
484 162
1662 163
2223 164
1025 165
937 166
748 167
355 168
847 169
703 170
1471 171
1707 172
1624 173
1527 174
1326 175
918 176
3786 177
3869 178
1355 179
2587 180
1333 181
4444 182
4015 183
3963 184
4310 185
3255 186
344 187
2070 188
2897 189
432 190
3521 191
1151 192
1935 193
2036 194
2550 195
1677 196
272 197
2993 198
2489 199
4104 200
889 201
3363 202
2791 203
326 204
1761 205
423 206
1611 207
965 208
3685 209
3198 210
3065 211
442 212
2196 213
2807 214
4394 215
604 216
2788 217
3253 218
3555 219
1470 220
1733 221
2703 222
758 223
410 224
1650 225
786 226
1423 227
463 228
1040 229
2831 230
2498 231
3510 232
801 233
2989 234
1608 235
639 236
1211 237
1272 238
1977 239
864 240
4219 241
2503 242
2725 243
3497 244
2383 245
4409 246
4001 247
296 248
4204 249
1112 250
2901 251
907 252
729 253
2402 254
2854 255
1023 256
4497 257
2005 258
3467 259
1171 260
466 261
1618 262
3705 263
409 264
2916 265
4024 266
2982 267
3177 268
2463 269
3824 270
4253 271
1443 272
1418 273
2971 274
4211 275
3259 276
685 277
3354 278
4337 279
428 280
442 281
850 282
1318 283
2201 284
1453 285
714 286
1403 287
3836 288
1751 289
430 290
943 291
2029 292
1845 293
3725 294
2396 295
628 296
221 297
3339 298
4005 299
1018 300
2696 301
1467 302
902 303
616 304
1808 305
4363 306
2904 307
4469 308
3984 309
2059 310
1345 311
2801 312
1733 313
2062 314
1507 315
1208 316
3172 317
3604 318
970 319
4127 320
242 321
1307 322
836 323
4078 324
2133 325
667 326
190 327
3604 328
2823 329
1209 330
2023 331
53 332
1684 333
3992 334
1326 335
4270 336
2717 337
26 338
3669 339
3114 340
947 341
664 342
1650 343
3386 344
4299 345
3829 346
814 347
4405 348
1986 349
1257 350
3808 351
227 352
2326 353
2391 354
3632 355
3501 356
4267 357
63 358
4312 359
3562 360
3639 361
1660 362
144 363
3439 364
1656 365
939 366
330 367
2323 368
2900 369
1827 370
1339 371
2319 372
3041 373
3939 374
2594 375
3580 376
4282 377
1479 378
989 379
4253 380
1294 381
1907 382
3907 383
3944 384
3107 385
2018 386
4425 387
947 388
1050 389
4355 390
934 391
2386 392
3894 393
204 394
2133 395
134 396
4162 397
4393 398
575 399
2080 400
3137 401
4406 402
1427 403
4382 404
4149 405
4411 406
2874 407
3315 408
1857 409
473 410
3326 411
3218 412
2853 413
127 414
4337 415
1102 416
2838 417
1824 418
3021 419
1198 420
3810 421
1166 422
4478 423
3506 424
3862 425
2719 426
2855 427
3400 428
2973 429
564 430
2024 431
205 432
1473 433
1678 434
2966 435
3134 436
2018 437
3262 438
1379 439
4019 440
597 441
1352 442
4191 443
4376 444
1013 445
4438 446
3454 447
2842 448
3036 449
