450 250
681 0
584 1
1479 2
3785 3
3695 4
4172 5
3653 6
4071 7
4094 8
2739 9
1023 10
3951 11
4272 12
2972 13
2321 14
2979 15
1174 16
2436 17
2383 18
4095 19
2812 20
3499 21
4248 22
3902 23
29 24
3241 25
1919 26
800 27
2147 28
931 29
1741 30
1436 31
1086 32
2141 33
3256 34
273 35
3547 36
1973 37
1432 38
2294 39
4091 40
3940 41
2022 42
4075 43
2230 44
528 45
4325 46
2445 47
2411 48
765 49
3750 50
2283 51
1911 52
167 53
916 54
1246 55
1156 56
1556 57
4476 58
4139 59
1274 60
3817 61
1175 62
2348 63
601 64
3111 65
3403 66
1398 67
2735 68
1999 69
3560 70
4494 71
645 72
4083 73
2290 74
881 75
1594 76
2189 77
3334 78
1937 79
4335 80
462 81
3994 82
3843 83
1072 84
173 85
1519 86
1160 87
4310 88
493 89
320 90
2273 91
151 92
3207 93
2901 94
1709 95
2206 96
2475 97
445 98
2962 99
3431 100
1895 101
2040 102
924 103
3515 104
1837 105
3801 106
126 107
3654 108
123 109
2631 110
1098 111
3491 112
1331 113
16 114
221 115
932 116
1911 117
386 118
3805 119
767 120
4186 121
2773 122
2807 123
2132 124
835 125
1009 126
1705 127
2223 128
3246 129
821 130
3339 131
1847 132
3563 133
4285 134
4353 135
827 136
3485 137
3743 138
533 139
614 140
2974 141
3814 142
2311 143
382 144
731 145
3397 146
168 147
843 148
4086 149
3340 150
462 151
2255 152
1584 153
2275 154
4126 155
4283 156
3271 157
1372 158
3994 159
862 160
2314 161
4116 162
840 163
3596 164
2442 165
1494 166
4229 167
2443 168
3001 169
4443 170
1733 171
2012 172
2648 173
281 174
300 175
3290 176
2297 177
4075 178
570 179
3553 180
350 181
143 182
1759 183
3794 184
2917 185
1139 186
2400 187
3217 188
3819 189
249 190
3447 191
1886 192
903 193
1007 194
750 195
2966 196
3890 197
3165 198
477 199
2613 200
1225 201
2207 202
4069 203
1413 204
505 205
3782 206
1903 207
3847 208
1088 209
3419 210
1149 211
4396 212
1514 213
1767 214
2077 215
4327 216
2015 217
705 218
3142 219
1606 220
195 221
3087 222
637 223
1682 224
509 225
1657 226
4036 227
3360 228
199 229
511 230
1824 231
4151 232
1040 233
4190 234
2808 235
2882 236
2488 237
3924 238
4054 239
4202 240
2789 241
4309 242
3503 243
1509 244
149 245
2 246
1596 247
602 248
601 249
1368 250
3786 251
3327 252
3471 253
2009 254
1051 255
1226 256
895 257
4002 258
213 259
4008 260
4240 261
1966 262
1300 263
757 264
2350 265
1764 266
1770 267
103 268
982 269
4312 270
4077 271
1850 272
4326 273
1269 274
3074 275
2545 276
2201 277
254 278
3749 279
2412 280
2982 281
2485 282
603 283
2402 284
4253 285
4319 286
531 287
2765 288
4373 289
333 290
177 291
991 292
3252 293
3884 294
1290 295
2854 296
4095 297
3098 298
2713 299
628 300
10 301
1799 302
970 303
2176 304
392 305
1361 306
3119 307
634 308
2193 309
495 310
4105 311
2620 312
3832 313
3113 314
90 315
2595 316
4337 317
2362 318
3209 319
2145 320
3802 321
1082 322
797 323
821 324
2009 325
2726 326
1123 327
4097 328
4226 329
1764 330
2965 331
2815 332
1021 333
3963 334
4265 335
1049 336
3241 337
3000 338
4377 339
29 340
2032 341
2520 342
805 343
1395 344
3588 345
1417 346
3792 347
2996 348
3178 349
781 350
1523 351
61 352
3164 353
2884 354
278 355
1157 356
369 357
3218 358
138 359
1217 360
1069 361
4488 362
4093 363
2268 364
502 365
3468 366
314 367
2594 368
2486 369
444 370
2559 371
2732 372
942 373
4248 374
3890 375
1503 376
208 377
4152 378
947 379
94 380
1149 381
1913 382
3488 383
2425 384
1634 385
1084 386
4462 387
3886 388
4019 389
3761 390
2911 391
569 392
2338 393
2442 394
1026 395
1445 396
3777 397
1622 398
1899 399
4447 400
466 401
3631 402
1314 403
4249 404
1305 405
239 406
513 407
1206 408
1730 409
3484 410
713 411
3464 412
4065 413
4477 414
1417 415
267 416
4250 417
3456 418
3827 419
2353 420
1364 421
4392 422
1857 423
2139 424
1293 425
3151 426
545 427
1198 428
2188 429
4454 430
1884 431
110 432
1265 433
1624 434
3913 435
525 436
3671 437
1786 438
2165 439
2769 440
1984 441
4121 442
187 443
2326 444
533 445
3594 446
2397 447
2445 448
3668 449
