450 350
3969 0
4080 1
2703 2
2255 3
2816 4
3558 5
617 6
3179 7
3773 8
2693 9
3598 10
3807 11
2002 12
3116 13
3185 14
4241 15
1729 16
3148 17
923 18
1569 19
1441 20
2230 21
3059 22
2922 23
4452 24
277 25
4011 26
1840 27
1593 28
4107 29
2585 30
1635 31
3533 32
1817 33
2166 34
4112 35
3997 36
1479 37
3672 38
3559 39
3017 40
1653 41
738 42
3967 43
3205 44
3990 45
3980 46
1794 47
1903 48
1344 49
2797 50
2937 51
20 52
3718 53
591 54
3132 55
113 56
2777 57
3982 58
1932 59
3023 60
2287 61
3718 62
1588 63
992 64
2552 65
1012 66
1311 67
2879 68
2191 69
1118 70
65 71
3569 72
1733 73
1849 74
1831 75
1039 76
2564 77
720 78
3736 79
3577 80
2445 81
4067 82
2003 83
653 84
4371 85
1343 86
94 87
4192 88
4077 89
3854 90
1569 91
2648 92
3353 93
2992 94
3171 95
256 96
4266 97
2557 98
692 99
2273 100
1031 101
2536 102
3389 103
873 104
3270 105
2681 106
2688 107
1471 108
747 109
3432 110
1225 111
3614 112
1436 113
527 114
2460 115
2310 116
2751 117
895 118
254 119
3898 120
1950 121
2722 122
2269 123
3465 124
3087 125
3240 126
43 127
2593 128
406 129
2725 130
1043 131
2338 132
4282 133
1132 134
1757 135
3230 136
3597 137
3880 138
1213 139
3438 140
1645 141
1965 142
2163 143
2980 144
4223 145
2641 146
14 147
831 148
372 149
533 150
3458 151
4368 152
1372 153
4122 154
463 155
3785 156
2920 157
4344 158
4432 159
364 160
2222 161
55 162
4105 163
3115 164
126 165
1984 166
2897 167
1822 168
3706 169
2891 170
4468 171
1652 172
2687 173
4013 174
873 175
3680 176
2920 177
488 178
1168 179
4171 180
4195 181
2893 182
1950 183
1756 184
2131 185
1151 186
1771 187
1274 188
2466 189
3928 190
550 191
3576 192
1785 193
4092 194
1903 195
4465 196
1692 197
1147 198
2054 199
4437 200
1211 201
541 202
27 203
687 204
3561 205
4242 206
2602 207
4002 208
1071 209
2230 210
920 211
156 212
2038 213
2226 214
3375 215
801 216
3118 217
3973 218
2921 219
426 220
1119 221
2657 222
2841 223
4380 224
3462 225
282 226
2428 227
1253 228
3548 229
881 230
1138 231
1569 232
3916 233
1578 234
855 235
3061 236
4294 237
3670 238
2600 239
1213 240
2973 241
3408 242
4323 243
4151 244
584 245
3009 246
3013 247
1252 248
443 249
1495 250
4425 251
3885 252
1574 253
1638 254
621 255
3690 256
2924 257
3392 258
152 259
2680 260
3490 261
876 262
2554 263
1969 264
2801 265
1647 266
918 267
1938 268
4321 269
2753 270
1572 271
2603 272
3921 273
1605 274
2556 275
1268 276
2856 277
3614 278
1898 279
4058 280
4462 281
1980 282
4032 283
3960 284
3778 285
2051 286
1983 287
4061 288
1192 289
3735 290
2350 291
3492 292
4371 293
2637 294
3196 295
1284 296
3930 297
2318 298
936 299
376 300
4251 301
1835 302
1884 303
1648 304
2548 305
2710 306
2184 307
3797 308
4385 309
3021 310
1242 311
599 312
1246 313
1351 314
525 315
2360 316
2810 317
3891 318
2683 319
3216 320
4383 321
2057 322
519 323
310 324
1394 325
3949 326
4235 327
2794 328
2109 329
345 330
2584 331
1557 332
2934 333
1687 334
2468 335
3045 336
2942 337
1888 338
4339 339
3628 340
717 341
1251 342
1022 343
375 344
3158 345
1160 346
1065 347
41 348
3174 349
3787 350
837 351
2352 352
1632 353
2944 354
2301 355
3117 356
2119 357
3792 358
3290 359
4102 360
2161 361
3771 362
2525 363
3634 364
3787 365
1375 366
1067 367
4408 368
1128 369
583 370
832 371
589 372
2194 373
3729 374
2455 375
769 376
1719 377
1791 378
2524 379
1733 380
1338 381
1858 382
777 383
1552 384
1260 385
1566 386
3784 387
1812 388
1724 389
3732 390
2341 391
3853 392
1217 393
3168 394
1012 395
842 396
1756 397
176 398
3509 399
4081 400
4464 401
384 402
3283 403
468 404
994 405
2227 406
795 407
3007 408
972 409
4101 410
1542 411
3670 412
3041 413
301 414
359 415
1925 416
4247 417
1659 418
120 419
1977 420
3361 421
2942 422
2317 423
1993 424
4110 425
4111 426
3392 427
288 428
2097 429
2460 430
1284 431
2226 432
108 433
2246 434
2074 435
583 436
779 437
3126 438
1102 439
2737 440
1230 441
3373 442
191 443
3835 444
2866 445
1337 446
1216 447
593 448
2800 449
