400 1300
3139 0
1617 1
275 2
1287 3
2659 4
1064 5
2982 6
1737 7
3467 8
1879 9
1297 10
1561 11
3149 12
2626 13
3626 14
1766 15
311 16
3849 17
2406 18
562 19
2917 20
2439 21
3568 22
1805 23
1782 24
448 25
2352 26
896 27
761 28
2687 29
1515 30
1470 31
3668 32
677 33
2304 34
95 35
939 36
659 37
2570 38
900 39
2943 40
3271 41
3436 42
129 43
2032 44
2327 45
2729 46
1367 47
836 48
3270 49
1459 50
2313 51
3860 52
2732 53
455 54
174 55
404 56
2187 57
1854 58
821 59
755 60
3550 61
2550 62
3773 63
2683 64
739 65
3010 66
3315 67
767 68
911 69
1702 70
1373 71
3449 72
3311 73
3882 74
3346 75
2734 76
545 77
102 78
2675 79
3857 80
90 81
154 82
3780 83
3998 84
1838 85
2100 86
1664 87
2673 88
1230 89
615 90
2785 91
2457 92
51 93
3042 94
3327 95
243 96
2836 97
452 98
2411 99
1031 100
1253 101
1832 102
3960 103
2926 104
3454 105
3503 106
1034 107
3976 108
3189 109
1864 110
2141 111
3008 112
1789 113
1418 114
3421 115
3342 116
433 117
2508 118
1838 119
877 120
2424 121
1254 122
104 123
1045 124
407 125
2089 126
1296 127
91 128
648 129
762 130
3291 131
338 132
1016 133
1806 134
3875 135
1870 136
3120 137
2988 138
3226 139
3528 140
1642 141
593 142
137 143
3288 144
2299 145
2888 146
234 147
1911 148
1272 149
855 150
1333 151
2104 152
2308 153
1089 154
2990 155
1234 156
1765 157
3390 158
3259 159
1614 160
3300 161
2892 162
387 163
3457 164
3279 165
1806 166
301 167
2333 168
3793 169
2136 170
2235 171
2677 172
2392 173
1086 174
2198 175
2945 176
1999 177
1997 178
606 179
3209 180
3524 181
776 182
184 183
2640 184
2666 185
3037 186
1187 187
1613 188
684 189
1991 190
2887 191
1378 192
1039 193
3238 194
1514 195
1520 196
825 197
2018 198
23 199
3301 200
3158 201
1161 202
666 203
2781 204
3481 205
3250 206
3156 207
1107 208
245 209
1392 210
3147 211
472 212
116 213
1664 214
449 215
859 216
3062 217
2180 218
974 219
2620 220
1913 221
1171 222
875 223
3657 224
1057 225
1252 226
2982 227
2342 228
1951 229
3114 230
1236 231
2436 232
642 233
3314 234
3937 235
2077 236
2149 237
3734 238
1198 239
2353 240
1357 241
2912 242
3006 243
2346 244
1431 245
1768 246
3634 247
2916 248
1201 249
1416 250
3116 251
3100 252
2939 253
3218 254
2575 255
3706 256
313 257
84 258
1131 259
1496 260
1915 261
2873 262
2241 263
2657 264
1346 265
1943 266
432 267
2886 268
449 269
287 270
96 271
2001 272
2491 273
333 274
2452 275
2316 276
2197 277
462 278
2791 279
2520 280
790 281
1476 282
336 283
1497 284
2298 285
1113 286
1324 287
348 288
3110 289
539 290
350 291
3385 292
2005 293
1527 294
1873 295
1337 296
741 297
1640 298
1486 299
1796 300
2862 301
1933 302
342 303
2811 304
3870 305
2704 306
3810 307
2084 308
3335 309
2928 310
2429 311
696 312
1475 313
3868 314
1951 315
3380 316
1249 317
146 318
1287 319
2450 320
2342 321
2516 322
1129 323
2018 324
1553 325
3604 326
769 327
3523 328
480 329
3066 330
1075 331
523 332
2031 333
3774 334
1603 335
3628 336
3219 337
2062 338
1677 339
2009 340
2010 341
760 342
620 343
3168 344
1155 345
1090 346
3149 347
2639 348
1871 349
377 350
1462 351
836 352
3294 353
2743 354
2971 355
1626 356
253 357
3717 358
1090 359
1320 360
208 361
2917 362
2806 363
1194 364
2596 365
267 366
1487 367
2245 368
2691 369
1048 370
2001 371
2824 372
1347 373
3263 374
58 375
1111 376
1637 377
844 378
3279 379
3908 380
3517 381
1547 382
2650 383
822 384
2065 385
2491 386
2112 387
1273 388
1080 389
1133 390
1141 391
2610 392
2821 393
2650 394
484 395
1781 396
284 397
3040 398
2010 399
