400 200
3441 0
3468 1
223 2
388 3
1233 4
1014 5
913 6
798 7
507 8
1273 9
3077 10
2246 11
3020 12
1586 13
3516 14
225 15
2081 16
1728 17
3984 18
1849 19
2678 20
2481 21
3746 22
3340 23
2150 24
3779 25
127 26
3069 27
1180 28
951 29
1799 30
324 31
2158 32
178 33
3097 34
2613 35
277 36
3016 37
2913 38
2273 39
3693 40
2626 41
1233 42
3146 43
124 44
11 45
589 46
3293 47
34 48
412 49
2639 50
3025 51
534 52
2239 53
2451 54
2684 55
1718 56
1702 57
2576 58
1888 59
3729 60
2532 61
1812 62
2115 63
1033 64
3346 65
1451 66
583 67
3614 68
1588 69
2449 70
3207 71
935 72
884 73
2340 74
1327 75
751 76
931 77
2949 78
436 79
1748 80
1199 81
3854 82
2423 83
2393 84
3041 85
998 86
698 87
1525 88
3651 89
3445 90
1551 91
306 92
2957 93
45 94
2115 95
3097 96
2338 97
3406 98
3945 99
1499 100
145 101
885 102
1080 103
1180 104
960 105
3964 106
2023 107
846 108
1670 109
3495 110
66 111
3799 112
2728 113
1451 114
221 115
713 116
3889 117
1669 118
335 119
464 120
1865 121
2170 122
3622 123
254 124
1106 125
1846 126
3173 127
3275 128
2749 129
1528 130
1095 131
1175 132
2305 133
720 134
3386 135
1226 136
3479 137
2076 138
3201 139
2354 140
398 141
968 142
258 143
894 144
2296 145
1415 146
3039 147
920 148
3721 149
481 150
3954 151
596 152
2267 153
813 154
584 155
1717 156
312 157
895 158
2184 159
2093 160
3517 161
309 162
1409 163
1600 164
1773 165
2657 166
3235 167
2212 168
3810 169
373 170
847 171
3328 172
3967 173
1340 174
859 175
3831 176
2748 177
2747 178
2096 179
3457 180
2868 181
91 182
1062 183
3631 184
182 185
2907 186
3252 187
2294 188
1922 189
2913 190
2226 191
3510 192
356 193
3625 194
915 195
1521 196
2112 197
1592 198
138 199
2806 200
3902 201
2991 202
3918 203
701 204
254 205
1712 206
1682 207
3812 208
1153 209
2329 210
409 211
1446 212
1410 213
2093 214
2491 215
662 216
2189 217
1594 218
330 219
3909 220
1464 221
1386 222
1918 223
3815 224
1603 225
963 226
38 227
1225 228
1942 229
2414 230
870 231
2940 232
3919 233
2944 234
3998 235
3223 236
586 237
2091 238
3069 239
3156 240
3330 241
1749 242
1142 243
2475 244
2159 245
532 246
846 247
1237 248
268 249
1251 250
651 251
501 252
1773 253
960 254
3207 255
904 256
3744 257
3085 258
3011 259
1331 260
566 261
1281 262
1977 263
3508 264
604 265
415 266
1006 267
633 268
1456 269
74 270
3465 271
362 272
3556 273
1738 274
3001 275
220 276
377 277
2395 278
2115 279
3453 280
1697 281
2757 282
2706 283
2278 284
411 285
3716 286
3229 287
3334 288
1698 289
3684 290
2467 291
2309 292
3012 293
3708 294
3659 295
1633 296
988 297
2381 298
585 299
2772 300
44 301
1298 302
1960 303
2211 304
2832 305
28 306
786 307
1305 308
3382 309
1250 310
102 311
1738 312
872 313
3514 314
2241 315
2210 316
2661 317
2691 318
3406 319
2455 320
950 321
96 322
3822 323
1917 324
2456 325
3361 326
2818 327
3714 328
815 329
1079 330
741 331
849 332
1425 333
2997 334
588 335
613 336
2659 337
23 338
785 339
1027 340
745 341
3703 342
1816 343
186 344
1731 345
122 346
503 347
2266 348
1518 349
3411 350
2831 351
1064 352
1054 353
3339 354
2099 355
1286 356
3164 357
3748 358
2318 359
1914 360
696 361
1057 362
1610 363
78 364
1940 365
1436 366
235 367
2129 368
3842 369
1215 370
957 371
3693 372
3629 373
902 374
2273 375
1318 376
3167 377
1149 378
3779 379
3613 380
2727 381
3574 382
2098 383
1690 384
2117 385
1375 386
2097 387
2368 388
2042 389
3783 390
3291 391
1480 392
2734 393
2486 394
3039 395
1731 396
449 397
989 398
2338 399
