450 1550
3977 0
2432 1
1328 2
138 3
1102 4
3210 5
394 6
889 7
4025 8
2521 9
2274 10
2634 11
2253 12
3440 13
2307 14
1169 15
1672 16
2908 17
2170 18
4348 19
3885 20
1019 21
3721 22
3792 23
1856 24
4386 25
1463 26
3930 27
1290 28
4303 29
1996 30
502 31
3117 32
3092 33
2482 34
3090 35
3364 36
1080 37
2633 38
1421 39
2242 40
2654 41
3744 42
48 43
1533 44
3237 45
1008 46
1844 47
3575 48
671 49
1727 50
3289 51
3597 52
3886 53
3581 54
1491 55
4500 56
1949 57
1942 58
4129 59
3442 60
850 61
3383 62
3839 63
3867 64
1588 65
2968 66
3070 67
4227 68
246 69
1072 70
465 71
289 72
2488 73
1529 74
1829 75
1161 76
1947 77
2606 78
1756 79
873 80
35 81
3521 82
2318 83
765 84
551 85
3565 86
3896 87
160 88
3494 89
645 90
815 91
1499 92
2652 93
338 94
4484 95
2275 96
1991 97
640 98
2176 99
2529 100
2232 101
2784 102
2874 103
2306 104
4399 105
2754 106
1154 107
4007 108
689 109
1543 110
197 111
3886 112
249 113
2875 114
470 115
3416 116
2106 117
237 118
426 119
4006 120
814 121
3357 122
1904 123
380 124
3703 125
4199 126
3124 127
429 128
697 129
4156 130
2579 131
3746 132
4268 133
2823 134
3298 135
3974 136
2888 137
1920 138
3655 139
2220 140
2726 141
916 142
32 143
2890 144
674 145
2093 146
2941 147
4458 148
848 149
1977 150
193 151
4211 152
4255 153
872 154
4241 155
738 156
2798 157
509 158
3045 159
4054 160
1215 161
2845 162
3232 163
4369 164
2770 165
2265 166
3688 167
1940 168
3016 169
968 170
1320 171
3626 172
1625 173
2843 174
3672 175
4185 176
1080 177
1468 178
145 179
251 180
2072 181
2759 182
3822 183
1594 184
2637 185
4246 186
4153 187
2213 188
321 189
1942 190
3644 191
2016 192
1164 193
4349 194
740 195
3178 196
1631 197
3293 198
3423 199
2820 200
4262 201
2946 202
815 203
3706 204
4022 205
1664 206
4226 207
3718 208
1915 209
107 210
1096 211
2864 212
330 213
1349 214
254 215
4070 216
1756 217
778 218
962 219
2274 220
2116 221
1095 222
2143 223
99 224
3713 225
2901 226
1933 227
2300 228
4125 229
2680 230
4157 231
3569 232
1385 233
728 234
133 235
4384 236
3212 237
3052 238
1181 239
107 240
2171 241
2027 242
3076 243
3915 244
3014 245
3819 246
2929 247
2211 248
1619 249
1423 250
1124 251
2941 252
413 253
1334 254
2746 255
3360 256
1598 257
1971 258
4410 259
2540 260
2432 261
3251 262
3436 263
3546 264
842 265
604 266
1828 267
1357 268
3886 269
1718 270
527 271
3500 272
4056 273
2720 274
282 275
2073 276
349 277
1749 278
1039 279
1825 280
2721 281
2473 282
1723 283
1112 284
4077 285
2047 286
3222 287
1601 288
3196 289
4016 290
2958 291
3077 292
2637 293
1097 294
3279 295
4152 296
4012 297
3886 298
317 299
1251 300
3732 301
648 302
3801 303
4428 304
2054 305
2808 306
94 307
3460 308
4177 309
623 310
1282 311
2156 312
1531 313
3519 314
1303 315
579 316
3230 317
2809 318
2428 319
1616 320
1417 321
302 322
3994 323
3427 324
1766 325
1546 326
1496 327
1029 328
3127 329
3179 330
2865 331
1988 332
3172 333
1828 334
1468 335
633 336
3007 337
3618 338
2155 339
3137 340
832 341
1965 342
3361 343
2004 344
3857 345
3311 346
4434 347
4198 348
1188 349
1823 350
649 351
1523 352
1799 353
3972 354
3263 355
3852 356
3895 357
1954 358
4286 359
3330 360
4150 361
3956 362
4355 363
2010 364
2209 365
1606 366
3760 367
2693 368
69 369
161 370
2166 371
1832 372
239 373
3236 374
857 375
2127 376
331 377
3250 378
1385 379
2027 380
2484 381
2818 382
3135 383
2351 384
4052 385
2686 386
1802 387
2257 388
3803 389
3178 390
1403 391
783 392
4387 393
3481 394
3978 395
2361 396
1022 397
2601 398
4380 399
4403 400
2391 401
2685 402
1853 403
1501 404
2880 405
2024 406
4340 407
4454 408
2711 409
2158 410
2609 411
3680 412
2881 413
1903 414
4244 415
2368 416
3726 417
3671 418
2966 419
1638 420
2229 421
1264 422
1534 423
2727 424
1971 425
962 426
4049 427
2706 428
176 429
3758 430
2755 431
464 432
3098 433
957 434
1291 435
2251 436
1268 437
1941 438
4110 439
3036 440
1579 441
2632 442
2404 443
4377 444
4060 445
2241 446
4155 447
3822 448
841 449
