450 1300
93 0
1553 1
982 2
1949 3
3114 4
2718 5
4143 6
3203 7
3164 8
349 9
47 10
3941 11
3333 12
2186 13
2987 14
4163 15
1821 16
2764 17
3399 18
1973 19
719 20
1703 21
2032 22
1460 23
1897 24
2603 25
158 26
10 27
3245 28
1102 29
4290 30
4481 31
447 32
2472 33
1729 34
3146 35
102 36
1251 37
1268 38
2251 39
547 40
4075 41
434 42
1115 43
2153 44
32 45
785 46
4060 47
4426 48
732 49
918 50
2411 51
1903 52
146 53
2049 54
3410 55
2823 56
1697 57
4428 58
491 59
3350 60
1343 61
3911 62
2645 63
2477 64
2546 65
1082 66
488 67
375 68
3802 69
234 70
3671 71
1045 72
4040 73
4487 74
3464 75
3305 76
4006 77
2590 78
4010 79
699 80
575 81
3954 82
1390 83
2115 84
2082 85
2898 86
2238 87
4355 88
362 89
10 90
4138 91
701 92
418 93
2937 94
2849 95
2396 96
745 97
109 98
3997 99
318 100
2625 101
1683 102
903 103
1271 104
2592 105
1556 106
964 107
117 108
1833 109
2855 110
2544 111
1628 112
1881 113
976 114
1923 115
844 116
3594 117
4420 118
2292 119
3324 120
2882 121
2527 122
3203 123
2982 124
3543 125
3605 126
3537 127
3835 128
4312 129
4212 130
3099 131
3606 132
3414 133
4246 134
998 135
4260 136
2331 137
479 138
4184 139
2562 140
4210 141
708 142
191 143
1387 144
984 145
47 146
986 147
3909 148
714 149
2087 150
456 151
2759 152
497 153
1039 154
3872 155
1248 156
1727 157
923 158
2026 159
263 160
405 161
3501 162
285 163
191 164
732 165
3044 166
1999 167
847 168
2781 169
499 170
3875 171
4225 172
2760 173
1964 174
3478 175
4479 176
1453 177
2262 178
3000 179
3645 180
3056 181
4117 182
375 183
3666 184
2293 185
50 186
685 187
3812 188
3368 189
3531 190
988 191
4145 192
4302 193
4135 194
1644 195
4200 196
3260 197
2750 198
4409 199
2596 200
485 201
4478 202
373 203
3518 204
257 205
4496 206
3807 207
2459 208
2759 209
3837 210
771 211
3630 212
2022 213
1774 214
1439 215
3169 216
3856 217
2169 218
110 219
1003 220
2798 221
740 222
2691 223
1055 224
4347 225
2525 226
1379 227
4414 228
3160 229
3106 230
446 231
1306 232
1541 233
2814 234
3440 235
1182 236
1764 237
2385 238
772 239
3504 240
3509 241
4405 242
3504 243
1384 244
2120 245
4429 246
3271 247
158 248
264 249
3898 250
4497 251
2391 252
3146 253
388 254
2401 255
2519 256
3673 257
1253 258
3113 259
4404 260
467 261
845 262
2632 263
2407 264
3962 265
1880 266
4124 267
4446 268
1957 269
3700 270
1755 271
1668 272
3773 273
3227 274
4297 275
2080 276
1240 277
1203 278
1124 279
1272 280
1521 281
3045 282
1030 283
2385 284
664 285
4033 286
3466 287
3712 288
1475 289
1643 290
2351 291
3552 292
3415 293
2492 294
1999 295
129 296
3119 297
2898 298
241 299
761 300
940 301
3871 302
4041 303
1219 304
4287 305
4250 306
701 307
3389 308
4256 309
3705 310
4089 311
3080 312
1508 313
1749 314
4162 315
1043 316
1803 317
3852 318
730 319
567 320
2767 321
2929 322
290 323
853 324
1895 325
1672 326
38 327
947 328
876 329
1619 330
1176 331
663 332
102 333
2611 334
2632 335
2011 336
690 337
3360 338
669 339
1211 340
2712 341
3557 342
1280 343
1214 344
4076 345
3455 346
4029 347
161 348
1291 349
1025 350
2142 351
1388 352
3420 353
112 354
3554 355
3075 356
2268 357
993 358
1199 359
832 360
654 361
4208 362
2080 363
1124 364
2843 365
4055 366
925 367
3908 368
3293 369
2727 370
3331 371
2779 372
3630 373
2430 374
143 375
1307 376
1285 377
3234 378
3019 379
470 380
3282 381
2261 382
1988 383
995 384
262 385
1791 386
1709 387
795 388
2093 389
3818 390
1556 391
3322 392
2584 393
404 394
1789 395
1083 396
2113 397
688 398
3960 399
2764 400
4197 401
3965 402
919 403
3549 404
4398 405
4138 406
4141 407
3425 408
3463 409
515 410
227 411
3072 412
4198 413
230 414
3739 415
1410 416
90 417
3204 418
2101 419
2254 420
4406 421
2742 422
1386 423
2845 424
688 425
4417 426
3166 427
776 428
1370 429
70 430
4401 431
242 432
2281 433
1710 434
3803 435
2005 436
2108 437
4060 438
909 439
4207 440
4142 441
2941 442
2543 443
183 444
48 445
913 446
4220 447
1222 448
4213 449
