450 600
4358 0
649 1
2544 2
3496 3
704 4
3584 5
3339 6
1332 7
324 8
542 9
3117 10
1405 11
2865 12
435 13
1439 14
4196 15
818 16
4480 17
136 18
1853 19
3049 20
2019 21
1358 22
2772 23
875 24
2986 25
4070 26
3542 27
869 28
3020 29
4169 30
992 31
2467 32
592 33
2748 34
1311 35
787 36
1584 37
2346 38
3477 39
1280 40
840 41
1869 42
3125 43
674 44
2282 45
1326 46
4070 47
593 48
4044 49
3851 50
3518 51
3163 52
3442 53
1952 54
502 55
1096 56
1363 57
331 58
908 59
1554 60
1492 61
4115 62
1344 63
3749 64
2374 65
2751 66
20 67
2503 68
2377 69
4012 70
3487 71
1831 72
3321 73
1694 74
342 75
2323 76
1414 77
3950 78
2638 79
4036 80
3820 81
3864 82
2037 83
3423 84
4449 85
4318 86
3898 87
1378 88
1359 89
2274 90
4476 91
4078 92
707 93
1152 94
1961 95
3093 96
847 97
2599 98
865 99
1119 100
4095 101
1909 102
1531 103
3355 104
3112 105
4166 106
4000 107
2453 108
1025 109
3970 110
3346 111
1102 112
3331 113
1138 114
2622 115
1681 116
825 117
1456 118
369 119
4396 120
1220 121
1983 122
81 123
628 124
1057 125
4147 126
3087 127
2200 128
2899 129
1168 130
2521 131
241 132
631 133
3906 134
3839 135
807 136
786 137
438 138
1284 139
2605 140
26 141
2692 142
2161 143
2411 144
3009 145
1316 146
1992 147
4468 148
2549 149
3962 150
4474 151
3445 152
2518 153
3187 154
4295 155
2260 156
2345 157
1302 158
4050 159
3358 160
3934 161
1104 162
2642 163
2273 164
420 165
2863 166
3498 167
1396 168
4092 169
2615 170
422 171
1626 172
2310 173
1258 174
1024 175
303 176
4089 177
2993 178
791 179
859 180
3170 181
3679 182
511 183
2916 184
478 185
2000 186
280 187
2947 188
3604 189
1527 190
3999 191
3704 192
1163 193
2113 194
2434 195
191 196
4442 197
3186 198
463 199
3805 200
261 201
3050 202
2891 203
2329 204
3623 205
3450 206
1150 207
4400 208
4430 209
1926 210
72 211
3422 212
3253 213
1523 214
3419 215
813 216
1037 217
2937 218
1218 219
839 220
3870 221
1087 222
1284 223
2289 224
3520 225
3117 226
1146 227
1201 228
3639 229
3504 230
2937 231
1847 232
3070 233
3514 234
773 235
1594 236
3176 237
1247 238
4339 239
2752 240
3790 241
2446 242
1783 243
2379 244
662 245
834 246
4001 247
2663 248
3513 249
4355 250
2221 251
3813 252
637 253
3752 254
2838 255
361 256
1010 257
577 258
974 259
1118 260
2278 261
3862 262
2599 263
792 264
2646 265
2431 266
107 267
3513 268
586 269
1795 270
459 271
603 272
1195 273
4234 274
2540 275
768 276
2450 277
1975 278
5 279
1967 280
4497 281
1137 282
713 283
2360 284
1979 285
186 286
3929 287
865 288
1862 289
1086 290
3266 291
1586 292
1725 293
1115 294
1780 295
1381 296
1150 297
2928 298
4228 299
842 300
798 301
2145 302
4078 303
4415 304
2718 305
3723 306
4256 307
4188 308
2383 309
3703 310
512 311
1636 312
3222 313
240 314
2085 315
3783 316
990 317
1651 318
3277 319
3343 320
4433 321
3988 322
889 323
3303 324
3921 325
1333 326
2995 327
2822 328
1085 329
4087 330
3313 331
947 332
1593 333
4162 334
2372 335
360 336
3019 337
3778 338
3280 339
832 340
1147 341
4218 342
3243 343
1814 344
4180 345
3825 346
495 347
2847 348
3868 349
870 350
266 351
3268 352
2447 353
1330 354
685 355
4394 356
1791 357
2309 358
4143 359
3236 360
3389 361
2529 362
4099 363
2286 364
959 365
119 366
2502 367
2270 368
525 369
2880 370
1552 371
4384 372
4461 373
1745 374
1450 375
4304 376
3160 377
1042 378
4179 379
1599 380
338 381
272 382
2077 383
1095 384
1106 385
4475 386
2268 387
2539 388
512 389
2013 390
1887 391
2769 392
2215 393
1120 394
2043 395
2039 396
557 397
1915 398
1360 399
2929 400
4308 401
1534 402
1879 403
86 404
2139 405
4165 406
2017 407
4322 408
3078 409
35 410
10 411
3322 412
869 413
4259 414
2662 415
4303 416
92 417
1805 418
3398 419
167 420
1688 421
3422 422
2994 423
2936 424
162 425
83 426
3013 427
2003 428
2568 429
3419 430
3796 431
1575 432
2893 433
3683 434
3292 435
2061 436
804 437
1333 438
3998 439
1718 440
3280 441
1250 442
1042 443
4077 444
2392 445
3574 446
1547 447
2501 448
1032 449
