400 1350
359 0
2082 1
3831 2
1724 3
460 4
1560 5
1842 6
1827 7
3851 8
140 9
1672 10
553 11
3481 12
3555 13
2504 14
2961 15
849 16
3720 17
986 18
732 19
2299 20
2189 21
2075 22
894 23
2125 24
2165 25
1621 26
1267 27
3628 28
3020 29
1414 30
1511 31
2859 32
3920 33
2465 34
2012 35
944 36
3372 37
1115 38
3880 39
3933 40
1579 41
1330 42
3214 43
1386 44
3954 45
3173 46
2049 47
538 48
2216 49
2558 50
3837 51
3457 52
149 53
2643 54
2848 55
3154 56
2037 57
1872 58
2255 59
167 60
1045 61
631 62
1501 63
525 64
2463 65
1105 66
1299 67
2898 68
2972 69
3619 70
3058 71
252 72
3939 73
692 74
66 75
3250 76
1033 77
3258 78
2783 79
2668 80
1997 81
771 82
168 83
2531 84
921 85
1118 86
281 87
2140 88
3647 89
659 90
3702 91
1481 92
2643 93
1179 94
2794 95
2072 96
2393 97
2976 98
3098 99
54 100
438 101
2055 102
1193 103
944 104
2591 105
600 106
3754 107
963 108
3439 109
3969 110
603 111
1612 112
2172 113
3273 114
1514 115
2234 116
1986 117
705 118
356 119
3607 120
3685 121
2928 122
517 123
2728 124
2531 125
904 126
731 127
3174 128
2949 129
1652 130
3143 131
492 132
1712 133
2831 134
2958 135
543 136
3470 137
2916 138
1645 139
1754 140
2965 141
3984 142
643 143
759 144
159 145
736 146
2885 147
680 148
2455 149
2471 150
1836 151
3773 152
1560 153
34 154
2394 155
540 156
1399 157
3492 158
911 159
2851 160
2078 161
1803 162
1229 163
1137 164
536 165
2661 166
2249 167
3235 168
1143 169
2697 170
915 171
1441 172
288 173
1242 174
3083 175
3608 176
122 177
2837 178
2703 179
2117 180
954 181
1658 182
883 183
3213 184
3055 185
911 186
3445 187
2994 188
591 189
3763 190
2851 191
1484 192
2313 193
2845 194
2940 195
2052 196
3650 197
1583 198
1236 199
2694 200
1857 201
3830 202
427 203
2660 204
1869 205
1358 206
16 207
951 208
1891 209
1405 210
917 211
1624 212
1611 213
1734 214
1469 215
315 216
1513 217
2573 218
435 219
3342 220
985 221
1473 222
2954 223
3794 224
2746 225
2142 226
170 227
1870 228
1171 229
3638 230
2251 231
3449 232
448 233
3408 234
1682 235
819 236
2419 237
1591 238
2269 239
2431 240
11 241
344 242
316 243
3873 244
462 245
1946 246
953 247
3604 248
2211 249
2642 250
73 251
3783 252
292 253
125 254
481 255
2470 256
606 257
1400 258
649 259
2441 260
1093 261
25 262
2393 263
1381 264
1456 265
741 266
1944 267
3293 268
3133 269
3976 270
2763 271
2180 272
2149 273
2069 274
1292 275
98 276
3566 277
1977 278
246 279
1346 280
540 281
335 282
1909 283
2844 284
1108 285
2621 286
559 287
3730 288
3822 289
694 290
68 291
265 292
414 293
2686 294
563 295
492 296
2168 297
799 298
1200 299
3745 300
1642 301
1715 302
3706 303
2714 304
3799 305
1917 306
1761 307
1429 308
881 309
1845 310
1533 311
891 312
2692 313
548 314
3617 315
2547 316
2017 317
1987 318
159 319
3691 320
2640 321
305 322
1461 323
2993 324
1513 325
3377 326
3505 327
265 328
2516 329
2768 330
1726 331
1059 332
3000 333
2539 334
1665 335
536 336
2982 337
175 338
2451 339
3895 340
1203 341
1170 342
3165 343
565 344
684 345
1056 346
1952 347
3442 348
2814 349
344 350
761 351
1230 352
987 353
1346 354
986 355
3914 356
3951 357
321 358
64 359
2704 360
684 361
920 362
2476 363
523 364
1237 365
3590 366
3193 367
440 368
2038 369
796 370
1257 371
2385 372
1468 373
3326 374
1211 375
3213 376
967 377
1915 378
2841 379
3329 380
2236 381
993 382
204 383
3592 384
1964 385
432 386
202 387
2964 388
3866 389
781 390
1208 391
2859 392
2318 393
3283 394
1505 395
3061 396
3253 397
297 398
346 399
