450 950
2735 0
3661 1
3158 2
4064 3
3226 4
729 5
3990 6
4196 7
2841 8
2835 9
1883 10
1743 11
2251 12
652 13
231 14
3416 15
2506 16
3159 17
2407 18
1455 19
367 20
4407 21
1428 22
1448 23
1305 24
565 25
2037 26
2458 27
1713 28
1778 29
3390 30
2458 31
3110 32
201 33
2306 34
1941 35
3876 36
3999 37
3266 38
1351 39
3135 40
3826 41
2785 42
2581 43
3606 44
50 45
2755 46
2581 47
3877 48
367 49
4268 50
1069 51
2793 52
971 53
782 54
2911 55
2013 56
3882 57
2489 58
853 59
2469 60
2251 61
1543 62
3331 63
3419 64
3259 65
4290 66
3816 67
4279 68
4023 69
344 70
3673 71
4349 72
3466 73
2653 74
1230 75
3528 76
62 77
1095 78
2374 79
1598 80
1877 81
1233 82
3595 83
4110 84
3520 85
1520 86
1541 87
4403 88
1409 89
1978 90
3381 91
1744 92
3451 93
1200 94
62 95
78 96
2786 97
2447 98
591 99
2418 100
876 101
4248 102
392 103
3658 104
4265 105
3096 106
547 107
846 108
1132 109
4229 110
801 111
1477 112
4438 113
2416 114
710 115
2083 116
2872 117
4495 118
2541 119
2048 120
1088 121
220 122
3931 123
4102 124
280 125
1101 126
2327 127
1781 128
2326 129
2467 130
4250 131
2990 132
2759 133
2365 134
3252 135
2050 136
963 137
3404 138
2186 139
300 140
4353 141
139 142
868 143
41 144
1322 145
580 146
2704 147
1549 148
1315 149
2003 150
2319 151
2309 152
4207 153
739 154
772 155
3753 156
997 157
1483 158
3324 159
161 160
1527 161
3207 162
3804 163
850 164
1826 165
3519 166
200 167
3063 168
2706 169
2823 170
397 171
450 172
531 173
3808 174
278 175
3286 176
2101 177
3687 178
90 179
1809 180
948 181
2448 182
40 183
957 184
1231 185
1683 186
3062 187
4500 188
4019 189
781 190
649 191
3316 192
2975 193
3326 194
4195 195
4213 196
671 197
2358 198
429 199
3087 200
724 201
2516 202
4402 203
1108 204
2943 205
474 206
1589 207
4469 208
523 209
1077 210
405 211
3426 212
2856 213
2036 214
3337 215
4083 216
1446 217
1205 218
4213 219
4177 220
4173 221
4032 222
4282 223
2026 224
2719 225
3135 226
183 227
2190 228
4368 229
4340 230
1066 231
882 232
3884 233
3133 234
3030 235
3566 236
3026 237
80 238
2575 239
813 240
1246 241
2864 242
1776 243
2394 244
1921 245
1920 246
3585 247
801 248
4437 249
3041 250
1345 251
4177 252
374 253
2757 254
2485 255
4270 256
571 257
4105 258
2093 259
2356 260
757 261
3794 262
715 263
2285 264
2212 265
120 266
2541 267
4189 268
831 269
1150 270
414 271
1714 272
4486 273
1888 274
4133 275
4424 276
4361 277
2023 278
3822 279
3314 280
529 281
3723 282
3307 283
2030 284
668 285
2152 286
3966 287
1813 288
1915 289
3868 290
3676 291
994 292
1214 293
563 294
62 295
25 296
1722 297
2912 298
3614 299
2584 300
1161 301
1668 302
3075 303
2170 304
4213 305
4245 306
2958 307
3061 308
1398 309
3719 310
930 311
3825 312
2345 313
1082 314
1031 315
3462 316
2696 317
1624 318
3494 319
4311 320
1769 321
1060 322
1142 323
3859 324
3952 325
3341 326
1228 327
2048 328
3330 329
1689 330
7 331
2487 332
1391 333
2689 334
13 335
680 336
1672 337
2162 338
3408 339
11 340
1999 341
866 342
3438 343
2337 344
2914 345
3005 346
367 347
2872 348
1336 349
2858 350
1055 351
2480 352
4006 353
328 354
1169 355
2533 356
2804 357
2601 358
2671 359
3232 360
3062 361
3852 362
3249 363
845 364
457 365
2516 366
369 367
3506 368
4397 369
3761 370
4031 371
2722 372
2905 373
626 374
2511 375
2886 376
4380 377
1789 378
4073 379
1243 380
2472 381
1429 382
1381 383
2644 384
4088 385
1364 386
2522 387
3328 388
3043 389
3211 390
1041 391
4459 392
2022 393
3233 394
2450 395
3773 396
639 397
4190 398
87 399
1965 400
1051 401
3807 402
1290 403
3463 404
1006 405
3946 406
1202 407
425 408
3377 409
1988 410
2645 411
3323 412
3767 413
3821 414
2240 415
1703 416
2945 417
3554 418
2095 419
2517 420
438 421
974 422
219 423
1610 424
740 425
3163 426
2144 427
957 428
517 429
2014 430
4428 431
3086 432
4090 433
4026 434
724 435
3247 436
386 437
3085 438
3089 439
606 440
4440 441
4321 442
4141 443
1770 444
1638 445
1147 446
3402 447
288 448
3064 449
