400 700
2300 0
848 1
2952 2
3090 3
3256 4
3146 5
719 6
2570 7
3146 8
1898 9
1261 10
3648 11
831 12
2960 13
778 14
46 15
648 16
953 17
1806 18
1384 19
3533 20
3559 21
1903 22
131 23
2282 24
3619 25
528 26
556 27
500 28
495 29
3568 30
236 31
897 32
77 33
2858 34
3923 35
2725 36
2285 37
88 38
1143 39
899 40
3015 41
2304 42
3720 43
2291 44
2439 45
3237 46
2557 47
3659 48
3304 49
2229 50
2772 51
2890 52
3165 53
1750 54
2099 55
1100 56
353 57
3447 58
205 59
3562 60
3980 61
215 62
2893 63
2586 64
2337 65
1362 66
299 67
662 68
361 69
3844 70
3365 71
3342 72
278 73
3508 74
3687 75
670 76
289 77
1147 78
3921 79
1189 80
2904 81
898 82
1152 83
1909 84
942 85
1114 86
3410 87
3268 88
1362 89
2072 90
2408 91
3125 92
3236 93
3630 94
3175 95
3228 96
3630 97
3353 98
1253 99
3541 100
2423 101
2896 102
3827 103
1748 104
187 105
3622 106
2355 107
3651 108
1245 109
3522 110
794 111
3822 112
3014 113
2517 114
1314 115
3262 116
1897 117
2398 118
507 119
954 120
1633 121
686 122
1670 123
2230 124
3783 125
2831 126
1336 127
3768 128
2253 129
3711 130
3606 131
2674 132
3562 133
1968 134
553 135
990 136
2029 137
2108 138
3273 139
2208 140
1634 141
1442 142
969 143
1557 144
67 145
3479 146
2848 147
3294 148
590 149
3149 150
1675 151
547 152
2899 153
2132 154
2700 155
1236 156
819 157
2267 158
2394 159
3549 160
691 161
384 162
3841 163
2575 164
354 165
2305 166
3444 167
730 168
1351 169
2846 170
1221 171
1307 172
2358 173
125 174
2041 175
3320 176
2847 177
2442 178
723 179
293 180
1354 181
2908 182
2528 183
277 184
351 185
2812 186
939 187
318 188
1376 189
185 190
627 191
1784 192
3190 193
358 194
3247 195
2550 196
3296 197
2225 198
993 199
1992 200
2182 201
1858 202
2318 203
1249 204
614 205
1688 206
2780 207
1815 208
384 209
3293 210
2559 211
1060 212
3674 213
1512 214
141 215
61 216
3214 217
3468 218
3175 219
93 220
1893 221
2001 222
550 223
2418 224
749 225
1938 226
2296 227
305 228
1719 229
492 230
236 231
3454 232
2195 233
3131 234
2317 235
1866 236
725 237
1798 238
2050 239
1861 240
1724 241
813 242
1123 243
2134 244
87 245
518 246
1684 247
2571 248
3249 249
3943 250
2614 251
83 252
1128 253
1997 254
1406 255
193 256
3406 257
1507 258
467 259
1586 260
2509 261
1967 262
1874 263
143 264
2056 265
1660 266
54 267
2291 268
997 269
3799 270
3252 271
3522 272
3953 273
2648 274
1181 275
2937 276
1827 277
2928 278
803 279
2752 280
1570 281
632 282
1573 283
74 284
2431 285
3845 286
3613 287
1704 288
2552 289
2334 290
2717 291
146 292
1855 293
1666 294
3042 295
3014 296
2078 297
869 298
1000 299
1166 300
3891 301
723 302
1081 303
1299 304
431 305
3504 306
1490 307
1566 308
2260 309
325 310
2412 311
196 312
2895 313
481 314
425 315
2368 316
1379 317
2858 318
763 319
2841 320
3459 321
2946 322
495 323
2966 324
599 325
1985 326
1353 327
764 328
300 329
3849 330
2967 331
1335 332
3670 333
866 334
2758 335
523 336
1687 337
2018 338
1813 339
2143 340
2345 341
2633 342
1988 343
57 344
1486 345
99 346
2601 347
1496 348
3549 349
728 350
2855 351
3165 352
759 353
2105 354
377 355
2367 356
2346 357
2814 358
874 359
418 360
2649 361
555 362
1730 363
2612 364
512 365
541 366
2973 367
916 368
1773 369
2412 370
478 371
792 372
405 373
2743 374
932 375
1525 376
2837 377
3209 378
2322 379
2217 380
2510 381
408 382
3825 383
294 384
3591 385
1472 386
3919 387
2842 388
644 389
3687 390
3642 391
864 392
3921 393
1990 394
294 395
195 396
3741 397
282 398
1166 399
