450 850
2100 0
3697 1
760 2
1605 3
495 4
324 5
1463 6
3568 7
474 8
390 9
2144 10
1199 11
3641 12
3023 13
2155 14
2564 15
2632 16
5 17
256 18
4224 19
373 20
3282 21
3780 22
2685 23
404 24
2715 25
482 26
1605 27
4094 28
2237 29
1706 30
3548 31
2105 32
2417 33
1419 34
3396 35
3756 36
1959 37
410 38
638 39
4001 40
3759 41
3491 42
386 43
3188 44
3588 45
485 46
1651 47
1519 48
2411 49
3333 50
4315 51
1345 52
2723 53
3263 54
975 55
2322 56
3216 57
2150 58
858 59
3605 60
3601 61
2122 62
2845 63
4279 64
3691 65
2816 66
1429 67
2581 68
1788 69
554 70
875 71
1700 72
2205 73
2939 74
1811 75
728 76
1750 77
1896 78
90 79
4398 80
1771 81
2089 82
3331 83
1443 84
1960 85
4141 86
2235 87
1430 88
2656 89
4487 90
918 91
4124 92
2384 93
423 94
1363 95
1832 96
2387 97
1414 98
4191 99
1038 100
3160 101
2510 102
1499 103
2832 104
2732 105
2186 106
2487 107
1269 108
786 109
3345 110
1995 111
3779 112
4235 113
4028 114
935 115
922 116
2370 117
1462 118
1507 119
3511 120
3390 121
929 122
3796 123
2337 124
4299 125
2303 126
3866 127
691 128
4154 129
2201 130
1212 131
1133 132
2776 133
447 134
2500 135
4118 136
1530 137
1494 138
4041 139
1385 140
4291 141
1331 142
1570 143
1401 144
3808 145
1166 146
122 147
2037 148
4459 149
272 150
2262 151
4260 152
3138 153
4371 154
508 155
1348 156
4204 157
4182 158
4500 159
1241 160
3074 161
571 162
4388 163
2817 164
1991 165
495 166
1855 167
2960 168
1381 169
4377 170
3961 171
1408 172
2658 173
1924 174
3342 175
4118 176
1538 177
672 178
1581 179
1195 180
3993 181
3755 182
1704 183
504 184
2643 185
782 186
1308 187
3345 188
64 189
2222 190
1470 191
3629 192
922 193
3537 194
564 195
1148 196
3722 197
1073 198
453 199
414 200
4348 201
1043 202
1043 203
823 204
2922 205
1783 206
3005 207
22 208
3508 209
4430 210
1464 211
542 212
1532 213
552 214
634 215
118 216
67 217
1672 218
4475 219
721 220
2806 221
3128 222
3472 223
1231 224
1645 225
2768 226
4020 227
2893 228
598 229
3878 230
2750 231
1045 232
1615 233
4490 234
47 235
28 236
2878 237
1317 238
2234 239
1439 240
3832 241
1858 242
4289 243
2182 244
1733 245
1870 246
2852 247
3160 248
2020 249
1043 250
1039 251
682 252
1989 253
3597 254
3914 255
1016 256
1217 257
1738 258
320 259
1141 260
2459 261
2323 262
2859 263
3011 264
524 265
1076 266
1138 267
3124 268
2457 269
3187 270
4493 271
676 272
3495 273
2311 274
3138 275
3799 276
4201 277
2529 278
1825 279
3420 280
4284 281
2567 282
2086 283
1964 284
3477 285
3191 286
905 287
460 288
2847 289
423 290
4114 291
2616 292
137 293
169 294
943 295
810 296
4131 297
1401 298
3410 299
185 300
2832 301
730 302
4064 303
787 304
166 305
1453 306
4284 307
3673 308
3363 309
3540 310
4207 311
4280 312
2980 313
300 314
3063 315
4085 316
3918 317
3130 318
3190 319
1133 320
4368 321
474 322
1711 323
2539 324
3372 325
2001 326
4238 327
4461 328
4363 329
3469 330
4370 331
2176 332
1544 333
1908 334
1863 335
4175 336
3194 337
3221 338
2203 339
1023 340
3500 341
513 342
780 343
2315 344
209 345
4428 346
1412 347
4302 348
4364 349
3304 350
3868 351
1009 352
416 353
285 354
371 355
2174 356
1035 357
798 358
3104 359
3632 360
3003 361
1405 362
2910 363
3618 364
283 365
639 366
3573 367
830 368
3580 369
1539 370
880 371
558 372
121 373
2720 374
533 375
4305 376
1460 377
3309 378
1784 379
2741 380
3612 381
1437 382
662 383
409 384
3339 385
1376 386
4435 387
4128 388
2443 389
2267 390
66 391
2283 392
4341 393
2364 394
3267 395
3181 396
4061 397
2137 398
1122 399
3805 400
184 401
3266 402
2464 403
3485 404
4075 405
2703 406
3556 407
2593 408
4103 409
3871 410
4374 411
2057 412
3990 413
3800 414
4237 415
4333 416
3661 417
2318 418
3966 419
2609 420
1902 421
2169 422
3157 423
571 424
1196 425
2431 426
2339 427
4500 428
4360 429
1496 430
1440 431
844 432
4221 433
3248 434
1080 435
218 436
4191 437
2002 438
1880 439
17 440
1240 441
366 442
1486 443
2537 444
913 445
2440 446
54 447
959 448
3071 449
