450 1500
83 0
956 1
3353 2
1226 3
2947 4
2563 5
1577 6
2201 7
1013 8
4067 9
1174 10
576 11
940 12
1997 13
2742 14
4036 15
2440 16
246 17
3831 18
1470 19
587 20
4160 21
4204 22
3209 23
7 24
4225 25
3287 26
2889 27
3709 28
1594 29
3968 30
417 31
445 32
2961 33
2984 34
4057 35
3398 36
724 37
2437 38
1442 39
620 40
2031 41
4388 42
1653 43
1874 44
180 45
4162 46
4113 47
2094 48
2893 49
130 50
1478 51
4425 52
216 53
1664 54
3317 55
116 56
31 57
387 58
3765 59
1434 60
116 61
1238 62
1876 63
2911 64
536 65
589 66
1814 67
3277 68
3987 69
4191 70
1790 71
20 72
1337 73
3642 74
4428 75
1660 76
1566 77
3413 78
3512 79
3768 80
2597 81
4067 82
1735 83
4149 84
2982 85
4221 86
2547 87
2496 88
3034 89
57 90
3224 91
3499 92
3948 93
2705 94
3300 95
2252 96
2715 97
492 98
2261 99
4481 100
4482 101
2010 102
530 103
248 104
679 105
4389 106
167 107
1114 108
3996 109
2290 110
1715 111
3033 112
1920 113
1614 114
772 115
1089 116
4471 117
914 118
2989 119
3679 120
3621 121
3862 122
2038 123
710 124
148 125
1807 126
1226 127
1356 128
2019 129
3282 130
2891 131
4345 132
73 133
242 134
1564 135
4180 136
3688 137
2858 138
213 139
4070 140
1523 141
3430 142
205 143
4030 144
3768 145
3141 146
1678 147
1909 148
2097 149
3364 150
1417 151
169 152
329 153
3284 154
2573 155
1567 156
2003 157
1378 158
690 159
3716 160
2792 161
420 162
449 163
938 164
2517 165
3254 166
3908 167
416 168
2741 169
745 170
2743 171
439 172
4019 173
601 174
2851 175
1354 176
756 177
2379 178
1504 179
4344 180
2742 181
1076 182
3832 183
3897 184
817 185
1435 186
3966 187
3873 188
2974 189
2310 190
2212 191
3647 192
3291 193
1330 194
3930 195
1595 196
3726 197
1830 198
2983 199
1147 200
639 201
1557 202
975 203
3041 204
3853 205
468 206
4198 207
1483 208
3889 209
2936 210
1512 211
1814 212
133 213
2014 214
2790 215
4148 216
220 217
1633 218
4101 219
563 220
2692 221
2388 222
615 223
3325 224
2323 225
247 226
174 227
2857 228
2206 229
1273 230
200 231
3411 232
1701 233
1482 234
1943 235
846 236
679 237
1909 238
1310 239
2313 240
4028 241
1303 242
100 243
2934 244
1719 245
3431 246
1480 247
1462 248
2882 249
3345 250
3385 251
1440 252
2622 253
1600 254
427 255
3369 256
498 257
95 258
2094 259
3285 260
3965 261
1411 262
938 263
3869 264
537 265
412 266
3438 267
4387 268
3997 269
81 270
2166 271
1071 272
2227 273
946 274
1543 275
3096 276
293 277
1641 278
1677 279
858 280
693 281
1344 282
1314 283
1283 284
2411 285
3380 286
477 287
3173 288
1451 289
945 290
4041 291
4062 292
3332 293
323 294
261 295
3137 296
332 297
3529 298
2725 299
4486 300
4440 301
1450 302
1515 303
2271 304
583 305
2231 306
144 307
1313 308
2905 309
2750 310
4364 311
3589 312
2305 313
3438 314
2269 315
3702 316
18 317
3904 318
91 319
1374 320
1075 321
2678 322
3343 323
2900 324
767 325
2663 326
3092 327
2687 328
4096 329
638 330
267 331
750 332
3951 333
3118 334
1404 335
1434 336
455 337
3667 338
4334 339
1130 340
3466 341
106 342
3754 343
2338 344
268 345
442 346
3682 347
536 348
1595 349
4012 350
4374 351
2735 352
3121 353
3581 354
4296 355
3542 356
901 357
3139 358
4226 359
3038 360
3779 361
4117 362
1965 363
1696 364
762 365
4323 366
2657 367
1423 368
4382 369
3557 370
198 371
4397 372
2516 373
976 374
3221 375
412 376
1054 377
3238 378
967 379
191 380
4373 381
1002 382
3862 383
368 384
2544 385
1497 386
166 387
797 388
3471 389
494 390
949 391
405 392
3191 393
3791 394
3668 395
2443 396
3428 397
2284 398
1983 399
634 400
437 401
591 402
2491 403
1018 404
589 405
3863 406
2069 407
3868 408
3286 409
1688 410
1039 411
2406 412
3114 413
3757 414
893 415
3017 416
2864 417
302 418
2376 419
2205 420
871 421
2829 422
51 423
2949 424
4296 425
3461 426
3632 427
2113 428
3661 429
1196 430
3061 431
4018 432
4299 433
1826 434
3668 435
3845 436
1605 437
3546 438
4103 439
3397 440
3071 441
2038 442
1718 443
1181 444
3096 445
662 446
3874 447
1936 448
1297 449
