400 300
3657 0
2780 1
2006 2
1781 3
3799 4
1973 5
1454 6
345 7
3264 8
1076 9
1630 10
1259 11
3712 12
3289 13
3623 14
2065 15
1149 16
2877 17
250 18
995 19
3460 20
2068 21
2045 22
2125 23
3964 24
2575 25
2778 26
2329 27
2962 28
2712 29
1791 30
242 31
48 32
2857 33
488 34
838 35
2394 36
236 37
3305 38
1318 39
2902 40
316 41
109 42
212 43
3654 44
2340 45
3538 46
2122 47
2135 48
2149 49
2526 50
28 51
1855 52
1498 53
2151 54
2104 55
2759 56
718 57
1868 58
3919 59
1287 60
3939 61
3301 62
2037 63
2909 64
1354 65
414 66
1876 67
211 68
3265 69
1555 70
2974 71
1079 72
469 73
2940 74
1805 75
1595 76
3840 77
3109 78
3898 79
1971 80
3764 81
2967 82
1262 83
961 84
1588 85
3108 86
3019 87
794 88
1369 89
64 90
2133 91
514 92
2735 93
1368 94
2892 95
827 96
3939 97
743 98
2963 99
626 100
3977 101
464 102
3690 103
3652 104
3585 105
1016 106
314 107
1308 108
3577 109
3915 110
1637 111
900 112
2927 113
3856 114
1291 115
167 116
2049 117
1154 118
1658 119
2774 120
1368 121
3255 122
2157 123
2657 124
3485 125
11 126
2387 127
119 128
2562 129
1900 130
3966 131
3798 132
3635 133
941 134
3767 135
916 136
3770 137
3047 138
815 139
569 140
2169 141
1061 142
3045 143
1999 144
3808 145
2781 146
3020 147
3678 148
981 149
1110 150
1137 151
3656 152
3187 153
2389 154
1189 155
1915 156
1865 157
3455 158
1472 159
3393 160
3783 161
2667 162
3018 163
3480 164
834 165
3505 166
280 167
2140 168
1916 169
393 170
3283 171
295 172
2348 173
44 174
3546 175
1863 176
3811 177
926 178
441 179
2984 180
794 181
3914 182
157 183
3313 184
2341 185
2730 186
2438 187
72 188
2263 189
2312 190
3093 191
524 192
2255 193
3803 194
1119 195
3564 196
3067 197
3863 198
76 199
3616 200
3351 201
779 202
2533 203
2650 204
1062 205
2505 206
1123 207
1894 208
1984 209
1811 210
2359 211
819 212
2303 213
3911 214
1755 215
2212 216
1772 217
3436 218
1730 219
3812 220
1529 221
2134 222
376 223
1476 224
3354 225
2602 226
1703 227
893 228
3277 229
2036 230
1164 231
160 232
1179 233
3716 234
1006 235
220 236
1845 237
1839 238
2271 239
2618 240
995 241
1576 242
2900 243
896 244
2622 245
2438 246
2843 247
550 248
1235 249
2877 250
2651 251
2969 252
1755 253
2891 254
116 255
3563 256
3508 257
13 258
1441 259
1704 260
1367 261
1744 262
3795 263
666 264
637 265
1729 266
3908 267
504 268
2588 269
3264 270
1550 271
3132 272
2506 273
1470 274
3012 275
2087 276
3169 277
1721 278
2857 279
504 280
981 281
501 282
1951 283
3989 284
3657 285
2785 286
2652 287
2750 288
1758 289
2658 290
2305 291
1425 292
2824 293
709 294
950 295
1870 296
1643 297
238 298
2565 299
268 300
1066 301
792 302
481 303
1266 304
2113 305
1585 306
3180 307
2839 308
2969 309
1183 310
1488 311
2181 312
2564 313
3872 314
887 315
2053 316
2392 317
1757 318
3796 319
3630 320
656 321
1877 322
3354 323
2471 324
3821 325
3489 326
3547 327
1931 328
561 329
3301 330
161 331
226 332
2114 333
65 334
1905 335
2985 336
454 337
2284 338
2247 339
2782 340
601 341
2444 342
2126 343
2562 344
433 345
2595 346
1178 347
3641 348
484 349
3177 350
3908 351
3693 352
700 353
96 354
2379 355
2805 356
3603 357
3611 358
3775 359
207 360
2409 361
1678 362
949 363
2834 364
1411 365
2722 366
1539 367
1021 368
3574 369
2393 370
3275 371
1178 372
2672 373
1960 374
3134 375
3004 376
3983 377
1 378
63 379
2554 380
3552 381
2597 382
1894 383
2877 384
2139 385
861 386
2905 387
951 388
3962 389
1236 390
651 391
3011 392
1453 393
1803 394
1816 395
73 396
3866 397
1390 398
2092 399
