400 950
186 0
342 1
2502 2
3658 3
1695 4
3577 5
1403 6
2158 7
3100 8
2908 9
2120 10
1773 11
1904 12
3143 13
824 14
2620 15
1103 16
1914 17
2697 18
2702 19
1576 20
1890 21
3728 22
1365 23
3461 24
3134 25
2725 26
377 27
3874 28
1111 29
3417 30
231 31
1626 32
253 33
705 34
953 35
2185 36
3568 37
2196 38
2800 39
1822 40
1474 41
951 42
3942 43
3114 44
3762 45
1548 46
3008 47
1322 48
3265 49
2 50
2458 51
3114 52
1236 53
2908 54
3325 55
3614 56
2127 57
475 58
1673 59
449 60
3984 61
10 62
2410 63
3738 64
3175 65
63 66
3315 67
682 68
1150 69
3210 70
2395 71
2766 72
191 73
432 74
3663 75
2917 76
2203 77
517 78
2740 79
1171 80
1454 81
3624 82
2496 83
693 84
449 85
2378 86
489 87
3149 88
2603 89
2831 90
1026 91
1567 92
2814 93
3569 94
1616 95
2815 96
2360 97
1321 98
2440 99
3945 100
3722 101
1808 102
2508 103
2632 104
2202 105
3807 106
1058 107
3343 108
3669 109
1279 110
1180 111
1875 112
2478 113
2274 114
2409 115
3224 116
1138 117
487 118
471 119
143 120
3243 121
731 122
103 123
3156 124
651 125
1778 126
1605 127
3466 128
2167 129
2085 130
1923 131
2864 132
45 133
1892 134
3783 135
2402 136
1364 137
2336 138
1514 139
2673 140
3819 141
1537 142
2974 143
2254 144
1401 145
1970 146
3772 147
3772 148
1482 149
828 150
1491 151
321 152
1766 153
3710 154
1013 155
649 156
2053 157
2133 158
3050 159
2278 160
2293 161
92 162
1457 163
834 164
3459 165
1708 166
3334 167
1331 168
1624 169
420 170
2679 171
2570 172
2335 173
166 174
1943 175
527 176
2356 177
3850 178
2472 179
3067 180
460 181
1924 182
1633 183
2295 184
2599 185
2794 186
3742 187
965 188
3504 189
2139 190
1035 191
2789 192
3916 193
485 194
567 195
2438 196
2253 197
2064 198
3279 199
1037 200
345 201
3644 202
1052 203
340 204
1146 205
1662 206
1719 207
1062 208
2081 209
3134 210
2246 211
3248 212
3086 213
2470 214
38 215
2834 216
2992 217
2352 218
1164 219
3676 220
1016 221
3732 222
425 223
206 224
1971 225
2643 226
3475 227
380 228
3585 229
1879 230
544 231
2477 232
643 233
3882 234
2026 235
3824 236
1994 237
2754 238
3653 239
3371 240
1252 241
2599 242
3689 243
3111 244
3836 245
3733 246
3988 247
1265 248
3241 249
3103 250
1948 251
3819 252
3474 253
304 254
2638 255
3425 256
509 257
2805 258
947 259
2333 260
3515 261
2851 262
2984 263
3484 264
2019 265
300 266
3224 267
942 268
3677 269
3126 270
2205 271
2056 272
3694 273
3309 274
3658 275
2056 276
378 277
3386 278
2191 279
2100 280
1814 281
2 282
3731 283
2328 284
2473 285
3521 286
3438 287
1182 288
1906 289
2921 290
2949 291
1183 292
3686 293
2115 294
2314 295
2274 296
2314 297
2900 298
3384 299
1760 300
854 301
1616 302
3459 303
3310 304
697 305
297 306
2366 307
1538 308
801 309
3572 310
1817 311
3177 312
3542 313
2177 314
1642 315
3402 316
2027 317
1644 318
17 319
1277 320
3174 321
1814 322
1623 323
300 324
960 325
1462 326
2311 327
3551 328
297 329
3636 330
154 331
3653 332
1214 333
1077 334
1288 335
1151 336
3162 337
2945 338
515 339
1649 340
3535 341
1360 342
1201 343
321 344
892 345
77 346
2662 347
2627 348
875 349
1836 350
845 351
2221 352
1281 353
3274 354
3731 355
1848 356
3767 357
1755 358
390 359
154 360
2412 361
1739 362
2990 363
2575 364
2686 365
100 366
686 367
79 368
3635 369
1863 370
679 371
3543 372
3560 373
247 374
1924 375
1166 376
596 377
256 378
3714 379
1862 380
2831 381
2250 382
2950 383
3872 384
2320 385
3443 386
3159 387
1561 388
1439 389
3439 390
2164 391
1402 392
3516 393
195 394
2823 395
824 396
2161 397
576 398
1148 399
