450 1000
1218 0
163 1
964 2
4475 3
2252 4
73 5
2557 6
45 7
3715 8
1744 9
3719 10
1965 11
2033 12
3939 13
3245 14
4209 15
2582 16
2798 17
4115 18
3474 19
4332 20
2552 21
4385 22
3750 23
93 24
1622 25
1612 26
3107 27
3612 28
3697 29
43 30
1001 31
2946 32
327 33
3085 34
2636 35
4103 36
3653 37
646 38
827 39
3499 40
4308 41
4123 42
1442 43
3759 44
971 45
611 46
920 47
4254 48
719 49
2659 50
3582 51
548 52
2465 53
2970 54
1019 55
1895 56
3251 57
3356 58
2131 59
54 60
1400 61
2437 62
4289 63
3809 64
658 65
185 66
1071 67
332 68
2150 69
3183 70
997 71
821 72
2362 73
950 74
92 75
4086 76
2811 77
3779 78
3073 79
3157 80
2339 81
1224 82
4422 83
1784 84
3346 85
1976 86
1042 87
2630 88
77 89
3152 90
2667 91
164 92
3583 93
430 94
2740 95
3708 96
4291 97
1062 98
851 99
140 100
1400 101
2508 102
1124 103
2482 104
2405 105
800 106
1178 107
3920 108
1101 109
4023 110
3509 111
4004 112
2615 113
509 114
162 115
1225 116
4481 117
470 118
2514 119
3595 120
83 121
1379 122
2988 123
3804 124
182 125
2464 126
3812 127
1067 128
260 129
1054 130
1762 131
11 132
4272 133
70 134
3940 135
3001 136
2996 137
3638 138
353 139
3399 140
898 141
1583 142
3277 143
1349 144
2729 145
3654 146
1551 147
2628 148
2256 149
3092 150
4083 151
4465 152
4343 153
1096 154
2487 155
2292 156
3118 157
2944 158
1047 159
3823 160
4194 161
4472 162
2319 163
1468 164
2721 165
379 166
2783 167
2260 168
1147 169
1385 170
3439 171
3938 172
213 173
3763 174
4251 175
256 176
4224 177
1905 178
1984 179
2471 180
2754 181
2659 182
2636 183
740 184
861 185
4465 186
2851 187
260 188
2358 189
148 190
2892 191
323 192
2820 193
77 194
4258 195
117 196
1662 197
3956 198
2588 199
1392 200
777 201
2782 202
2990 203
936 204
3739 205
1977 206
3441 207
184 208
2447 209
105 210
3623 211
2151 212
3471 213
1608 214
847 215
383 216
540 217
2631 218
3134 219
3422 220
3670 221
425 222
2315 223
1234 224
4446 225
3397 226
4452 227
1770 228
2255 229
3964 230
3718 231
2428 232
3323 233
4362 234
3884 235
3607 236
1924 237
618 238
2450 239
515 240
752 241
3776 242
1882 243
4445 244
1855 245
667 246
11 247
3118 248
785 249
3914 250
3038 251
1444 252
2742 253
2361 254
2175 255
892 256
4325 257
4457 258
894 259
2985 260
1532 261
2400 262
2151 263
1103 264
2894 265
4337 266
2769 267
3218 268
1404 269
2535 270
925 271
2581 272
3011 273
3385 274
2429 275
1060 276
433 277
978 278
1905 279
2104 280
3711 281
2602 282
3787 283
442 284
850 285
2389 286
3904 287
4041 288
1601 289
3600 290
2113 291
348 292
351 293
2270 294
3592 295
1416 296
3706 297
4098 298
1563 299
917 300
861 301
3799 302
1212 303
2165 304
717 305
3045 306
1942 307
3289 308
4056 309
4081 310
4203 311
2911 312
1900 313
4120 314
1431 315
4311 316
2843 317
685 318
1339 319
1432 320
2610 321
632 322
474 323
4454 324
4214 325
986 326
3097 327
3896 328
1065 329
3508 330
1887 331
1651 332
3209 333
4082 334
878 335
2546 336
3823 337
2219 338
2278 339
1520 340
1346 341
3658 342
689 343
936 344
1329 345
889 346
3994 347
2290 348
3854 349
3548 350
2345 351
3275 352
868 353
1428 354
1883 355
4195 356
863 357
826 358
1724 359
1081 360
3359 361
3217 362
1259 363
2656 364
1871 365
117 366
1665 367
3797 368
3132 369
2452 370
1431 371
238 372
1913 373
628 374
3650 375
3378 376
1737 377
3163 378
1677 379
3783 380
546 381
1757 382
444 383
3472 384
1388 385
2850 386
1489 387
138 388
1349 389
3682 390
1412 391
3609 392
2997 393
2710 394
697 395
647 396
582 397
3240 398
1550 399
1904 400
3259 401
3450 402
21 403
2654 404
1070 405
3114 406
3196 407
3128 408
2421 409
3464 410
2414 411
2121 412
1105 413
15 414
1735 415
288 416
43 417
3101 418
878 419
462 420
2502 421
1522 422
4400 423
4002 424
2903 425
1371 426
2511 427
1322 428
2258 429
3949 430
2228 431
894 432
1435 433
1322 434
3338 435
2521 436
553 437
2483 438
174 439
2191 440
3616 441
3052 442
1035 443
916 444
4404 445
2458 446
3155 447
983 448
1054 449
