450 150
4102 0
4444 1
4456 2
123 3
2996 4
3592 5
4500 6
1412 7
3865 8
2429 9
102 10
3160 11
2218 12
2035 13
4194 14
1552 15
1689 16
3126 17
2032 18
3208 19
4493 20
4132 21
247 22
2385 23
3235 24
4428 25
2879 26
1550 27
3143 28
1531 29
4036 30
2085 31
515 32
1067 33
1311 34
536 35
1308 36
3909 37
1083 38
3650 39
2695 40
3470 41
501 42
1521 43
1682 44
491 45
2456 46
3567 47
3030 48
1474 49
1136 50
3994 51
2587 52
1639 53
2536 54
2418 55
3637 56
1976 57
2209 58
4405 59
3213 60
15 61
4123 62
683 63
813 64
4113 65
2968 66
4037 67
1683 68
3759 69
2490 70
2687 71
801 72
2889 73
160 74
1707 75
1935 76
1043 77
121 78
2946 79
520 80
2668 81
3331 82
3555 83
4391 84
6 85
412 86
2475 87
386 88
1185 89
478 90
3615 91
2476 92
2272 93
3026 94
384 95
3010 96
2321 97
2179 98
2500 99
3852 100
2977 101
3029 102
2732 103
555 104
1416 105
2690 106
2927 107
4219 108
4331 109
4285 110
3738 111
3618 112
178 113
474 114
2254 115
1534 116
4151 117
3862 118
4302 119
2795 120
42 121
3546 122
4293 123
2219 124
2585 125
1551 126
2584 127
3317 128
3038 129
2645 130
4154 131
1177 132
3896 133
4209 134
1702 135
1671 136
598 137
3738 138
828 139
320 140
134 141
3184 142
694 143
2748 144
3791 145
682 146
2329 147
1553 148
18 149
1959 150
1645 151
708 152
3416 153
510 154
3823 155
786 156
1397 157
1227 158
2204 159
1350 160
2842 161
793 162
3498 163
4180 164
91 165
3437 166
2530 167
3798 168
2773 169
3584 170
4395 171
3452 172
4498 173
1477 174
3334 175
2106 176
1706 177
1938 178
1330 179
3055 180
3405 181
4361 182
592 183
4197 184
3988 185
539 186
425 187
4354 188
3193 189
2054 190
3861 191
4100 192
3461 193
3666 194
3576 195
376 196
3267 197
3536 198
714 199
2678 200
792 201
2154 202
1503 203
2861 204
3461 205
2150 206
1508 207
1066 208
355 209
259 210
2280 211
1389 212
270 213
769 214
2003 215
540 216
350 217
3124 218
2818 219
2417 220
4497 221
1395 222
3077 223
1715 224
2134 225
1487 226
2230 227
3051 228
1703 229
3088 230
4361 231
2024 232
3291 233
746 234
3212 235
4253 236
457 237
2242 238
2180 239
652 240
2624 241
772 242
1462 243
4048 244
1192 245
983 246
2414 247
3223 248
3337 249
4353 250
3829 251
4188 252
502 253
1239 254
524 255
4396 256
3303 257
2391 258
2676 259
1079 260
2296 261
864 262
10 263
346 264
3001 265
2244 266
2814 267
956 268
1383 269
2721 270
1527 271
3561 272
2583 273
3437 274
1990 275
2273 276
1786 277
840 278
2668 279
1708 280
3049 281
2785 282
587 283
13 284
568 285
3484 286
2135 287
3794 288
1688 289
811 290
2660 291
117 292
3971 293
945 294
1178 295
69 296
1390 297
186 298
201 299
254 300
2317 301
2833 302
2003 303
563 304
2191 305
1545 306
4481 307
3070 308
35 309
2569 310
2630 311
39 312
3149 313
4160 314
670 315
1938 316
3177 317
1448 318
2700 319
3114 320
3473 321
621 322
887 323
3940 324
1332 325
4274 326
782 327
746 328
2907 329
245 330
585 331
2952 332
1608 333
1939 334
3692 335
2216 336
4159 337
3133 338
2839 339
779 340
3058 341
2259 342
2220 343
2530 344
4099 345
3617 346
4100 347
450 348
2896 349
2548 350
4032 351
2658 352
2316 353
2417 354
3048 355
2615 356
3282 357
3012 358
979 359
964 360
3815 361
772 362
4258 363
183 364
3432 365
1199 366
3461 367
99 368
2078 369
420 370
4327 371
1582 372
125 373
1239 374
357 375
4159 376
466 377
3821 378
2618 379
690 380
1667 381
3482 382
1262 383
991 384
4446 385
2798 386
1060 387
3091 388
1354 389
504 390
1677 391
903 392
4090 393
1217 394
3138 395
2691 396
2634 397
3218 398
743 399
3423 400
820 401
1496 402
2955 403
4053 404
4192 405
2581 406
1537 407
4007 408
4162 409
251 410
2208 411
1564 412
728 413
2424 414
1710 415
4180 416
3636 417
3948 418
799 419
157 420
3668 421
4013 422
4014 423
4445 424
2097 425
2290 426
4330 427
846 428
1621 429
772 430
22 431
3776 432
3985 433
3946 434
3235 435
3130 436
2831 437
1069 438
4234 439
168 440
2965 441
4080 442
93 443
2080 444
2761 445
2465 446
2677 447
238 448
2300 449
