400 650
675 0
2550 1
649 2
3157 3
1041 4
3508 5
785 6
1056 7
573 8
670 9
173 10
1109 11
585 12
2403 13
322 14
683 15
2506 16
3880 17
2882 18
481 19
3195 20
3292 21
495 22
3950 23
960 24
3004 25
1131 26
3900 27
542 28
1915 29
2048 30
3875 31
331 32
996 33
1070 34
2363 35
1627 36
3076 37
784 38
2526 39
3749 40
2070 41
1344 42
138 43
3546 44
602 45
2882 46
1449 47
3307 48
3512 49
2158 50
1441 51
1074 52
1723 53
3609 54
1621 55
2865 56
15 57
816 58
3305 59
457 60
805 61
2843 62
3212 63
2511 64
160 65
2192 66
1962 67
2808 68
2775 69
1746 70
1180 71
3286 72
417 73
2730 74
2420 75
1225 76
631 77
730 78
3489 79
3773 80
1081 81
3253 82
3598 83
426 84
416 85
3230 86
2102 87
3947 88
595 89
288 90
3354 91
530 92
2775 93
41 94
182 95
1269 96
2519 97
2331 98
3121 99
3066 100
3369 101
1878 102
2268 103
977 104
2235 105
217 106
1606 107
1544 108
1975 109
2833 110
3671 111
2203 112
1461 113
388 114
1149 115
1574 116
3811 117
20 118
978 119
1154 120
3995 121
3056 122
1522 123
58 124
2186 125
1373 126
3720 127
1066 128
2900 129
2563 130
979 131
303 132
126 133
2707 134
1268 135
2518 136
246 137
1924 138
2431 139
3091 140
3147 141
899 142
1379 143
3231 144
613 145
1819 146
687 147
3925 148
1731 149
2208 150
711 151
3520 152
1551 153
3691 154
972 155
3285 156
792 157
3585 158
1899 159
1658 160
2150 161
3370 162
1394 163
2552 164
2699 165
1632 166
2611 167
83 168
1071 169
777 170
2166 171
3580 172
3039 173
3142 174
1527 175
1700 176
1989 177
3276 178
1536 179
3406 180
1311 181
1585 182
2995 183
3834 184
2724 185
2416 186
942 187
502 188
2558 189
1202 190
1608 191
543 192
2360 193
2420 194
1711 195
1687 196
2184 197
162 198
3814 199
2084 200
1804 201
1515 202
1309 203
3931 204
1069 205
2697 206
2651 207
3466 208
231 209
532 210
954 211
3584 212
494 213
3945 214
636 215
1501 216
35 217
3873 218
3126 219
2777 220
1898 221
1818 222
2402 223
3629 224
886 225
700 226
3090 227
452 228
157 229
2484 230
1021 231
3419 232
1128 233
689 234
3759 235
1121 236
74 237
1808 238
3710 239
3293 240
748 241
939 242
3753 243
2864 244
3977 245
3036 246
3097 247
2412 248
1921 249
1146 250
1895 251
2326 252
3369 253
2419 254
2452 255
412 256
1533 257
829 258
25 259
2338 260
2087 261
3277 262
1708 263
709 264
2320 265
2446 266
766 267
2342 268
3255 269
3617 270
3203 271
3769 272
3189 273
751 274
896 275
2200 276
3880 277
3125 278
1659 279
3921 280
2565 281
488 282
1130 283
2676 284
1304 285
1983 286
3896 287
1977 288
2654 289
3781 290
1547 291
1831 292
1815 293
500 294
2432 295
2227 296
1690 297
3818 298
2603 299
1055 300
1067 301
3673 302
2580 303
3249 304
1991 305
3726 306
1142 307
797 308
1225 309
2116 310
1218 311
1931 312
1654 313
3276 314
541 315
3750 316
366 317
208 318
741 319
338 320
3639 321
517 322
374 323
2398 324
1197 325
523 326
1044 327
351 328
3308 329
3291 330
1431 331
1619 332
3389 333
1737 334
2982 335
1895 336
366 337
119 338
852 339
2547 340
352 341
2185 342
1326 343
1733 344
3956 345
3876 346
1896 347
2274 348
798 349
1430 350
3856 351
1924 352
768 353
2214 354
1397 355
2924 356
1574 357
1982 358
3866 359
434 360
3751 361
2026 362
2539 363
2310 364
2844 365
747 366
2501 367
3738 368
40 369
1100 370
2279 371
313 372
2856 373
797 374
2340 375
2914 376
1191 377
346 378
3327 379
2561 380
3681 381
3716 382
2866 383
3544 384
3708 385
3919 386
628 387
3190 388
3227 389
659 390
2024 391
1995 392
2093 393
3846 394
817 395
2142 396
207 397
126 398
1710 399
