400 750
313 0
1397 1
519 2
2511 3
849 4
234 5
2547 6
3451 7
2219 8
1346 9
1270 10
3956 11
3223 12
2851 13
3059 14
3486 15
3892 16
580 17
3771 18
1744 19
59 20
3024 21
529 22
971 23
1734 24
2932 25
1188 26
2345 27
2331 28
2856 29
1215 30
3493 31
3210 32
1001 33
2286 34
167 35
3395 36
1695 37
2572 38
924 39
2089 40
720 41
261 42
2577 43
3714 44
2349 45
3762 46
2088 47
1436 48
2801 49
3301 50
1721 51
2884 52
3573 53
805 54
2055 55
351 56
3465 57
3865 58
3613 59
879 60
2262 61
3416 62
3676 63
3311 64
3469 65
907 66
303 67
2102 68
1454 69
576 70
3678 71
3432 72
1421 73
604 74
3517 75
70 76
1581 77
2940 78
635 79
473 80
930 81
1081 82
2801 83
1358 84
807 85
1794 86
2850 87
3729 88
3753 89
1409 90
3986 91
1457 92
2219 93
560 94
384 95
2590 96
2071 97
3616 98
1630 99
2100 100
3411 101
2116 102
2017 103
2314 104
1000 105
548 106
3302 107
2338 108
698 109
3221 110
3899 111
1835 112
380 113
3919 114
1548 115
3687 116
3598 117
1409 118
2440 119
1287 120
3482 121
3922 122
595 123
51 124
3770 125
2395 126
2520 127
1547 128
3447 129
3237 130
1109 131
806 132
2063 133
948 134
676 135
844 136
1845 137
3388 138
2757 139
2586 140
2144 141
1848 142
3781 143
1366 144
2087 145
705 146
2314 147
2339 148
3244 149
3645 150
2884 151
1402 152
3644 153
195 154
1123 155
1533 156
2835 157
923 158
2297 159
1398 160
2033 161
3429 162
3874 163
1778 164
3458 165
1654 166
2170 167
2071 168
3826 169
49 170
3677 171
3856 172
1717 173
596 174
2042 175
2031 176
610 177
3083 178
873 179
1755 180
3171 181
3029 182
2890 183
3291 184
1401 185
809 186
2445 187
2059 188
992 189
3461 190
296 191
132 192
1121 193
3830 194
516 195
3288 196
3942 197
1314 198
2889 199
3437 200
1632 201
320 202
1663 203
3047 204
3281 205
1621 206
677 207
1 208
3775 209
3950 210
3387 211
998 212
1542 213
1043 214
582 215
3449 216
3917 217
3017 218
3913 219
1907 220
504 221
1346 222
2859 223
425 224
3401 225
1314 226
3774 227
843 228
3826 229
3086 230
3578 231
2674 232
403 233
1858 234
756 235
3903 236
3433 237
1458 238
2085 239
2472 240
1139 241
1859 242
721 243
1685 244
2288 245
3403 246
1898 247
1965 248
3242 249
577 250
2359 251
3006 252
2693 253
3598 254
759 255
3436 256
13 257
187 258
3542 259
1480 260
1422 261
3595 262
2597 263
8 264
697 265
1231 266
3162 267
1897 268
2308 269
1556 270
1791 271
2802 272
1176 273
1430 274
484 275
1229 276
3911 277
964 278
1299 279
1826 280
2992 281
2263 282
2339 283
1411 284
3701 285
3643 286
62 287
2472 288
2962 289
464 290
1139 291
1974 292
2620 293
1367 294
1154 295
2312 296
1571 297
3052 298
903 299
1300 300
2250 301
466 302
1624 303
3313 304
1672 305
601 306
150 307
2904 308
1798 309
929 310
284 311
3921 312
1672 313
3226 314
2846 315
1716 316
2540 317
1107 318
65 319
731 320
3578 321
2077 322
3118 323
1356 324
2049 325
143 326
2588 327
119 328
176 329
2363 330
1992 331
2087 332
475 333
884 334
3982 335
1576 336
1286 337
1036 338
3134 339
41 340
2260 341
2213 342
386 343
2204 344
2361 345
1769 346
3733 347
2812 348
1174 349
1317 350
436 351
2679 352
1038 353
151 354
2091 355
379 356
3745 357
495 358
2793 359
888 360
2660 361
12 362
720 363
3212 364
1406 365
357 366
1346 367
2540 368
1432 369
1655 370
290 371
2651 372
3502 373
150 374
1552 375
2240 376
2441 377
1143 378
1179 379
2753 380
377 381
2239 382
2740 383
1484 384
3728 385
1720 386
3325 387
3077 388
1224 389
885 390
2343 391
2932 392
3884 393
2886 394
3967 395
1862 396
714 397
2547 398
37 399
