450 1600
2701 0
4479 1
1614 2
969 3
869 4
992 5
1601 6
3094 7
2911 8
963 9
2810 10
167 11
4131 12
2983 13
507 14
1727 15
2688 16
4054 17
973 18
3823 19
4098 20
3976 21
344 22
2648 23
3382 24
1206 25
4076 26
2082 27
779 28
229 29
3538 30
3827 31
117 32
2766 33
424 34
2285 35
666 36
4211 37
588 38
1164 39
2506 40
4031 41
1956 42
4189 43
892 44
3554 45
335 46
4227 47
317 48
485 49
150 50
999 51
2858 52
340 53
3950 54
3923 55
1161 56
4120 57
3823 58
8 59
3917 60
648 61
3956 62
300 63
4472 64
2292 65
693 66
2974 67
3597 68
3455 69
3096 70
2127 71
3067 72
3521 73
4017 74
3968 75
705 76
823 77
1695 78
2799 79
3607 80
2894 81
2190 82
2352 83
2275 84
364 85
4151 86
828 87
651 88
1615 89
950 90
3170 91
2905 92
1484 93
3180 94
2314 95
475 96
374 97
2319 98
525 99
4329 100
707 101
3685 102
1051 103
2561 104
5 105
1058 106
1812 107
4482 108
3558 109
222 110
1238 111
1932 112
617 113
4445 114
1374 115
4330 116
4152 117
3257 118
561 119
996 120
2551 121
881 122
4054 123
2573 124
1091 125
2444 126
2504 127
4444 128
2340 129
66 130
3669 131
4313 132
3104 133
2388 134
2794 135
1579 136
2964 137
240 138
688 139
2573 140
2617 141
4039 142
1627 143
960 144
3215 145
3128 146
3652 147
3429 148
1150 149
3502 150
221 151
2766 152
1896 153
3030 154
1875 155
35 156
330 157
1160 158
3893 159
1020 160
1508 161
899 162
3725 163
4348 164
2661 165
1105 166
4456 167
1920 168
3225 169
272 170
117 171
3539 172
557 173
101 174
2696 175
3638 176
1779 177
3333 178
3707 179
3006 180
1065 181
327 182
2861 183
3117 184
78 185
1829 186
882 187
2765 188
3313 189
2802 190
4063 191
1490 192
713 193
1272 194
1170 195
3950 196
2918 197
2799 198
3514 199
249 200
2260 201
54 202
811 203
251 204
1289 205
811 206
112 207
570 208
3516 209
4455 210
4368 211
3683 212
772 213
2237 214
3492 215
3747 216
3916 217
3157 218
895 219
4261 220
3190 221
15 222
2004 223
466 224
2591 225
2006 226
1130 227
4416 228
1291 229
1236 230
302 231
248 232
4250 233
1748 234
2204 235
913 236
532 237
3248 238
3988 239
3354 240
3325 241
5 242
2826 243
94 244
1129 245
2269 246
4031 247
2823 248
1623 249
3264 250
3531 251
3650 252
4420 253
3340 254
4108 255
2985 256
198 257
2927 258
1136 259
218 260
1710 261
3635 262
3652 263
2269 264
3829 265
3440 266
2314 267
504 268
4332 269
981 270
156 271
1159 272
1539 273
4156 274
2267 275
58 276
4236 277
4047 278
3167 279
511 280
1272 281
1407 282
1671 283
4232 284
137 285
2603 286
108 287
3490 288
3366 289
3561 290
527 291
3737 292
2802 293
2052 294
1286 295
4447 296
968 297
868 298
3827 299
4433 300
1905 301
1827 302
1638 303
3220 304
3047 305
816 306
3234 307
1575 308
1212 309
4429 310
4140 311
3689 312
3304 313
934 314
1623 315
1080 316
1423 317
2622 318
2047 319
1708 320
2489 321
1076 322
1041 323
298 324
2850 325
1873 326
972 327
515 328
3623 329
735 330
1295 331
4100 332
1796 333
2357 334
4187 335
3080 336
2868 337
983 338
2353 339
1141 340
2907 341
776 342
4217 343
4030 344
1274 345
3747 346
2640 347
4331 348
787 349
3541 350
2892 351
3755 352
3622 353
687 354
3915 355
2199 356
2898 357
1108 358
463 359
3150 360
1340 361
4470 362
2796 363
3642 364
2903 365
941 366
3887 367
3170 368
3944 369
4171 370
4308 371
1720 372
1709 373
1630 374
637 375
4459 376
3790 377
1601 378
2366 379
2303 380
1486 381
446 382
3387 383
1021 384
1854 385
2411 386
2461 387
458 388
1455 389
235 390
1413 391
4495 392
350 393
292 394
1144 395
3790 396
1094 397
268 398
4483 399
1647 400
3165 401
1454 402
4033 403
66 404
1008 405
4277 406
4025 407
2830 408
1005 409
445 410
3317 411
1274 412
4263 413
4333 414
3973 415
383 416
3108 417
2672 418
146 419
831 420
3800 421
3689 422
2331 423
3067 424
835 425
3658 426
15 427
4131 428
4439 429
1182 430
2714 431
644 432
2808 433
1411 434
2551 435
1702 436
831 437
1701 438
3221 439
4162 440
4429 441
3924 442
1932 443
3423 444
2709 445
3084 446
2006 447
928 448
3405 449
