450 900
339 0
636 1
2121 2
2679 3
3604 4
1350 5
4130 6
869 7
4351 8
2462 9
1382 10
833 11
1242 12
558 13
52 14
3425 15
2037 16
1721 17
2061 18
3219 19
539 20
2291 21
4048 22
2345 23
1545 24
2051 25
1584 26
739 27
4218 28
720 29
3955 30
225 31
3927 32
984 33
2815 34
2305 35
1898 36
1337 37
3117 38
2110 39
1648 40
3172 41
1904 42
3877 43
491 44
3458 45
152 46
1147 47
842 48
3697 49
1111 50
3003 51
3687 52
2904 53
2548 54
763 55
4171 56
3994 57
2334 58
2270 59
1808 60
2739 61
1437 62
1020 63
785 64
3440 65
4360 66
386 67
1405 68
1914 69
3425 70
3395 71
577 72
2194 73
151 74
4429 75
4128 76
1672 77
118 78
2814 79
953 80
1762 81
2631 82
3881 83
3530 84
3796 85
3064 86
2373 87
2920 88
222 89
739 90
20 91
2736 92
3252 93
1040 94
3526 95
1232 96
104 97
3105 98
1478 99
568 100
2932 101
665 102
1147 103
2857 104
3399 105
1295 106
1020 107
3935 108
1312 109
3768 110
3696 111
2798 112
2923 113
102 114
2487 115
45 116
2278 117
3878 118
2696 119
2587 120
2164 121
3352 122
770 123
4281 124
367 125
796 126
2735 127
2164 128
3253 129
3992 130
2587 131
4025 132
3328 133
1957 134
1894 135
330 136
2133 137
1133 138
312 139
1491 140
4465 141
337 142
3021 143
3641 144
3979 145
2324 146
108 147
3983 148
635 149
3399 150
1321 151
3681 152
2693 153
1890 154
2844 155
985 156
728 157
3548 158
1141 159
2477 160
2685 161
886 162
4489 163
1539 164
27 165
2592 166
3764 167
3151 168
2889 169
166 170
696 171
1772 172
2441 173
2886 174
3685 175
1415 176
378 177
855 178
3945 179
2718 180
2961 181
3654 182
4063 183
236 184
3032 185
3230 186
247 187
3822 188
1968 189
1668 190
284 191
1582 192
1420 193
3818 194
3528 195
4255 196
1527 197
677 198
2958 199
2581 200
3462 201
2229 202
4456 203
626 204
3563 205
482 206
1975 207
926 208
2392 209
984 210
2920 211
1320 212
3945 213
2674 214
1534 215
3997 216
38 217
3263 218
3594 219
3327 220
3215 221
3344 222
3869 223
252 224
3173 225
3750 226
2531 227
1777 228
3278 229
3072 230
902 231
2986 232
2044 233
2810 234
2531 235
3157 236
3029 237
1152 238
3367 239
436 240
2078 241
2411 242
663 243
3640 244
2320 245
3297 246
197 247
1568 248
3182 249
3088 250
2381 251
1512 252
366 253
3875 254
2079 255
1656 256
2735 257
1963 258
4002 259
1849 260
2641 261
3375 262
804 263
3559 264
101 265
578 266
68 267
2694 268
2663 269
2177 270
3804 271
3083 272
4038 273
174 274
3072 275
144 276
2686 277
3182 278
678 279
3876 280
4250 281
279 282
448 283
338 284
2355 285
194 286
2523 287
3509 288
3650 289
4053 290
3810 291
4017 292
2619 293
1505 294
2697 295
2403 296
2235 297
461 298
3989 299
4212 300
1080 301
1647 302
1900 303
1283 304
4092 305
2706 306
3020 307
2385 308
1934 309
2163 310
2 311
1332 312
2122 313
3107 314
2462 315
231 316
103 317
3180 318
718 319
317 320
2859 321
673 322
214 323
1958 324
3356 325
1031 326
1568 327
3217 328
2242 329
2782 330
3891 331
3433 332
3137 333
920 334
1426 335
2980 336
1500 337
2096 338
892 339
1612 340
904 341
3117 342
1675 343
3757 344
2890 345
1858 346
4280 347
2181 348
840 349
2226 350
4466 351
2770 352
1516 353
4038 354
3002 355
3692 356
2884 357
112 358
3457 359
3609 360
741 361
2231 362
1509 363
3683 364
3475 365
2280 366
230 367
813 368
392 369
1773 370
693 371
162 372
2528 373
4062 374
2323 375
1069 376
4388 377
839 378
513 379
469 380
2498 381
584 382
3821 383
385 384
53 385
4271 386
3921 387
1834 388
1256 389
472 390
778 391
1122 392
2669 393
1318 394
1670 395
1669 396
1978 397
3317 398
901 399
3691 400
4280 401
2701 402
1122 403
2157 404
3147 405
3237 406
2620 407
2925 408
478 409
1731 410
3 411
2991 412
1860 413
61 414
4419 415
1077 416
4065 417
896 418
2219 419
762 420
3228 421
3056 422
1052 423
2150 424
2093 425
4333 426
3040 427
3941 428
2300 429
4270 430
902 431
1733 432
4313 433
2768 434
457 435
3885 436
2384 437
4102 438
4133 439
3819 440
920 441
3078 442
4221 443
817 444
4105 445
1602 446
1777 447
3289 448
4231 449
