450 1050
1929 0
3737 1
1856 2
861 3
2042 4
602 5
3280 6
3372 7
1739 8
3285 9
2506 10
1198 11
194 12
2048 13
2266 14
2698 15
4365 16
1724 17
2880 18
4374 19
2879 20
1670 21
87 22
2900 23
2111 24
2400 25
2748 26
1795 27
2105 28
2400 29
3241 30
3283 31
4209 32
478 33
595 34
4207 35
3354 36
2768 37
3089 38
347 39
3835 40
219 41
2774 42
2813 43
3995 44
1912 45
1669 46
3006 47
2743 48
4111 49
624 50
44 51
2876 52
879 53
2546 54
3737 55
719 56
4455 57
27 58
2978 59
4356 60
81 61
102 62
2836 63
310 64
1753 65
4147 66
2926 67
1648 68
3347 69
1655 70
2886 71
3013 72
3808 73
2970 74
2399 75
901 76
179 77
843 78
466 79
3203 80
1389 81
2159 82
1939 83
1921 84
3919 85
3237 86
1667 87
454 88
1039 89
618 90
355 91
1971 92
1040 93
3003 94
1526 95
3116 96
3227 97
3930 98
552 99
2735 100
636 101
4194 102
1216 103
1619 104
946 105
2103 106
779 107
1603 108
2211 109
1957 110
2360 111
2617 112
2626 113
298 114
4264 115
1188 116
1678 117
3769 118
537 119
4335 120
3981 121
1580 122
2597 123
225 124
3734 125
3758 126
4221 127
1606 128
1534 129
2514 130
3125 131
3503 132
2145 133
1549 134
4073 135
2171 136
1463 137
2533 138
165 139
2611 140
716 141
1283 142
3066 143
870 144
1726 145
2339 146
2037 147
4286 148
3875 149
332 150
295 151
2387 152
1609 153
3849 154
1701 155
3554 156
3857 157
3751 158
48 159
1730 160
3865 161
3050 162
3952 163
1470 164
3184 165
748 166
3565 167
4305 168
244 169
2766 170
1246 171
4339 172
2375 173
4419 174
250 175
907 176
234 177
1894 178
2704 179
1582 180
855 181
2850 182
4042 183
3603 184
3126 185
170 186
484 187
491 188
2398 189
1204 190
4443 191
1623 192
3764 193
4496 194
3175 195
4148 196
4035 197
2776 198
318 199
55 200
94 201
3183 202
3165 203
1842 204
3390 205
3826 206
4440 207
4364 208
3263 209
713 210
4098 211
800 212
1838 213
2343 214
2574 215
4177 216
3538 217
2498 218
1609 219
745 220
3827 221
2290 222
2403 223
401 224
4477 225
476 226
146 227
4267 228
316 229
3360 230
3075 231
68 232
4387 233
1754 234
2997 235
356 236
370 237
873 238
3502 239
2114 240
4381 241
2710 242
4043 243
1982 244
4436 245
2475 246
1337 247
4383 248
496 249
3044 250
4214 251
715 252
356 253
706 254
140 255
1914 256
3447 257
1953 258
4478 259
997 260
2802 261
2316 262
3949 263
1318 264
3057 265
2056 266
3209 267
1060 268
4404 269
2308 270
669 271
2597 272
1430 273
3105 274
1316 275
4310 276
1373 277
930 278
2168 279
4414 280
4 281
357 282
3271 283
298 284
2612 285
2668 286
3745 287
6 288
1785 289
1917 290
4103 291
2449 292
3089 293
1729 294
4456 295
1117 296
4050 297
1895 298
3895 299
382 300
3704 301
742 302
3321 303
1720 304
4351 305
1092 306
4430 307
2443 308
1377 309
1310 310
233 311
3345 312
335 313
4348 314
3041 315
3574 316
3320 317
4154 318
1350 319
3585 320
3622 321
2014 322
2580 323
3678 324
1617 325
2540 326
2539 327
2514 328
2195 329
3792 330
4412 331
1376 332
939 333
2818 334
2487 335
1436 336
2985 337
1978 338
4454 339
3876 340
4326 341
1979 342
1250 343
4275 344
223 345
4483 346
1481 347
3290 348
3388 349
3763 350
347 351
906 352
4340 353
4151 354
2739 355
3308 356
3471 357
3561 358
3212 359
2077 360
2953 361
1481 362
1223 363
1715 364
2715 365
3133 366
2008 367
1136 368
645 369
2928 370
1748 371
3003 372
239 373
3241 374
4268 375
2680 376
1213 377
2007 378
2521 379
1534 380
3147 381
1479 382
3139 383
3809 384
3020 385
631 386
3373 387
4340 388
805 389
662 390
2182 391
343 392
3766 393
344 394
2444 395
652 396
2734 397
3350 398
3843 399
1874 400
14 401
1083 402
772 403
4237 404
2202 405
445 406
2760 407
509 408
1359 409
583 410
3021 411
2781 412
1565 413
3659 414
658 415
1937 416
2758 417
1781 418
2776 419
4136 420
2822 421
571 422
2238 423
3544 424
56 425
426 426
1013 427
4399 428
312 429
4283 430
1212 431
1378 432
1973 433
3849 434
2007 435
2502 436
2354 437
2568 438
1725 439
1071 440
884 441
3369 442
201 443
4053 444
1454 445
440 446
3712 447
3863 448
2659 449
