550 1650
4336 0
2220 1
2779 2
3098 3
2984 4
1905 5
2148 6
2358 7
5414 8
401 9
1354 10
1357 11
614 12
70 13
885 14
5301 15
3649 16
2449 17
272 18
4466 19
4938 20
439 21
3167 22
4917 23
3956 24
3412 25
721 26
2626 27
5145 28
1152 29
4432 30
5115 31
3596 32
4361 33
2349 34
2958 35
1483 36
800 37
3971 38
4909 39
613 40
3202 41
4403 42
1769 43
2341 44
864 45
4715 46
4820 47
2303 48
5279 49
572 50
5352 51
747 52
2748 53
530 54
192 55
1482 56
5010 57
3876 58
1042 59
4407 60
4391 61
3819 62
1495 63
1683 64
2640 65
2155 66
5434 67
3529 68
2107 69
566 70
4070 71
976 72
5430 73
4614 74
1431 75
1220 76
886 77
3427 78
4617 79
1432 80
662 81
849 82
5427 83
1449 84
4272 85
2139 86
572 87
956 88
2235 89
4051 90
2595 91
3926 92
2978 93
3706 94
5091 95
2907 96
36 97
2823 98
3145 99
1987 100
2837 101
3673 102
2503 103
1195 104
897 105
1702 106
1567 107
1856 108
4638 109
4006 110
3376 111
2120 112
5265 113
2048 114
4026 115
3929 116
1785 117
3285 118
1835 119
1922 120
2996 121
4468 122
2819 123
876 124
5233 125
2696 126
2789 127
3432 128
3422 129
1337 130
3094 131
3631 132
3643 133
4314 134
5260 135
4152 136
105 137
4221 138
3759 139
3169 140
4567 141
4295 142
3316 143
1858 144
5341 145
1473 146
2697 147
4203 148
5280 149
785 150
2868 151
5495 152
3162 153
1005 154
5438 155
4242 156
192 157
3346 158
4096 159
3078 160
4055 161
1921 162
765 163
4058 164
962 165
2757 166
1959 167
3646 168
2600 169
1322 170
1937 171
5478 172
998 173
3895 174
337 175
3983 176
4978 177
3006 178
23 179
1822 180
4153 181
2249 182
3545 183
4844 184
1188 185
5478 186
1066 187
849 188
1645 189
1293 190
4451 191
3924 192
1153 193
735 194
5084 195
1818 196
1508 197
2892 198
3948 199
1708 200
4698 201
2638 202
2732 203
1765 204
862 205
4860 206
3839 207
3182 208
3493 209
4384 210
702 211
1872 212
4307 213
3398 214
4438 215
3095 216
913 217
2772 218
2247 219
5412 220
2322 221
1518 222
4489 223
4747 224
3692 225
4873 226
1665 227
2196 228
1140 229
772 230
1822 231
3701 232
4133 233
4344 234
3620 235
3044 236
1636 237
4193 238
2623 239
2569 240
4712 241
1735 242
2635 243
1909 244
3844 245
4568 246
2561 247
5343 248
4090 249
613 250
4973 251
5314 252
1906 253
1961 254
2560 255
2870 256
4673 257
41 258
5363 259
144 260
1554 261
2972 262
4940 263
884 264
637 265
1957 266
58 267
3987 268
1606 269
2641 270
5489 271
5149 272
420 273
4771 274
4689 275
1026 276
3960 277
943 278
899 279
2260 280
494 281
4601 282
4701 283
1596 284
2254 285
2101 286
1603 287
3938 288
5349 289
2317 290
1829 291
1688 292
5050 293
2449 294
4204 295
3690 296
4731 297
1577 298
2112 299
2750 300
1289 301
3241 302
4016 303
3154 304
4668 305
4379 306
1089 307
3638 308
280 309
2005 310
5102 311
500 312
990 313
2893 314
3128 315
336 316
3030 317
962 318
3147 319
499 320
4314 321
3447 322
4211 323
268 324
2657 325
140 326
4717 327
3432 328
3607 329
4595 330
869 331
4050 332
3440 333
3927 334
4526 335
3998 336
2867 337
2030 338
614 339
3652 340
4194 341
1069 342
1568 343
1410 344
1930 345
2210 346
3825 347
2822 348
3916 349
3433 350
5284 351
1105 352
268 353
2106 354
2110 355
4110 356
920 357
1516 358
2686 359
2321 360
3096 361
5365 362
5466 363
1778 364
1440 365
3877 366
2360 367
3475 368
336 369
4455 370
2271 371
1831 372
1495 373
4893 374
1980 375
4721 376
785 377
4436 378
2245 379
1384 380
2981 381
3553 382
3711 383
4104 384
2433 385
652 386
3804 387
2905 388
3975 389
386 390
4338 391
1937 392
5466 393
779 394
4421 395
2940 396
3489 397
2317 398
3863 399
5009 400
3334 401
508 402
4526 403
3523 404
3150 405
5144 406
1731 407
1177 408
287 409
1419 410
1703 411
2053 412
648 413
4660 414
1720 415
1009 416
2882 417
1606 418
4728 419
4517 420
461 421
2204 422
4415 423
642 424
35 425
4715 426
867 427
3306 428
4095 429
5101 430
1235 431
4009 432
299 433
1448 434
3591 435
1401 436
2500 437
4231 438
2101 439
3854 440
5186 441
957 442
4431 443
409 444
2538 445
870 446
4546 447
5279 448
2048 449
6 450
2245 451
153 452
5017 453
3327 454
4836 455
3221 456
3369 457
618 458
729 459
155 460
5493 461
4871 462
5335 463
745 464
4874 465
5250 466
503 467
4645 468
4864 469
4090 470
12 471
3443 472
5113 473
4559 474
4036 475
3893 476
2145 477
4414 478
2376 479
3794 480
704 481
5441 482
906 483
4011 484
1683 485
4048 486
409 487
2116 488
1476 489
373 490
1864 491
5084 492
1059 493
4652 494
2180 495
292 496
3086 497
3240 498
3800 499
1221 500
2746 501
538 502
3087 503
2606 504
2247 505
4407 506
3015 507
1263 508
425 509
269 510
4285 511
731 512
5090 513
5318 514
1797 515
2628 516
1662 517
4548 518
1038 519
3190 520
707 521
5434 522
4619 523
235 524
1468 525
4665 526
3411 527
1640 528
4661 529
5385 530
5404 531
4984 532
1420 533
4913 534
1131 535
4474 536
2745 537
121 538
2801 539
2117 540
1005 541
4087 542
2600 543
3564 544
4026 545
4576 546
2898 547
4147 548
4525 549
