550 200
366 0
4653 1
858 2
598 3
1138 4
4495 5
4303 6
4894 7
1693 8
5408 9
2298 10
2306 11
1340 12
775 13
3190 14
3059 15
3695 16
1470 17
1030 18
4471 19
1816 20
5354 21
4198 22
4716 23
720 24
2839 25
590 26
3345 27
273 28
1348 29
4723 30
1496 31
2609 32
5140 33
4951 34
4374 35
2208 36
675 37
4673 38
92 39
2808 40
416 41
5099 42
852 43
5413 44
578 45
2750 46
2514 47
517 48
4644 49
4265 50
2655 51
2287 52
4069 53
3612 54
4429 55
1420 56
4538 57
2803 58
1358 59
5014 60
1174 61
3049 62
1992 63
4692 64
1614 65
403 66
5081 67
394 68
3864 69
2901 70
1276 71
4751 72
4452 73
1076 74
3396 75
1316 76
74 77
3485 78
1455 79
4973 80
329 81
791 82
1897 83
2364 84
459 85
5239 86
2871 87
4847 88
3251 89
1813 90
2707 91
4525 92
2178 93
3903 94
3140 95
2863 96
469 97
1309 98
1690 99
4072 100
1356 101
2520 102
1479 103
4826 104
328 105
1784 106
340 107
3827 108
3349 109
4297 110
3500 111
2724 112
3967 113
4521 114
4075 115
607 116
2513 117
2844 118
3984 119
4934 120
2188 121
5456 122
495 123
2089 124
3732 125
370 126
3518 127
4242 128
177 129
3326 130
4389 131
5038 132
4994 133
4059 134
4268 135
1840 136
1060 137
3649 138
3796 139
2863 140
2755 141
1554 142
1468 143
1899 144
1955 145
5348 146
1945 147
1507 148
2889 149
4869 150
3885 151
169 152
3394 153
1169 154
4230 155
2981 156
4610 157
1203 158
122 159
2353 160
5400 161
3775 162
1096 163
5332 164
1605 165
2100 166
1313 167
3500 168
2694 169
2244 170
3169 171
152 172
2739 173
4266 174
1461 175
1896 176
4999 177
2044 178
4241 179
3717 180
2580 181
2201 182
2749 183
563 184
690 185
2910 186
3457 187
2424 188
2108 189
2531 190
2235 191
1628 192
3006 193
4328 194
1386 195
3584 196
676 197
897 198
2109 199
2803 200
2644 201
3272 202
4604 203
3645 204
2997 205
2906 206
4876 207
3716 208
2402 209
2199 210
4227 211
3901 212
547 213
2411 214
5468 215
1922 216
448 217
1751 218
4872 219
3022 220
3133 221
3571 222
346 223
5490 224
2053 225
2430 226
1558 227
1326 228
1480 229
4444 230
3730 231
2840 232
5323 233
2528 234
3559 235
4 236
4312 237
1645 238
349 239
1899 240
5263 241
4410 242
2755 243
198 244
4929 245
5096 246
4961 247
751 248
2629 249
5199 250
3923 251
2006 252
3084 253
883 254
4418 255
3317 256
4922 257
1517 258
1035 259
2899 260
701 261
2325 262
4273 263
2516 264
1913 265
1461 266
5254 267
3220 268
569 269
1819 270
1770 271
4028 272
4292 273
5274 274
2270 275
4898 276
4506 277
1997 278
2330 279
870 280
2374 281
958 282
3276 283
2058 284
3254 285
2482 286
5341 287
2313 288
4945 289
288 290
1141 291
4468 292
722 293
2663 294
1312 295
182 296
2659 297
1220 298
1623 299
4510 300
3286 301
1199 302
2070 303
5329 304
1150 305
5295 306
1827 307
498 308
228 309
3937 310
1401 311
3203 312
5236 313
4023 314
325 315
3653 316
5277 317
3510 318
4464 319
4346 320
2703 321
3409 322
3820 323
5023 324
3573 325
2658 326
3955 327
272 328
1236 329
3259 330
3400 331
2381 332
4727 333
3224 334
1862 335
4234 336
3450 337
5157 338
1254 339
3193 340
2055 341
3670 342
3632 343
2210 344
3947 345
5229 346
2097 347
2463 348
3158 349
5398 350
200 351
3595 352
3882 353
2649 354
1278 355
1533 356
4655 357
5459 358
3452 359
3368 360
2600 361
3581 362
4008 363
625 364
35 365
2419 366
4906 367
5238 368
4008 369
3604 370
3297 371
2504 372
3678 373
1113 374
638 375
359 376
2296 377
510 378
4907 379
1876 380
423 381
547 382
2880 383
3262 384
5221 385
2814 386
4719 387
3358 388
2562 389
4022 390
1789 391
4049 392
1713 393
3918 394
2883 395
3762 396
4788 397
471 398
865 399
4882 400
3401 401
2684 402
2367 403
748 404
4736 405
2644 406
2159 407
916 408
3293 409
2137 410
1514 411
315 412
5416 413
658 414
4127 415
631 416
1375 417
4249 418
149 419
361 420
4401 421
2865 422
4382 423
3299 424
4818 425
1090 426
1157 427
4881 428
5396 429
1997 430
4611 431
3158 432
3265 433
2534 434
2415 435
2684 436
3080 437
4422 438
3459 439
4554 440
5293 441
3911 442
506 443
2267 444
4949 445
971 446
2950 447
262 448
4692 449
4743 450
1204 451
5084 452
4848 453
2333 454
3000 455
4207 456
2734 457
2298 458
1788 459
4521 460
4064 461
3963 462
1508 463
2685 464
901 465
901 466
575 467
1478 468
5181 469
360 470
2094 471
2301 472
4317 473
970 474
1751 475
2893 476
4804 477
1810 478
4901 479
2524 480
3960 481
3758 482
3994 483
4198 484
1710 485
2765 486
222 487
5130 488
2888 489
4087 490
1402 491
5111 492
3588 493
3353 494
3999 495
3483 496
2255 497
3501 498
2247 499
5432 500
3302 501
3492 502
3800 503
1594 504
4262 505
1913 506
426 507
4503 508
177 509
2900 510
708 511
2432 512
2305 513
2350 514
5319 515
5079 516
2129 517
2763 518
984 519
4348 520
4004 521
5438 522
756 523
5377 524
4547 525
4620 526
1233 527
4526 528
3139 529
5386 530
3399 531
5354 532
2158 533
4067 534
232 535
5300 536
5087 537
3913 538
4806 539
1234 540
2813 541
4453 542
4436 543
22 544
1231 545
503 546
5035 547
3740 548
4774 549
