500 1150
2915 0
303 1
874 2
2371 3
4437 4
3971 5
457 6
1508 7
3547 8
4180 9
4747 10
390 11
3348 12
4698 13
870 14
1961 15
1619 16
654 17
3400 18
1552 19
2029 20
4020 21
2605 22
3125 23
1352 24
4593 25
2858 26
681 27
4502 28
4172 29
3173 30
2493 31
3886 32
4964 33
1570 34
3551 35
2006 36
3167 37
451 38
3236 39
4353 40
4929 41
213 42
4729 43
2890 44
1016 45
997 46
3208 47
968 48
4678 49
4295 50
2900 51
4829 52
1689 53
4383 54
601 55
2934 56
2731 57
541 58
4923 59
1099 60
335 61
202 62
4020 63
4818 64
26 65
825 66
2557 67
4254 68
241 69
686 70
4725 71
1335 72
3362 73
4448 74
1774 75
2762 76
777 77
2334 78
3218 79
3122 80
174 81
2819 82
2824 83
2761 84
4416 85
935 86
4922 87
321 88
2244 89
2692 90
2522 91
1974 92
1284 93
2892 94
797 95
2185 96
901 97
2768 98
4529 99
2693 100
1756 101
2938 102
2779 103
4563 104
4033 105
1696 106
4458 107
4470 108
2798 109
3042 110
4918 111
1435 112
4928 113
2898 114
1395 115
3820 116
3724 117
357 118
345 119
3480 120
744 121
2951 122
116 123
775 124
4385 125
4834 126
2979 127
1064 128
2653 129
288 130
126 131
55 132
178 133
488 134
2293 135
3972 136
3676 137
4365 138
1269 139
3007 140
2511 141
3462 142
1122 143
4352 144
163 145
1146 146
304 147
4299 148
253 149
2769 150
3716 151
1287 152
2197 153
4006 154
699 155
3847 156
2781 157
4112 158
4209 159
1943 160
1286 161
2517 162
4156 163
4637 164
4719 165
233 166
162 167
186 168
152 169
702 170
384 171
4790 172
2366 173
4278 174
2906 175
4891 176
4553 177
1854 178
3200 179
4670 180
327 181
2392 182
1935 183
2007 184
224 185
3248 186
4943 187
3823 188
3861 189
2086 190
2859 191
69 192
1783 193
4398 194
1775 195
2065 196
3654 197
245 198
4263 199
3771 200
2768 201
3267 202
3147 203
4124 204
1313 205
596 206
2270 207
4409 208
3384 209
1217 210
2643 211
2329 212
3713 213
3344 214
3952 215
933 216
4972 217
3206 218
2841 219
1552 220
3541 221
4000 222
315 223
1164 224
1166 225
2717 226
4024 227
1671 228
1753 229
4396 230
2435 231
1687 232
731 233
3225 234
920 235
845 236
2781 237
191 238
1539 239
1481 240
1963 241
3929 242
3729 243
4584 244
964 245
468 246
2587 247
185 248
1389 249
3837 250
2446 251
3762 252
1120 253
2900 254
1360 255
785 256
681 257
4046 258
3263 259
3443 260
278 261
331 262
3088 263
1763 264
4541 265
4185 266
1399 267
3437 268
4838 269
4789 270
3521 271
2511 272
704 273
304 274
4812 275
3110 276
2481 277
3971 278
850 279
3224 280
2255 281
1987 282
2846 283
179 284
2030 285
4473 286
2360 287
3189 288
4292 289
3668 290
1303 291
1697 292
1692 293
4651 294
3803 295
1655 296
3527 297
108 298
2199 299
1381 300
725 301
3620 302
1895 303
1411 304
2116 305
1502 306
4444 307
853 308
95 309
1595 310
900 311
3531 312
1504 313
515 314
738 315
3834 316
4120 317
4493 318
97 319
4183 320
853 321
1791 322
1144 323
661 324
4658 325
2361 326
1798 327
2682 328
3506 329
127 330
4876 331
1303 332
1226 333
3225 334
135 335
1172 336
2934 337
299 338
4852 339
1327 340
1984 341
826 342
4907 343
4257 344
1958 345
3045 346
2614 347
234 348
3000 349
1152 350
3330 351
3203 352
4234 353
676 354
1416 355
663 356
1707 357
2908 358
3020 359
1483 360
4833 361
1600 362
1158 363
3695 364
4596 365
542 366
3462 367
2955 368
4377 369
2096 370
4304 371
876 372
1675 373
3874 374
4428 375
4159 376
2051 377
1571 378
4051 379
118 380
2841 381
1472 382
3510 383
4490 384
2409 385
2012 386
3550 387
1172 388
2213 389
51 390
819 391
1954 392
3511 393
519 394
3226 395
1329 396
3172 397
1492 398
413 399
1441 400
374 401
3510 402
3113 403
2510 404
232 405
3674 406
4458 407
4763 408
991 409
3225 410
4613 411
747 412
71 413
1132 414
513 415
373 416
4754 417
4896 418
3604 419
186 420
4578 421
1800 422
3009 423
130 424
2664 425
559 426
1929 427
4094 428
3612 429
3793 430
69 431
4207 432
3853 433
4464 434
3057 435
2467 436
1375 437
4166 438
2852 439
2712 440
485 441
346 442
3902 443
4804 444
2499 445
3493 446
4244 447
356 448
2304 449
26 450
560 451
3573 452
3075 453
2996 454
52 455
3676 456
555 457
360 458
1583 459
4625 460
910 461
2770 462
1774 463
95 464
4914 465
3393 466
581 467
4677 468
3073 469
994 470
2662 471
677 472
3193 473
3855 474
1056 475
1381 476
4535 477
4339 478
4502 479
4335 480
539 481
372 482
4459 483
2297 484
2609 485
3324 486
843 487
3717 488
2209 489
164 490
3454 491
2459 492
4674 493
3936 494
1681 495
3283 496
828 497
3546 498
3875 499
