550 400
1933 0
4416 1
5137 2
703 3
1746 4
1230 5
5308 6
3239 7
2288 8
1255 9
46 10
431 11
4573 12
688 13
2735 14
780 15
1085 16
3104 17
915 18
1530 19
980 20
3783 21
3149 22
3194 23
2208 24
3491 25
5468 26
4063 27
5056 28
1628 29
4641 30
2278 31
3911 32
723 33
3610 34
467 35
1117 36
1021 37
1059 38
3701 39
572 40
599 41
3162 42
2538 43
4806 44
3654 45
514 46
2684 47
4852 48
5046 49
2316 50
538 51
3523 52
3689 53
3808 54
1707 55
3100 56
2023 57
2513 58
3653 59
1401 60
1142 61
2573 62
741 63
3380 64
317 65
3982 66
4020 67
3769 68
5485 69
152 70
2989 71
3805 72
3943 73
2977 74
648 75
580 76
5157 77
4439 78
5255 79
1858 80
3187 81
3784 82
5142 83
1766 84
1311 85
2517 86
2982 87
1454 88
5111 89
2416 90
3072 91
3737 92
4352 93
4854 94
2015 95
143 96
1181 97
2366 98
4867 99
1706 100
4270 101
3465 102
2164 103
3672 104
3344 105
664 106
2612 107
47 108
2564 109
3926 110
2811 111
4323 112
1326 113
3048 114
1777 115
1091 116
578 117
5147 118
354 119
3604 120
4678 121
287 122
4369 123
111 124
3312 125
1568 126
418 127
767 128
5478 129
4263 130
2702 131
1392 132
4728 133
2198 134
3172 135
3579 136
1006 137
4663 138
3365 139
4850 140
3860 141
3549 142
1371 143
2231 144
3186 145
1 146
3294 147
1976 148
4435 149
2464 150
4406 151
716 152
3298 153
4311 154
888 155
2517 156
3020 157
4581 158
3088 159
2613 160
4513 161
3921 162
2770 163
1420 164
3628 165
3352 166
891 167
752 168
4550 169
1675 170
4866 171
4480 172
2952 173
211 174
3522 175
2104 176
1915 177
706 178
515 179
473 180
3047 181
2956 182
5011 183
3438 184
1740 185
3575 186
2146 187
2635 188
4619 189
4876 190
712 191
4544 192
2204 193
395 194
2645 195
4652 196
1747 197
5023 198
1465 199
4606 200
1857 201
4997 202
4879 203
2248 204
2290 205
2578 206
1159 207
3997 208
3539 209
2758 210
4967 211
3252 212
887 213
4087 214
2515 215
5445 216
4606 217
2188 218
33 219
2643 220
603 221
2548 222
308 223
5088 224
4601 225
3242 226
3694 227
4749 228
4354 229
1737 230
3359 231
1688 232
5449 233
2984 234
1983 235
3621 236
4607 237
763 238
738 239
1875 240
2836 241
799 242
608 243
1583 244
5338 245
5084 246
166 247
5032 248
1094 249
4737 250
4450 251
2279 252
2051 253
1507 254
3738 255
1510 256
2890 257
2304 258
2747 259
498 260
3455 261
3415 262
4558 263
3859 264
2124 265
3562 266
3102 267
1038 268
1308 269
3258 270
447 271
5108 272
43 273
2551 274
966 275
678 276
2491 277
4554 278
5129 279
2996 280
864 281
1878 282
5188 283
4715 284
299 285
2561 286
4163 287
1608 288
5165 289
4400 290
48 291
5324 292
3592 293
4133 294
4692 295
1966 296
5118 297
1447 298
5448 299
736 300
4201 301
3507 302
465 303
2930 304
2970 305
2711 306
3769 307
1852 308
1499 309
2412 310
3767 311
439 312
3564 313
2738 314
1298 315
1848 316
4186 317
4276 318
2451 319
1946 320
1760 321
3474 322
2885 323
5491 324
438 325
4497 326
4052 327
4737 328
3526 329
1472 330
1919 331
400 332
2830 333
2143 334
2611 335
4390 336
2911 337
858 338
437 339
1700 340
2834 341
1223 342
4746 343
4154 344
103 345
2400 346
793 347
1285 348
5258 349
1409 350
259 351
4163 352
1394 353
152 354
3962 355
594 356
4484 357
1262 358
2604 359
1322 360
558 361
523 362
242 363
3747 364
2802 365
2870 366
4536 367
3795 368
5053 369
4409 370
5396 371
5406 372
4342 373
244 374
5263 375
2155 376
1701 377
2357 378
4531 379
4094 380
1315 381
2109 382
1162 383
2838 384
1802 385
1258 386
5207 387
4232 388
1295 389
3261 390
2927 391
435 392
1648 393
4646 394
3108 395
4661 396
711 397
4603 398
872 399
4313 400
1383 401
352 402
1288 403
3894 404
2616 405
4837 406
2578 407
4447 408
5045 409
846 410
4921 411
1108 412
1872 413
1921 414
1196 415
3989 416
509 417
5 418
5451 419
2764 420
1241 421
2903 422
2796 423
4026 424
5433 425
2231 426
5170 427
4531 428
5401 429
4987 430
906 431
2682 432
4120 433
3656 434
78 435
4207 436
116 437
3794 438
4300 439
2234 440
4281 441
5384 442
1861 443
3007 444
3444 445
377 446
3656 447
1316 448
4680 449
4134 450
4394 451
1217 452
5497 453
4837 454
4578 455
5145 456
4704 457
1105 458
1659 459
1317 460
3968 461
897 462
4093 463
5106 464
4956 465
272 466
365 467
668 468
5406 469
4367 470
5184 471
1870 472
2089 473
5162 474
3060 475
4313 476
4752 477
2699 478
3797 479
317 480
1186 481
5381 482
3926 483
3665 484
3936 485
4414 486
4278 487
4561 488
582 489
3337 490
1248 491
213 492
4973 493
5079 494
3691 495
3542 496
2127 497
3478 498
1114 499
3475 500
4394 501
886 502
2633 503
4425 504
2155 505
4379 506
3709 507
1849 508
4099 509
1670 510
1197 511
2529 512
2056 513
2124 514
503 515
1035 516
3853 517
2716 518
5339 519
2110 520
3079 521
3246 522
386 523
2682 524
4234 525
672 526
625 527
1032 528
2123 529
1088 530
2135 531
2801 532
2354 533
5336 534
4693 535
1092 536
1468 537
815 538
633 539
507 540
440 541
4525 542
3363 543
2016 544
2641 545
2963 546
5191 547
2044 548
1697 549
