550 1100
3027 0
3890 1
5033 2
3769 3
2209 4
233 5
977 6
638 7
2298 8
499 9
423 10
2359 11
4638 12
904 13
898 14
56 15
5026 16
3067 17
3452 18
3119 19
4591 20
3192 21
888 22
5181 23
3794 24
3572 25
1719 26
593 27
3732 28
3901 29
5034 30
2986 31
5069 32
5492 33
714 34
3512 35
4065 36
2738 37
3301 38
1115 39
136 40
4664 41
3644 42
1206 43
2533 44
3210 45
4091 46
301 47
2981 48
2341 49
4216 50
1572 51
3255 52
5064 53
3714 54
1897 55
1531 56
2026 57
3944 58
2031 59
3910 60
61 61
3313 62
1971 63
376 64
3436 65
1174 66
3504 67
4500 68
5338 69
4760 70
5021 71
611 72
2100 73
61 74
3242 75
3134 76
4012 77
5073 78
2481 79
846 80
3268 81
3753 82
5275 83
3248 84
3031 85
2422 86
4735 87
3726 88
2255 89
781 90
3177 91
3216 92
2098 93
100 94
4323 95
3149 96
4543 97
4212 98
2291 99
1264 100
4817 101
4207 102
3603 103
2228 104
2757 105
2696 106
3869 107
2497 108
3569 109
4223 110
2584 111
76 112
2690 113
4044 114
779 115
749 116
540 117
5190 118
4096 119
530 120
4959 121
4422 122
2797 123
616 124
2689 125
4498 126
1067 127
244 128
971 129
5367 130
3930 131
3213 132
5001 133
2683 134
4188 135
4029 136
4657 137
4857 138
3157 139
4780 140
609 141
3748 142
1828 143
508 144
2697 145
1040 146
1275 147
4461 148
4763 149
103 150
5045 151
2771 152
3373 153
5294 154
2682 155
4322 156
3572 157
4521 158
1323 159
674 160
4763 161
4458 162
1261 163
3295 164
946 165
3416 166
4657 167
439 168
1836 169
3113 170
2093 171
4797 172
4261 173
2504 174
3340 175
647 176
919 177
5087 178
1905 179
4577 180
4176 181
398 182
1370 183
4139 184
4587 185
132 186
1470 187
2171 188
2723 189
4794 190
1464 191
4685 192
2027 193
754 194
3118 195
2546 196
905 197
4994 198
2122 199
1981 200
4466 201
3650 202
3105 203
576 204
522 205
5133 206
544 207
3258 208
5314 209
5418 210
1772 211
73 212
3991 213
4712 214
203 215
4251 216
4766 217
1834 218
4153 219
2912 220
4737 221
4110 222
2843 223
1685 224
2424 225
3456 226
3933 227
4328 228
319 229
4551 230
104 231
3607 232
2768 233
789 234
1440 235
4915 236
4894 237
1861 238
4823 239
1424 240
1871 241
1950 242
663 243
2893 244
3386 245
3254 246
3653 247
2481 248
5337 249
2710 250
2174 251
903 252
2812 253
2996 254
1236 255
4536 256
2573 257
1590 258
5082 259
2539 260
3294 261
1516 262
4902 263
5093 264
1087 265
798 266
2403 267
2220 268
441 269
1378 270
500 271
2539 272
3692 273
619 274
2791 275
4265 276
908 277
4922 278
1384 279
1486 280
2805 281
3531 282
4413 283
5497 284
3149 285
1978 286
1187 287
4295 288
290 289
647 290
1663 291
2680 292
4048 293
1316 294
953 295
4857 296
5401 297
2889 298
943 299
2043 300
2069 301
1008 302
2195 303
1462 304
4027 305
2582 306
3779 307
1353 308
4767 309
4202 310
3759 311
407 312
1612 313
1931 314
305 315
5061 316
2154 317
3321 318
1276 319
5040 320
5149 321
5168 322
2722 323
1984 324
1693 325
4694 326
390 327
1969 328
2442 329
5275 330
2723 331
2962 332
3100 333
4583 334
746 335
2432 336
1225 337
66 338
4837 339
2308 340
2710 341
5136 342
4498 343
1534 344
5087 345
3349 346
3853 347
1234 348
5104 349
5449 350
2037 351
5197 352
101 353
2453 354
323 355
1477 356
1834 357
318 358
2297 359
3537 360
714 361
308 362
3691 363
5221 364
3210 365
2192 366
843 367
5074 368
1561 369
1983 370
4927 371
1881 372
1610 373
3207 374
2806 375
2318 376
3096 377
2404 378
2679 379
3327 380
272 381
3320 382
5003 383
4112 384
3182 385
5278 386
1671 387
4019 388
566 389
2953 390
4980 391
2991 392
1980 393
4671 394
1341 395
1223 396
1658 397
4363 398
440 399
463 400
4619 401
4246 402
744 403
5044 404
1348 405
1165 406
4922 407
1684 408
746 409
350 410
3466 411
1599 412
1230 413
2896 414
4455 415
3729 416
2552 417
1134 418
1854 419
125 420
1976 421
4757 422
1302 423
2129 424
5343 425
3021 426
1743 427
4880 428
2647 429
3753 430
5455 431
1123 432
4917 433
3909 434
3174 435
807 436
1310 437
1767 438
2757 439
3495 440
4443 441
3275 442
2401 443
3316 444
2708 445
3797 446
2689 447
4214 448
631 449
73 450
1953 451
5010 452
3011 453
4683 454
3168 455
2136 456
4779 457
4417 458
4605 459
3810 460
2721 461
4292 462
3057 463
1576 464
3693 465
442 466
4201 467
1369 468
3633 469
1606 470
4878 471
2314 472
3233 473
3580 474
2181 475
2586 476
3135 477
1699 478
4096 479
3189 480
5221 481
2174 482
2273 483
4613 484
3525 485
1746 486
3996 487
865 488
624 489
1958 490
3956 491
1718 492
1839 493
5253 494
2728 495
1782 496
4922 497
1820 498
3262 499
1482 500
3445 501
3877 502
47 503
4775 504
3322 505
2164 506
938 507
574 508
280 509
2662 510
261 511
5087 512
2945 513
4735 514
4215 515
5371 516
2476 517
35 518
3409 519
1070 520
2117 521
2357 522
860 523
3488 524
2101 525
184 526
5085 527
4775 528
4211 529
2358 530
1528 531
2361 532
30 533
4002 534
4573 535
3408 536
792 537
3631 538
3190 539
4683 540
5043 541
5325 542
851 543
4017 544
2591 545
151 546
4180 547
1262 548
3345 549
