500 1300
4269 0
2141 1
2397 2
2328 3
3623 4
2304 5
219 6
2975 7
4994 8
2810 9
2437 10
3943 11
589 12
2833 13
781 14
3909 15
2285 16
3370 17
191 18
4387 19
4518 20
1312 21
1811 22
4277 23
4002 24
3297 25
3326 26
3218 27
770 28
468 29
2373 30
1353 31
4230 32
1641 33
1197 34
86 35
4393 36
4670 37
2804 38
3041 39
755 40
4409 41
4608 42
2677 43
4383 44
792 45
33 46
946 47
353 48
3767 49
945 50
3066 51
3099 52
3101 53
2745 54
623 55
3606 56
3285 57
1887 58
1219 59
2100 60
155 61
1862 62
555 63
76 64
1046 65
745 66
862 67
1729 68
1767 69
2709 70
4572 71
3017 72
4338 73
1735 74
2414 75
4900 76
3463 77
3353 78
1399 79
4666 80
3802 81
45 82
3787 83
3432 84
1343 85
1896 86
2119 87
2116 88
1872 89
568 90
4327 91
481 92
3142 93
2288 94
3065 95
2562 96
969 97
3475 98
2692 99
637 100
3625 101
4303 102
1231 103
3603 104
2955 105
1415 106
4059 107
4849 108
1292 109
2476 110
3952 111
348 112
3659 113
484 114
2985 115
3622 116
1462 117
4777 118
1952 119
1282 120
4016 121
4428 122
1062 123
4277 124
874 125
1494 126
871 127
10 128
3156 129
688 130
870 131
998 132
4019 133
168 134
257 135
2942 136
3259 137
2813 138
4580 139
4899 140
1637 141
1145 142
4600 143
2881 144
4228 145
3904 146
1535 147
2367 148
479 149
1609 150
1336 151
1116 152
2494 153
1796 154
1517 155
3247 156
3768 157
4927 158
4512 159
3510 160
3960 161
1587 162
3512 163
3892 164
2468 165
2328 166
595 167
4339 168
1155 169
1337 170
1148 171
1304 172
2030 173
511 174
77 175
3212 176
244 177
3735 178
1135 179
927 180
3236 181
759 182
3205 183
2938 184
570 185
63 186
503 187
1994 188
2657 189
70 190
4251 191
91 192
368 193
4052 194
3789 195
1821 196
1552 197
622 198
1079 199
41 200
1168 201
2064 202
4879 203
3299 204
1364 205
2056 206
2983 207
131 208
2194 209
2738 210
527 211
222 212
3613 213
1193 214
2504 215
3194 216
1029 217
106 218
2532 219
1992 220
4863 221
793 222
2176 223
4892 224
3849 225
4038 226
65 227
4369 228
282 229
2819 230
4676 231
383 232
4971 233
3334 234
2984 235
2826 236
196 237
1829 238
3230 239
2189 240
4401 241
4031 242
4365 243
145 244
927 245
1227 246
2903 247
4970 248
2712 249
3487 250
1537 251
4035 252
1881 253
1828 254
23 255
3242 256
3390 257
2383 258
4070 259
3535 260
1054 261
4075 262
377 263
2594 264
3456 265
1194 266
256 267
4508 268
2837 269
2010 270
4235 271
2161 272
1626 273
4454 274
2 275
3579 276
2972 277
4153 278
1940 279
1830 280
1369 281
4317 282
756 283
4166 284
3752 285
689 286
2674 287
2462 288
3441 289
3369 290
3388 291
2429 292
2388 293
1231 294
2030 295
2160 296
2216 297
552 298
4556 299
3464 300
3350 301
4474 302
1592 303
2282 304
3269 305
2336 306
4398 307
3518 308
4297 309
3993 310
4614 311
3940 312
2475 313
4370 314
4259 315
4713 316
276 317
13 318
3059 319
1339 320
4619 321
2062 322
2250 323
932 324
594 325
1675 326
3876 327
4282 328
373 329
1234 330
511 331
4523 332
2397 333
208 334
2739 335
3080 336
4850 337
2293 338
4871 339
3616 340
1029 341
3960 342
3620 343
2739 344
1021 345
4306 346
176 347
2867 348
2531 349
552 350
3283 351
1447 352
3922 353
439 354
2397 355
3168 356
238 357
2034 358
877 359
2731 360
3676 361
2986 362
4478 363
1870 364
3790 365
1025 366
2314 367
1875 368
2668 369
4644 370
1669 371
4573 372
4617 373
4092 374
3473 375
681 376
254 377
3182 378
169 379
4001 380
3333 381
4058 382
4281 383
470 384
3870 385
4544 386
450 387
3464 388
2730 389
2957 390
3466 391
4599 392
2079 393
3768 394
3961 395
4432 396
1690 397
4185 398
833 399
1894 400
1603 401
4796 402
2865 403
4023 404
231 405
1500 406
3761 407
951 408
929 409
979 410
2731 411
2774 412
3955 413
2520 414
3513 415
2854 416
885 417
3396 418
1725 419
2996 420
2621 421
3923 422
2957 423
1976 424
3227 425
4807 426
3874 427
4254 428
1579 429
3411 430
4052 431
4355 432
1300 433
3159 434
3189 435
475 436
232 437
4642 438
2130 439
1033 440
298 441
3092 442
2467 443
837 444
3727 445
3943 446
3262 447
2583 448
4841 449
1231 450
4940 451
3950 452
2480 453
4980 454
2127 455
4433 456
1410 457
201 458
4181 459
3629 460
1417 461
1803 462
2190 463
3333 464
3914 465
1987 466
3844 467
4228 468
1143 469
3182 470
303 471
2293 472
2992 473
320 474
1655 475
2104 476
4475 477
1875 478
2822 479
1461 480
4381 481
2244 482
3331 483
2816 484
4331 485
448 486
4367 487
3594 488
1336 489
1859 490
1786 491
4402 492
3383 493
3404 494
1529 495
3247 496
4880 497
2950 498
2250 499
