550 1550
1227 0
3560 1
3189 2
827 3
2453 4
5258 5
1500 6
3267 7
3260 8
462 9
1 10
1450 11
1925 12
698 13
2994 14
2554 15
5293 16
5136 17
1792 18
650 19
901 20
639 21
2109 22
986 23
2983 24
3829 25
576 26
4994 27
2596 28
2386 29
3559 30
4547 31
4050 32
1824 33
4600 34
4083 35
4561 36
3551 37
2047 38
683 39
3918 40
2531 41
4710 42
3644 43
3848 44
3742 45
4375 46
186 47
4010 48
3319 49
4160 50
1153 51
4969 52
2936 53
3999 54
4229 55
1973 56
1268 57
3027 58
2249 59
1103 60
4854 61
3784 62
3179 63
1034 64
888 65
825 66
2929 67
1511 68
4709 69
4826 70
3818 71
4333 72
2779 73
4964 74
3459 75
3947 76
3672 77
1868 78
134 79
1279 80
448 81
1588 82
82 83
5278 84
2025 85
1217 86
4502 87
1778 88
3448 89
1505 90
3786 91
5167 92
28 93
5302 94
1788 95
4956 96
5385 97
1566 98
2692 99
1367 100
4268 101
3502 102
1537 103
3612 104
203 105
3310 106
4786 107
3307 108
1106 109
5459 110
5095 111
2535 112
4139 113
5116 114
3730 115
3850 116
1107 117
4823 118
3194 119
1031 120
1626 121
4470 122
3702 123
1139 124
2596 125
684 126
4278 127
2273 128
1518 129
111 130
4743 131
4620 132
1099 133
3 134
3642 135
3922 136
4407 137
2075 138
4855 139
2044 140
4524 141
3693 142
1957 143
4440 144
3519 145
1673 146
4200 147
2253 148
207 149
1320 150
623 151
1680 152
3533 153
3333 154
4702 155
5057 156
1351 157
876 158
4938 159
4915 160
2266 161
4791 162
1255 163
3381 164
2361 165
4427 166
2094 167
4098 168
1053 169
2060 170
397 171
449 172
1729 173
5032 174
4547 175
927 176
3656 177
3278 178
4810 179
3197 180
2583 181
2655 182
3095 183
2736 184
2346 185
241 186
2687 187
4232 188
3924 189
201 190
1175 191
4138 192
2724 193
1947 194
3202 195
4217 196
1337 197
4044 198
2517 199
4527 200
818 201
737 202
4374 203
4206 204
3745 205
1048 206
579 207
3826 208
2466 209
4765 210
131 211
3627 212
741 213
4139 214
3150 215
1586 216
450 217
1511 218
1 219
5017 220
1866 221
1747 222
2695 223
3362 224
2605 225
2336 226
968 227
2715 228
2893 229
295 230
3291 231
3356 232
3681 233
2030 234
642 235
1644 236
917 237
2054 238
1787 239
5239 240
1168 241
4453 242
2820 243
1953 244
4504 245
3171 246
3472 247
3490 248
2124 249
4401 250
3872 251
20 252
4479 253
2718 254
2092 255
1450 256
411 257
3596 258
5334 259
4588 260
3876 261
1350 262
833 263
1068 264
934 265
3117 266
5354 267
4990 268
3372 269
737 270
4004 271
475 272
3916 273
3594 274
4114 275
1248 276
2910 277
372 278
3549 279
291 280
5196 281
43 282
1029 283
2792 284
1764 285
1111 286
3128 287
992 288
3479 289
2135 290
5098 291
2871 292
4684 293
958 294
1846 295
3120 296
1059 297
2219 298
2237 299
322 300
3727 301
2112 302
4689 303
3069 304
346 305
4710 306
5385 307
2954 308
5398 309
2197 310
1264 311
3762 312
3156 313
954 314
2717 315
5295 316
4539 317
1861 318
455 319
5018 320
5081 321
2997 322
3429 323
3856 324
1944 325
5379 326
3779 327
4502 328
5076 329
237 330
2216 331
3339 332
4118 333
3976 334
3633 335
2114 336
4239 337
4024 338
652 339
2953 340
5239 341
5184 342
895 343
776 344
4093 345
1936 346
920 347
1333 348
4085 349
646 350
4275 351
840 352
3891 353
2983 354
3186 355
1229 356
1811 357
3125 358
348 359
2400 360
2861 361
2895 362
3684 363
22 364
3687 365
3846 366
945 367
3892 368
4959 369
3722 370
4066 371
3979 372
3757 373
2916 374
5346 375
5258 376
741 377
3385 378
1492 379
4284 380
479 381
1029 382
4131 383
5412 384
2543 385
2643 386
1831 387
2035 388
513 389
1626 390
135 391
1146 392
2342 393
1457 394
964 395
4876 396
4545 397
3880 398
4191 399
4818 400
2148 401
3620 402
3533 403
3524 404
273 405
3023 406
1421 407
756 408
5079 409
2510 410
1783 411
5174 412
3914 413
3976 414
5414 415
4211 416
5480 417
141 418
2320 419
3651 420
5452 421
1592 422
1550 423
532 424
1501 425
1905 426
4695 427
4099 428
2697 429
5318 430
2975 431
3285 432
4523 433
4309 434
148 435
2558 436
401 437
4161 438
2406 439
368 440
4279 441
2527 442
4479 443
4281 444
3362 445
3095 446
1626 447
2767 448
1818 449
5030 450
5307 451
2950 452
2720 453
712 454
3278 455
3820 456
886 457
2595 458
5046 459
1063 460
1116 461
178 462
5102 463
5268 464
1014 465
1670 466
150 467
685 468
1462 469
1702 470
2250 471
2806 472
1421 473
1212 474
4975 475
636 476
5331 477
3945 478
5141 479
1431 480
2860 481
4579 482
3481 483
309 484
2515 485
3261 486
5305 487
4826 488
1942 489
3329 490
2550 491
1734 492
1952 493
1980 494
4127 495
4463 496
171 497
780 498
3266 499
1758 500
3587 501
2836 502
953 503
1115 504
3109 505
4153 506
1676 507
944 508
1192 509
3792 510
2104 511
1081 512
1874 513
72 514
4952 515
2964 516
2274 517
1409 518
3106 519
178 520
2983 521
352 522
1535 523
5343 524
1770 525
1246 526
629 527
1997 528
384 529
1679 530
2645 531
2200 532
4759 533
379 534
2967 535
5359 536
4214 537
1558 538
4552 539
70 540
144 541
2612 542
4355 543
2770 544
85 545
871 546
3131 547
3591 548
5363 549
