550 1150
3653 0
4786 1
2167 2
1070 3
592 4
1779 5
2823 6
3167 7
512 8
1272 9
1333 10
4700 11
3414 12
5069 13
4369 14
4919 15
553 16
475 17
435 18
1211 19
1694 20
4295 21
5311 22
4782 23
923 24
4755 25
383 26
4029 27
4674 28
2299 29
2840 30
892 31
5087 32
1812 33
1330 34
5248 35
2431 36
3602 37
3540 38
1534 39
3858 40
1321 41
4401 42
2803 43
5228 44
1953 45
5361 46
5 47
4088 48
5357 49
4844 50
51 51
901 52
1706 53
3848 54
5275 55
1996 56
2235 57
3866 58
2928 59
4581 60
1415 61
313 62
3917 63
517 64
3694 65
26 66
1203 67
1105 68
1687 69
3397 70
5210 71
1920 72
4281 73
1108 74
3575 75
2955 76
5358 77
3915 78
285 79
4841 80
2021 81
141 82
180 83
5132 84
3751 85
3561 86
172 87
3411 88
628 89
5122 90
1411 91
1066 92
3111 93
5024 94
5340 95
2292 96
3096 97
1464 98
4535 99
1804 100
531 101
2786 102
1877 103
532 104
4541 105
3509 106
4950 107
4106 108
493 109
2451 110
2671 111
2474 112
2909 113
4971 114
1712 115
2015 116
2391 117
4450 118
5174 119
4362 120
2617 121
2840 122
412 123
3093 124
3259 125
4028 126
3030 127
2010 128
1561 129
4082 130
4437 131
5206 132
2978 133
602 134
4300 135
4823 136
3252 137
4237 138
5274 139
139 140
4614 141
479 142
2860 143
3791 144
833 145
1109 146
4347 147
717 148
5074 149
3449 150
1966 151
3406 152
166 153
2533 154
1945 155
242 156
4178 157
3832 158
4272 159
1221 160
2486 161
2302 162
2211 163
1551 164
2318 165
1564 166
4401 167
4289 168
5047 169
749 170
926 171
3905 172
1885 173
2945 174
4689 175
2822 176
3896 177
1784 178
566 179
3570 180
447 181
4459 182
296 183
5390 184
4188 185
5295 186
485 187
617 188
3361 189
4119 190
4939 191
2779 192
2125 193
2832 194
2162 195
4215 196
2781 197
1502 198
348 199
4681 200
3529 201
3784 202
2084 203
315 204
172 205
3131 206
2746 207
753 208
3952 209
1568 210
4173 211
2497 212
3743 213
2852 214
5110 215
498 216
618 217
2228 218
3477 219
322 220
374 221
4626 222
2018 223
3027 224
1206 225
1268 226
1523 227
2943 228
4316 229
1764 230
60 231
3909 232
2594 233
299 234
2059 235
1662 236
1247 237
5259 238
443 239
4081 240
2822 241
5333 242
213 243
115 244
2895 245
4161 246
4046 247
1549 248
4788 249
756 250
4823 251
5011 252
5239 253
4228 254
2072 255
3441 256
4831 257
718 258
2033 259
4214 260
653 261
1782 262
1461 263
2764 264
104 265
3937 266
4175 267
1948 268
3963 269
1170 270
2292 271
3256 272
3954 273
1377 274
1342 275
2217 276
4366 277
1146 278
3045 279
3721 280
395 281
2430 282
2538 283
2366 284
2694 285
1551 286
2286 287
5418 288
3361 289
2834 290
537 291
5463 292
445 293
139 294
653 295
60 296
1013 297
4820 298
3275 299
1748 300
5317 301
65 302
2266 303
4049 304
1424 305
228 306
1806 307
4028 308
1943 309
4530 310
1135 311
342 312
2674 313
4950 314
4118 315
4379 316
1861 317
2666 318
1872 319
4355 320
1530 321
2974 322
631 323
2910 324
3869 325
3610 326
5043 327
5259 328
5070 329
4004 330
353 331
3124 332
1839 333
4637 334
585 335
3993 336
1016 337
1515 338
4182 339
1564 340
4521 341
2235 342
2532 343
612 344
2914 345
5364 346
4326 347
1097 348
3024 349
4605 350
2900 351
2934 352
5444 353
544 354
4290 355
3482 356
4899 357
122 358
327 359
3644 360
86 361
4173 362
2377 363
5119 364
2160 365
835 366
4215 367
4371 368
266 369
2022 370
2671 371
4708 372
4499 373
1242 374
1780 375
1542 376
2098 377
1199 378
4817 379
2116 380
1298 381
4296 382
2271 383
3714 384
2918 385
2471 386
2474 387
1738 388
841 389
1755 390
4463 391
3800 392
4597 393
2735 394
1547 395
4231 396
3693 397
1563 398
1328 399
4261 400
1610 401
5011 402
1561 403
3744 404
711 405
1310 406
1148 407
295 408
2030 409
592 410
1796 411
333 412
3272 413
5350 414
3176 415
4881 416
153 417
3529 418
2308 419
1833 420
2588 421
2202 422
5293 423
2289 424
5102 425
4142 426
1171 427
4604 428
4208 429
3483 430
1276 431
1316 432
2059 433
1617 434
4068 435
3170 436
4508 437
4484 438
251 439
3909 440
4110 441
1497 442
644 443
2462 444
1165 445
73 446
2505 447
1339 448
1912 449
496 450
1985 451
2639 452
4242 453
5300 454
1484 455
5042 456
3154 457
5052 458
1806 459
210 460
1579 461
33 462
5113 463
2704 464
4988 465
3084 466
3089 467
990 468
512 469
4710 470
3594 471
4761 472
4842 473
1185 474
2084 475
2288 476
5283 477
2877 478
663 479
3729 480
3966 481
1087 482
2165 483
2970 484
1294 485
29 486
1840 487
229 488
2731 489
1769 490
131 491
4320 492
4946 493
2975 494
4730 495
479 496
1148 497
472 498
4893 499
607 500
5163 501
3660 502
5290 503
31 504
2793 505
782 506
1703 507
4384 508
1629 509
1479 510
3197 511
2929 512
4288 513
876 514
3492 515
2745 516
5419 517
4069 518
2807 519
2267 520
2392 521
720 522
3095 523
4571 524
2677 525
5375 526
4860 527
2622 528
5114 529
3915 530
4821 531
4585 532
5138 533
2755 534
587 535
998 536
5131 537
5423 538
4792 539
593 540
777 541
4111 542
4856 543
590 544
3645 545
1144 546
482 547
3058 548
4728 549
