500 600
1156 0
900 1
1890 2
2792 3
4314 4
4189 5
4218 6
4990 7
3080 8
2316 9
2849 10
3899 11
3198 12
4985 13
2431 14
1696 15
198 16
873 17
4493 18
4821 19
4013 20
1610 21
3214 22
2512 23
3655 24
1878 25
4465 26
31 27
2831 28
951 29
3980 30
3498 31
4031 32
2385 33
3989 34
836 35
4500 36
4624 37
527 38
881 39
1127 40
3688 41
2239 42
2318 43
960 44
4300 45
3116 46
2000 47
243 48
50 49
4688 50
1469 51
4246 52
1073 53
821 54
4897 55
4523 56
3333 57
510 58
666 59
3850 60
930 61
25 62
2076 63
952 64
2244 65
4096 66
3061 67
2309 68
2367 69
3760 70
3519 71
2248 72
168 73
2713 74
4683 75
4153 76
4839 77
1959 78
497 79
213 80
3139 81
459 82
2423 83
1671 84
167 85
4750 86
2337 87
3493 88
631 89
3232 90
2982 91
793 92
4665 93
2631 94
4245 95
985 96
312 97
2354 98
336 99
2841 100
1329 101
382 102
2406 103
4010 104
3335 105
1033 106
353 107
2708 108
3879 109
3922 110
3678 111
2509 112
2171 113
81 114
2666 115
4499 116
4918 117
1274 118
2725 119
2945 120
1586 121
4390 122
3623 123
2113 124
4256 125
856 126
751 127
514 128
1118 129
3319 130
4323 131
2560 132
3895 133
3797 134
1050 135
3056 136
3488 137
652 138
2403 139
1856 140
123 141
3267 142
4699 143
1254 144
1080 145
3839 146
66 147
3617 148
2198 149
91 150
1773 151
3601 152
2990 153
346 154
2390 155
3148 156
2910 157
958 158
3445 159
4332 160
1925 161
4061 162
2130 163
4501 164
998 165
2426 166
264 167
2598 168
2599 169
1934 170
996 171
3703 172
2799 173
1653 174
2502 175
2578 176
463 177
4015 178
2509 179
4823 180
3749 181
4264 182
393 183
3020 184
1336 185
2479 186
1047 187
2077 188
2954 189
2556 190
1597 191
1665 192
743 193
3004 194
1642 195
1789 196
1531 197
3588 198
1807 199
3964 200
1851 201
4432 202
835 203
22 204
3166 205
2447 206
3678 207
1740 208
4209 209
3933 210
2243 211
2196 212
3669 213
3855 214
3401 215
241 216
1838 217
2689 218
1844 219
4051 220
1893 221
1747 222
3105 223
3295 224
4745 225
3738 226
4371 227
2525 228
4610 229
1083 230
566 231
3514 232
2612 233
226 234
975 235
4276 236
3035 237
3242 238
958 239
2140 240
1067 241
410 242
164 243
1165 244
2389 245
1451 246
8 247
3560 248
696 249
778 250
1129 251
735 252
3032 253
1662 254
992 255
3890 256
3107 257
4521 258
3790 259
1795 260
3531 261
1559 262
1408 263
3534 264
960 265
4 266
3444 267
4032 268
4881 269
2017 270
459 271
1433 272
4793 273
1847 274
4249 275
3246 276
2032 277
4756 278
3241 279
4848 280
3075 281
2318 282
2929 283
2509 284
4861 285
1708 286
172 287
745 288
463 289
3804 290
78 291
3489 292
2171 293
3624 294
4670 295
3474 296
3993 297
449 298
3553 299
3281 300
3139 301
1074 302
1142 303
3430 304
4423 305
4944 306
2725 307
2907 308
686 309
2089 310
4817 311
3904 312
1579 313
4859 314
1107 315
100 316
2065 317
4451 318
2641 319
1510 320
3997 321
4293 322
979 323
523 324
15 325
1553 326
701 327
447 328
1811 329
878 330
2544 331
1889 332
3002 333
4842 334
3011 335
1472 336
3059 337
3208 338
3413 339
4295 340
2994 341
856 342
1408 343
2176 344
356 345
4750 346
3635 347
821 348
1024 349
4855 350
2837 351
3343 352
834 353
4265 354
57 355
2699 356
1106 357
4814 358
148 359
4362 360
3207 361
4905 362
4619 363
846 364
4352 365
1298 366
4384 367
2173 368
1674 369
3345 370
4272 371
3332 372
1609 373
876 374
3902 375
3771 376
2320 377
1993 378
4748 379
3790 380
3320 381
3868 382
730 383
3810 384
3331 385
147 386
3648 387
1853 388
2665 389
4531 390
575 391
2188 392
1133 393
799 394
2167 395
4925 396
2927 397
1547 398
3745 399
3954 400
807 401
4305 402
2368 403
4826 404
3587 405
3607 406
198 407
2769 408
562 409
2545 410
1212 411
574 412
4167 413
3267 414
4489 415
4564 416
1283 417
3131 418
4871 419
2432 420
1792 421
3375 422
2625 423
1597 424
2089 425
4092 426
4162 427
3010 428
1584 429
1520 430
4579 431
1161 432
39 433
4640 434
3841 435
4735 436
4017 437
1037 438
2533 439
2513 440
678 441
3358 442
3487 443
733 444
4813 445
51 446
1575 447
3657 448
2851 449
1867 450
3992 451
1201 452
648 453
4056 454
2190 455
1128 456
4034 457
4035 458
2227 459
3129 460
974 461
2849 462
3342 463
3222 464
3960 465
2970 466
4200 467
2261 468
3193 469
517 470
4705 471
4480 472
1907 473
2303 474
3367 475
1287 476
3598 477
4917 478
4952 479
1685 480
2864 481
3527 482
4690 483
2621 484
1790 485
940 486
2436 487
39 488
3636 489
81 490
5 491
4131 492
1789 493
2439 494
2353 495
969 496
1909 497
3444 498
2908 499
