500 1450
3840 0
1246 1
1830 2
4006 3
3373 4
4002 5
4239 6
2009 7
98 8
3879 9
1805 10
104 11
3480 12
4977 13
1835 14
4582 15
2211 16
4491 17
3713 18
2216 19
3714 20
2256 21
3135 22
1022 23
3228 24
3538 25
3052 26
293 27
651 28
1594 29
1665 30
4829 31
4655 32
4058 33
1272 34
425 35
3342 36
404 37
1218 38
1880 39
35 40
2970 41
4215 42
2756 43
1124 44
68 45
2759 46
4643 47
2434 48
639 49
1371 50
2793 51
2527 52
3549 53
1420 54
2033 55
2234 56
3757 57
3228 58
3994 59
4684 60
1582 61
1594 62
3890 63
3736 64
3960 65
2552 66
4760 67
3527 68
4830 69
3949 70
2005 71
690 72
3045 73
2719 74
3912 75
1398 76
3219 77
657 78
2335 79
3037 80
2914 81
1348 82
4813 83
3713 84
4655 85
3703 86
3160 87
460 88
4418 89
540 90
3288 91
2402 92
2914 93
3927 94
2286 95
4229 96
2323 97
2155 98
2571 99
458 100
3171 101
933 102
3528 103
2388 104
2727 105
2920 106
13 107
2167 108
2374 109
1989 110
1164 111
4235 112
4805 113
3493 114
997 115
3416 116
1572 117
2836 118
1495 119
1120 120
1818 121
3617 122
3407 123
2248 124
2570 125
330 126
4887 127
4428 128
1636 129
1740 130
2691 131
2491 132
3893 133
4642 134
336 135
559 136
3770 137
2558 138
3775 139
4431 140
4773 141
4005 142
1709 143
2893 144
4279 145
2043 146
3376 147
2615 148
3196 149
2043 150
1565 151
882 152
4864 153
3038 154
681 155
2384 156
574 157
4531 158
2434 159
303 160
4701 161
681 162
957 163
664 164
4060 165
2770 166
3426 167
3013 168
485 169
523 170
2690 171
3922 172
2641 173
3190 174
1749 175
3086 176
4935 177
4636 178
1 179
2139 180
4528 181
541 182
445 183
502 184
2503 185
871 186
3617 187
2952 188
2281 189
1489 190
3956 191
939 192
718 193
2305 194
1779 195
4783 196
313 197
2851 198
2161 199
2626 200
56 201
1072 202
281 203
4355 204
462 205
2421 206
2765 207
3104 208
3488 209
3933 210
4123 211
433 212
578 213
4921 214
2456 215
3419 216
2246 217
3018 218
108 219
3927 220
3251 221
1777 222
1602 223
869 224
3995 225
2834 226
1512 227
2844 228
2142 229
1369 230
4634 231
4135 232
191 233
2431 234
688 235
2623 236
89 237
3644 238
3606 239
2558 240
3106 241
4976 242
2162 243
4342 244
890 245
4853 246
154 247
1528 248
1125 249
4962 250
3942 251
2041 252
2128 253
3987 254
4228 255
1326 256
4904 257
127 258
3919 259
4848 260
3203 261
3381 262
2867 263
4778 264
4337 265
4867 266
4154 267
3682 268
3917 269
2251 270
2521 271
2164 272
2049 273
3951 274
721 275
2336 276
1192 277
4938 278
2442 279
4283 280
1633 281
4816 282
4344 283
2025 284
235 285
4207 286
4255 287
1308 288
3724 289
880 290
3012 291
1716 292
1721 293
3384 294
831 295
993 296
4861 297
1998 298
3305 299
1385 300
753 301
3176 302
2884 303
2570 304
3062 305
1333 306
398 307
3086 308
4231 309
4155 310
464 311
4129 312
2284 313
4275 314
4271 315
4732 316
544 317
1843 318
4254 319
418 320
4934 321
4751 322
1224 323
2676 324
4884 325
2886 326
3706 327
628 328
833 329
3042 330
622 331
1612 332
2282 333
1874 334
4635 335
315 336
632 337
1598 338
2953 339
2758 340
107 341
354 342
4109 343
3123 344
3732 345
2855 346
4003 347
1569 348
3898 349
4441 350
3236 351
2958 352
2510 353
171 354
3972 355
1351 356
3457 357
2038 358
1567 359
504 360
196 361
2698 362
1091 363
4123 364
910 365
2909 366
2555 367
184 368
4657 369
2432 370
3049 371
3647 372
1275 373
2054 374
1731 375
3049 376
4457 377
4893 378
3534 379
1846 380
2595 381
1223 382
4714 383
4076 384
1888 385
313 386
4605 387
7 388
1829 389
3376 390
1149 391
4818 392
2619 393
4541 394
2002 395
1366 396
4208 397
3455 398
4036 399
179 400
1209 401
2292 402
4417 403
1906 404
589 405
326 406
3383 407
403 408
2135 409
3070 410
1103 411
3196 412
42 413
1430 414
2227 415
3916 416
2493 417
712 418
968 419
555 420
3884 421
1042 422
503 423
699 424
3717 425
425 426
4058 427
1451 428
2787 429
104 430
3976 431
2149 432
2334 433
3611 434
1153 435
3362 436
1896 437
802 438
1266 439
1713 440
3968 441
4869 442
4940 443
489 444
3008 445
604 446
2963 447
1974 448
4808 449
137 450
4289 451
3932 452
447 453
3407 454
3537 455
4525 456
273 457
3185 458
2134 459
3105 460
1147 461
507 462
3936 463
4968 464
4891 465
2006 466
3817 467
1047 468
578 469
3734 470
2088 471
4183 472
3851 473
476 474
2684 475
2289 476
2538 477
1772 478
1135 479
1018 480
3672 481
2268 482
3247 483
4871 484
570 485
4615 486
1557 487
2790 488
3692 489
851 490
2536 491
1279 492
2965 493
4533 494
1671 495
3376 496
527 497
317 498
2804 499
