550 950
1767 0
922 1
1570 2
3548 3
4469 4
4276 5
1549 6
4616 7
483 8
2430 9
1955 10
3411 11
734 12
3765 13
4963 14
3933 15
1872 16
1741 17
306 18
1887 19
3606 20
1512 21
4094 22
4506 23
2519 24
1144 25
1122 26
3959 27
2168 28
3971 29
1315 30
2831 31
2120 32
3294 33
163 34
4936 35
3756 36
4305 37
4880 38
366 39
2218 40
167 41
5420 42
1074 43
5000 44
3557 45
2597 46
3637 47
5461 48
5150 49
4134 50
5066 51
4225 52
1932 53
126 54
5098 55
928 56
1558 57
4456 58
4451 59
4697 60
3422 61
5437 62
724 63
4796 64
641 65
2455 66
2218 67
3515 68
2032 69
4748 70
5156 71
1366 72
5013 73
272 74
3803 75
2274 76
2170 77
406 78
4948 79
5281 80
1671 81
3254 82
1172 83
898 84
5260 85
2816 86
3174 87
2717 88
19 89
99 90
1284 91
2967 92
2330 93
133 94
2727 95
3399 96
544 97
2853 98
3702 99
2886 100
385 101
4239 102
839 103
4161 104
5481 105
1437 106
387 107
5413 108
3505 109
2559 110
176 111
3075 112
1651 113
5324 114
4053 115
4848 116
1940 117
804 118
1056 119
1981 120
510 121
91 122
326 123
337 124
1886 125
3519 126
1246 127
2016 128
3747 129
823 130
2586 131
347 132
4516 133
2098 134
3839 135
3451 136
4886 137
4185 138
2871 139
5484 140
3607 141
2171 142
2314 143
4074 144
2839 145
4038 146
801 147
2815 148
2003 149
512 150
2278 151
5139 152
594 153
4727 154
162 155
2985 156
4253 157
3918 158
4221 159
1300 160
3498 161
2769 162
553 163
4059 164
448 165
2810 166
3413 167
2480 168
1070 169
2108 170
1405 171
370 172
5302 173
5033 174
353 175
3961 176
885 177
516 178
23 179
3834 180
4970 181
3202 182
2096 183
4307 184
2262 185
2836 186
3038 187
5418 188
4189 189
1852 190
2770 191
2545 192
1554 193
341 194
1426 195
2903 196
2104 197
4892 198
1811 199
2097 200
2796 201
2619 202
692 203
221 204
4869 205
16 206
3906 207
2718 208
2406 209
4997 210
4952 211
296 212
3924 213
2918 214
1873 215
2736 216
2625 217
4712 218
747 219
4994 220
2954 221
2251 222
3903 223
3243 224
2961 225
1840 226
2983 227
1317 228
1004 229
5049 230
631 231
3894 232
376 233
1284 234
4341 235
3784 236
3050 237
2066 238
237 239
4853 240
3723 241
1104 242
2662 243
3909 244
4385 245
552 246
2472 247
2993 248
831 249
5255 250
1834 251
617 252
3571 253
5069 254
1420 255
5255 256
2193 257
4201 258
2745 259
1646 260
2337 261
1770 262
2264 263
5388 264
3201 265
3313 266
456 267
2803 268
3958 269
516 270
1862 271
384 272
5346 273
4728 274
1380 275
1608 276
4058 277
408 278
2394 279
2345 280
2609 281
2981 282
5407 283
2186 284
2970 285
2648 286
1971 287
2522 288
1200 289
4965 290
3682 291
4082 292
5228 293
3783 294
3027 295
2897 296
4375 297
2390 298
2158 299
3242 300
4200 301
3431 302
4234 303
1643 304
2547 305
1860 306
4898 307
2083 308
4912 309
5004 310
3144 311
2420 312
3076 313
70 314
2177 315
5094 316
23 317
5172 318
4018 319
4033 320
4763 321
4964 322
3 323
4157 324
186 325
1846 326
445 327
3679 328
1209 329
1800 330
2877 331
3022 332
3702 333
3338 334
2527 335
3395 336
3311 337
3548 338
3148 339
1730 340
3662 341
2942 342
3001 343
157 344
5044 345
641 346
1860 347
1029 348
2730 349
1145 350
622 351
2795 352
3411 353
3112 354
1460 355
194 356
2121 357
3966 358
3603 359
3559 360
1093 361
435 362
487 363
3471 364
636 365
4094 366
3746 367
5313 368
4511 369
4891 370
5419 371
3066 372
3251 373
5207 374
3567 375
482 376
3225 377
3922 378
3121 379
1146 380
2709 381
474 382
995 383
3571 384
1044 385
775 386
5039 387
4611 388
3832 389
401 390
1419 391
2532 392
105 393
3846 394
1949 395
4737 396
5073 397
1754 398
427 399
4078 400
4051 401
1752 402
2330 403
2278 404
2696 405
3178 406
2162 407
1795 408
1615 409
3602 410
1529 411
2258 412
5389 413
4896 414
2506 415
1989 416
2564 417
1232 418
2119 419
4553 420
3334 421
5008 422
5385 423
645 424
57 425
2846 426
4036 427
3542 428
560 429
826 430
3891 431
2334 432
77 433
4976 434
4723 435
1720 436
4915 437
3881 438
4563 439
105 440
3850 441
1017 442
187 443
2976 444
660 445
4749 446
1736 447
4212 448
5499 449
281 450
461 451
3519 452
2850 453
5207 454
3216 455
303 456
4496 457
3486 458
1794 459
3633 460
1848 461
2611 462
1313 463
2474 464
2002 465
5251 466
1295 467
4086 468
947 469
4919 470
460 471
4911 472
4108 473
2149 474
1247 475
854 476
3814 477
957 478
1431 479
1326 480
4268 481
2482 482
994 483
3873 484
3319 485
2535 486
606 487
2722 488
5135 489
3271 490
1641 491
3317 492
1190 493
1464 494
4745 495
2361 496
4498 497
3725 498
2626 499
1616 500
2556 501
2652 502
4070 503
3588 504
1853 505
4346 506
1149 507
926 508
2548 509
3162 510
1042 511
2136 512
905 513
144 514
3299 515
1806 516
4253 517
2450 518
2464 519
346 520
4818 521
574 522
1655 523
3721 524
731 525
258 526
4650 527
1368 528
4336 529
5207 530
4487 531
1713 532
5282 533
3519 534
3963 535
5330 536
3062 537
658 538
519 539
4501 540
2001 541
2491 542
2869 543
5128 544
3110 545
4588 546
2087 547
2586 548
3101 549
