500 550
4163 0
686 1
1435 2
4944 3
3152 4
1670 5
311 6
3999 7
990 8
4621 9
3102 10
2720 11
2787 12
1930 13
4043 14
3751 15
4948 16
2145 17
4590 18
4029 19
622 20
3482 21
4362 22
4210 23
4017 24
3080 25
2639 26
2154 27
3934 28
3969 29
4221 30
1398 31
1823 32
1431 33
4879 34
3764 35
540 36
1015 37
623 38
1317 39
1671 40
3864 41
4222 42
2071 43
824 44
3274 45
4490 46
3256 47
1840 48
1409 49
2071 50
2173 51
2008 52
3540 53
1297 54
3862 55
66 56
4206 57
1132 58
890 59
3086 60
3309 61
3735 62
2701 63
1437 64
3238 65
4230 66
2486 67
2835 68
805 69
3154 70
4421 71
3705 72
3854 73
4318 74
1606 75
4367 76
3210 77
3950 78
534 79
1459 80
1262 81
2519 82
1089 83
3615 84
2433 85
2797 86
1843 87
502 88
946 89
1011 90
1014 91
4292 92
4334 93
3284 94
3922 95
1792 96
3490 97
3340 98
1432 99
1274 100
3624 101
4572 102
4631 103
758 104
3999 105
2431 106
2964 107
1494 108
3667 109
2238 110
4333 111
3495 112
4144 113
1238 114
1968 115
4552 116
503 117
2612 118
2343 119
1034 120
813 121
146 122
3249 123
3905 124
2151 125
3027 126
4995 127
2465 128
3807 129
2528 130
2202 131
3488 132
4629 133
565 134
4140 135
4070 136
2959 137
2048 138
116 139
831 140
245 141
2873 142
479 143
2560 144
3385 145
4935 146
1133 147
2124 148
3951 149
526 150
2325 151
496 152
1793 153
3307 154
1259 155
3957 156
365 157
4881 158
4568 159
3004 160
2018 161
2368 162
2661 163
2737 164
1671 165
3494 166
551 167
1675 168
2618 169
1097 170
1562 171
1059 172
2139 173
4924 174
1434 175
138 176
4164 177
60 178
999 179
4184 180
3755 181
951 182
4069 183
2479 184
1284 185
1311 186
4586 187
2205 188
852 189
4380 190
1539 191
2704 192
969 193
3499 194
3575 195
367 196
3281 197
3010 198
2957 199
1806 200
1808 201
379 202
2677 203
649 204
2158 205
2778 206
474 207
2755 208
697 209
990 210
3278 211
597 212
2948 213
1806 214
2195 215
2982 216
2768 217
2191 218
100 219
2310 220
588 221
3891 222
950 223
3233 224
92 225
1783 226
3742 227
960 228
4954 229
1979 230
3146 231
3708 232
2012 233
174 234
4372 235
4110 236
532 237
4419 238
4853 239
102 240
1314 241
381 242
2899 243
3696 244
641 245
3653 246
723 247
2771 248
1087 249
3934 250
3077 251
3360 252
1735 253
2730 254
1178 255
526 256
1509 257
3804 258
3299 259
3062 260
2960 261
485 262
1927 263
4581 264
3521 265
308 266
4123 267
1017 268
2782 269
2371 270
4047 271
2895 272
3666 273
4519 274
2281 275
365 276
3584 277
2399 278
3443 279
1408 280
1135 281
3489 282
836 283
2351 284
3868 285
2231 286
3864 287
2632 288
3272 289
3684 290
1200 291
4753 292
1705 293
1159 294
1619 295
2195 296
247 297
3842 298
326 299
3032 300
3661 301
393 302
3391 303
4458 304
168 305
4218 306
4367 307
4360 308
4216 309
1668 310
3239 311
4126 312
3649 313
178 314
2287 315
3431 316
163 317
3910 318
4683 319
3951 320
3277 321
3847 322
1400 323
3455 324
126 325
4526 326
1099 327
2523 328
1357 329
2918 330
184 331
4034 332
2141 333
724 334
785 335
4711 336
4705 337
2033 338
1946 339
2030 340
1152 341
19 342
4444 343
4843 344
4617 345
4221 346
2207 347
1331 348
1898 349
1603 350
2082 351
2376 352
1270 353
3088 354
2841 355
3768 356
1334 357
164 358
1511 359
3343 360
1450 361
3080 362
2039 363
2986 364
2627 365
3146 366
2296 367
484 368
2462 369
805 370
729 371
1082 372
1413 373
1835 374
2573 375
237 376
4206 377
467 378
4446 379
467 380
3936 381
2864 382
4057 383
2313 384
1232 385
3250 386
3630 387
2941 388
4205 389
2100 390
20 391
3403 392
1611 393
1279 394
1888 395
2215 396
1735 397
1095 398
4606 399
4824 400
110 401
3333 402
4292 403
3175 404
1836 405
1625 406
2089 407
4404 408
2221 409
3374 410
812 411
4458 412
3674 413
583 414
546 415
1556 416
3611 417
2432 418
1277 419
2179 420
2225 421
2877 422
323 423
3244 424
921 425
2001 426
2969 427
4477 428
4163 429
2027 430
4976 431
1404 432
4975 433
4401 434
1911 435
1855 436
4003 437
4561 438
4593 439
457 440
3020 441
3212 442
537 443
1086 444
4037 445
3161 446
2988 447
3436 448
1728 449
462 450
3149 451
743 452
2603 453
2978 454
1930 455
4183 456
1770 457
3329 458
1065 459
713 460
2751 461
748 462
2435 463
2206 464
1002 465
1010 466
4024 467
4213 468
4411 469
3669 470
297 471
4238 472
2242 473
3865 474
4395 475
2468 476
274 477
3761 478
138 479
2068 480
2988 481
337 482
1301 483
3708 484
1585 485
2442 486
4114 487
1776 488
2716 489
3450 490
922 491
2410 492
2497 493
1822 494
1106 495
4802 496
3674 497
1676 498
785 499
