550 1300
1093 0
4605 1
895 2
3968 3
1499 4
3768 5
1758 6
2537 7
2207 8
859 9
4919 10
1045 11
4593 12
3296 13
2013 14
4572 15
951 16
216 17
3276 18
2578 19
2805 20
4372 21
5108 22
2702 23
2168 24
316 25
3778 26
2540 27
5222 28
3639 29
451 30
1107 31
2067 32
5056 33
3342 34
1850 35
1640 36
1082 37
1174 38
3222 39
1957 40
1676 41
2086 42
3906 43
231 44
858 45
925 46
3673 47
1913 48
1130 49
1992 50
4415 51
4988 52
3231 53
4248 54
2401 55
2952 56
2827 57
445 58
4721 59
913 60
3649 61
995 62
3753 63
4572 64
4334 65
898 66
2389 67
2746 68
5321 69
4844 70
2054 71
955 72
4152 73
3025 74
37 75
5425 76
1319 77
3281 78
2972 79
2462 80
2897 81
5495 82
67 83
4063 84
3338 85
1887 86
3630 87
3281 88
2964 89
208 90
3078 91
2552 92
133 93
1093 94
790 95
3975 96
1194 97
3249 98
1146 99
632 100
3512 101
1867 102
1507 103
2505 104
4970 105
1883 106
4412 107
512 108
4973 109
367 110
5250 111
4930 112
2278 113
868 114
1495 115
806 116
3801 117
928 118
5312 119
87 120
3944 121
801 122
2596 123
3243 124
3285 125
4108 126
3055 127
4856 128
2474 129
958 130
490 131
3815 132
3116 133
38 134
1277 135
3124 136
4245 137
2409 138
4244 139
956 140
4885 141
5400 142
75 143
5090 144
2294 145
46 146
2246 147
1950 148
4004 149
613 150
127 151
1922 152
2206 153
1681 154
4619 155
1965 156
1963 157
1355 158
2808 159
932 160
419 161
365 162
1511 163
39 164
1561 165
1739 166
370 167
530 168
1061 169
2173 170
5253 171
4016 172
3163 173
5440 174
5489 175
2066 176
1378 177
668 178
4892 179
4524 180
3148 181
3812 182
1583 183
4265 184
1136 185
1591 186
2064 187
3287 188
231 189
4206 190
484 191
827 192
3204 193
1760 194
1538 195
3791 196
4736 197
1179 198
5302 199
4605 200
2 201
3809 202
458 203
4620 204
5207 205
4617 206
552 207
2795 208
3728 209
691 210
2121 211
4211 212
2729 213
2432 214
2448 215
984 216
3391 217
678 218
679 219
2383 220
5085 221
4297 222
4962 223
259 224
5186 225
3101 226
1828 227
72 228
1358 229
2125 230
2419 231
1812 232
2608 233
3215 234
1939 235
326 236
1594 237
4661 238
671 239
3355 240
4765 241
40 242
377 243
4400 244
2884 245
394 246
67 247
3589 248
1056 249
3493 250
4074 251
5359 252
1399 253
5303 254
950 255
1653 256
4817 257
934 258
2317 259
5075 260
4109 261
901 262
3365 263
5347 264
3158 265
2723 266
719 267
5238 268
1399 269
3249 270
350 271
2775 272
5382 273
2547 274
650 275
1719 276
4235 277
3423 278
4578 279
3449 280
2816 281
2337 282
4851 283
4946 284
4906 285
275 286
2692 287
2062 288
335 289
3504 290
5123 291
91 292
4791 293
3134 294
5041 295
2297 296
1211 297
364 298
5387 299
3214 300
1100 301
3562 302
700 303
5339 304
1599 305
3144 306
5409 307
2970 308
4890 309
331 310
2534 311
136 312
1720 313
2054 314
2629 315
2580 316
5264 317
3415 318
2502 319
1742 320
1694 321
681 322
2507 323
1898 324
2754 325
4280 326
5412 327
3533 328
1848 329
2687 330
3146 331
5207 332
4897 333
2552 334
1314 335
1128 336
2080 337
1055 338
1735 339
2233 340
3140 341
3712 342
4946 343
1596 344
301 345
1453 346
2421 347
3639 348
4908 349
5412 350
2540 351
3004 352
4978 353
750 354
1231 355
3439 356
4475 357
4588 358
2360 359
4691 360
1921 361
3101 362
5329 363
3209 364
4849 365
1755 366
5151 367
2742 368
1599 369
1900 370
5105 371
2122 372
2566 373
4636 374
2425 375
5443 376
1981 377
1176 378
3915 379
1417 380
2969 381
2865 382
4883 383
3248 384
4692 385
1592 386
4995 387
4748 388
3843 389
2648 390
3893 391
2307 392
419 393
1804 394
264 395
4991 396
3992 397
5041 398
3484 399
350 400
4409 401
4746 402
2368 403
4446 404
1195 405
2415 406
826 407
3609 408
291 409
4557 410
2428 411
698 412
3875 413
3143 414
2739 415
2606 416
3375 417
583 418
5283 419
5403 420
574 421
4948 422
832 423
685 424
3443 425
4094 426
1916 427
4492 428
3509 429
5320 430
3625 431
890 432
3798 433
1983 434
4109 435
2596 436
2326 437
51 438
4838 439
4483 440
2100 441
3133 442
1061 443
596 444
3110 445
4298 446
431 447
4005 448
1946 449
1454 450
4587 451
4695 452
1981 453
3994 454
1312 455
5071 456
38 457
5285 458
2066 459
2812 460
399 461
2921 462
4131 463
1837 464
5090 465
5018 466
1012 467
5103 468
2505 469
2783 470
1592 471
5445 472
4886 473
1259 474
1320 475
5081 476
1716 477
663 478
3567 479
904 480
1707 481
1780 482
1144 483
529 484
2044 485
2191 486
5490 487
2273 488
1330 489
1681 490
3682 491
2320 492
3393 493
2981 494
2059 495
1524 496
3447 497
2616 498
504 499
853 500
1431 501
3110 502
2721 503
2445 504
2081 505
5056 506
1834 507
5382 508
4883 509
1850 510
4341 511
184 512
2618 513
1362 514
30 515
2967 516
827 517
5274 518
1267 519
4701 520
4316 521
530 522
723 523
1073 524
2083 525
878 526
3835 527
1238 528
8 529
2656 530
481 531
3164 532
1475 533
2304 534
2752 535
449 536
3769 537
4815 538
4481 539
1315 540
544 541
3035 542
3255 543
3543 544
5280 545
747 546
952 547
5323 548
4213 549
