500 1050
2609 0
4488 1
1713 2
2875 3
765 4
2550 5
3622 6
4506 7
1482 8
3858 9
2800 10
2100 11
1635 12
2575 13
1990 14
2136 15
4062 16
3948 17
728 18
3632 19
1291 20
2951 21
4977 22
3926 23
1713 24
234 25
994 26
4358 27
4632 28
4517 29
1624 30
284 31
3435 32
1574 33
1955 34
3409 35
3835 36
4111 37
3233 38
2178 39
3935 40
2480 41
3482 42
4744 43
502 44
1216 45
4896 46
1247 47
351 48
4949 49
1163 50
350 51
2464 52
1246 53
2956 54
3964 55
4002 56
2047 57
214 58
2145 59
940 60
2965 61
2566 62
2880 63
284 64
2602 65
4542 66
1606 67
3496 68
1142 69
4179 70
4033 71
304 72
788 73
3398 74
4758 75
3012 76
536 77
4786 78
1310 79
3703 80
1022 81
2762 82
1246 83
1249 84
3136 85
3771 86
101 87
3475 88
3360 89
4351 90
1459 91
4974 92
4367 93
1274 94
3282 95
3752 96
3931 97
571 98
1693 99
4165 100
3883 101
2336 102
4572 103
2316 104
2806 105
3569 106
1182 107
48 108
2283 109
4792 110
1852 111
4253 112
3445 113
3858 114
694 115
4325 116
1031 117
2259 118
2104 119
2827 120
4116 121
2473 122
4888 123
4261 124
4998 125
103 126
1179 127
1597 128
2078 129
1622 130
233 131
4391 132
192 133
720 134
1118 135
2500 136
3092 137
3617 138
4270 139
2935 140
1996 141
2147 142
1977 143
827 144
3326 145
3507 146
4080 147
3186 148
3124 149
4721 150
2020 151
4624 152
492 153
4754 154
3446 155
4919 156
3126 157
3564 158
2701 159
3296 160
3261 161
1478 162
250 163
1183 164
4596 165
2914 166
781 167
3118 168
3846 169
1789 170
4797 171
2010 172
1076 173
1589 174
814 175
4444 176
1478 177
4604 178
3267 179
3563 180
267 181
4125 182
2306 183
2802 184
2549 185
4899 186
4457 187
3101 188
1535 189
459 190
780 191
3918 192
2610 193
4639 194
4482 195
3082 196
1000 197
3439 198
2019 199
1447 200
3286 201
231 202
85 203
3566 204
4757 205
916 206
88 207
4609 208
805 209
3745 210
4492 211
9 212
897 213
3624 214
1285 215
2308 216
3202 217
3992 218
4593 219
3521 220
1812 221
3612 222
2465 223
2255 224
1916 225
2881 226
1351 227
1065 228
752 229
172 230
3459 231
2335 232
2578 233
940 234
4648 235
3480 236
103 237
1810 238
3934 239
447 240
1005 241
2752 242
4316 243
241 244
2780 245
1046 246
4550 247
823 248
4952 249
1856 250
4685 251
366 252
1007 253
410 254
4600 255
2594 256
3650 257
1343 258
4052 259
1914 260
3517 261
4291 262
4289 263
3174 264
2011 265
2308 266
179 267
534 268
4772 269
2791 270
4393 271
3820 272
1784 273
3067 274
744 275
1403 276
2989 277
3757 278
2303 279
4657 280
1181 281
1055 282
4856 283
3643 284
1119 285
3639 286
1656 287
729 288
3877 289
811 290
3763 291
3460 292
4956 293
3322 294
2797 295
4961 296
3819 297
625 298
40 299
3758 300
1012 301
4364 302
1848 303
2796 304
3183 305
129 306
4161 307
2039 308
4543 309
1631 310
3043 311
3049 312
1134 313
2919 314
3275 315
2523 316
2649 317
2171 318
1393 319
3780 320
1677 321
98 322
359 323
1739 324
4353 325
4552 326
45 327
2569 328
157 329
241 330
1128 331
3841 332
582 333
3152 334
4507 335
949 336
2825 337
4134 338
511 339
4815 340
666 341
1944 342
1281 343
1872 344
1633 345
2401 346
3535 347
1904 348
2575 349
1474 350
4193 351
1310 352
1263 353
1705 354
152 355
2616 356
1751 357
1820 358
979 359
267 360
341 361
2492 362
143 363
2879 364
4153 365
2301 366
1343 367
3944 368
2849 369
4633 370
4017 371
3086 372
2489 373
1335 374
2305 375
3533 376
702 377
3223 378
2461 379
859 380
3295 381
1277 382
4333 383
1092 384
72 385
1936 386
3768 387
2521 388
4085 389
4960 390
1738 391
283 392
3831 393
968 394
3778 395
4658 396
4708 397
4417 398
3390 399
829 400
3353 401
301 402
4997 403
3390 404
1064 405
158 406
1053 407
196 408
1149 409
3882 410
3181 411
4736 412
4158 413
1566 414
1246 415
3297 416
4683 417
1824 418
1784 419
1969 420
3685 421
3039 422
4951 423
3913 424
2322 425
2553 426
4584 427
3221 428
4157 429
3390 430
699 431
220 432
3314 433
4464 434
244 435
2005 436
408 437
4218 438
1857 439
1729 440
3959 441
4535 442
526 443
4851 444
1414 445
1658 446
4261 447
3539 448
1453 449
1665 450
2464 451
1066 452
2207 453
1025 454
3827 455
4656 456
1532 457
798 458
1273 459
3549 460
4991 461
1323 462
1323 463
3223 464
1123 465
104 466
3899 467
2664 468
1675 469
2230 470
2401 471
1441 472
4660 473
4109 474
4796 475
1764 476
750 477
4211 478
2606 479
2176 480
1016 481
784 482
687 483
4232 484
1618 485
3140 486
3184 487
1389 488
737 489
2565 490
2107 491
2198 492
2061 493
4840 494
4639 495
2521 496
3693 497
3925 498
2042 499
