550 900
1280 0
906 1
3372 2
1538 3
2460 4
666 5
3242 6
2012 7
5374 8
4813 9
3723 10
5036 11
4040 12
486 13
3979 14
4888 15
3335 16
3318 17
828 18
852 19
1714 20
3214 21
1257 22
63 23
4479 24
190 25
4327 26
789 27
530 28
780 29
1002 30
1750 31
503 32
2572 33
614 34
346 35
664 36
1041 37
2394 38
5261 39
5311 40
5067 41
4865 42
4625 43
4742 44
443 45
15 46
3781 47
4968 48
1476 49
1478 50
5456 51
811 52
4094 53
1947 54
4105 55
2659 56
4762 57
4183 58
2249 59
4542 60
3702 61
1061 62
4927 63
3541 64
3311 65
4572 66
3391 67
4901 68
1972 69
2828 70
3248 71
1379 72
256 73
4771 74
471 75
1613 76
1042 77
1833 78
4054 79
692 80
2183 81
3318 82
5058 83
1675 84
551 85
4589 86
5487 87
5051 88
825 89
1582 90
2548 91
625 92
2381 93
5344 94
1679 95
219 96
4034 97
3558 98
4742 99
772 100
3113 101
2330 102
559 103
23 104
3961 105
1252 106
3437 107
899 108
1585 109
938 110
5416 111
1533 112
2701 113
1593 114
903 115
2189 116
1032 117
800 118
4021 119
3931 120
588 121
5467 122
4 123
2926 124
1775 125
2487 126
2789 127
2419 128
350 129
702 130
2661 131
3000 132
332 133
356 134
5348 135
3615 136
5047 137
3643 138
1549 139
4693 140
2533 141
4941 142
2730 143
5142 144
3304 145
3413 146
2505 147
188 148
1511 149
2043 150
2194 151
3431 152
4768 153
4171 154
278 155
1891 156
2766 157
4132 158
4112 159
2277 160
5243 161
3828 162
2152 163
640 164
450 165
4823 166
3697 167
2274 168
3654 169
4680 170
5109 171
3364 172
4936 173
3265 174
2090 175
2084 176
4349 177
1298 178
2713 179
5282 180
2049 181
5295 182
787 183
13 184
1854 185
2363 186
839 187
5267 188
3639 189
2015 190
2751 191
2873 192
4723 193
2643 194
3695 195
1626 196
5311 197
2239 198
417 199
2374 200
1896 201
1056 202
2121 203
905 204
5444 205
1417 206
5217 207
545 208
2010 209
634 210
4732 211
3742 212
2283 213
4942 214
5402 215
4518 216
3638 217
136 218
284 219
4279 220
1220 221
5166 222
3168 223
1147 224
2848 225
223 226
3513 227
2544 228
5024 229
2874 230
254 231
4240 232
2215 233
3891 234
4930 235
2480 236
4999 237
5181 238
115 239
3553 240
4339 241
1072 242
3440 243
2526 244
326 245
2482 246
5371 247
3165 248
2551 249
2008 250
3089 251
5497 252
2885 253
1177 254
2626 255
4553 256
2240 257
2547 258
4956 259
4281 260
3026 261
4921 262
5095 263
4356 264
2481 265
3292 266
686 267
2410 268
3656 269
5399 270
2907 271
205 272
2135 273
4649 274
2960 275
1533 276
1869 277
2967 278
3170 279
1622 280
5139 281
5198 282
3158 283
3904 284
1956 285
2591 286
4879 287
4498 288
3180 289
4158 290
5218 291
453 292
3712 293
4743 294
3844 295
4845 296
1942 297
3260 298
4107 299
4312 300
4719 301
370 302
3387 303
4623 304
4338 305
1503 306
3724 307
623 308
2595 309
3672 310
500 311
763 312
3442 313
4338 314
4009 315
954 316
4603 317
2090 318
2414 319
799 320
4955 321
855 322
2383 323
4643 324
105 325
1709 326
4256 327
505 328
1213 329
2114 330
2535 331
4967 332
4104 333
3031 334
3472 335
2156 336
1333 337
5112 338
2042 339
3824 340
4023 341
3375 342
4984 343
3735 344
2035 345
2113 346
159 347
4576 348
2194 349
597 350
1365 351
2129 352
2583 353
496 354
1854 355
1299 356
4993 357
3181 358
3737 359
5280 360
4352 361
4770 362
2022 363
2428 364
1004 365
3429 366
1637 367
794 368
1031 369
2444 370
1287 371
1455 372
4363 373
153 374
1208 375
2383 376
2055 377
2535 378
2921 379
724 380
4070 381
5356 382
2729 383
2428 384
990 385
4752 386
5222 387
386 388
3279 389
5119 390
3017 391
3151 392
46 393
2127 394
2630 395
2483 396
5376 397
583 398
1815 399
2016 400
4482 401
3003 402
265 403
4109 404
2302 405
2079 406
5407 407
2646 408
4684 409
2121 410
3533 411
725 412
1543 413
1698 414
4721 415
1628 416
1449 417
1543 418
4488 419
2579 420
4054 421
390 422
3576 423
1337 424
676 425
2867 426
3443 427
3054 428
75 429
3581 430
3845 431
4401 432
4581 433
1596 434
5439 435
4021 436
4802 437
800 438
3564 439
3551 440
2396 441
1044 442
815 443
1195 444
1904 445
1009 446
4086 447
2295 448
3569 449
2526 450
1793 451
3533 452
2918 453
1599 454
3882 455
3563 456
4690 457
2898 458
5482 459
5265 460
4664 461
2657 462
3672 463
2254 464
3184 465
2578 466
1396 467
4306 468
5286 469
5350 470
974 471
420 472
963 473
2612 474
691 475
1529 476
1549 477
528 478
3059 479
188 480
455 481
278 482
162 483
1275 484
4363 485
276 486
1198 487
3433 488
2673 489
2854 490
3189 491
3209 492
2418 493
5174 494
1931 495
5284 496
2447 497
2686 498
1337 499
4193 500
3624 501
849 502
2261 503
3297 504
1971 505
1193 506
4061 507
5118 508
3275 509
3775 510
1547 511
936 512
3849 513
4274 514
4713 515
3749 516
1230 517
294 518
3485 519
1008 520
2146 521
4770 522
1688 523
5087 524
4740 525
3119 526
1809 527
1945 528
3426 529
1037 530
3128 531
3745 532
3008 533
1939 534
4763 535
3612 536
2199 537
3399 538
2090 539
2952 540
727 541
4371 542
1291 543
3513 544
3951 545
4883 546
2303 547
1412 548
969 549
