500 800
3827 0
1686 1
2144 2
1224 3
2901 4
3339 5
281 6
4467 7
123 8
851 9
4118 10
146 11
4188 12
2476 13
1097 14
2443 15
2083 16
2884 17
1417 18
1933 19
3826 20
4693 21
4560 22
4845 23
3695 24
2823 25
1540 26
3116 27
1057 28
4198 29
4083 30
4946 31
2131 32
3266 33
2643 34
4575 35
4544 36
91 37
444 38
289 39
1998 40
3866 41
868 42
1841 43
1484 44
1558 45
3559 46
2095 47
2205 48
4679 49
3694 50
1349 51
1653 52
2113 53
1233 54
3305 55
1380 56
4372 57
2312 58
3950 59
1011 60
4837 61
1739 62
4262 63
3318 64
4001 65
574 66
1601 67
1637 68
1032 69
3839 70
4842 71
757 72
1052 73
3688 74
2700 75
1697 76
588 77
4983 78
4706 79
465 80
3762 81
3634 82
1084 83
1544 84
3945 85
464 86
1278 87
28 88
1188 89
4404 90
1890 91
2067 92
4569 93
126 94
2190 95
1673 96
2448 97
450 98
3100 99
4486 100
4155 101
1337 102
4663 103
4557 104
4425 105
1770 106
3998 107
1652 108
4704 109
2167 110
3289 111
1448 112
3852 113
2398 114
4206 115
945 116
1760 117
2444 118
502 119
3787 120
592 121
541 122
2800 123
4386 124
3011 125
3273 126
4715 127
520 128
806 129
3824 130
3283 131
839 132
2120 133
3111 134
4664 135
250 136
4606 137
3500 138
3562 139
4493 140
3578 141
925 142
2436 143
4710 144
1513 145
4695 146
1754 147
3718 148
114 149
1733 150
3505 151
3 152
1361 153
2005 154
2443 155
622 156
2933 157
3390 158
435 159
4577 160
2237 161
2100 162
2648 163
1965 164
3968 165
826 166
3176 167
3090 168
1397 169
749 170
3108 171
2527 172
1880 173
4887 174
4493 175
2554 176
1375 177
2752 178
3970 179
1793 180
1784 181
842 182
2102 183
4629 184
785 185
3101 186
3735 187
2983 188
4395 189
2072 190
3439 191
1103 192
4127 193
4090 194
4514 195
2624 196
4272 197
1619 198
4947 199
8 200
4865 201
2973 202
3101 203
1391 204
3084 205
4499 206
2554 207
2405 208
1653 209
1095 210
1609 211
1263 212
895 213
1643 214
3594 215
3857 216
1100 217
2881 218
213 219
93 220
4332 221
3579 222
4824 223
564 224
2719 225
2965 226
1782 227
3268 228
1978 229
2939 230
1114 231
4297 232
692 233
3248 234
4290 235
1120 236
259 237
2924 238
4745 239
437 240
838 241
804 242
4866 243
2288 244
1010 245
682 246
4693 247
3485 248
3247 249
2218 250
3837 251
3031 252
3527 253
1641 254
2451 255
228 256
256 257
742 258
2420 259
697 260
841 261
1039 262
4930 263
2181 264
4037 265
1570 266
2855 267
895 268
388 269
3720 270
1970 271
2915 272
2243 273
2893 274
4688 275
3744 276
75 277
205 278
968 279
3010 280
1229 281
1618 282
28 283
3220 284
2788 285
4500 286
1577 287
2123 288
1011 289
647 290
1468 291
4340 292
3530 293
4173 294
470 295
1044 296
377 297
1842 298
3115 299
4908 300
1337 301
4693 302
321 303
303 304
237 305
316 306
4614 307
3799 308
350 309
120 310
961 311
2628 312
811 313
456 314
3582 315
3610 316
1169 317
2316 318
80 319
4416 320
3601 321
3485 322
3033 323
2230 324
3013 325
1032 326
3591 327
4798 328
583 329
3906 330
3728 331
4667 332
3073 333
195 334
4348 335
4808 336
3555 337
317 338
2565 339
2363 340
761 341
2718 342
4122 343
2893 344
4650 345
4641 346
1799 347
444 348
3920 349
1340 350
949 351
3914 352
3231 353
3061 354
405 355
628 356
213 357
774 358
2429 359
4483 360
1317 361
1487 362
2306 363
926 364
4141 365
2997 366
3867 367
3697 368
1721 369
1233 370
683 371
4911 372
51 373
2649 374
1430 375
3411 376
1273 377
3836 378
2851 379
2019 380
4960 381
4247 382
1126 383
1792 384
2507 385
290 386
3155 387
700 388
3130 389
1008 390
2827 391
3315 392
2346 393
963 394
3413 395
3382 396
1124 397
2442 398
3260 399
3057 400
4211 401
452 402
4219 403
3457 404
117 405
323 406
4963 407
4326 408
628 409
1803 410
3059 411
3392 412
81 413
1532 414
1048 415
1335 416
4821 417
628 418
4772 419
62 420
517 421
340 422
1134 423
3828 424
4631 425
4932 426
3871 427
4939 428
823 429
1250 430
4534 431
2145 432
163 433
3749 434
2160 435
2089 436
2544 437
2288 438
989 439
1231 440
493 441
1489 442
1642 443
257 444
503 445
3090 446
4604 447
4981 448
517 449
812 450
4350 451
688 452
4744 453
4560 454
3557 455
3920 456
1226 457
455 458
260 459
1155 460
3246 461
68 462
1227 463
1623 464
519 465
3855 466
4329 467
2338 468
871 469
3109 470
3378 471
4537 472
674 473
965 474
2158 475
3117 476
798 477
1808 478
749 479
4233 480
798 481
2617 482
618 483
4070 484
2777 485
2684 486
1381 487
4456 488
3952 489
2125 490
3272 491
2412 492
4997 493
2734 494
1587 495
2947 496
1180 497
2640 498
796 499
