550 350
65 0
3347 1
4266 2
4356 3
3112 4
5140 5
1044 6
2716 7
2711 8
3753 9
180 10
19 11
2519 12
3245 13
4393 14
3018 15
2701 16
2793 17
4178 18
2580 19
1577 20
4690 21
4175 22
4661 23
3612 24
895 25
93 26
618 27
547 28
3136 29
1371 30
2514 31
72 32
2792 33
4468 34
1667 35
2095 36
3687 37
3221 38
1275 39
3298 40
7 41
1404 42
165 43
463 44
1794 45
5098 46
5279 47
5364 48
2738 49
2386 50
4472 51
4247 52
2200 53
2590 54
3612 55
3754 56
2871 57
3360 58
1121 59
3022 60
4429 61
4791 62
217 63
4335 64
3017 65
1671 66
2311 67
1830 68
1011 69
834 70
4265 71
3806 72
3117 73
1186 74
729 75
2552 76
2156 77
4561 78
2002 79
5418 80
5332 81
1265 82
4755 83
3104 84
5030 85
1688 86
2324 87
336 88
1296 89
5285 90
727 91
740 92
2798 93
2075 94
1627 95
1787 96
5461 97
153 98
1807 99
2971 100
4823 101
3254 102
3199 103
4686 104
3992 105
4535 106
4974 107
1212 108
1490 109
412 110
2228 111
3428 112
533 113
151 114
171 115
3170 116
147 117
1861 118
1662 119
3853 120
2501 121
812 122
4146 123
3220 124
3938 125
4393 126
19 127
974 128
4425 129
4908 130
5075 131
3718 132
1730 133
724 134
2581 135
5120 136
1519 137
252 138
4967 139
2371 140
902 141
5358 142
4046 143
1491 144
4383 145
4379 146
1529 147
4230 148
2813 149
933 150
1411 151
3410 152
1101 153
1335 154
5108 155
4521 156
1043 157
4257 158
4614 159
5293 160
1711 161
2440 162
5452 163
5355 164
602 165
1988 166
3623 167
727 168
3732 169
2426 170
2637 171
5300 172
592 173
4843 174
5082 175
3949 176
4674 177
2782 178
4275 179
5257 180
3953 181
665 182
1386 183
2675 184
1532 185
60 186
2397 187
4 188
3175 189
4927 190
5442 191
1443 192
3014 193
2269 194
1808 195
2365 196
4001 197
269 198
4509 199
3477 200
3959 201
3169 202
694 203
1753 204
5385 205
3145 206
1868 207
3910 208
4041 209
1249 210
36 211
2430 212
3841 213
4793 214
5042 215
2533 216
2617 217
1789 218
3102 219
2380 220
2490 221
4988 222
1148 223
54 224
2725 225
3446 226
2176 227
3268 228
2921 229
3093 230
4517 231
3198 232
863 233
2788 234
3611 235
745 236
4004 237
1481 238
4643 239
1312 240
5107 241
3506 242
3945 243
4083 244
3902 245
4402 246
3478 247
2903 248
2260 249
2513 250
3320 251
220 252
5240 253
2432 254
1346 255
4455 256
5087 257
2580 258
2049 259
1218 260
3907 261
561 262
2068 263
756 264
4291 265
2446 266
65 267
1656 268
131 269
2405 270
3886 271
3574 272
1137 273
5267 274
773 275
2309 276
467 277
304 278
4633 279
4926 280
2687 281
4914 282
2354 283
4871 284
4603 285
5128 286
680 287
4606 288
203 289
2925 290
1520 291
2964 292
4586 293
1811 294
5349 295
1913 296
1781 297
3187 298
5077 299
1677 300
4090 301
3303 302
4038 303
3665 304
2422 305
4385 306
1818 307
4970 308
3194 309
2375 310
3911 311
2664 312
147 313
1811 314
4298 315
3774 316
1807 317
5196 318
2494 319
542 320
2373 321
3611 322
3208 323
3188 324
751 325
3395 326
5245 327
4211 328
4904 329
4805 330
2529 331
4886 332
1166 333
3756 334
2763 335
2005 336
3574 337
2147 338
346 339
5180 340
3037 341
1050 342
34 343
5372 344
3479 345
331 346
2247 347
140 348
145 349
4296 350
1130 351
4061 352
654 353
1811 354
1121 355
958 356
3884 357
920 358
1371 359
3492 360
2031 361
1656 362
2271 363
3871 364
2318 365
443 366
2000 367
3147 368
703 369
1273 370
1365 371
3549 372
5365 373
3317 374
75 375
103 376
4346 377
1142 378
2322 379
1125 380
843 381
4292 382
2119 383
328 384
3427 385
2544 386
1781 387
2446 388
1033 389
3136 390
4031 391
2322 392
4419 393
160 394
5270 395
2014 396
2751 397
203 398
2091 399
3536 400
1685 401
4173 402
2423 403
22 404
4592 405
1052 406
2147 407
2153 408
2599 409
2108 410
1001 411
1015 412
1880 413
1394 414
2295 415
2220 416
2702 417
477 418
1148 419
3729 420
61 421
4177 422
4850 423
1611 424
2508 425
332 426
3412 427
3277 428
4987 429
4340 430
154 431
4415 432
3567 433
4502 434
1543 435
1592 436
4110 437
4449 438
1105 439
1277 440
1775 441
4665 442
3976 443
531 444
4717 445
3431 446
3889 447
2156 448
4850 449
1988 450
637 451
2446 452
856 453
3759 454
3243 455
3857 456
1961 457
4555 458
4321 459
1477 460
2998 461
3445 462
4071 463
1798 464
923 465
3285 466
4851 467
1362 468
4350 469
4562 470
413 471
2141 472
373 473
2035 474
2162 475
119 476
1818 477
2323 478
5271 479
5159 480
1293 481
2378 482
114 483
3435 484
4754 485
3669 486
1521 487
5416 488
4070 489
4316 490
3615 491
743 492
5063 493
5464 494
2807 495
5255 496
1082 497
3222 498
3858 499
3426 500
653 501
300 502
2678 503
1280 504
3042 505
4438 506
1093 507
4179 508
1434 509
2218 510
2908 511
947 512
4342 513
929 514
3795 515
165 516
3701 517
834 518
877 519
3721 520
2223 521
5096 522
1082 523
2776 524
4649 525
2728 526
1033 527
4069 528
2510 529
3886 530
3461 531
3036 532
2852 533
326 534
5348 535
4057 536
1985 537
495 538
1852 539
1679 540
4669 541
2025 542
5007 543
1665 544
336 545
1642 546
3856 547
2615 548
4587 549
