550 700
4321 0
4931 1
1793 2
3774 3
4761 4
5029 5
1914 6
1178 7
3455 8
3146 9
1422 10
1705 11
1418 12
2357 13
419 14
4201 15
441 16
1636 17
3831 18
3546 19
3876 20
3399 21
4033 22
716 23
890 24
1285 25
4682 26
182 27
4068 28
5114 29
1638 30
332 31
766 32
239 33
1707 34
2561 35
4106 36
5099 37
1422 38
1221 39
2348 40
3949 41
2945 42
4412 43
3929 44
4430 45
2041 46
4107 47
3975 48
4447 49
2242 50
1520 51
4748 52
3193 53
4867 54
3400 55
2366 56
4895 57
1383 58
2861 59
3335 60
4351 61
4120 62
1699 63
3262 64
4942 65
5060 66
264 67
522 68
3546 69
3369 70
1552 71
1359 72
2863 73
93 74
4933 75
2627 76
1454 77
4038 78
2207 79
84 80
4016 81
1525 82
1357 83
4994 84
2883 85
3762 86
1141 87
3090 88
1269 89
4281 90
2061 91
545 92
5438 93
221 94
518 95
4164 96
3778 97
4716 98
4437 99
4489 100
3977 101
2798 102
2201 103
1811 104
3418 105
201 106
892 107
3429 108
2658 109
2045 110
3450 111
57 112
1036 113
2011 114
4569 115
3757 116
945 117
1807 118
1787 119
3798 120
4497 121
826 122
1674 123
1011 124
447 125
5184 126
4053 127
3297 128
5453 129
782 130
1558 131
4336 132
1550 133
3290 134
5241 135
400 136
2368 137
2721 138
3149 139
1351 140
1995 141
2183 142
4953 143
3728 144
4509 145
3905 146
4016 147
3432 148
3718 149
1317 150
4558 151
1314 152
1505 153
1762 154
4024 155
2616 156
5024 157
171 158
1674 159
4357 160
1534 161
5189 162
5288 163
2466 164
3548 165
3771 166
5136 167
1708 168
4884 169
2117 170
120 171
1619 172
1951 173
4341 174
3723 175
43 176
387 177
715 178
1371 179
3777 180
3641 181
3254 182
1894 183
4048 184
111 185
1334 186
569 187
3398 188
2693 189
2873 190
1279 191
3481 192
4695 193
4482 194
849 195
4506 196
3211 197
5444 198
5376 199
1465 200
5117 201
2498 202
2691 203
3447 204
1970 205
5111 206
3340 207
3212 208
3565 209
5483 210
3641 211
4397 212
1817 213
304 214
3757 215
315 216
4328 217
3120 218
2845 219
2014 220
920 221
2566 222
4561 223
2752 224
1136 225
2661 226
4502 227
2982 228
3857 229
4986 230
118 231
5467 232
1348 233
3496 234
697 235
3822 236
799 237
5319 238
2966 239
2298 240
2375 241
4880 242
3257 243
5140 244
1544 245
3623 246
2116 247
3929 248
5318 249
4620 250
599 251
4774 252
614 253
4730 254
5083 255
4510 256
4907 257
2852 258
1542 259
3066 260
2236 261
2012 262
5070 263
419 264
2898 265
1625 266
2848 267
2650 268
1348 269
3945 270
1312 271
4530 272
3176 273
3451 274
432 275
126 276
749 277
5293 278
4366 279
1104 280
3657 281
4205 282
2678 283
2245 284
5334 285
1998 286
3572 287
4647 288
4534 289
1237 290
3279 291
353 292
4663 293
3310 294
699 295
4685 296
4863 297
4380 298
5130 299
2856 300
3585 301
4592 302
4891 303
849 304
4104 305
5036 306
3676 307
1319 308
2320 309
4121 310
2644 311
4090 312
3173 313
4498 314
5090 315
450 316
2998 317
45 318
1339 319
759 320
3818 321
4850 322
5327 323
4299 324
1042 325
1299 326
5243 327
384 328
5232 329
1228 330
2917 331
1811 332
5265 333
2076 334
2262 335
3407 336
1929 337
426 338
2893 339
2886 340
4004 341
283 342
2955 343
4433 344
1667 345
4565 346
3802 347
1897 348
2589 349
3366 350
5297 351
3230 352
3804 353
1985 354
4078 355
3440 356
4181 357
167 358
1194 359
4076 360
4842 361
62 362
635 363
1870 364
245 365
2114 366
2546 367
4988 368
1247 369
3655 370
3568 371
1683 372
1794 373
4983 374
3595 375
4368 376
2172 377
1833 378
3496 379
4881 380
4971 381
1830 382
962 383
2195 384
343 385
3352 386
4321 387
4963 388
337 389
3705 390
2120 391
4774 392
2045 393
5366 394
3511 395
554 396
4822 397
3420 398
2096 399
4430 400
1030 401
1277 402
5404 403
381 404
199 405
4453 406
2435 407
4762 408
1924 409
5431 410
4663 411
3759 412
541 413
171 414
993 415
2166 416
781 417
2198 418
2481 419
764 420
1969 421
4010 422
4776 423
1717 424
1143 425
266 426
3693 427
2565 428
2938 429
3499 430
2557 431
4957 432
2086 433
4854 434
954 435
133 436
3694 437
4429 438
1165 439
1567 440
1166 441
3668 442
780 443
1266 444
4800 445
4102 446
2686 447
657 448
4256 449
4181 450
2404 451
1968 452
105 453
2120 454
1013 455
5495 456
1685 457
1932 458
5083 459
3498 460
2268 461
1416 462
1963 463
592 464
1330 465
1944 466
4187 467
3970 468
3786 469
4481 470
2860 471
2484 472
4689 473
4268 474
3419 475
4933 476
4342 477
5263 478
2819 479
4216 480
3442 481
1800 482
595 483
1523 484
4069 485
4861 486
3809 487
2681 488
941 489
2626 490
3998 491
5178 492
3982 493
5453 494
395 495
1161 496
346 497
699 498
4721 499
2231 500
683 501
3081 502
2081 503
932 504
2024 505
2422 506
2665 507
4228 508
144 509
2114 510
2565 511
1744 512
1989 513
3027 514
600 515
1969 516
2260 517
2493 518
2343 519
96 520
384 521
2175 522
4134 523
3053 524
399 525
5082 526
484 527
3878 528
959 529
1848 530
5366 531
5123 532
3903 533
958 534
3002 535
5300 536
1643 537
3154 538
2590 539
2392 540
3971 541
2815 542
3634 543
5415 544
1445 545
2524 546
3435 547
155 548
627 549
