550 600
72 0
2060 1
699 2
4020 3
4595 4
3593 5
134 6
270 7
3171 8
1271 9
1940 10
2791 11
2831 12
3486 13
4516 14
1599 15
1471 16
4747 17
3729 18
1923 19
5444 20
1818 21
257 22
3241 23
2871 24
1200 25
226 26
2888 27
4540 28
842 29
3156 30
5364 31
1852 32
1471 33
175 34
4757 35
1279 36
4151 37
1109 38
1746 39
233 40
3060 41
4261 42
1823 43
262 44
2502 45
3887 46
3733 47
3935 48
153 49
4479 50
2289 51
3328 52
1267 53
3584 54
3612 55
2334 56
3795 57
507 58
414 59
2059 60
2129 61
4001 62
4456 63
4420 64
2803 65
5225 66
3628 67
1604 68
1266 69
4155 70
1844 71
411 72
4997 73
2690 74
323 75
2262 76
2861 77
832 78
5426 79
4353 80
4258 81
2972 82
4382 83
3312 84
1662 85
2512 86
962 87
2438 88
2490 89
2137 90
2290 91
3880 92
4856 93
1617 94
5001 95
3535 96
4410 97
618 98
1949 99
207 100
967 101
3310 102
4684 103
1870 104
3030 105
717 106
970 107
2232 108
4433 109
2068 110
255 111
4969 112
5039 113
5368 114
1665 115
759 116
4065 117
2084 118
1395 119
533 120
202 121
26 122
3817 123
718 124
882 125
1930 126
4961 127
4015 128
382 129
31 130
4964 131
3987 132
2885 133
4376 134
5124 135
2011 136
4304 137
2765 138
4089 139
343 140
542 141
2363 142
1292 143
4144 144
3739 145
2666 146
3025 147
4999 148
4835 149
3907 150
2892 151
1578 152
2643 153
348 154
3662 155
2259 156
3264 157
2410 158
2555 159
4356 160
2230 161
5336 162
1374 163
1165 164
1515 165
5256 166
4839 167
3361 168
2219 169
1516 170
562 171
3152 172
1003 173
3853 174
4509 175
4764 176
640 177
5293 178
3698 179
4166 180
2817 181
3064 182
213 183
2184 184
4121 185
1593 186
3238 187
4113 188
208 189
1394 190
2209 191
2012 192
5482 193
3887 194
1025 195
3942 196
607 197
4695 198
3168 199
4852 200
1304 201
4687 202
3795 203
1676 204
5180 205
2911 206
3922 207
2243 208
2269 209
5148 210
1217 211
4320 212
898 213
4986 214
2316 215
3146 216
73 217
1825 218
3815 219
2410 220
2487 221
2555 222
789 223
5249 224
4290 225
448 226
4290 227
3425 228
2838 229
1699 230
1259 231
5234 232
812 233
190 234
1354 235
857 236
4600 237
2346 238
1774 239
5481 240
25 241
3734 242
1295 243
1184 244
120 245
924 246
2647 247
2659 248
1184 249
1972 250
4376 251
417 252
2390 253
1997 254
105 255
797 256
1946 257
1155 258
1210 259
2481 260
3710 261
4351 262
1524 263
1058 264
2733 265
2008 266
375 267
1861 268
2645 269
2251 270
4310 271
3748 272
430 273
1117 274
2360 275
5014 276
1715 277
3209 278
5069 279
897 280
5430 281
4033 282
4150 283
2909 284
638 285
4597 286
4267 287
2876 288
1022 289
5206 290
1456 291
3833 292
4790 293
1942 294
2864 295
640 296
5499 297
1108 298
3734 299
1819 300
3647 301
4473 302
1107 303
2939 304
2201 305
1318 306
4443 307
393 308
3990 309
3973 310
1503 311
1672 312
3052 313
2095 314
4616 315
3633 316
578 317
3576 318
252 319
4996 320
4931 321
4842 322
3037 323
2155 324
1759 325
87 326
978 327
3585 328
1888 329
72 330
792 331
3684 332
1116 333
2460 334
1403 335
3167 336
4344 337
4476 338
5258 339
2267 340
4215 341
2047 342
5187 343
4495 344
4644 345
5137 346
3535 347
4257 348
3775 349
4435 350
337 351
4018 352
1025 353
1136 354
433 355
1201 356
4414 357
4661 358
1379 359
1563 360
4214 361
288 362
4399 363
446 364
4980 365
2094 366
2968 367
509 368
1803 369
1034 370
1051 371
744 372
2134 373
2455 374
1840 375
2932 376
512 377
2136 378
3109 379
3142 380
85 381
1683 382
4162 383
3344 384
4146 385
4036 386
3484 387
1501 388
2824 389
1448 390
3754 391
4172 392
4125 393
3818 394
5243 395
2573 396
3590 397
1058 398
2630 399
4844 400
1132 401
2858 402
5209 403
2122 404
300 405
808 406
1917 407
5031 408
1503 409
5100 410
5272 411
700 412
709 413
4061 414
3864 415
2277 416
4851 417
3017 418
1056 419
1789 420
5142 421
2506 422
57 423
5238 424
4568 425
907 426
3892 427
1428 428
3621 429
5343 430
834 431
5072 432
1127 433
1341 434
5111 435
3082 436
5484 437
1372 438
5496 439
5230 440
531 441
1931 442
4624 443
790 444
1437 445
1807 446
783 447
2330 448
4699 449
1351 450
167 451
3414 452
4899 453
2576 454
1367 455
804 456
3240 457
1393 458
3273 459
2059 460
2671 461
4355 462
898 463
374 464
2559 465
3359 466
3642 467
2559 468
2175 469
4254 470
1664 471
1151 472
4059 473
2797 474
464 475
1181 476
1994 477
3886 478
4000 479
3409 480
4507 481
4237 482
1335 483
3884 484
392 485
3383 486
5086 487
1098 488
4866 489
2594 490
1396 491
2602 492
1792 493
550 494
2772 495
1289 496
337 497
9 498
5368 499
2504 500
4094 501
476 502
1597 503
2008 504
3184 505
1434 506
1119 507
1912 508
2815 509
4957 510
1095 511
2952 512
3666 513
549 514
5094 515
2594 516
3640 517
1521 518
861 519
3619 520
3182 521
3122 522
3716 523
521 524
2547 525
1864 526
2052 527
3061 528
3853 529
280 530
3928 531
3606 532
2618 533
1131 534
4169 535
1609 536
2954 537
3618 538
4645 539
878 540
618 541
2781 542
3274 543
1547 544
2897 545
2271 546
3191 547
1973 548
5164 549
