500 250
3725 0
3348 1
1194 2
2993 3
4817 4
1696 5
14 6
3091 7
1519 8
3561 9
3149 10
2962 11
3899 12
1151 13
701 14
3817 15
3919 16
115 17
1868 18
3279 19
4890 20
985 21
4413 22
2492 23
2070 24
4679 25
1178 26
4346 27
551 28
582 29
2621 30
1486 31
400 32
1497 33
960 34
3277 35
2043 36
187 37
3651 38
287 39
2043 40
4091 41
1431 42
3154 43
1699 44
3924 45
2238 46
1793 47
4215 48
2309 49
2584 50
3589 51
4112 52
181 53
4642 54
4127 55
3115 56
3714 57
3445 58
2196 59
2823 60
4894 61
4308 62
4421 63
4678 64
2747 65
518 66
1394 67
2038 68
370 69
2564 70
3426 71
930 72
2103 73
3118 74
3569 75
3969 76
3285 77
4264 78
4915 79
339 80
3279 81
1105 82
2651 83
222 84
344 85
4816 86
3443 87
3448 88
2687 89
4997 90
1160 91
404 92
4893 93
4607 94
1378 95
2259 96
1314 97
2386 98
1298 99
1193 100
419 101
4322 102
3378 103
436 104
4894 105
128 106
4516 107
3893 108
4231 109
617 110
3091 111
2461 112
2029 113
1463 114
4720 115
3818 116
2834 117
3793 118
3649 119
2238 120
2103 121
4966 122
2002 123
299 124
817 125
267 126
1986 127
1430 128
3432 129
2390 130
428 131
4128 132
1995 133
1866 134
1715 135
1437 136
3209 137
2350 138
2759 139
565 140
1137 141
2497 142
3307 143
2005 144
3551 145
3342 146
3061 147
4895 148
334 149
1228 150
3604 151
4651 152
1970 153
2348 154
2822 155
3211 156
1982 157
4993 158
1689 159
4342 160
3331 161
3469 162
2722 163
1115 164
2256 165
200 166
986 167
2678 168
3169 169
944 170
4382 171
4126 172
2659 173
3873 174
2818 175
763 176
3916 177
1410 178
1660 179
1589 180
2826 181
416 182
3168 183
4931 184
1610 185
2247 186
1915 187
1576 188
2873 189
3928 190
2594 191
1376 192
2291 193
3368 194
2331 195
4037 196
3605 197
4395 198
914 199
2849 200
3936 201
3729 202
4214 203
2977 204
4141 205
4360 206
1072 207
4636 208
2923 209
4114 210
2088 211
3994 212
3332 213
81 214
1948 215
4432 216
1992 217
853 218
4291 219
1952 220
1810 221
2908 222
2757 223
1410 224
1294 225
3147 226
1548 227
3239 228
3130 229
940 230
1366 231
1687 232
425 233
4856 234
171 235
134 236
225 237
409 238
2874 239
2395 240
4815 241
1287 242
3674 243
4449 244
2592 245
3707 246
4567 247
590 248
4802 249
1519 250
4540 251
4575 252
4927 253
1351 254
133 255
3853 256
2752 257
2083 258
4338 259
2381 260
2177 261
4597 262
401 263
2996 264
3793 265
1207 266
4138 267
3393 268
2372 269
4610 270
2989 271
4374 272
3432 273
1161 274
4292 275
4701 276
480 277
3805 278
925 279
4995 280
4460 281
3489 282
327 283
2630 284
3092 285
2908 286
1617 287
2943 288
2374 289
2202 290
3932 291
2181 292
4067 293
4857 294
2720 295
3931 296
1680 297
4764 298
2983 299
4338 300
4261 301
1088 302
1600 303
4882 304
582 305
2416 306
3902 307
698 308
1228 309
3177 310
3319 311
3877 312
3155 313
2139 314
3437 315
3809 316
1357 317
1665 318
1963 319
2063 320
58 321
1450 322
4009 323
4422 324
4395 325
4955 326
4631 327
3037 328
3525 329
4585 330
453 331
3196 332
4047 333
3169 334
1676 335
1445 336
4366 337
2201 338
2814 339
3486 340
3933 341
3048 342
3459 343
3410 344
2199 345
23 346
3367 347
2197 348
3944 349
3437 350
3851 351
1282 352
3524 353
4623 354
2497 355
252 356
3101 357
632 358
4913 359
396 360
3488 361
3003 362
442 363
1844 364
2629 365
2994 366
438 367
537 368
276 369
4806 370
1422 371
968 372
3378 373
3213 374
3984 375
731 376
18 377
3384 378
42 379
2440 380
4722 381
1900 382
4490 383
2010 384
1445 385
2174 386
3133 387
2251 388
1026 389
3233 390
3263 391
3968 392
3355 393
1072 394
3584 395
3004 396
1300 397
3077 398
1909 399
2345 400
4890 401
538 402
3403 403
795 404
3524 405
1553 406
741 407
1519 408
2544 409
3196 410
3917 411
2577 412
1802 413
3749 414
2169 415
3182 416
4725 417
4762 418
3273 419
4797 420
1319 421
4414 422
2934 423
819 424
4368 425
397 426
2400 427
552 428
534 429
1266 430
970 431
2679 432
1653 433
3706 434
2534 435
2460 436
4594 437
411 438
3680 439
3946 440
1712 441
3940 442
2256 443
3719 444
3018 445
2067 446
4713 447
3616 448
3812 449
224 450
4668 451
1144 452
2385 453
582 454
2347 455
2285 456
2395 457
1189 458
1846 459
148 460
377 461
1444 462
3958 463
1631 464
3516 465
717 466
2804 467
3181 468
971 469
3155 470
940 471
1760 472
4924 473
710 474
2283 475
2476 476
1229 477
4134 478
3504 479
4638 480
1899 481
3443 482
2830 483
201 484
3581 485
2505 486
1946 487
3628 488
3659 489
2564 490
3560 491
4807 492
4465 493
4425 494
4909 495
982 496
2778 497
1836 498
4452 499
