550 1350
3065 0
244 1
3517 2
2504 3
5128 4
492 5
536 6
3184 7
5479 8
746 9
4481 10
5363 11
3150 12
3828 13
299 14
5429 15
2573 16
1610 17
5414 18
377 19
2894 20
4721 21
737 22
3189 23
4016 24
4503 25
3111 26
2499 27
678 28
508 29
3865 30
2835 31
2208 32
3181 33
5190 34
2382 35
3007 36
3062 37
217 38
2659 39
850 40
4121 41
4019 42
3766 43
1112 44
1348 45
4162 46
1081 47
1492 48
1908 49
2452 50
1898 51
4828 52
1687 53
1173 54
689 55
2364 56
4826 57
1848 58
148 59
5070 60
4866 61
2521 62
2929 63
2897 64
2672 65
4922 66
1793 67
5275 68
1242 69
1551 70
4824 71
1296 72
4018 73
5487 74
1644 75
5214 76
3017 77
473 78
2902 79
4708 80
1467 81
674 82
3938 83
1996 84
1484 85
937 86
643 87
3119 88
1265 89
1713 90
5479 91
5458 92
2970 93
3732 94
4756 95
2627 96
2700 97
884 98
4568 99
5449 100
4888 101
3074 102
3085 103
2892 104
2309 105
2466 106
3064 107
4090 108
3354 109
950 110
3652 111
1681 112
4132 113
3926 114
3712 115
1055 116
3800 117
4703 118
4318 119
1362 120
710 121
3131 122
3524 123
3410 124
2663 125
762 126
5234 127
1310 128
5315 129
4695 130
4848 131
3732 132
4456 133
4464 134
246 135
4736 136
1289 137
4210 138
1401 139
987 140
739 141
1951 142
1998 143
4021 144
1614 145
4132 146
2335 147
3487 148
2065 149
5110 150
5005 151
5402 152
899 153
3060 154
1996 155
1405 156
4413 157
2880 158
4010 159
921 160
466 161
663 162
4056 163
604 164
4663 165
555 166
2763 167
1736 168
3086 169
20 170
1107 171
5375 172
479 173
2342 174
4654 175
164 176
5124 177
3844 178
4104 179
2551 180
1997 181
461 182
605 183
1822 184
3253 185
5429 186
3153 187
4445 188
2717 189
3963 190
1171 191
1232 192
1078 193
4347 194
3099 195
1676 196
3325 197
952 198
1751 199
5456 200
4469 201
1708 202
5264 203
1635 204
1675 205
453 206
706 207
923 208
1899 209
4089 210
1805 211
3616 212
2168 213
3198 214
4239 215
299 216
4147 217
1853 218
4329 219
2067 220
4865 221
3939 222
4320 223
811 224
1511 225
1335 226
469 227
2154 228
1322 229
1773 230
2351 231
1411 232
3916 233
683 234
2943 235
2691 236
2642 237
1776 238
1116 239
1909 240
3261 241
4329 242
5095 243
5185 244
4770 245
4195 246
2831 247
4743 248
717 249
4013 250
3483 251
3545 252
4283 253
5231 254
4044 255
2402 256
4726 257
4701 258
3485 259
901 260
280 261
3267 262
490 263
3120 264
3981 265
1839 266
1644 267
902 268
4753 269
1792 270
3882 271
1249 272
3727 273
4558 274
2576 275
5205 276
3212 277
1810 278
441 279
1079 280
3002 281
796 282
3887 283
1119 284
1166 285
4490 286
716 287
4265 288
1040 289
1184 290
2591 291
2630 292
1421 293
3246 294
3587 295
179 296
3016 297
3959 298
298 299
3391 300
182 301
1521 302
520 303
4690 304
5392 305
1178 306
3260 307
1566 308
3729 309
4549 310
1113 311
475 312
5297 313
3779 314
2362 315
5428 316
1874 317
2978 318
4468 319
569 320
2159 321
1316 322
5037 323
2247 324
4286 325
1511 326
4989 327
2488 328
3177 329
3047 330
166 331
339 332
3136 333
2820 334
3181 335
1469 336
5248 337
2088 338
4773 339
3646 340
1874 341
988 342
2680 343
2535 344
2351 345
5014 346
2323 347
1105 348
333 349
1430 350
3136 351
3256 352
4976 353
489 354
360 355
1701 356
469 357
2855 358
983 359
369 360
1131 361
4598 362
2027 363
5330 364
596 365
1314 366
4517 367
3087 368
2461 369
284 370
3253 371
755 372
1100 373
4950 374
3564 375
3487 376
4502 377
1568 378
4671 379
4590 380
1 381
1215 382
3882 383
3246 384
240 385
3690 386
3595 387
3200 388
3136 389
3932 390
5329 391
5369 392
3779 393
3342 394
105 395
536 396
4623 397
3778 398
1332 399
3552 400
2280 401
3651 402
3607 403
3785 404
1839 405
4208 406
879 407
4807 408
2558 409
23 410
1787 411
623 412
1217 413
882 414
1502 415
3388 416
3025 417
3105 418
3770 419
809 420
4286 421
2544 422
1339 423
7 424
423 425
1554 426
2217 427
5247 428
647 429
1407 430
297 431
1132 432
659 433
3110 434
2609 435
2685 436
3964 437
2313 438
1513 439
4480 440
397 441
250 442
4943 443
4499 444
664 445
1761 446
1335 447
2099 448
4758 449
543 450
4368 451
1578 452
3778 453
28 454
3831 455
2278 456
1796 457
1101 458
4582 459
2443 460
2748 461
3710 462
2000 463
2999 464
1118 465
624 466
2659 467
1721 468
2320 469
2685 470
4761 471
1332 472
1685 473
4411 474
1050 475
4160 476
567 477
5362 478
4965 479
4896 480
4148 481
4744 482
5353 483
948 484
5044 485
2650 486
3967 487
4209 488
274 489
3993 490
4917 491
3691 492
3571 493
4385 494
2642 495
1199 496
677 497
5079 498
4802 499
5331 500
963 501
3686 502
4773 503
125 504
1700 505
3106 506
3543 507
1066 508
3853 509
1054 510
4400 511
4873 512
3244 513
3998 514
1628 515
1871 516
4469 517
3741 518
5428 519
2543 520
4900 521
1370 522
4850 523
4867 524
3847 525
4436 526
3748 527
2507 528
2405 529
4813 530
3501 531
5240 532
4634 533
1364 534
4089 535
1616 536
4668 537
4165 538
37 539
119 540
2866 541
2445 542
647 543
5075 544
3125 545
1571 546
2607 547
896 548
5418 549
