500 300
1146 0
4703 1
3922 2
3216 3
1158 4
3721 5
2234 6
1026 7
4790 8
4004 9
2865 10
4173 11
847 12
4019 13
2433 14
4901 15
2906 16
4126 17
727 18
955 19
4926 20
1290 21
2595 22
1179 23
1472 24
4905 25
2016 26
809 27
1673 28
587 29
3848 30
4455 31
1269 32
3920 33
834 34
1968 35
4486 36
4075 37
2083 38
3324 39
2106 40
4938 41
3931 42
2611 43
3544 44
4978 45
3418 46
3729 47
1821 48
4572 49
882 50
3652 51
4315 52
2449 53
4154 54
2013 55
995 56
1070 57
255 58
1701 59
887 60
3704 61
30 62
4649 63
2604 64
1440 65
2749 66
4543 67
485 68
2434 69
1735 70
1398 71
634 72
1660 73
3687 74
3726 75
1863 76
1368 77
1691 78
796 79
4941 80
3312 81
43 82
4136 83
1808 84
1624 85
1623 86
1779 87
1076 88
820 89
3178 90
375 91
3771 92
4142 93
1054 94
78 95
1141 96
328 97
3279 98
1951 99
3221 100
3466 101
4674 102
855 103
2314 104
3769 105
343 106
926 107
1781 108
4841 109
3408 110
4304 111
1149 112
2928 113
3724 114
3978 115
4970 116
3582 117
1170 118
4371 119
2338 120
998 121
2871 122
3529 123
1659 124
4507 125
1439 126
3554 127
781 128
3547 129
4840 130
1844 131
2410 132
720 133
3789 134
3858 135
4939 136
281 137
1769 138
1798 139
4017 140
3910 141
2450 142
20 143
3450 144
3392 145
4794 146
2709 147
845 148
4433 149
2091 150
4988 151
4717 152
4873 153
2014 154
461 155
990 156
88 157
4266 158
713 159
67 160
3232 161
1416 162
2604 163
4244 164
1193 165
507 166
3374 167
2188 168
687 169
4991 170
103 171
1698 172
218 173
2214 174
2101 175
4425 176
3091 177
3807 178
362 179
1718 180
1583 181
4440 182
234 183
3740 184
1121 185
4350 186
4348 187
4964 188
260 189
309 190
966 191
846 192
3130 193
955 194
3077 195
3712 196
2741 197
4391 198
865 199
1370 200
3917 201
4894 202
808 203
716 204
1803 205
696 206
2397 207
3895 208
742 209
541 210
2669 211
4964 212
285 213
1726 214
3797 215
3386 216
1945 217
2047 218
1986 219
128 220
763 221
1739 222
1501 223
3011 224
2602 225
4838 226
801 227
3242 228
1387 229
4338 230
973 231
885 232
422 233
3030 234
1274 235
4160 236
4185 237
2399 238
904 239
2949 240
1106 241
1150 242
1889 243
1319 244
3355 245
3142 246
2767 247
2349 248
3858 249
164 250
4239 251
3868 252
4376 253
2034 254
1785 255
780 256
86 257
3952 258
4911 259
3522 260
1455 261
4404 262
2954 263
2250 264
1716 265
3111 266
882 267
86 268
285 269
1678 270
386 271
4991 272
2092 273
1633 274
4080 275
738 276
916 277
3377 278
4312 279
610 280
2155 281
3164 282
3381 283
2951 284
2754 285
4400 286
1761 287
913 288
4314 289
3088 290
3385 291
1453 292
4509 293
993 294
653 295
1710 296
4439 297
4577 298
2729 299
2437 300
2890 301
4237 302
1460 303
2857 304
30 305
2674 306
3042 307
85 308
1080 309
2793 310
4210 311
4946 312
159 313
1326 314
507 315
1328 316
4402 317
2145 318
1430 319
415 320
4968 321
3523 322
4513 323
4806 324
434 325
1140 326
4328 327
4018 328
2435 329
3227 330
4975 331
414 332
3385 333
1354 334
2180 335
3539 336
1870 337
3910 338
1056 339
3023 340
3082 341
3850 342
2624 343
219 344
769 345
785 346
2472 347
1949 348
1534 349
1639 350
3231 351
3591 352
1564 353
2820 354
2400 355
493 356
4327 357
2982 358
3746 359
128 360
1520 361
3519 362
27 363
4988 364
3537 365
1208 366
3437 367
1108 368
1157 369
1059 370
2329 371
3461 372
4951 373
310 374
1973 375
2439 376
3087 377
3196 378
4055 379
1856 380
2211 381
1471 382
1273 383
38 384
13 385
3604 386
4827 387
3933 388
3438 389
305 390
1917 391
293 392
4462 393
2498 394
1833 395
2736 396
267 397
4218 398
3586 399
2108 400
1197 401
4628 402
199 403
4360 404
4932 405
1907 406
2265 407
1749 408
2820 409
4174 410
274 411
2582 412
2898 413
3491 414
1959 415
3034 416
4095 417
560 418
1999 419
2934 420
2298 421
3615 422
1953 423
706 424
1382 425
809 426
937 427
2528 428
4843 429
2932 430
955 431
3062 432
4678 433
3461 434
648 435
271 436
3215 437
275 438
4967 439
2763 440
3290 441
3728 442
3169 443
1128 444
1419 445
2060 446
863 447
142 448
72 449
1795 450
3344 451
571 452
4804 453
382 454
387 455
3091 456
2007 457
472 458
1369 459
432 460
4585 461
4055 462
4043 463
4546 464
4504 465
4342 466
1257 467
4108 468
319 469
4356 470
1275 471
961 472
385 473
1729 474
2829 475
266 476
1363 477
2164 478
3068 479
4535 480
4911 481
4880 482
66 483
782 484
2733 485
3737 486
1396 487
1666 488
196 489
100 490
2947 491
4931 492
981 493
2835 494
4917 495
593 496
500 497
4235 498
2034 499
