550 800
4172 0
1430 1
73 2
1570 3
2120 4
1538 5
948 6
1014 7
3256 8
2600 9
3773 10
1746 11
2841 12
1183 13
4704 14
3526 15
3391 16
4356 17
4082 18
2474 19
3955 20
1874 21
4274 22
4821 23
4521 24
114 25
364 26
3368 27
801 28
3831 29
4817 30
2996 31
5408 32
5330 33
1107 34
4886 35
4752 36
1183 37
2015 38
1295 39
4199 40
1793 41
1263 42
4315 43
4573 44
3478 45
93 46
4910 47
3466 48
2682 49
2522 50
1550 51
210 52
3285 53
2413 54
1054 55
4083 56
1605 57
652 58
5111 59
3730 60
5068 61
3931 62
3736 63
5217 64
4636 65
1806 66
2321 67
2830 68
3713 69
1584 70
4916 71
5019 72
1692 73
2173 74
2142 75
3545 76
3551 77
65 78
4534 79
525 80
1429 81
1836 82
2191 83
4163 84
2215 85
1247 86
2279 87
3638 88
4179 89
1121 90
246 91
1178 92
2793 93
3412 94
4673 95
3071 96
615 97
415 98
5491 99
4576 100
1172 101
4610 102
4790 103
1689 104
1353 105
3896 106
5101 107
1494 108
4410 109
1174 110
309 111
5217 112
5473 113
4283 114
547 115
2030 116
2165 117
1930 118
1491 119
1491 120
1690 121
4382 122
3235 123
3945 124
4027 125
3664 126
994 127
3904 128
3402 129
1062 130
4835 131
5203 132
1411 133
2461 134
2807 135
4179 136
1199 137
5455 138
1595 139
404 140
4140 141
1485 142
503 143
4715 144
2408 145
3931 146
4955 147
4615 148
4127 149
5024 150
176 151
5432 152
1102 153
1044 154
1298 155
4388 156
3279 157
3269 158
3446 159
777 160
3928 161
4443 162
4650 163
2692 164
694 165
194 166
2241 167
1538 168
225 169
2642 170
4826 171
3273 172
4817 173
5182 174
1054 175
763 176
2320 177
284 178
5457 179
3723 180
4400 181
4748 182
1151 183
1497 184
253 185
3104 186
2579 187
1822 188
1024 189
940 190
4905 191
5108 192
3105 193
338 194
362 195
4296 196
4498 197
2449 198
3890 199
5429 200
2402 201
425 202
4583 203
2512 204
3311 205
507 206
3083 207
4144 208
4548 209
4620 210
4010 211
3214 212
1835 213
5233 214
5414 215
1321 216
1202 217
2749 218
4081 219
3264 220
2814 221
5402 222
3789 223
4859 224
431 225
5021 226
3761 227
1425 228
4550 229
3036 230
2980 231
865 232
1211 233
4676 234
1621 235
4044 236
1228 237
3719 238
3564 239
4920 240
3063 241
744 242
2063 243
2118 244
1532 245
2504 246
4614 247
3969 248
1940 249
5301 250
2578 251
4213 252
4549 253
4893 254
4241 255
3506 256
2657 257
5193 258
1569 259
3541 260
2042 261
4446 262
3448 263
719 264
1249 265
4015 266
4050 267
3546 268
3641 269
5011 270
102 271
2847 272
43 273
3407 274
1295 275
4958 276
3691 277
4709 278
3040 279
4814 280
294 281
4772 282
4946 283
1347 284
4441 285
2274 286
4599 287
945 288
5295 289
1316 290
2980 291
3240 292
2945 293
4870 294
3515 295
3982 296
421 297
134 298
4934 299
1617 300
620 301
1931 302
1232 303
5061 304
2398 305
3103 306
5356 307
3181 308
3178 309
4139 310
377 311
4576 312
2509 313
1497 314
316 315
5458 316
2411 317
3205 318
2053 319
3742 320
459 321
3979 322
3437 323
4224 324
619 325
3831 326
220 327
2873 328
884 329
1899 330
5170 331
3381 332
4487 333
997 334
2935 335
832 336
4373 337
2936 338
4245 339
718 340
4158 341
247 342
726 343
3264 344
3776 345
435 346
3306 347
1534 348
5085 349
4537 350
4070 351
2331 352
2232 353
886 354
4371 355
2003 356
3833 357
1237 358
318 359
4170 360
5188 361
843 362
5288 363
2091 364
3998 365
2910 366
1284 367
2975 368
1496 369
1768 370
475 371
4184 372
718 373
3166 374
1813 375
3123 376
261 377
68 378
3442 379
2403 380
967 381
3847 382
680 383
2944 384
4679 385
1219 386
514 387
1521 388
693 389
4819 390
5148 391
3448 392
684 393
1763 394
326 395
4138 396
194 397
978 398
4099 399
2854 400
5282 401
3723 402
3600 403
2245 404
2925 405
2780 406
4276 407
2099 408
3659 409
1569 410
4632 411
1656 412
3071 413
1786 414
5445 415
1286 416
408 417
2517 418
2979 419
1201 420
4305 421
3632 422
3182 423
3721 424
1782 425
3677 426
1187 427
1940 428
4478 429
4366 430
3902 431
460 432
257 433
4121 434
3877 435
3136 436
785 437
4462 438
1031 439
5122 440
3107 441
2423 442
3600 443
4540 444
1718 445
2587 446
3700 447
4589 448
2543 449
2676 450
5281 451
5413 452
3034 453
4727 454
2990 455
2676 456
5234 457
3707 458
3118 459
4357 460
3276 461
4411 462
2393 463
2588 464
1914 465
5196 466
2680 467
4897 468
349 469
2364 470
2542 471
3916 472
2392 473
1050 474
1960 475
1791 476
808 477
1791 478
2733 479
4666 480
3807 481
3786 482
3948 483
4125 484
2363 485
804 486
71 487
1977 488
4734 489
955 490
5195 491
4435 492
5473 493
3381 494
2563 495
2654 496
3182 497
4391 498
2157 499
1124 500
5417 501
4901 502
2746 503
593 504
862 505
4525 506
4314 507
1641 508
4723 509
2467 510
396 511
1503 512
1900 513
2123 514
154 515
1129 516
5056 517
4955 518
2086 519
4022 520
5427 521
290 522
1641 523
1966 524
5296 525
1996 526
2306 527
4716 528
3877 529
3223 530
5366 531
2518 532
164 533
3991 534
775 535
281 536
2896 537
3366 538
3498 539
586 540
4690 541
4042 542
687 543
37 544
1628 545
2459 546
1785 547
2010 548
3899 549
