550 150
4455 0
2525 1
1229 2
4694 3
3568 4
4675 5
699 6
5399 7
69 8
4475 9
4010 10
5488 11
2036 12
1935 13
920 14
3522 15
3149 16
465 17
1653 18
4007 19
5334 20
5404 21
4404 22
788 23
4328 24
5500 25
1366 26
4823 27
1201 28
4507 29
2923 30
1560 31
3639 32
1354 33
4964 34
2190 35
3295 36
2966 37
2392 38
4481 39
4342 40
796 41
3767 42
3033 43
4250 44
137 45
5309 46
927 47
4455 48
2979 49
757 50
4103 51
897 52
2616 53
4501 54
5282 55
1904 56
1804 57
4973 58
4166 59
3135 60
3825 61
3034 62
2267 63
3232 64
1232 65
4590 66
1503 67
2676 68
903 69
535 70
3128 71
3782 72
5246 73
3409 74
4509 75
607 76
4693 77
5178 78
5214 79
516 80
3069 81
677 82
3474 83
4070 84
1160 85
1518 86
2672 87
2864 88
3709 89
3644 90
5489 91
3901 92
209 93
1093 94
2387 95
5463 96
1555 97
3441 98
607 99
3038 100
5372 101
3562 102
1002 103
2627 104
1714 105
1570 106
1379 107
287 108
3263 109
2607 110
2873 111
4820 112
3289 113
4247 114
419 115
4446 116
4447 117
3006 118
1166 119
353 120
2613 121
3985 122
857 123
1611 124
2296 125
1102 126
2597 127
3924 128
2104 129
4760 130
2078 131
2373 132
2764 133
3654 134
4327 135
3027 136
4656 137
4402 138
2134 139
110 140
1207 141
2437 142
906 143
2162 144
4087 145
497 146
3839 147
1831 148
4903 149
1137 150
3086 151
2794 152
1801 153
531 154
4420 155
1173 156
493 157
3014 158
868 159
4443 160
1312 161
2520 162
4034 163
1983 164
4015 165
5341 166
2525 167
4494 168
2798 169
995 170
3248 171
5497 172
1298 173
1913 174
1728 175
408 176
2568 177
2610 178
3452 179
3357 180
5060 181
3476 182
5211 183
978 184
4097 185
3661 186
558 187
320 188
2176 189
4826 190
2616 191
1217 192
856 193
2159 194
4584 195
667 196
2378 197
1700 198
5089 199
667 200
2170 201
2998 202
491 203
2053 204
2523 205
2766 206
1042 207
602 208
2121 209
5494 210
766 211
771 212
409 213
415 214
4696 215
3628 216
229 217
3392 218
4258 219
3574 220
3554 221
3507 222
2588 223
4207 224
349 225
603 226
1691 227
2732 228
193 229
1211 230
1700 231
2629 232
5416 233
4248 234
4798 235
634 236
3152 237
4396 238
3770 239
1981 240
3598 241
5100 242
3781 243
4128 244
1431 245
2213 246
2585 247
5305 248
245 249
3107 250
551 251
3607 252
5344 253
2710 254
4580 255
3192 256
3534 257
1617 258
926 259
1231 260
3877 261
3269 262
3343 263
3292 264
639 265
4384 266
2424 267
4265 268
3449 269
4503 270
2692 271
1490 272
5426 273
1771 274
531 275
59 276
3324 277
3028 278
3737 279
3764 280
2197 281
1241 282
1930 283
3945 284
4798 285
1122 286
4367 287
2009 288
2596 289
4468 290
736 291
5473 292
3530 293
5312 294
4622 295
3208 296
2006 297
685 298
1198 299
518 300
245 301
2546 302
2903 303
4486 304
2251 305
4875 306
87 307
467 308
1925 309
3207 310
2910 311
3531 312
4499 313
1268 314
4126 315
3454 316
3364 317
1805 318
1874 319
2656 320
2865 321
929 322
5417 323
5182 324
3500 325
373 326
3894 327
2832 328
3544 329
371 330
3574 331
5354 332
3785 333
536 334
3553 335
5332 336
4644 337
493 338
3130 339
2031 340
234 341
371 342
4592 343
1009 344
340 345
4494 346
1000 347
462 348
528 349
2423 350
75 351
311 352
4376 353
432 354
4493 355
5003 356
2333 357
1498 358
5480 359
5390 360
1199 361
1359 362
3005 363
3766 364
616 365
5151 366
54 367
722 368
4372 369
5346 370
2244 371
2072 372
5074 373
2156 374
3957 375
1729 376
1788 377
4068 378
4269 379
4192 380
1978 381
91 382
3073 383
4215 384
4159 385
4208 386
894 387
3400 388
1788 389
3245 390
2735 391
3635 392
1853 393
5036 394
4401 395
2808 396
2179 397
202 398
3507 399
4324 400
3827 401
4943 402
3259 403
4045 404
2407 405
5355 406
2333 407
1930 408
5067 409
2848 410
196 411
5484 412
3143 413
3522 414
3553 415
2297 416
4438 417
2868 418
4345 419
3460 420
1559 421
4787 422
5146 423
4658 424
1811 425
1916 426
944 427
2221 428
124 429
497 430
4885 431
1378 432
4049 433
2420 434
4398 435
1208 436
2062 437
1918 438
4388 439
3217 440
2973 441
1186 442
1494 443
1468 444
5472 445
285 446
4275 447
310 448
1222 449
2629 450
3736 451
5061 452
3614 453
3191 454
1180 455
2193 456
5272 457
2957 458
180 459
5410 460
268 461
1842 462
1891 463
949 464
486 465
4325 466
5094 467
5159 468
2769 469
2057 470
1330 471
4046 472
3026 473
2834 474
1184 475
15 476
4006 477
4432 478
621 479
4308 480
1997 481
2060 482
2574 483
5322 484
4417 485
2766 486
234 487
2628 488
3857 489
328 490
2297 491
1510 492
1219 493
3652 494
494 495
4959 496
3136 497
3423 498
1236 499
5410 500
676 501
1695 502
4972 503
986 504
4846 505
1951 506
4043 507
559 508
4827 509
676 510
1378 511
3004 512
2937 513
3800 514
1628 515
772 516
4624 517
3579 518
695 519
153 520
427 521
3279 522
4722 523
3627 524
4976 525
3723 526
578 527
3566 528
3262 529
1327 530
2988 531
354 532
4029 533
1414 534
2993 535
2294 536
2657 537
110 538
4375 539
2815 540
1078 541
1673 542
1229 543
3049 544
4311 545
2064 546
1078 547
768 548
5255 549
