550 650
1725 0
3754 1
2532 2
2198 3
5124 4
754 5
895 6
3112 7
4211 8
523 9
3779 10
5067 11
242 12
2660 13
3191 14
2693 15
4810 16
5425 17
1941 18
3317 19
1931 20
4900 21
4875 22
4979 23
3553 24
5394 25
2216 26
2261 27
2735 28
4361 29
4865 30
2537 31
3058 32
676 33
1097 34
4776 35
192 36
3741 37
1997 38
3824 39
1058 40
3587 41
1052 42
4668 43
4658 44
1119 45
1495 46
72 47
71 48
2747 49
1288 50
5363 51
4871 52
3745 53
3614 54
2639 55
3187 56
5326 57
2395 58
1893 59
3955 60
3705 61
697 62
610 63
3111 64
4401 65
964 66
4247 67
890 68
5270 69
2015 70
2789 71
2515 72
3422 73
3137 74
3576 75
3408 76
33 77
2802 78
4530 79
455 80
4212 81
3213 82
4956 83
205 84
5175 85
1081 86
873 87
3332 88
2456 89
3 90
5389 91
4554 92
4078 93
3908 94
1260 95
5041 96
192 97
3190 98
2995 99
2012 100
2209 101
4786 102
2280 103
1210 104
3109 105
1887 106
5337 107
40 108
1932 109
2279 110
5359 111
676 112
989 113
4437 114
4982 115
3146 116
1873 117
5232 118
4083 119
3569 120
4015 121
2908 122
3478 123
525 124
2553 125
1627 126
283 127
117 128
5477 129
71 130
3121 131
4226 132
4142 133
5271 134
5135 135
2582 136
587 137
5402 138
1605 139
2699 140
1680 141
2370 142
2558 143
3319 144
2229 145
4085 146
1783 147
3586 148
1828 149
3811 150
2340 151
3907 152
2192 153
4808 154
2622 155
4665 156
4470 157
1687 158
2749 159
2980 160
4877 161
648 162
2610 163
1423 164
348 165
3705 166
1391 167
764 168
1764 169
2688 170
2171 171
1933 172
438 173
4426 174
5151 175
1565 176
2999 177
1412 178
4257 179
4408 180
5376 181
640 182
3908 183
1609 184
3306 185
4405 186
1155 187
4161 188
329 189
1395 190
1303 191
3864 192
3514 193
3100 194
4813 195
5353 196
4518 197
2331 198
49 199
407 200
303 201
4264 202
2992 203
3961 204
892 205
1540 206
3662 207
872 208
2756 209
401 210
5377 211
5070 212
3253 213
83 214
712 215
4626 216
3764 217
902 218
1807 219
1352 220
5384 221
5068 222
1919 223
3445 224
813 225
4407 226
3592 227
1674 228
195 229
1477 230
3596 231
1257 232
122 233
4175 234
3209 235
2231 236
3064 237
2803 238
4097 239
1774 240
3903 241
42 242
80 243
1827 244
3044 245
4625 246
4645 247
1746 248
1348 249
3987 250
4570 251
187 252
452 253
4008 254
5370 255
5446 256
882 257
2610 258
1723 259
2438 260
871 261
4921 262
1498 263
891 264
813 265
3936 266
1511 267
875 268
2989 269
2354 270
5184 271
1287 272
5410 273
1108 274
2785 275
5372 276
73 277
57 278
5080 279
2817 280
367 281
4021 282
1475 283
2966 284
5413 285
3314 286
2604 287
3169 288
169 289
48 290
1081 291
585 292
2815 293
3239 294
54 295
1806 296
412 297
1388 298
1220 299
2726 300
554 301
4227 302
4336 303
554 304
2340 305
5246 306
1816 307
3543 308
4090 309
1221 310
1212 311
102 312
2075 313
1258 314
632 315
4144 316
2040 317
1491 318
1352 319
512 320
4393 321
4635 322
3970 323
3472 324
2559 325
2502 326
3602 327
3972 328
2404 329
3848 330
4917 331
5020 332
2782 333
2208 334
2679 335
4599 336
4227 337
1525 338
1339 339
4974 340
4487 341
678 342
1876 343
3987 344
2974 345
4768 346
2571 347
2074 348
2825 349
1712 350
531 351
4368 352
3060 353
3908 354
3068 355
143 356
3380 357
3533 358
561 359
1161 360
3665 361
3079 362
2086 363
255 364
5117 365
4779 366
2877 367
2731 368
2983 369
5488 370
3673 371
4418 372
1832 373
2618 374
4897 375
1719 376
4597 377
3062 378
1801 379
2770 380
1104 381
5152 382
141 383
2413 384
2347 385
1824 386
1220 387
2220 388
892 389
1175 390
969 391
4942 392
921 393
3732 394
2787 395
4929 396
3780 397
2376 398
2095 399
3878 400
2036 401
3766 402
488 403
1589 404
1241 405
2368 406
4916 407
757 408
4187 409
1379 410
395 411
1301 412
4611 413
911 414
2721 415
29 416
4651 417
3360 418
4605 419
2349 420
2501 421
3103 422
3924 423
5284 424
2182 425
1146 426
4869 427
2942 428
4825 429
935 430
4708 431
287 432
843 433
5048 434
1123 435
968 436
5160 437
4305 438
547 439
2831 440
5431 441
1147 442
2537 443
2524 444
3997 445
4380 446
2257 447
4947 448
1603 449
5109 450
2178 451
1047 452
919 453
3834 454
4083 455
788 456
1010 457
487 458
305 459
3172 460
572 461
4557 462
2552 463
898 464
496 465
2092 466
804 467
3224 468
3121 469
5209 470
5184 471
423 472
732 473
751 474
3666 475
2650 476
28 477
616 478
2380 479
4760 480
2300 481
3177 482
3199 483
5212 484
889 485
151 486
2027 487
1449 488
2517 489
2044 490
790 491
1108 492
1655 493
4122 494
2273 495
5246 496
3442 497
3601 498
592 499
441 500
4263 501
2078 502
1530 503
2566 504
2987 505
3121 506
2660 507
3837 508
3217 509
2672 510
1909 511
4281 512
3181 513
3232 514
4422 515
2090 516
4243 517
116 518
2614 519
701 520
1836 521
1922 522
1476 523
1676 524
3524 525
4783 526
2998 527
3930 528
5458 529
522 530
2769 531
18 532
2772 533
4947 534
2651 535
1689 536
2644 537
4967 538
4410 539
2466 540
1771 541
1358 542
4772 543
4269 544
653 545
2328 546
4648 547
2045 548
2574 549
