500 1100
4660 0
3976 1
2263 2
1889 3
2321 4
2327 5
1657 6
1464 7
4871 8
4796 9
3219 10
4916 11
2346 12
694 13
2772 14
1239 15
418 16
587 17
2093 18
155 19
555 20
3385 21
4820 22
1419 23
513 24
947 25
42 26
4887 27
4562 28
42 29
4612 30
3554 31
200 32
3685 33
1007 34
3071 35
1397 36
2900 37
2171 38
4612 39
348 40
1441 41
2317 42
1756 43
2672 44
2268 45
199 46
1920 47
4804 48
1616 49
2124 50
128 51
691 52
1855 53
2781 54
3083 55
2391 56
3563 57
491 58
2503 59
1047 60
4212 61
3939 62
3793 63
1271 64
1049 65
1976 66
1502 67
732 68
3600 69
3444 70
3358 71
2107 72
4098 73
4578 74
2106 75
3064 76
1585 77
1383 78
3883 79
3424 80
3312 81
1186 82
2239 83
3963 84
541 85
4165 86
3375 87
3938 88
2128 89
3519 90
2475 91
4708 92
4915 93
1216 94
1148 95
1023 96
1518 97
4507 98
4165 99
3253 100
3745 101
972 102
4509 103
4635 104
123 105
1056 106
2322 107
2775 108
4415 109
1403 110
1661 111
4757 112
2876 113
2012 114
4986 115
4395 116
3532 117
703 118
2439 119
3451 120
4990 121
2044 122
3859 123
4507 124
1570 125
319 126
2938 127
2411 128
1368 129
1294 130
3085 131
4407 132
192 133
3874 134
4269 135
23 136
1793 137
2635 138
4053 139
2030 140
2227 141
3587 142
2436 143
1586 144
2332 145
4575 146
2491 147
1779 148
2588 149
2619 150
3640 151
3640 152
1652 153
3889 154
1081 155
4201 156
3024 157
1710 158
4387 159
3833 160
496 161
2253 162
2089 163
822 164
2268 165
1931 166
1791 167
3799 168
4719 169
3181 170
673 171
2899 172
4904 173
1215 174
1140 175
3263 176
2874 177
2870 178
2781 179
17 180
1726 181
1475 182
3145 183
1757 184
1559 185
3404 186
4158 187
3116 188
4928 189
929 190
4728 191
4631 192
1733 193
612 194
4173 195
3000 196
1640 197
2989 198
1340 199
3600 200
1128 201
2826 202
4699 203
1771 204
4471 205
1379 206
2171 207
2962 208
191 209
2122 210
275 211
4445 212
3868 213
1126 214
3737 215
4528 216
4418 217
3675 218
2604 219
340 220
926 221
4563 222
3368 223
448 224
699 225
1278 226
4687 227
1399 228
3865 229
3932 230
875 231
2819 232
1364 233
1729 234
3090 235
3425 236
2479 237
2845 238
3625 239
23 240
2244 241
2785 242
4616 243
4105 244
2176 245
1289 246
5 247
4316 248
672 249
4098 250
3105 251
2197 252
4831 253
4235 254
2515 255
4087 256
601 257
2617 258
2536 259
859 260
3489 261
1729 262
4829 263
1773 264
3598 265
4600 266
2915 267
827 268
4648 269
3360 270
3588 271
760 272
2697 273
3655 274
2833 275
591 276
500 277
826 278
2246 279
3816 280
860 281
1975 282
2498 283
1244 284
4223 285
33 286
780 287
107 288
2325 289
1334 290
26 291
2096 292
2638 293
3341 294
1490 295
2078 296
4056 297
917 298
2 299
4817 300
52 301
281 302
4762 303
1045 304
2390 305
1930 306
3342 307
3616 308
3500 309
4981 310
322 311
3306 312
728 313
867 314
3105 315
2133 316
4060 317
745 318
3061 319
2892 320
4438 321
1614 322
2650 323
2159 324
2016 325
3778 326
2517 327
1361 328
2518 329
366 330
4510 331
1047 332
1275 333
4514 334
1062 335
2518 336
3819 337
3644 338
1054 339
1688 340
1020 341
3317 342
773 343
149 344
2659 345
2569 346
4173 347
3352 348
1156 349
4236 350
1765 351
3680 352
245 353
1182 354
4410 355
4277 356
2430 357
4470 358
3708 359
281 360
1990 361
3379 362
764 363
1491 364
3818 365
1421 366
3378 367
3049 368
584 369
4161 370
2011 371
313 372
4842 373
2466 374
1266 375
570 376
4042 377
3614 378
3987 379
1609 380
3532 381
4494 382
4508 383
4008 384
2242 385
3859 386
2514 387
359 388
4934 389
2428 390
1809 391
2411 392
3360 393
564 394
4584 395
2228 396
2216 397
4837 398
2827 399
406 400
1197 401
1889 402
2090 403
2763 404
2595 405
3999 406
1754 407
1167 408
2999 409
2349 410
2853 411
365 412
4510 413
2816 414
3309 415
726 416
3009 417
3891 418
4368 419
1630 420
3250 421
4864 422
3741 423
2220 424
2603 425
4709 426
1628 427
1591 428
2298 429
546 430
85 431
3299 432
3731 433
375 434
4918 435
4295 436
3233 437
4843 438
1131 439
1314 440
747 441
4076 442
3323 443
1915 444
4922 445
1411 446
1441 447
3788 448
3541 449
1000 450
2544 451
4699 452
847 453
3749 454
2610 455
1335 456
4042 457
3421 458
2986 459
1391 460
1960 461
543 462
3387 463
751 464
577 465
4220 466
4254 467
3744 468
4197 469
1742 470
3784 471
1221 472
281 473
2129 474
406 475
1675 476
2932 477
4087 478
4906 479
1955 480
2365 481
1463 482
4207 483
490 484
856 485
3079 486
1203 487
4328 488
2221 489
3171 490
728 491
3910 492
2929 493
1042 494
4679 495
423 496
2279 497
3103 498
2525 499
