500 650
4852 0
3451 1
1782 2
592 3
4865 4
3440 5
2861 6
1950 7
3692 8
4137 9
1938 10
210 11
660 12
1331 13
46 14
3677 15
1899 16
2992 17
2473 18
4074 19
1342 20
2467 21
3489 22
4343 23
2584 24
3683 25
2966 26
2319 27
237 28
2846 29
74 30
1735 31
4538 32
2005 33
472 34
3028 35
1308 36
3065 37
1050 38
4640 39
534 40
3661 41
1504 42
1405 43
2934 44
3988 45
38 46
4043 47
2644 48
2048 49
571 50
700 51
4134 52
1926 53
4122 54
910 55
2683 56
2528 57
686 58
2246 59
1234 60
1038 61
48 62
3030 63
4464 64
2386 65
802 66
700 67
3363 68
2066 69
4220 70
1331 71
2234 72
1962 73
64 74
2220 75
31 76
1575 77
2173 78
4397 79
2793 80
2679 81
3435 82
2222 83
1803 84
549 85
3336 86
4686 87
1693 88
801 89
1320 90
3694 91
2279 92
2458 93
604 94
3657 95
1195 96
4106 97
2119 98
2840 99
2866 100
1364 101
1408 102
3030 103
3653 104
3456 105
3392 106
3234 107
4818 108
74 109
2329 110
1550 111
3913 112
1967 113
4157 114
1597 115
3054 116
1569 117
4227 118
4167 119
2004 120
1762 121
361 122
3538 123
1347 124
185 125
3275 126
2941 127
1662 128
4953 129
683 130
3211 131
1311 132
1031 133
373 134
1178 135
2195 136
2232 137
2256 138
615 139
383 140
4906 141
1236 142
348 143
1575 144
4008 145
4032 146
1399 147
444 148
4680 149
4469 150
1596 151
2319 152
4833 153
4147 154
3841 155
583 156
3721 157
43 158
2333 159
3938 160
483 161
2644 162
2822 163
915 164
3026 165
1062 166
562 167
1867 168
4627 169
769 170
4772 171
2341 172
1924 173
3925 174
2462 175
3160 176
1508 177
2160 178
2966 179
3393 180
4642 181
1204 182
4805 183
4859 184
348 185
2996 186
2341 187
4578 188
2227 189
2952 190
2905 191
2361 192
779 193
353 194
2548 195
965 196
550 197
2011 198
4883 199
1855 200
1354 201
3110 202
4441 203
443 204
502 205
4996 206
2307 207
4310 208
456 209
2100 210
1806 211
2854 212
3561 213
806 214
727 215
2026 216
3078 217
3163 218
2994 219
550 220
1991 221
214 222
81 223
1849 224
4720 225
4417 226
95 227
1874 228
1951 229
1262 230
2588 231
3567 232
1720 233
2685 234
4367 235
4497 236
1004 237
3697 238
2647 239
1314 240
690 241
4911 242
3750 243
4937 244
972 245
1682 246
761 247
1834 248
4858 249
4154 250
2724 251
2919 252
1990 253
1631 254
2457 255
1978 256
2730 257
792 258
2568 259
1296 260
1498 261
4334 262
1010 263
2556 264
3277 265
4052 266
4862 267
228 268
1368 269
3324 270
43 271
3562 272
3565 273
3481 274
808 275
3226 276
4221 277
4897 278
412 279
123 280
1863 281
238 282
2780 283
226 284
1223 285
4799 286
3559 287
2004 288
2239 289
1630 290
533 291
2564 292
3801 293
1132 294
240 295
3931 296
3866 297
4501 298
1682 299
564 300
2338 301
2021 302
4226 303
4501 304
97 305
2090 306
4171 307
857 308
3907 309
1232 310
4812 311
420 312
1468 313
4952 314
1130 315
337 316
4278 317
1974 318
2044 319
206 320
127 321
2001 322
4994 323
1234 324
3999 325
3694 326
3886 327
3693 328
4443 329
1819 330
4639 331
2915 332
4014 333
4968 334
2558 335
390 336
3559 337
664 338
4273 339
4889 340
567 341
3731 342
1794 343
2206 344
1975 345
17 346
464 347
416 348
4422 349
3077 350
4093 351
3145 352
1130 353
4041 354
2124 355
3690 356
490 357
1856 358
4586 359
1760 360
1668 361
1512 362
2051 363
4212 364
1030 365
4564 366
4904 367
290 368
727 369
1234 370
78 371
1638 372
2832 373
986 374
3342 375
863 376
168 377
3975 378
1757 379
4767 380
2484 381
4634 382
879 383
297 384
1054 385
2546 386
3528 387
2065 388
1309 389
4664 390
3402 391
1573 392
3737 393
1289 394
3722 395
4551 396
4023 397
3019 398
3549 399
567 400
2335 401
1900 402
1444 403
4874 404
2598 405
4671 406
4286 407
4873 408
3349 409
2732 410
749 411
2533 412
3933 413
3724 414
2006 415
2608 416
2239 417
2431 418
2476 419
1959 420
1358 421
3806 422
205 423
3139 424
1911 425
4566 426
1228 427
283 428
847 429
4314 430
2429 431
1142 432
1906 433
3533 434
4927 435
1726 436
4601 437
2739 438
4105 439
4138 440
4114 441
4724 442
2832 443
2212 444
2722 445
828 446
2956 447
3669 448
2727 449
4453 450
956 451
2860 452
4570 453
2840 454
2042 455
2308 456
3421 457
4194 458
982 459
191 460
86 461
155 462
175 463
3006 464
1808 465
2323 466
3788 467
4565 468
3655 469
1988 470
1639 471
4076 472
1260 473
1535 474
2298 475
4675 476
1115 477
4447 478
4593 479
567 480
2133 481
4002 482
4210 483
578 484
151 485
4448 486
2084 487
3564 488
2331 489
4162 490
1444 491
3535 492
2460 493
121 494
1672 495
3692 496
3272 497
1099 498
4382 499
