500 950
2089 0
798 1
2340 2
494 3
2364 4
1337 5
3858 6
2936 7
2309 8
1918 9
954 10
1027 11
2142 12
111 13
2528 14
697 15
2376 16
4016 17
3216 18
4704 19
3927 20
358 21
1420 22
3253 23
3009 24
201 25
1274 26
1792 27
1080 28
2689 29
1015 30
2121 31
2735 32
1508 33
4614 34
110 35
2915 36
4655 37
2761 38
923 39
4392 40
2214 41
913 42
1255 43
3663 44
1874 45
2060 46
3343 47
4765 48
3127 49
1853 50
427 51
3701 52
2131 53
1606 54
2820 55
3581 56
732 57
2868 58
672 59
1312 60
2359 61
4525 62
614 63
3343 64
1358 65
2808 66
3188 67
3572 68
4115 69
114 70
4439 71
1343 72
2149 73
2226 74
4462 75
3564 76
2710 77
4611 78
4569 79
1779 80
4446 81
2306 82
924 83
3285 84
2256 85
3105 86
554 87
183 88
4382 89
263 90
1943 91
3938 92
4808 93
4710 94
61 95
428 96
508 97
2813 98
793 99
275 100
132 101
1565 102
4436 103
2514 104
3829 105
2171 106
2936 107
1735 108
4946 109
3102 110
4547 111
2178 112
3655 113
1733 114
2456 115
909 116
1007 117
2961 118
4855 119
4701 120
4744 121
3044 122
117 123
4141 124
2273 125
2657 126
1713 127
313 128
3544 129
4241 130
1775 131
973 132
4717 133
2286 134
631 135
2121 136
4827 137
217 138
95 139
471 140
1491 141
2910 142
538 143
29 144
1880 145
3939 146
3806 147
266 148
3671 149
1973 150
2897 151
3928 152
3091 153
1916 154
4233 155
3671 156
1868 157
3421 158
3538 159
4537 160
2218 161
1773 162
425 163
4167 164
4749 165
34 166
3334 167
4092 168
4014 169
2698 170
3304 171
504 172
4685 173
3677 174
1313 175
1023 176
3015 177
1883 178
146 179
2921 180
1469 181
2706 182
3550 183
1983 184
2436 185
2527 186
358 187
965 188
1403 189
893 190
1834 191
343 192
4737 193
3332 194
1761 195
4273 196
4889 197
1187 198
2113 199
1059 200
4131 201
1577 202
1886 203
4355 204
3352 205
709 206
2037 207
3013 208
3184 209
805 210
4007 211
547 212
4928 213
4506 214
3665 215
2412 216
3617 217
501 218
4475 219
1849 220
2573 221
554 222
4613 223
4 224
4824 225
4765 226
1325 227
203 228
4202 229
4776 230
3537 231
492 232
1747 233
3457 234
1072 235
3625 236
1646 237
3161 238
2111 239
38 240
4703 241
1089 242
1462 243
1809 244
936 245
1963 246
2148 247
2036 248
2745 249
902 250
3715 251
2750 252
2786 253
2097 254
4453 255
4029 256
4179 257
3925 258
3244 259
3909 260
2688 261
4233 262
4238 263
3314 264
4570 265
3928 266
73 267
1403 268
3638 269
3878 270
826 271
5000 272
2045 273
2813 274
1142 275
3417 276
2691 277
1270 278
4170 279
4003 280
1636 281
3682 282
4422 283
1407 284
625 285
2907 286
1499 287
2550 288
183 289
2924 290
3531 291
4551 292
2279 293
4135 294
2438 295
4536 296
347 297
588 298
4099 299
4286 300
1246 301
736 302
188 303
275 304
646 305
4085 306
1211 307
4400 308
216 309
4040 310
189 311
3211 312
265 313
4927 314
4408 315
3807 316
1016 317
2705 318
3589 319
4526 320
4025 321
3680 322
4843 323
3901 324
3649 325
2424 326
2662 327
2576 328
523 329
3365 330
4628 331
2643 332
1667 333
3454 334
855 335
3750 336
70 337
1804 338
4707 339
3836 340
857 341
4810 342
1976 343
4824 344
3062 345
224 346
4804 347
1429 348
668 349
3819 350
1637 351
2404 352
2827 353
3448 354
1824 355
1792 356
1143 357
2368 358
143 359
2284 360
532 361
4927 362
2067 363
848 364
2679 365
3204 366
4314 367
1569 368
2412 369
4405 370
1736 371
707 372
854 373
3394 374
1460 375
2602 376
4000 377
1634 378
4279 379
503 380
2300 381
1939 382
703 383
3789 384
3986 385
4545 386
4478 387
4687 388
2396 389
994 390
458 391
23 392
2198 393
3395 394
948 395
2064 396
608 397
3143 398
4771 399
3632 400
2384 401
4298 402
366 403
1931 404
2399 405
3388 406
2493 407
1744 408
4927 409
4751 410
4403 411
4975 412
2175 413
4252 414
179 415
2276 416
1279 417
2820 418
2113 419
3067 420
2682 421
4340 422
3016 423
1554 424
1863 425
1041 426
316 427
877 428
3110 429
4972 430
4103 431
777 432
1239 433
2847 434
2003 435
2582 436
2496 437
2118 438
4227 439
122 440
283 441
344 442
1464 443
3083 444
1057 445
2244 446
2063 447
3150 448
1440 449
2119 450
1529 451
1230 452
4417 453
4476 454
4134 455
4623 456
3739 457
1949 458
3259 459
4632 460
1947 461
3367 462
1419 463
4808 464
237 465
1111 466
4549 467
4245 468
681 469
645 470
1732 471
1210 472
4263 473
4035 474
992 475
1422 476
656 477
1380 478
1091 479
1830 480
1471 481
1154 482
881 483
174 484
1104 485
2276 486
4643 487
4649 488
3920 489
3951 490
4173 491
3067 492
3673 493
4821 494
4598 495
4095 496
4449 497
3385 498
4241 499
