500 1550
2901 0
4272 1
3791 2
4543 3
3218 4
382 5
2569 6
2325 7
1132 8
458 9
4137 10
2077 11
2249 12
2785 13
941 14
4104 15
4080 16
4841 17
3263 18
4644 19
1758 20
1268 21
4828 22
1395 23
2256 24
3251 25
1070 26
3191 27
4672 28
1249 29
1052 30
3271 31
4611 32
4326 33
2868 34
3075 35
15 36
455 37
3428 38
4888 39
1981 40
1946 41
136 42
4494 43
2478 44
2307 45
737 46
2247 47
576 48
4472 49
2099 50
1075 51
212 52
1970 53
3833 54
3631 55
2255 56
2387 57
2794 58
4955 59
3648 60
4817 61
2063 62
4838 63
3465 64
2569 65
1900 66
3928 67
2058 68
140 69
3755 70
1394 71
3178 72
1828 73
1661 74
4941 75
4572 76
978 77
4396 78
4056 79
4642 80
2172 81
1742 82
4451 83
1855 84
119 85
3692 86
3183 87
2999 88
2592 89
393 90
3042 91
1751 92
216 93
1725 94
768 95
3722 96
1470 97
1494 98
2840 99
3617 100
4953 101
2506 102
233 103
2789 104
815 105
1896 106
2431 107
1455 108
443 109
199 110
4286 111
1871 112
2157 113
3917 114
626 115
2630 116
2112 117
740 118
4123 119
1021 120
764 121
2447 122
2662 123
120 124
9 125
4830 126
3908 127
1870 128
4926 129
1512 130
4006 131
3934 132
1852 133
3625 134
884 135
556 136
721 137
993 138
4775 139
4688 140
2261 141
3234 142
2579 143
590 144
1575 145
2079 146
307 147
4232 148
4740 149
4780 150
3282 151
3094 152
1295 153
1949 154
771 155
1667 156
3158 157
2784 158
3813 159
1775 160
4435 161
4784 162
3554 163
1034 164
57 165
4320 166
3899 167
2352 168
676 169
408 170
3107 171
1203 172
4671 173
4927 174
2875 175
4381 176
2518 177
3991 178
4009 179
850 180
3089 181
1615 182
2911 183
4135 184
1521 185
422 186
1905 187
3891 188
972 189
235 190
1186 191
4373 192
3050 193
3210 194
1135 195
4398 196
3861 197
4032 198
1600 199
3795 200
3340 201
607 202
2582 203
2172 204
522 205
2903 206
2018 207
1079 208
1754 209
3311 210
2952 211
741 212
2851 213
526 214
2930 215
2531 216
4084 217
4859 218
1977 219
869 220
3986 221
4205 222
3981 223
4828 224
2843 225
1239 226
2354 227
3873 228
2028 229
1774 230
1923 231
2275 232
4920 233
1226 234
2010 235
841 236
3025 237
196 238
1065 239
292 240
4277 241
433 242
2680 243
988 244
3855 245
2242 246
4722 247
1541 248
660 249
4297 250
2273 251
3125 252
616 253
108 254
4195 255
2096 256
835 257
4613 258
3662 259
2055 260
3841 261
2770 262
3821 263
96 264
1096 265
750 266
507 267
2023 268
3805 269
2102 270
4088 271
787 272
2531 273
234 274
270 275
3319 276
2491 277
4833 278
1663 279
3086 280
3947 281
3793 282
2037 283
1213 284
2831 285
4720 286
3813 287
4240 288
2485 289
4737 290
369 291
1550 292
1302 293
3999 294
3560 295
319 296
2780 297
936 298
280 299
4231 300
1601 301
529 302
360 303
1879 304
4507 305
3880 306
1996 307
1086 308
4737 309
1440 310
1436 311
128 312
2790 313
3791 314
3207 315
4383 316
771 317
1199 318
4471 319
989 320
274 321
3673 322
1164 323
15 324
4424 325
181 326
4710 327
3061 328
1272 329
2079 330
233 331
2152 332
2099 333
4542 334
1595 335
853 336
2657 337
4419 338
1158 339
4805 340
273 341
3183 342
336 343
1740 344
4643 345
2478 346
2585 347
2070 348
4538 349
1567 350
1700 351
1014 352
4440 353
4181 354
4413 355
1236 356
2480 357
4940 358
4530 359
222 360
486 361
1723 362
2726 363
1494 364
3146 365
33 366
346 367
3272 368
982 369
1454 370
4954 371
1924 372
3722 373
1411 374
880 375
3159 376
2335 377
2887 378
456 379
753 380
3729 381
2300 382
2253 383
3618 384
702 385
2030 386
4646 387
4893 388
4362 389
1791 390
790 391
4776 392
1964 393
687 394
4923 395
2760 396
278 397
263 398
757 399
2028 400
1328 401
431 402
1116 403
4669 404
538 405
3257 406
69 407
529 408
4076 409
3843 410
2183 411
4270 412
4555 413
3508 414
1495 415
22 416
4207 417
296 418
4194 419
754 420
2392 421
3184 422
4323 423
4235 424
3293 425
4457 426
3988 427
4724 428
1970 429
4417 430
2262 431
3400 432
2358 433
1749 434
4833 435
2926 436
1344 437
912 438
1165 439
1024 440
3444 441
589 442
315 443
3562 444
2407 445
3538 446
4664 447
2267 448
3620 449
3651 450
244 451
4617 452
4791 453
91 454
3050 455
3299 456
4427 457
2744 458
2679 459
3240 460
1287 461
385 462
3746 463
3595 464
4277 465
1575 466
1050 467
1310 468
2271 469
269 470
292 471
367 472
3856 473
342 474
2053 475
3518 476
2708 477
1182 478
2677 479
3106 480
4388 481
1409 482
787 483
577 484
1312 485
735 486
4405 487
2497 488
2957 489
3662 490
2817 491
1048 492
195 493
2129 494
4343 495
1385 496
3240 497
3887 498
3286 499
