500 900
366 0
681 1
2733 2
3865 3
782 4
1867 5
4868 6
4558 7
1602 8
2447 9
920 10
4998 11
3078 12
2532 13
4464 14
123 15
432 16
238 17
3360 18
4780 19
3879 20
4596 21
1714 22
1934 23
1185 24
1778 25
4533 26
3451 27
707 28
337 29
374 30
441 31
2050 32
655 33
4708 34
1724 35
2755 36
3418 37
3007 38
2903 39
4431 40
3483 41
2984 42
1985 43
734 44
3555 45
832 46
4693 47
3260 48
1205 49
545 50
2301 51
3468 52
1789 53
4054 54
2369 55
3452 56
139 57
1470 58
889 59
597 60
3776 61
2691 62
195 63
4115 64
205 65
2428 66
668 67
1256 68
1524 69
3340 70
4101 71
1134 72
1705 73
3991 74
2321 75
1672 76
526 77
3698 78
4983 79
1841 80
1504 81
3956 82
3831 83
1495 84
3059 85
929 86
3709 87
4147 88
4030 89
3711 90
1061 91
1385 92
1451 93
2661 94
263 95
1476 96
888 97
1295 98
3115 99
2666 100
1166 101
651 102
714 103
4286 104
2588 105
3668 106
4292 107
2211 108
3925 109
3866 110
4685 111
1310 112
4553 113
992 114
4448 115
555 116
523 117
1715 118
1293 119
1119 120
3368 121
2037 122
3404 123
4626 124
4522 125
1665 126
1776 127
1701 128
3895 129
1194 130
20 131
1303 132
4269 133
2721 134
2550 135
4698 136
3765 137
2368 138
4926 139
688 140
600 141
3590 142
2698 143
525 144
4968 145
4735 146
2894 147
2020 148
1176 149
505 150
70 151
2889 152
1592 153
3821 154
3799 155
4222 156
563 157
1764 158
1703 159
4605 160
326 161
942 162
959 163
3467 164
1678 165
2590 166
1110 167
4874 168
2532 169
2240 170
4239 171
4615 172
2451 173
84 174
112 175
1953 176
4881 177
3568 178
2995 179
4755 180
3883 181
1312 182
2241 183
2006 184
3008 185
1971 186
3034 187
1216 188
2690 189
4958 190
3416 191
2223 192
4186 193
4760 194
2989 195
3991 196
91 197
4719 198
1562 199
702 200
3712 201
216 202
949 203
3231 204
2463 205
2901 206
2190 207
3877 208
3000 209
1415 210
4886 211
1726 212
3328 213
2005 214
4467 215
1164 216
4792 217
1505 218
3178 219
4414 220
4757 221
3359 222
1372 223
714 224
1760 225
4594 226
4559 227
2694 228
223 229
2008 230
3395 231
2618 232
4389 233
909 234
548 235
3596 236
1812 237
2391 238
3550 239
3777 240
533 241
802 242
4443 243
3398 244
1503 245
1957 246
3438 247
2173 248
1823 249
4448 250
3116 251
1092 252
2873 253
4546 254
832 255
1660 256
1249 257
1955 258
723 259
1678 260
2552 261
634 262
4305 263
4035 264
1324 265
2646 266
2006 267
2304 268
2994 269
16 270
4814 271
1457 272
3475 273
2023 274
2417 275
940 276
2137 277
3977 278
4448 279
4491 280
1270 281
63 282
4370 283
3217 284
4184 285
4321 286
4050 287
161 288
3151 289
2664 290
2446 291
3112 292
4621 293
1769 294
348 295
3340 296
4716 297
124 298
2538 299
4072 300
3771 301
659 302
1539 303
3923 304
2444 305
4712 306
1188 307
4674 308
484 309
3827 310
589 311
4753 312
990 313
3243 314
4491 315
3066 316
3810 317
3254 318
2538 319
900 320
2624 321
1581 322
3400 323
1836 324
1932 325
2561 326
2734 327
1182 328
2610 329
2190 330
2948 331
3168 332
1710 333
764 334
2990 335
3686 336
4358 337
2596 338
1411 339
4895 340
4818 341
1381 342
3681 343
4314 344
947 345
2726 346
2009 347
376 348
3283 349
3703 350
2258 351
73 352
899 353
2179 354
462 355
3465 356
4030 357
2354 358
1238 359
4874 360
2453 361
1851 362
2768 363
1903 364
936 365
2596 366
1576 367
778 368
4717 369
2725 370
2782 371
4151 372
2118 373
727 374
2309 375
4273 376
2980 377
4839 378
3262 379
1226 380
1544 381
3272 382
4362 383
205 384
340 385
1294 386
3584 387
4478 388
1038 389
1921 390
3317 391
4184 392
4909 393
673 394
3229 395
852 396
1850 397
4636 398
2542 399
4226 400
3374 401
2754 402
1868 403
3470 404
86 405
2563 406
3265 407
4916 408
4316 409
2261 410
3737 411
1880 412
2240 413
1265 414
431 415
3049 416
603 417
4482 418
2531 419
1762 420
3164 421
3830 422
4254 423
3621 424
3683 425
1896 426
2991 427
738 428
4405 429
1160 430
2121 431
2629 432
2543 433
847 434
1710 435
116 436
906 437
100 438
3526 439
1801 440
1205 441
3286 442
2551 443
410 444
2177 445
1332 446
2301 447
4014 448
1936 449
4586 450
2869 451
3604 452
4772 453
915 454
4687 455
1505 456
4271 457
1643 458
2203 459
3467 460
2530 461
2121 462
3537 463
4004 464
1727 465
4928 466
3790 467
667 468
1847 469
4416 470
4950 471
3999 472
3430 473
1921 474
829 475
182 476
4815 477
4798 478
2979 479
1408 480
2345 481
2961 482
3351 483
4116 484
1421 485
4163 486
1009 487
286 488
3942 489
3906 490
294 491
1003 492
4603 493
1886 494
1560 495
3180 496
3726 497
3594 498
3143 499
