500 850
4208 0
932 1
1516 2
4774 3
1603 4
1473 5
3711 6
3263 7
1740 8
4327 9
1230 10
439 11
3119 12
2197 13
4792 14
4784 15
1218 16
957 17
1196 18
240 19
1894 20
4721 21
4135 22
4266 23
4095 24
4840 25
1335 26
1271 27
4271 28
1728 29
1408 30
4434 31
1444 32
1022 33
1302 34
1753 35
4057 36
1489 37
2561 38
3815 39
173 40
3983 41
1673 42
3273 43
1156 44
4730 45
725 46
4179 47
2435 48
117 49
1298 50
4455 51
4319 52
2918 53
1660 54
1746 55
446 56
2195 57
2677 58
4984 59
3901 60
3275 61
2482 62
4904 63
623 64
1707 65
1908 66
4125 67
2401 68
1321 69
639 70
4559 71
4018 72
1331 73
643 74
1870 75
3062 76
1906 77
2708 78
218 79
297 80
2116 81
1000 82
1511 83
3037 84
3860 85
2846 86
1320 87
2772 88
4636 89
4358 90
2222 91
1401 92
4966 93
3837 94
119 95
996 96
3118 97
3380 98
2037 99
4297 100
1330 101
575 102
955 103
1866 104
4813 105
1158 106
845 107
2497 108
727 109
1575 110
16 111
1977 112
2469 113
2242 114
3501 115
3570 116
4288 117
4056 118
1995 119
1057 120
1601 121
2903 122
1601 123
1590 124
3540 125
3395 126
1967 127
1680 128
1459 129
989 130
1198 131
1301 132
3936 133
2992 134
1861 135
2823 136
4663 137
3896 138
1925 139
1801 140
2028 141
2143 142
2007 143
2809 144
467 145
2458 146
4489 147
85 148
234 149
4543 150
4269 151
2366 152
2758 153
4876 154
1792 155
3107 156
2960 157
4735 158
4383 159
1047 160
1667 161
76 162
1816 163
2561 164
1550 165
687 166
3957 167
755 168
581 169
2039 170
3116 171
1926 172
2681 173
3340 174
4507 175
2950 176
4779 177
1930 178
3481 179
562 180
2374 181
3167 182
3533 183
4787 184
3302 185
1462 186
1142 187
2351 188
3709 189
1053 190
556 191
3769 192
2367 193
4138 194
2024 195
1617 196
896 197
1214 198
2111 199
1985 200
1221 201
2082 202
4316 203
1008 204
4300 205
3523 206
3300 207
4698 208
1436 209
3365 210
3223 211
4306 212
4940 213
3391 214
2848 215
3107 216
765 217
2356 218
3223 219
3446 220
896 221
1725 222
4606 223
1522 224
3475 225
2075 226
2969 227
4194 228
4321 229
4188 230
83 231
2432 232
1924 233
2576 234
2302 235
3012 236
3045 237
3804 238
3653 239
3032 240
1943 241
1756 242
2399 243
1624 244
2152 245
4368 246
3511 247
895 248
3702 249
3973 250
652 251
4534 252
4537 253
4349 254
4447 255
2568 256
1146 257
1682 258
2922 259
1587 260
2804 261
1716 262
3951 263
653 264
3013 265
2009 266
26 267
1028 268
2836 269
4921 270
2449 271
4925 272
1811 273
3242 274
2398 275
4988 276
3475 277
4531 278
4527 279
316 280
1740 281
1441 282
2357 283
3784 284
175 285
896 286
2548 287
559 288
3435 289
4469 290
4499 291
2188 292
275 293
2700 294
3989 295
2252 296
396 297
1796 298
4641 299
1590 300
3125 301
4243 302
4613 303
1080 304
2710 305
4739 306
1977 307
4026 308
2914 309
4827 310
3475 311
365 312
1466 313
1210 314
3731 315
3674 316
958 317
4684 318
484 319
1980 320
3877 321
173 322
4828 323
2997 324
3058 325
3057 326
1840 327
3558 328
2617 329
3347 330
1234 331
1951 332
1075 333
2497 334
3158 335
939 336
828 337
3928 338
975 339
1975 340
4766 341
3412 342
2425 343
1237 344
4441 345
2106 346
3966 347
3030 348
3131 349
3807 350
7 351
476 352
4735 353
4366 354
919 355
3290 356
2207 357
574 358
4543 359
1333 360
331 361
2799 362
3182 363
2988 364
237 365
78 366
1001 367
389 368
1281 369
3682 370
2559 371
4710 372
3371 373
3765 374
1084 375
2284 376
3223 377
2030 378
4363 379
2415 380
2443 381
3839 382
185 383
4634 384
719 385
39 386
867 387
633 388
895 389
1194 390
1373 391
3780 392
1991 393
2673 394
3718 395
3908 396
2696 397
2964 398
1832 399
2672 400
846 401
2216 402
1168 403
4331 404
3271 405
4007 406
4654 407
4305 408
1631 409
99 410
3878 411
3594 412
914 413
4769 414
3422 415
1792 416
4739 417
4874 418
2293 419
2382 420
2378 421
1128 422
4289 423
4427 424
568 425
674 426
1728 427
1584 428
4820 429
3002 430
1374 431
3884 432
558 433
1694 434
2539 435
2023 436
1024 437
1456 438
2524 439
2048 440
3066 441
4881 442
1212 443
3606 444
3133 445
3643 446
2394 447
1453 448
1029 449
3166 450
3720 451
3634 452
1627 453
1755 454
4071 455
147 456
4958 457
3982 458
1916 459
2095 460
603 461
4316 462
1118 463
3848 464
41 465
4978 466
3068 467
1874 468
3912 469
4333 470
4732 471
2277 472
4942 473
2690 474
1336 475
2522 476
3027 477
1444 478
4561 479
3589 480
4658 481
936 482
447 483
3921 484
4748 485
4693 486
122 487
4769 488
3605 489
2730 490
3593 491
1124 492
2544 493
2881 494
4521 495
3629 496
3574 497
2508 498
4903 499
