500 100
4888 0
4436 1
1598 2
4085 3
1398 4
1559 5
3700 6
3099 7
2577 8
4350 9
3777 10
1064 11
2164 12
4299 13
513 14
3302 15
1652 16
3261 17
280 18
3678 19
2045 20
3320 21
1757 22
4595 23
1527 24
2328 25
3505 26
738 27
2797 28
210 29
4492 30
4035 31
3123 32
1559 33
759 34
4871 35
4975 36
2237 37
951 38
469 39
3679 40
4514 41
3370 42
633 43
1873 44
4978 45
4755 46
221 47
1646 48
4360 49
3081 50
1084 51
2445 52
3644 53
1428 54
2160 55
3196 56
2311 57
1531 58
3649 59
2436 60
1634 61
620 62
1444 63
2727 64
1584 65
330 66
3545 67
1582 68
1557 69
581 70
2630 71
1769 72
1279 73
3722 74
1360 75
2004 76
1116 77
599 78
2424 79
1306 80
1820 81
709 82
387 83
3046 84
4405 85
3425 86
268 87
2981 88
1628 89
455 90
1585 91
2044 92
3987 93
3302 94
2008 95
804 96
617 97
2370 98
446 99
2554 100
2796 101
151 102
2577 103
3328 104
1576 105
4239 106
543 107
3822 108
3377 109
2923 110
2085 111
3960 112
3633 113
3228 114
1630 115
2391 116
3784 117
1630 118
3088 119
454 120
2620 121
2020 122
3908 123
4486 124
2891 125
4276 126
307 127
2767 128
1638 129
4156 130
1333 131
4321 132
1989 133
644 134
2751 135
3996 136
491 137
416 138
4556 139
154 140
1935 141
3285 142
3600 143
605 144
2760 145
840 146
2409 147
1853 148
3332 149
3069 150
3065 151
501 152
782 153
4902 154
3861 155
3392 156
553 157
4917 158
4483 159
3291 160
3671 161
1368 162
3909 163
1239 164
2324 165
3231 166
2392 167
4188 168
1638 169
2996 170
2499 171
2985 172
284 173
1205 174
1269 175
3084 176
2967 177
4249 178
3310 179
277 180
1361 181
1387 182
3883 183
4254 184
2452 185
4756 186
1019 187
556 188
2078 189
1476 190
6 191
1875 192
3182 193
2814 194
161 195
3210 196
4548 197
3178 198
3405 199
3546 200
1448 201
2871 202
1497 203
4521 204
4560 205
4327 206
4242 207
3505 208
2310 209
1052 210
711 211
2586 212
878 213
3348 214
2061 215
524 216
1826 217
3279 218
4190 219
4561 220
181 221
2362 222
3712 223
4920 224
3191 225
4700 226
462 227
1619 228
4556 229
3852 230
3931 231
380 232
2747 233
1708 234
2313 235
567 236
4023 237
2360 238
2622 239
4531 240
459 241
565 242
2059 243
2335 244
1255 245
2418 246
4736 247
4214 248
419 249
2151 250
1158 251
3845 252
767 253
2711 254
2418 255
4425 256
1868 257
2781 258
4963 259
944 260
424 261
1550 262
1641 263
3891 264
2073 265
3170 266
1253 267
3291 268
1319 269
4013 270
480 271
4053 272
3563 273
1193 274
2313 275
4884 276
2045 277
1928 278
3122 279
4680 280
1688 281
4664 282
4248 283
2336 284
1534 285
2146 286
4156 287
4927 288
3674 289
2619 290
698 291
1338 292
1692 293
2621 294
4392 295
3748 296
4833 297
2027 298
3633 299
1076 300
940 301
564 302
3076 303
642 304
4772 305
926 306
1669 307
3108 308
528 309
2028 310
2082 311
3453 312
2657 313
2521 314
3282 315
1099 316
3614 317
4465 318
3735 319
1514 320
546 321
2952 322
2288 323
2639 324
1940 325
1457 326
586 327
4674 328
3397 329
151 330
2987 331
3887 332
535 333
1246 334
4846 335
4568 336
1496 337
4744 338
1587 339
2495 340
3636 341
4813 342
4439 343
3408 344
793 345
673 346
208 347
3939 348
2755 349
2817 350
1750 351
241 352
4997 353
4801 354
1540 355
733 356
1188 357
1295 358
2623 359
3677 360
849 361
3275 362
433 363
1052 364
4902 365
1433 366
3961 367
2250 368
1742 369
4269 370
3758 371
2536 372
664 373
3742 374
1732 375
1268 376
3303 377
2990 378
4021 379
174 380
3978 381
3765 382
1893 383
2694 384
3927 385
370 386
3587 387
1633 388
4762 389
3875 390
2433 391
2115 392
4025 393
20 394
2643 395
3490 396
3843 397
3380 398
3969 399
2177 400
2440 401
1497 402
4612 403
1937 404
2316 405
1376 406
2378 407
4540 408
4520 409
1957 410
1858 411
2879 412
2089 413
1854 414
4993 415
3576 416
3856 417
3229 418
206 419
639 420
4819 421
4301 422
2715 423
4469 424
1203 425
4901 426
1697 427
3150 428
548 429
3082 430
2534 431
1163 432
2033 433
4735 434
2704 435
4864 436
3607 437
1572 438
4595 439
4091 440
4621 441
4520 442
3202 443
2424 444
3906 445
4954 446
4603 447
2032 448
3223 449
504 450
2889 451
1646 452
4227 453
4525 454
2575 455
4501 456
3027 457
1727 458
3810 459
3097 460
784 461
2734 462
1196 463
1459 464
3190 465
3877 466
567 467
3772 468
4285 469
1881 470
945 471
3635 472
99 473
2013 474
1742 475
3697 476
2729 477
3080 478
612 479
3451 480
3960 481
4098 482
179 483
527 484
4206 485
3350 486
4985 487
56 488
3609 489
4663 490
841 491
3997 492
4536 493
3857 494
688 495
3838 496
869 497
990 498
571 499
