550 300
2966 0
5206 1
4450 2
1837 3
3135 4
624 5
3307 6
1670 7
2708 8
2239 9
669 10
1127 11
1110 12
3576 13
1856 14
652 15
491 16
2663 17
1769 18
199 19
4832 20
3472 21
2737 22
1451 23
1125 24
4704 25
4697 26
2836 27
1024 28
1295 29
2035 30
5383 31
3040 32
5491 33
3718 34
1526 35
2749 36
4161 37
3886 38
2392 39
3548 40
1060 41
4986 42
3379 43
5316 44
5255 45
1103 46
1666 47
3111 48
781 49
3856 50
1749 51
5474 52
5281 53
3809 54
2841 55
2808 56
4230 57
795 58
4646 59
5040 60
4824 61
4967 62
2651 63
4033 64
2122 65
5128 66
4417 67
4920 68
1414 69
5466 70
4235 71
4634 72
4333 73
26 74
3100 75
3385 76
2306 77
4078 78
893 79
5318 80
2582 81
4647 82
1283 83
4223 84
1675 85
3542 86
5079 87
4328 88
195 89
4163 90
3348 91
92 92
2752 93
4789 94
3790 95
4489 96
2871 97
4028 98
2677 99
3064 100
3551 101
3167 102
757 103
4896 104
655 105
1724 106
4959 107
3342 108
2039 109
3042 110
4923 111
2620 112
1350 113
226 114
2069 115
4479 116
2722 117
5270 118
1332 119
2693 120
67 121
1851 122
196 123
5045 124
5121 125
3001 126
2915 127
5079 128
1443 129
4816 130
4483 131
3521 132
92 133
4898 134
3103 135
3433 136
2453 137
3624 138
727 139
179 140
4876 141
4507 142
3045 143
2928 144
1880 145
796 146
1657 147
3750 148
3213 149
4763 150
332 151
3019 152
2937 153
168 154
1614 155
3265 156
487 157
4948 158
5406 159
4624 160
3701 161
4068 162
2730 163
4929 164
5434 165
1717 166
2869 167
752 168
4686 169
1470 170
242 171
4623 172
4680 173
4273 174
136 175
3751 176
3092 177
557 178
859 179
1805 180
2142 181
117 182
2360 183
4773 184
1109 185
5036 186
2289 187
3053 188
2958 189
1719 190
3095 191
4480 192
4585 193
4794 194
4379 195
2958 196
3406 197
3541 198
2333 199
3898 200
2671 201
176 202
1762 203
1109 204
1631 205
2098 206
4598 207
2522 208
1122 209
3345 210
1659 211
122 212
4913 213
4082 214
3789 215
4212 216
3073 217
2713 218
539 219
5391 220
4786 221
5172 222
5155 223
63 224
4738 225
4782 226
486 227
4476 228
2504 229
2894 230
5173 231
1271 232
3933 233
1775 234
317 235
2822 236
1303 237
1524 238
3426 239
4047 240
1947 241
2582 242
3091 243
4725 244
122 245
709 246
3827 247
3067 248
1708 249
1855 250
2043 251
2953 252
2233 253
3683 254
2512 255
298 256
5013 257
2090 258
4981 259
1161 260
5422 261
2095 262
4749 263
4072 264
4514 265
5052 266
4598 267
4363 268
3771 269
5253 270
1283 271
5196 272
1773 273
92 274
4354 275
2803 276
989 277
446 278
4523 279
4403 280
4507 281
689 282
3511 283
2934 284
3355 285
2971 286
4131 287
4347 288
1247 289
1764 290
4509 291
5428 292
3643 293
5075 294
2787 295
4043 296
1816 297
1747 298
1944 299
1862 300
2797 301
1172 302
4768 303
4217 304
938 305
4238 306
1057 307
1595 308
2699 309
1831 310
2914 311
3216 312
4062 313
1647 314
1027 315
1935 316
1780 317
3184 318
562 319
1377 320
1322 321
64 322
4153 323
1973 324
4105 325
1564 326
5369 327
4625 328
1308 329
5246 330
5237 331
1980 332
4076 333
937 334
1123 335
1323 336
1782 337
1483 338
3004 339
1296 340
3630 341
2209 342
5300 343
2284 344
4631 345
540 346
3788 347
207 348
1932 349
3128 350
752 351
5093 352
702 353
461 354
4518 355
3190 356
150 357
2055 358
3803 359
5123 360
998 361
2674 362
876 363
2209 364
642 365
4377 366
634 367
2833 368
3254 369
508 370
4873 371
3545 372
653 373
2068 374
3874 375
4433 376
3288 377
1736 378
2567 379
2803 380
149 381
3744 382
4299 383
5464 384
117 385
4334 386
428 387
3772 388
4117 389
934 390
1474 391
2660 392
3156 393
5476 394
3006 395
2951 396
2295 397
4057 398
22 399
4829 400
1747 401
3025 402
3948 403
3930 404
5375 405
5262 406
5100 407
4906 408
2603 409
1583 410
4094 411
2725 412
143 413
1523 414
5196 415
2663 416
597 417
4604 418
3951 419
3212 420
4561 421
1379 422
1612 423
1761 424
4108 425
3270 426
2368 427
2859 428
4038 429
4730 430
1468 431
627 432
4198 433
5488 434
246 435
4277 436
156 437
3301 438
1696 439
716 440
2325 441
451 442
4515 443
4915 444
3146 445
2866 446
5489 447
2797 448
4759 449
218 450
387 451
658 452
1750 453
4638 454
1161 455
3597 456
534 457
5477 458
267 459
532 460
669 461
2723 462
5197 463
3969 464
996 465
1823 466
1952 467
1775 468
1557 469
4165 470
4714 471
4369 472
1568 473
318 474
3981 475
4763 476
1699 477
5031 478
1342 479
2270 480
719 481
1990 482
1169 483
1627 484
2140 485
994 486
2220 487
1121 488
5087 489
3789 490
1637 491
3554 492
1645 493
174 494
3770 495
2632 496
4237 497
613 498
1975 499
218 500
1201 501
1902 502
920 503
5159 504
432 505
1206 506
2553 507
348 508
2139 509
28 510
1071 511
3151 512
1521 513
1857 514
3522 515
4712 516
4950 517
37 518
3189 519
188 520
2914 521
2918 522
245 523
5030 524
2580 525
3503 526
1914 527
3428 528
1199 529
1944 530
4814 531
1403 532
4931 533
2631 534
4457 535
3110 536
2486 537
1336 538
4651 539
2622 540
4940 541
5469 542
3549 543
4367 544
2915 545
28 546
4370 547
4527 548
2325 549
