600 750
3758 0
4114 1
3337 2
3236 3
4935 4
2689 5
1601 6
5176 7
3725 8
3742 9
3371 10
1632 11
1206 12
5495 13
4122 14
4457 15
1472 16
281 17
4021 18
398 19
5383 20
5351 21
5596 22
2639 23
246 24
3239 25
4819 26
1420 27
2227 28
5482 29
5757 30
1080 31
2580 32
3336 33
3884 34
4548 35
5181 36
253 37
2531 38
5576 39
4777 40
5257 41
4772 42
2121 43
5532 44
1860 45
300 46
3186 47
3965 48
4824 49
2658 50
4926 51
3326 52
3975 53
4627 54
4548 55
5666 56
2471 57
781 58
1655 59
3815 60
4527 61
3112 62
362 63
3886 64
4417 65
824 66
1571 67
5332 68
2427 69
2110 70
4759 71
2305 72
4157 73
3447 74
1118 75
5199 76
3480 77
5097 78
1342 79
2843 80
5027 81
616 82
492 83
4476 84
3167 85
3303 86
21 87
800 88
1414 89
5321 90
4803 91
4041 92
2693 93
1213 94
5078 95
4196 96
3996 97
1663 98
1221 99
5798 100
3036 101
555 102
3895 103
5205 104
1024 105
2756 106
5889 107
4289 108
3735 109
1538 110
5106 111
805 112
4486 113
1315 114
2013 115
386 116
971 117
4656 118
3214 119
2843 120
957 121
5943 122
5500 123
3113 124
4688 125
3395 126
2674 127
1958 128
1490 129
3835 130
888 131
1497 132
2770 133
3129 134
4990 135
5523 136
415 137
2389 138
921 139
3405 140
305 141
1135 142
1408 143
4178 144
3632 145
1721 146
3480 147
368 148
5679 149
208 150
2651 151
4760 152
517 153
2290 154
5549 155
2656 156
1800 157
5804 158
2386 159
3883 160
5087 161
4514 162
2492 163
5022 164
2195 165
342 166
3717 167
5110 168
4395 169
5753 170
5000 171
5761 172
5446 173
5595 174
1033 175
1011 176
3043 177
5162 178
1355 179
4977 180
1263 181
2743 182
3834 183
1745 184
4646 185
3980 186
227 187
3216 188
5499 189
1307 190
4507 191
2218 192
4606 193
2460 194
3954 195
1267 196
268 197
1149 198
1855 199
5505 200
3349 201
4500 202
290 203
3243 204
3237 205
2751 206
4966 207
4621 208
3949 209
4511 210
5886 211
4441 212
2968 213
5257 214
2583 215
1503 216
3174 217
4010 218
3328 219
1623 220
1688 221
4798 222
4721 223
931 224
4675 225
1533 226
4411 227
4989 228
5438 229
703 230
4954 231
5117 232
2582 233
4669 234
4241 235
1811 236
2565 237
1080 238
4643 239
3858 240
3353 241
366 242
3474 243
3743 244
5798 245
1748 246
3528 247
822 248
2235 249
4617 250
2570 251
3293 252
275 253
4374 254
5716 255
2976 256
2279 257
333 258
5379 259
178 260
925 261
821 262
3340 263
2205 264
3301 265
2338 266
3082 267
766 268
3886 269
1176 270
3588 271
1946 272
3509 273
444 274
692 275
282 276
3658 277
3685 278
4703 279
1952 280
4259 281
3680 282
1324 283
5958 284
4408 285
2903 286
3893 287
2972 288
1675 289
2259 290
1870 291
1670 292
4948 293
5425 294
2846 295
3906 296
5986 297
4468 298
1018 299
5076 300
4668 301
2043 302
5390 303
17 304
5604 305
2905 306
1598 307
2973 308
2979 309
1976 310
4195 311
2517 312
2595 313
1211 314
4377 315
5320 316
3335 317
4366 318
5420 319
5501 320
1934 321
4642 322
1201 323
742 324
2539 325
1375 326
4434 327
405 328
4683 329
4072 330
2153 331
5028 332
3210 333
1973 334
2451 335
5154 336
2991 337
2282 338
2940 339
4499 340
514 341
1665 342
5959 343
50 344
3969 345
5802 346
444 347
2492 348
2694 349
5913 350
1620 351
2681 352
1295 353
123 354
2088 355
3160 356
12 357
394 358
2473 359
834 360
2192 361
5375 362
5713 363
4792 364
2513 365
2268 366
3622 367
123 368
4301 369
3410 370
4666 371
2071 372
5467 373
5126 374
4537 375
3419 376
1846 377
5262 378
1601 379
5329 380
4673 381
5798 382
2857 383
1034 384
4877 385
5681 386
4923 387
5676 388
680 389
178 390
2764 391
4865 392
3234 393
1117 394
3253 395
2694 396
3869 397
2396 398
2222 399
4292 400
3445 401
4618 402
4951 403
504 404
2696 405
5987 406
3229 407
273 408
762 409
688 410
1265 411
3494 412
3258 413
860 414
5378 415
5973 416
4491 417
2579 418
4236 419
892 420
2440 421
1154 422
2549 423
4809 424
543 425
3103 426
1760 427
1009 428
1433 429
4258 430
704 431
992 432
4320 433
4004 434
2217 435
3056 436
1628 437
682 438
98 439
491 440
911 441
1213 442
1551 443
5910 444
5646 445
656 446
2728 447
2903 448
1397 449
618 450
1278 451
1436 452
2058 453
1365 454
695 455
5188 456
3558 457
3494 458
1911 459
3967 460
679 461
4317 462
5352 463
3598 464
4729 465
5539 466
4921 467
501 468
3957 469
3549 470
1679 471
3634 472
2862 473
3288 474
3765 475
2950 476
488 477
1077 478
4092 479
1861 480
194 481
4400 482
2118 483
5460 484
3813 485
4115 486
3537 487
4250 488
3647 489
1979 490
424 491
1688 492
134 493
5867 494
4172 495
4558 496
5784 497
2550 498
27 499
2563 500
5916 501
3561 502
846 503
642 504
2801 505
290 506
2163 507
5165 508
2228 509
5367 510
3987 511
2890 512
697 513
4980 514
5466 515
4883 516
4984 517
4527 518
4299 519
5295 520
4877 521
3246 522
1686 523
5656 524
2642 525
3691 526
4012 527
2332 528
2067 529
694 530
509 531
5710 532
2667 533
5402 534
3636 535
2789 536
630 537
2393 538
1582 539
2956 540
1915 541
3562 542
4825 543
2711 544
660 545
3366 546
5074 547
3884 548
3100 549
4225 550
2366 551
5338 552
899 553
2551 554
2060 555
3234 556
5163 557
852 558
5562 559
4964 560
1488 561
5255 562
1749 563
1131 564
3654 565
2980 566
3150 567
1459 568
4293 569
5053 570
2038 571
297 572
842 573
2145 574
1257 575
1973 576
478 577
1453 578
3836 579
1191 580
122 581
2746 582
1350 583
3516 584
5356 585
1156 586
4000 587
3211 588
3859 589
1995 590
2474 591
2018 592
2652 593
5301 594
2189 595
5255 596
4443 597
5943 598
5641 599
