600 1550
4275 0
2295 1
2115 2
520 3
5214 4
1396 5
547 6
194 7
3541 8
5381 9
81 10
640 11
2807 12
332 13
3067 14
5188 15
3725 16
1195 17
1972 18
3659 19
3441 20
1399 21
3182 22
2262 23
5543 24
4937 25
4381 26
2225 27
204 28
150 29
2005 30
3689 31
5291 32
5490 33
1932 34
1223 35
5972 36
917 37
2730 38
2003 39
1125 40
5488 41
4252 42
1767 43
373 44
3108 45
3233 46
3329 47
2164 48
1057 49
2405 50
4311 51
2882 52
1267 53
4704 54
3415 55
3922 56
1737 57
3930 58
1728 59
2362 60
5234 61
1395 62
2096 63
2554 64
4326 65
332 66
1541 67
5397 68
4681 69
5754 70
1419 71
2332 72
472 73
1397 74
4087 75
279 76
484 77
3162 78
5012 79
3178 80
2179 81
706 82
4311 83
5655 84
4079 85
2663 86
3493 87
4341 88
2318 89
4380 90
1952 91
4158 92
895 93
1819 94
3902 95
5702 96
5231 97
4816 98
4259 99
444 100
5788 101
913 102
4167 103
2492 104
5884 105
5183 106
3612 107
5537 108
69 109
3264 110
5065 111
1114 112
3325 113
5577 114
3108 115
4431 116
1605 117
2113 118
129 119
1918 120
3667 121
3525 122
1117 123
3440 124
5258 125
857 126
834 127
850 128
2032 129
2389 130
184 131
616 132
1765 133
2566 134
698 135
571 136
4060 137
4501 138
1364 139
5777 140
2806 141
3823 142
3155 143
3069 144
4293 145
958 146
2317 147
2971 148
4830 149
256 150
5714 151
3223 152
4241 153
2667 154
861 155
762 156
5158 157
3774 158
4594 159
1892 160
2504 161
141 162
343 163
144 164
88 165
2666 166
2529 167
5867 168
5201 169
4314 170
1747 171
1388 172
2748 173
2234 174
2689 175
4721 176
1257 177
4224 178
3673 179
900 180
4496 181
5767 182
4566 183
2161 184
849 185
345 186
4241 187
2883 188
837 189
630 190
2989 191
5851 192
2482 193
3932 194
2202 195
4556 196
4486 197
2059 198
1761 199
5607 200
642 201
2359 202
92 203
5970 204
2565 205
399 206
2736 207
527 208
1029 209
4209 210
3217 211
1213 212
1755 213
3824 214
5490 215
5518 216
453 217
5286 218
4587 219
367 220
2263 221
3672 222
2429 223
24 224
1520 225
4047 226
2696 227
3590 228
5849 229
2361 230
2208 231
575 232
2856 233
2429 234
435 235
1387 236
4250 237
199 238
4323 239
3086 240
4596 241
4440 242
1829 243
3433 244
5598 245
4887 246
4644 247
500 248
4289 249
5566 250
1698 251
74 252
3810 253
3296 254
3689 255
1801 256
4227 257
4829 258
3918 259
4458 260
268 261
3073 262
959 263
1661 264
5803 265
5409 266
2576 267
4009 268
5336 269
91 270
1556 271
5351 272
100 273
3325 274
2250 275
2455 276
2523 277
4372 278
5956 279
1240 280
2552 281
5472 282
3591 283
713 284
4703 285
2447 286
5651 287
785 288
1522 289
818 290
3269 291
2210 292
4762 293
138 294
3166 295
461 296
125 297
785 298
2193 299
253 300
5706 301
2718 302
2065 303
982 304
2952 305
5495 306
656 307
1552 308
3894 309
3046 310
383 311
989 312
3844 313
3253 314
3667 315
1666 316
3057 317
2058 318
960 319
543 320
3909 321
461 322
3150 323
2689 324
5853 325
3200 326
1749 327
786 328
1789 329
5082 330
1850 331
2344 332
1817 333
5081 334
3720 335
2465 336
3842 337
689 338
4552 339
4941 340
334 341
54 342
3371 343
983 344
2053 345
2503 346
3007 347
669 348
2076 349
1270 350
5857 351
371 352
3592 353
3390 354
5089 355
5683 356
5540 357
2681 358
5769 359
269 360
5836 361
104 362
1042 363
3488 364
4047 365
3691 366
850 367
185 368
3214 369
3170 370
644 371
5458 372
1885 373
3146 374
501 375
4709 376
75 377
4305 378
3161 379
3393 380
3374 381
967 382
3037 383
4022 384
528 385
3057 386
2249 387
1470 388
703 389
1085 390
4539 391
1184 392
5266 393
2551 394
4908 395
2192 396
2839 397
132 398
190 399
3738 400
1767 401
1019 402
4716 403
1337 404
2534 405
1383 406
5193 407
5523 408
1887 409
2802 410
1931 411
4625 412
2702 413
3422 414
5700 415
4064 416
31 417
4827 418
180 419
2049 420
2027 421
253 422
401 423
3070 424
2840 425
4256 426
4473 427
1850 428
5205 429
707 430
19 431
5175 432
828 433
5288 434
3116 435
3282 436
1417 437
4967 438
1007 439
5689 440
2600 441
4584 442
4302 443
1429 444
4396 445
4608 446
5143 447
5382 448
3366 449
2367 450
5886 451
3297 452
2670 453
5552 454
1034 455
2109 456
2937 457
334 458
5221 459
448 460
5049 461
2304 462
4019 463
4635 464
5867 465
2338 466
2615 467
997 468
1444 469
4686 470
2519 471
5335 472
5821 473
1898 474
5731 475
729 476
1467 477
1843 478
4546 479
730 480
2907 481
1235 482
3355 483
5737 484
835 485
244 486
5907 487
3560 488
3654 489
1914 490
3618 491
582 492
4647 493
1119 494
2562 495
443 496
583 497
732 498
764 499
2914 500
5853 501
808 502
100 503
3377 504
4214 505
4173 506
5578 507
3515 508
5187 509
5403 510
276 511
1326 512
3444 513
2571 514
2989 515
2713 516
2552 517
2959 518
331 519
5743 520
87 521
688 522
2284 523
1725 524
4650 525
1139 526
4150 527
1932 528
1948 529
1790 530
1480 531
4003 532
4345 533
833 534
1782 535
862 536
4541 537
3315 538
582 539
302 540
872 541
4812 542
4666 543
3116 544
5029 545
2736 546
5437 547
4043 548
2022 549
123 550
949 551
5145 552
2944 553
5172 554
2915 555
1565 556
3090 557
2426 558
3363 559
2401 560
1833 561
827 562
2955 563
680 564
586 565
1323 566
2513 567
1745 568
612 569
804 570
5372 571
1204 572
500 573
3489 574
1937 575
528 576
5143 577
1878 578
5621 579
2577 580
249 581
4482 582
3696 583
5323 584
2225 585
5625 586
5122 587
4783 588
3593 589
769 590
2472 591
5127 592
373 593
587 594
3772 595
2546 596
1021 597
3719 598
4514 599
