650 500
5400 0
3855 1
761 2
6203 3
1468 4
1496 5
2536 6
4164 7
18 8
4139 9
5334 10
665 11
862 12
2270 13
4525 14
2445 15
534 16
6040 17
4025 18
3246 19
4199 20
401 21
5893 22
3593 23
6183 24
3278 25
6093 26
4526 27
4317 28
4521 29
845 30
2861 31
121 32
6186 33
4813 34
5939 35
438 36
1408 37
4103 38
5796 39
5829 40
1979 41
480 42
3728 43
5044 44
6332 45
1046 46
4658 47
4494 48
2201 49
5275 50
556 51
1904 52
4914 53
6065 54
5930 55
5970 56
5647 57
1227 58
4438 59
4315 60
5016 61
3294 62
987 63
1374 64
5295 65
1209 66
3220 67
5104 68
3670 69
4643 70
168 71
3904 72
4191 73
4663 74
4358 75
3333 76
1253 77
5648 78
5359 79
2232 80
2176 81
1279 82
5266 83
3905 84
4487 85
71 86
3423 87
1381 88
73 89
3510 90
5699 91
6181 92
2411 93
1967 94
15 95
1674 96
4211 97
171 98
5754 99
2454 100
3076 101
1734 102
3789 103
1328 104
14 105
4038 106
163 107
2819 108
102 109
1535 110
2139 111
1063 112
3172 113
5022 114
4167 115
3137 116
715 117
6200 118
2704 119
4859 120
1995 121
5499 122
3200 123
2707 124
1412 125
4507 126
1147 127
4108 128
6207 129
6379 130
5180 131
3416 132
1375 133
1321 134
4197 135
749 136
1048 137
753 138
2052 139
1439 140
990 141
5261 142
3730 143
970 144
5702 145
4170 146
6464 147
1001 148
6082 149
4421 150
4634 151
1042 152
1316 153
2249 154
1041 155
234 156
3331 157
3266 158
4076 159
6187 160
4829 161
2961 162
5152 163
4658 164
1875 165
1205 166
6301 167
5223 168
2232 169
3633 170
3613 171
3253 172
5110 173
4980 174
4249 175
1342 176
5909 177
1106 178
1701 179
6331 180
6485 181
6357 182
1905 183
2355 184
3100 185
4550 186
2818 187
1323 188
3942 189
4888 190
4053 191
6393 192
384 193
3441 194
4077 195
685 196
3669 197
4551 198
1547 199
2546 200
3798 201
3105 202
4133 203
3888 204
2387 205
1454 206
4393 207
4885 208
6088 209
526 210
6136 211
2997 212
200 213
5484 214
1425 215
2916 216
1868 217
763 218
2855 219
2596 220
2990 221
2313 222
963 223
3890 224
5663 225
1992 226
5002 227
5720 228
1665 229
1456 230
1988 231
3406 232
568 233
6498 234
2154 235
3067 236
1494 237
3178 238
2664 239
3725 240
4837 241
1672 242
3163 243
5093 244
1520 245
650 246
2014 247
4273 248
1031 249
4116 250
6042 251
3098 252
5127 253
3133 254
20 255
2761 256
4809 257
3937 258
2365 259
3194 260
6411 261
4557 262
2705 263
2570 264
1270 265
5620 266
1555 267
3912 268
5202 269
3580 270
731 271
5962 272
1231 273
997 274
347 275
419 276
1913 277
5464 278
72 279
2176 280
1833 281
1967 282
4720 283
1142 284
4559 285
2786 286
4900 287
5783 288
5359 289
6233 290
3697 291
3 292
1067 293
1519 294
1846 295
1910 296
1676 297
1819 298
594 299
141 300
3618 301
1136 302
1056 303
400 304
820 305
4151 306
740 307
4688 308
5766 309
3611 310
1527 311
3151 312
2384 313
4701 314
2459 315
3966 316
3675 317
6371 318
5958 319
3670 320
5070 321
1533 322
6184 323
6423 324
1580 325
1252 326
3494 327
4883 328
5302 329
369 330
3154 331
2629 332
3540 333
4309 334
1833 335
2510 336
3718 337
3445 338
6452 339
2065 340
5660 341
234 342
2815 343
5973 344
2755 345
3572 346
5630 347
4411 348
1880 349
5584 350
2796 351
2218 352
2264 353
6333 354
1690 355
5842 356
486 357
6290 358
3768 359
1108 360
3636 361
919 362
1491 363
6166 364
6452 365
1584 366
1920 367
6250 368
521 369
4166 370
4274 371
151 372
4432 373
1987 374
3592 375
581 376
1583 377
3778 378
4549 379
1857 380
75 381
4986 382
980 383
2941 384
4875 385
938 386
1758 387
6232 388
5471 389
3933 390
5099 391
6227 392
3922 393
2028 394
6119 395
5164 396
1473 397
549 398
4037 399
5178 400
5427 401
1934 402
5670 403
5191 404
4081 405
5467 406
5890 407
5261 408
1306 409
2985 410
789 411
5031 412
1732 413
3671 414
203 415
358 416
4677 417
1135 418
2498 419
2185 420
4528 421
2021 422
1098 423
2279 424
3803 425
1700 426
4736 427
5051 428
3575 429
2825 430
4200 431
5569 432
5375 433
3815 434
2738 435
1732 436
4585 437
1608 438
3408 439
445 440
2468 441
5780 442
1100 443
5137 444
4487 445
3731 446
188 447
408 448
76 449
1516 450
6194 451
1988 452
6400 453
2075 454
5811 455
1923 456
813 457
1453 458
3202 459
3984 460
2018 461
473 462
178 463
4181 464
5382 465
2898 466
3931 467
2706 468
3086 469
6112 470
531 471
171 472
1454 473
1080 474
876 475
1999 476
6413 477
888 478
516 479
5371 480
2873 481
2373 482
4015 483
569 484
1169 485
2108 486
5453 487
4894 488
5398 489
1569 490
1398 491
5233 492
661 493
2027 494
1266 495
960 496
2019 497
4252 498
5797 499
2905 500
1351 501
1508 502
801 503
4496 504
76 505
175 506
1994 507
2542 508
1237 509
3554 510
4277 511
4587 512
3991 513
3033 514
2902 515
318 516
2982 517
5102 518
2738 519
3022 520
5453 521
3616 522
4625 523
2838 524
3283 525
2345 526
1932 527
5380 528
3549 529
6091 530
1980 531
5643 532
2386 533
1903 534
4376 535
4770 536
857 537
2499 538
2019 539
3926 540
2469 541
3314 542
4274 543
3795 544
4562 545
3245 546
5937 547
2248 548
5279 549
4443 550
4874 551
226 552
5207 553
260 554
3715 555
3836 556
4879 557
156 558
181 559
1813 560
904 561
6241 562
6176 563
5627 564
1092 565
634 566
5863 567
4714 568
430 569
6405 570
3327 571
3109 572
4129 573
4576 574
3853 575
6410 576
5030 577
3606 578
2599 579
5092 580
1792 581
594 582
4763 583
40 584
1684 585
982 586
4924 587
3671 588
1092 589
5496 590
4125 591
4616 592
2604 593
2918 594
5738 595
3261 596
3616 597
3036 598
1036 599
1226 600
4607 601
1549 602
1126 603
2407 604
3017 605
1537 606
4773 607
4407 608
5825 609
847 610
5423 611
6245 612
2342 613
3464 614
69 615
1626 616
2287 617
6289 618
1529 619
2459 620
6103 621
4943 622
2951 623
2179 624
5564 625
4494 626
6321 627
6116 628
85 629
1955 630
143 631
6327 632
155 633
5732 634
3720 635
4600 636
2795 637
5435 638
43 639
6195 640
2689 641
266 642
1905 643
2921 644
3166 645
4375 646
840 647
2629 648
4883 649
