600 800
3189 0
86 1
730 2
2948 3
5050 4
626 5
3011 6
2063 7
2179 8
3109 9
3218 10
4879 11
3783 12
4073 13
105 14
4994 15
479 16
990 17
2913 18
4160 19
2552 20
1748 21
5270 22
750 23
2640 24
3556 25
5474 26
4148 27
5480 28
764 29
1004 30
5256 31
341 32
5802 33
1167 34
2645 35
1602 36
2138 37
281 38
3239 39
4013 40
5027 41
2018 42
3920 43
2012 44
1868 45
758 46
3193 47
5272 48
2233 49
2156 50
1658 51
1404 52
2948 53
592 54
3396 55
2373 56
4318 57
1067 58
5145 59
4148 60
1489 61
495 62
1608 63
298 64
1044 65
2693 66
252 67
4276 68
505 69
5118 70
5648 71
5640 72
199 73
5001 74
4363 75
4941 76
1345 77
3526 78
251 79
1004 80
1964 81
2356 82
4952 83
5381 84
3562 85
811 86
1411 87
5530 88
4705 89
2363 90
4788 91
1358 92
641 93
3672 94
5663 95
3938 96
799 97
3386 98
3902 99
4226 100
2722 101
2416 102
3504 103
5351 104
5606 105
2701 106
5945 107
3039 108
2205 109
831 110
5049 111
2257 112
621 113
3877 114
4080 115
3339 116
1569 117
5019 118
2903 119
5228 120
2346 121
692 122
2055 123
5616 124
621 125
2438 126
3952 127
3304 128
4418 129
1587 130
2937 131
5164 132
3006 133
4876 134
2456 135
5076 136
2729 137
5673 138
5475 139
2642 140
5887 141
4300 142
1602 143
5169 144
5333 145
256 146
5043 147
4781 148
4014 149
2130 150
3146 151
680 152
1792 153
1225 154
4003 155
1904 156
4544 157
843 158
5861 159
3228 160
44 161
3981 162
1189 163
1803 164
306 165
5156 166
320 167
5251 168
3997 169
3196 170
1635 171
3956 172
2277 173
4835 174
2297 175
39 176
1640 177
1793 178
1748 179
2466 180
945 181
4238 182
1575 183
4875 184
1359 185
403 186
2020 187
313 188
3203 189
585 190
4316 191
749 192
1504 193
1677 194
1311 195
1473 196
3617 197
5409 198
2941 199
1140 200
5999 201
4903 202
1982 203
5253 204
3627 205
5844 206
400 207
3405 208
4331 209
4810 210
2568 211
4234 212
1848 213
115 214
4946 215
1575 216
334 217
3920 218
2466 219
4910 220
5667 221
1837 222
4207 223
1106 224
2634 225
521 226
3783 227
2954 228
5095 229
5746 230
2570 231
4872 232
1341 233
1171 234
3721 235
1317 236
5619 237
2049 238
3662 239
1917 240
774 241
169 242
1619 243
1197 244
2364 245
4586 246
790 247
2535 248
2326 249
2524 250
4896 251
4998 252
723 253
1622 254
2681 255
3740 256
5921 257
4391 258
193 259
4335 260
811 261
1944 262
5169 263
1836 264
2741 265
1506 266
5396 267
3814 268
5375 269
3759 270
2607 271
2098 272
5259 273
4845 274
1221 275
1007 276
5320 277
4512 278
4736 279
3222 280
3396 281
1780 282
2565 283
392 284
199 285
3319 286
3397 287
4615 288
657 289
4695 290
954 291
1471 292
4547 293
4428 294
737 295
1442 296
4619 297
3325 298
1841 299
4763 300
4001 301
276 302
246 303
3670 304
4064 305
4458 306
1156 307
2349 308
199 309
3489 310
3436 311
4844 312
1633 313
5616 314
5518 315
1122 316
4982 317
1295 318
5094 319
1251 320
2751 321
296 322
1613 323
49 324
1173 325
5053 326
4352 327
2679 328
5405 329
5900 330
5174 331
1112 332
1233 333
3808 334
3315 335
3160 336
1049 337
2139 338
4872 339
2007 340
760 341
4272 342
3697 343
2027 344
4794 345
472 346
844 347
1573 348
2620 349
5419 350
2487 351
2137 352
79 353
4507 354
5989 355
5470 356
4087 357
996 358
208 359
3663 360
1331 361
3985 362
1553 363
3518 364
5987 365
2338 366
1054 367
4356 368
2091 369
1961 370
2751 371
3431 372
3851 373
1920 374
3089 375
4718 376
2628 377
5555 378
2212 379
2558 380
1864 381
828 382
1199 383
3008 384
2651 385
853 386
3207 387
3507 388
149 389
3105 390
4118 391
4611 392
1986 393
761 394
811 395
1628 396
414 397
4875 398
1144 399
3604 400
3017 401
2021 402
491 403
4557 404
3652 405
646 406
2698 407
3288 408
5566 409
1326 410
4308 411
1992 412
1832 413
2228 414
4051 415
3813 416
4707 417
2097 418
3850 419
3617 420
2022 421
4270 422
273 423
3822 424
4748 425
4842 426
3778 427
226 428
4646 429
5809 430
2633 431
3628 432
5341 433
2724 434
4719 435
5282 436
802 437
5027 438
2007 439
4284 440
888 441
2187 442
3463 443
274 444
1929 445
547 446
5481 447
5614 448
4514 449
4664 450
5856 451
3206 452
4437 453
727 454
3001 455
1332 456
3155 457
3331 458
5462 459
5569 460
3525 461
1486 462
4494 463
508 464
5160 465
5433 466
4363 467
4906 468
3355 469
4654 470
1306 471
4940 472
2156 473
2317 474
4603 475
4920 476
3135 477
1725 478
5894 479
412 480
3772 481
267 482
3902 483
2541 484
1397 485
5326 486
178 487
4398 488
4658 489
5841 490
4693 491
2379 492
3941 493
4693 494
1269 495
921 496
2951 497
201 498
4612 499
3805 500
3054 501
295 502
317 503
1487 504
1074 505
1096 506
1776 507
2198 508
5000 509
3012 510
2182 511
5626 512
1146 513
1799 514
429 515
3742 516
2832 517
5892 518
1199 519
2480 520
926 521
3445 522
2858 523
3526 524
5778 525
5212 526
3766 527
3233 528
4154 529
2013 530
618 531
4662 532
10 533
5464 534
477 535
2865 536
1555 537
1988 538
914 539
956 540
3302 541
4888 542
1794 543
2112 544
452 545
5534 546
734 547
2465 548
1817 549
3931 550
1280 551
2519 552
4707 553
1471 554
1240 555
3536 556
4208 557
5687 558
5507 559
4628 560
4311 561
2659 562
4920 563
3933 564
2787 565
1774 566
3682 567
2638 568
3441 569
82 570
4801 571
2064 572
5659 573
1438 574
305 575
1201 576
5382 577
5564 578
3864 579
1114 580
121 581
5790 582
4056 583
4258 584
937 585
5340 586
2441 587
4881 588
4408 589
4156 590
805 591
630 592
4326 593
3879 594
2651 595
4553 596
2316 597
5790 598
1722 599
