650 750
4016 0
1572 1
5086 2
3312 3
4410 4
6088 5
4834 6
4871 7
107 8
3527 9
3145 10
1312 11
2092 12
4061 13
4485 14
2316 15
5480 16
1927 17
1252 18
6286 19
1537 20
1282 21
4716 22
5026 23
5025 24
3090 25
5138 26
6086 27
3045 28
2846 29
1448 30
5250 31
167 32
3727 33
2299 34
6497 35
4552 36
2269 37
2041 38
3582 39
4439 40
5885 41
1611 42
4402 43
3152 44
605 45
4548 46
1108 47
178 48
2732 49
2552 50
6311 51
3161 52
1679 53
42 54
4638 55
3502 56
5155 57
4074 58
462 59
2834 60
6200 61
2936 62
2192 63
782 64
4569 65
2846 66
2864 67
5774 68
1897 69
3286 70
3767 71
5303 72
4372 73
3318 74
4529 75
3899 76
5280 77
4149 78
4040 79
3636 80
2770 81
5161 82
4186 83
5001 84
2909 85
1984 86
1075 87
1706 88
6012 89
2505 90
5093 91
5880 92
4038 93
1768 94
1855 95
3520 96
3921 97
3363 98
5364 99
3736 100
5031 101
3563 102
570 103
4182 104
6161 105
507 106
4082 107
497 108
1696 109
2984 110
6356 111
4411 112
2739 113
3662 114
3915 115
804 116
3675 117
5019 118
3094 119
1856 120
1371 121
730 122
799 123
6499 124
1361 125
2920 126
2356 127
676 128
2337 129
2062 130
1266 131
4645 132
6066 133
3959 134
5611 135
4840 136
432 137
704 138
6349 139
5526 140
4602 141
6019 142
2224 143
5809 144
2386 145
274 146
3405 147
5834 148
2393 149
2921 150
91 151
1216 152
1844 153
837 154
2942 155
121 156
5592 157
6397 158
4222 159
5821 160
4066 161
6164 162
6393 163
2901 164
3257 165
5695 166
1545 167
1598 168
272 169
665 170
496 171
2457 172
4015 173
3146 174
2216 175
1060 176
3589 177
3725 178
4701 179
545 180
5805 181
4203 182
4141 183
5321 184
2812 185
3728 186
4863 187
5600 188
6004 189
2620 190
3555 191
6187 192
5102 193
5091 194
2585 195
3847 196
2965 197
4482 198
2529 199
5394 200
2412 201
514 202
3366 203
1095 204
2078 205
1241 206
1940 207
4538 208
1431 209
1860 210
1100 211
4115 212
2512 213
1118 214
6071 215
1059 216
4714 217
3132 218
6240 219
4516 220
5903 221
4820 222
2155 223
999 224
2287 225
1261 226
4415 227
253 228
6270 229
4928 230
348 231
2805 232
4461 233
3256 234
4025 235
2667 236
3502 237
1294 238
5336 239
4033 240
6316 241
1099 242
3502 243
1589 244
2271 245
1103 246
2690 247
5134 248
4234 249
3340 250
1277 251
2705 252
100 253
5282 254
2954 255
3270 256
3875 257
5630 258
2023 259
5692 260
5554 261
2167 262
1492 263
817 264
2099 265
1125 266
4723 267
879 268
1002 269
821 270
4409 271
1730 272
662 273
5166 274
1528 275
1807 276
3025 277
6167 278
1411 279
5773 280
1421 281
2523 282
2207 283
2860 284
6329 285
3950 286
2102 287
2676 288
5060 289
4964 290
6275 291
6409 292
6284 293
3910 294
6028 295
1050 296
3637 297
4229 298
4032 299
3634 300
2430 301
5610 302
4154 303
2333 304
1678 305
5243 306
3306 307
519 308
2775 309
2725 310
2229 311
3074 312
3089 313
1816 314
2380 315
2837 316
1290 317
5867 318
2862 319
3966 320
6410 321
526 322
3521 323
1152 324
4192 325
4584 326
6082 327
6302 328
1768 329
4130 330
3490 331
974 332
439 333
1151 334
1798 335
1447 336
3637 337
1585 338
1810 339
3447 340
4037 341
2946 342
4449 343
3479 344
2078 345
328 346
2650 347
1843 348
2027 349
817 350
2309 351
4818 352
1530 353
5703 354
768 355
1713 356
4137 357
6053 358
6213 359
2022 360
4432 361
714 362
2219 363
836 364
1147 365
823 366
6166 367
4753 368
4274 369
1578 370
366 371
3790 372
4109 373
1007 374
1580 375
3113 376
4778 377
2888 378
4037 379
4888 380
2089 381
5056 382
4336 383
5660 384
450 385
5626 386
5404 387
1590 388
5546 389
37 390
1232 391
5835 392
3674 393
11 394
1836 395
3817 396
146 397
5025 398
2491 399
232 400
3624 401
4040 402
4674 403
5479 404
5872 405
2570 406
5443 407
4744 408
6296 409
1888 410
1832 411
2813 412
214 413
5120 414
4385 415
3164 416
2884 417
6167 418
85 419
2476 420
5358 421
2447 422
4315 423
3234 424
1803 425
4993 426
3405 427
2731 428
4957 429
2809 430
1632 431
657 432
5573 433
4863 434
1357 435
2415 436
6172 437
1837 438
4464 439
4057 440
196 441
4803 442
2047 443
5826 444
6004 445
5712 446
4345 447
3291 448
885 449
2538 450
3608 451
2096 452
3199 453
1822 454
5509 455
3750 456
6063 457
654 458
6078 459
3749 460
1986 461
5450 462
2891 463
979 464
5091 465
6489 466
5731 467
3174 468
6219 469
2871 470
519 471
3682 472
4408 473
1152 474
3144 475
387 476
5999 477
4811 478
4414 479
4930 480
4277 481
4531 482
3293 483
5194 484
805 485
5854 486
569 487
4837 488
3427 489
5896 490
996 491
2249 492
3142 493
4125 494
3338 495
1047 496
2709 497
2255 498
2388 499
3596 500
4661 501
368 502
4068 503
2522 504
42 505
150 506
3016 507
322 508
5575 509
3081 510
2946 511
1979 512
2828 513
4878 514
3134 515
4098 516
812 517
4854 518
3247 519
6141 520
1317 521
5522 522
4375 523
1372 524
1669 525
4379 526
3693 527
5391 528
3238 529
6330 530
3197 531
5468 532
5949 533
1560 534
5224 535
1869 536
1585 537
6244 538
4642 539
6225 540
3435 541
3830 542
1548 543
2731 544
5696 545
1256 546
5391 547
4387 548
6416 549
2699 550
3307 551
4965 552
5172 553
3534 554
3369 555
3931 556
296 557
995 558
4715 559
3746 560
2753 561
3025 562
2134 563
4692 564
2309 565
4930 566
2835 567
6207 568
5442 569
2859 570
1827 571
136 572
3461 573
625 574
3591 575
2311 576
700 577
17 578
94 579
727 580
6299 581
2419 582
3251 583
2813 584
539 585
11 586
1506 587
1611 588
1523 589
6049 590
4407 591
2631 592
990 593
1265 594
3479 595
5000 596
1714 597
1972 598
5904 599
3468 600
5933 601
4969 602
1874 603
1393 604
8 605
3137 606
897 607
2122 608
6364 609
1515 610
2902 611
459 612
3178 613
5510 614
4078 615
4562 616
3030 617
4129 618
1658 619
2459 620
1536 621
2425 622
3400 623
1269 624
5945 625
813 626
6436 627
685 628
4873 629
4479 630
5678 631
2975 632
2479 633
97 634
3912 635
1921 636
969 637
2969 638
6031 639
4354 640
1308 641
1603 642
4873 643
5413 644
2528 645
5371 646
2870 647
3825 648
2430 649
