600 1500
887 0
2425 1
37 2
1255 3
3859 4
879 5
559 6
5766 7
5877 8
3414 9
4001 10
3511 11
825 12
3985 13
3355 14
454 15
3157 16
2409 17
4097 18
2274 19
873 20
834 21
1983 22
3175 23
994 24
4992 25
2536 26
5847 27
1834 28
5498 29
4128 30
5411 31
4152 32
5810 33
5898 34
3558 35
4534 36
5423 37
837 38
4981 39
2093 40
5622 41
1388 42
1381 43
753 44
503 45
2203 46
2068 47
2861 48
230 49
5302 50
3742 51
1712 52
3483 53
1660 54
556 55
615 56
77 57
1862 58
660 59
1770 60
1484 61
1139 62
415 63
930 64
5220 65
4384 66
2411 67
5132 68
2273 69
4773 70
2566 71
1246 72
3056 73
5515 74
5730 75
5047 76
4838 77
3047 78
205 79
4973 80
1938 81
3721 82
2451 83
1071 84
881 85
5906 86
3223 87
79 88
3507 89
2230 90
1282 91
612 92
4086 93
2142 94
4157 95
1462 96
314 97
5866 98
2866 99
3335 100
3974 101
245 102
2810 103
1884 104
3699 105
4108 106
314 107
5803 108
1401 109
1774 110
5881 111
2921 112
1389 113
4277 114
2785 115
1060 116
2360 117
4723 118
5936 119
4489 120
5428 121
3477 122
2999 123
4715 124
4713 125
2346 126
1960 127
1676 128
4188 129
4366 130
3059 131
5153 132
1692 133
5973 134
2146 135
2998 136
1357 137
1365 138
2351 139
4270 140
1832 141
4269 142
2978 143
1636 144
1123 145
4174 146
4914 147
644 148
5934 149
5526 150
3364 151
3483 152
5832 153
4245 154
5995 155
277 156
2422 157
32 158
3466 159
2562 160
4932 161
920 162
3533 163
183 164
462 165
990 166
5815 167
2928 168
4849 169
360 170
2932 171
4432 172
4864 173
2744 174
3413 175
171 176
2460 177
4919 178
3473 179
4224 180
4674 181
1771 182
5332 183
982 184
570 185
830 186
4793 187
692 188
2570 189
3810 190
2174 191
2452 192
3794 193
3731 194
3524 195
5646 196
1985 197
4695 198
2101 199
3232 200
4377 201
1427 202
955 203
5945 204
4705 205
3290 206
5831 207
4961 208
3220 209
1275 210
2053 211
2703 212
5904 213
1048 214
1228 215
3906 216
2005 217
4734 218
3145 219
4401 220
2464 221
4241 222
3195 223
5318 224
139 225
1002 226
2209 227
1098 228
3891 229
5193 230
333 231
9 232
5719 233
3875 234
4964 235
4855 236
4476 237
1456 238
1609 239
3942 240
4232 241
3265 242
352 243
615 244
2493 245
4076 246
2097 247
2437 248
1570 249
5220 250
2956 251
3251 252
3843 253
5574 254
748 255
2129 256
927 257
45 258
909 259
3415 260
74 261
1014 262
2751 263
1179 264
1797 265
368 266
5361 267
5735 268
1230 269
3260 270
927 271
1147 272
1723 273
5351 274
907 275
3132 276
1848 277
4514 278
4735 279
3393 280
5908 281
3937 282
3629 283
239 284
4167 285
4137 286
1470 287
193 288
1717 289
5578 290
3947 291
2890 292
3171 293
5423 294
3001 295
3481 296
4767 297
3388 298
906 299
1069 300
865 301
2604 302
3514 303
4461 304
4729 305
1063 306
2322 307
1195 308
2340 309
5188 310
1306 311
2061 312
2957 313
2789 314
3350 315
36 316
1872 317
909 318
3864 319
1961 320
5220 321
5356 322
4341 323
504 324
3000 325
1376 326
418 327
4221 328
1321 329
3553 330
2985 331
1176 332
4742 333
4513 334
342 335
3379 336
5933 337
3527 338
4874 339
1193 340
4447 341
650 342
1424 343
5593 344
1562 345
1332 346
226 347
4551 348
2637 349
4343 350
4714 351
1302 352
5174 353
1027 354
1762 355
1279 356
2405 357
952 358
3818 359
1880 360
3164 361
5320 362
565 363
328 364
1705 365
5585 366
957 367
3918 368
5280 369
4346 370
2859 371
3500 372
2218 373
2902 374
2199 375
5390 376
5690 377
5078 378
4518 379
4728 380
4821 381
5250 382
2647 383
1271 384
1231 385
2753 386
116 387
579 388
5836 389
1896 390
1459 391
519 392
1226 393
251 394
730 395
1247 396
1398 397
2753 398
970 399
3468 400
491 401
3445 402
3858 403
3175 404
5385 405
959 406
3167 407
5610 408
5364 409
5629 410
2131 411
5640 412
5334 413
4139 414
1003 415
4453 416
2332 417
4178 418
1683 419
5875 420
5953 421
779 422
3858 423
12 424
4400 425
23 426
2117 427
1494 428
3558 429
1537 430
5826 431
5961 432
2889 433
2402 434
5020 435
5863 436
1727 437
393 438
5736 439
66 440
2169 441
2498 442
5537 443
5424 444
1421 445
5119 446
3891 447
3192 448
2634 449
476 450
860 451
3065 452
4128 453
3139 454
1619 455
4159 456
5093 457
2983 458
1517 459
843 460
4141 461
5878 462
5039 463
3370 464
604 465
4692 466
606 467
3322 468
4496 469
2623 470
5735 471
2800 472
4496 473
1710 474
1576 475
1708 476
4697 477
3839 478
3915 479
5718 480
5641 481
1532 482
5706 483
2387 484
5650 485
959 486
5758 487
4055 488
5624 489
1111 490
3104 491
4870 492
1064 493
507 494
3479 495
2090 496
985 497
3926 498
5491 499
5484 500
2220 501
657 502
4428 503
750 504
5851 505
3569 506
3259 507
227 508
283 509
882 510
2840 511
935 512
5204 513
735 514
3991 515
1351 516
2662 517
133 518
1548 519
3807 520
225 521
311 522
1386 523
3501 524
3654 525
37 526
4229 527
991 528
3075 529
35 530
4988 531
3664 532
791 533
5298 534
379 535
2888 536
3220 537
2512 538
5119 539
4688 540
1303 541
2916 542
2213 543
1462 544
2379 545
2460 546
399 547
5150 548
3581 549
4335 550
819 551
82 552
1507 553
2203 554
531 555
3336 556
3593 557
276 558
472 559
4659 560
3213 561
1458 562
5605 563
2076 564
1996 565
726 566
1893 567
1869 568
1748 569
1754 570
4541 571
2 572
1806 573
729 574
2755 575
2704 576
5655 577
971 578
3964 579
2000 580
1125 581
621 582
3037 583
345 584
650 585
4455 586
5399 587
200 588
206 589
2816 590
4475 591
1300 592
1172 593
4513 594
1710 595
1523 596
4626 597
2744 598
2623 599
