650 450
1425 0
2822 1
3646 2
1595 3
3239 4
4334 5
6442 6
3906 7
5316 8
2001 9
5146 10
2329 11
3211 12
3650 13
593 14
5680 15
6423 16
6148 17
64 18
5930 19
4125 20
1198 21
966 22
5187 23
396 24
5763 25
3569 26
51 27
2185 28
3510 29
6265 30
252 31
4635 32
1038 33
2602 34
2127 35
4820 36
4671 37
4768 38
4170 39
1494 40
2856 41
922 42
6004 43
852 44
1108 45
5546 46
4583 47
3126 48
4949 49
4114 50
3275 51
991 52
6343 53
1639 54
933 55
4421 56
665 57
1284 58
507 59
4689 60
5948 61
5300 62
2028 63
1727 64
1451 65
2689 66
6039 67
2484 68
819 69
2581 70
3572 71
292 72
5775 73
4307 74
3483 75
1664 76
1715 77
3530 78
2760 79
1517 80
814 81
5745 82
3613 83
729 84
6171 85
3620 86
3317 87
4195 88
4442 89
331 90
1134 91
4791 92
2677 93
167 94
2182 95
570 96
3943 97
4319 98
882 99
2407 100
2304 101
4042 102
930 103
1465 104
2296 105
5226 106
4471 107
2386 108
3625 109
1715 110
1865 111
4321 112
1974 113
3249 114
2249 115
5097 116
2445 117
3596 118
2797 119
3439 120
2384 121
1927 122
3696 123
3201 124
5278 125
5841 126
945 127
3255 128
345 129
2778 130
6048 131
4403 132
2476 133
71 134
78 135
5986 136
1018 137
2916 138
1628 139
2634 140
1427 141
3119 142
500 143
2939 144
4057 145
5566 146
710 147
5356 148
6000 149
5393 150
4654 151
3882 152
959 153
748 154
1130 155
3841 156
4373 157
2504 158
4133 159
796 160
4028 161
3670 162
3742 163
1500 164
3426 165
298 166
3623 167
3356 168
4082 169
1562 170
2051 171
1888 172
1137 173
2621 174
575 175
2820 176
6027 177
4923 178
5843 179
3592 180
1608 181
5426 182
3919 183
4535 184
571 185
4894 186
1046 187
3393 188
6111 189
4403 190
4785 191
3922 192
6148 193
1743 194
130 195
3 196
6248 197
4736 198
4722 199
4558 200
1826 201
2760 202
6137 203
1615 204
462 205
4321 206
4273 207
2497 208
802 209
3363 210
4364 211
4873 212
4571 213
184 214
473 215
4301 216
5213 217
4245 218
75 219
3182 220
6354 221
1261 222
4939 223
5337 224
5788 225
1537 226
681 227
793 228
987 229
4674 230
6402 231
1311 232
437 233
3845 234
4714 235
2480 236
1931 237
1520 238
6325 239
3777 240
5025 241
4460 242
6349 243
4102 244
6261 245
2854 246
5118 247
3174 248
3616 249
1160 250
1559 251
4695 252
1396 253
1924 254
3675 255
2666 256
6195 257
1631 258
377 259
2962 260
507 261
1290 262
5653 263
231 264
2015 265
10 266
2587 267
2728 268
2565 269
3043 270
6339 271
4416 272
4929 273
4402 274
718 275
2313 276
2102 277
1119 278
687 279
784 280
4357 281
2126 282
794 283
6479 284
3657 285
2451 286
3356 287
1676 288
4019 289
3314 290
3128 291
1684 292
2968 293
4656 294
5014 295
5926 296
2390 297
3736 298
3778 299
1512 300
6120 301
1913 302
3392 303
2667 304
957 305
5614 306
1873 307
2794 308
2992 309
2024 310
2244 311
2374 312
856 313
2225 314
17 315
1001 316
4194 317
6077 318
2710 319
4855 320
5081 321
4964 322
6364 323
439 324
1473 325
1863 326
128 327
1648 328
4458 329
5777 330
5526 331
1966 332
1101 333
1698 334
3440 335
4333 336
3531 337
4782 338
52 339
3656 340
3476 341
2108 342
5361 343
2453 344
4181 345
975 346
5470 347
1937 348
5467 349
2464 350
4021 351
1256 352
4159 353
6038 354
1402 355
4199 356
3324 357
4998 358
160 359
2764 360
823 361
4432 362
2534 363
4731 364
6489 365
1283 366
916 367
495 368
2457 369
6334 370
5196 371
674 372
2571 373
166 374
841 375
5383 376
1369 377
5619 378
1079 379
747 380
3986 381
946 382
3879 383
6374 384
308 385
20 386
5198 387
4084 388
3961 389
228 390
4178 391
4787 392
1802 393
4962 394
788 395
1960 396
2958 397
1958 398
4413 399
3782 400
1207 401
3830 402
4753 403
6174 404
2485 405
458 406
228 407
2846 408
800 409
5540 410
1820 411
4209 412
4289 413
2392 414
6405 415
5987 416
5103 417
2522 418
153 419
6385 420
4019 421
3765 422
69 423
4564 424
3704 425
2941 426
5484 427
3260 428
5877 429
6414 430
3692 431
6033 432
2821 433
5209 434
2828 435
3113 436
987 437
1752 438
5145 439
2670 440
4188 441
177 442
2487 443
371 444
4147 445
3668 446
5738 447
1502 448
5553 449
542 450
4738 451
2295 452
1960 453
3978 454
2210 455
4458 456
1091 457
76 458
4991 459
4165 460
5368 461
4936 462
3192 463
4940 464
5142 465
5702 466
1182 467
364 468
4577 469
4700 470
926 471
3718 472
2817 473
2727 474
3703 475
1464 476
3631 477
6224 478
1767 479
785 480
1458 481
1537 482
1809 483
5562 484
3033 485
5809 486
1671 487
4859 488
1721 489
3800 490
924 491
460 492
2899 493
2961 494
3080 495
6192 496
3399 497
1760 498
3843 499
1986 500
5825 501
4418 502
3909 503
5998 504
1847 505
5409 506
3461 507
1423 508
3986 509
1825 510
4363 511
2151 512
3852 513
1329 514
5701 515
5842 516
2544 517
2408 518
3412 519
230 520
4483 521
3869 522
5444 523
21 524
6411 525
2486 526
1555 527
6180 528
2812 529
802 530
297 531
4202 532
77 533
858 534
5964 535
4178 536
49 537
4303 538
415 539
374 540
369 541
2078 542
3051 543
5061 544
4722 545
857 546
4087 547
5748 548
2601 549
1075 550
1303 551
121 552
5029 553
1476 554
3395 555
5061 556
4117 557
3653 558
4066 559
6314 560
3016 561
6090 562
4521 563
3347 564
5154 565
2854 566
5987 567
4105 568
4289 569
4903 570
3666 571
1293 572
2093 573
1594 574
579 575
6370 576
4115 577
5846 578
6157 579
2395 580
1021 581
1050 582
3638 583
5498 584
1854 585
6244 586
1056 587
2841 588
5361 589
5211 590
2439 591
4331 592
2704 593
4039 594
4330 595
2278 596
1324 597
6429 598
5068 599
2820 600
3197 601
2161 602
4966 603
3891 604
5283 605
5762 606
3166 607
3918 608
610 609
2432 610
1515 611
4340 612
4934 613
1912 614
1296 615
4443 616
4466 617
5006 618
52 619
2791 620
1183 621
96 622
2769 623
5269 624
3269 625
3619 626
342 627
3653 628
2960 629
1076 630
534 631
4984 632
6487 633
5176 634
4429 635
4505 636
3069 637
5245 638
5954 639
2437 640
535 641
5181 642
6265 643
48 644
3047 645
5819 646
5320 647
6074 648
1478 649
