600 1600
1148 0
2719 1
4610 2
2713 3
1841 4
5776 5
2498 6
2607 7
2216 8
5120 9
1080 10
895 11
5499 12
4232 13
801 14
3278 15
3597 16
950 17
2889 18
4696 19
1917 20
2855 21
5737 22
939 23
5245 24
2190 25
713 26
1755 27
4904 28
3162 29
232 30
2769 31
2242 32
5004 33
5630 34
1727 35
4691 36
3073 37
5476 38
2947 39
3179 40
611 41
5886 42
803 43
5834 44
1352 45
4470 46
5354 47
2 48
2175 49
1780 50
5352 51
3481 52
3198 53
2890 54
3326 55
4184 56
5055 57
73 58
4304 59
4165 60
5683 61
5989 62
5843 63
3187 64
608 65
4690 66
5255 67
5630 68
5641 69
4577 70
1125 71
5188 72
1089 73
3522 74
2518 75
2068 76
283 77
4442 78
3417 79
4636 80
3758 81
222 82
3590 83
3402 84
1870 85
5291 86
4653 87
761 88
4878 89
44 90
3910 91
3792 92
692 93
5556 94
4849 95
4544 96
1068 97
2530 98
2703 99
1047 100
315 101
1694 102
1827 103
5295 104
4311 105
5939 106
533 107
3214 108
4241 109
2677 110
4454 111
1035 112
2087 113
2799 114
5844 115
161 116
4811 117
3396 118
4141 119
5637 120
13 121
1168 122
273 123
824 124
3136 125
2414 126
5958 127
2200 128
5842 129
5830 130
4111 131
3827 132
2001 133
3040 134
4409 135
4894 136
2731 137
3002 138
3408 139
2555 140
3299 141
518 142
3642 143
4021 144
2738 145
2037 146
3702 147
173 148
3438 149
4251 150
3360 151
1790 152
5319 153
3769 154
588 155
2165 156
1652 157
5335 158
4351 159
4265 160
406 161
886 162
5964 163
5468 164
2073 165
1671 166
2992 167
2498 168
983 169
2669 170
5484 171
5142 172
5583 173
1135 174
5598 175
5192 176
2732 177
3487 178
1474 179
5880 180
4246 181
3133 182
4725 183
5371 184
3588 185
1024 186
1051 187
1009 188
1221 189
5955 190
5171 191
116 192
1536 193
717 194
1267 195
724 196
1024 197
1534 198
2481 199
669 200
504 201
3070 202
4799 203
5385 204
2113 205
553 206
1470 207
137 208
3568 209
3259 210
1375 211
5290 212
5293 213
129 214
4591 215
2150 216
3212 217
3184 218
2654 219
5609 220
3969 221
2939 222
886 223
3405 224
5069 225
2016 226
4761 227
1685 228
2271 229
3851 230
2304 231
5125 232
4664 233
2752 234
938 235
1490 236
4888 237
4088 238
1974 239
5707 240
4640 241
754 242
2516 243
3009 244
5012 245
2129 246
4742 247
1210 248
4713 249
4934 250
2966 251
5311 252
519 253
4723 254
5365 255
5017 256
3564 257
2088 258
5174 259
5002 260
1435 261
3945 262
2042 263
1997 264
5345 265
705 266
982 267
5996 268
1019 269
1130 270
5509 271
4406 272
1082 273
5788 274
5893 275
970 276
293 277
5877 278
5743 279
1082 280
2154 281
415 282
3554 283
5584 284
2602 285
441 286
2567 287
167 288
5378 289
5807 290
207 291
3263 292
4202 293
871 294
2816 295
124 296
2376 297
845 298
2833 299
1714 300
3236 301
2227 302
1160 303
5254 304
1242 305
3077 306
4526 307
1042 308
878 309
3018 310
2957 311
370 312
1357 313
3936 314
5249 315
952 316
4281 317
2259 318
3412 319
821 320
2888 321
4006 322
5945 323
380 324
5750 325
2220 326
5179 327
5944 328
3135 329
1006 330
5815 331
4225 332
3219 333
5358 334
4864 335
3163 336
540 337
4479 338
3326 339
4731 340
3407 341
86 342
5979 343
4838 344
2116 345
3632 346
281 347
4369 348
3808 349
1424 350
5795 351
681 352
5274 353
1755 354
5421 355
3761 356
2351 357
4887 358
4932 359
1107 360
2016 361
5576 362
2700 363
199 364
5179 365
3005 366
204 367
3943 368
3116 369
5985 370
2382 371
3479 372
4231 373
2888 374
3402 375
4413 376
3908 377
4049 378
294 379
4662 380
193 381
3102 382
4957 383
525 384
3243 385
3792 386
5621 387
3409 388
4906 389
3703 390
4317 391
5087 392
3188 393
870 394
5541 395
3639 396
4382 397
1290 398
3037 399
2970 400
2257 401
2807 402
4385 403
999 404
5345 405
525 406
3612 407
176 408
131 409
67 410
3031 411
5870 412
945 413
5333 414
4893 415
5789 416
1881 417
2941 418
5458 419
3978 420
3429 421
5118 422
1228 423
3961 424
2854 425
2102 426
1915 427
2235 428
4674 429
2086 430
3906 431
3396 432
652 433
1357 434
1546 435
818 436
3042 437
2440 438
2620 439
2370 440
2617 441
5214 442
4987 443
5265 444
5207 445
357 446
5347 447
2977 448
3337 449
542 450
706 451
3855 452
727 453
2288 454
2271 455
3664 456
5391 457
4061 458
499 459
2851 460
1378 461
5090 462
2944 463
4233 464
4802 465
4798 466
3140 467
2299 468
2802 469
4416 470
5712 471
4613 472
4270 473
1549 474
4881 475
3305 476
4066 477
3540 478
3596 479
478 480
641 481
5045 482
2318 483
4508 484
1490 485
2862 486
5042 487
913 488
44 489
2150 490
3191 491
2698 492
4343 493
4926 494
2387 495
1904 496
685 497
2210 498
5573 499
2001 500
878 501
5014 502
5038 503
1415 504
933 505
4473 506
121 507
5643 508
5409 509
898 510
1683 511
2914 512
5841 513
3024 514
5524 515
4702 516
5385 517
3823 518
5623 519
5402 520
1390 521
1825 522
3548 523
2039 524
114 525
5626 526
2811 527
518 528
2033 529
3299 530
3382 531
737 532
4991 533
5202 534
4436 535
4913 536
668 537
5772 538
5264 539
708 540
1737 541
3203 542
4459 543
4261 544
3262 545
2479 546
2863 547
2178 548
3151 549
2788 550
2257 551
4874 552
620 553
806 554
1336 555
169 556
3174 557
1767 558
2615 559
132 560
3610 561
2157 562
2075 563
5237 564
601 565
2939 566
1980 567
3625 568
377 569
2183 570
1320 571
5378 572
1206 573
5493 574
3815 575
4394 576
2227 577
4579 578
4511 579
4673 580
147 581
4416 582
5858 583
5194 584
1102 585
3018 586
3058 587
3516 588
352 589
1697 590
4981 591
2648 592
2150 593
233 594
4780 595
3701 596
5057 597
3219 598
5790 599
