650 1500
1708 0
1386 1
1653 2
2028 3
3404 4
3646 5
6437 6
166 7
4989 8
4152 9
1422 10
3149 11
3583 12
1992 13
2409 14
5654 15
2649 16
2249 17
5835 18
1736 19
324 20
4766 21
235 22
691 23
2230 24
4533 25
2940 26
4326 27
6146 28
4720 29
3216 30
5326 31
1979 32
4818 33
5200 34
3936 35
2245 36
5177 37
3566 38
940 39
1969 40
2507 41
1948 42
3640 43
2306 44
5958 45
2414 46
2615 47
2900 48
1452 49
3256 50
1273 51
5987 52
4856 53
562 54
5805 55
585 56
6093 57
190 58
409 59
1173 60
4127 61
4054 62
328 63
4083 64
4545 65
2799 66
424 67
3735 68
2686 69
2384 70
3036 71
5095 72
4916 73
3799 74
453 75
3912 76
3513 77
5502 78
4882 79
6480 80
977 81
323 82
5741 83
2532 84
1842 85
239 86
1791 87
5443 88
2057 89
5594 90
3166 91
467 92
218 93
6342 94
5081 95
974 96
5014 97
519 98
4415 99
1560 100
4505 101
1571 102
5048 103
4783 104
4396 105
996 106
6458 107
2941 108
5190 109
4685 110
6168 111
2976 112
4213 113
1491 114
1572 115
1922 116
4162 117
6147 118
5738 119
5612 120
6429 121
6184 122
4858 123
2786 124
3360 125
2161 126
5933 127
2765 128
4388 129
718 130
6243 131
1770 132
4014 133
5904 134
3003 135
3618 136
437 137
3658 138
1936 139
5642 140
3202 141
6023 142
4638 143
4953 144
2789 145
99 146
5310 147
4035 148
4426 149
4364 150
4846 151
963 152
4940 153
5866 154
2173 155
3063 156
2351 157
2408 158
5594 159
5206 160
4371 161
2707 162
556 163
5022 164
5939 165
3737 166
899 167
3962 168
1476 169
4399 170
2125 171
1105 172
1413 173
3764 174
5859 175
3149 176
6377 177
3045 178
1098 179
6439 180
2657 181
5934 182
4034 183
1173 184
2151 185
4122 186
2352 187
4754 188
3135 189
3513 190
5697 191
4768 192
5142 193
3787 194
3892 195
5586 196
4484 197
2847 198
5721 199
3824 200
5528 201
1954 202
5246 203
2367 204
1278 205
5331 206
4185 207
5674 208
2725 209
3886 210
3537 211
364 212
5584 213
6451 214
123 215
6216 216
1695 217
5044 218
5220 219
5887 220
3815 221
5573 222
597 223
4899 224
2457 225
1631 226
939 227
4061 228
5750 229
1939 230
1047 231
3413 232
729 233
5578 234
5152 235
5253 236
4394 237
1694 238
326 239
5869 240
3613 241
3848 242
3021 243
4658 244
987 245
4347 246
475 247
21 248
5882 249
1470 250
2085 251
379 252
5380 253
2085 254
2145 255
2346 256
1805 257
5952 258
3543 259
2064 260
4688 261
5940 262
6391 263
952 264
1142 265
3799 266
4627 267
2456 268
4688 269
1630 270
4477 271
3125 272
627 273
4028 274
1395 275
1627 276
1359 277
3385 278
2012 279
2077 280
1944 281
2822 282
4643 283
3350 284
2727 285
4544 286
2336 287
880 288
283 289
2363 290
640 291
5190 292
5883 293
4035 294
2292 295
110 296
3655 297
3241 298
2119 299
2716 300
4189 301
2261 302
6164 303
4026 304
850 305
3508 306
4205 307
4615 308
2859 309
5469 310
4155 311
4227 312
4590 313
3441 314
5101 315
6244 316
4737 317
5438 318
5084 319
4500 320
1402 321
5414 322
3253 323
645 324
1428 325
4437 326
3429 327
5527 328
6433 329
1110 330
2704 331
2397 332
1388 333
184 334
2336 335
4117 336
815 337
3964 338
2096 339
308 340
2705 341
2732 342
5242 343
1189 344
4917 345
6301 346
2499 347
5344 348
2373 349
3748 350
2821 351
3762 352
5244 353
4295 354
3378 355
6140 356
6028 357
5620 358
4502 359
2126 360
5012 361
1534 362
4723 363
5012 364
4397 365
1384 366
1855 367
3907 368
3617 369
4524 370
3898 371
2041 372
2333 373
3378 374
4336 375
4912 376
3597 377
5379 378
3133 379
878 380
6207 381
1130 382
6015 383
2060 384
1225 385
638 386
1783 387
2173 388
4110 389
1690 390
3963 391
5035 392
5904 393
3927 394
3408 395
2682 396
2933 397
128 398
3720 399
5170 400
4264 401
1029 402
4199 403
916 404
1166 405
2733 406
2085 407
985 408
2282 409
5831 410
309 411
4392 412
886 413
5321 414
1173 415
5806 416
713 417
3022 418
6024 419
4235 420
1915 421
3244 422
2706 423
4114 424
269 425
5087 426
3996 427
1426 428
4742 429
6171 430
4638 431
2038 432
6176 433
1947 434
1783 435
2640 436
745 437
6385 438
5292 439
4040 440
3417 441
401 442
1113 443
3305 444
3562 445
3460 446
5929 447
1123 448
121 449
3313 450
1197 451
1512 452
711 453
3165 454
5039 455
1930 456
837 457
2706 458
6173 459
808 460
5836 461
3777 462
3056 463
3914 464
4271 465
1022 466
156 467
807 468
1166 469
4829 470
6236 471
4888 472
4475 473
4360 474
4142 475
2971 476
5886 477
4573 478
4457 479
4721 480
4842 481
1998 482
6122 483
5883 484
2499 485
1976 486
5624 487
4774 488
21 489
3505 490
3320 491
426 492
4115 493
1093 494
4850 495
2860 496
6025 497
1082 498
1418 499
4226 500
5515 501
3678 502
4738 503
5915 504
2394 505
198 506
5076 507
5013 508
3577 509
1530 510
3666 511
6372 512
1138 513
4196 514
5143 515
3047 516
2563 517
2092 518
3137 519
2317 520
2156 521
3291 522
2579 523
3674 524
3363 525
1621 526
1542 527
1669 528
3804 529
2985 530
6295 531
682 532
3753 533
4623 534
2760 535
4457 536
2871 537
3910 538
3588 539
3053 540
4190 541
4496 542
3993 543
1463 544
4467 545
6205 546
2365 547
2769 548
364 549
1351 550
4817 551
4985 552
5353 553
1848 554
1380 555
810 556
258 557
3484 558
5884 559
28 560
4547 561
4416 562
5308 563
952 564
6464 565
1760 566
4765 567
1777 568
339 569
628 570
1599 571
1994 572
3174 573
180 574
5329 575
539 576
361 577
2096 578
3696 579
4029 580
3710 581
6266 582
158 583
2146 584
4259 585
5054 586
2803 587
4315 588
154 589
5396 590
4267 591
750 592
5048 593
3815 594
6443 595
3973 596
3570 597
6205 598
3240 599
1213 600
6152 601
2632 602
1083 603
2561 604
4783 605
4039 606
3363 607
2280 608
1364 609
4987 610
5183 611
5638 612
1631 613
5818 614
1814 615
2724 616
3524 617
5372 618
721 619
1813 620
4363 621
2987 622
4321 623
4169 624
5647 625
2676 626
4287 627
1271 628
3607 629
284 630
75 631
5650 632
3383 633
5658 634
2150 635
5628 636
5627 637
3003 638
5419 639
5727 640
3299 641
1250 642
2022 643
4181 644
5970 645
855 646
50 647
3558 648
3112 649
