600 900
1044 0
3356 1
1172 2
3327 3
2654 4
2807 5
2708 6
2439 7
765 8
3013 9
2002 10
980 11
4828 12
1576 13
3330 14
5292 15
2976 16
3950 17
5168 18
2567 19
4948 20
5309 21
2087 22
2684 23
3979 24
4545 25
1056 26
4541 27
4010 28
2288 29
224 30
2927 31
1927 32
1657 33
2719 34
2454 35
1321 36
5890 37
3668 38
2075 39
3029 40
3983 41
2152 42
633 43
782 44
1078 45
4898 46
4426 47
4629 48
5456 49
1357 50
3859 51
133 52
579 53
4593 54
5116 55
1248 56
5750 57
943 58
981 59
3536 60
5099 61
4700 62
4581 63
156 64
5375 65
5498 66
304 67
2945 68
121 69
5129 70
5165 71
3761 72
3048 73
3067 74
655 75
1857 76
5748 77
1504 78
418 79
4272 80
1811 81
3392 82
2414 83
113 84
283 85
187 86
1111 87
3831 88
1797 89
4376 90
4085 91
5942 92
183 93
5876 94
5651 95
244 96
5944 97
2705 98
5474 99
5993 100
887 101
5682 102
2705 103
171 104
2914 105
1369 106
4950 107
2067 108
2850 109
5476 110
5553 111
776 112
1432 113
4221 114
5233 115
194 116
4103 117
4870 118
4777 119
2663 120
5554 121
416 122
4652 123
3574 124
4046 125
4140 126
1064 127
4125 128
946 129
5773 130
2927 131
1749 132
4559 133
5102 134
4384 135
491 136
5550 137
4653 138
2679 139
3200 140
1409 141
1172 142
2644 143
774 144
2587 145
5716 146
3727 147
3933 148
2824 149
2826 150
3352 151
4018 152
4801 153
4226 154
5010 155
3946 156
5334 157
5870 158
1323 159
1040 160
3601 161
4125 162
5890 163
3540 164
4065 165
3302 166
2434 167
2988 168
5386 169
3861 170
2753 171
4830 172
1313 173
4397 174
2210 175
3214 176
2679 177
5619 178
4212 179
5487 180
5020 181
4921 182
5511 183
3756 184
1782 185
2869 186
2072 187
700 188
66 189
582 190
4490 191
3548 192
3609 193
2749 194
1578 195
5075 196
2541 197
1071 198
535 199
1001 200
1261 201
2387 202
3759 203
5436 204
5779 205
1728 206
5798 207
5495 208
3398 209
5233 210
4284 211
5677 212
2755 213
3319 214
818 215
4202 216
1107 217
1854 218
3171 219
5070 220
2447 221
1542 222
2373 223
1379 224
2978 225
4854 226
553 227
3357 228
2134 229
4426 230
3653 231
1620 232
5061 233
723 234
3466 235
3824 236
3056 237
2844 238
2705 239
1445 240
459 241
4059 242
5939 243
708 244
2176 245
2271 246
5485 247
2781 248
1856 249
1789 250
1861 251
677 252
5664 253
5198 254
5768 255
2247 256
4202 257
2466 258
3971 259
2038 260
4737 261
2301 262
3113 263
5785 264
2223 265
2710 266
525 267
4087 268
5475 269
4387 270
4016 271
1615 272
3086 273
1674 274
890 275
2229 276
3431 277
1058 278
2295 279
1948 280
618 281
971 282
4224 283
4001 284
2796 285
4063 286
2796 287
5523 288
4319 289
175 290
12 291
5104 292
4642 293
3367 294
360 295
3631 296
1412 297
2561 298
4551 299
5872 300
1214 301
2903 302
2576 303
4954 304
4603 305
2018 306
3296 307
4223 308
1289 309
2206 310
4628 311
759 312
1036 313
4966 314
3574 315
2054 316
3845 317
4394 318
5022 319
4083 320
775 321
3033 322
285 323
2051 324
1877 325
5086 326
4691 327
3978 328
4884 329
4305 330
3413 331
2509 332
5033 333
4539 334
2755 335
1315 336
1434 337
5904 338
1249 339
2127 340
842 341
3932 342
3319 343
1022 344
4396 345
5721 346
57 347
5521 348
1866 349
2820 350
3977 351
5710 352
4790 353
2305 354
5373 355
2157 356
1799 357
5699 358
4646 359
3844 360
5023 361
4913 362
3032 363
5104 364
3222 365
4012 366
3420 367
3084 368
960 369
1968 370
1027 371
5869 372
4498 373
319 374
5727 375
3278 376
4680 377
5491 378
2247 379
2060 380
1776 381
3884 382
3519 383
5645 384
5357 385
3933 386
2499 387
3244 388
1369 389
4900 390
269 391
1234 392
5136 393
3467 394
1247 395
2487 396
5126 397
4862 398
69 399
2035 400
1278 401
4576 402
851 403
5350 404
4729 405
5122 406
2146 407
442 408
3851 409
4924 410
134 411
2454 412
693 413
4034 414
5203 415
5374 416
1886 417
2945 418
5495 419
2438 420
1082 421
4222 422
4062 423
4689 424
4901 425
1309 426
1997 427
2288 428
5040 429
4682 430
5807 431
5545 432
2918 433
1620 434
184 435
5747 436
3233 437
3158 438
2924 439
3451 440
5415 441
1265 442
724 443
2435 444
2754 445
2491 446
5191 447
3410 448
2768 449
5770 450
3913 451
4349 452
1967 453
4199 454
5610 455
3133 456
5423 457
2511 458
4263 459
1006 460
2761 461
2209 462
4111 463
1519 464
1136 465
2108 466
2172 467
3618 468
4376 469
1164 470
4686 471
199 472
5588 473
5882 474
280 475
1424 476
1634 477
308 478
2945 479
3458 480
1289 481
2869 482
919 483
1916 484
1967 485
3537 486
1741 487
1207 488
5278 489
1153 490
683 491
2857 492
2220 493
46 494
4086 495
2236 496
5526 497
1227 498
1405 499
4080 500
3743 501
4973 502
5369 503
5752 504
2362 505
750 506
1907 507
4230 508
4409 509
3272 510
5251 511
3835 512
767 513
4341 514
4317 515
2830 516
1291 517
3324 518
2630 519
2919 520
5657 521
1153 522
4211 523
1188 524
5909 525
1583 526
3688 527
2961 528
4596 529
2599 530
2784 531
5966 532
1959 533
2176 534
1771 535
5079 536
5149 537
5854 538
5953 539
2947 540
2798 541
4539 542
1217 543
5142 544
5617 545
1099 546
480 547
1157 548
4550 549
2249 550
4634 551
2933 552
355 553
5742 554
591 555
3358 556
4135 557
3483 558
651 559
3896 560
3750 561
4386 562
5794 563
4117 564
834 565
3147 566
696 567
4581 568
4317 569
5875 570
576 571
1756 572
2439 573
3048 574
5511 575
5507 576
4890 577
2164 578
5490 579
1259 580
1311 581
4197 582
4164 583
3032 584
4899 585
3615 586
3187 587
4131 588
392 589
5074 590
5694 591
5244 592
5411 593
5781 594
2058 595
4710 596
2350 597
1351 598
4658 599
