600 1200
3100 0
4149 1
3030 2
3463 3
4107 4
2196 5
2171 6
2462 7
1138 8
5034 9
4132 10
5569 11
45 12
3496 13
113 14
1829 15
2885 16
2891 17
2448 18
3720 19
4100 20
4698 21
1947 22
2953 23
5657 24
3205 25
4683 26
2904 27
3605 28
5415 29
4365 30
3493 31
5363 32
5501 33
3343 34
1565 35
1529 36
814 37
4574 38
548 39
4953 40
3779 41
4609 42
1219 43
2549 44
4203 45
5692 46
573 47
2966 48
3407 49
4362 50
1735 51
5939 52
148 53
2872 54
2824 55
5078 56
3937 57
3182 58
1108 59
4451 60
4086 61
5975 62
1160 63
5327 64
572 65
2437 66
3494 67
3005 68
4214 69
1477 70
1569 71
2286 72
5120 73
3894 74
2213 75
137 76
5364 77
3313 78
3025 79
5634 80
2883 81
2531 82
5171 83
1328 84
1830 85
4394 86
3219 87
1463 88
1387 89
3861 90
4165 91
3199 92
1471 93
2708 94
3895 95
4513 96
5281 97
4051 98
1010 99
577 100
3842 101
4714 102
5921 103
1598 104
1150 105
1652 106
2984 107
1621 108
422 109
206 110
4001 111
5745 112
5384 113
4765 114
2004 115
4741 116
5840 117
4627 118
2314 119
2739 120
158 121
227 122
604 123
5620 124
2428 125
4335 126
4415 127
3079 128
2136 129
5277 130
177 131
1427 132
559 133
3660 134
4992 135
3140 136
3800 137
5240 138
2302 139
2729 140
5385 141
4392 142
3266 143
1438 144
1399 145
5876 146
1041 147
5676 148
2793 149
1573 150
653 151
157 152
1009 153
1588 154
4515 155
5523 156
2666 157
5936 158
5337 159
3847 160
1393 161
4062 162
2815 163
3822 164
3257 165
3170 166
659 167
5932 168
1463 169
315 170
2133 171
4590 172
5201 173
1178 174
986 175
491 176
3911 177
1193 178
1568 179
2787 180
2337 181
568 182
5838 183
5047 184
5669 185
3040 186
3842 187
2595 188
3140 189
5960 190
2906 191
1650 192
1256 193
5916 194
4694 195
2798 196
2552 197
910 198
2627 199
4 200
2243 201
3609 202
3771 203
1114 204
4543 205
16 206
3248 207
3892 208
1968 209
5251 210
5041 211
5114 212
4656 213
1149 214
3491 215
117 216
3828 217
2812 218
5303 219
3095 220
2103 221
445 222
1370 223
416 224
5193 225
1744 226
3510 227
2512 228
5249 229
2731 230
1634 231
3589 232
5210 233
700 234
1958 235
4781 236
2560 237
824 238
575 239
5648 240
5184 241
706 242
2244 243
4219 244
1004 245
2059 246
3221 247
2184 248
3080 249
3879 250
2503 251
5955 252
477 253
5602 254
2042 255
4512 256
2943 257
860 258
5407 259
1979 260
2891 261
1586 262
531 263
898 264
940 265
957 266
4435 267
3540 268
3284 269
5622 270
4223 271
3485 272
2477 273
829 274
3856 275
2487 276
4270 277
3797 278
4015 279
3184 280
3726 281
4767 282
418 283
736 284
1405 285
5970 286
4137 287
4309 288
1315 289
1718 290
4835 291
996 292
4297 293
5788 294
3845 295
636 296
475 297
878 298
5822 299
3133 300
2539 301
1300 302
5431 303
4712 304
5290 305
4843 306
4036 307
4396 308
514 309
3877 310
2185 311
3383 312
5421 313
3484 314
1644 315
897 316
4615 317
640 318
3582 319
5523 320
2555 321
797 322
348 323
907 324
225 325
4419 326
590 327
408 328
3612 329
2884 330
3243 331
1147 332
5565 333
3928 334
4627 335
5561 336
2034 337
4025 338
1049 339
929 340
1307 341
4378 342
5773 343
4548 344
4511 345
3589 346
3262 347
5026 348
22 349
5942 350
824 351
5764 352
3294 353
2837 354
5511 355
2660 356
1546 357
872 358
158 359
2455 360
2431 361
4485 362
2914 363
2171 364
3583 365
1538 366
5246 367
803 368
2178 369
2601 370
5482 371
1834 372
4444 373
1678 374
5024 375
674 376
898 377
899 378
1299 379
3448 380
2580 381
3391 382
819 383
3477 384
630 385
2078 386
1718 387
192 388
1173 389
3143 390
481 391
4911 392
5050 393
3753 394
3807 395
322 396
527 397
4920 398
2161 399
4877 400
1020 401
3460 402
3917 403
1426 404
843 405
5127 406
2240 407
4077 408
4806 409
269 410
1695 411
99 412
495 413
2044 414
5880 415
3530 416
266 417
4293 418
3654 419
5254 420
254 421
5956 422
3168 423
2146 424
3730 425
4031 426
682 427
346 428
1486 429
540 430
4411 431
5446 432
4173 433
718 434
3292 435
656 436
5831 437
4436 438
225 439
5176 440
283 441
4339 442
2130 443
5934 444
2971 445
2152 446
1115 447
5034 448
3360 449
3881 450
3566 451
2148 452
940 453
4372 454
1769 455
2082 456
1751 457
2274 458
249 459
504 460
670 461
5930 462
5792 463
150 464
3177 465
772 466
1311 467
4169 468
2019 469
4181 470
3223 471
696 472
3824 473
778 474
3878 475
2844 476
4562 477
2137 478
4446 479
3156 480
3703 481
3060 482
5324 483
5638 484
1262 485
4212 486
5272 487
3514 488
2860 489
1647 490
588 491
3010 492
4713 493
4762 494
456 495
3417 496
1485 497
5906 498
5930 499
1063 500
3639 501
4258 502
1817 503
5440 504
3353 505
4315 506
1183 507
2057 508
1176 509
1763 510
5638 511
2531 512
2117 513
3563 514
953 515
4328 516
3362 517
4391 518
3453 519
2448 520
2596 521
444 522
2395 523
2946 524
988 525
3574 526
5244 527
3134 528
3520 529
3018 530
5527 531
5555 532
5473 533
3524 534
2824 535
5717 536
2004 537
5949 538
2635 539
2755 540
3970 541
1577 542
2798 543
4632 544
684 545
689 546
527 547
4658 548
5496 549
4756 550
2496 551
42 552
1941 553
1153 554
3350 555
3442 556
3949 557
4231 558
1556 559
3270 560
3997 561
3709 562
5513 563
4060 564
3237 565
3966 566
2322 567
479 568
5154 569
1628 570
2637 571
799 572
3700 573
3722 574
522 575
4870 576
4975 577
3098 578
1775 579
5135 580
2772 581
2475 582
2356 583
5867 584
4073 585
747 586
3011 587
1007 588
865 589
1824 590
3607 591
524 592
5072 593
5365 594
4674 595
4561 596
4788 597
4844 598
4148 599
