600 950
5979 0
4834 1
3510 2
4629 3
5535 4
1978 5
1481 6
5290 7
269 8
1326 9
4114 10
763 11
3740 12
1019 13
5195 14
1331 15
372 16
1250 17
2728 18
4943 19
3254 20
3012 21
3066 22
3988 23
284 24
1037 25
4855 26
1531 27
3813 28
3790 29
1849 30
581 31
5887 32
2536 33
248 34
492 35
2730 36
5111 37
448 38
4918 39
4935 40
3821 41
3588 42
1408 43
1726 44
2086 45
2168 46
3706 47
5532 48
851 49
827 50
2339 51
1299 52
4711 53
702 54
3776 55
5877 56
577 57
2821 58
3231 59
1976 60
1068 61
4400 62
641 63
154 64
2833 65
2973 66
365 67
5695 68
2844 69
3925 70
684 71
4201 72
1610 73
4119 74
462 75
4873 76
3390 77
1594 78
2150 79
1937 80
3564 81
5014 82
2036 83
392 84
5908 85
5057 86
3496 87
1913 88
1604 89
74 90
4539 91
5808 92
5119 93
3698 94
469 95
1750 96
5034 97
5636 98
3008 99
926 100
1598 101
555 102
2051 103
3174 104
181 105
2220 106
4222 107
4306 108
101 109
612 110
4630 111
4851 112
1409 113
5576 114
5814 115
5289 116
5969 117
5304 118
3847 119
5746 120
2051 121
5539 122
2694 123
3281 124
452 125
2770 126
5349 127
4345 128
190 129
2084 130
70 131
5581 132
2511 133
1776 134
3410 135
5625 136
5555 137
3238 138
5320 139
3035 140
4477 141
1719 142
3113 143
900 144
770 145
5541 146
2183 147
4467 148
3020 149
3100 150
5428 151
3409 152
3987 153
1206 154
5925 155
5655 156
1055 157
1350 158
1629 159
4093 160
3481 161
862 162
362 163
1573 164
2864 165
5569 166
4605 167
4831 168
3191 169
5645 170
4964 171
4428 172
4971 173
4200 174
2057 175
1360 176
4849 177
5166 178
4079 179
4048 180
4263 181
1235 182
4533 183
73 184
5934 185
13 186
987 187
3599 188
5510 189
2253 190
5539 191
444 192
2344 193
1692 194
3778 195
739 196
4864 197
1442 198
23 199
4623 200
2891 201
4613 202
4206 203
3788 204
3022 205
4071 206
501 207
320 208
1949 209
1822 210
2194 211
4096 212
3320 213
4696 214
2987 215
2995 216
5264 217
4759 218
5341 219
187 220
2552 221
3063 222
1790 223
3443 224
1944 225
5828 226
5954 227
956 228
5930 229
5886 230
4358 231
2233 232
4758 233
2553 234
1639 235
5372 236
3095 237
767 238
2973 239
2232 240
5223 241
1139 242
2668 243
1053 244
563 245
840 246
1881 247
1078 248
1294 249
5281 250
5838 251
3056 252
3757 253
4285 254
5659 255
719 256
2021 257
3831 258
1652 259
4798 260
3094 261
5356 262
5590 263
2109 264
1393 265
543 266
5759 267
2357 268
1999 269
1836 270
297 271
4493 272
5929 273
5844 274
5134 275
1055 276
636 277
3118 278
1637 279
5119 280
4487 281
2354 282
3440 283
3532 284
4961 285
5932 286
2455 287
4383 288
1095 289
3928 290
3815 291
359 292
4156 293
5204 294
4454 295
4739 296
2395 297
4121 298
3728 299
1677 300
4953 301
4989 302
4319 303
4726 304
690 305
5721 306
4260 307
2944 308
5587 309
1218 310
5090 311
2501 312
2632 313
151 314
4158 315
1026 316
4125 317
2161 318
4081 319
5609 320
146 321
3498 322
2190 323
5851 324
3721 325
334 326
2822 327
2662 328
3138 329
524 330
3298 331
3646 332
4768 333
1752 334
3774 335
2606 336
2176 337
5601 338
2636 339
910 340
948 341
540 342
5098 343
4389 344
148 345
474 346
5007 347
67 348
1259 349
1666 350
790 351
1676 352
780 353
3964 354
897 355
463 356
2053 357
1437 358
1205 359
260 360
4484 361
4089 362
1762 363
5506 364
278 365
3828 366
4678 367
1035 368
1661 369
830 370
4209 371
3673 372
3687 373
5227 374
4725 375
3029 376
5276 377
4983 378
5238 379
1518 380
5808 381
3957 382
5917 383
830 384
2029 385
5717 386
3156 387
2140 388
5489 389
4814 390
1180 391
5404 392
180 393
5424 394
2253 395
4040 396
3852 397
278 398
1276 399
2835 400
5171 401
1453 402
2323 403
4874 404
3470 405
5230 406
3360 407
1624 408
1799 409
3987 410
2815 411
5794 412
5415 413
2968 414
1527 415
4847 416
1180 417
2684 418
3458 419
3107 420
632 421
1759 422
5977 423
1474 424
3947 425
4890 426
1553 427
3233 428
5132 429
5692 430
1749 431
3791 432
3148 433
1813 434
1630 435
3116 436
2009 437
5399 438
5947 439
806 440
1094 441
4363 442
709 443
527 444
758 445
3513 446
5751 447
172 448
5281 449
2233 450
4853 451
1821 452
2339 453
1562 454
5011 455
4004 456
2354 457
2930 458
4488 459
4412 460
4965 461
1464 462
5049 463
2009 464
4606 465
965 466
2395 467
4909 468
5601 469
2567 470
5092 471
3854 472
74 473
4441 474
5973 475
2908 476
5840 477
5611 478
1584 479
3356 480
2495 481
4051 482
5332 483
5438 484
78 485
3729 486
3789 487
442 488
907 489
2725 490
4471 491
1956 492
5984 493
1025 494
1536 495
2732 496
3525 497
5585 498
2235 499
3149 500
4395 501
172 502
3517 503
181 504
3319 505
4548 506
2235 507
5879 508
2041 509
4098 510
2235 511
551 512
1738 513
2261 514
3244 515
122 516
2017 517
2666 518
2146 519
1996 520
4969 521
3579 522
1653 523
4958 524
2302 525
42 526
3397 527
4151 528
101 529
5861 530
3864 531
5479 532
2598 533
4398 534
4842 535
2821 536
442 537
2997 538
5620 539
5089 540
3572 541
5698 542
5517 543
2925 544
4129 545
5224 546
3190 547
1425 548
2600 549
4285 550
3632 551
637 552
2145 553
595 554
3354 555
6000 556
4882 557
2724 558
4629 559
3613 560
2161 561
5968 562
5792 563
3551 564
4823 565
1474 566
1129 567
3486 568
1227 569
1456 570
3501 571
295 572
3602 573
1091 574
2097 575
3262 576
252 577
5191 578
3669 579
3900 580
3173 581
919 582
1824 583
260 584
3330 585
3020 586
1079 587
890 588
762 589
1656 590
5534 591
2721 592
3710 593
3732 594
1263 595
5434 596
86 597
3427 598
3776 599
