650 300
696 0
3349 1
6332 2
3628 3
286 4
742 5
4781 6
2938 7
2385 8
1987 9
3136 10
2643 11
4367 12
4138 13
813 14
1947 15
4274 16
4176 17
1517 18
109 19
2503 20
5885 21
2785 22
30 23
3960 24
5721 25
4394 26
4488 27
6473 28
4698 29
5331 30
1965 31
5269 32
6371 33
5071 34
3493 35
1738 36
3371 37
3027 38
654 39
4813 40
2408 41
4231 42
349 43
3039 44
6087 45
1152 46
1480 47
3492 48
6033 49
2968 50
2379 51
1720 52
280 53
1327 54
4176 55
4927 56
746 57
907 58
732 59
2912 60
591 61
2713 62
2098 63
4231 64
2056 65
1440 66
5663 67
947 68
3530 69
1207 70
1640 71
5566 72
2407 73
4379 74
746 75
2004 76
3554 77
2537 78
2756 79
5000 80
5117 81
4271 82
1400 83
6214 84
210 85
281 86
894 87
4799 88
3321 89
250 90
6033 91
2383 92
5157 93
2004 94
2699 95
5092 96
6355 97
5576 98
1484 99
5879 100
5788 101
2044 102
3579 103
5983 104
5131 105
3967 106
4711 107
5837 108
2936 109
4755 110
2910 111
6417 112
5373 113
3395 114
4418 115
1858 116
3688 117
1175 118
3397 119
6033 120
860 121
5340 122
2257 123
98 124
3825 125
3381 126
5705 127
4027 128
1765 129
4904 130
2844 131
1023 132
2842 133
5752 134
3555 135
651 136
6040 137
5380 138
2145 139
5238 140
163 141
438 142
1079 143
339 144
2576 145
131 146
3593 147
3389 148
3918 149
4632 150
3169 151
3002 152
2968 153
5513 154
1628 155
2837 156
3937 157
5740 158
5646 159
1385 160
1703 161
5557 162
2059 163
4601 164
3719 165
833 166
959 167
5125 168
1199 169
4202 170
5894 171
4513 172
2682 173
4778 174
2994 175
2019 176
5166 177
5726 178
2370 179
5504 180
2377 181
317 182
2566 183
2012 184
1318 185
5213 186
2371 187
5622 188
4337 189
2996 190
3909 191
4887 192
1922 193
2974 194
925 195
3050 196
3436 197
6170 198
1386 199
5016 200
1948 201
6225 202
1595 203
1483 204
1492 205
287 206
2487 207
2824 208
4057 209
4450 210
3705 211
2257 212
3565 213
5189 214
1757 215
3679 216
277 217
998 218
5896 219
3273 220
6249 221
2408 222
4270 223
1580 224
46 225
3730 226
1873 227
1135 228
2120 229
1141 230
462 231
5758 232
2234 233
6297 234
1500 235
1479 236
4568 237
3496 238
5404 239
2615 240
1327 241
4347 242
6264 243
1723 244
760 245
4938 246
4248 247
3723 248
4807 249
5680 250
3957 251
2200 252
3078 253
3045 254
3720 255
1649 256
1797 257
3339 258
1552 259
3219 260
2780 261
2819 262
6337 263
5510 264
778 265
6195 266
5124 267
457 268
2434 269
1002 270
4451 271
1803 272
1806 273
5535 274
5869 275
810 276
919 277
873 278
395 279
6442 280
3629 281
1618 282
940 283
2166 284
5807 285
5793 286
2602 287
499 288
3990 289
546 290
2651 291
4514 292
1886 293
6410 294
5018 295
5090 296
5296 297
4786 298
6175 299
1573 300
3981 301
3559 302
176 303
424 304
5167 305
182 306
1350 307
1131 308
5174 309
2957 310
4592 311
2105 312
5055 313
6059 314
128 315
4151 316
3782 317
271 318
1749 319
5985 320
1528 321
1447 322
846 323
2268 324
3017 325
3033 326
2967 327
4548 328
4865 329
1269 330
2141 331
2323 332
4087 333
4089 334
1030 335
6250 336
2516 337
2818 338
1363 339
1187 340
1669 341
4406 342
2691 343
1145 344
3923 345
3582 346
1782 347
606 348
1399 349
5961 350
4364 351
5859 352
2634 353
5607 354
2095 355
2586 356
2752 357
1518 358
451 359
6448 360
1976 361
470 362
4780 363
1362 364
317 365
2639 366
3692 367
885 368
2994 369
5838 370
760 371
4629 372
1362 373
1501 374
5061 375
954 376
5113 377
3287 378
4211 379
4518 380
1605 381
5835 382
1084 383
4056 384
4574 385
1831 386
3137 387
2366 388
4054 389
4501 390
5029 391
668 392
4133 393
1718 394
4671 395
1289 396
5668 397
821 398
3294 399
45 400
5286 401
5075 402
1606 403
4763 404
4579 405
1025 406
1276 407
5136 408
2234 409
1340 410
2789 411
143 412
5158 413
3416 414
1730 415
2404 416
1916 417
3770 418
2942 419
818 420
2486 421
5746 422
713 423
4808 424
4652 425
5754 426
3571 427
4969 428
2471 429
1598 430
5638 431
235 432
3395 433
1420 434
1911 435
2301 436
2782 437
2490 438
104 439
3147 440
3176 441
3480 442
3488 443
2031 444
2597 445
711 446
3678 447
271 448
1697 449
411 450
729 451
5066 452
5314 453
4552 454
4662 455
2192 456
2975 457
5474 458
3206 459
1622 460
4657 461
4320 462
5634 463
5387 464
3687 465
6329 466
819 467
2851 468
2449 469
6186 470
509 471
5573 472
721 473
1798 474
2615 475
5659 476
888 477
2499 478
3459 479
2617 480
4253 481
3639 482
1222 483
1832 484
4098 485
5169 486
379 487
872 488
215 489
1602 490
4202 491
349 492
2592 493
5380 494
647 495
1712 496
944 497
6262 498
561 499
584 500
1918 501
1596 502
5632 503
377 504
4587 505
3574 506
2148 507
3435 508
2307 509
4870 510
1515 511
3365 512
3845 513
2157 514
5346 515
5168 516
2654 517
2443 518
6104 519
407 520
3248 521
5140 522
4538 523
2666 524
3875 525
6354 526
481 527
1406 528
3270 529
5730 530
4969 531
427 532
2285 533
536 534
2437 535
3553 536
70 537
2284 538
4174 539
965 540
3733 541
1926 542
613 543
5290 544
2581 545
1171 546
288 547
5092 548
199 549
3656 550
4422 551
2197 552
3056 553
3609 554
130 555
3745 556
6421 557
2794 558
2147 559
1045 560
3444 561
1714 562
5213 563
3020 564
5705 565
361 566
1645 567
4214 568
859 569
167 570
5582 571
2198 572
2998 573
1856 574
2229 575
4938 576
6485 577
5828 578
402 579
4260 580
5728 581
6150 582
359 583
2930 584
839 585
2341 586
3461 587
5966 588
6279 589
4618 590
3558 591
4024 592
4894 593
50 594
647 595
1554 596
2566 597
5642 598
3260 599
3043 600
6198 601
4086 602
6449 603
1445 604
6202 605
4845 606
3321 607
4813 608
5350 609
1087 610
2379 611
2048 612
233 613
4644 614
471 615
4250 616
36 617
6019 618
3754 619
2458 620
540 621
2082 622
664 623
1511 624
5764 625
1986 626
3147 627
4879 628
5006 629
1564 630
3337 631
4826 632
3931 633
1007 634
1131 635
3331 636
6052 637
2071 638
1756 639
5124 640
1401 641
55 642
6385 643
751 644
1454 645
3284 646
4662 647
485 648
1881 649
