650 950
2721 0
2831 1
1797 2
2449 3
1908 4
5931 5
3508 6
2978 7
1373 8
4681 9
1496 10
5007 11
3595 12
5486 13
2841 14
5 15
1136 16
925 17
444 18
2719 19
4817 20
5436 21
3611 22
5721 23
2916 24
5603 25
1617 26
850 27
244 28
3754 29
1568 30
3203 31
3109 32
1419 33
6044 34
5096 35
5033 36
1305 37
2961 38
3717 39
332 40
6147 41
3683 42
2486 43
4602 44
15 45
5889 46
5028 47
3463 48
5805 49
3644 50
4518 51
3373 52
2748 53
45 54
3371 55
4807 56
1277 57
5385 58
4514 59
4987 60
3025 61
5325 62
839 63
3763 64
2828 65
507 66
4267 67
5314 68
149 69
605 70
3321 71
1004 72
5529 73
1026 74
1938 75
715 76
1099 77
5718 78
5613 79
3655 80
2498 81
2797 82
4765 83
6433 84
1769 85
3422 86
5628 87
6397 88
3620 89
3232 90
5311 91
5457 92
2925 93
1708 94
2237 95
1340 96
4695 97
258 98
323 99
3611 100
1134 101
5831 102
5237 103
4882 104
6071 105
5910 106
914 107
3330 108
5261 109
2079 110
4533 111
403 112
3111 113
2050 114
3780 115
953 116
459 117
3747 118
5148 119
4296 120
6422 121
5186 122
5846 123
1082 124
4006 125
4968 126
3290 127
2094 128
100 129
3898 130
2156 131
4126 132
214 133
4082 134
2067 135
5146 136
2324 137
933 138
3417 139
593 140
941 141
5746 142
5315 143
5421 144
2755 145
3913 146
2283 147
5175 148
319 149
4238 150
1631 151
2655 152
3976 153
1942 154
4771 155
125 156
2513 157
6088 158
48 159
4208 160
2159 161
761 162
6395 163
785 164
4230 165
2249 166
5834 167
2976 168
5504 169
6258 170
1492 171
5995 172
777 173
2323 174
3917 175
5460 176
582 177
1926 178
1695 179
4003 180
195 181
495 182
4254 183
4704 184
2994 185
3870 186
3539 187
377 188
728 189
1880 190
1605 191
4318 192
1670 193
1669 194
4757 195
1593 196
3400 197
677 198
1006 199
2286 200
4826 201
6198 202
5921 203
3341 204
2099 205
2985 206
540 207
161 208
2360 209
1515 210
2765 211
4727 212
4391 213
5858 214
6489 215
4410 216
5734 217
1245 218
5490 219
4298 220
5910 221
1000 222
1684 223
4032 224
3665 225
3297 226
2751 227
1333 228
2452 229
2051 230
2331 231
3019 232
3483 233
3658 234
3720 235
4772 236
5886 237
4793 238
2024 239
2808 240
237 241
323 242
2722 243
4102 244
2170 245
467 246
5093 247
488 248
682 249
1467 250
4359 251
4064 252
4213 253
1497 254
1640 255
1326 256
1489 257
3017 258
6078 259
2733 260
55 261
5764 262
6185 263
4968 264
1044 265
2976 266
1646 267
126 268
5013 269
562 270
484 271
821 272
1249 273
2734 274
5559 275
5050 276
4275 277
1432 278
3597 279
2592 280
961 281
397 282
5373 283
4466 284
2202 285
949 286
4377 287
1385 288
4219 289
644 290
4126 291
487 292
2349 293
5730 294
6349 295
4912 296
1337 297
1515 298
522 299
1185 300
3049 301
5552 302
671 303
2067 304
3576 305
1761 306
4066 307
5516 308
5380 309
1221 310
6087 311
1505 312
3954 313
87 314
1270 315
5192 316
5323 317
3915 318
5066 319
4323 320
3594 321
3643 322
5283 323
2299 324
5376 325
2232 326
4684 327
6321 328
5669 329
1467 330
5737 331
5860 332
111 333
5845 334
5701 335
6289 336
4671 337
1129 338
5720 339
4454 340
5177 341
1664 342
2626 343
5053 344
4835 345
5475 346
2189 347
248 348
2713 349
5093 350
1859 351
4302 352
4977 353
6454 354
1560 355
5251 356
5644 357
3159 358
546 359
4472 360
498 361
2791 362
2113 363
971 364
4034 365
4815 366
222 367
2452 368
2079 369
136 370
6035 371
5517 372
1941 373
5904 374
1812 375
1493 376
1795 377
4896 378
153 379
5033 380
5989 381
986 382
3289 383
4096 384
3653 385
766 386
2990 387
1205 388
5987 389
706 390
6182 391
5894 392
5489 393
1399 394
84 395
6442 396
2707 397
4397 398
5060 399
5123 400
5840 401
3016 402
3564 403
6113 404
983 405
4728 406
5673 407
2379 408
2302 409
3295 410
6138 411
605 412
1888 413
3856 414
2012 415
4886 416
3903 417
6451 418
1118 419
3459 420
21 421
5569 422
3715 423
3790 424
2174 425
6453 426
1615 427
1400 428
5121 429
2915 430
652 431
4155 432
2505 433
5032 434
2449 435
3000 436
2066 437
3368 438
5738 439
5522 440
1188 441
366 442
2390 443
4820 444
2223 445
3396 446
5053 447
1796 448
2417 449
806 450
5195 451
1524 452
6157 453
4277 454
699 455
3000 456
4124 457
4362 458
313 459
4976 460
3589 461
468 462
4152 463
1294 464
4434 465
4473 466
1532 467
6043 468
2404 469
3449 470
4396 471
2868 472
6425 473
1500 474
5174 475
1011 476
5825 477
2175 478
2738 479
4150 480
1054 481
2772 482
1151 483
6316 484
5447 485
4867 486
3881 487
193 488
4839 489
2765 490
360 491
660 492
1892 493
2654 494
2319 495
2468 496
1966 497
6485 498
2120 499
1298 500
1365 501
1416 502
3070 503
665 504
4222 505
2745 506
179 507
979 508
976 509
844 510
6172 511
2913 512
5990 513
6100 514
510 515
6385 516
1087 517
6343 518
1966 519
2231 520
1616 521
2371 522
2940 523
1574 524
3079 525
3710 526
3785 527
3373 528
2550 529
3120 530
1506 531
2663 532
5457 533
5321 534
988 535
189 536
2735 537
3149 538
1341 539
2849 540
2018 541
2830 542
4041 543
1033 544
3343 545
6194 546
667 547
2981 548
5488 549
4021 550
5877 551
1375 552
5611 553
4035 554
3447 555
113 556
5379 557
4890 558
843 559
6175 560
2862 561
322 562
6065 563
1183 564
1051 565
4517 566
3943 567
5510 568
510 569
3239 570
1670 571
1490 572
5437 573
5062 574
87 575
1283 576
3311 577
1399 578
450 579
3085 580
4052 581
5293 582
1587 583
2469 584
2934 585
5918 586
4422 587
2325 588
2954 589
1786 590
3192 591
443 592
2471 593
5754 594
1127 595
4689 596
701 597
2042 598
1868 599
198 600
1179 601
6227 602
1959 603
6151 604
1653 605
966 606
2978 607
339 608
6067 609
2819 610
3596 611
4922 612
4911 613
5317 614
3662 615
3464 616
2306 617
5520 618
3480 619
903 620
755 621
4237 622
5297 623
5728 624
5280 625
5548 626
6402 627
3946 628
3774 629
1519 630
4721 631
4595 632
4863 633
2657 634
5703 635
6451 636
756 637
1746 638
5678 639
2107 640
540 641
5293 642
4318 643
4343 644
3241 645
359 646
2704 647
1654 648
676 649
