650 1650
4927 0
2251 1
2274 2
4470 3
5497 4
539 5
4108 6
6262 7
1725 8
488 9
34 10
2714 11
4853 12
3347 13
5029 14
2295 15
5839 16
4025 17
1988 18
6392 19
6490 20
1145 21
1210 22
306 23
5568 24
2845 25
2235 26
5739 27
1916 28
554 29
1693 30
4915 31
1066 32
3300 33
3040 34
5460 35
507 36
2394 37
5390 38
209 39
2119 40
5208 41
3652 42
5005 43
3318 44
4974 45
4654 46
1124 47
2206 48
3498 49
2739 50
4193 51
660 52
287 53
3504 54
6084 55
3153 56
772 57
673 58
5553 59
482 60
2769 61
324 62
2821 63
3181 64
4833 65
1429 66
3107 67
4775 68
2635 69
4428 70
1632 71
4652 72
3287 73
3906 74
3940 75
2112 76
4685 77
1622 78
3531 79
3058 80
2537 81
4209 82
237 83
286 84
5544 85
2184 86
3264 87
1286 88
2067 89
1832 90
6251 91
1401 92
98 93
475 94
1945 95
4067 96
6063 97
1362 98
5281 99
4352 100
1624 101
5095 102
4995 103
1413 104
930 105
4704 106
1404 107
4795 108
4915 109
6053 110
5404 111
2239 112
1737 113
5820 114
3598 115
1019 116
5524 117
5681 118
4539 119
5510 120
3567 121
2396 122
1554 123
5960 124
2981 125
3585 126
5451 127
2019 128
4509 129
5407 130
6387 131
1795 132
1387 133
1825 134
3074 135
2093 136
1606 137
2416 138
4527 139
4781 140
1554 141
1342 142
257 143
5416 144
5874 145
3342 146
6280 147
3785 148
2491 149
158 150
2232 151
5957 152
64 153
2434 154
3615 155
5114 156
5448 157
3183 158
6168 159
1094 160
1703 161
4616 162
1867 163
3605 164
2181 165
2369 166
5880 167
3327 168
4590 169
6378 170
3078 171
3465 172
3044 173
4251 174
1235 175
4506 176
3434 177
5774 178
1205 179
3849 180
1878 181
1577 182
1756 183
6308 184
2268 185
3493 186
5146 187
4574 188
2824 189
189 190
2443 191
1227 192
5101 193
295 194
5807 195
2130 196
783 197
2878 198
4181 199
2434 200
3191 201
5052 202
749 203
5574 204
1325 205
2830 206
6112 207
6436 208
1146 209
2228 210
3611 211
4217 212
3971 213
5056 214
245 215
504 216
194 217
1156 218
6264 219
3664 220
3918 221
6173 222
742 223
5852 224
5128 225
3118 226
775 227
1365 228
2991 229
3297 230
141 231
907 232
1536 233
1039 234
803 235
4373 236
4894 237
993 238
188 239
6130 240
4365 241
194 242
1031 243
1256 244
75 245
4723 246
3413 247
5977 248
4285 249
4896 250
3421 251
4886 252
558 253
4934 254
1683 255
6337 256
1904 257
5656 258
1797 259
5408 260
3226 261
5002 262
6475 263
4551 264
4752 265
1541 266
5845 267
147 268
4813 269
4932 270
2237 271
2463 272
70 273
987 274
5640 275
6311 276
2296 277
6408 278
290 279
1384 280
2501 281
3882 282
3079 283
2032 284
4780 285
6407 286
3776 287
2732 288
2706 289
5510 290
887 291
653 292
4710 293
4101 294
6045 295
5906 296
4644 297
1742 298
4917 299
2502 300
2192 301
5738 302
648 303
6194 304
777 305
2390 306
742 307
2544 308
5896 309
470 310
266 311
1747 312
3961 313
3449 314
2058 315
1008 316
4384 317
897 318
2822 319
1762 320
6304 321
5102 322
2273 323
5100 324
4711 325
3625 326
6428 327
2246 328
2069 329
579 330
5665 331
1539 332
3974 333
4943 334
3709 335
2695 336
2145 337
5080 338
1762 339
6047 340
3393 341
939 342
4207 343
3211 344
781 345
1835 346
494 347
5252 348
1482 349
1320 350
6154 351
5426 352
4096 353
5489 354
2218 355
1933 356
44 357
4376 358
407 359
701 360
497 361
2321 362
250 363
1932 364
4452 365
764 366
3817 367
149 368
1290 369
6257 370
4963 371
395 372
4931 373
1942 374
4750 375
4315 376
2743 377
1404 378
3021 379
2246 380
844 381
316 382
3246 383
3297 384
2009 385
6391 386
3776 387
1740 388
6327 389
4141 390
3899 391
4103 392
5606 393
2071 394
3422 395
3026 396
4384 397
1162 398
1691 399
3424 400
5415 401
4081 402
6193 403
6302 404
146 405
1731 406
1800 407
6015 408
5970 409
2915 410
557 411
2225 412
5442 413
1763 414
411 415
671 416
3733 417
5045 418
5735 419
811 420
1350 421
6388 422
1775 423
4339 424
1206 425
4083 426
408 427
2383 428
365 429
2902 430
3620 431
738 432
4929 433
4866 434
5559 435
4193 436
2492 437
2098 438
785 439
260 440
1458 441
4078 442
6472 443
5083 444
1087 445
3943 446
6267 447
3215 448
2320 449
4437 450
957 451
6286 452
2423 453
4006 454
3143 455
6341 456
5068 457
6344 458
1678 459
3961 460
1301 461
5535 462
5067 463
1165 464
2219 465
2311 466
2052 467
4748 468
2565 469
6411 470
3684 471
855 472
4392 473
4541 474
4298 475
343 476
3090 477
953 478
3742 479
4180 480
2981 481
1220 482
369 483
1476 484
2915 485
5649 486
2162 487
6334 488
2615 489
3482 490
5125 491
6403 492
6475 493
430 494
636 495
5 496
1627 497
6027 498
5578 499
3712 500
4872 501
3748 502
4739 503
5139 504
5078 505
5642 506
2969 507
3803 508
3234 509
1947 510
5471 511
2559 512
685 513
3777 514
1568 515
188 516
3208 517
3351 518
4864 519
5744 520
1933 521
6264 522
605 523
2205 524
3291 525
5279 526
2886 527
856 528
4789 529
2661 530
914 531
4434 532
1340 533
4139 534
2335 535
1991 536
2550 537
5112 538
5772 539
1660 540
2206 541
2351 542
2946 543
1824 544
2110 545
6200 546
443 547
2391 548
2044 549
4153 550
5824 551
3081 552
2630 553
629 554
284 555
707 556
1934 557
82 558
292 559
1133 560
3892 561
2930 562
42 563
6196 564
2615 565
6421 566
359 567
4573 568
2589 569
1700 570
132 571
218 572
4061 573
2145 574
2580 575
2879 576
2443 577
2587 578
2120 579
5149 580
4178 581
3595 582
1189 583
1151 584
2781 585
4657 586
5274 587
3089 588
900 589
3511 590
2253 591
3582 592
3647 593
772 594
4736 595
3537 596
5404 597
3804 598
250 599
1071 600
2165 601
1050 602
4704 603
426 604
5935 605
731 606
5561 607
1666 608
2790 609
1569 610
192 611
3706 612
2354 613
3472 614
6460 615
2673 616
5844 617
2521 618
2652 619
631 620
5635 621
1296 622
1620 623
5136 624
714 625
4940 626
689 627
2589 628
708 629
572 630
4899 631
2015 632
2409 633
3242 634
344 635
6438 636
4000 637
6475 638
6186 639
361 640
2097 641
6149 642
2460 643
1216 644
2905 645
5642 646
4876 647
2769 648
3031 649
