600 1400
3004 0
265 1
5017 2
1082 3
2868 4
4680 5
2938 6
2267 7
1334 8
5171 9
4060 10
5577 11
5782 12
1237 13
2816 14
1471 15
1036 16
558 17
355 18
4304 19
3198 20
5113 21
3374 22
844 23
1595 24
1865 25
5343 26
3905 27
2951 28
3171 29
2185 30
2557 31
3428 32
29 33
4612 34
3484 35
918 36
1109 37
2078 38
5265 39
2175 40
5939 41
2413 42
4715 43
1534 44
3334 45
2521 46
1035 47
3548 48
754 49
2672 50
4641 51
2083 52
1613 53
5018 54
152 55
4462 56
997 57
501 58
2464 59
3937 60
1714 61
3317 62
1655 63
3155 64
5203 65
4506 66
510 67
3546 68
3827 69
4853 70
4087 71
2954 72
5901 73
3782 74
3084 75
5611 76
3034 77
4070 78
1866 79
3267 80
5277 81
396 82
5966 83
787 84
1738 85
4171 86
1976 87
2466 88
5742 89
786 90
4991 91
3281 92
614 93
1283 94
936 95
398 96
2060 97
1609 98
5491 99
238 100
2586 101
3246 102
1881 103
5091 104
2261 105
1386 106
427 107
5957 108
4388 109
5428 110
4589 111
2465 112
240 113
65 114
461 115
1348 116
2230 117
5528 118
2561 119
3630 120
5609 121
789 122
2556 123
725 124
5005 125
2949 126
5277 127
4812 128
521 129
1210 130
4193 131
5025 132
3283 133
3246 134
3169 135
5507 136
4747 137
2841 138
1496 139
292 140
5691 141
1146 142
3442 143
1486 144
4539 145
3757 146
2823 147
1554 148
198 149
1129 150
4084 151
4677 152
5194 153
3051 154
1682 155
683 156
2261 157
2249 158
3099 159
5171 160
4670 161
4526 162
2337 163
5764 164
1664 165
4662 166
3556 167
2811 168
581 169
4328 170
1572 171
2482 172
1698 173
5096 174
217 175
5397 176
358 177
2826 178
5986 179
1561 180
5947 181
2665 182
77 183
204 184
1884 185
4178 186
5844 187
2142 188
3587 189
2448 190
1423 191
625 192
3494 193
5265 194
302 195
989 196
1064 197
4727 198
20 199
3669 200
2043 201
2324 202
4531 203
3309 204
5541 205
4692 206
4170 207
3192 208
4477 209
2404 210
2441 211
5960 212
1818 213
3346 214
4641 215
5292 216
731 217
338 218
3431 219
2039 220
3471 221
3377 222
4336 223
5860 224
2912 225
3949 226
5682 227
2805 228
612 229
5567 230
4579 231
3918 232
1213 233
1730 234
491 235
5090 236
4868 237
3699 238
5963 239
5126 240
1522 241
3134 242
3253 243
5739 244
44 245
3920 246
3157 247
1356 248
1915 249
5540 250
1141 251
4727 252
5808 253
2379 254
3932 255
5155 256
3514 257
5904 258
1099 259
2578 260
966 261
236 262
327 263
5575 264
1921 265
2494 266
2322 267
5023 268
5097 269
5327 270
2955 271
5007 272
2767 273
4779 274
5514 275
5893 276
4688 277
5408 278
1162 279
517 280
189 281
5028 282
687 283
2139 284
1112 285
1987 286
2824 287
4783 288
1094 289
253 290
895 291
4543 292
788 293
2046 294
3728 295
5045 296
5903 297
1880 298
5357 299
949 300
3868 301
1391 302
5784 303
5330 304
149 305
814 306
5061 307
2799 308
3674 309
3117 310
3291 311
1677 312
1272 313
978 314
2646 315
2054 316
1625 317
2289 318
3509 319
1763 320
4268 321
3156 322
693 323
1460 324
2034 325
1238 326
4522 327
5553 328
2064 329
3824 330
3102 331
3468 332
5772 333
2999 334
2940 335
1167 336
748 337
4472 338
5412 339
1362 340
4815 341
5836 342
5958 343
4601 344
1285 345
2733 346
1920 347
812 348
1155 349
1162 350
988 351
359 352
3727 353
2249 354
2490 355
2035 356
3243 357
2246 358
5691 359
5447 360
3911 361
2263 362
1698 363
5261 364
252 365
2445 366
3620 367
4618 368
1399 369
3111 370
819 371
4801 372
883 373
5606 374
4833 375
3140 376
4194 377
5619 378
3180 379
3781 380
4796 381
3783 382
4611 383
3778 384
2119 385
1108 386
5328 387
4575 388
959 389
1283 390
1894 391
2489 392
2914 393
5894 394
273 395
3810 396
743 397
3118 398
2512 399
833 400
5169 401
3530 402
4211 403
339 404
841 405
3001 406
5157 407
5350 408
4988 409
5929 410
2274 411
3372 412
3368 413
1514 414
5710 415
4268 416
2395 417
1997 418
5261 419
5236 420
2905 421
673 422
4793 423
3274 424
4832 425
5770 426
5597 427
4745 428
1535 429
445 430
4671 431
4886 432
1983 433
4569 434
2814 435
3235 436
5796 437
5344 438
5136 439
3189 440
4736 441
942 442
5581 443
4850 444
267 445
2954 446
2331 447
4479 448
1019 449
3863 450
3179 451
3067 452
1367 453
5576 454
2278 455
2911 456
3100 457
2965 458
5673 459
2475 460
3718 461
5501 462
2019 463
4142 464
870 465
2291 466
5494 467
4991 468
5408 469
2024 470
42 471
1065 472
1641 473
3686 474
315 475
1887 476
1097 477
2596 478
343 479
3298 480
5887 481
2547 482
3958 483
4178 484
939 485
2066 486
2921 487
1346 488
2899 489
5444 490
5548 491
4451 492
3869 493
2863 494
5139 495
4182 496
2021 497
5660 498
236 499
4350 500
2567 501
3896 502
5266 503
1073 504
1136 505
2376 506
5502 507
595 508
84 509
4680 510
5337 511
1971 512
38 513
1107 514
4866 515
3602 516
5995 517
3484 518
4298 519
4886 520
4657 521
315 522
378 523
1661 524
4602 525
1495 526
1802 527
1026 528
1410 529
5526 530
2569 531
287 532
4273 533
665 534
3835 535
721 536
4600 537
2948 538
1438 539
1566 540
5993 541
1811 542
389 543
720 544
1761 545
4904 546
2743 547
1067 548
5481 549
5575 550
775 551
1930 552
1062 553
1100 554
1855 555
1108 556
3653 557
2319 558
1401 559
5769 560
1575 561
2654 562
4225 563
553 564
4019 565
432 566
5732 567
5649 568
3704 569
829 570
4531 571
3713 572
3031 573
5629 574
4838 575
811 576
5951 577
2439 578
4736 579
2156 580
5721 581
3499 582
2422 583
5507 584
824 585
995 586
1245 587
1082 588
2792 589
3812 590
5278 591
3817 592
5346 593
2484 594
1303 595
5187 596
4561 597
3243 598
340 599
