600 250
5084 0
1592 1
777 2
5926 3
2561 4
1626 5
2801 6
2295 7
2134 8
5375 9
674 10
5765 11
2355 12
1943 13
3843 14
1852 15
1385 16
234 17
405 18
2364 19
4592 20
4668 21
2308 22
5886 23
3651 24
3858 25
5560 26
2792 27
3979 28
3891 29
2843 30
2711 31
927 32
4193 33
3882 34
2892 35
4851 36
3761 37
2999 38
1264 39
2777 40
4370 41
2967 42
5573 43
1582 44
4398 45
5772 46
4176 47
3992 48
3091 49
4792 50
4759 51
52 52
3990 53
550 54
3261 55
1122 56
2726 57
503 58
3819 59
246 60
1609 61
3193 62
514 63
3187 64
1086 65
5957 66
2329 67
5 68
4234 69
261 70
5475 71
1935 72
3768 73
2244 74
1831 75
2720 76
2728 77
1575 78
1910 79
4630 80
3505 81
695 82
3058 83
3357 84
2865 85
1537 86
1116 87
571 88
2324 89
4027 90
1971 91
200 92
2175 93
3201 94
4428 95
585 96
2734 97
3438 98
340 99
689 100
2678 101
548 102
3952 103
1425 104
3074 105
1865 106
244 107
1259 108
5661 109
4675 110
943 111
628 112
1692 113
299 114
5694 115
128 116
299 117
2400 118
1325 119
3389 120
4841 121
2912 122
1320 123
4362 124
322 125
733 126
3907 127
815 128
4706 129
659 130
5505 131
2248 132
3515 133
5355 134
4301 135
1310 136
4123 137
5866 138
1634 139
507 140
2063 141
307 142
791 143
4511 144
3333 145
3219 146
2613 147
3700 148
2689 149
3296 150
2402 151
2485 152
4230 153
896 154
1301 155
2587 156
135 157
2409 158
4860 159
1752 160
5285 161
283 162
1877 163
3203 164
2187 165
1637 166
4702 167
3836 168
4751 169
5796 170
5652 171
479 172
3318 173
1426 174
462 175
513 176
3965 177
2153 178
2119 179
3296 180
1246 181
4763 182
2279 183
2209 184
4308 185
3658 186
1826 187
413 188
3060 189
3357 190
5604 191
4949 192
3207 193
4365 194
5827 195
3430 196
1081 197
1726 198
1179 199
3041 200
1837 201
1558 202
5306 203
234 204
5335 205
5486 206
202 207
4809 208
1327 209
4302 210
806 211
3256 212
5551 213
1011 214
584 215
679 216
4749 217
381 218
1614 219
5623 220
3669 221
5157 222
4147 223
1862 224
2448 225
5655 226
3232 227
4781 228
5761 229
4200 230
4835 231
1692 232
5842 233
4713 234
5062 235
3244 236
3745 237
5722 238
4859 239
4350 240
1767 241
1338 242
845 243
22 244
3683 245
2976 246
840 247
5400 248
1753 249
3987 250
2417 251
4696 252
2940 253
5384 254
1074 255
3 256
1637 257
5481 258
5013 259
5976 260
2464 261
2876 262
1071 263
776 264
3719 265
846 266
2515 267
2250 268
5348 269
4440 270
4929 271
1480 272
5127 273
3430 274
4761 275
1602 276
516 277
177 278
3713 279
3123 280
5655 281
5131 282
751 283
2573 284
391 285
5586 286
4674 287
3679 288
2846 289
5106 290
628 291
2513 292
3434 293
5087 294
1894 295
1187 296
2210 297
2262 298
3274 299
2942 300
4223 301
3310 302
5263 303
1454 304
2190 305
5964 306
1036 307
1457 308
2351 309
273 310
4599 311
4852 312
3365 313
3063 314
4795 315
4133 316
4800 317
5862 318
272 319
1887 320
1729 321
2697 322
3614 323
4604 324
3928 325
2638 326
3272 327
4465 328
5375 329
1010 330
1474 331
559 332
5236 333
5033 334
609 335
5417 336
3721 337
581 338
5762 339
5240 340
2848 341
631 342
4560 343
616 344
2633 345
4583 346
1248 347
70 348
360 349
3383 350
1582 351
5683 352
2003 353
4520 354
5335 355
1402 356
878 357
3878 358
2155 359
3273 360
3590 361
2789 362
4334 363
2892 364
5165 365
2565 366
4042 367
147 368
1656 369
1 370
636 371
4160 372
5716 373
5722 374
3554 375
4359 376
222 377
2825 378
4564 379
3673 380
5385 381
1144 382
5793 383
2861 384
2983 385
2144 386
429 387
1347 388
1921 389
5754 390
4740 391
3361 392
5354 393
5636 394
4290 395
2759 396
3551 397
3103 398
4061 399
5933 400
1988 401
1593 402
429 403
2956 404
3302 405
3146 406
650 407
4849 408
1815 409
407 410
3219 411
2371 412
3835 413
2342 414
1460 415
493 416
659 417
4029 418
256 419
2652 420
2647 421
5816 422
2118 423
1421 424
5609 425
1676 426
338 427
5721 428
5411 429
3943 430
1570 431
4565 432
5713 433
5442 434
5354 435
348 436
4246 437
1255 438
5796 439
3829 440
3490 441
1516 442
4695 443
926 444
2279 445
4921 446
2618 447
4637 448
1736 449
653 450
2017 451
2548 452
240 453
5480 454
3097 455
5987 456
1274 457
325 458
2676 459
2773 460
829 461
31 462
115 463
3983 464
1615 465
3065 466
263 467
1832 468
924 469
1585 470
5289 471
5245 472
1740 473
565 474
2349 475
2649 476
1960 477
4218 478
3831 479
1321 480
566 481
4934 482
2252 483
3566 484
546 485
1841 486
4340 487
1410 488
4081 489
1725 490
5869 491
5826 492
2457 493
1876 494
4991 495
986 496
1695 497
1850 498
3770 499
4541 500
4675 501
1914 502
5078 503
5533 504
20 505
5170 506
2994 507
5814 508
5561 509
330 510
5890 511
638 512
2178 513
1833 514
1938 515
318 516
681 517
5497 518
3776 519
1702 520
1083 521
4409 522
2870 523
2365 524
5750 525
3657 526
4272 527
2712 528
5821 529
2328 530
1534 531
483 532
2131 533
5025 534
2469 535
1363 536
3846 537
3029 538
5190 539
1238 540
4108 541
1711 542
3409 543
5718 544
3209 545
1818 546
2405 547
1992 548
2152 549
75 550
796 551
5325 552
442 553
5544 554
2996 555
3126 556
1738 557
130 558
5480 559
4351 560
4021 561
3355 562
2514 563
5342 564
2744 565
3885 566
4397 567
1528 568
5277 569
4379 570
2920 571
5745 572
3864 573
4883 574
2294 575
2323 576
2229 577
5494 578
1978 579
1608 580
2559 581
2904 582
1825 583
2741 584
2509 585
1230 586
3733 587
1714 588
209 589
1117 590
4563 591
3480 592
1834 593
155 594
1074 595
747 596
5311 597
2000 598
4465 599
