650 1150
5663 0
4991 1
1104 2
5936 3
6295 4
2754 5
4608 6
855 7
5356 8
3693 9
4101 10
2253 11
4790 12
1668 13
6051 14
5732 15
1983 16
390 17
402 18
3485 19
5726 20
1585 21
4500 22
6034 23
1477 24
2574 25
3196 26
5449 27
1870 28
2799 29
5810 30
5774 31
2659 32
2304 33
5287 34
4519 35
1991 36
1504 37
5543 38
4425 39
2963 40
6273 41
987 42
50 43
726 44
1913 45
2198 46
5881 47
4141 48
4802 49
6312 50
3857 51
1819 52
5357 53
5757 54
1037 55
4554 56
3743 57
1349 58
5885 59
3634 60
5462 61
222 62
5992 63
4515 64
4443 65
5491 66
5413 67
3090 68
4364 69
4983 70
201 71
4696 72
6035 73
3782 74
20 75
5430 76
1896 77
550 78
3010 79
1305 80
5050 81
6294 82
2435 83
5249 84
754 85
1613 86
5279 87
3950 88
1256 89
6488 90
817 91
2994 92
2238 93
4670 94
4041 95
2301 96
4322 97
1475 98
880 99
3399 100
4574 101
1266 102
5040 103
5551 104
6417 105
1597 106
2036 107
1265 108
1780 109
1910 110
4672 111
6143 112
4816 113
2014 114
1931 115
2271 116
3039 117
6287 118
681 119
6395 120
3335 121
2161 122
3047 123
3533 124
2010 125
5407 126
5463 127
2523 128
1682 129
4194 130
2851 131
6341 132
2254 133
5964 134
4890 135
1490 136
2963 137
4960 138
1477 139
1049 140
252 141
3288 142
1718 143
3044 144
3557 145
4616 146
2262 147
2546 148
1900 149
838 150
4768 151
6210 152
493 153
2633 154
99 155
2346 156
2291 157
5570 158
6096 159
3303 160
6460 161
4508 162
3541 163
2842 164
857 165
914 166
3213 167
232 168
4755 169
4545 170
6489 171
4054 172
6375 173
5431 174
2316 175
1640 176
2396 177
4585 178
2821 179
599 180
3325 181
4778 182
1213 183
6448 184
1614 185
48 186
5156 187
4981 188
1762 189
6336 190
1614 191
445 192
2824 193
1723 194
1090 195
5090 196
1941 197
405 198
1734 199
6393 200
4316 201
5921 202
3753 203
300 204
5223 205
1361 206
5131 207
35 208
3830 209
330 210
3131 211
981 212
5583 213
174 214
4186 215
1519 216
4763 217
1189 218
5730 219
2997 220
1594 221
161 222
4930 223
1590 224
1116 225
2068 226
1246 227
5292 228
171 229
6374 230
4927 231
2848 232
2472 233
1168 234
4931 235
4867 236
6276 237
2697 238
2888 239
4306 240
5496 241
2164 242
20 243
5909 244
3053 245
2533 246
2543 247
2499 248
2303 249
4239 250
6042 251
4508 252
6131 253
6040 254
3563 255
912 256
558 257
2943 258
1439 259
4064 260
2166 261
4563 262
3006 263
1197 264
5762 265
2917 266
4562 267
769 268
926 269
4917 270
3438 271
4110 272
314 273
3257 274
569 275
1038 276
1022 277
2632 278
1260 279
2729 280
1338 281
4380 282
3930 283
714 284
159 285
1082 286
4406 287
5680 288
1840 289
2680 290
4107 291
4291 292
5189 293
644 294
5135 295
4405 296
1027 297
699 298
3958 299
2209 300
5365 301
1776 302
4908 303
5253 304
2627 305
1736 306
1370 307
6234 308
5318 309
2813 310
2968 311
3125 312
857 313
5187 314
1034 315
1744 316
5409 317
1187 318
1667 319
2484 320
1711 321
6239 322
5041 323
2172 324
1549 325
1193 326
2967 327
5231 328
2803 329
6163 330
928 331
213 332
313 333
4327 334
3965 335
37 336
3600 337
6464 338
1649 339
3844 340
4863 341
2309 342
5973 343
5761 344
4935 345
1807 346
6130 347
6309 348
1132 349
3985 350
3313 351
6457 352
4844 353
377 354
403 355
5199 356
3314 357
4774 358
2272 359
4590 360
1563 361
3760 362
814 363
5660 364
299 365
6210 366
5463 367
5470 368
1956 369
6407 370
570 371
47 372
1072 373
3409 374
5778 375
939 376
1591 377
5567 378
2374 379
4096 380
5690 381
993 382
1192 383
163 384
1993 385
1162 386
5981 387
6340 388
1346 389
1830 390
3520 391
1313 392
6040 393
3978 394
2156 395
1426 396
2746 397
1880 398
3332 399
6184 400
2475 401
2424 402
746 403
3708 404
1020 405
4314 406
1809 407
2135 408
1718 409
174 410
1483 411
4537 412
1847 413
1161 414
6487 415
4780 416
117 417
1879 418
376 419
5994 420
4990 421
5730 422
5888 423
528 424
2904 425
5673 426
889 427
5502 428
323 429
1192 430
187 431
5993 432
180 433
2460 434
2383 435
2064 436
4453 437
6023 438
3174 439
3613 440
5543 441
6166 442
2616 443
5377 444
4976 445
5386 446
2597 447
2913 448
5101 449
6239 450
2949 451
4381 452
2169 453
4578 454
9 455
3228 456
2776 457
1147 458
2179 459
5276 460
3561 461
1404 462
2612 463
4845 464
1850 465
2688 466
6115 467
1451 468
4251 469
5992 470
4774 471
3177 472
5545 473
5568 474
5271 475
1443 476
1522 477
5966 478
1584 479
4287 480
2378 481
3318 482
4582 483
894 484
2652 485
3358 486
3795 487
994 488
5827 489
1119 490
6300 491
3352 492
4420 493
471 494
3527 495
211 496
5698 497
4421 498
992 499
5376 500
5046 501
2033 502
100 503
1569 504
57 505
589 506
4059 507
2062 508
3280 509
1201 510
4471 511
3850 512
3012 513
6182 514
3161 515
749 516
3219 517
6338 518
4484 519
1589 520
6322 521
972 522
1246 523
1223 524
40 525
1114 526
4750 527
2126 528
2185 529
1469 530
6101 531
4660 532
4769 533
3134 534
2485 535
6413 536
2537 537
787 538
3690 539
1236 540
2945 541
1292 542
4750 543
5748 544
3417 545
1859 546
3795 547
2782 548
5781 549
4640 550
4658 551
4828 552
1495 553
2418 554
1013 555
5314 556
2972 557
4377 558
3018 559
274 560
3030 561
5018 562
5075 563
3779 564
96 565
2926 566
3107 567
6477 568
2369 569
6198 570
1570 571
5805 572
1296 573
4034 574
1412 575
902 576
2334 577
2574 578
6398 579
201 580
6178 581
5772 582
533 583
5631 584
2083 585
3364 586
6257 587
5147 588
417 589
1328 590
736 591
3291 592
2940 593
4787 594
4932 595
3833 596
559 597
4609 598
70 599
2142 600
1273 601
317 602
3984 603
1098 604
3960 605
5838 606
4327 607
6338 608
2897 609
6118 610
5616 611
3146 612
601 613
3677 614
5032 615
1702 616
3921 617
6074 618
37 619
3000 620
4915 621
1732 622
2788 623
332 624
3859 625
1032 626
5152 627
5625 628
6295 629
301 630
1540 631
1904 632
3824 633
2734 634
3967 635
2055 636
2178 637
613 638
3699 639
2195 640
1593 641
6029 642
2007 643
1476 644
3008 645
5963 646
6237 647
5886 648
542 649
