600 1250
4281 0
3749 1
3555 2
2849 3
5151 4
946 5
3721 6
520 7
487 8
5698 9
195 10
1864 11
2731 12
4128 13
4739 14
981 15
2700 16
1016 17
3701 18
5032 19
716 20
5448 21
3377 22
1728 23
3649 24
2259 25
4105 26
5239 27
1311 28
2018 29
2855 30
1557 31
4821 32
2131 33
725 34
5414 35
808 36
2025 37
2312 38
4471 39
4192 40
4037 41
4933 42
3432 43
5248 44
3591 45
1451 46
5607 47
5472 48
5886 49
5267 50
5756 51
4676 52
1907 53
5457 54
1554 55
3463 56
1857 57
4832 58
2600 59
5531 60
1584 61
4306 62
2082 63
5929 64
5419 65
5258 66
3647 67
2900 68
4460 69
5415 70
1360 71
917 72
915 73
2137 74
4234 75
1106 76
3488 77
5508 78
5367 79
4663 80
1107 81
4582 82
963 83
4212 84
5320 85
3305 86
3477 87
866 88
1640 89
3444 90
5405 91
5380 92
4669 93
849 94
4936 95
3581 96
4496 97
1667 98
2337 99
4289 100
4159 101
2967 102
5020 103
1684 104
5665 105
5071 106
1501 107
3691 108
1260 109
5446 110
5338 111
4698 112
4271 113
5893 114
3470 115
440 116
5053 117
4809 118
4041 119
494 120
5221 121
3674 122
670 123
5865 124
797 125
4135 126
222 127
1210 128
4815 129
5282 130
2403 131
433 132
2543 133
2657 134
5154 135
5061 136
2137 137
3325 138
817 139
3722 140
3949 141
5395 142
1774 143
4597 144
3772 145
5865 146
3891 147
4138 148
3697 149
3083 150
1632 151
3284 152
2 153
3358 154
2232 155
2426 156
3494 157
3908 158
2169 159
3356 160
5584 161
1424 162
3497 163
413 164
5403 165
1226 166
3221 167
3918 168
1090 169
2859 170
2218 171
1116 172
520 173
166 174
599 175
2769 176
5119 177
5572 178
1980 179
5261 180
430 181
5208 182
4559 183
1017 184
4794 185
4435 186
5247 187
3646 188
5686 189
2266 190
3717 191
3574 192
2567 193
4301 194
1330 195
4252 196
3951 197
5641 198
2770 199
4579 200
2954 201
3639 202
1321 203
3771 204
4672 205
797 206
5218 207
914 208
5495 209
5347 210
4587 211
847 212
3118 213
1623 214
2159 215
4894 216
4036 217
5501 218
2934 219
4613 220
5929 221
2474 222
416 223
619 224
2153 225
105 226
2786 227
4586 228
2190 229
2556 230
2526 231
560 232
5131 233
900 234
3307 235
4133 236
5951 237
973 238
5934 239
2252 240
1888 241
530 242
3460 243
4061 244
1810 245
2685 246
1777 247
3008 248
4943 249
4658 250
5678 251
5882 252
4663 253
3549 254
2440 255
2739 256
4822 257
1083 258
3660 259
2472 260
892 261
1068 262
5975 263
5115 264
1749 265
3420 266
253 267
1112 268
1241 269
622 270
452 271
4417 272
1828 273
602 274
4521 275
3686 276
5274 277
2512 278
4925 279
313 280
2599 281
4307 282
2296 283
4052 284
5204 285
5370 286
188 287
5670 288
662 289
2254 290
4036 291
3374 292
1494 293
464 294
5344 295
3040 296
2115 297
2544 298
2235 299
2585 300
5878 301
1766 302
1477 303
4949 304
4778 305
3565 306
784 307
3717 308
4958 309
1169 310
1530 311
1224 312
2350 313
2589 314
2409 315
4566 316
2072 317
4718 318
1013 319
4772 320
4982 321
1910 322
520 323
3678 324
2172 325
5851 326
3133 327
3417 328
2773 329
4307 330
3512 331
1530 332
4554 333
3883 334
4782 335
144 336
4345 337
1995 338
2693 339
4761 340
3630 341
103 342
3970 343
4145 344
5771 345
2514 346
1382 347
4328 348
560 349
4452 350
3465 351
1890 352
2636 353
3767 354
5744 355
470 356
2155 357
4059 358
1877 359
4475 360
57 361
1919 362
1365 363
4113 364
4602 365
1409 366
3289 367
58 368
1438 369
2287 370
776 371
4013 372
2525 373
175 374
2907 375
5389 376
5575 377
5171 378
5828 379
3264 380
4108 381
5269 382
1463 383
4769 384
2878 385
5199 386
4711 387
632 388
2227 389
3323 390
405 391
3823 392
222 393
2753 394
1777 395
2954 396
860 397
4309 398
2373 399
83 400
3469 401
501 402
3906 403
5721 404
3793 405
4739 406
3751 407
5598 408
4545 409
3426 410
1453 411
3444 412
450 413
956 414
2184 415
2218 416
771 417
5549 418
1013 419
3089 420
2192 421
2286 422
2460 423
3905 424
1559 425
136 426
1414 427
2680 428
1193 429
4323 430
1084 431
5562 432
4685 433
5151 434
5340 435
2839 436
4485 437
2624 438
4841 439
2378 440
4800 441
150 442
5532 443
4604 444
4598 445
5895 446
4240 447
3074 448
4572 449
220 450
5648 451
1054 452
1839 453
3960 454
2239 455
3111 456
315 457
2037 458
589 459
1425 460
1739 461
483 462
5268 463
5110 464
3615 465
3501 466
5549 467
3987 468
171 469
3569 470
1568 471
3352 472
1344 473
4139 474
821 475
694 476
5513 477
1351 478
1628 479
110 480
5466 481
2372 482
4759 483
4220 484
1746 485
1786 486
1668 487
2517 488
4521 489
3053 490
5677 491
3008 492
1730 493
3320 494
5157 495
3567 496
3193 497
3989 498
1563 499
4300 500
2496 501
581 502
1874 503
1994 504
4991 505
4761 506
2740 507
4084 508
1830 509
4384 510
4232 511
2801 512
1524 513
5702 514
544 515
1285 516
2286 517
1930 518
4860 519
1280 520
2152 521
512 522
4507 523
1907 524
4192 525
2380 526
736 527
1440 528
5464 529
5953 530
4133 531
181 532
2721 533
4279 534
3960 535
2102 536
871 537
4075 538
3050 539
4094 540
1285 541
4902 542
1384 543
3006 544
4136 545
3756 546
1674 547
4407 548
4051 549
5875 550
4764 551
1474 552
2469 553
2198 554
335 555
3392 556
89 557
5620 558
5973 559
3318 560
1359 561
1775 562
3391 563
727 564
194 565
397 566
5474 567
4010 568
1226 569
2935 570
615 571
4170 572
4488 573
305 574
5761 575
5829 576
4941 577
3090 578
2663 579
3769 580
2043 581
2560 582
879 583
5216 584
731 585
1935 586
5462 587
3558 588
2930 589
5276 590
505 591
2617 592
2781 593
1854 594
351 595
1729 596
5208 597
424 598
4152 599
