600 350
2917 0
703 1
4035 2
1950 3
1618 4
2383 5
2335 6
93 7
1820 8
4028 9
1057 10
5379 11
1535 12
3706 13
5624 14
1977 15
1406 16
298 17
619 18
4641 19
2216 20
2819 21
3190 22
2433 23
895 24
3330 25
3760 26
4464 27
3670 28
4173 29
619 30
3527 31
2099 32
2531 33
4410 34
4592 35
3425 36
5642 37
3245 38
2795 39
2579 40
3359 41
2135 42
297 43
3891 44
2221 45
5437 46
1582 47
2426 48
987 49
197 50
3775 51
3856 52
4617 53
1906 54
707 55
4459 56
5541 57
3125 58
3557 59
3264 60
4903 61
4154 62
2459 63
5964 64
5575 65
1466 66
2560 67
2812 68
2340 69
1085 70
1274 71
573 72
4770 73
3357 74
2497 75
2586 76
3027 77
5219 78
4769 79
1956 80
28 81
5696 82
1070 83
2765 84
3720 85
1610 86
3858 87
3388 88
2927 89
2675 90
5897 91
408 92
1263 93
1479 94
2782 95
983 96
1634 97
3934 98
2707 99
3930 100
4876 101
3232 102
3513 103
2805 104
5925 105
394 106
1630 107
5044 108
4336 109
4770 110
302 111
4484 112
1641 113
2715 114
1158 115
1472 116
1374 117
3750 118
5352 119
900 120
1236 121
3330 122
5319 123
4784 124
4899 125
808 126
3038 127
2450 128
1305 129
3512 130
2765 131
2322 132
2470 133
953 134
1434 135
541 136
3715 137
1910 138
752 139
1465 140
3201 141
2675 142
5379 143
2385 144
1449 145
2198 146
2567 147
1631 148
4834 149
4486 150
3394 151
412 152
4654 153
1200 154
4257 155
4224 156
2534 157
1200 158
5836 159
2843 160
1091 161
1845 162
199 163
1955 164
16 165
3927 166
2135 167
3774 168
629 169
5454 170
5148 171
4345 172
4558 173
4871 174
4616 175
2971 176
4663 177
1122 178
1912 179
2154 180
2453 181
2620 182
4289 183
3882 184
459 185
3869 186
1419 187
900 188
1081 189
5024 190
5333 191
160 192
3760 193
865 194
1933 195
2531 196
4872 197
2714 198
4179 199
5960 200
3289 201
1592 202
4885 203
761 204
3809 205
4307 206
4477 207
2481 208
4836 209
5571 210
1454 211
573 212
5635 213
5942 214
4623 215
816 216
2522 217
4755 218
4478 219
5029 220
5875 221
3765 222
5401 223
5414 224
3897 225
5151 226
366 227
5799 228
4030 229
3120 230
792 231
4934 232
1117 233
196 234
233 235
2874 236
3170 237
886 238
5462 239
1358 240
1201 241
2582 242
537 243
3961 244
3173 245
213 246
3997 247
1464 248
2777 249
5147 250
2867 251
3820 252
3601 253
2807 254
1038 255
5642 256
2339 257
570 258
1932 259
1905 260
75 261
4021 262
1493 263
2991 264
3452 265
2735 266
1371 267
3640 268
415 269
5973 270
2134 271
3679 272
5547 273
3192 274
946 275
5707 276
3764 277
3101 278
282 279
1293 280
2301 281
5641 282
3489 283
5674 284
935 285
2075 286
3151 287
887 288
3742 289
3438 290
5418 291
3747 292
2544 293
2717 294
1818 295
4822 296
1668 297
1071 298
3535 299
5012 300
366 301
5056 302
5515 303
169 304
2407 305
2138 306
3023 307
5247 308
2829 309
1180 310
1981 311
5060 312
1502 313
4657 314
3730 315
489 316
2761 317
5735 318
5185 319
118 320
3936 321
307 322
5387 323
1805 324
4065 325
4897 326
2630 327
2892 328
1496 329
1163 330
1973 331
4844 332
5849 333
4714 334
5695 335
1042 336
2585 337
1238 338
4666 339
4824 340
5093 341
5067 342
3428 343
4088 344
4231 345
969 346
3667 347
2711 348
2151 349
4161 350
2029 351
5255 352
1894 353
2997 354
5057 355
523 356
2629 357
5929 358
1709 359
4406 360
1036 361
3880 362
399 363
3712 364
1768 365
5434 366
5081 367
2490 368
202 369
3653 370
5034 371
5181 372
3886 373
1069 374
257 375
785 376
5916 377
4704 378
4741 379
1672 380
365 381
2694 382
1365 383
4467 384
5495 385
3345 386
3278 387
1697 388
3570 389
3663 390
5405 391
2098 392
5352 393
2624 394
494 395
1368 396
3900 397
684 398
2650 399
2968 400
3199 401
2035 402
174 403
1374 404
1733 405
3647 406
1048 407
5574 408
1947 409
3833 410
5826 411
3753 412
253 413
2968 414
890 415
341 416
1845 417
3353 418
3029 419
1731 420
3575 421
5072 422
4950 423
2001 424
468 425
1428 426
3164 427
3264 428
1275 429
537 430
827 431
3450 432
4427 433
825 434
2474 435
2973 436
1348 437
1201 438
5194 439
2259 440
4694 441
5525 442
2744 443
925 444
1312 445
4136 446
3353 447
42 448
3511 449
1449 450
5309 451
1768 452
2587 453
2398 454
2800 455
2261 456
3785 457
3984 458
5171 459
3763 460
5822 461
3917 462
5118 463
674 464
4149 465
3355 466
4367 467
5381 468
218 469
2914 470
835 471
3300 472
1610 473
1873 474
1759 475
4227 476
4804 477
5376 478
2439 479
3057 480
784 481
1136 482
754 483
4951 484
1653 485
1626 486
3449 487
4713 488
3237 489
5247 490
4974 491
3581 492
1355 493
1996 494
1937 495
5608 496
5173 497
860 498
773 499
2679 500
4514 501
5127 502
680 503
1669 504
5520 505
104 506
4214 507
777 508
359 509
4973 510
801 511
5100 512
2632 513
5249 514
4795 515
5621 516
358 517
420 518
4005 519
445 520
2061 521
3686 522
4518 523
143 524
1485 525
2805 526
965 527
2460 528
901 529
779 530
1499 531
4457 532
5575 533
1170 534
1737 535
1972 536
3980 537
5072 538
3175 539
816 540
1184 541
3392 542
5606 543
352 544
2752 545
1031 546
2895 547
1482 548
4200 549
3678 550
5813 551
3131 552
4390 553
4968 554
5368 555
3263 556
1730 557
5629 558
1802 559
2722 560
4988 561
3744 562
1279 563
2142 564
1964 565
5357 566
5689 567
4947 568
3295 569
2551 570
5195 571
5784 572
1398 573
4339 574
892 575
643 576
861 577
4529 578
1429 579
3060 580
3157 581
3054 582
9 583
4469 584
2081 585
1526 586
3315 587
531 588
3945 589
4450 590
3448 591
5349 592
1648 593
1540 594
4086 595
5645 596
4902 597
4738 598
4646 599
