650 200
5888 0
5867 1
51 2
3835 3
811 4
1594 5
5726 6
6052 7
4792 8
836 9
427 10
430 11
2773 12
1517 13
5561 14
2037 15
174 16
2548 17
5370 18
1480 19
4766 20
1480 21
4599 22
3285 23
4026 24
3763 25
57 26
4634 27
3685 28
802 29
143 30
3695 31
4341 32
6220 33
5704 34
4062 35
5816 36
2066 37
5152 38
3222 39
3739 40
151 41
859 42
3320 43
6371 44
367 45
1745 46
2811 47
3047 48
3548 49
6334 50
815 51
5309 52
5321 53
3725 54
2259 55
1375 56
4779 57
6062 58
5987 59
5041 60
2300 61
3979 62
6441 63
4434 64
2863 65
458 66
3387 67
5797 68
5639 69
4291 70
6007 71
6164 72
357 73
6394 74
6420 75
2103 76
3779 77
26 78
1571 79
1219 80
5742 81
2692 82
6316 83
4170 84
4690 85
4828 86
2558 87
1590 88
6022 89
2864 90
6111 91
1387 92
4536 93
5511 94
4563 95
4205 96
3989 97
4367 98
2905 99
3400 100
4138 101
5695 102
2928 103
763 104
5725 105
4863 106
196 107
2948 108
2122 109
719 110
5713 111
450 112
5725 113
2815 114
2260 115
834 116
4218 117
6015 118
3911 119
3189 120
934 121
1672 122
4825 123
1699 124
2920 125
1179 126
4911 127
2653 128
5238 129
973 130
2651 131
272 132
827 133
5331 134
4116 135
3094 136
3571 137
4502 138
5231 139
5566 140
2322 141
1499 142
5884 143
3349 144
2566 145
1837 146
991 147
1350 148
2743 149
2744 150
1372 151
5792 152
1285 153
4365 154
5451 155
6500 156
1422 157
5918 158
3857 159
5082 160
809 161
1704 162
6246 163
2655 164
410 165
2135 166
4525 167
760 168
2344 169
4520 170
4432 171
3788 172
1061 173
2377 174
4669 175
1082 176
2031 177
6191 178
3396 179
4592 180
5828 181
5582 182
2366 183
3195 184
1288 185
411 186
2549 187
5076 188
5714 189
2818 190
2434 191
5747 192
2456 193
2302 194
1917 195
4699 196
473 197
4795 198
2651 199
205 200
6235 201
4148 202
2517 203
3009 204
4846 205
4726 206
5595 207
1271 208
2600 209
1698 210
6169 211
5770 212
4055 213
1390 214
5079 215
5640 216
1291 217
362 218
1510 219
2316 220
5275 221
119 222
1286 223
301 224
5981 225
4223 226
536 227
5592 228
6235 229
5249 230
5948 231
2017 232
1137 233
5601 234
40 235
5490 236
5716 237
3047 238
1392 239
4658 240
2067 241
2217 242
6053 243
6021 244
1793 245
3801 246
2944 247
3840 248
958 249
689 250
5344 251
2353 252
2061 253
1236 254
3729 255
4086 256
2743 257
4293 258
860 259
680 260
751 261
138 262
5957 263
5228 264
85 265
1382 266
3181 267
3364 268
4210 269
4453 270
3046 271
1015 272
4346 273
1956 274
3867 275
4494 276
5349 277
2919 278
3834 279
320 280
3628 281
3855 282
3933 283
3941 284
3301 285
478 286
1140 287
4592 288
5787 289
2204 290
375 291
4355 292
299 293
4622 294
4411 295
4503 296
4878 297
978 298
1147 299
3126 300
2716 301
4515 302
3671 303
1218 304
136 305
188 306
5084 307
5145 308
1500 309
3741 310
5806 311
5068 312
5666 313
5895 314
3210 315
29 316
4318 317
2435 318
2791 319
2129 320
2691 321
1773 322
551 323
959 324
1656 325
5298 326
4106 327
2729 328
3566 329
3809 330
812 331
4916 332
2412 333
3395 334
3398 335
3294 336
1745 337
3843 338
1552 339
4349 340
5346 341
4087 342
2296 343
4612 344
201 345
2351 346
6350 347
1235 348
2597 349
912 350
5304 351
1598 352
3615 353
2325 354
3221 355
5269 356
4593 357
5672 358
3855 359
5921 360
553 361
718 362
328 363
3918 364
2373 365
1795 366
3219 367
2693 368
3732 369
2843 370
1535 371
2115 372
840 373
1310 374
4565 375
271 376
1585 377
6162 378
1190 379
5390 380
5793 381
1232 382
4050 383
4683 384
3906 385
5427 386
2590 387
2986 388
870 389
3544 390
2239 391
529 392
2623 393
78 394
2265 395
5979 396
5807 397
2990 398
4742 399
6356 400
2117 401
5423 402
2378 403
3188 404
4042 405
584 406
3024 407
5048 408
5095 409
5925 410
926 411
6487 412
2852 413
2279 414
3387 415
6124 416
1553 417
706 418
3234 419
5772 420
1896 421
3783 422
4266 423
5699 424
866 425
3455 426
1736 427
6054 428
5648 429
3264 430
960 431
5305 432
401 433
4883 434
2614 435
4922 436
1826 437
4308 438
1507 439
2684 440
5132 441
5209 442
2796 443
2567 444
3571 445
4409 446
4625 447
3519 448
2147 449
2386 450
4734 451
5793 452
1162 453
4245 454
4539 455
4051 456
3753 457
344 458
2408 459
1677 460
1583 461
2820 462
2972 463
5363 464
9 465
456 466
4405 467
339 468
848 469
1591 470
2311 471
2958 472
402 473
5855 474
3855 475
6040 476
2441 477
6109 478
47 479
4610 480
6317 481
4208 482
319 483
6275 484
721 485
5297 486
6225 487
1591 488
1728 489
5227 490
5962 491
3078 492
1418 493
6067 494
3911 495
5253 496
2104 497
1440 498
5726 499
4994 500
2541 501
3454 502
1933 503
1387 504
3738 505
2605 506
4446 507
4219 508
6222 509
2916 510
2665 511
1524 512
5083 513
3710 514
895 515
3198 516
4466 517
4498 518
6143 519
4113 520
2384 521
2877 522
3812 523
3576 524
3875 525
1517 526
2804 527
5888 528
4646 529
3087 530
5147 531
446 532
5708 533
5351 534
1505 535
753 536
296 537
3465 538
4328 539
1458 540
325 541
1747 542
6316 543
4617 544
5919 545
4214 546
2163 547
1898 548
419 549
2403 550
1089 551
783 552
3047 553
3292 554
2686 555
6202 556
6444 557
2898 558
1140 559
6144 560
1815 561
2552 562
3951 563
3943 564
1513 565
4019 566
4744 567
4444 568
4041 569
2392 570
5335 571
4527 572
4208 573
4306 574
4479 575
4516 576
5829 577
791 578
1975 579
2192 580
5409 581
4514 582
4531 583
2413 584
1031 585
3364 586
3550 587
3184 588
5955 589
2320 590
4425 591
5011 592
4818 593
1827 594
899 595
5326 596
1982 597
2179 598
4752 599
2681 600
6008 601
1726 602
2033 603
2367 604
2465 605
3812 606
2778 607
38 608
3723 609
2161 610
6426 611
3034 612
5688 613
4956 614
2812 615
4524 616
2809 617
3115 618
1006 619
5710 620
366 621
1826 622
1652 623
6049 624
1273 625
3373 626
5022 627
6180 628
993 629
517 630
5141 631
6238 632
1308 633
4362 634
788 635
5468 636
295 637
3445 638
529 639
3532 640
4758 641
134 642
4363 643
2239 644
5229 645
2456 646
1825 647
980 648
2126 649
