650 1300
208 0
1834 1
3507 2
2918 3
1320 4
1181 5
2692 6
2264 7
5971 8
5367 9
4545 10
2833 11
280 12
5651 13
6458 14
3464 15
3389 16
5856 17
1925 18
1757 19
2209 20
5446 21
4829 22
2334 23
4209 24
1779 25
2111 26
519 27
2654 28
1221 29
287 30
6014 31
250 32
5237 33
592 34
2044 35
5536 36
4553 37
435 38
1975 39
779 40
3957 41
2889 42
65 43
1690 44
6306 45
4836 46
3086 47
80 48
594 49
397 50
5234 51
2802 52
3253 53
6070 54
5941 55
5507 56
2271 57
103 58
3270 59
5710 60
587 61
5356 62
5545 63
4965 64
3148 65
1117 66
329 67
3415 68
2603 69
2643 70
5594 71
1479 72
1338 73
5355 74
1409 75
5211 76
5301 77
5698 78
5781 79
1307 80
4939 81
4165 82
2851 83
1812 84
979 85
5088 86
1063 87
2563 88
3833 89
1728 90
1683 91
1304 92
1946 93
6000 94
3532 95
424 96
3421 97
1626 98
2803 99
3228 100
6151 101
798 102
1431 103
2662 104
612 105
2188 106
3263 107
3365 108
5928 109
6309 110
3203 111
343 112
3 113
4868 114
2726 115
1605 116
5270 117
4204 118
4779 119
3395 120
2980 121
5111 122
1142 123
5000 124
5370 125
5700 126
750 127
481 128
4167 129
4889 130
3246 131
1057 132
5841 133
4573 134
5776 135
6300 136
258 137
5490 138
5504 139
4850 140
3953 141
1171 142
2765 143
2209 144
1303 145
4144 146
4625 147
2211 148
5718 149
5707 150
5386 151
150 152
1855 153
568 154
5720 155
4124 156
3067 157
3756 158
6353 159
2089 160
1721 161
3382 162
4678 163
6435 164
1845 165
6226 166
3673 167
3606 168
1733 169
2148 170
3208 171
5955 172
2669 173
1269 174
4830 175
4044 176
4712 177
6067 178
938 179
3603 180
1897 181
4607 182
6222 183
413 184
6139 185
2954 186
4160 187
4475 188
3448 189
2064 190
1034 191
3907 192
2846 193
4752 194
1889 195
3670 196
1869 197
1974 198
6213 199
5032 200
2776 201
2494 202
1598 203
474 204
467 205
723 206
1798 207
2897 208
4828 209
445 210
5800 211
1266 212
975 213
5568 214
4545 215
2544 216
4014 217
4347 218
6115 219
2836 220
3950 221
481 222
3787 223
2296 224
4934 225
5857 226
4867 227
5324 228
115 229
5498 230
3049 231
1760 232
1434 233
4801 234
2123 235
5344 236
1440 237
3569 238
4065 239
3565 240
1533 241
4611 242
1061 243
616 244
3113 245
2501 246
4309 247
2163 248
62 249
6216 250
5895 251
5055 252
2179 253
4765 254
116 255
5020 256
2827 257
1706 258
4172 259
2261 260
3775 261
4232 262
5984 263
6126 264
1744 265
1400 266
2853 267
2504 268
3148 269
4901 270
4272 271
3096 272
6310 273
2731 274
4114 275
2010 276
3980 277
6054 278
1127 279
4684 280
4724 281
3400 282
4064 283
5257 284
3830 285
4299 286
1406 287
1185 288
5141 289
5497 290
5358 291
1191 292
4286 293
3641 294
2643 295
2509 296
6059 297
4199 298
1271 299
3235 300
6093 301
874 302
5657 303
5025 304
4023 305
1222 306
2086 307
2216 308
5888 309
2178 310
1948 311
525 312
16 313
2304 314
4117 315
839 316
3755 317
2750 318
2350 319
4856 320
741 321
6238 322
5927 323
5546 324
2101 325
3092 326
516 327
4426 328
3056 329
861 330
2165 331
1983 332
5166 333
1274 334
1989 335
2004 336
5750 337
2474 338
5548 339
3579 340
3415 341
6264 342
1906 343
2247 344
4902 345
1833 346
3382 347
5916 348
1000 349
6153 350
5394 351
5207 352
4139 353
5133 354
562 355
3800 356
3506 357
2853 358
5233 359
4502 360
1766 361
5483 362
2404 363
4905 364
5212 365
1582 366
2588 367
5393 368
2080 369
5531 370
6108 371
156 372
906 373
705 374
664 375
5819 376
1167 377
6285 378
6157 379
1141 380
3967 381
6165 382
1407 383
1597 384
6003 385
5794 386
2247 387
3062 388
394 389
2114 390
1173 391
3274 392
54 393
1537 394
5612 395
2948 396
4504 397
1362 398
1978 399
4196 400
2780 401
6089 402
3589 403
3938 404
2399 405
532 406
5289 407
3827 408
6290 409
4993 410
5263 411
489 412
3280 413
5871 414
1785 415
2904 416
4305 417
5921 418
2807 419
2053 420
4259 421
6336 422
904 423
5640 424
2673 425
2608 426
2811 427
3907 428
3920 429
4634 430
5188 431
6001 432
6091 433
6399 434
4215 435
4602 436
4303 437
629 438
4765 439
1759 440
10 441
3857 442
549 443
1783 444
3875 445
48 446
4065 447
5428 448
2579 449
2689 450
635 451
3897 452
5701 453
6345 454
3343 455
4941 456
4761 457
5225 458
3914 459
2516 460
2870 461
3823 462
4045 463
1719 464
4744 465
1019 466
3224 467
2946 468
5500 469
1172 470
888 471
5809 472
2102 473
5623 474
1599 475
1879 476
5588 477
4025 478
4102 479
5281 480
950 481
2037 482
3579 483
5767 484
1110 485
4279 486
5668 487
1743 488
1212 489
1567 490
196 491
1546 492
4912 493
3034 494
550 495
2045 496
5460 497
4911 498
1009 499
6469 500
5281 501
1163 502
444 503
4455 504
3841 505
3102 506
3072 507
3351 508
3770 509
806 510
924 511
2255 512
556 513
4042 514
5639 515
2756 516
3617 517
107 518
1644 519
2689 520
4497 521
4284 522
5358 523
5205 524
5103 525
153 526
885 527
5566 528
2205 529
3658 530
4998 531
685 532
1514 533
1244 534
422 535
6184 536
669 537
408 538
562 539
1707 540
5769 541
3704 542
6235 543
5079 544
4425 545
3355 546
4671 547
6324 548
4125 549
2873 550
5217 551
2369 552
3853 553
6403 554
2297 555
4467 556
1417 557
3127 558
3242 559
4385 560
3141 561
627 562
3420 563
3055 564
2474 565
5428 566
2796 567
1064 568
5193 569
3408 570
1212 571
67 572
1871 573
4771 574
2429 575
4996 576
4859 577
765 578
1075 579
4060 580
3039 581
5598 582
6253 583
4057 584
5959 585
2045 586
86 587
2438 588
126 589
3679 590
3556 591
980 592
2032 593
5941 594
3372 595
4359 596
4713 597
4712 598
1547 599
2700 600
913 601
3623 602
2677 603
215 604
5043 605
2361 606
5499 607
1633 608
1076 609
209 610
4110 611
6461 612
3196 613
347 614
6155 615
3803 616
1812 617
5770 618
5226 619
1953 620
6161 621
4419 622
2095 623
3449 624
388 625
4080 626
662 627
5890 628
1324 629
3963 630
1721 631
6479 632
4348 633
180 634
5119 635
4364 636
4713 637
4987 638
2824 639
2649 640
2177 641
4489 642
3718 643
6024 644
4004 645
204 646
6157 647
834 648
5208 649
