600 150
3755 0
5955 1
3631 2
4449 3
5956 4
3357 5
2472 6
3739 7
5170 8
942 9
2980 10
2504 11
1147 12
461 13
5224 14
4397 15
4197 16
537 17
3593 18
862 19
4567 20
3049 21
3158 22
448 23
5290 24
1186 25
4980 26
5975 27
215 28
3827 29
3650 30
1120 31
1185 32
1773 33
827 34
3719 35
3965 36
223 37
2247 38
3916 39
695 40
1062 41
3875 42
451 43
5974 44
4099 45
1502 46
2865 47
2909 48
5892 49
37 50
686 51
3780 52
2376 53
5601 54
4774 55
5269 56
324 57
3556 58
764 59
1037 60
3277 61
621 62
1876 63
3303 64
2309 65
5603 66
208 67
1105 68
787 69
5299 70
1021 71
4050 72
1447 73
5030 74
4510 75
865 76
2029 77
5043 78
1600 79
4801 80
1058 81
5486 82
3774 83
4312 84
2717 85
5717 86
916 87
3377 88
94 89
5324 90
2504 91
4779 92
4013 93
2287 94
5300 95
440 96
2893 97
1757 98
839 99
4991 100
5579 101
5542 102
3562 103
4837 104
5862 105
664 106
4778 107
3993 108
3723 109
5161 110
5902 111
5283 112
2274 113
4724 114
524 115
5444 116
2075 117
4307 118
74 119
3320 120
2061 121
3835 122
1475 123
4152 124
5712 125
1783 126
3138 127
319 128
1370 129
4472 130
570 131
4986 132
3510 133
1072 134
22 135
4995 136
1946 137
1041 138
4721 139
3844 140
3103 141
1166 142
4128 143
2437 144
2592 145
3086 146
3874 147
5703 148
2372 149
5811 150
1580 151
5958 152
3439 153
2336 154
4783 155
426 156
2934 157
5471 158
4063 159
2878 160
514 161
5804 162
5268 163
1174 164
785 165
296 166
3628 167
2629 168
2483 169
5993 170
2162 171
3748 172
3270 173
5524 174
3396 175
4040 176
2176 177
1388 178
1187 179
912 180
4233 181
1507 182
5094 183
1555 184
1439 185
1128 186
4166 187
2377 188
2116 189
5423 190
631 191
4366 192
615 193
2196 194
1189 195
5507 196
2194 197
5168 198
215 199
3735 200
5616 201
4672 202
5689 203
3910 204
277 205
947 206
5648 207
4147 208
2100 209
1165 210
728 211
2802 212
2096 213
4728 214
4839 215
4431 216
2247 217
2659 218
932 219
3447 220
5310 221
773 222
2682 223
5777 224
3833 225
2339 226
2143 227
108 228
1100 229
258 230
4205 231
5245 232
5615 233
4888 234
794 235
3556 236
1305 237
1764 238
5967 239
1671 240
790 241
4131 242
2213 243
2891 244
2187 245
1764 246
998 247
290 248
4300 249
1478 250
2454 251
5411 252
303 253
5945 254
3329 255
3134 256
4648 257
4202 258
2856 259
1080 260
2591 261
1562 262
2821 263
3303 264
3718 265
4632 266
1022 267
5022 268
2468 269
630 270
481 271
1375 272
4771 273
3860 274
1114 275
3166 276
4543 277
1135 278
820 279
4107 280
5117 281
4819 282
465 283
1282 284
4944 285
5494 286
764 287
4422 288
5551 289
4217 290
3582 291
4708 292
5756 293
1596 294
4568 295
1548 296
2072 297
2162 298
4087 299
5193 300
5841 301
4090 302
3689 303
350 304
4112 305
1926 306
5861 307
174 308
489 309
1007 310
3148 311
1937 312
5104 313
1462 314
2906 315
1830 316
5139 317
3345 318
3039 319
2020 320
4422 321
296 322
3983 323
1135 324
5660 325
237 326
1021 327
3753 328
4066 329
3741 330
2991 331
4958 332
2851 333
75 334
3441 335
4735 336
3170 337
5413 338
5347 339
3680 340
3597 341
53 342
5997 343
992 344
351 345
2572 346
5550 347
3727 348
4305 349
1538 350
2257 351
4250 352
1689 353
409 354
3887 355
2480 356
3924 357
2946 358
2478 359
5997 360
517 361
4318 362
4864 363
4567 364
5779 365
3410 366
4021 367
5959 368
2024 369
3845 370
4813 371
3614 372
451 373
3570 374
95 375
1381 376
1547 377
3410 378
3727 379
2511 380
5737 381
1056 382
2976 383
560 384
1984 385
387 386
3808 387
2042 388
5189 389
3926 390
202 391
5578 392
2409 393
294 394
4323 395
3061 396
5307 397
1043 398
1018 399
308 400
3873 401
4615 402
1120 403
4261 404
5647 405
5994 406
5262 407
4979 408
1746 409
4985 410
3738 411
5144 412
4113 413
3893 414
4760 415
1199 416
5188 417
5811 418
3236 419
4497 420
3580 421
5458 422
3917 423
3574 424
1853 425
1390 426
83 427
4226 428
750 429
1793 430
2408 431
3064 432
1524 433
5403 434
4763 435
3922 436
5403 437
5471 438
3404 439
186 440
3524 441
2630 442
1438 443
1311 444
918 445
4672 446
3392 447
85 448
3933 449
1491 450
1393 451
1663 452
2737 453
736 454
2241 455
976 456
371 457
206 458
5415 459
3005 460
93 461
3349 462
4145 463
4600 464
4543 465
3072 466
4381 467
5929 468
591 469
1569 470
3605 471
1063 472
3362 473
5914 474
2500 475
291 476
4837 477
2377 478
772 479
2626 480
5143 481
1840 482
3164 483
2088 484
2811 485
5715 486
5853 487
2942 488
1870 489
1375 490
3330 491
966 492
2445 493
2189 494
5515 495
4285 496
5110 497
4934 498
2612 499
3862 500
1568 501
3165 502
3594 503
4233 504
2898 505
2090 506
1218 507
2105 508
2971 509
5158 510
2223 511
5516 512
5465 513
4552 514
4606 515
3886 516
5076 517
5054 518
5327 519
3278 520
2232 521
5895 522
3315 523
206 524
3902 525
2577 526
5970 527
1103 528
5205 529
2503 530
559 531
4434 532
466 533
624 534
938 535
3355 536
561 537
3162 538
2520 539
5461 540
420 541
1433 542
328 543
5405 544
5528 545
2882 546
381 547
5505 548
4104 549
1469 550
4063 551
5697 552
2844 553
2167 554
5258 555
3827 556
1034 557
2631 558
3163 559
4721 560
1845 561
5029 562
685 563
3562 564
3758 565
2256 566
5936 567
3902 568
1412 569
967 570
4255 571
1380 572
5539 573
1797 574
91 575
107 576
412 577
3774 578
519 579
2311 580
2614 581
2981 582
645 583
1235 584
5035 585
3432 586
2044 587
4521 588
751 589
1786 590
354 591
3212 592
5023 593
4785 594
5016 595
4206 596
4012 597
1386 598
3483 599
