600 850
5299 0
735 1
4031 2
2346 3
81 4
395 5
1994 6
1205 7
164 8
8 9
641 10
4126 11
4520 12
160 13
945 14
1854 15
4902 16
1312 17
4816 18
2363 19
1434 20
4805 21
5069 22
5258 23
1441 24
4018 25
4224 26
3626 27
2023 28
5574 29
1226 30
2574 31
4278 32
897 33
5942 34
5065 35
4141 36
5003 37
5548 38
1049 39
1584 40
1612 41
4135 42
5111 43
1198 44
2533 45
3226 46
2043 47
1808 48
3307 49
5061 50
721 51
1067 52
1300 53
3916 54
1890 55
4171 56
3071 57
3228 58
816 59
4426 60
2252 61
3658 62
907 63
653 64
49 65
5111 66
969 67
3428 68
4396 69
537 70
3465 71
965 72
3005 73
2952 74
3413 75
2602 76
2655 77
5149 78
4651 79
3224 80
211 81
4546 82
5415 83
5453 84
5343 85
3541 86
1702 87
1010 88
1499 89
4495 90
1962 91
4862 92
264 93
5908 94
5972 95
610 96
500 97
1053 98
178 99
1779 100
1746 101
1905 102
5013 103
3083 104
2427 105
5378 106
5758 107
5218 108
5741 109
3516 110
2527 111
2512 112
3578 113
2591 114
165 115
146 116
4934 117
317 118
2262 119
3441 120
2211 121
3515 122
1887 123
5544 124
2361 125
695 126
97 127
3364 128
3015 129
343 130
3105 131
1924 132
4810 133
3052 134
5099 135
4957 136
3145 137
366 138
1771 139
1869 140
2631 141
2431 142
4674 143
1167 144
5453 145
3071 146
5662 147
3989 148
4451 149
306 150
2130 151
5568 152
4176 153
4284 154
4900 155
2737 156
1889 157
3464 158
1100 159
5000 160
3513 161
1103 162
1902 163
5629 164
704 165
2138 166
4657 167
5476 168
3791 169
3529 170
5427 171
5782 172
5826 173
3707 174
2091 175
2453 176
4745 177
5941 178
5611 179
579 180
5956 181
355 182
4288 183
4555 184
4694 185
1537 186
5136 187
5882 188
3272 189
3374 190
4679 191
779 192
5453 193
4876 194
2391 195
5486 196
4641 197
3244 198
5772 199
3448 200
2905 201
3287 202
723 203
1700 204
2001 205
5042 206
295 207
3512 208
5885 209
2657 210
565 211
4120 212
604 213
2769 214
4794 215
202 216
2080 217
288 218
4524 219
1928 220
2582 221
4013 222
2412 223
700 224
511 225
2266 226
4779 227
757 228
1319 229
5102 230
1839 231
4214 232
2622 233
2504 234
5567 235
2607 236
1169 237
3231 238
3639 239
1153 240
541 241
143 242
5800 243
1242 244
1734 245
3983 246
5938 247
2013 248
2686 249
4957 250
1210 251
5152 252
211 253
5145 254
5064 255
807 256
1019 257
5556 258
5337 259
484 260
542 261
4119 262
4733 263
3350 264
2993 265
2281 266
2585 267
5660 268
522 269
1262 270
1512 271
1930 272
1490 273
535 274
4036 275
3360 276
103 277
4654 278
4140 279
1853 280
618 281
1164 282
2236 283
1352 284
169 285
2104 286
4759 287
443 288
5020 289
3172 290
197 291
3469 292
2452 293
5354 294
4373 295
3077 296
312 297
913 298
5977 299
3393 300
1093 301
127 302
3260 303
760 304
2896 305
2887 306
2830 307
2994 308
523 309
5858 310
1648 311
5687 312
1969 313
5606 314
569 315
670 316
4104 317
3667 318
2233 319
104 320
2178 321
5386 322
5024 323
586 324
496 325
2885 326
2699 327
3190 328
4694 329
5740 330
5985 331
3808 332
5310 333
4575 334
4081 335
1601 336
2400 337
2253 338
4483 339
4526 340
5824 341
1369 342
4002 343
5961 344
3181 345
2437 346
4098 347
434 348
4595 349
109 350
5716 351
4846 352
3544 353
2686 354
5051 355
4762 356
5492 357
4069 358
1899 359
952 360
3944 361
3176 362
1605 363
2944 364
2422 365
153 366
5513 367
3553 368
706 369
2623 370
4345 371
5882 372
3881 373
1777 374
1883 375
4139 376
273 377
3968 378
4558 379
2760 380
1262 381
5216 382
2994 383
1406 384
2027 385
943 386
5159 387
5154 388
1324 389
2543 390
1635 391
5169 392
5333 393
1350 394
4689 395
564 396
154 397
2019 398
1415 399
2797 400
599 401
553 402
1834 403
3427 404
1321 405
4464 406
5008 407
4791 408
5228 409
1866 410
5983 411
4515 412
4947 413
3413 414
5578 415
3265 416
5160 417
3218 418
3837 419
5207 420
3515 421
2683 422
1325 423
5265 424
3593 425
1753 426
942 427
1400 428
1451 429
3315 430
1970 431
4122 432
3579 433
3387 434
2802 435
4822 436
2085 437
2055 438
4609 439
3255 440
2992 441
2205 442
3578 443
5235 444
4034 445
4220 446
3972 447
1366 448
5620 449
3759 450
2989 451
5307 452
2937 453
1027 454
5037 455
777 456
5502 457
1360 458
1282 459
3504 460
5704 461
5955 462
5441 463
1162 464
896 465
5609 466
1337 467
4199 468
4595 469
3483 470
4570 471
5789 472
3897 473
4413 474
2980 475
1417 476
4898 477
2019 478
4372 479
2875 480
2031 481
596 482
3844 483
413 484
4039 485
3324 486
3706 487
2011 488
2920 489
3694 490
4056 491
4014 492
3533 493
4064 494
2190 495
774 496
4370 497
3863 498
547 499
673 500
1490 501
265 502
5064 503
109 504
2608 505
247 506
5428 507
3316 508
4025 509
277 510
2543 511
3946 512
4814 513
4876 514
2982 515
1738 516
5559 517
4118 518
5751 519
3196 520
842 521
5696 522
1840 523
5756 524
3443 525
3202 526
5119 527
557 528
5061 529
4178 530
389 531
1871 532
100 533
5179 534
5829 535
351 536
3751 537
2057 538
2927 539
5144 540
1718 541
728 542
5156 543
5171 544
2401 545
3027 546
334 547
4590 548
2381 549
4685 550
384 551
5924 552
2875 553
369 554
2640 555
806 556
709 557
5455 558
5697 559
1323 560
1177 561
1675 562
5582 563
885 564
4007 565
1989 566
1400 567
109 568
2659 569
3162 570
4631 571
132 572
1831 573
5075 574
2924 575
590 576
883 577
5589 578
3945 579
5124 580
458 581
3480 582
2683 583
1323 584
4131 585
4836 586
1021 587
2310 588
1481 589
3668 590
4381 591
526 592
5335 593
2608 594
3452 595
5779 596
1766 597
5890 598
1149 599
