600 700
5167 0
1489 1
509 2
2470 3
4671 4
2443 5
3411 6
2503 7
869 8
810 9
470 10
2830 11
4435 12
1451 13
4058 14
2389 15
3229 16
5780 17
5490 18
603 19
4231 20
398 21
666 22
621 23
2109 24
5586 25
3525 26
3745 27
1634 28
3807 29
3319 30
3740 31
5394 32
4697 33
5785 34
1049 35
2905 36
2106 37
3428 38
837 39
4668 40
5552 41
856 42
5983 43
1846 44
407 45
5713 46
2090 47
4412 48
2954 49
3368 50
2517 51
1947 52
3642 53
3384 54
1608 55
2132 56
1849 57
4974 58
2342 59
4654 60
5702 61
278 62
4812 63
1950 64
585 65
437 66
2801 67
2764 68
2117 69
2836 70
2036 71
1150 72
3459 73
4415 74
3783 75
4283 76
4284 77
4263 78
790 79
726 80
949 81
703 82
4007 83
1152 84
2407 85
2555 86
3562 87
406 88
2058 89
4784 90
1982 91
3466 92
1138 93
2029 94
1444 95
1040 96
4124 97
4013 98
2715 99
3815 100
2159 101
4720 102
1766 103
1849 104
1941 105
1920 106
1155 107
4851 108
5280 109
4607 110
864 111
5342 112
2425 113
3151 114
3423 115
5013 116
5044 117
1513 118
4348 119
4070 120
2856 121
5067 122
736 123
32 124
690 125
5945 126
2340 127
4250 128
2224 129
1289 130
5764 131
5036 132
4000 133
928 134
3024 135
830 136
2231 137
3264 138
5236 139
2516 140
432 141
1952 142
3820 143
1399 144
3438 145
3013 146
3670 147
186 148
856 149
128 150
3402 151
4163 152
4233 153
2889 154
1900 155
1361 156
5480 157
278 158
2624 159
2815 160
1744 161
3857 162
3249 163
4183 164
1968 165
1303 166
2033 167
4060 168
1980 169
2989 170
3507 171
2032 172
3699 173
4973 174
1971 175
109 176
747 177
2017 178
4314 179
398 180
938 181
1079 182
149 183
2223 184
3045 185
4479 186
2570 187
5121 188
1263 189
723 190
2964 191
2033 192
2010 193
3163 194
5423 195
3420 196
2048 197
4064 198
666 199
5685 200
2549 201
3808 202
153 203
5567 204
826 205
2008 206
4830 207
5765 208
3802 209
4357 210
5210 211
3050 212
988 213
2135 214
1788 215
3837 216
5640 217
1810 218
2752 219
3771 220
2720 221
4236 222
4811 223
2770 224
183 225
2348 226
3035 227
2783 228
843 229
2565 230
1963 231
5459 232
1475 233
5666 234
879 235
3316 236
1175 237
4827 238
4358 239
3128 240
534 241
1107 242
5297 243
5650 244
3599 245
5499 246
5561 247
5706 248
5664 249
825 250
1836 251
3698 252
2981 253
4319 254
2473 255
2099 256
4731 257
2721 258
1677 259
815 260
249 261
1756 262
1284 263
4085 264
1926 265
5882 266
3646 267
1335 268
650 269
2975 270
2780 271
5296 272
117 273
2739 274
4711 275
5159 276
3855 277
2036 278
2469 279
1829 280
2167 281
3909 282
772 283
1679 284
8 285
3838 286
4332 287
1380 288
5711 289
5759 290
5255 291
392 292
2041 293
1974 294
1675 295
2504 296
2837 297
1357 298
3724 299
5520 300
3212 301
60 302
4670 303
1288 304
2243 305
4869 306
4895 307
219 308
2782 309
2950 310
3946 311
343 312
5879 313
4188 314
130 315
92 316
4785 317
5355 318
2575 319
27 320
3484 321
3669 322
2503 323
975 324
4424 325
2023 326
4535 327
2132 328
1270 329
1967 330
4151 331
4263 332
3874 333
4622 334
3259 335
4110 336
5593 337
2616 338
2267 339
2020 340
647 341
4340 342
5624 343
5457 344
818 345
2373 346
3564 347
1733 348
2266 349
1995 350
738 351
1367 352
3162 353
5832 354
256 355
3697 356
5732 357
871 358
5637 359
3993 360
231 361
2120 362
3565 363
2357 364
2837 365
3333 366
4668 367
2400 368
1080 369
3433 370
93 371
4313 372
5868 373
5602 374
5282 375
3108 376
3995 377
4155 378
4713 379
5067 380
4841 381
933 382
1200 383
71 384
5002 385
294 386
2141 387
1756 388
2577 389
1186 390
365 391
3479 392
1880 393
4180 394
1414 395
4138 396
1684 397
3254 398
3279 399
629 400
139 401
1408 402
197 403
5047 404
4541 405
696 406
929 407
1678 408
525 409
3923 410
3584 411
3611 412
4917 413
3398 414
1152 415
3368 416
3010 417
402 418
1566 419
2755 420
1208 421
3933 422
1791 423
111 424
5846 425
4767 426
5136 427
4781 428
2974 429
5487 430
2888 431
1859 432
3025 433
898 434
3703 435
4072 436
2365 437
4200 438
3784 439
209 440
5810 441
4404 442
5041 443
2125 444
1448 445
3760 446
4338 447
2954 448
1209 449
2924 450
124 451
4868 452
1866 453
1651 454
1871 455
2866 456
5334 457
3544 458
3618 459
1833 460
871 461
3398 462
4075 463
1617 464
283 465
5890 466
4623 467
4421 468
754 469
4381 470
5396 471
3427 472
4648 473
2750 474
322 475
1526 476
1454 477
2439 478
771 479
1799 480
4054 481
1858 482
935 483
2767 484
3886 485
2172 486
2899 487
592 488
1671 489
1269 490
2754 491
4755 492
2603 493
1971 494
2976 495
31 496
4598 497
4136 498
2941 499
557 500
4891 501
1673 502
4351 503
350 504
3252 505
2255 506
3537 507
2392 508
5841 509
757 510
1833 511
642 512
1476 513
1415 514
3898 515
3944 516
3349 517
1709 518
1391 519
4640 520
1350 521
3805 522
4448 523
421 524
2732 525
5042 526
3922 527
908 528
3647 529
2856 530
2261 531
4518 532
3341 533
3621 534
5699 535
5960 536
843 537
4130 538
44 539
4869 540
5524 541
3165 542
4314 543
5231 544
3809 545
4924 546
1387 547
1436 548
2457 549
63 550
4114 551
1188 552
282 553
460 554
1719 555
3594 556
1199 557
3759 558
162 559
4752 560
5162 561
357 562
2948 563
1379 564
5052 565
592 566
5354 567
5908 568
1016 569
2799 570
4347 571
773 572
5181 573
4684 574
4661 575
1649 576
5230 577
4278 578
4176 579
5546 580
3408 581
4284 582
1034 583
5277 584
5751 585
68 586
4158 587
3009 588
2990 589
3783 590
2764 591
5956 592
307 593
1631 594
1103 595
2211 596
1420 597
5355 598
3623 599
