650 1350
4069 0
4069 1
5450 2
4536 3
6132 4
6163 5
6406 6
4018 7
4213 8
4852 9
1992 10
5170 11
3236 12
3338 13
4824 14
5053 15
4273 16
4139 17
2518 18
431 19
2585 20
5203 21
5489 22
3548 23
621 24
1722 25
4297 26
2391 27
5804 28
2406 29
5104 30
4713 31
5672 32
5722 33
6005 34
4477 35
551 36
1062 37
3782 38
1821 39
285 40
5008 41
5249 42
3031 43
486 44
4001 45
4877 46
952 47
3256 48
2358 49
792 50
3268 51
1917 52
2486 53
1981 54
6061 55
374 56
701 57
2159 58
490 59
6445 60
1901 61
4885 62
5737 63
3857 64
3588 65
5792 66
134 67
813 68
869 69
2874 70
1808 71
3827 72
3454 73
19 74
4884 75
5723 76
2963 77
6460 78
2296 79
5115 80
3386 81
6436 82
4156 83
6409 84
4701 85
5335 86
824 87
3309 88
372 89
3381 90
2732 91
2453 92
236 93
4450 94
3047 95
4303 96
229 97
430 98
5781 99
5428 100
6143 101
4544 102
3307 103
1591 104
6095 105
6088 106
3141 107
1196 108
3361 109
1545 110
4524 111
3839 112
3642 113
244 114
1809 115
5092 116
2560 117
6070 118
3540 119
5110 120
1472 121
58 122
4715 123
1411 124
4838 125
4636 126
4135 127
3100 128
397 129
2613 130
570 131
5891 132
609 133
5858 134
3944 135
858 136
1352 137
5877 138
2009 139
366 140
1149 141
306 142
4994 143
872 144
1853 145
2202 146
2257 147
2581 148
2566 149
3424 150
2261 151
2871 152
1911 153
1129 154
5203 155
3943 156
5183 157
443 158
375 159
4572 160
1512 161
4281 162
3114 163
5235 164
449 165
5030 166
5617 167
1935 168
5396 169
2117 170
4970 171
1454 172
6289 173
5282 174
3042 175
3329 176
6379 177
3727 178
2475 179
431 180
5513 181
3415 182
3863 183
5141 184
184 185
92 186
3044 187
4983 188
2391 189
704 190
457 191
6083 192
1194 193
3105 194
3402 195
2152 196
2514 197
2029 198
5156 199
29 200
447 201
4553 202
840 203
4279 204
959 205
3052 206
4333 207
1429 208
3718 209
2928 210
2168 211
386 212
6206 213
2015 214
1577 215
6381 216
4017 217
1792 218
1243 219
403 220
2179 221
2986 222
4012 223
3723 224
2446 225
1349 226
5515 227
224 228
2279 229
2539 230
1777 231
3480 232
3159 233
5823 234
5425 235
696 236
2808 237
4259 238
5531 239
2803 240
2727 241
6072 242
3962 243
2389 244
963 245
4868 246
3577 247
4950 248
5526 249
3642 250
1894 251
6347 252
4236 253
6056 254
4307 255
4978 256
2643 257
1083 258
6373 259
4554 260
2082 261
5011 262
1976 263
4419 264
2026 265
3347 266
1687 267
3548 268
2086 269
2081 270
3643 271
2230 272
1986 273
1701 274
2388 275
266 276
2818 277
4965 278
4103 279
1073 280
4840 281
897 282
3553 283
1554 284
5827 285
2647 286
3974 287
1868 288
827 289
4145 290
5195 291
6022 292
658 293
3000 294
5799 295
6352 296
5411 297
5979 298
104 299
856 300
6206 301
4158 302
4286 303
2579 304
4263 305
605 306
567 307
1271 308
817 309
3084 310
1723 311
3917 312
3643 313
1905 314
2308 315
1780 316
3954 317
2574 318
4685 319
1823 320
5644 321
4619 322
3135 323
1734 324
5152 325
1611 326
20 327
1760 328
5719 329
2732 330
605 331
1249 332
6457 333
1705 334
3239 335
1764 336
3306 337
2500 338
932 339
5661 340
1755 341
378 342
5656 343
6359 344
2631 345
334 346
2000 347
261 348
2300 349
2598 350
1321 351
3029 352
1030 353
1526 354
5964 355
2232 356
796 357
6075 358
56 359
2569 360
4958 361
1227 362
2953 363
1829 364
2781 365
5524 366
5625 367
3468 368
1890 369
4921 370
5527 371
2462 372
3032 373
4587 374
4763 375
2140 376
2631 377
3820 378
896 379
2688 380
994 381
2271 382
1070 383
3925 384
3025 385
619 386
427 387
1939 388
793 389
945 390
3532 391
6131 392
773 393
2918 394
1788 395
6402 396
6457 397
3204 398
3604 399
3091 400
2235 401
591 402
1003 403
1045 404
992 405
81 406
5799 407
6038 408
6242 409
4675 410
4999 411
5088 412
367 413
1190 414
6364 415
3837 416
5665 417
3758 418
988 419
3502 420
6204 421
2773 422
694 423
3955 424
4306 425
4850 426
781 427
3073 428
3659 429
5747 430
3335 431
3322 432
324 433
2481 434
703 435
2083 436
2411 437
3982 438
6205 439
3933 440
4364 441
1292 442
2533 443
4457 444
2262 445
755 446
1605 447
1660 448
3474 449
150 450
5615 451
2316 452
4823 453
4341 454
3878 455
4983 456
81 457
1440 458
1767 459
2 460
4636 461
262 462
5035 463
456 464
3663 465
2085 466
861 467
6027 468
857 469
3238 470
4061 471
4432 472
266 473
512 474
5482 475
2025 476
3565 477
2111 478
4071 479
817 480
2296 481
5495 482
2913 483
712 484
5226 485
289 486
3051 487
2264 488
665 489
3121 490
5599 491
1999 492
844 493
3385 494
4477 495
564 496
4639 497
4803 498
1957 499
743 500
5632 501
282 502
4220 503
3733 504
5576 505
4778 506
992 507
2799 508
5919 509
3758 510
4606 511
5862 512
619 513
3452 514
4074 515
5469 516
3266 517
2774 518
2458 519
4373 520
3800 521
2904 522
1113 523
978 524
3638 525
4077 526
1341 527
2510 528
3143 529
3720 530
1422 531
5067 532
2446 533
4698 534
1136 535
4990 536
6261 537
3654 538
2523 539
4901 540
2699 541
4744 542
4472 543
1807 544
4791 545
1592 546
3765 547
3256 548
3094 549
873 550
1569 551
5786 552
5568 553
4618 554
5683 555
4728 556
163 557
3913 558
4612 559
1489 560
3390 561
2939 562
4042 563
374 564
3188 565
27 566
1118 567
3549 568
2768 569
5660 570
3644 571
3403 572
5137 573
844 574
3772 575
4650 576
6064 577
3064 578
2635 579
6467 580
5748 581
778 582
2668 583
1225 584
1099 585
3011 586
1046 587
30 588
2585 589
2924 590
2836 591
4880 592
1348 593
636 594
1773 595
1473 596
2194 597
1684 598
4472 599
4967 600
5764 601
789 602
5817 603
1662 604
1451 605
4492 606
6417 607
1641 608
3568 609
3912 610
4175 611
1805 612
6452 613
6066 614
3898 615
1874 616
5704 617
5135 618
3036 619
1812 620
370 621
5885 622
3676 623
5941 624
3993 625
4114 626
438 627
876 628
5350 629
4593 630
5700 631
1863 632
6251 633
2339 634
4075 635
6194 636
3694 637
4208 638
397 639
3926 640
6369 641
3548 642
2300 643
1825 644
6369 645
6194 646
6116 647
1782 648
4960 649
