650 900
4964 0
3503 1
4505 2
1609 3
2208 4
6060 5
3680 6
242 7
5449 8
4788 9
736 10
3086 11
6339 12
1698 13
1317 14
1004 15
1760 16
6024 17
231 18
1075 19
2630 20
1902 21
3526 22
4349 23
5795 24
6097 25
798 26
395 27
2336 28
3925 29
4648 30
3568 31
469 32
5082 33
5772 34
659 35
4493 36
5261 37
3045 38
4635 39
3247 40
5378 41
4028 42
5265 43
6176 44
4342 45
6206 46
5790 47
3719 48
6367 49
4094 50
3886 51
5782 52
5991 53
6397 54
6134 55
664 56
1853 57
3303 58
4255 59
4348 60
430 61
2993 62
2479 63
1098 64
4385 65
2448 66
3281 67
2043 68
2317 69
3819 70
255 71
4909 72
4470 73
5223 74
58 75
6106 76
3785 77
6180 78
3387 79
4601 80
4068 81
1660 82
4056 83
6232 84
825 85
1822 86
1159 87
3489 88
2227 89
3428 90
6472 91
476 92
3374 93
135 94
6022 95
1297 96
5557 97
4547 98
5539 99
1507 100
4477 101
3117 102
2689 103
1542 104
599 105
1209 106
5804 107
1002 108
4641 109
2252 110
2225 111
413 112
6060 113
4378 114
4823 115
994 116
1448 117
6104 118
797 119
2072 120
730 121
4392 122
4451 123
5496 124
1194 125
60 126
5194 127
724 128
3543 129
1896 130
125 131
1561 132
340 133
187 134
5127 135
6440 136
190 137
4237 138
4783 139
1501 140
3473 141
547 142
3674 143
5444 144
5414 145
1377 146
4357 147
6388 148
447 149
6016 150
1298 151
2354 152
3627 153
2597 154
6401 155
1321 156
5324 157
1932 158
2099 159
5 160
311 161
6156 162
3929 163
4814 164
2788 165
5885 166
6381 167
6489 168
5987 169
5140 170
1161 171
500 172
6223 173
5207 174
5429 175
284 176
1237 177
4208 178
613 179
4576 180
322 181
319 182
1143 183
1712 184
5424 185
1457 186
5565 187
212 188
523 189
4477 190
4288 191
4868 192
4702 193
65 194
3443 195
3102 196
4298 197
1987 198
2851 199
3423 200
1693 201
5974 202
4485 203
4842 204
4611 205
2708 206
1320 207
5518 208
750 209
2339 210
1895 211
816 212
3083 213
4420 214
5299 215
1062 216
3260 217
3396 218
5229 219
1062 220
1987 221
1021 222
825 223
247 224
1893 225
1096 226
5929 227
1135 228
4096 229
3624 230
1511 231
5100 232
2833 233
930 234
4199 235
2101 236
4003 237
3951 238
1081 239
4880 240
159 241
578 242
3155 243
1421 244
3641 245
6452 246
895 247
1900 248
634 249
3415 250
1974 251
5508 252
2802 253
1671 254
5472 255
2394 256
4564 257
5002 258
3784 259
3946 260
5725 261
3201 262
5562 263
4878 264
2713 265
3576 266
2926 267
4425 268
6053 269
3853 270
1448 271
162 272
3185 273
980 274
2283 275
3195 276
2148 277
4972 278
6434 279
4867 280
5801 281
4675 282
1570 283
4112 284
1982 285
6086 286
2741 287
2273 288
6295 289
4934 290
5674 291
5785 292
698 293
352 294
5437 295
6131 296
6198 297
2115 298
530 299
164 300
171 301
1470 302
3733 303
4866 304
342 305
6226 306
3231 307
3778 308
240 309
1015 310
2322 311
6275 312
1893 313
2928 314
4571 315
4774 316
5550 317
154 318
6296 319
2863 320
3453 321
3258 322
1043 323
2174 324
3137 325
3745 326
6330 327
1549 328
2753 329
805 330
2230 331
5001 332
1516 333
6461 334
2902 335
5016 336
1478 337
4211 338
955 339
3832 340
1977 341
5084 342
3646 343
2083 344
692 345
6146 346
571 347
329 348
5108 349
577 350
1954 351
1224 352
532 353
1210 354
1056 355
4469 356
2934 357
6281 358
4502 359
4873 360
2542 361
4595 362
751 363
5340 364
127 365
6052 366
556 367
755 368
3423 369
4185 370
2159 371
3496 372
3930 373
1518 374
4978 375
367 376
5509 377
356 378
2334 379
4788 380
2767 381
5187 382
3253 383
6290 384
5395 385
451 386
5821 387
46 388
3691 389
5985 390
1364 391
6392 392
5725 393
1205 394
396 395
935 396
1345 397
5385 398
4387 399
2760 400
6450 401
5752 402
3613 403
5599 404
2287 405
4360 406
5874 407
3932 408
713 409
710 410
1977 411
5605 412
5812 413
5055 414
2252 415
3076 416
538 417
208 418
4709 419
5669 420
2402 421
4060 422
337 423
3430 424
801 425
726 426
2394 427
3317 428
1550 429
3188 430
2173 431
4903 432
1699 433
4194 434
1496 435
1518 436
6018 437
622 438
4089 439
4217 440
4584 441
2341 442
4908 443
2593 444
5465 445
291 446
388 447
4663 448
1486 449
3641 450
4825 451
3867 452
6340 453
2223 454
3494 455
4670 456
4362 457
5351 458
2167 459
3870 460
765 461
6035 462
1601 463
3165 464
5832 465
1794 466
3204 467
3055 468
6289 469
5798 470
4464 471
1572 472
4042 473
5475 474
4070 475
1400 476
6028 477
4735 478
5149 479
1575 480
4774 481
2730 482
6151 483
5811 484
2516 485
489 486
513 487
4733 488
6229 489
6344 490
2331 491
2485 492
3140 493
4724 494
3133 495
1891 496
1772 497
528 498
2222 499
1937 500
2808 501
2327 502
2906 503
1964 504
2398 505
2813 506
3906 507
4374 508
2691 509
3786 510
2666 511
1596 512
5481 513
4792 514
1622 515
95 516
136 517
1495 518
4922 519
130 520
5011 521
2625 522
5772 523
104 524
1103 525
5047 526
5708 527
1211 528
3236 529
5273 530
5197 531
4478 532
1058 533
3048 534
4226 535
4275 536
450 537
3388 538
2262 539
2481 540
3585 541
3184 542
5955 543
5307 544
332 545
345 546
3111 547
416 548
3048 549
1615 550
6249 551
6433 552
1656 553
5551 554
4038 555
5357 556
6022 557
850 558
1109 559
1068 560
4643 561
6194 562
300 563
289 564
6344 565
5619 566
6438 567
5559 568
869 569
2549 570
344 571
993 572
5508 573
5342 574
4438 575
2703 576
3716 577
2452 578
1690 579
4292 580
3511 581
6015 582
1221 583
4976 584
3810 585
4950 586
6160 587
3754 588
2233 589
1025 590
6162 591
3988 592
3420 593
2189 594
1484 595
4693 596
1718 597
2988 598
4186 599
4281 600
2290 601
2133 602
6265 603
5904 604
79 605
4140 606
2209 607
1671 608
1421 609
5536 610
3907 611
5317 612
1675 613
1725 614
1956 615
2075 616
4671 617
2641 618
5119 619
1466 620
612 621
3396 622
294 623
1778 624
1437 625
481 626
5630 627
1155 628
169 629
5784 630
2609 631
4569 632
4219 633
3089 634
1333 635
1929 636
4859 637
2571 638
1749 639
5224 640
6353 641
4980 642
2980 643
1600 644
5011 645
3179 646
3092 647
3283 648
3517 649
