600 450
5110 0
1628 1
5425 2
1057 3
3222 4
4774 5
5069 6
4685 7
2348 8
5266 9
2173 10
5737 11
3769 12
3068 13
1787 14
5444 15
5634 16
2128 17
2196 18
5219 19
3764 20
3901 21
2724 22
5901 23
2695 24
2288 25
3720 26
5632 27
4723 28
4564 29
927 30
2020 31
1721 32
2292 33
4369 34
3941 35
3907 36
4070 37
508 38
1801 39
3712 40
2809 41
2771 42
5091 43
3077 44
5170 45
384 46
3934 47
756 48
2624 49
413 50
1881 51
736 52
4983 53
4126 54
1405 55
3675 56
5847 57
4294 58
440 59
4524 60
4031 61
2046 62
2938 63
2403 64
1082 65
1648 66
5112 67
185 68
4031 69
809 70
5314 71
3143 72
5722 73
271 74
3363 75
1240 76
2337 77
2543 78
233 79
5122 80
3781 81
759 82
140 83
5132 84
3428 85
1272 86
767 87
5029 88
4997 89
88 90
5452 91
1147 92
2525 93
4626 94
1428 95
3586 96
5608 97
5743 98
2373 99
5407 100
1301 101
4509 102
1429 103
1707 104
2393 105
246 106
4105 107
430 108
3132 109
5302 110
813 111
472 112
3104 113
1274 114
9 115
1114 116
1208 117
5204 118
4527 119
3062 120
3606 121
5670 122
3970 123
2777 124
1623 125
2907 126
3750 127
4296 128
3123 129
828 130
3578 131
3276 132
1969 133
5753 134
3311 135
5016 136
4385 137
4986 138
3817 139
4872 140
5464 141
4964 142
3729 143
3133 144
4978 145
2477 146
1674 147
5591 148
562 149
384 150
4796 151
751 152
1744 153
4082 154
5707 155
2367 156
5236 157
2809 158
1996 159
4429 160
3467 161
3256 162
2148 163
1838 164
2043 165
5615 166
3264 167
5017 168
4756 169
5468 170
3296 171
1622 172
4845 173
3088 174
4265 175
546 176
3533 177
351 178
1030 179
2280 180
795 181
1836 182
774 183
547 184
5528 185
770 186
2474 187
4284 188
1233 189
4807 190
2948 191
5664 192
2514 193
5424 194
1479 195
1895 196
1743 197
944 198
4331 199
3367 200
1599 201
4595 202
573 203
1665 204
4612 205
207 206
4742 207
4650 208
4387 209
2219 210
5792 211
3634 212
5355 213
5109 214
821 215
812 216
4566 217
4765 218
4883 219
2762 220
139 221
5688 222
2625 223
2331 224
2060 225
2749 226
4148 227
525 228
192 229
477 230
833 231
5104 232
1213 233
2184 234
1051 235
2288 236
5878 237
1521 238
4562 239
1900 240
3945 241
2020 242
275 243
5563 244
4807 245
2379 246
828 247
5245 248
289 249
2422 250
1856 251
1755 252
4869 253
981 254
2525 255
5696 256
2885 257
4269 258
5591 259
5074 260
3072 261
1415 262
2407 263
1344 264
5348 265
1510 266
123 267
3290 268
4342 269
68 270
5114 271
3867 272
3773 273
832 274
692 275
2260 276
3473 277
4019 278
4887 279
5355 280
3507 281
807 282
2244 283
3831 284
1372 285
479 286
300 287
5167 288
1855 289
2859 290
2164 291
2844 292
1828 293
4762 294
4164 295
5771 296
5373 297
4767 298
4425 299
330 300
235 301
999 302
3488 303
4861 304
2173 305
1525 306
2081 307
1654 308
25 309
3981 310
3031 311
5429 312
2598 313
207 314
4766 315
5897 316
1860 317
2099 318
5472 319
2646 320
3569 321
1223 322
912 323
3107 324
625 325
1637 326
3291 327
721 328
5327 329
4333 330
5412 331
2695 332
217 333
4939 334
1860 335
3700 336
2029 337
1626 338
4305 339
1077 340
2569 341
3497 342
1300 343
1566 344
5165 345
4461 346
3396 347
5513 348
2228 349
3533 350
5150 351
407 352
4826 353
3826 354
319 355
4969 356
1768 357
3362 358
2019 359
5845 360
5178 361
5537 362
4450 363
4442 364
972 365
3842 366
2156 367
431 368
2729 369
156 370
5361 371
2095 372
1271 373
965 374
3049 375
3624 376
4908 377
155 378
1419 379
1828 380
1656 381
2989 382
641 383
929 384
4644 385
2750 386
2522 387
2568 388
5521 389
194 390
4246 391
3149 392
3572 393
4963 394
5700 395
1313 396
1582 397
2618 398
1307 399
4840 400
4575 401
5625 402
3990 403
5304 404
703 405
2616 406
2514 407
1220 408
110 409
917 410
4415 411
3923 412
1362 413
5868 414
5565 415
3153 416
3233 417
806 418
5366 419
5200 420
5980 421
380 422
5157 423
1055 424
5844 425
4023 426
4939 427
3176 428
772 429
525 430
992 431
5801 432
5012 433
3065 434
1281 435
5918 436
4319 437
3642 438
5402 439
2733 440
5333 441
4942 442
5413 443
2318 444
3825 445
4930 446
2197 447
2379 448
2938 449
2535 450
559 451
694 452
4669 453
1267 454
1793 455
249 456
2108 457
4435 458
1342 459
759 460
4611 461
813 462
5144 463
1881 464
1991 465
1037 466
5661 467
2554 468
629 469
5473 470
489 471
3438 472
5326 473
2330 474
3405 475
3565 476
2278 477
5558 478
2760 479
3842 480
3316 481
2379 482
3595 483
4865 484
938 485
5769 486
3336 487
4565 488
4015 489
1633 490
3365 491
217 492
678 493
5606 494
3770 495
2216 496
396 497
4224 498
604 499
3188 500
3608 501
2215 502
835 503
4704 504
198 505
5859 506
259 507
4305 508
4966 509
5879 510
2060 511
1049 512
1510 513
2258 514
3531 515
865 516
5890 517
4090 518
116 519
2597 520
558 521
4880 522
4770 523
5374 524
2018 525
3957 526
2225 527
4768 528
5266 529
3727 530
2558 531
4073 532
3974 533
3124 534
1407 535
3683 536
2124 537
5056 538
5796 539
3965 540
5140 541
5722 542
1650 543
2287 544
3737 545
3020 546
397 547
1329 548
5572 549
5764 550
5481 551
5249 552
1503 553
4388 554
185 555
4592 556
4832 557
1377 558
5363 559
5898 560
5735 561
4226 562
1521 563
687 564
2190 565
820 566
12 567
157 568
5725 569
4041 570
48 571
5349 572
4282 573
1358 574
5230 575
4601 576
4185 577
784 578
5840 579
3040 580
4766 581
213 582
2317 583
5669 584
4702 585
4908 586
10 587
5136 588
5655 589
4440 590
2071 591
1619 592
413 593
4562 594
2806 595
1723 596
5113 597
455 598
3476 599
