650 1550
5193 0
4933 1
5661 2
6181 3
3659 4
2241 5
6492 6
380 7
5669 8
3457 9
491 10
5956 11
5389 12
3478 13
1536 14
2103 15
5438 16
2225 17
5445 18
3459 19
5483 20
2410 21
5265 22
43 23
2762 24
6078 25
3501 26
4885 27
4234 28
1888 29
5127 30
1682 31
5956 32
2165 33
3886 34
2083 35
2099 36
6363 37
5468 38
3600 39
1559 40
3271 41
1391 42
2435 43
947 44
5787 45
4785 46
4705 47
2747 48
3743 49
6292 50
5301 51
3226 52
2374 53
4603 54
3133 55
2874 56
5972 57
35 58
1056 59
1726 60
4367 61
862 62
1866 63
4869 64
2876 65
3927 66
2117 67
4707 68
4865 69
749 70
4201 71
2505 72
3681 73
4681 74
5729 75
752 76
1832 77
4213 78
5812 79
278 80
4956 81
52 82
2805 83
5255 84
452 85
6404 86
3411 87
3288 88
3972 89
6302 90
2873 91
2472 92
5141 93
2544 94
2466 95
5360 96
5651 97
4430 98
6431 99
2424 100
4984 101
3897 102
4914 103
109 104
2277 105
2184 106
4044 107
170 108
902 109
1759 110
4192 111
3581 112
2693 113
1102 114
2088 115
2144 116
3579 117
14 118
2920 119
1110 120
5415 121
2946 122
5068 123
2914 124
5925 125
54 126
202 127
4259 128
230 129
4831 130
4461 131
5019 132
4576 133
6039 134
1978 135
4194 136
5714 137
3213 138
3498 139
4828 140
5576 141
986 142
4414 143
1424 144
2793 145
1161 146
466 147
4044 148
2924 149
4355 150
2550 151
6445 152
5328 153
4810 154
3398 155
2507 156
1624 157
4435 158
164 159
3296 160
1366 161
3240 162
1206 163
5294 164
552 165
5863 166
571 167
1733 168
3562 169
6217 170
1943 171
56 172
4612 173
2782 174
3191 175
5198 176
2161 177
4655 178
4367 179
268 180
375 181
4555 182
3888 183
850 184
1016 185
4417 186
1309 187
5192 188
6327 189
2319 190
2828 191
6203 192
3571 193
5566 194
4361 195
5582 196
3170 197
1027 198
2004 199
5838 200
6222 201
5226 202
448 203
4455 204
2015 205
3251 206
293 207
1866 208
5498 209
2260 210
6472 211
1797 212
5359 213
1738 214
1247 215
5282 216
3988 217
2657 218
3576 219
3132 220
1990 221
6276 222
427 223
2445 224
4867 225
1287 226
2567 227
3726 228
5596 229
4481 230
3861 231
2270 232
5569 233
1175 234
6010 235
1005 236
2832 237
3145 238
2925 239
2312 240
5756 241
657 242
5861 243
3807 244
1632 245
5101 246
6003 247
441 248
3310 249
2040 250
4198 251
5071 252
646 253
177 254
413 255
6437 256
3094 257
434 258
3831 259
1942 260
1444 261
1801 262
2583 263
969 264
4949 265
4415 266
5875 267
4465 268
2435 269
5351 270
1308 271
3018 272
53 273
4737 274
6398 275
400 276
5988 277
4438 278
2513 279
3598 280
4153 281
2330 282
1634 283
5753 284
650 285
241 286
153 287
875 288
1153 289
3971 290
761 291
4936 292
1208 293
3863 294
5866 295
2316 296
954 297
5098 298
4221 299
3125 300
2158 301
6490 302
2493 303
1015 304
732 305
1610 306
4783 307
5109 308
2091 309
6462 310
685 311
2410 312
1785 313
2773 314
3925 315
223 316
2871 317
768 318
2084 319
26 320
5120 321
3669 322
1782 323
3844 324
3565 325
3781 326
2750 327
4605 328
6315 329
5768 330
5284 331
326 332
3566 333
395 334
1092 335
6011 336
408 337
729 338
5429 339
5427 340
2383 341
3752 342
3484 343
5332 344
6279 345
6358 346
2029 347
4736 348
6035 349
1491 350
3094 351
5781 352
627 353
546 354
2013 355
6100 356
508 357
5993 358
4200 359
4136 360
4467 361
1226 362
907 363
2228 364
102 365
3104 366
1212 367
1387 368
1328 369
6237 370
2369 371
1088 372
4206 373
1729 374
6316 375
854 376
2634 377
2964 378
926 379
5622 380
2257 381
615 382
4682 383
4998 384
728 385
3823 386
1613 387
5656 388
5703 389
5748 390
3062 391
2137 392
3806 393
1699 394
2329 395
799 396
631 397
1818 398
5396 399
4071 400
690 401
3465 402
2522 403
4618 404
3371 405
1839 406
5210 407
178 408
4634 409
5069 410
2828 411
2499 412
4888 413
3522 414
4005 415
1132 416
6118 417
3506 418
1573 419
2454 420
1494 421
4085 422
3817 423
3705 424
2139 425
1068 426
1689 427
1970 428
4413 429
5937 430
3877 431
4515 432
4577 433
1448 434
5790 435
2737 436
2113 437
6192 438
2351 439
6242 440
2472 441
1786 442
4360 443
3772 444
4000 445
3999 446
5537 447
1720 448
3728 449
164 450
6037 451
351 452
447 453
2407 454
2651 455
4854 456
5453 457
5812 458
4994 459
5912 460
4425 461
4203 462
860 463
4240 464
6248 465
2084 466
190 467
5562 468
5391 469
4353 470
4652 471
2187 472
5530 473
1836 474
1765 475
909 476
2302 477
2956 478
4924 479
6311 480
5177 481
5395 482
5982 483
229 484
2014 485
6217 486
4294 487
3181 488
2904 489
4959 490
5270 491
5156 492
366 493
2503 494
4296 495
5554 496
2599 497
795 498
3618 499
6240 500
442 501
3965 502
1268 503
1189 504
4175 505
5292 506
1195 507
5240 508
3253 509
1945 510
3931 511
6395 512
6174 513
4170 514
1336 515
2367 516
4673 517
2457 518
1211 519
5271 520
2618 521
5268 522
646 523
874 524
362 525
4701 526
264 527
2130 528
2278 529
826 530
1446 531
33 532
931 533
3412 534
5954 535
5518 536
1672 537
5231 538
1497 539
2446 540
3400 541
875 542
286 543
4120 544
854 545
2195 546
3762 547
5967 548
14 549
4303 550
4009 551
5177 552
1071 553
1525 554
2361 555
461 556
3095 557
6366 558
1453 559
5405 560
381 561
4329 562
4884 563
445 564
6084 565
4345 566
788 567
4905 568
997 569
3851 570
2214 571
3320 572
5765 573
3617 574
2790 575
5227 576
4585 577
629 578
877 579
4641 580
5158 581
4115 582
1620 583
587 584
3726 585
4580 586
150 587
4508 588
1514 589
1281 590
213 591
1801 592
4509 593
5814 594
122 595
1859 596
2546 597
3357 598
1341 599
3166 600
1232 601
1562 602
1926 603
6 604
3760 605
5994 606
3863 607
1221 608
2899 609
4391 610
4142 611
704 612
745 613
4445 614
454 615
6079 616
4200 617
2012 618
2986 619
1160 620
1507 621
671 622
5945 623
1821 624
2801 625
738 626
3362 627
862 628
507 629
2312 630
1367 631
5636 632
970 633
6406 634
82 635
764 636
5429 637
5656 638
810 639
818 640
2504 641
3329 642
3192 643
3453 644
4717 645
4104 646
2105 647
1475 648
895 649
