600 1150
2795 0
11 1
4802 2
2136 3
5597 4
1265 5
4989 6
65 7
5309 8
1783 9
5597 10
3490 11
5042 12
1160 13
447 14
274 15
3156 16
1353 17
4698 18
495 19
1230 20
2591 21
2079 22
975 23
2285 24
4800 25
3978 26
852 27
2265 28
4901 29
3019 30
4705 31
3591 32
2975 33
265 34
2740 35
5508 36
4512 37
1254 38
5117 39
805 40
5820 41
4206 42
4245 43
4785 44
1068 45
3422 46
4855 47
594 48
5003 49
4 50
5444 51
2659 52
964 53
4381 54
1947 55
424 56
2334 57
5800 58
3688 59
4325 60
3142 61
83 62
1877 63
705 64
3506 65
2719 66
4115 67
3536 68
420 69
5444 70
3794 71
2844 72
579 73
1121 74
2759 75
1396 76
1934 77
571 78
2540 79
1266 80
3799 81
5893 82
1604 83
5082 84
1380 85
1297 86
400 87
4557 88
1040 89
2891 90
3007 91
4870 92
5830 93
697 94
3150 95
4515 96
4902 97
1222 98
2413 99
2465 100
4461 101
5997 102
2189 103
5835 104
373 105
2393 106
1901 107
310 108
447 109
4422 110
4537 111
4426 112
3757 113
5659 114
1212 115
2386 116
2298 117
5479 118
3642 119
3855 120
5233 121
1533 122
3026 123
4556 124
3318 125
2622 126
2789 127
2120 128
661 129
1906 130
1 131
5610 132
2196 133
5467 134
331 135
457 136
4569 137
3909 138
3478 139
2409 140
4521 141
2896 142
5532 143
3399 144
4005 145
5330 146
2016 147
5599 148
1669 149
5598 150
1137 151
2201 152
1664 153
3048 154
2217 155
4628 156
5792 157
2484 158
1554 159
1600 160
4433 161
4564 162
5287 163
5533 164
5158 165
3194 166
2642 167
4746 168
2086 169
2634 170
3904 171
827 172
937 173
3096 174
4727 175
3349 176
679 177
4967 178
1603 179
2629 180
5294 181
3516 182
2956 183
508 184
5138 185
2747 186
2654 187
1217 188
5890 189
2639 190
1872 191
2458 192
5285 193
2423 194
5217 195
5940 196
3429 197
1874 198
1925 199
1703 200
388 201
798 202
3570 203
1308 204
3860 205
1064 206
3697 207
460 208
1634 209
595 210
99 211
127 212
3155 213
5784 214
3135 215
4744 216
5728 217
1092 218
821 219
5875 220
3439 221
5885 222
5382 223
1209 224
675 225
4840 226
5684 227
607 228
1468 229
5883 230
5070 231
1406 232
5726 233
1633 234
2199 235
3336 236
2092 237
2622 238
2715 239
3284 240
3970 241
2535 242
2276 243
3396 244
5125 245
504 246
3761 247
3564 248
5164 249
5040 250
976 251
3282 252
479 253
5580 254
4891 255
4214 256
970 257
5232 258
1954 259
2687 260
1916 261
1148 262
3889 263
2105 264
2793 265
1680 266
3761 267
2876 268
459 269
4285 270
586 271
1563 272
4208 273
5427 274
928 275
4508 276
5561 277
1632 278
1593 279
2603 280
3806 281
5193 282
1649 283
1037 284
5528 285
1543 286
4158 287
3576 288
3397 289
3039 290
3715 291
4439 292
3706 293
3776 294
2354 295
4026 296
2157 297
3895 298
5421 299
446 300
4563 301
3543 302
5537 303
4344 304
160 305
1924 306
2054 307
347 308
5406 309
5490 310
5158 311
468 312
3343 313
4762 314
1645 315
3923 316
1450 317
1180 318
804 319
3912 320
1850 321
3971 322
220 323
5554 324
2009 325
3099 326
2212 327
3905 328
4290 329
4317 330
4805 331
4772 332
3507 333
1653 334
3040 335
3290 336
390 337
3918 338
4445 339
2182 340
3950 341
34 342
3774 343
2313 344
4989 345
1277 346
5014 347
1345 348
1241 349
1654 350
2279 351
5998 352
1876 353
1398 354
5126 355
464 356
2024 357
4283 358
4144 359
2193 360
4089 361
3515 362
2880 363
2872 364
5925 365
4941 366
3599 367
621 368
5536 369
5616 370
4542 371
3072 372
2511 373
3437 374
831 375
706 376
4281 377
1017 378
2300 379
1442 380
4202 381
1847 382
5954 383
5253 384
3329 385
4639 386
4066 387
4731 388
2474 389
248 390
1984 391
4161 392
3524 393
2042 394
1243 395
2883 396
2212 397
4942 398
2058 399
2260 400
2714 401
5275 402
1637 403
1836 404
2196 405
1473 406
5136 407
5615 408
1408 409
2479 410
1776 411
4452 412
2093 413
301 414
5668 415
5827 416
2881 417
161 418
824 419
4720 420
318 421
3434 422
1782 423
4025 424
4949 425
784 426
3769 427
443 428
675 429
4947 430
4507 431
5139 432
4830 433
3085 434
229 435
1332 436
3744 437
2517 438
4066 439
4353 440
4250 441
2488 442
5227 443
4349 444
4885 445
3831 446
4296 447
497 448
699 449
3387 450
4158 451
4942 452
2870 453
5632 454
406 455
4553 456
806 457
3908 458
4062 459
4064 460
1817 461
4072 462
4314 463
2305 464
1575 465
276 466
5602 467
4613 468
4880 469
3720 470
3155 471
2631 472
3054 473
5072 474
580 475
2071 476
855 477
1286 478
4326 479
3731 480
4689 481
4718 482
2103 483
4053 484
2917 485
308 486
3898 487
314 488
3760 489
5984 490
4628 491
3962 492
4417 493
3101 494
3900 495
3339 496
4327 497
1160 498
3729 499
4009 500
1586 501
1320 502
991 503
2454 504
5478 505
4433 506
1011 507
3671 508
1620 509
1502 510
4704 511
3187 512
3958 513
1031 514
2760 515
3577 516
5556 517
381 518
5633 519
5164 520
2832 521
2790 522
4729 523
1076 524
21 525
4816 526
2680 527
4418 528
2866 529
264 530
1385 531
5929 532
2727 533
2181 534
4883 535
2030 536
219 537
3200 538
561 539
5397 540
2183 541
5746 542
2740 543
4722 544
1532 545
1481 546
3772 547
2295 548
5839 549
2582 550
689 551
2872 552
5253 553
3420 554
5333 555
863 556
3388 557
309 558
4901 559
694 560
1776 561
3508 562
4491 563
1868 564
634 565
3713 566
5837 567
2703 568
2408 569
2841 570
4774 571
670 572
4218 573
3329 574
5313 575
3387 576
3659 577
2443 578
5698 579
760 580
2107 581
4005 582
192 583
2531 584
2634 585
5353 586
208 587
847 588
2034 589
1500 590
3986 591
5317 592
3712 593
69 594
3701 595
3784 596
2151 597
3290 598
1738 599
