600 1450
185 0
4894 1
685 2
1700 3
619 4
4350 5
3124 6
2555 7
882 8
4990 9
4731 10
5434 11
3380 12
3429 13
4166 14
1140 15
672 16
4696 17
2290 18
508 19
5099 20
2841 21
4489 22
2878 23
2276 24
3177 25
2959 26
1711 27
5517 28
5763 29
536 30
4889 31
4753 32
466 33
899 34
4695 35
2915 36
4242 37
1293 38
416 39
5427 40
1601 41
3644 42
4429 43
325 44
5039 45
5599 46
4868 47
3930 48
2995 49
4833 50
4485 51
4168 52
2983 53
4575 54
3089 55
5704 56
1363 57
80 58
490 59
732 60
1657 61
5902 62
4586 63
1077 64
1933 65
3436 66
1701 67
910 68
2505 69
2282 70
2004 71
5602 72
908 73
5023 74
4447 75
3923 76
1586 77
2133 78
5615 79
2563 80
5471 81
2255 82
5014 83
230 84
1090 85
1901 86
860 87
4258 88
5539 89
3056 90
5550 91
5029 92
5473 93
741 94
4716 95
1611 96
2223 97
3093 98
2830 99
87 100
4928 101
550 102
4743 103
5797 104
2849 105
3843 106
928 107
2994 108
3029 109
2361 110
3505 111
3436 112
1071 113
2764 114
5674 115
2920 116
3980 117
381 118
3028 119
4259 120
3209 121
1144 122
379 123
3383 124
263 125
2052 126
2782 127
1140 128
2082 129
4406 130
5498 131
1605 132
3937 133
1880 134
1159 135
5149 136
3702 137
4698 138
3092 139
3265 140
5053 141
1045 142
3343 143
1720 144
4758 145
3169 146
1434 147
1030 148
4834 149
1773 150
4781 151
587 152
595 153
1060 154
4995 155
5185 156
1498 157
2358 158
4520 159
1087 160
878 161
5808 162
2972 163
815 164
3555 165
2366 166
4322 167
3280 168
5578 169
1000 170
1834 171
5233 172
5650 173
3917 174
359 175
352 176
3227 177
1431 178
4568 179
4695 180
3901 181
2185 182
4417 183
988 184
1555 185
3502 186
2014 187
3163 188
258 189
2210 190
1567 191
2807 192
4500 193
286 194
3972 195
293 196
4109 197
3632 198
3657 199
4098 200
1548 201
189 202
3897 203
3359 204
1460 205
4422 206
3263 207
3127 208
1302 209
1922 210
4328 211
4952 212
2907 213
5137 214
272 215
2836 216
826 217
5484 218
1314 219
1704 220
3743 221
2623 222
5183 223
4163 224
4160 225
1021 226
3219 227
4561 228
4396 229
889 230
2912 231
3716 232
172 233
411 234
3605 235
3426 236
49 237
574 238
3431 239
1220 240
1980 241
2257 242
209 243
120 244
4130 245
3958 246
5910 247
3228 248
1046 249
3732 250
2583 251
2888 252
58 253
2127 254
630 255
5247 256
210 257
1073 258
3750 259
1420 260
1742 261
217 262
2145 263
3678 264
1497 265
677 266
3107 267
2555 268
1108 269
3737 270
1233 271
4833 272
3961 273
3870 274
5757 275
918 276
3549 277
1790 278
5684 279
4701 280
1958 281
4003 282
353 283
3387 284
4198 285
455 286
4580 287
1879 288
3456 289
4154 290
1437 291
1521 292
1117 293
2829 294
2555 295
284 296
5444 297
2271 298
4884 299
3827 300
4565 301
1141 302
5031 303
5762 304
4728 305
3056 306
5904 307
1920 308
4202 309
2365 310
3679 311
1171 312
3409 313
2144 314
4614 315
1668 316
4731 317
4580 318
819 319
5320 320
1045 321
2014 322
4022 323
2840 324
2425 325
1596 326
799 327
2584 328
998 329
2421 330
83 331
2698 332
5209 333
1978 334
3380 335
5928 336
507 337
5649 338
4850 339
2147 340
146 341
1738 342
1808 343
4320 344
5641 345
2475 346
3752 347
1976 348
4853 349
3703 350
3496 351
2467 352
1499 353
1353 354
1213 355
690 356
3261 357
3723 358
1379 359
2931 360
4590 361
3864 362
1068 363
858 364
821 365
133 366
3122 367
3943 368
328 369
3566 370
5438 371
2373 372
155 373
1007 374
5473 375
1174 376
4592 377
5879 378
5118 379
3659 380
1130 381
1056 382
3287 383
1507 384
2641 385
3009 386
3445 387
3018 388
4346 389
1288 390
3148 391
3698 392
1062 393
2283 394
4770 395
1881 396
5612 397
5788 398
5763 399
5776 400
3180 401
4378 402
1104 403
153 404
2658 405
1017 406
151 407
2576 408
5577 409
1447 410
2038 411
2473 412
4244 413
3481 414
5583 415
52 416
3676 417
2458 418
1088 419
1975 420
4152 421
3099 422
3661 423
2299 424
1736 425
1419 426
2390 427
4859 428
1303 429
2114 430
1411 431
839 432
1277 433
3093 434
158 435
5702 436
2091 437
953 438
370 439
3663 440
5814 441
4072 442
5313 443
5832 444
5679 445
618 446
418 447
5780 448
4710 449
3156 450
4442 451
4542 452
2173 453
5265 454
4959 455
177 456
3478 457
1714 458
5426 459
5732 460
5348 461
2297 462
3411 463
1652 464
5831 465
5907 466
2012 467
5450 468
5648 469
2265 470
139 471
5081 472
796 473
5730 474
3702 475
3273 476
565 477
1407 478
3873 479
5697 480
823 481
1786 482
1297 483
3355 484
4469 485
2695 486
4370 487
3844 488
3337 489
686 490
5970 491
5644 492
1758 493
561 494
3657 495
3629 496
3752 497
74 498
5002 499
4138 500
811 501
3292 502
5379 503
4007 504
1086 505
2715 506
2730 507
3464 508
3215 509
3055 510
1656 511
5017 512
3835 513
1811 514
1201 515
5461 516
2020 517
286 518
627 519
1830 520
1711 521
5694 522
5801 523
2117 524
2408 525
2663 526
5502 527
2867 528
3338 529
5440 530
1514 531
13 532
4207 533
1527 534
1418 535
3698 536
4200 537
3180 538
4275 539
3844 540
683 541
1550 542
760 543
3757 544
4806 545
5499 546
3804 547
3016 548
5588 549
355 550
3241 551
718 552
5205 553
1062 554
46 555
2946 556
1004 557
684 558
3321 559
2198 560
990 561
5710 562
5197 563
1087 564
2062 565
2004 566
3687 567
2137 568
118 569
1933 570
324 571
2141 572
5248 573
5909 574
4696 575
1482 576
2906 577
3792 578
1713 579
4362 580
2475 581
1939 582
410 583
5746 584
1518 585
5479 586
4192 587
2058 588
3799 589
137 590
4439 591
3780 592
4808 593
4747 594
4125 595
643 596
4684 597
4627 598
2481 599
