650 250
4489 0
4649 1
4320 2
6272 3
4241 4
3033 5
2082 6
2003 7
5960 8
2600 9
4059 10
347 11
1481 12
3288 13
915 14
1434 15
2676 16
417 17
1993 18
5043 19
543 20
1542 21
4611 22
199 23
4197 24
1595 25
5087 26
3994 27
1409 28
2240 29
4830 30
5413 31
2370 32
4388 33
2129 34
3414 35
6339 36
2069 37
3168 38
4426 39
1488 40
6448 41
4813 42
3082 43
623 44
2604 45
3645 46
250 47
985 48
1301 49
3078 50
5861 51
5115 52
3965 53
6137 54
3097 55
6265 56
5359 57
2277 58
6474 59
420 60
5363 61
3001 62
2791 63
456 64
4627 65
848 66
5381 67
231 68
588 69
4023 70
5721 71
2223 72
20 73
1001 74
6276 75
945 76
4750 77
2848 78
5026 79
2097 80
5070 81
5823 82
1896 83
4029 84
1050 85
2730 86
6032 87
3669 88
4 89
2410 90
2162 91
5692 92
3949 93
4286 94
3660 95
950 96
6380 97
1786 98
2032 99
2027 100
2177 101
2324 102
4790 103
4423 104
6240 105
1867 106
1863 107
6051 108
3303 109
1770 110
2886 111
151 112
4119 113
4224 114
6042 115
6312 116
545 117
5251 118
5247 119
2730 120
1429 121
1127 122
6219 123
4158 124
2607 125
5949 126
3406 127
3557 128
4772 129
323 130
6210 131
3550 132
2332 133
4807 134
1044 135
5005 136
3459 137
1905 138
976 139
5540 140
3546 141
78 142
4554 143
982 144
1438 145
5781 146
3400 147
5451 148
1966 149
1021 150
604 151
5258 152
5504 153
2 154
318 155
874 156
2804 157
1232 158
5456 159
6013 160
2753 161
5149 162
2963 163
2230 164
3919 165
5948 166
3145 167
3592 168
1330 169
1740 170
5032 171
1355 172
875 173
6196 174
1293 175
1502 176
5879 177
4488 178
4979 179
2554 180
6352 181
6421 182
5073 183
4537 184
1493 185
768 186
5967 187
3656 188
3445 189
4844 190
2275 191
1989 192
4482 193
2871 194
6196 195
5392 196
4602 197
2327 198
1789 199
3259 200
1102 201
2658 202
6339 203
3054 204
1978 205
5927 206
2394 207
141 208
1288 209
4600 210
5052 211
1863 212
5119 213
4795 214
4192 215
3361 216
5888 217
2814 218
4311 219
3216 220
3028 221
6482 222
2863 223
4220 224
2681 225
466 226
4307 227
5696 228
2643 229
4553 230
440 231
261 232
4912 233
5808 234
2931 235
324 236
2190 237
2271 238
5570 239
847 240
3371 241
5766 242
994 243
4482 244
3833 245
5602 246
127 247
2668 248
1111 249
5232 250
6484 251
431 252
437 253
2571 254
5298 255
6379 256
212 257
4195 258
5814 259
2435 260
5272 261
4084 262
3392 263
5765 264
1521 265
5361 266
5930 267
2239 268
3776 269
3509 270
3450 271
5366 272
4459 273
5353 274
778 275
2646 276
1015 277
2975 278
932 279
4136 280
2932 281
1036 282
4035 283
4529 284
3927 285
6499 286
2819 287
4566 288
354 289
2645 290
6188 291
4250 292
6446 293
737 294
4181 295
4740 296
1557 297
5221 298
1571 299
3165 300
2984 301
683 302
3561 303
2502 304
772 305
5007 306
2922 307
4989 308
2015 309
5204 310
812 311
4881 312
4653 313
3493 314
3685 315
3987 316
5541 317
486 318
3160 319
4003 320
4372 321
2062 322
3806 323
2045 324
1613 325
4336 326
1843 327
5364 328
4299 329
1308 330
4323 331
1635 332
2736 333
2629 334
664 335
5542 336
3269 337
3307 338
5820 339
4157 340
4847 341
1060 342
6332 343
1841 344
4943 345
3057 346
5785 347
2260 348
4123 349
1281 350
6390 351
6396 352
2227 353
2489 354
6011 355
870 356
6459 357
1770 358
1835 359
472 360
1312 361
4913 362
3274 363
655 364
56 365
5547 366
2271 367
3014 368
62 369
4923 370
2073 371
854 372
4575 373
370 374
5828 375
3579 376
5016 377
3074 378
6025 379
741 380
6321 381
4936 382
6440 383
6231 384
2274 385
1804 386
3699 387
920 388
6135 389
3242 390
6025 391
5278 392
3646 393
2274 394
1631 395
5214 396
5164 397
5763 398
2724 399
194 400
3391 401
963 402
5957 403
2159 404
4646 405
2017 406
4383 407
6417 408
3522 409
1015 410
3765 411
1041 412
6094 413
4484 414
1709 415
1817 416
373 417
1823 418
4533 419
1933 420
2391 421
4536 422
734 423
5072 424
2337 425
3436 426
4093 427
2724 428
2584 429
1448 430
325 431
5495 432
1833 433
2894 434
3895 435
5744 436
3765 437
2131 438
6062 439
3069 440
2167 441
5442 442
5571 443
1260 444
2026 445
4110 446
1486 447
3497 448
1938 449
4446 450
4967 451
6104 452
1132 453
4825 454
4110 455
5030 456
4691 457
1397 458
817 459
1281 460
3944 461
5101 462
460 463
5591 464
4955 465
873 466
4486 467
6016 468
936 469
3833 470
2444 471
247 472
1323 473
4903 474
4774 475
2550 476
1258 477
1493 478
5939 479
3009 480
3970 481
2600 482
4243 483
1380 484
6377 485
2605 486
5980 487
1926 488
3094 489
3561 490
3761 491
6440 492
6258 493
4437 494
1840 495
6047 496
4632 497
1595 498
1122 499
2259 500
552 501
3514 502
948 503
2654 504
2034 505
115 506
4984 507
1592 508
4560 509
5528 510
3721 511
1232 512
5917 513
3587 514
1303 515
403 516
2078 517
5588 518
1923 519
2847 520
2499 521
5729 522
3062 523
5154 524
2664 525
5001 526
5867 527
580 528
1544 529
464 530
5097 531
571 532
2969 533
5628 534
4496 535
1136 536
3920 537
5457 538
2242 539
3874 540
339 541
660 542
5381 543
2699 544
5866 545
5817 546
111 547
1642 548
4925 549
6462 550
1737 551
6316 552
3090 553
1399 554
1612 555
5777 556
6094 557
3015 558
1370 559
3133 560
668 561
4529 562
3786 563
2184 564
5758 565
813 566
5109 567
3765 568
2136 569
3338 570
157 571
6367 572
126 573
3931 574
825 575
135 576
4874 577
3754 578
3339 579
6476 580
501 581
5888 582
2064 583
6185 584
6042 585
6393 586
4119 587
5827 588
2731 589
700 590
1729 591
5628 592
2775 593
3155 594
5190 595
606 596
5726 597
4096 598
5085 599
4281 600
3850 601
1429 602
4124 603
4271 604
2719 605
657 606
3152 607
6123 608
6275 609
2200 610
611 611
1359 612
1548 613
4590 614
5427 615
2454 616
5419 617
4592 618
5679 619
1132 620
5257 621
696 622
6461 623
270 624
2364 625
3546 626
1637 627
1205 628
815 629
249 630
1316 631
153 632
3249 633
2752 634
1895 635
1134 636
4822 637
1873 638
377 639
4744 640
1277 641
6018 642
1414 643
5577 644
250 645
2007 646
58 647
5611 648
660 649
