650 1000
4015 0
2548 1
4068 2
2548 3
3876 4
5977 5
6066 6
2008 7
3110 8
2060 9
2792 10
187 11
5758 12
2189 13
6008 14
1006 15
322 16
3332 17
3340 18
2184 19
1214 20
2760 21
1306 22
2224 23
1461 24
2464 25
6110 26
3263 27
4230 28
5904 29
4180 30
2068 31
698 32
6117 33
5603 34
1156 35
3993 36
3386 37
1236 38
6229 39
2169 40
3038 41
4223 42
4051 43
1579 44
5503 45
4009 46
1060 47
3647 48
4346 49
5302 50
1112 51
1614 52
1904 53
4652 54
410 55
4470 56
4175 57
1974 58
2865 59
4177 60
1422 61
1740 62
425 63
4150 64
3121 65
1903 66
1269 67
2716 68
2134 69
5297 70
4189 71
86 72
3823 73
89 74
5684 75
4740 76
3449 77
6208 78
3263 79
5575 80
426 81
5658 82
5030 83
746 84
20 85
2080 86
49 87
3759 88
4332 89
1569 90
5003 91
5559 92
1897 93
5448 94
5602 95
4747 96
2593 97
3751 98
2337 99
2119 100
1288 101
4401 102
5710 103
2635 104
584 105
902 106
4394 107
3836 108
4403 109
2391 110
3606 111
4631 112
3905 113
6222 114
2717 115
3253 116
742 117
6427 118
6154 119
259 120
3813 121
810 122
3395 123
3861 124
5677 125
2799 126
4532 127
1351 128
2002 129
5413 130
1443 131
200 132
6402 133
4576 134
3770 135
2532 136
5817 137
3548 138
3227 139
6150 140
6322 141
4382 142
3988 143
4130 144
3978 145
1407 146
4019 147
1085 148
284 149
3483 150
1401 151
1541 152
3544 153
5503 154
1511 155
5357 156
698 157
2974 158
4592 159
3593 160
5155 161
4841 162
2247 163
5152 164
1015 165
3644 166
4961 167
5946 168
6246 169
3829 170
3728 171
1810 172
5942 173
4922 174
3938 175
4888 176
442 177
342 178
5028 179
1039 180
4334 181
6438 182
4164 183
3439 184
3906 185
3888 186
3184 187
1220 188
429 189
3777 190
4651 191
453 192
3189 193
3998 194
5235 195
90 196
1430 197
2369 198
1991 199
401 200
3285 201
4232 202
3021 203
2987 204
4049 205
2799 206
491 207
4456 208
5500 209
6145 210
1131 211
4256 212
742 213
2227 214
5087 215
2256 216
1777 217
5768 218
2393 219
1781 220
4116 221
1833 222
956 223
6265 224
2393 225
5482 226
2150 227
5985 228
2588 229
3144 230
3238 231
934 232
4659 233
3406 234
4826 235
5081 236
2985 237
3573 238
5400 239
934 240
5239 241
2794 242
2856 243
1577 244
251 245
641 246
645 247
5642 248
4704 249
5635 250
1470 251
1675 252
5077 253
148 254
1948 255
2686 256
1556 257
4996 258
3704 259
2554 260
5852 261
2183 262
3401 263
333 264
254 265
6154 266
1894 267
637 268
4699 269
1846 270
3432 271
778 272
920 273
5215 274
6356 275
5157 276
2935 277
5046 278
1299 279
3281 280
3265 281
4849 282
1753 283
2775 284
4590 285
5718 286
1401 287
5182 288
6362 289
1371 290
5509 291
764 292
6339 293
3362 294
1253 295
3413 296
3516 297
5311 298
238 299
2165 300
424 301
3617 302
841 303
910 304
1392 305
129 306
2828 307
3801 308
3597 309
2520 310
998 311
3005 312
1023 313
3122 314
4542 315
5250 316
5161 317
6374 318
1119 319
2577 320
1571 321
6138 322
3927 323
3486 324
1500 325
3505 326
4093 327
1297 328
4280 329
4930 330
2878 331
5953 332
1395 333
3390 334
4770 335
4973 336
385 337
263 338
811 339
905 340
1170 341
1464 342
4069 343
2426 344
2317 345
143 346
4362 347
2438 348
3729 349
4343 350
6173 351
1301 352
3039 353
2370 354
5112 355
4248 356
4145 357
5087 358
4923 359
5662 360
2248 361
734 362
2425 363
2895 364
878 365
2750 366
6227 367
3370 368
2717 369
4958 370
4487 371
2342 372
6172 373
1546 374
5783 375
1338 376
4217 377
5208 378
269 379
5620 380
259 381
2150 382
300 383
2871 384
797 385
4524 386
3249 387
3565 388
5324 389
315 390
4972 391
4429 392
4867 393
631 394
4692 395
3320 396
2342 397
3866 398
6417 399
68 400
1417 401
1057 402
5634 403
3965 404
5738 405
3229 406
4635 407
4818 408
2236 409
2178 410
17 411
44 412
4161 413
3652 414
1509 415
2025 416
5685 417
4005 418
6040 419
5223 420
1614 421
2012 422
1411 423
3735 424
4070 425
3443 426
1455 427
2733 428
4207 429
5516 430
50 431
767 432
2824 433
4110 434
2606 435
266 436
5522 437
2928 438
5681 439
1042 440
774 441
2539 442
1277 443
3918 444
6369 445
1641 446
4264 447
1420 448
5798 449
4506 450
5507 451
5562 452
6067 453
2487 454
100 455
4051 456
80 457
600 458
2581 459
312 460
453 461
4494 462
3257 463
4957 464
430 465
148 466
2513 467
4852 468
4910 469
6081 470
2460 471
2727 472
3769 473
3398 474
3332 475
4261 476
3277 477
1668 478
830 479
3280 480
3519 481
4771 482
2379 483
4520 484
5475 485
6229 486
2058 487
6230 488
4364 489
3754 490
2780 491
2246 492
3356 493
1593 494
242 495
1075 496
176 497
3879 498
1096 499
6389 500
268 501
255 502
5635 503
4842 504
5826 505
5891 506
4223 507
1965 508
5051 509
2752 510
6377 511
3031 512
5589 513
4637 514
1137 515
1754 516
5028 517
5362 518
584 519
6080 520
5155 521
3280 522
4600 523
2653 524
5787 525
4935 526
1911 527
2266 528
3825 529
179 530
182 531
2856 532
1333 533
97 534
5248 535
4865 536
3239 537
2173 538
4462 539
4794 540
2951 541
1237 542
546 543
1635 544
5113 545
352 546
1015 547
1704 548
5568 549
3244 550
6254 551
3881 552
6402 553
990 554
1480 555
5463 556
2028 557
909 558
3819 559
1184 560
2401 561
4708 562
2300 563
1709 564
3233 565
246 566
1270 567
3631 568
727 569
4180 570
300 571
468 572
488 573
3418 574
3814 575
2601 576
4629 577
5543 578
1177 579
854 580
4001 581
1889 582
6475 583
623 584
5582 585
6451 586
804 587
1347 588
3023 589
6106 590
3647 591
2734 592
5085 593
793 594
5871 595
4397 596
556 597
4271 598
380 599
452 600
5056 601
6222 602
2113 603
2707 604
4188 605
4679 606
258 607
6278 608
658 609
6332 610
2903 611
5501 612
714 613
3603 614
1207 615
3650 616
3504 617
5260 618
1497 619
328 620
4609 621
4409 622
6235 623
432 624
659 625
2406 626
5420 627
2706 628
2515 629
2779 630
789 631
5743 632
4391 633
2496 634
2495 635
14 636
4102 637
3784 638
6124 639
4807 640
3118 641
78 642
2819 643
4835 644
2192 645
832 646
4174 647
3349 648
4784 649
