600 1000
1191 0
1017 1
1610 2
5164 3
5054 4
3893 5
3933 6
646 7
2228 8
2194 9
552 10
1782 11
4814 12
2661 13
5306 14
5298 15
4650 16
449 17
185 18
4480 19
3674 20
506 21
3283 22
1281 23
4445 24
1341 25
189 26
4416 27
5183 28
5295 29
2874 30
4568 31
3108 32
1633 33
3998 34
670 35
151 36
5594 37
1803 38
2795 39
3320 40
4914 41
5157 42
1350 43
1089 44
2992 45
4830 46
5052 47
3867 48
4815 49
1139 50
426 51
716 52
4491 53
3375 54
2946 55
4338 56
4718 57
5935 58
653 59
5441 60
4778 61
2699 62
3236 63
5847 64
3776 65
4907 66
70 67
4742 68
3704 69
78 70
1916 71
3949 72
1575 73
75 74
4063 75
1330 76
4346 77
871 78
1019 79
1103 80
859 81
1512 82
751 83
222 84
3943 85
4925 86
3906 87
5120 88
3456 89
2944 90
2331 91
2807 92
1894 93
4395 94
3751 95
1693 96
4541 97
56 98
3422 99
4673 100
4262 101
340 102
5377 103
1018 104
628 105
4959 106
155 107
1386 108
5374 109
824 110
1621 111
2073 112
619 113
3846 114
1769 115
2785 116
920 117
3839 118
13 119
1099 120
704 121
2439 122
4215 123
2518 124
508 125
1577 126
112 127
4910 128
3179 129
1818 130
5500 131
2584 132
1532 133
3444 134
1771 135
4803 136
615 137
41 138
400 139
5164 140
769 141
1231 142
1053 143
770 144
1976 145
2765 146
2993 147
2239 148
1680 149
3246 150
15 151
3642 152
4083 153
1899 154
4866 155
4644 156
2708 157
4762 158
603 159
4592 160
1144 161
3541 162
2959 163
76 164
2185 165
3560 166
5221 167
292 168
4661 169
2834 170
623 171
4398 172
5827 173
3780 174
2539 175
4996 176
1490 177
4993 178
217 179
5998 180
5519 181
5167 182
1570 183
3851 184
476 185
4131 186
5758 187
5910 188
3563 189
5871 190
3611 191
2937 192
5484 193
5680 194
5171 195
4160 196
4394 197
3898 198
1827 199
3416 200
3239 201
95 202
5585 203
2592 204
258 205
5911 206
2888 207
2384 208
1690 209
1552 210
2784 211
4009 212
1912 213
647 214
658 215
3038 216
3317 217
5713 218
813 219
2525 220
3744 221
2929 222
1886 223
5748 224
3583 225
3875 226
5593 227
1930 228
2955 229
5051 230
1195 231
358 232
4707 233
695 234
3806 235
505 236
1052 237
5660 238
4656 239
2544 240
3719 241
5597 242
733 243
4191 244
1643 245
1758 246
3305 247
2189 248
401 249
2367 250
2557 251
5784 252
1267 253
4637 254
529 255
4512 256
3705 257
5757 258
297 259
4384 260
1079 261
4253 262
1221 263
5961 264
673 265
5993 266
2910 267
377 268
4282 269
1906 270
1484 271
5030 272
2621 273
2686 274
4389 275
5756 276
3759 277
2113 278
4187 279
242 280
5526 281
277 282
3183 283
1565 284
3349 285
946 286
5703 287
5407 288
5555 289
271 290
3398 291
3596 292
3072 293
4332 294
5171 295
2720 296
4424 297
2333 298
2062 299
5632 300
2501 301
4884 302
373 303
3443 304
1314 305
5589 306
281 307
1243 308
2274 309
775 310
3434 311
4866 312
4734 313
2446 314
1564 315
1240 316
1367 317
474 318
3886 319
4798 320
2162 321
2986 322
2854 323
1349 324
4987 325
1372 326
4709 327
5392 328
130 329
4826 330
2443 331
2225 332
5292 333
3018 334
2468 335
2037 336
279 337
2486 338
2224 339
4750 340
5614 341
5120 342
4956 343
2426 344
4772 345
565 346
5289 347
2284 348
1902 349
3987 350
2062 351
475 352
5538 353
4803 354
4557 355
3112 356
5891 357
1599 358
68 359
1214 360
5191 361
2699 362
4283 363
3692 364
3312 365
4786 366
3144 367
5844 368
2095 369
768 370
2783 371
1236 372
752 373
4283 374
4008 375
3720 376
4280 377
4243 378
3643 379
4484 380
1707 381
3103 382
594 383
5749 384
1510 385
5562 386
4805 387
2988 388
1672 389
2574 390
5652 391
436 392
4628 393
5296 394
5748 395
2475 396
4037 397
728 398
2 399
243 400
2077 401
4689 402
1611 403
1496 404
1290 405
418 406
4143 407
3945 408
3834 409
4270 410
894 411
3484 412
3387 413
5493 414
1944 415
4396 416
504 417
5310 418
1160 419
3258 420
5773 421
2176 422
1944 423
1459 424
5230 425
4581 426
660 427
3308 428
1876 429
4005 430
5277 431
5602 432
66 433
4087 434
3494 435
5076 436
5713 437
2963 438
702 439
2231 440
383 441
259 442
3212 443
3360 444
1087 445
2074 446
3691 447
4216 448
2387 449
3750 450
4814 451
5382 452
4660 453
1943 454
3346 455
3450 456
3689 457
4792 458
3932 459
559 460
488 461
3741 462
3294 463
4659 464
4783 465
2328 466
3391 467
682 468
636 469
4181 470
2566 471
4562 472
873 473
1798 474
5214 475
123 476
5477 477
5972 478
3832 479
5011 480
4871 481
3294 482
21 483
414 484
2696 485
3153 486
2644 487
5765 488
3356 489
3193 490
3874 491
2884 492
4705 493
3575 494
2971 495
4529 496
4228 497
2468 498
1103 499
1447 500
4117 501
1424 502
1440 503
3339 504
773 505
3990 506
1261 507
4339 508
265 509
4823 510
1052 511
2980 512
1363 513
384 514
1255 515
5451 516
1883 517
3997 518
43 519
5235 520
45 521
4266 522
5621 523
2262 524
2194 525
4182 526
149 527
2479 528
1169 529
2088 530
64 531
3857 532
2480 533
1197 534
2028 535
2374 536
2421 537
5658 538
5965 539
3915 540
5960 541
4637 542
5243 543
1528 544
2080 545
2609 546
4257 547
5008 548
1076 549
158 550
3356 551
3387 552
3517 553
3532 554
4144 555
4634 556
1442 557
4032 558
2540 559
5474 560
4525 561
1024 562
366 563
5561 564
4096 565
4506 566
3172 567
1221 568
5328 569
3771 570
4947 571
618 572
229 573
3393 574
2151 575
557 576
3926 577
2413 578
4589 579
1393 580
5246 581
1707 582
2931 583
2687 584
1736 585
1407 586
3028 587
2819 588
4170 589
4868 590
1216 591
3548 592
4499 593
2027 594
3991 595
1755 596
428 597
188 598
1786 599
