750 250
704 0
4813 1
855 2
7488 3
4569 4
1891 5
2443 6
1411 7
7020 8
1694 9
7243 10
244 11
4143 12
420 13
285 14
1489 15
5635 16
1213 17
3065 18
7271 19
6922 20
4137 21
505 22
1070 23
1064 24
7114 25
7280 26
3509 27
3904 28
1573 29
1298 30
4900 31
4055 32
6147 33
509 34
4519 35
4717 36
3799 37
1418 38
4050 39
6594 40
2260 41
4013 42
2098 43
5200 44
2997 45
6627 46
5959 47
1719 48
860 49
2430 50
3037 51
1045 52
3717 53
6776 54
3640 55
2760 56
1558 57
6177 58
6016 59
1992 60
6965 61
6653 62
1168 63
4899 64
2062 65
3942 66
780 67
2651 68
2823 69
6000 70
1776 71
4637 72
2601 73
4189 74
3451 75
3234 76
6337 77
5889 78
884 79
7080 80
7405 81
3946 82
5720 83
7 84
420 85
2787 86
2495 87
529 88
2807 89
2824 90
998 91
6278 92
6382 93
3418 94
281 95
2419 96
3563 97
1437 98
2563 99
6228 100
414 101
4158 102
3477 103
121 104
7496 105
6998 106
6709 107
268 108
5763 109
3355 110
4056 111
609 112
1078 113
2538 114
6667 115
7412 116
4806 117
4611 118
57 119
1768 120
3591 121
3814 122
2123 123
1223 124
6855 125
4215 126
6429 127
2755 128
2532 129
6503 130
839 131
4092 132
4364 133
3594 134
344 135
1478 136
2155 137
5539 138
5044 139
4996 140
2470 141
6942 142
644 143
3574 144
5123 145
5457 146
5852 147
3813 148
2989 149
5503 150
5493 151
3261 152
5511 153
5002 154
1632 155
4136 156
5159 157
1651 158
3417 159
3026 160
710 161
5221 162
4749 163
3372 164
2138 165
1619 166
4109 167
4037 168
2090 169
1448 170
4380 171
4036 172
5588 173
1069 174
6560 175
4585 176
911 177
768 178
6332 179
5939 180
7226 181
5169 182
4872 183
4512 184
6562 185
4643 186
2368 187
7282 188
3763 189
4975 190
3134 191
2717 192
2503 193
1343 194
5543 195
1788 196
4462 197
6898 198
2034 199
730 200
5149 201
6259 202
4722 203
6438 204
69 205
2329 206
2750 207
6701 208
1884 209
1542 210
4663 211
3296 212
2520 213
7282 214
1806 215
844 216
1689 217
7441 218
501 219
1948 220
1182 221
1785 222
2676 223
3320 224
7011 225
169 226
199 227
6503 228
3578 229
1058 230
2948 231
3977 232
5151 233
1340 234
17 235
3775 236
5961 237
2781 238
320 239
2918 240
1181 241
6104 242
6989 243
7019 244
1981 245
4823 246
5971 247
1536 248
1658 249
6896 250
1541 251
7429 252
3136 253
6031 254
1140 255
4952 256
2744 257
2742 258
5248 259
7001 260
269 261
3845 262
1234 263
3381 264
6420 265
3959 266
2922 267
2105 268
1361 269
3697 270
6808 271
1279 272
5972 273
3420 274
2246 275
3328 276
2834 277
5447 278
6449 279
878 280
1948 281
7265 282
4868 283
5012 284
1325 285
3040 286
612 287
4913 288
4494 289
3593 290
5695 291
3194 292
4473 293
2911 294
4549 295
1546 296
6145 297
5350 298
7387 299
92 300
1928 301
921 302
1109 303
7482 304
361 305
7207 306
6825 307
5115 308
4652 309
6430 310
1568 311
73 312
5552 313
3083 314
9 315
3275 316
6114 317
1702 318
3203 319
719 320
715 321
1145 322
364 323
936 324
6715 325
4421 326
143 327
7447 328
7083 329
2640 330
4987 331
6972 332
3722 333
6301 334
4928 335
3714 336
3009 337
2057 338
2206 339
4465 340
5799 341
4235 342
5325 343
1096 344
1038 345
6908 346
1218 347
6182 348
1350 349
2733 350
3988 351
1776 352
1879 353
4756 354
1586 355
6700 356
5008 357
5498 358
7112 359
5609 360
3068 361
1702 362
7000 363
2944 364
6148 365
3904 366
4173 367
7488 368
6573 369
1605 370
6426 371
2632 372
2632 373
5130 374
5562 375
7167 376
2427 377
3918 378
7059 379
3648 380
5821 381
2603 382
1344 383
6989 384
6311 385
4281 386
4153 387
4239 388
3008 389
1182 390
3106 391
4840 392
7457 393
7391 394
1517 395
6259 396
4614 397
1235 398
7367 399
6985 400
6713 401
3806 402
4442 403
5276 404
2955 405
4454 406
7212 407
6038 408
1784 409
3028 410
1227 411
2013 412
604 413
1644 414
5012 415
3137 416
7229 417
3181 418
552 419
4463 420
254 421
3931 422
4011 423
134 424
1739 425
3502 426
1870 427
226 428
5909 429
4119 430
7047 431
756 432
4438 433
5991 434
1837 435
4768 436
1959 437
6444 438
6896 439
4746 440
996 441
5994 442
4910 443
156 444
3003 445
6321 446
5401 447
953 448
4120 449
522 450
6154 451
7097 452
6590 453
393 454
4499 455
2571 456
2813 457
6524 458
4336 459
3201 460
43 461
6804 462
7261 463
4253 464
3872 465
6657 466
2694 467
6966 468
4545 469
4180 470
1467 471
2156 472
6623 473
6811 474
6452 475
4220 476
4829 477
2428 478
2814 479
3703 480
1593 481
2436 482
2883 483
4730 484
2455 485
3445 486
2626 487
814 488
5414 489
437 490
199 491
4184 492
1002 493
6917 494
6429 495
676 496
2594 497
2295 498
1084 499
4700 500
3564 501
5908 502
1943 503
3877 504
2888 505
4630 506
1802 507
7202 508
3218 509
6614 510
3365 511
2634 512
2982 513
5043 514
1661 515
2423 516
3157 517
2685 518
6702 519
6192 520
2311 521
1035 522
1695 523
7417 524
6143 525
352 526
6933 527
570 528
4065 529
5815 530
1862 531
6367 532
7012 533
5301 534
365 535
2308 536
5916 537
4252 538
3390 539
1431 540
2315 541
199 542
6760 543
1190 544
3175 545
349 546
6328 547
1999 548
5766 549
480 550
2952 551
1004 552
4088 553
2010 554
7040 555
765 556
4603 557
129 558
375 559
1461 560
4573 561
2969 562
1690 563
2421 564
3189 565
6762 566
2535 567
4158 568
2818 569
656 570
7086 571
7142 572
1666 573
7057 574
4258 575
354 576
4688 577
2396 578
4189 579
301 580
6041 581
6930 582
5670 583
2663 584
2614 585
5518 586
5183 587
4737 588
6149 589
2390 590
1756 591
7218 592
5885 593
629 594
3801 595
3595 596
1751 597
2259 598
70 599
2875 600
1023 601
4105 602
3333 603
2401 604
4067 605
3316 606
3502 607
5806 608
357 609
6727 610
3175 611
2784 612
2633 613
1305 614
6864 615
1859 616
7333 617
7117 618
4657 619
956 620
6027 621
2938 622
4804 623
3483 624
3260 625
6518 626
6329 627
5990 628
4765 629
7190 630
3508 631
4659 632
2290 633
854 634
6802 635
4804 636
1371 637
6946 638
6582 639
3609 640
5126 641
1202 642
1746 643
2560 644
6112 645
3073 646
526 647
5344 648
1024 649
6820 650
6814 651
2786 652
4426 653
602 654
4611 655
3981 656
7007 657
2416 658
5000 659
4455 660
4395 661
2954 662
1782 663
2411 664
4138 665
3301 666
4691 667
1051 668
6003 669
5538 670
1898 671
4658 672
1866 673
3360 674
6549 675
4845 676
1713 677
3371 678
508 679
645 680
7299 681
4514 682
3738 683
114 684
5171 685
1862 686
7419 687
67 688
4886 689
4783 690
1603 691
2286 692
1077 693
7282 694
4877 695
5278 696
1522 697
7030 698
6973 699
4668 700
7148 701
5833 702
4196 703
2984 704
741 705
3979 706
908 707
5728 708
5453 709
4520 710
3522 711
4336 712
3471 713
6488 714
4257 715
5868 716
6187 717
4637 718
4729 719
2223 720
5461 721
520 722
3578 723
4542 724
3278 725
4597 726
6916 727
2278 728
1948 729
6184 730
4574 731
4914 732
2381 733
4770 734
1605 735
5229 736
2153 737
2037 738
4969 739
268 740
7167 741
2767 742
2445 743
2181 744
2868 745
7328 746
5574 747
2111 748
5294 749
