750 450
2007 0
521 1
4398 2
2202 3
5525 4
5038 5
7497 6
7017 7
2079 8
5171 9
5407 10
5828 11
762 12
601 13
6898 14
216 15
3348 16
1174 17
1091 18
2517 19
4566 20
6455 21
1605 22
7324 23
6459 24
2124 25
1116 26
7101 27
868 28
5081 29
2079 30
7444 31
2763 32
1143 33
1224 34
4375 35
218 36
6712 37
5631 38
3787 39
5312 40
6793 41
7112 42
7398 43
5577 44
6651 45
2214 46
231 47
5883 48
5081 49
720 50
521 51
839 52
4034 53
6683 54
6178 55
6610 56
5278 57
7229 58
990 59
895 60
4109 61
2442 62
6593 63
4985 64
4787 65
5418 66
4868 67
1264 68
1037 69
1820 70
1591 71
327 72
7411 73
4702 74
6902 75
5378 76
4993 77
1616 78
4181 79
943 80
6386 81
939 82
3905 83
3647 84
6245 85
4965 86
1730 87
5832 88
3351 89
6898 90
2605 91
1965 92
4636 93
4938 94
4231 95
6605 96
1109 97
2064 98
5317 99
1424 100
6205 101
1958 102
2961 103
4668 104
5250 105
5754 106
3100 107
4335 108
6103 109
2979 110
4048 111
1076 112
4272 113
5412 114
295 115
2719 116
2747 117
2268 118
2841 119
7393 120
4881 121
7480 122
2558 123
6608 124
4225 125
6921 126
3904 127
668 128
6070 129
4315 130
4502 131
3064 132
609 133
987 134
3850 135
2889 136
5193 137
1112 138
5288 139
5800 140
869 141
671 142
5954 143
3323 144
6853 145
6669 146
770 147
3709 148
6945 149
3804 150
3588 151
5739 152
3611 153
648 154
4314 155
3322 156
6249 157
597 158
5489 159
6883 160
5552 161
2037 162
2983 163
6020 164
4151 165
3345 166
3275 167
1449 168
2540 169
5671 170
4908 171
1174 172
2503 173
1513 174
2333 175
559 176
1882 177
1149 178
6992 179
5753 180
2196 181
2895 182
6411 183
155 184
6130 185
7268 186
2046 187
5977 188
753 189
3224 190
157 191
6041 192
2026 193
6066 194
1041 195
2559 196
5898 197
5692 198
1101 199
3367 200
437 201
6754 202
4490 203
2827 204
6896 205
3087 206
2474 207
3938 208
7203 209
5636 210
1111 211
1059 212
4651 213
2906 214
5680 215
7009 216
3420 217
831 218
1370 219
6928 220
6005 221
4205 222
1965 223
1584 224
2286 225
7199 226
3790 227
1674 228
1385 229
1601 230
874 231
1921 232
2272 233
3990 234
1833 235
5085 236
1520 237
244 238
5249 239
689 240
663 241
2828 242
4934 243
588 244
3685 245
6587 246
6691 247
1394 248
6968 249
1079 250
5047 251
224 252
3345 253
3376 254
4099 255
2957 256
827 257
3512 258
29 259
4637 260
2070 261
5777 262
3476 263
6588 264
5588 265
2853 266
783 267
1933 268
6904 269
482 270
1845 271
373 272
462 273
5063 274
2665 275
3338 276
3097 277
3869 278
4970 279
7456 280
5147 281
878 282
2918 283
6513 284
4552 285
2841 286
359 287
6495 288
1256 289
3367 290
2864 291
5178 292
6012 293
4654 294
6180 295
753 296
7144 297
5596 298
339 299
977 300
7066 301
5145 302
5594 303
1576 304
3263 305
6541 306
2851 307
3354 308
3994 309
7386 310
5469 311
1455 312
6032 313
3045 314
4161 315
1015 316
6633 317
5577 318
810 319
1537 320
527 321
5126 322
6937 323
203 324
1379 325
5915 326
6694 327
3474 328
2550 329
4464 330
2478 331
7352 332
6652 333
4799 334
3049 335
3688 336
2359 337
3919 338
7142 339
2459 340
3687 341
1266 342
7480 343
3811 344
2373 345
174 346
4181 347
3603 348
2742 349
4607 350
1031 351
6205 352
6856 353
475 354
2589 355
7268 356
2084 357
6129 358
966 359
2172 360
5155 361
3905 362
4585 363
120 364
2457 365
300 366
3496 367
6557 368
2999 369
1150 370
7061 371
6531 372
4246 373
2434 374
6092 375
587 376
5696 377
7453 378
6543 379
4194 380
5733 381
3223 382
346 383
5658 384
6063 385
3399 386
5346 387
314 388
5516 389
2366 390
6375 391
1645 392
7005 393
7121 394
3809 395
4501 396
1256 397
5235 398
4713 399
1755 400
3802 401
1165 402
5245 403
465 404
719 405
1895 406
1203 407
111 408
7090 409
6446 410
721 411
6824 412
3453 413
2013 414
6203 415
2914 416
2497 417
2395 418
6187 419
980 420
7474 421
1207 422
5456 423
414 424
7415 425
2940 426
3138 427
5109 428
7260 429
4344 430
6419 431
862 432
2825 433
3234 434
6011 435
5016 436
3223 437
107 438
1715 439
1352 440
1949 441
871 442
5460 443
5432 444
6785 445
1531 446
3139 447
2459 448
4897 449
2765 450
5183 451
3192 452
4401 453
5391 454
1948 455
7220 456
7048 457
407 458
1158 459
2365 460
6297 461
3804 462
6596 463
381 464
4680 465
4187 466
7468 467
1338 468
4017 469
185 470
1671 471
3135 472
850 473
3019 474
7207 475
3099 476
1976 477
6831 478
1820 479
2803 480
699 481
6325 482
585 483
2331 484
5433 485
6777 486
3951 487
206 488
7178 489
2367 490
5971 491
6841 492
7 493
409 494
6000 495
1303 496
1152 497
5220 498
1961 499
7162 500
6020 501
4831 502
416 503
1000 504
82 505
3906 506
5484 507
4532 508
6257 509
2755 510
6937 511
5160 512
2735 513
1094 514
5069 515
6416 516
4804 517
6394 518
182 519
6121 520
6973 521
4139 522
6391 523
957 524
4311 525
5015 526
2490 527
6465 528
3421 529
5770 530
440 531
3040 532
4336 533
1331 534
6784 535
6149 536
2135 537
7232 538
6789 539
752 540
1 541
2350 542
1696 543
2913 544
4436 545
1242 546
7341 547
344 548
7468 549
1269 550
176 551
7241 552
1752 553
47 554
1244 555
145 556
427 557
264 558
4604 559
783 560
6783 561
2586 562
5271 563
1530 564
6743 565
104 566
5814 567
6298 568
6923 569
4333 570
4872 571
7246 572
6513 573
1894 574
3840 575
2331 576
4528 577
70 578
2314 579
5279 580
2095 581
4889 582
1279 583
7305 584
4945 585
4441 586
4608 587
1678 588
2165 589
1592 590
3600 591
3464 592
2497 593
1288 594
2634 595
6085 596
968 597
2718 598
4315 599
5201 600
4929 601
5407 602
3183 603
7486 604
4881 605
1094 606
662 607
7311 608
207 609
1982 610
7496 611
2296 612
6501 613
374 614
6803 615
5454 616
4094 617
6822 618
4523 619
5053 620
1511 621
5497 622
6837 623
1359 624
4459 625
698 626
4802 627
4593 628
4378 629
641 630
1852 631
56 632
4572 633
3440 634
1100 635
6281 636
3671 637
7302 638
4042 639
2998 640
5452 641
3671 642
4033 643
971 644
5756 645
3255 646
1717 647
2233 648
6186 649
709 650
4264 651
5052 652
4369 653
5018 654
2354 655
5326 656
2130 657
641 658
4341 659
6238 660
3757 661
6784 662
5197 663
1294 664
1663 665
2116 666
1758 667
1864 668
6580 669
5007 670
5757 671
6449 672
2017 673
973 674
957 675
384 676
5232 677
6690 678
868 679
6408 680
1915 681
1405 682
6154 683
930 684
1533 685
3930 686
2230 687
5087 688
1059 689
3504 690
3232 691
6907 692
3604 693
2783 694
7101 695
2889 696
3626 697
6374 698
1970 699
23 700
2362 701
5267 702
5221 703
6347 704
2131 705
6008 706
5159 707
145 708
4409 709
2734 710
5091 711
2455 712
1435 713
6864 714
4913 715
6547 716
11 717
2059 718
3057 719
6749 720
5945 721
1239 722
464 723
1668 724
6103 725
6564 726
6733 727
7447 728
7260 729
7349 730
2033 731
1553 732
5079 733
4639 734
3835 735
5142 736
501 737
964 738
11 739
530 740
5036 741
1957 742
2438 743
6165 744
2186 745
1823 746
3783 747
6422 748
599 749
