750 500
2493 0
2651 1
6998 2
6769 3
5659 4
2406 5
309 6
6632 7
937 8
4200 9
2566 10
7194 11
959 12
94 13
3936 14
6658 15
6419 16
3586 17
2494 18
6917 19
6642 20
7439 21
2425 22
793 23
3199 24
1091 25
3325 26
4442 27
5933 28
6887 29
5066 30
1212 31
7175 32
7464 33
1043 34
3014 35
6172 36
1678 37
6679 38
238 39
6409 40
2315 41
7037 42
598 43
2772 44
6317 45
3242 46
2278 47
1848 48
2266 49
7366 50
2143 51
3599 52
4509 53
4228 54
4150 55
3457 56
3675 57
3508 58
5269 59
370 60
1375 61
2269 62
1671 63
2988 64
4340 65
83 66
2847 67
112 68
3005 69
3484 70
3253 71
2057 72
1672 73
5231 74
3664 75
6120 76
7237 77
178 78
2225 79
863 80
2477 81
3471 82
3741 83
6234 84
3423 85
6830 86
5770 87
877 88
2242 89
3601 90
1159 91
1231 92
4121 93
665 94
4309 95
2988 96
5237 97
676 98
1554 99
550 100
6739 101
6801 102
6246 103
3510 104
3144 105
646 106
7311 107
523 108
474 109
3029 110
2522 111
1397 112
3944 113
721 114
1164 115
4732 116
5876 117
1707 118
6977 119
3689 120
3295 121
7332 122
663 123
4531 124
5189 125
4345 126
2222 127
2487 128
1009 129
4710 130
5766 131
6981 132
4614 133
1140 134
263 135
5186 136
6965 137
4674 138
1784 139
4512 140
2837 141
2970 142
2411 143
4635 144
5655 145
1061 146
6470 147
6172 148
687 149
3489 150
1702 151
1020 152
660 153
5326 154
4648 155
2717 156
3975 157
6314 158
7377 159
4389 160
5535 161
3597 162
3507 163
1964 164
2746 165
4329 166
7124 167
6218 168
5352 169
6019 170
1095 171
1199 172
4991 173
1399 174
5469 175
1191 176
4173 177
3177 178
5851 179
3037 180
3855 181
908 182
4517 183
1625 184
2296 185
6000 186
69 187
5572 188
4549 189
6415 190
2643 191
6660 192
4664 193
6442 194
5460 195
952 196
2807 197
4033 198
3009 199
187 200
762 201
210 202
4159 203
4138 204
3243 205
3061 206
5171 207
19 208
6954 209
5862 210
6832 211
5456 212
2533 213
551 214
3029 215
2330 216
5787 217
3950 218
4266 219
638 220
3685 221
4311 222
4411 223
1758 224
1757 225
4096 226
4301 227
7212 228
908 229
282 230
1841 231
6010 232
66 233
4589 234
6199 235
855 236
1617 237
172 238
3113 239
6601 240
6990 241
635 242
5822 243
5364 244
2600 245
1411 246
1543 247
2758 248
1345 249
7066 250
5791 251
5109 252
99 253
2863 254
1696 255
7453 256
899 257
2576 258
6936 259
4855 260
3258 261
6706 262
4764 263
2733 264
1155 265
3327 266
5446 267
3880 268
1678 269
1804 270
2558 271
3223 272
597 273
3099 274
5573 275
3436 276
786 277
6671 278
3254 279
4214 280
131 281
2273 282
4299 283
35 284
227 285
5151 286
3529 287
6285 288
5111 289
2229 290
6534 291
3130 292
6405 293
468 294
4414 295
2699 296
6570 297
6224 298
1270 299
6564 300
1830 301
6342 302
538 303
857 304
7224 305
3695 306
2432 307
3384 308
2574 309
1452 310
6184 311
5540 312
4959 313
5392 314
3482 315
5651 316
3929 317
4395 318
5376 319
1650 320
2104 321
7410 322
4607 323
2508 324
6331 325
7115 326
5143 327
1951 328
7428 329
3979 330
3407 331
4482 332
4735 333
5236 334
7168 335
1701 336
4282 337
529 338
3375 339
2208 340
237 341
3266 342
1851 343
5635 344
4700 345
2901 346
3236 347
2329 348
354 349
4886 350
2584 351
2488 352
1734 353
7449 354
1379 355
415 356
5096 357
2097 358
2186 359
4040 360
1867 361
2583 362
1760 363
2528 364
5429 365
5830 366
2148 367
253 368
4046 369
4867 370
1673 371
1459 372
6899 373
3232 374
3467 375
6507 376
6234 377
2876 378
3624 379
1091 380
1143 381
4340 382
7323 383
1487 384
245 385
6240 386
4585 387
5096 388
5943 389
3877 390
983 391
2894 392
2254 393
6507 394
6870 395
4386 396
4078 397
3218 398
7087 399
3547 400
2772 401
7192 402
4606 403
4639 404
7075 405
1295 406
6436 407
1332 408
5498 409
4796 410
1465 411
6196 412
7213 413
5606 414
4506 415
4676 416
959 417
4777 418
2607 419
2746 420
6868 421
4742 422
1841 423
4263 424
7101 425
6679 426
1505 427
1748 428
4292 429
2426 430
3582 431
3332 432
5678 433
823 434
5042 435
4398 436
1643 437
1262 438
4750 439
3092 440
5854 441
6146 442
1553 443
4604 444
2675 445
6721 446
6393 447
6269 448
6837 449
4253 450
5566 451
4347 452
256 453
1581 454
4222 455
3336 456
1575 457
6233 458
5674 459
5764 460
2892 461
3113 462
1101 463
1649 464
3920 465
2173 466
1291 467
6487 468
5050 469
498 470
2466 471
7156 472
3596 473
4406 474
3146 475
3303 476
2361 477
5783 478
4024 479
2741 480
2961 481
6417 482
1758 483
6721 484
1067 485
2011 486
5506 487
1608 488
1054 489
4221 490
2802 491
340 492
426 493
6912 494
860 495
4703 496
1512 497
7269 498
2556 499
829 500
562 501
6353 502
7297 503
1238 504
4219 505
5884 506
2600 507
1242 508
6599 509
6304 510
2771 511
134 512
4611 513
4155 514
5149 515
7167 516
3556 517
6944 518
5449 519
6902 520
4847 521
7290 522
2969 523
620 524
142 525
5879 526
536 527
4207 528
4732 529
685 530
7478 531
1656 532
616 533
4499 534
3246 535
1675 536
4226 537
5391 538
2358 539
6860 540
6207 541
7376 542
3229 543
2093 544
1857 545
155 546
5580 547
6158 548
4209 549
2688 550
3735 551
2483 552
6000 553
7394 554
1991 555
826 556
249 557
2295 558
3609 559
1461 560
5731 561
4476 562
5232 563
3438 564
1830 565
3491 566
3098 567
5632 568
4045 569
7355 570
57 571
4171 572
1144 573
3463 574
5207 575
6021 576
3787 577
2326 578
1511 579
3717 580
3389 581
3510 582
2308 583
3427 584
5882 585
452 586
3433 587
7229 588
3777 589
5110 590
5199 591
6400 592
5261 593
1625 594
1298 595
3756 596
2153 597
4116 598
5478 599
4711 600
805 601
5088 602
1126 603
1651 604
2369 605
6755 606
2170 607
7186 608
2257 609
112 610
6582 611
7015 612
4927 613
2268 614
6471 615
2277 616
3742 617
5289 618
1920 619
5482 620
7420 621
6945 622
2257 623
583 624
2080 625
107 626
351 627
7487 628
6742 629
1215 630
1834 631
1425 632
5628 633
4564 634
3422 635
1549 636
2577 637
7141 638
3768 639
1297 640
4152 641
7367 642
5971 643
6274 644
804 645
4955 646
352 647
1848 648
5651 649
7491 650
100 651
3365 652
6619 653
6748 654
226 655
4735 656
2120 657
2444 658
2277 659
1732 660
6176 661
4335 662
6458 663
3037 664
6694 665
2662 666
5829 667
4164 668
2148 669
2505 670
7080 671
2097 672
6136 673
7391 674
2782 675
4908 676
3587 677
4412 678
2993 679
5490 680
3783 681
2413 682
4190 683
5036 684
5138 685
4244 686
4597 687
2330 688
5706 689
6713 690
4864 691
4712 692
6558 693
2654 694
7085 695
4905 696
4035 697
7249 698
1363 699
2504 700
3911 701
5715 702
3512 703
6226 704
6195 705
992 706
5313 707
6234 708
2063 709
5230 710
3744 711
2493 712
5932 713
1537 714
2997 715
4145 716
4189 717
1154 718
3589 719
1083 720
35 721
3101 722
5200 723
4671 724
2282 725
1137 726
2930 727
2063 728
789 729
1455 730
5455 731
2967 732
5862 733
2891 734
3440 735
4821 736
2443 737
2755 738
5348 739
3372 740
1124 741
6610 742
1469 743
1910 744
3274 745
3265 746
1422 747
931 748
6082 749
