700 1250
528 0
2325 1
6602 2
4110 3
265 4
338 5
6409 6
1439 7
2052 8
168 9
6953 10
3183 11
1925 12
2363 13
314 14
501 15
6146 16
6439 17
4273 18
6449 19
4094 20
3533 21
5321 22
6995 23
6796 24
376 25
1357 26
4219 27
939 28
6449 29
3879 30
2139 31
3111 32
309 33
562 34
623 35
4387 36
5425 37
2143 38
3619 39
4079 40
3203 41
93 42
5097 43
6988 44
3152 45
5241 46
2157 47
4110 48
4039 49
6216 50
4393 51
811 52
2478 53
6020 54
3954 55
4707 56
1683 57
145 58
1868 59
5645 60
3185 61
1 62
5540 63
4599 64
5909 65
1805 66
4046 67
3392 68
2132 69
2049 70
5791 71
1978 72
6311 73
2304 74
2900 75
5926 76
4970 77
4248 78
4992 79
5527 80
6800 81
1112 82
1476 83
5947 84
5214 85
5110 86
3958 87
4470 88
732 89
2430 90
5481 91
3292 92
3996 93
5284 94
6 95
6643 96
2718 97
4226 98
2690 99
964 100
4817 101
3700 102
3569 103
2265 104
334 105
154 106
5851 107
1682 108
316 109
1441 110
5276 111
1419 112
2259 113
3959 114
1548 115
2535 116
4649 117
885 118
2868 119
2283 120
3009 121
4494 122
1853 123
2665 124
6611 125
1719 126
5853 127
5100 128
3237 129
833 130
6162 131
3843 132
941 133
4148 134
5298 135
2401 136
2550 137
4948 138
6606 139
5074 140
1245 141
592 142
1504 143
5923 144
6542 145
3787 146
4664 147
635 148
3365 149
6810 150
6141 151
998 152
6303 153
5968 154
1015 155
6527 156
882 157
2306 158
3123 159
3529 160
4174 161
910 162
1485 163
4975 164
4453 165
6767 166
819 167
6314 168
2060 169
654 170
2034 171
798 172
6680 173
805 174
6563 175
1820 176
3519 177
3959 178
5 179
1381 180
1738 181
343 182
1546 183
6369 184
2873 185
4354 186
1177 187
6813 188
6053 189
6705 190
6808 191
4597 192
3412 193
2682 194
5513 195
4694 196
513 197
5489 198
614 199
4731 200
2693 201
5918 202
5671 203
3543 204
6582 205
6434 206
2948 207
6424 208
985 209
3820 210
4353 211
4385 212
4425 213
2936 214
214 215
4677 216
3716 217
6801 218
349 219
701 220
1154 221
6938 222
1068 223
342 224
4022 225
2764 226
5015 227
3037 228
2473 229
1567 230
6333 231
48 232
2674 233
4351 234
4036 235
6644 236
4721 237
1653 238
3542 239
1436 240
2188 241
4019 242
2437 243
5470 244
3985 245
380 246
2801 247
6803 248
6282 249
5704 250
2557 251
6591 252
5954 253
5509 254
1910 255
5558 256
3583 257
3886 258
1920 259
3918 260
6538 261
4445 262
4291 263
4167 264
1938 265
3916 266
3931 267
823 268
1464 269
3708 270
14 271
6173 272
3947 273
2718 274
5378 275
5156 276
27 277
2185 278
3482 279
2279 280
5625 281
4565 282
1703 283
2444 284
4621 285
5316 286
444 287
5534 288
2862 289
3146 290
5882 291
2273 292
6594 293
525 294
4505 295
237 296
2775 297
2291 298
5181 299
5442 300
4806 301
6754 302
1031 303
6867 304
2217 305
6307 306
2716 307
4222 308
5210 309
2887 310
988 311
2390 312
1635 313
2050 314
5288 315
6417 316
4013 317
3487 318
5164 319
5182 320
102 321
5975 322
6245 323
3240 324
4924 325
4693 326
6952 327
3958 328
6431 329
1101 330
999 331
6917 332
5699 333
5481 334
1189 335
3362 336
6298 337
4484 338
2012 339
794 340
5914 341
5222 342
2860 343
1782 344
186 345
1549 346
327 347
1397 348
6526 349
5804 350
2688 351
2586 352
5665 353
943 354
4424 355
4959 356
1256 357
1298 358
1398 359
5227 360
6441 361
4763 362
4572 363
3569 364
4146 365
5929 366
3026 367
2785 368
6046 369
1169 370
916 371
3493 372
2312 373
2532 374
1677 375
4801 376
1736 377
1463 378
3868 379
1645 380
6334 381
117 382
5378 383
283 384
1408 385
5192 386
2395 387
449 388
4009 389
186 390
5339 391
2513 392
4227 393
3777 394
3849 395
4755 396
3453 397
5852 398
4223 399
3132 400
1619 401
1271 402
2737 403
3879 404
319 405
4802 406
1712 407
5043 408
4255 409
1069 410
3807 411
999 412
6045 413
5158 414
1219 415
1437 416
1140 417
3812 418
6263 419
5973 420
454 421
708 422
6653 423
4237 424
3085 425
2640 426
5841 427
5841 428
2422 429
4109 430
3563 431
1695 432
1313 433
4338 434
588 435
4565 436
1730 437
5821 438
5300 439
6212 440
1313 441
3769 442
40 443
647 444
6864 445
5203 446
5244 447
403 448
3649 449
160 450
3022 451
3814 452
3523 453
1731 454
3959 455
6445 456
449 457
314 458
5606 459
4651 460
3918 461
4277 462
4432 463
3336 464
1327 465
3666 466
6589 467
4048 468
3712 469
33 470
5530 471
6925 472
1579 473
2537 474
219 475
5733 476
3985 477
5383 478
1587 479
5901 480
1720 481
6614 482
2391 483
5353 484
2624 485
2108 486
6349 487
1759 488
4429 489
6941 490
6217 491
6421 492
406 493
6869 494
3360 495
1146 496
4766 497
462 498
5666 499
2976 500
5437 501
3101 502
2231 503
1008 504
3549 505
5323 506
6668 507
6276 508
3510 509
5766 510
40 511
607 512
3188 513
4006 514
2948 515
3767 516
3241 517
3682 518
6226 519
2309 520
5166 521
444 522
6837 523
6686 524
3089 525
6068 526
4285 527
163 528
3975 529
6857 530
2283 531
6639 532
783 533
4682 534
327 535
3335 536
4588 537
2186 538
6021 539
1668 540
5110 541
6241 542
5279 543
2670 544
220 545
2391 546
3302 547
3077 548
3242 549
2823 550
2507 551
6517 552
53 553
5430 554
596 555
113 556
1151 557
1832 558
4280 559
5462 560
4609 561
3349 562
6971 563
1427 564
2495 565
5804 566
6342 567
1652 568
1761 569
5975 570
1481 571
1046 572
5382 573
2193 574
3590 575
421 576
3409 577
1644 578
879 579
464 580
4011 581
3027 582
5256 583
101 584
742 585
2454 586
4533 587
4308 588
6238 589
6008 590
6446 591
5090 592
55 593
2059 594
658 595
2147 596
6963 597
3901 598
10 599
5121 600
6885 601
2214 602
618 603
5426 604
5630 605
5147 606
182 607
6382 608
978 609
5922 610
3090 611
5298 612
5857 613
5868 614
4205 615
5453 616
4446 617
1222 618
3888 619
1967 620
1670 621
6123 622
6068 623
1887 624
6146 625
840 626
6530 627
4620 628
3571 629
2836 630
1106 631
290 632
4382 633
2433 634
4902 635
2927 636
2969 637
3248 638
340 639
66 640
6720 641
5836 642
5113 643
4097 644
6238 645
3685 646
4144 647
2465 648
5087 649
5678 650
6884 651
1232 652
4935 653
2456 654
1595 655
1975 656
3551 657
3161 658
6961 659
304 660
615 661
3997 662
1809 663
173 664
1925 665
2861 666
2467 667
1738 668
2673 669
4663 670
5033 671
5528 672
5087 673
2587 674
3935 675
5133 676
1133 677
319 678
6988 679
4561 680
4707 681
1139 682
4333 683
1287 684
5590 685
3867 686
4677 687
2769 688
5615 689
943 690
5744 691
3025 692
4567 693
5735 694
5060 695
3972 696
1970 697
5901 698
6518 699
