700 1650
2696 0
6522 1
4586 2
4755 3
349 4
1774 5
3524 6
4928 7
4583 8
82 9
1899 10
5991 11
6948 12
3959 13
6549 14
5340 15
3042 16
455 17
5879 18
1059 19
5425 20
4879 21
2278 22
897 23
2996 24
697 25
5241 26
1960 27
3410 28
6758 29
2728 30
3545 31
936 32
3011 33
4841 34
3541 35
4643 36
1604 37
5783 38
2608 39
2171 40
5966 41
3831 42
1180 43
750 44
958 45
3861 46
5976 47
1909 48
405 49
6097 50
5944 51
580 52
660 53
2921 54
2634 55
3698 56
2363 57
6608 58
785 59
4580 60
4606 61
2749 62
5006 63
4142 64
4434 65
4096 66
5110 67
6115 68
265 69
1592 70
6058 71
847 72
1347 73
4236 74
582 75
2912 76
3024 77
5908 78
6123 79
5554 80
5427 81
61 82
447 83
2730 84
4348 85
3355 86
232 87
4508 88
6052 89
4684 90
2104 91
1228 92
4813 93
4130 94
1692 95
3975 96
5781 97
3525 98
5197 99
2521 100
5784 101
3403 102
5562 103
6319 104
181 105
3279 106
3939 107
6084 108
5548 109
2527 110
5980 111
3771 112
4348 113
5332 114
3777 115
2493 116
5804 117
572 118
4214 119
5013 120
2736 121
3090 122
5948 123
1042 124
5388 125
4817 126
1691 127
3747 128
5668 129
6929 130
4482 131
5533 132
5042 133
4308 134
3959 135
4013 136
3599 137
6381 138
4331 139
3885 140
1182 141
1404 142
2356 143
91 144
1006 145
3123 146
571 147
363 148
3615 149
5246 150
497 151
6604 152
1413 153
4540 154
6799 155
3734 156
723 157
1745 158
2466 159
407 160
5001 161
6783 162
3396 163
2221 164
788 165
5051 166
1008 167
2178 168
4928 169
4840 170
2092 171
5817 172
1697 173
5878 174
6692 175
1140 176
3457 177
1191 178
1519 179
1378 180
3402 181
1185 182
1223 183
3700 184
2808 185
4308 186
6863 187
5780 188
6704 189
1177 190
5109 191
1666 192
6342 193
2360 194
360 195
3630 196
3518 197
5801 198
3409 199
6563 200
6974 201
6890 202
2045 203
2377 204
6901 205
6119 206
2825 207
3889 208
1984 209
6155 210
2338 211
4922 212
4785 213
6097 214
4873 215
3405 216
6770 217
3443 218
1960 219
4666 220
4950 221
900 222
4270 223
990 224
3861 225
513 226
4579 227
5724 228
5250 229
1332 230
236 231
3972 232
3994 233
4412 234
998 235
6145 236
5541 237
3833 238
576 239
6357 240
2410 241
2849 242
4064 243
5716 244
1487 245
1265 246
986 247
3371 248
76 249
6722 250
6739 251
1244 252
6308 253
2287 254
2035 255
544 256
5928 257
2049 258
501 259
6389 260
2388 261
150 262
5932 263
6020 264
2387 265
1720 266
2178 267
4366 268
4129 269
3161 270
411 271
6168 272
5701 273
5039 274
126 275
2828 276
580 277
466 278
4964 279
6922 280
3973 281
6404 282
1628 283
4510 284
1377 285
1167 286
3789 287
5333 288
6171 289
3580 290
4492 291
4430 292
6884 293
5676 294
5887 295
1892 296
5084 297
6131 298
6031 299
911 300
1368 301
5451 302
494 303
187 304
1136 305
604 306
1908 307
3093 308
3593 309
6403 310
1618 311
2861 312
3317 313
463 314
3296 315
2013 316
4018 317
2014 318
622 319
6045 320
3725 321
530 322
4308 323
3564 324
983 325
5268 326
4662 327
2373 328
6601 329
3419 330
1759 331
3549 332
2636 333
2321 334
6899 335
1899 336
4441 337
3724 338
3865 339
2843 340
3654 341
4574 342
1669 343
1087 344
5477 345
5887 346
1441 347
1082 348
844 349
5749 350
6622 351
4293 352
3790 353
5772 354
1571 355
6444 356
3895 357
640 358
357 359
3311 360
178 361
3219 362
5572 363
1083 364
300 365
5087 366
4588 367
5783 368
2601 369
6338 370
6645 371
6141 372
5728 373
4338 374
4830 375
701 376
2751 377
4460 378
2246 379
1321 380
5440 381
1171 382
6619 383
6153 384
5115 385
164 386
3040 387
236 388
3823 389
48 390
3483 391
2010 392
2132 393
5450 394
1978 395
2759 396
4796 397
3792 398
5071 399
3731 400
4759 401
3105 402
1259 403
1215 404
1233 405
1417 406
205 407
3226 408
2445 409
1652 410
1377 411
6747 412
3315 413
5456 414
673 415
3081 416
2552 417
6855 418
58 419
3655 420
1127 421
4463 422
3299 423
5744 424
3485 425
5849 426
1791 427
4877 428
3619 429
6841 430
6852 431
2579 432
5191 433
3266 434
10 435
6982 436
6501 437
182 438
1269 439
692 440
445 441
5112 442
4884 443
6980 444
5790 445
6103 446
3341 447
1668 448
5540 449
5874 450
703 451
4394 452
5746 453
3042 454
6702 455
6880 456
4951 457
3309 458
5530 459
3839 460
1573 461
2836 462
4243 463
5023 464
6360 465
6712 466
2272 467
2796 468
4598 469
2331 470
5601 471
1887 472
4578 473
3491 474
3746 475
4513 476
4844 477
4877 478
792 479
2976 480
2706 481
3990 482
5116 483
5064 484
3426 485
6818 486
3004 487
3594 488
1361 489
4460 490
5521 491
3290 492
4419 493
2077 494
6698 495
4949 496
5503 497
3025 498
4210 499
3270 500
3842 501
3335 502
5611 503
6833 504
2183 505
2705 506
5509 507
6977 508
2451 509
4988 510
2073 511
4739 512
1975 513
1735 514
6902 515
3067 516
6402 517
233 518
3950 519
5969 520
3282 521
6268 522
1630 523
6223 524
294 525
1609 526
4562 527
6946 528
6129 529
3624 530
1811 531
5703 532
1265 533
6349 534
4374 535
3286 536
1623 537
2595 538
2521 539
5915 540
6135 541
3630 542
6195 543
4372 544
1061 545
5397 546
6787 547
3793 548
5816 549
1435 550
5094 551
6990 552
3483 553
1406 554
836 555
1781 556
679 557
3730 558
3027 559
2518 560
596 561
3843 562
3284 563
4063 564
4947 565
5748 566
5029 567
1011 568
6232 569
5353 570
4398 571
3292 572
5250 573
23 574
3901 575
5255 576
4836 577
511 578
885 579
1954 580
3189 581
2043 582
5233 583
4084 584
934 585
2182 586
3307 587
316 588
4893 589
5758 590
5221 591
543 592
5869 593
3130 594
3149 595
5313 596
4497 597
519 598
6028 599
5646 600
4638 601
4782 602
6643 603
5804 604
4575 605
4964 606
2876 607
6684 608
3254 609
2107 610
3230 611
6457 612
1534 613
3882 614
5460 615
6589 616
5749 617
1093 618
2161 619
6758 620
5622 621
3589 622
238 623
4285 624
4186 625
6647 626
1324 627
600 628
1190 629
5476 630
2641 631
615 632
4155 633
4888 634
1399 635
5589 636
3150 637
855 638
3024 639
5836 640
5746 641
6545 642
120 643
317 644
2796 645
4763 646
5745 647
4439 648
5135 649
6748 650
3754 651
3811 652
3973 653
1412 654
717 655
4128 656
3302 657
5646 658
2607 659
864 660
5258 661
4202 662
6108 663
5546 664
2915 665
3634 666
4055 667
2851 668
1285 669
6840 670
6698 671
337 672
1996 673
5562 674
1329 675
4057 676
3044 677
1748 678
3777 679
687 680
3535 681
2489 682
3452 683
3454 684
4181 685
1216 686
1296 687
6644 688
6697 689
5367 690
2116 691
2298 692
3321 693
6754 694
3463 695
1327 696
2052 697
1534 698
6644 699
