700 350
5828 0
2437 1
6751 2
1859 3
2065 4
4592 5
6494 6
5996 7
1460 8
6057 9
6836 10
2368 11
2904 12
1940 13
3196 14
3649 15
2040 16
5745 17
5637 18
951 19
159 20
2143 21
5489 22
4804 23
2895 24
3579 25
1447 26
3114 27
4811 28
4711 29
6899 30
6288 31
364 32
5695 33
2308 34
2408 35
3510 36
6245 37
6044 38
3376 39
3899 40
2634 41
6897 42
1288 43
65 44
6379 45
1036 46
1844 47
4239 48
6352 49
150 50
3861 51
6317 52
5284 53
3921 54
5435 55
369 56
2034 57
2390 58
6674 59
229 60
3502 61
326 62
4642 63
6340 64
1544 65
4879 66
6495 67
545 68
118 69
3774 70
4681 71
4237 72
1708 73
5527 74
2444 75
2727 76
3043 77
5922 78
1522 79
1504 80
6346 81
5944 82
4172 83
3865 84
1369 85
5442 86
6646 87
4322 88
2374 89
6602 90
2886 91
4155 92
4008 93
947 94
4346 95
5696 96
4836 97
5250 98
3281 99
3161 100
2086 101
4336 102
2305 103
110 104
5440 105
2656 106
5934 107
2576 108
2323 109
6074 110
3756 111
659 112
1630 113
6604 114
1146 115
214 116
1637 117
3082 118
2495 119
4128 120
2519 121
3951 122
1409 123
5777 124
3336 125
1371 126
5645 127
6110 128
1468 129
3994 130
1108 131
2223 132
5396 133
5238 134
1329 135
1017 136
1777 137
6488 138
6972 139
3874 140
5375 141
4422 142
3662 143
4869 144
5797 145
4848 146
1276 147
429 148
5423 149
790 150
2315 151
2080 152
3311 153
1648 154
875 155
6004 156
210 157
1284 158
5566 159
1028 160
2183 161
2165 162
509 163
2882 164
5524 165
474 166
5222 167
6876 168
640 169
142 170
2814 171
2226 172
6583 173
3821 174
1464 175
4484 176
2802 177
5341 178
1981 179
3616 180
6121 181
5504 182
6090 183
3673 184
5185 185
922 186
1283 187
3467 188
3396 189
368 190
4283 191
3306 192
6592 193
4398 194
1996 195
5795 196
6844 197
2592 198
3235 199
5575 200
5409 201
5768 202
2568 203
1378 204
1037 205
754 206
4459 207
1221 208
3514 209
4948 210
95 211
874 212
3467 213
2220 214
6285 215
849 216
2138 217
168 218
5664 219
5340 220
2364 221
6491 222
163 223
262 224
5139 225
3118 226
5092 227
6784 228
4427 229
169 230
393 231
5186 232
1832 233
1828 234
977 235
4070 236
3110 237
2456 238
6387 239
6451 240
1743 241
1585 242
6602 243
5233 244
1883 245
4968 246
4913 247
2753 248
4867 249
4620 250
736 251
2677 252
2777 253
788 254
1239 255
5365 256
5470 257
4043 258
3382 259
6418 260
1139 261
5290 262
4395 263
1612 264
2762 265
3855 266
4842 267
613 268
5754 269
5541 270
4983 271
1469 272
3283 273
3304 274
3805 275
4983 276
3554 277
4497 278
4417 279
3408 280
2348 281
6257 282
2365 283
1653 284
2057 285
4973 286
3466 287
4449 288
4176 289
1751 290
6199 291
5622 292
783 293
2911 294
2337 295
5119 296
2314 297
6035 298
6046 299
80 300
1130 301
6280 302
315 303
1803 304
3726 305
5749 306
1370 307
4268 308
2129 309
5097 310
6699 311
783 312
5881 313
5820 314
4662 315
5105 316
2031 317
3293 318
412 319
5975 320
6231 321
2521 322
6303 323
1635 324
1289 325
1578 326
4106 327
4554 328
4584 329
1549 330
4912 331
901 332
4049 333
1618 334
6434 335
1585 336
3008 337
4806 338
6154 339
5823 340
4946 341
3247 342
5960 343
393 344
4496 345
2734 346
5625 347
5280 348
2848 349
4084 350
4827 351
1302 352
3518 353
1736 354
574 355
98 356
3344 357
4952 358
215 359
1950 360
3336 361
590 362
5693 363
835 364
774 365
3521 366
5995 367
4851 368
1059 369
5152 370
946 371
2101 372
5005 373
4026 374
43 375
2440 376
4991 377
6936 378
1877 379
505 380
93 381
3627 382
4337 383
3211 384
5580 385
2666 386
2717 387
5053 388
6709 389
4530 390
4671 391
1685 392
6220 393
2544 394
4909 395
6768 396
6320 397
1845 398
6014 399
5421 400
1367 401
3466 402
3218 403
2330 404
482 405
2769 406
5005 407
392 408
4950 409
5438 410
2244 411
5395 412
4073 413
1388 414
3217 415
94 416
1688 417
2982 418
2078 419
1971 420
640 421
4548 422
229 423
4433 424
5271 425
6819 426
889 427
3655 428
5234 429
5065 430
3016 431
4728 432
1838 433
2138 434
157 435
4451 436
255 437
4922 438
125 439
3711 440
1108 441
4448 442
6134 443
1271 444
3540 445
1707 446
3389 447
5841 448
5514 449
6752 450
2372 451
4233 452
2851 453
1032 454
3393 455
4622 456
3476 457
5985 458
2594 459
3393 460
3483 461
6751 462
1080 463
3802 464
358 465
2746 466
434 467
3967 468
1481 469
1769 470
708 471
5774 472
1404 473
5237 474
6974 475
1408 476
4971 477
2368 478
2872 479
4624 480
955 481
428 482
1928 483
1979 484
470 485
213 486
234 487
3340 488
151 489
2901 490
3084 491
3995 492
1374 493
2611 494
2923 495
3325 496
2332 497
3673 498
3828 499
4766 500
4461 501
153 502
3524 503
4986 504
283 505
4550 506
907 507
606 508
3436 509
4155 510
5461 511
4170 512
6863 513
236 514
3134 515
6445 516
1353 517
3732 518
6957 519
6289 520
1488 521
3957 522
3608 523
6573 524
1195 525
2534 526
2513 527
30 528
6888 529
4894 530
3655 531
5478 532
6903 533
3728 534
5061 535
5499 536
4182 537
4185 538
3701 539
4276 540
395 541
6253 542
2460 543
1371 544
752 545
1059 546
3215 547
6351 548
957 549
676 550
5966 551
1717 552
1644 553
4313 554
1679 555
165 556
946 557
1743 558
1921 559
1778 560
2938 561
3763 562
6158 563
1693 564
290 565
4529 566
3122 567
2290 568
5902 569
551 570
1864 571
3762 572
6632 573
1907 574
2723 575
4821 576
714 577
2891 578
1064 579
2927 580
788 581
5368 582
2529 583
1082 584
3101 585
750 586
3874 587
5534 588
4302 589
3533 590
2864 591
2728 592
6069 593
6541 594
4819 595
791 596
1503 597
5572 598
4251 599
4008 600
5365 601
4733 602
2178 603
5041 604
330 605
1030 606
530 607
4049 608
2895 609
2710 610
1193 611
3183 612
4263 613
866 614
25 615
3720 616
4185 617
4182 618
4022 619
2073 620
6840 621
4662 622
1753 623
1853 624
445 625
472 626
902 627
1685 628
5785 629
195 630
6795 631
137 632
4836 633
4353 634
169 635
2169 636
6755 637
5229 638
5334 639
3415 640
5630 641
5670 642
4805 643
6331 644
2767 645
4914 646
543 647
6506 648
2521 649
6165 650
2136 651
1230 652
4930 653
6683 654
3784 655
2155 656
1517 657
4827 658
2797 659
3214 660
1504 661
2046 662
1162 663
2177 664
1729 665
3569 666
4630 667
1048 668
937 669
44 670
4521 671
6436 672
4748 673
6083 674
2085 675
3172 676
1531 677
3565 678
1376 679
5827 680
2615 681
4986 682
3013 683
4737 684
6020 685
6340 686
124 687
1108 688
6574 689
5166 690
3884 691
2612 692
5502 693
5631 694
5475 695
5452 696
359 697
2459 698
4894 699
