750 1000
1870 0
7166 1
5438 2
6046 3
6406 4
3106 5
487 6
2801 7
4595 8
6986 9
7091 10
1750 11
7151 12
4168 13
201 14
1987 15
6037 16
6788 17
2063 18
2221 19
952 20
3078 21
5056 22
4253 23
3693 24
6887 25
1992 26
5645 27
7303 28
3814 29
7440 30
3465 31
2154 32
470 33
7188 34
1166 35
2017 36
2811 37
530 38
4169 39
3147 40
7379 41
6257 42
5213 43
526 44
2609 45
4194 46
4149 47
7072 48
4535 49
3802 50
5978 51
6162 52
514 53
3754 54
2789 55
2072 56
227 57
3521 58
3035 59
5340 60
2178 61
2280 62
4348 63
5512 64
2917 65
4380 66
809 67
5369 68
535 69
417 70
421 71
3974 72
334 73
2645 74
7185 75
116 76
2996 77
3340 78
6869 79
5115 80
7441 81
6031 82
1976 83
6392 84
729 85
1449 86
2913 87
4879 88
7451 89
1373 90
1370 91
3519 92
1560 93
1988 94
6619 95
6664 96
2374 97
824 98
3906 99
4798 100
6469 101
1768 102
2874 103
7193 104
2654 105
367 106
4266 107
5104 108
192 109
4287 110
730 111
2157 112
5334 113
4118 114
2872 115
2120 116
5530 117
4564 118
2959 119
5989 120
2775 121
5317 122
1021 123
3580 124
2190 125
4690 126
1707 127
4910 128
924 129
1470 130
867 131
1980 132
3534 133
6372 134
796 135
7091 136
602 137
5783 138
1849 139
793 140
2861 141
1189 142
2710 143
3414 144
3786 145
4249 146
1894 147
2549 148
7004 149
3284 150
2677 151
5292 152
50 153
1807 154
2378 155
4104 156
4150 157
1281 158
3759 159
2303 160
3324 161
151 162
1980 163
1373 164
21 165
340 166
4038 167
1584 168
879 169
6520 170
3152 171
6016 172
4665 173
6747 174
7354 175
4070 176
2840 177
1207 178
5865 179
2064 180
2329 181
1021 182
2043 183
5465 184
6984 185
5499 186
7058 187
3511 188
2198 189
1935 190
447 191
1354 192
3362 193
6509 194
3872 195
1227 196
2750 197
6281 198
6082 199
5134 200
3477 201
4516 202
7408 203
5616 204
5145 205
987 206
3509 207
7036 208
5915 209
4454 210
4320 211
320 212
7495 213
1997 214
5239 215
750 216
1424 217
7198 218
3884 219
3241 220
3221 221
1447 222
6434 223
3685 224
5472 225
6791 226
2177 227
6795 228
4425 229
1781 230
4436 231
2344 232
1741 233
3014 234
7313 235
1722 236
4071 237
4311 238
3968 239
6754 240
85 241
197 242
300 243
4273 244
451 245
2613 246
4179 247
6992 248
2514 249
1752 250
2384 251
128 252
2827 253
585 254
3955 255
5268 256
6560 257
48 258
1336 259
4181 260
1501 261
1 262
5444 263
5660 264
211 265
7105 266
898 267
116 268
3133 269
4722 270
147 271
1765 272
3481 273
3120 274
4547 275
844 276
991 277
2138 278
2000 279
105 280
5281 281
2216 282
3204 283
6993 284
3940 285
5479 286
5845 287
7211 288
3779 289
225 290
2226 291
5067 292
2189 293
4785 294
3078 295
4692 296
3546 297
2200 298
6252 299
7324 300
5950 301
3346 302
5015 303
3466 304
100 305
5349 306
2092 307
1974 308
868 309
183 310
7438 311
1821 312
3042 313
2111 314
4492 315
997 316
2193 317
2922 318
1542 319
7451 320
6721 321
6255 322
1343 323
1938 324
4295 325
7338 326
7353 327
1877 328
839 329
6868 330
1166 331
1835 332
7008 333
2216 334
794 335
5802 336
3667 337
2742 338
1635 339
5994 340
1980 341
2735 342
164 343
3474 344
5875 345
3120 346
429 347
5820 348
1752 349
3496 350
3748 351
2828 352
3489 353
4305 354
5714 355
2364 356
3551 357
6972 358
4778 359
7372 360
4679 361
6255 362
1018 363
4290 364
1202 365
4621 366
5654 367
3543 368
3954 369
1048 370
3784 371
4338 372
5471 373
3477 374
2984 375
5427 376
4547 377
716 378
4393 379
3997 380
6179 381
6664 382
731 383
7302 384
4659 385
4100 386
6599 387
4887 388
1107 389
6972 390
6647 391
329 392
4395 393
6320 394
5082 395
3871 396
7056 397
3809 398
3727 399
6988 400
1365 401
2082 402
5976 403
967 404
869 405
7482 406
3950 407
2685 408
6503 409
6395 410
5954 411
560 412
4524 413
5645 414
6632 415
211 416
7066 417
7240 418
5574 419
280 420
593 421
6015 422
677 423
3220 424
4312 425
2445 426
6663 427
4539 428
5208 429
5631 430
5581 431
6000 432
4493 433
3200 434
3571 435
4340 436
6764 437
944 438
2976 439
3150 440
2004 441
4077 442
3064 443
2305 444
38 445
5962 446
2205 447
5651 448
677 449
5515 450
2506 451
1454 452
3369 453
4703 454
3957 455
2087 456
2692 457
1194 458
2477 459
3102 460
5679 461
4215 462
4801 463
2287 464
4821 465
886 466
3491 467
3656 468
5418 469
1715 470
6500 471
5643 472
1740 473
698 474
6153 475
1570 476
4301 477
4239 478
7128 479
2769 480
4739 481
5030 482
3472 483
6166 484
924 485
7348 486
2604 487
7284 488
136 489
3924 490
459 491
7148 492
4120 493
2288 494
7201 495
471 496
6548 497
82 498
3268 499
217 500
3948 501
6282 502
5379 503
1667 504
2025 505
2545 506
7139 507
4733 508
6236 509
3026 510
4156 511
4322 512
6677 513
7414 514
5882 515
3380 516
2837 517
4851 518
7276 519
5981 520
808 521
4578 522
4305 523
5589 524
4557 525
5846 526
3824 527
5771 528
1000 529
3134 530
807 531
7169 532
7082 533
3128 534
235 535
5726 536
3370 537
7145 538
4235 539
6679 540
3881 541
3026 542
6301 543
4602 544
2009 545
7268 546
1738 547
6334 548
4644 549
2864 550
3002 551
1030 552
1076 553
4326 554
4305 555
1362 556
788 557
1733 558
4523 559
5612 560
2558 561
1623 562
3178 563
2237 564
916 565
4229 566
1565 567
1484 568
94 569
4469 570
6595 571
427 572
5982 573
104 574
2253 575
6230 576
706 577
4315 578
1700 579
717 580
5120 581
6823 582
6934 583
4536 584
3962 585
3799 586
4003 587
2507 588
7252 589
2869 590
5397 591
3918 592
7470 593
4304 594
5547 595
1312 596
3440 597
6295 598
1144 599
5991 600
2750 601
4096 602
1322 603
3799 604
1631 605
2151 606
5193 607
5402 608
7279 609
1359 610
6421 611
2761 612
5012 613
1537 614
4193 615
920 616
1223 617
2910 618
6516 619
885 620
3329 621
3728 622
1028 623
5275 624
3708 625
31 626
61 627
3252 628
938 629
4920 630
2175 631
6593 632
6700 633
1872 634
369 635
4554 636
6260 637
5135 638
4062 639
1325 640
2811 641
2390 642
3397 643
1902 644
2716 645
2827 646
6300 647
6999 648
7376 649
3769 650
7132 651
5810 652
3072 653
1969 654
728 655
3887 656
1604 657
6941 658
1964 659
4515 660
7300 661
2583 662
4332 663
5997 664
4327 665
3753 666
5653 667
277 668
1204 669
1768 670
4640 671
755 672
3131 673
4015 674
83 675
882 676
6569 677
1854 678
3929 679
6591 680
6468 681
3816 682
2796 683
1258 684
5681 685
7234 686
2033 687
5625 688
2745 689
4249 690
7043 691
6823 692
1819 693
4811 694
4676 695
978 696
3314 697
6496 698
2616 699
328 700
7315 701
3803 702
1940 703
5843 704
2586 705
246 706
5727 707
6359 708
6997 709
14 710
5188 711
562 712
6513 713
894 714
3974 715
983 716
6081 717
1657 718
3301 719
3551 720
5144 721
690 722
52 723
3834 724
4638 725
6266 726
3583 727
3398 728
1584 729
2470 730
5100 731
366 732
4197 733
5126 734
6802 735
471 736
7211 737
5609 738
626 739
4905 740
4544 741
7172 742
2297 743
6021 744
2224 745
1418 746
4942 747
5108 748
6739 749
