750 850
2456 0
5973 1
1271 2
3394 3
7004 4
2187 5
984 6
2867 7
7117 8
5448 9
2294 10
2329 11
7408 12
7110 13
3830 14
3837 15
123 16
7018 17
1770 18
1962 19
1630 20
2516 21
3343 22
786 23
3099 24
3077 25
7422 26
793 27
5057 28
2440 29
4136 30
1953 31
3764 32
295 33
1226 34
3227 35
1544 36
1939 37
713 38
1010 39
3725 40
4621 41
5712 42
5855 43
6519 44
3873 45
710 46
5758 47
5240 48
840 49
4920 50
3691 51
2270 52
476 53
5 54
5354 55
4368 56
858 57
6130 58
5556 59
4199 60
5004 61
4332 62
3616 63
2981 64
5633 65
1322 66
257 67
6180 68
4121 69
1429 70
2283 71
6088 72
2317 73
1241 74
18 75
4920 76
1147 77
7033 78
7209 79
915 80
5559 81
2473 82
2089 83
236 84
853 85
5021 86
2885 87
260 88
4280 89
1263 90
659 91
7215 92
2108 93
6389 94
941 95
5447 96
7019 97
5648 98
1707 99
4024 100
4793 101
3364 102
825 103
5309 104
4972 105
3311 106
838 107
1690 108
1737 109
4452 110
5587 111
569 112
6680 113
2466 114
1453 115
5222 116
7228 117
7369 118
2472 119
5867 120
1173 121
942 122
4855 123
4359 124
1401 125
3719 126
6688 127
6366 128
6257 129
4400 130
4028 131
3612 132
5534 133
5397 134
2867 135
2131 136
2324 137
2659 138
2355 139
5653 140
4934 141
645 142
1265 143
5658 144
5272 145
4573 146
4665 147
6712 148
2012 149
7151 150
6442 151
4344 152
7035 153
6006 154
7282 155
3656 156
768 157
6626 158
3001 159
3390 160
3993 161
4135 162
4159 163
3217 164
4299 165
2841 166
3093 167
1970 168
112 169
6329 170
1126 171
1129 172
4961 173
5493 174
4157 175
1218 176
6239 177
6242 178
3254 179
4801 180
4688 181
5752 182
5277 183
519 184
581 185
7092 186
7486 187
4616 188
721 189
951 190
3530 191
212 192
1508 193
3966 194
395 195
350 196
6283 197
2803 198
3264 199
1530 200
5626 201
2300 202
6523 203
4392 204
4190 205
6181 206
5813 207
129 208
7488 209
699 210
4421 211
2735 212
1416 213
6990 214
3019 215
6632 216
6713 217
1503 218
1521 219
5224 220
7355 221
5792 222
3958 223
918 224
7208 225
3261 226
3955 227
3511 228
694 229
7 230
3177 231
4387 232
3587 233
3297 234
3779 235
4188 236
6297 237
424 238
3267 239
6783 240
5284 241
3954 242
6917 243
7111 244
3612 245
4536 246
3736 247
5375 248
2783 249
872 250
7209 251
735 252
7263 253
2564 254
4759 255
5916 256
6701 257
3868 258
3310 259
4088 260
5741 261
2474 262
5224 263
7167 264
712 265
2892 266
5660 267
4933 268
4735 269
4623 270
3121 271
7137 272
1358 273
2067 274
4989 275
3502 276
5491 277
6726 278
774 279
2879 280
5000 281
5344 282
1580 283
3799 284
5102 285
4266 286
907 287
3475 288
2397 289
22 290
1067 291
4934 292
833 293
126 294
1522 295
7301 296
4184 297
1372 298
178 299
5283 300
2605 301
3837 302
7316 303
1667 304
1183 305
154 306
7497 307
4312 308
1671 309
1645 310
7487 311
5024 312
5372 313
4819 314
3790 315
5816 316
4808 317
3519 318
4231 319
3049 320
2738 321
3229 322
2860 323
3460 324
4343 325
1408 326
2021 327
3322 328
6616 329
6687 330
7069 331
640 332
3838 333
7374 334
4390 335
6366 336
2903 337
3647 338
4150 339
5334 340
6968 341
1713 342
1728 343
2525 344
3869 345
4907 346
6970 347
3505 348
2639 349
3582 350
1985 351
2279 352
5969 353
5207 354
5527 355
2074 356
115 357
29 358
4316 359
1234 360
968 361
1715 362
5801 363
7496 364
7150 365
1404 366
729 367
1210 368
5121 369
416 370
3172 371
6741 372
619 373
6436 374
7323 375
1539 376
3533 377
3841 378
853 379
1151 380
667 381
5171 382
326 383
4126 384
4603 385
4456 386
4966 387
3438 388
4893 389
288 390
6521 391
3129 392
6077 393
3077 394
3092 395
4238 396
1448 397
6924 398
4746 399
668 400
5159 401
6771 402
7198 403
2086 404
460 405
3529 406
3607 407
930 408
3414 409
4228 410
4172 411
5962 412
1310 413
5016 414
2374 415
1215 416
676 417
1284 418
1468 419
4949 420
1716 421
260 422
374 423
3437 424
6400 425
1141 426
7066 427
5926 428
3050 429
1091 430
5987 431
1414 432
2156 433
6093 434
3304 435
2205 436
5828 437
4065 438
396 439
6769 440
7344 441
2235 442
6334 443
6645 444
6438 445
5920 446
991 447
1958 448
4039 449
3067 450
472 451
6106 452
7431 453
4584 454
2688 455
565 456
4503 457
5352 458
4748 459
545 460
4370 461
2075 462
3844 463
690 464
4540 465
4755 466
5524 467
879 468
456 469
3374 470
4610 471
5027 472
34 473
3483 474
430 475
7422 476
3449 477
3035 478
4345 479
3775 480
7149 481
4201 482
6046 483
2951 484
692 485
547 486
7157 487
5562 488
6308 489
3568 490
3229 491
6000 492
6806 493
2613 494
6515 495
1526 496
6269 497
272 498
4313 499
1605 500
1981 501
4226 502
5429 503
2903 504
1987 505
553 506
5569 507
693 508
2580 509
3825 510
4292 511
747 512
5430 513
6388 514
202 515
7389 516
1141 517
2270 518
878 519
1041 520
5536 521
3389 522
4815 523
5513 524
6684 525
1895 526
5766 527
3196 528
5170 529
1506 530
553 531
1039 532
5128 533
90 534
599 535
2291 536
3573 537
6346 538
1179 539
916 540
6423 541
6119 542
3745 543
1523 544
4734 545
2146 546
4147 547
4095 548
6420 549
4192 550
6150 551
582 552
3150 553
6003 554
4618 555
6623 556
7041 557
3025 558
4037 559
4436 560
6359 561
4901 562
6215 563
4375 564
1201 565
872 566
962 567
695 568
251 569
3347 570
4377 571
5567 572
6974 573
2060 574
906 575
5607 576
3636 577
5823 578
676 579
3462 580
3713 581
2521 582
1843 583
4651 584
3607 585
4362 586
6663 587
3754 588
1651 589
7013 590
4400 591
479 592
1310 593
5249 594
1510 595
4448 596
1563 597
1181 598
5485 599
5905 600
5951 601
538 602
6469 603
1140 604
153 605
5168 606
7062 607
794 608
3201 609
963 610
6411 611
4932 612
5084 613
2560 614
3976 615
5949 616
3606 617
2896 618
5411 619
2729 620
3577 621
3140 622
3307 623
1 624
4642 625
6698 626
4649 627
6366 628
4942 629
1929 630
5711 631
2421 632
4091 633
7384 634
1427 635
5242 636
3965 637
6587 638
2019 639
5635 640
1572 641
3598 642
907 643
5247 644
2912 645
7402 646
4168 647
3557 648
1524 649
3073 650
1344 651
4454 652
6508 653
2995 654
6354 655
6233 656
1432 657
1488 658
1250 659
5988 660
2769 661
4078 662
7456 663
6200 664
4567 665
4013 666
2795 667
7217 668
6066 669
2545 670
1677 671
3125 672
2522 673
3958 674
6758 675
7471 676
4014 677
5175 678
6692 679
6794 680
479 681
4245 682
4727 683
2636 684
2515 685
6661 686
1546 687
5843 688
3318 689
6095 690
1754 691
1670 692
5951 693
1117 694
1296 695
1840 696
5774 697
3221 698
2851 699
5630 700
85 701
3326 702
3230 703
4220 704
649 705
6560 706
5750 707
3177 708
4453 709
4407 710
7395 711
7082 712
3771 713
3719 714
24 715
7189 716
5099 717
1605 718
2172 719
344 720
38 721
5310 722
1535 723
5201 724
6792 725
5685 726
3881 727
4216 728
3717 729
381 730
4896 731
4288 732
1948 733
4447 734
1584 735
1768 736
541 737
201 738
5471 739
7317 740
1391 741
6225 742
4319 743
569 744
2520 745
4646 746
447 747
5827 748
552 749
