700 1000
937 0
838 1
1955 2
318 3
4570 4
1415 5
77 6
3014 7
4637 8
1921 9
1801 10
4394 11
1303 12
4891 13
588 14
4812 15
2998 16
2937 17
3255 18
2697 19
5601 20
2518 21
6300 22
2205 23
5304 24
6134 25
3921 26
965 27
864 28
3951 29
6454 30
1656 31
6823 32
1270 33
1982 34
6112 35
3809 36
3415 37
4911 38
2851 39
5468 40
6673 41
521 42
5885 43
4667 44
883 45
4003 46
2723 47
4370 48
5335 49
3063 50
532 51
3029 52
5779 53
2708 54
1012 55
2230 56
2681 57
365 58
3163 59
3371 60
6170 61
640 62
6871 63
6855 64
4254 65
3780 66
2485 67
6480 68
482 69
5945 70
1764 71
6118 72
662 73
2709 74
94 75
5104 76
1827 77
3666 78
5405 79
2863 80
3020 81
5150 82
5486 83
4699 84
2909 85
4883 86
484 87
1593 88
3384 89
2370 90
3894 91
2517 92
6459 93
6846 94
122 95
2627 96
3315 97
6261 98
5217 99
63 100
5020 101
3355 102
1483 103
5807 104
1605 105
1543 106
2726 107
323 108
6180 109
4479 110
2835 111
6688 112
1490 113
5769 114
2477 115
5479 116
5730 117
2298 118
4834 119
94 120
5783 121
5522 122
6806 123
645 124
5460 125
3322 126
5045 127
2126 128
2325 129
6329 130
2364 131
4003 132
6745 133
2349 134
1652 135
2027 136
3166 137
5544 138
4677 139
3132 140
2298 141
4202 142
5866 143
6797 144
2591 145
972 146
4657 147
110 148
4972 149
2512 150
2505 151
6374 152
349 153
3543 154
5329 155
4236 156
1247 157
3729 158
6013 159
3033 160
724 161
1903 162
6404 163
6719 164
6193 165
3808 166
5144 167
6826 168
186 169
1898 170
527 171
1637 172
4519 173
4280 174
3806 175
1303 176
809 177
1965 178
30 179
6743 180
469 181
5348 182
4121 183
3258 184
1536 185
6959 186
2016 187
1131 188
5858 189
2955 190
5186 191
982 192
4220 193
5817 194
2225 195
1878 196
5993 197
3779 198
4605 199
6772 200
3803 201
6057 202
3208 203
5153 204
2855 205
602 206
1574 207
6797 208
3960 209
5227 210
2006 211
3921 212
305 213
6691 214
6795 215
6679 216
5860 217
588 218
4875 219
1968 220
4732 221
168 222
1391 223
5149 224
2149 225
1910 226
6316 227
6884 228
5828 229
3185 230
3371 231
2271 232
2222 233
5865 234
3526 235
1144 236
113 237
32 238
293 239
5011 240
6151 241
1980 242
3990 243
6167 244
2123 245
774 246
4969 247
3793 248
2822 249
5700 250
3993 251
2572 252
3094 253
4427 254
1556 255
3847 256
2983 257
1777 258
4295 259
2056 260
6419 261
4401 262
3429 263
2542 264
938 265
4785 266
6777 267
4901 268
4155 269
987 270
4070 271
5192 272
3380 273
364 274
6196 275
3822 276
3567 277
6476 278
5736 279
6761 280
3635 281
1465 282
2207 283
3751 284
4568 285
875 286
2157 287
6163 288
3375 289
6039 290
5013 291
6943 292
1485 293
3640 294
2995 295
5363 296
5780 297
2959 298
6610 299
2917 300
546 301
4676 302
4265 303
1177 304
303 305
386 306
3552 307
1033 308
4839 309
4279 310
3729 311
4385 312
5771 313
3532 314
4409 315
2036 316
2623 317
2958 318
2241 319
1324 320
898 321
2270 322
3046 323
4634 324
4263 325
2783 326
6993 327
1685 328
6007 329
1356 330
1064 331
1848 332
1882 333
3299 334
2335 335
6756 336
3779 337
4721 338
1784 339
2899 340
4159 341
5251 342
930 343
2770 344
4763 345
6654 346
4992 347
5373 348
4622 349
4029 350
92 351
5130 352
3643 353
2141 354
428 355
4144 356
3307 357
2387 358
3952 359
5874 360
6379 361
5722 362
3077 363
5673 364
3046 365
2692 366
1575 367
6428 368
2218 369
4969 370
1849 371
2122 372
4112 373
4185 374
735 375
6946 376
5916 377
730 378
1644 379
381 380
775 381
287 382
4178 383
1298 384
5533 385
5100 386
88 387
3530 388
2801 389
6960 390
437 391
2873 392
314 393
6005 394
3749 395
6629 396
361 397
5703 398
5702 399
1018 400
5729 401
4852 402
6690 403
5641 404
622 405
63 406
434 407
882 408
1284 409
3070 410
3802 411
4926 412
2992 413
2664 414
512 415
4783 416
2650 417
5349 418
5221 419
2391 420
6896 421
6080 422
6026 423
4942 424
3359 425
3397 426
2420 427
525 428
5873 429
6784 430
6646 431
5338 432
3312 433
4249 434
1817 435
5781 436
6009 437
5250 438
226 439
969 440
1385 441
4135 442
3794 443
6992 444
1487 445
3029 446
4547 447
1008 448
2315 449
1638 450
4691 451
779 452
1363 453
1046 454
940 455
1243 456
2914 457
5244 458
3237 459
4298 460
273 461
3035 462
3935 463
2111 464
3723 465
654 466
432 467
1524 468
4293 469
5436 470
6834 471
3821 472
6489 473
246 474
6186 475
3378 476
3650 477
5142 478
2471 479
4577 480
4501 481
3235 482
1498 483
5842 484
2368 485
5344 486
2746 487
4025 488
2838 489
2304 490
2794 491
3969 492
4571 493
3368 494
1489 495
4487 496
6989 497
153 498
1454 499
2080 500
4519 501
2069 502
4163 503
1164 504
3515 505
5867 506
2885 507
3824 508
4748 509
6873 510
1778 511
381 512
6338 513
4879 514
6234 515
5260 516
668 517
1255 518
4537 519
5126 520
5844 521
6013 522
1840 523
4617 524
5223 525
6991 526
1614 527
4602 528
5597 529
15 530
3056 531
2780 532
5029 533
6151 534
571 535
4713 536
5397 537
2139 538
4340 539
1565 540
5743 541
2569 542
5256 543
2365 544
7 545
6774 546
3273 547
3456 548
2891 549
4862 550
4455 551
4913 552
4445 553
3242 554
2073 555
3385 556
2254 557
5495 558
5794 559
2025 560
5785 561
4925 562
4459 563
6168 564
2276 565
4237 566
3326 567
320 568
6246 569
6262 570
2124 571
4816 572
5325 573
692 574
1259 575
2703 576
5449 577
3777 578
4274 579
3032 580
3485 581
371 582
5195 583
3474 584
5571 585
1008 586
2942 587
5000 588
1000 589
6313 590
2038 591
4272 592
1514 593
5383 594
6149 595
6315 596
5834 597
3149 598
3028 599
6329 600
1591 601
1716 602
1891 603
4126 604
6812 605
5055 606
6099 607
241 608
2599 609
2708 610
5828 611
3813 612
865 613
2916 614
2792 615
922 616
1571 617
5817 618
465 619
3342 620
4530 621
3631 622
490 623
4878 624
6122 625
3260 626
1952 627
3166 628
4913 629
395 630
3285 631
3894 632
6871 633
2052 634
6019 635
1338 636
2424 637
3348 638
3163 639
3915 640
686 641
6096 642
2259 643
4208 644
5958 645
3955 646
5978 647
4829 648
3845 649
4559 650
152 651
6418 652
3149 653
1198 654
759 655
2178 656
6608 657
866 658
5048 659
2777 660
6241 661
3067 662
590 663
4255 664
6354 665
733 666
1255 667
4117 668
3776 669
3268 670
1074 671
440 672
5186 673
1665 674
4851 675
1433 676
4952 677
3592 678
6661 679
6764 680
340 681
6839 682
2275 683
1982 684
6034 685
4606 686
684 687
758 688
4140 689
5116 690
2508 691
1227 692
824 693
6003 694
1642 695
1202 696
544 697
3286 698
4453 699
