750 1450
4066 0
2055 1
667 2
1039 3
1040 4
101 5
6581 6
3553 7
631 8
4817 9
7390 10
70 11
4460 12
2985 13
1472 14
5915 15
3883 16
199 17
5298 18
4443 19
180 20
1905 21
1328 22
1034 23
5888 24
5391 25
1891 26
4417 27
1973 28
3894 29
3147 30
1777 31
3209 32
1723 33
5857 34
7368 35
644 36
4891 37
3403 38
5788 39
6552 40
2741 41
4713 42
6558 43
2252 44
6953 45
436 46
6377 47
6746 48
5322 49
5434 50
3738 51
5914 52
1117 53
7385 54
4296 55
4144 56
3620 57
1395 58
5809 59
237 60
766 61
7192 62
6832 63
2589 64
6836 65
7408 66
3914 67
1625 68
2286 69
1367 70
3040 71
1849 72
6884 73
537 74
6461 75
6545 76
7358 77
5074 78
6308 79
4076 80
7289 81
4835 82
4980 83
3027 84
6461 85
5193 86
2502 87
4308 88
2708 89
2813 90
7032 91
3559 92
6889 93
589 94
2818 95
649 96
4453 97
1703 98
3918 99
5204 100
2914 101
2114 102
3224 103
6521 104
4230 105
4847 106
1845 107
5801 108
5918 109
2952 110
5835 111
6696 112
5622 113
4021 114
5712 115
4632 116
4130 117
2550 118
5149 119
3080 120
5333 121
6436 122
6145 123
6728 124
7343 125
4003 126
6636 127
5670 128
2753 129
3230 130
3124 131
4559 132
7388 133
3599 134
4671 135
3915 136
4426 137
6833 138
4765 139
3735 140
3129 141
3259 142
7491 143
6782 144
3489 145
1138 146
3463 147
4437 148
7368 149
4109 150
6414 151
703 152
4427 153
3461 154
7299 155
3100 156
3806 157
5647 158
5863 159
1802 160
2511 161
719 162
7161 163
3170 164
3679 165
2331 166
5480 167
1400 168
564 169
7204 170
1206 171
3504 172
877 173
6551 174
2957 175
911 176
3070 177
3666 178
4799 179
3099 180
4021 181
3106 182
5373 183
6642 184
2455 185
4213 186
4654 187
1576 188
4833 189
363 190
7161 191
2566 192
4560 193
6492 194
3308 195
3875 196
1532 197
4091 198
2881 199
3773 200
6526 201
1060 202
2480 203
324 204
3512 205
6398 206
6418 207
2560 208
7111 209
7115 210
6060 211
5842 212
3274 213
5716 214
1801 215
7195 216
2951 217
3916 218
6289 219
1829 220
7273 221
3554 222
1706 223
824 224
6324 225
2905 226
6635 227
3070 228
4097 229
7253 230
571 231
4502 232
2753 233
4335 234
5821 235
2576 236
7452 237
4786 238
1088 239
558 240
6002 241
3760 242
199 243
7170 244
777 245
3921 246
527 247
6958 248
6048 249
232 250
4120 251
5712 252
1054 253
1093 254
3514 255
6283 256
2747 257
209 258
7012 259
7047 260
6477 261
3642 262
5449 263
7415 264
4563 265
3676 266
2081 267
6166 268
3079 269
6769 270
1200 271
3408 272
5919 273
1803 274
7436 275
2120 276
645 277
4964 278
1023 279
1298 280
3182 281
3919 282
6294 283
1377 284
6320 285
3145 286
7165 287
1048 288
234 289
516 290
2698 291
2903 292
6715 293
3743 294
1920 295
4345 296
2616 297
4873 298
1483 299
4783 300
6605 301
266 302
7400 303
4833 304
5031 305
3406 306
4533 307
1305 308
6893 309
6547 310
5657 311
2856 312
3764 313
5637 314
3126 315
2099 316
2763 317
3408 318
5858 319
6631 320
2507 321
2414 322
3891 323
1193 324
1217 325
4833 326
7253 327
4959 328
1690 329
5458 330
7303 331
7165 332
3110 333
1104 334
3968 335
1545 336
5821 337
1146 338
1794 339
6982 340
4105 341
1556 342
4791 343
2005 344
6942 345
7309 346
4000 347
6873 348
7274 349
6828 350
7160 351
1337 352
258 353
576 354
1199 355
1027 356
1489 357
6120 358
2790 359
6231 360
3924 361
6726 362
3217 363
5273 364
3847 365
4636 366
1185 367
1415 368
3182 369
1986 370
6948 371
162 372
1515 373
3100 374
1499 375
4805 376
697 377
576 378
4524 379
3587 380
1345 381
2244 382
834 383
5520 384
5774 385
5659 386
5523 387
5252 388
846 389
92 390
6176 391
674 392
4559 393
4036 394
5131 395
4624 396
6996 397
1562 398
6338 399
891 400
5757 401
6988 402
5736 403
2589 404
3807 405
3961 406
4566 407
3959 408
3259 409
5208 410
6509 411
6207 412
3483 413
6343 414
2008 415
97 416
2227 417
1577 418
2692 419
6789 420
1450 421
4494 422
2835 423
1582 424
4253 425
6936 426
1345 427
527 428
2686 429
5375 430
7367 431
3362 432
5730 433
4932 434
7243 435
3903 436
7132 437
89 438
4315 439
1777 440
1716 441
903 442
793 443
5590 444
2356 445
1323 446
7091 447
260 448
2994 449
3852 450
6920 451
2228 452
470 453
6578 454
276 455
3943 456
61 457
59 458
5263 459
3206 460
916 461
3216 462
6126 463
1476 464
1776 465
6800 466
6130 467
3272 468
3202 469
899 470
2600 471
562 472
5160 473
892 474
6109 475
6437 476
5847 477
6534 478
7302 479
5312 480
719 481
387 482
2791 483
2253 484
5731 485
254 486
7490 487
1968 488
4780 489
2025 490
7078 491
5302 492
1598 493
4396 494
2291 495
7127 496
365 497
3484 498
2852 499
2071 500
4075 501
7481 502
991 503
7223 504
4531 505
1399 506
1788 507
4495 508
6941 509
4816 510
1227 511
1349 512
2538 513
6956 514
560 515
377 516
3674 517
3950 518
6337 519
2332 520
1661 521
1009 522
4273 523
6799 524
5058 525
2915 526
2365 527
5687 528
4707 529
4371 530
2569 531
5470 532
4456 533
3470 534
938 535
5660 536
2026 537
4620 538
6923 539
6588 540
1871 541
4253 542
4047 543
4926 544
6332 545
2715 546
3298 547
7446 548
2711 549
4790 550
5384 551
5770 552
3319 553
5874 554
3223 555
7256 556
5829 557
3396 558
3996 559
191 560
6830 561
6274 562
6675 563
1662 564
6626 565
1098 566
3599 567
3361 568
7392 569
2665 570
5269 571
4507 572
6238 573
516 574
3211 575
1822 576
6108 577
7277 578
5903 579
1791 580
867 581
4225 582
7491 583
4292 584
4373 585
5241 586
4199 587
2582 588
7113 589
5333 590
518 591
2500 592
7052 593
1455 594
3796 595
2232 596
2728 597
5554 598
3532 599
219 600
3454 601
3276 602
66 603
2736 604
5775 605
7266 606
2115 607
1648 608
5793 609
5804 610
7084 611
2699 612
4497 613
1099 614
575 615
4407 616
1308 617
3314 618
6894 619
5009 620
656 621
6797 622
210 623
5471 624
2890 625
2800 626
4312 627
723 628
204 629
6702 630
5258 631
704 632
2178 633
1632 634
1184 635
6415 636
1034 637
517 638
7077 639
269 640
5508 641
5914 642
5755 643
1771 644
6612 645
4015 646
7346 647
3382 648
6026 649
5477 650
1386 651
2853 652
6023 653
3646 654
4381 655
4506 656
669 657
1406 658
2309 659
6571 660
6204 661
4468 662
1663 663
2370 664
7042 665
5676 666
3152 667
4229 668
1332 669
5263 670
2400 671
1173 672
2618 673
3392 674
6387 675
6012 676
104 677
5240 678
1700 679
3517 680
5897 681
1863 682
7008 683
1841 684
124 685
2603 686
5622 687
466 688
2665 689
1311 690
1726 691
2433 692
2110 693
2678 694
3401 695
6218 696
4990 697
1691 698
5087 699
4920 700
1821 701
1839 702
4860 703
1023 704
3448 705
7298 706
3394 707
4384 708
4691 709
635 710
6015 711
1567 712
2590 713
3138 714
1195 715
211 716
4986 717
6939 718
2412 719
2925 720
5222 721
2060 722
5667 723
482 724
1226 725
7004 726
4552 727
3143 728
6461 729
5264 730
5521 731
1152 732
7418 733
437 734
1690 735
3024 736
7158 737
5414 738
3713 739
4577 740
5928 741
6151 742
6698 743
6740 744
617 745
1313 746
2671 747
840 748
4033 749
