700 1050
6058 0
5018 1
279 2
1271 3
204 4
6991 5
1883 6
337 7
5416 8
1850 9
1395 10
3645 11
2124 12
5446 13
6439 14
6410 15
460 16
2070 17
49 18
3011 19
5248 20
3475 21
2183 22
5328 23
6676 24
800 25
3578 26
5178 27
3033 28
6049 29
2353 30
6247 31
5493 32
2872 33
1703 34
5624 35
4455 36
3834 37
1099 38
2296 39
3523 40
5367 41
6618 42
2494 43
2836 44
6968 45
1097 46
6591 47
1719 48
2727 49
5254 50
2049 51
1341 52
3603 53
6357 54
580 55
5717 56
6156 57
4896 58
3057 59
6536 60
253 61
6420 62
2533 63
2292 64
3697 65
5440 66
3081 67
4171 68
2492 69
2784 70
6120 71
2239 72
1077 73
2071 74
1563 75
4969 76
5412 77
2322 78
1562 79
4041 80
3885 81
701 82
2935 83
4507 84
3427 85
3599 86
5182 87
5023 88
4618 89
2574 90
5579 91
6393 92
547 93
4083 94
5841 95
1913 96
6699 97
6153 98
226 99
3974 100
5640 101
2015 102
1392 103
4353 104
2433 105
5755 106
2088 107
314 108
3972 109
502 110
1990 111
3821 112
3902 113
5954 114
3828 115
3969 116
82 117
3838 118
6292 119
2452 120
3525 121
4943 122
5261 123
4635 124
2771 125
1443 126
6565 127
5909 128
492 129
1902 130
3463 131
2900 132
1005 133
5342 134
2859 135
6441 136
6914 137
4066 138
318 139
4509 140
3806 141
4105 142
2831 143
3089 144
6710 145
4648 146
6438 147
2314 148
6891 149
1217 150
6850 151
5538 152
5920 153
6166 154
5900 155
5963 156
6130 157
5093 158
577 159
2396 160
2103 161
1040 162
1652 163
613 164
1643 165
4975 166
5623 167
3202 168
427 169
1325 170
5584 171
6400 172
3947 173
2765 174
1221 175
1727 176
2601 177
638 178
1142 179
3838 180
2416 181
680 182
617 183
6349 184
3924 185
5772 186
2786 187
6891 188
4317 189
5449 190
6907 191
4837 192
517 193
5155 194
2384 195
5353 196
5585 197
3239 198
2586 199
3225 200
666 201
4152 202
2301 203
852 204
6928 205
4426 206
4659 207
1945 208
3093 209
1091 210
4838 211
3395 212
4196 213
5435 214
4004 215
1465 216
5885 217
5238 218
4356 219
4110 220
2918 221
4594 222
5887 223
2446 224
5446 225
119 226
312 227
5225 228
3918 229
2294 230
1022 231
5567 232
3621 233
2908 234
81 235
4240 236
945 237
3090 238
4610 239
1320 240
6180 241
3733 242
4339 243
747 244
3530 245
1639 246
1308 247
972 248
1578 249
4634 250
1372 251
1966 252
6380 253
6752 254
5632 255
2244 256
5193 257
5162 258
2539 259
3991 260
5381 261
2583 262
2850 263
1531 264
4925 265
5278 266
2858 267
6989 268
1264 269
3495 270
3347 271
68 272
4435 273
4115 274
1597 275
6293 276
5305 277
1958 278
996 279
1662 280
2980 281
6627 282
4643 283
5109 284
6117 285
5380 286
4978 287
5945 288
1232 289
232 290
2885 291
5344 292
2526 293
2957 294
3718 295
6136 296
5969 297
5693 298
498 299
5105 300
3374 301
1465 302
470 303
4720 304
3327 305
6188 306
834 307
4766 308
5571 309
1734 310
5880 311
4895 312
3210 313
4809 314
388 315
1019 316
2542 317
3670 318
5496 319
6135 320
6464 321
5876 322
4748 323
4532 324
3138 325
5696 326
6002 327
6813 328
3039 329
2360 330
6924 331
6490 332
3380 333
347 334
877 335
3328 336
4740 337
1223 338
4990 339
3001 340
2569 341
4052 342
6566 343
3245 344
1791 345
3982 346
3139 347
1814 348
1927 349
5376 350
4867 351
1256 352
5387 353
935 354
4955 355
4716 356
2516 357
6283 358
1258 359
5444 360
990 361
245 362
329 363
5517 364
3632 365
6362 366
3304 367
1781 368
4916 369
2543 370
552 371
347 372
6122 373
2809 374
5285 375
4288 376
6793 377
6406 378
2290 379
4074 380
5378 381
4829 382
3314 383
5864 384
4886 385
5684 386
2297 387
2830 388
5190 389
3771 390
468 391
6033 392
3832 393
1840 394
3558 395
6584 396
5505 397
1866 398
2851 399
3203 400
6547 401
2222 402
3171 403
3849 404
222 405
5348 406
2688 407
448 408
6547 409
3621 410
139 411
5551 412
6369 413
1181 414
5441 415
2210 416
1845 417
3315 418
953 419
6664 420
3382 421
4952 422
6780 423
2115 424
248 425
3107 426
6692 427
2488 428
413 429
2140 430
6249 431
2860 432
5310 433
969 434
2995 435
1869 436
5652 437
1778 438
71 439
5340 440
101 441
4457 442
3416 443
2891 444
4010 445
968 446
6017 447
2726 448
5238 449
6918 450
794 451
3736 452
6214 453
5889 454
2122 455
5559 456
4767 457
5830 458
5928 459
6442 460
214 461
1999 462
2122 463
6490 464
2854 465
4679 466
264 467
2640 468
739 469
4540 470
2262 471
1557 472
2345 473
6763 474
1410 475
5863 476
6127 477
3581 478
150 479
6523 480
5316 481
4263 482
3619 483
1066 484
2473 485
4698 486
1935 487
1386 488
464 489
5989 490
3986 491
2678 492
824 493
3146 494
4236 495
2973 496
3631 497
4366 498
4724 499
6673 500
5714 501
4714 502
5363 503
3799 504
3058 505
2390 506
3987 507
4088 508
299 509
4637 510
6572 511
1453 512
6389 513
4878 514
5294 515
3160 516
488 517
1209 518
1295 519
860 520
4773 521
484 522
6934 523
2736 524
557 525
3887 526
3026 527
5448 528
4450 529
725 530
3883 531
5007 532
2083 533
5099 534
3850 535
4062 536
4448 537
6807 538
1780 539
4943 540
5791 541
6708 542
6801 543
5985 544
211 545
6248 546
2296 547
3306 548
2278 549
5215 550
6303 551
3788 552
5765 553
2735 554
1851 555
1918 556
2807 557
3300 558
2879 559
1703 560
4287 561
332 562
1083 563
219 564
2893 565
4888 566
6125 567
6118 568
1027 569
919 570
6590 571
4180 572
4741 573
835 574
245 575
5284 576
153 577
4757 578
6247 579
989 580
6164 581
539 582
6276 583
3212 584
4469 585
6084 586
358 587
6288 588
736 589
1065 590
124 591
1552 592
6307 593
2912 594
759 595
2341 596
6821 597
5516 598
513 599
6057 600
1988 601
6987 602
6911 603
2205 604
1645 605
2192 606
5817 607
2497 608
3051 609
1508 610
2951 611
6309 612
3587 613
4518 614
650 615
1532 616
1335 617
6445 618
6030 619
4002 620
6534 621
416 622
4404 623
5809 624
1917 625
292 626
6203 627
5558 628
6654 629
740 630
2547 631
6743 632
6367 633
3666 634
1957 635
6265 636
3350 637
2977 638
1952 639
5382 640
1079 641
5431 642
5144 643
1147 644
3246 645
854 646
966 647
6019 648
1476 649
2204 650
1105 651
6033 652
315 653
3296 654
665 655
6571 656
4641 657
6834 658
4991 659
5825 660
4271 661
1555 662
6737 663
3974 664
4144 665
5794 666
251 667
3719 668
626 669
4152 670
4650 671
6205 672
5018 673
3079 674
6968 675
3327 676
1032 677
3319 678
6256 679
2148 680
5730 681
250 682
1975 683
3978 684
237 685
5806 686
327 687
4313 688
670 689
643 690
1282 691
2427 692
5757 693
6641 694
521 695
345 696
6850 697
5137 698
1473 699
