700 900
1491 0
4114 1
2234 2
1700 3
5052 4
6184 5
897 6
3276 7
4927 8
379 9
2462 10
2668 11
2039 12
6025 13
2426 14
1963 15
1323 16
1948 17
4162 18
5434 19
545 20
3787 21
4718 22
6803 23
5820 24
1559 25
1422 26
3970 27
6878 28
1 29
5042 30
5400 31
119 32
4517 33
6533 34
2453 35
6118 36
161 37
6694 38
6602 39
5818 40
4342 41
6336 42
6964 43
1306 44
867 45
4394 46
1923 47
4134 48
4647 49
1959 50
2050 51
6699 52
6639 53
4851 54
3123 55
1748 56
893 57
6832 58
544 59
2906 60
1365 61
4832 62
3472 63
6291 64
4805 65
5639 66
457 67
2872 68
3558 69
1105 70
3123 71
4888 72
4829 73
495 74
2409 75
233 76
2987 77
1200 78
1143 79
514 80
3890 81
4098 82
6398 83
3285 84
2002 85
3493 86
3113 87
275 88
3095 89
3899 90
5655 91
741 92
4388 93
6756 94
6597 95
5485 96
496 97
719 98
1315 99
285 100
2884 101
661 102
5722 103
6490 104
3486 105
6410 106
1940 107
5639 108
6585 109
5114 110
1805 111
511 112
4021 113
1060 114
4472 115
5206 116
2248 117
5156 118
2113 119
3552 120
1823 121
1197 122
2769 123
5045 124
5834 125
3708 126
1462 127
959 128
3247 129
967 130
4559 131
2242 132
6603 133
3421 134
2465 135
5297 136
2992 137
5587 138
812 139
2787 140
2739 141
617 142
87 143
6111 144
5220 145
1403 146
4183 147
4318 148
2198 149
958 150
825 151
616 152
2700 153
2344 154
869 155
2202 156
3983 157
1816 158
4507 159
2355 160
3876 161
4393 162
6634 163
3928 164
4936 165
1159 166
3707 167
4015 168
6659 169
1574 170
1222 171
3270 172
6251 173
1776 174
1636 175
4193 176
5572 177
3862 178
4841 179
4093 180
2879 181
2211 182
3618 183
3202 184
2849 185
436 186
6890 187
6768 188
2151 189
5481 190
3496 191
790 192
4635 193
2397 194
4491 195
6201 196
5632 197
5152 198
4848 199
1165 200
4241 201
3759 202
6419 203
1265 204
2885 205
1468 206
3420 207
5973 208
4727 209
6641 210
2871 211
6598 212
140 213
2097 214
2909 215
4584 216
6181 217
763 218
2252 219
1561 220
2223 221
1371 222
5224 223
5401 224
6772 225
5208 226
393 227
4111 228
3234 229
5175 230
5366 231
1451 232
2889 233
758 234
5345 235
6340 236
5296 237
859 238
4049 239
5893 240
5303 241
6523 242
4728 243
5710 244
2031 245
2987 246
3319 247
4645 248
1817 249
2146 250
4598 251
3074 252
5682 253
3270 254
4074 255
4432 256
4170 257
2372 258
4928 259
5820 260
5069 261
411 262
6222 263
6290 264
4243 265
2496 266
653 267
1263 268
4831 269
6876 270
6219 271
3876 272
320 273
4974 274
4121 275
1528 276
1781 277
4792 278
4865 279
3881 280
6539 281
851 282
818 283
4669 284
6497 285
659 286
4089 287
1156 288
5561 289
5484 290
717 291
6981 292
5019 293
2590 294
6290 295
5770 296
3956 297
3717 298
3692 299
3175 300
6822 301
1955 302
4570 303
3971 304
2556 305
4729 306
6985 307
6230 308
2063 309
2462 310
4756 311
1902 312
2769 313
30 314
690 315
623 316
3671 317
6262 318
3444 319
324 320
88 321
3513 322
1679 323
6827 324
2780 325
5747 326
1289 327
4369 328
1504 329
1491 330
6136 331
3690 332
4157 333
482 334
4812 335
2469 336
2561 337
2335 338
5908 339
451 340
4919 341
5478 342
2185 343
6712 344
3772 345
65 346
4869 347
2757 348
2382 349
6909 350
3605 351
2911 352
5844 353
5021 354
2590 355
1661 356
3833 357
5442 358
4050 359
1324 360
6288 361
3212 362
4185 363
406 364
6109 365
4260 366
6558 367
704 368
3861 369
5465 370
5730 371
193 372
373 373
2081 374
3117 375
5131 376
2361 377
2430 378
6340 379
4169 380
3765 381
2048 382
3014 383
2490 384
4300 385
5627 386
1506 387
5068 388
5160 389
5668 390
2649 391
6098 392
765 393
47 394
2067 395
5074 396
4562 397
3303 398
1304 399
1994 400
2055 401
6767 402
1135 403
1524 404
1523 405
4675 406
3182 407
1912 408
5665 409
3571 410
401 411
1389 412
3427 413
115 414
674 415
3415 416
4017 417
6335 418
1195 419
965 420
2440 421
1588 422
1598 423
3632 424
2857 425
5013 426
6853 427
4819 428
3686 429
1545 430
5326 431
1534 432
1990 433
3635 434
4720 435
5186 436
1672 437
717 438
4877 439
6397 440
2199 441
2584 442
387 443
580 444
2925 445
1945 446
2461 447
6240 448
1464 449
4524 450
1445 451
1713 452
5885 453
3384 454
1482 455
4763 456
1935 457
6317 458
1014 459
659 460
3391 461
263 462
6710 463
3307 464
4116 465
5380 466
5071 467
5072 468
5497 469
1676 470
5150 471
3954 472
1212 473
1144 474
284 475
862 476
1481 477
6076 478
689 479
1426 480
4614 481
6830 482
5731 483
3828 484
2030 485
5404 486
344 487
1373 488
912 489
2488 490
6088 491
2323 492
6403 493
6718 494
4494 495
5934 496
5970 497
5935 498
1001 499
5820 500
3206 501
1182 502
1340 503
4467 504
5316 505
1484 506
473 507
810 508
3965 509
4458 510
6039 511
2739 512
1667 513
6961 514
5492 515
2178 516
2275 517
1419 518
2107 519
5108 520
3930 521
1919 522
1368 523
6619 524
3332 525
841 526
2375 527
1304 528
3628 529
6584 530
6216 531
2284 532
2970 533
1488 534
2441 535
5552 536
100 537
74 538
233 539
5 540
5979 541
2023 542
32 543
2760 544
4969 545
5959 546
237 547
2252 548
5249 549
3595 550
5322 551
6862 552
3577 553
6264 554
3356 555
4992 556
4822 557
4626 558
2196 559
3763 560
4956 561
4889 562
4227 563
2664 564
5853 565
2630 566
914 567
2147 568
6902 569
6737 570
2060 571
3306 572
1892 573
1769 574
3566 575
1839 576
1488 577
3829 578
3542 579
3248 580
5562 581
4725 582
347 583
976 584
4133 585
5211 586
546 587
3027 588
4230 589
192 590
291 591
4870 592
3766 593
4836 594
15 595
5282 596
3749 597
74 598
3187 599
5990 600
2073 601
3994 602
3153 603
1341 604
3934 605
1905 606
6265 607
4340 608
3352 609
3613 610
1905 611
198 612
2348 613
2805 614
3225 615
1629 616
452 617
1559 618
6080 619
6057 620
196 621
6707 622
69 623
6377 624
5744 625
5291 626
6864 627
4774 628
3782 629
4241 630
2947 631
5668 632
3365 633
6251 634
6960 635
1675 636
2988 637
4939 638
2903 639
1091 640
5825 641
5597 642
5947 643
1198 644
1175 645
4517 646
5012 647
1551 648
2798 649
6324 650
5682 651
3118 652
3734 653
292 654
6623 655
4325 656
6431 657
5989 658
2797 659
822 660
6137 661
328 662
694 663
3119 664
2582 665
4855 666
6145 667
4732 668
1108 669
5914 670
4996 671
780 672
172 673
3098 674
2713 675
3372 676
2852 677
2236 678
4292 679
4586 680
661 681
2621 682
1003 683
1802 684
4595 685
3499 686
4039 687
2558 688
2898 689
3171 690
910 691
1977 692
5009 693
1436 694
56 695
5026 696
5271 697
5343 698
1736 699
