750 300
6269 0
5530 1
1247 2
3997 3
950 4
7356 5
290 6
5758 7
6672 8
5137 9
1542 10
6263 11
6517 12
1213 13
3849 14
6465 15
5668 16
4353 17
3263 18
952 19
1978 20
6223 21
7122 22
4597 23
7379 24
3583 25
3647 26
2972 27
7245 28
6040 29
1122 30
4860 31
2933 32
986 33
3178 34
4941 35
3666 36
6432 37
6053 38
2727 39
4919 40
3353 41
6981 42
4404 43
1921 44
627 45
1330 46
3909 47
4377 48
7122 49
2601 50
3165 51
4817 52
7309 53
6350 54
4079 55
6807 56
4839 57
5423 58
6543 59
7031 60
2695 61
662 62
246 63
6465 64
3190 65
803 66
7356 67
7269 68
6903 69
3279 70
4820 71
2466 72
1574 73
1080 74
6303 75
1497 76
2302 77
4426 78
1056 79
5364 80
2501 81
883 82
3076 83
2650 84
5224 85
1282 86
1009 87
1012 88
3608 89
5843 90
3920 91
3897 92
6347 93
6552 94
6781 95
3062 96
7026 97
99 98
3282 99
847 100
5955 101
5359 102
2212 103
189 104
6810 105
67 106
1643 107
6154 108
2676 109
5283 110
6000 111
796 112
6963 113
6523 114
989 115
6013 116
377 117
582 118
2834 119
3233 120
6974 121
2288 122
1997 123
2455 124
1939 125
5543 126
2287 127
7138 128
5048 129
1526 130
1511 131
3638 132
2984 133
6785 134
6746 135
1430 136
3070 137
3098 138
2320 139
2684 140
5298 141
3858 142
3855 143
6910 144
5558 145
2034 146
249 147
2032 148
5713 149
7381 150
6596 151
7018 152
1461 153
3427 154
1288 155
4046 156
4359 157
4511 158
929 159
1180 160
1303 161
2061 162
911 163
6851 164
3094 165
3096 166
5976 167
2095 168
4154 169
683 170
4785 171
4791 172
5532 173
1254 174
5671 175
4253 176
836 177
6084 178
6259 179
6240 180
3304 181
2932 182
1799 183
1707 184
5868 185
5 186
1861 187
2442 188
5629 189
3750 190
1517 191
5334 192
3712 193
411 194
2704 195
2818 196
2740 197
7136 198
5158 199
266 200
2348 201
186 202
5652 203
5341 204
2884 205
2115 206
536 207
2454 208
6649 209
5603 210
6295 211
5138 212
2205 213
2912 214
3095 215
6286 216
911 217
3874 218
2391 219
2540 220
3981 221
2010 222
3454 223
293 224
394 225
3009 226
5368 227
6483 228
2506 229
6066 230
2904 231
1764 232
4946 233
1275 234
3224 235
5323 236
4035 237
2356 238
4951 239
400 240
2848 241
4501 242
2644 243
5095 244
483 245
1755 246
602 247
1155 248
3101 249
2022 250
4874 251
7163 252
4908 253
6279 254
530 255
232 256
5824 257
1221 258
2649 259
5412 260
3023 261
5035 262
2179 263
432 264
6448 265
1377 266
2135 267
1869 268
3494 269
4172 270
6264 271
5013 272
293 273
5735 274
7061 275
5854 276
6699 277
967 278
1357 279
6162 280
2323 281
6889 282
7201 283
6376 284
6846 285
824 286
3653 287
6922 288
5038 289
813 290
3433 291
1248 292
6727 293
3000 294
571 295
583 296
2547 297
6520 298
3101 299
2955 300
913 301
6389 302
4608 303
2946 304
5587 305
7100 306
5080 307
3758 308
3887 309
764 310
1975 311
2600 312
406 313
5487 314
6677 315
518 316
3317 317
6676 318
6844 319
5511 320
3222 321
6758 322
2630 323
659 324
4671 325
4875 326
4968 327
2707 328
7312 329
101 330
2772 331
4787 332
3778 333
4565 334
6474 335
6503 336
5193 337
4376 338
4387 339
339 340
4485 341
3204 342
5090 343
1888 344
6841 345
867 346
458 347
3837 348
4999 349
3550 350
6454 351
2531 352
861 353
4318 354
5961 355
6090 356
6606 357
5668 358
2860 359
4637 360
5336 361
4343 362
5678 363
3671 364
6225 365
138 366
6735 367
4291 368
1119 369
5084 370
359 371
3292 372
3804 373
5735 374
4446 375
1998 376
4178 377
4079 378
3101 379
3449 380
5299 381
2392 382
7138 383
2461 384
7317 385
5969 386
6479 387
2987 388
6314 389
844 390
901 391
2986 392
6053 393
2384 394
562 395
4291 396
6247 397
2052 398
701 399
4778 400
3232 401
5638 402
3118 403
2265 404
4079 405
7455 406
4111 407
6701 408
5592 409
4182 410
2771 411
2156 412
3873 413
7075 414
2505 415
1640 416
321 417
2648 418
5982 419
7378 420
925 421
768 422
293 423
1270 424
1998 425
741 426
534 427
4179 428
5452 429
1203 430
4840 431
6105 432
211 433
2158 434
3027 435
2627 436
6282 437
1742 438
6511 439
350 440
1827 441
423 442
7088 443
1157 444
6496 445
3642 446
6572 447
4727 448
2486 449
1360 450
2804 451
1739 452
2272 453
6504 454
4304 455
122 456
6162 457
3400 458
3848 459
6499 460
5687 461
4608 462
3831 463
7434 464
4896 465
4291 466
1330 467
6301 468
6451 469
5063 470
909 471
667 472
4672 473
2126 474
4817 475
4334 476
5389 477
6697 478
2924 479
3726 480
4642 481
5421 482
2118 483
4546 484
5763 485
5669 486
5080 487
6541 488
2 489
4800 490
3495 491
7082 492
1137 493
980 494
837 495
971 496
4063 497
5692 498
204 499
3424 500
7098 501
2447 502
7223 503
988 504
3661 505
5329 506
5769 507
3815 508
7224 509
6809 510
977 511
6143 512
2546 513
4821 514
4840 515
2017 516
7205 517
6680 518
7145 519
5355 520
4600 521
7199 522
3498 523
1923 524
7318 525
4669 526
311 527
7016 528
4836 529
1924 530
6102 531
842 532
2522 533
4124 534
4853 535
6911 536
2998 537
404 538
2001 539
37 540
3644 541
7064 542
536 543
1385 544
2403 545
6815 546
686 547
2321 548
2385 549
5498 550
5721 551
5811 552
1191 553
432 554
3444 555
4313 556
3819 557
1189 558
2133 559
2942 560
7145 561
3012 562
1837 563
811 564
1083 565
167 566
6281 567
3448 568
130 569
329 570
290 571
7167 572
1796 573
6766 574
4684 575
6735 576
6277 577
7129 578
1126 579
6261 580
1074 581
2792 582
788 583
5278 584
3794 585
2040 586
4311 587
260 588
3087 589
5185 590
5231 591
5427 592
2584 593
4911 594
5914 595
5944 596
5352 597
1914 598
718 599
6877 600
5165 601
6450 602
1678 603
342 604
4542 605
1499 606
3445 607
5228 608
1221 609
2213 610
4111 611
5241 612
6407 613
3335 614
1246 615
3169 616
2789 617
2222 618
4162 619
2643 620
6527 621
657 622
158 623
2679 624
2494 625
6662 626
6805 627
2211 628
5678 629
6742 630
5273 631
2090 632
5010 633
4794 634
2670 635
5526 636
317 637
3145 638
2147 639
3680 640
4059 641
6498 642
6956 643
6431 644
1646 645
3957 646
4915 647
638 648
5043 649
3332 650
5492 651
5352 652
601 653
6375 654
4267 655
1206 656
4269 657
5222 658
1838 659
6165 660
5918 661
2339 662
3267 663
3092 664
2715 665
3410 666
6573 667
7329 668
5762 669
2239 670
3791 671
3079 672
6375 673
1372 674
2328 675
1093 676
12 677
606 678
3799 679
1991 680
3144 681
5289 682
7466 683
5199 684
2969 685
6356 686
6584 687
5080 688
444 689
926 690
5322 691
6287 692
2156 693
567 694
381 695
4003 696
7106 697
2530 698
6730 699
1917 700
5348 701
7486 702
4909 703
655 704
1939 705
4962 706
6236 707
2827 708
3261 709
6491 710
4593 711
6783 712
5206 713
4505 714
2175 715
5505 716
7329 717
227 718
2476 719
4021 720
5563 721
1384 722
99 723
1330 724
5432 725
6306 726
2686 727
5509 728
5273 729
1871 730
6602 731
2832 732
6545 733
917 734
3801 735
6992 736
2710 737
3635 738
2285 739
7094 740
1300 741
1544 742
264 743
2165 744
773 745
6864 746
5468 747
1 748
894 749
