700 1600
6855 0
498 1
4473 2
2981 3
910 4
6107 5
3405 6
5949 7
4580 8
2143 9
6253 10
1250 11
5423 12
2566 13
1753 14
5613 15
6182 16
6668 17
5109 18
4910 19
5290 20
3996 21
4042 22
4506 23
3 24
6591 25
5911 26
1008 27
4607 28
3963 29
2674 30
5866 31
5339 32
1922 33
2815 34
3431 35
473 36
3903 37
2450 38
5120 39
2765 40
3413 41
3243 42
5955 43
5992 44
4323 45
2455 46
6711 47
6641 48
368 49
6628 50
3095 51
751 52
4295 53
3482 54
6736 55
5971 56
1004 57
4806 58
3025 59
5493 60
838 61
4267 62
6951 63
1735 64
5989 65
4451 66
2197 67
4475 68
274 69
54 70
4747 71
5241 72
4864 73
3255 74
3822 75
6516 76
5315 77
2513 78
6019 79
6127 80
4373 81
793 82
6186 83
6321 84
1705 85
1064 86
4930 87
6592 88
1242 89
4749 90
1234 91
4065 92
651 93
4228 94
1168 95
5984 96
6420 97
1031 98
5047 99
2349 100
1798 101
1091 102
3302 103
1050 104
677 105
4403 106
6613 107
3634 108
1223 109
873 110
3053 111
6688 112
2753 113
272 114
1242 115
239 116
5177 117
6643 118
6726 119
2847 120
5300 121
1960 122
4938 123
3811 124
2532 125
4205 126
1371 127
1533 128
6085 129
2262 130
6305 131
2479 132
6905 133
4491 134
2498 135
5715 136
307 137
3661 138
325 139
4132 140
2149 141
1445 142
3711 143
2205 144
504 145
4406 146
5467 147
1111 148
1458 149
315 150
1087 151
879 152
2958 153
1673 154
6358 155
2046 156
221 157
672 158
3842 159
6507 160
3723 161
535 162
3089 163
850 164
5499 165
3539 166
4854 167
4682 168
1562 169
513 170
4604 171
2227 172
6679 173
6117 174
3988 175
4284 176
5943 177
5715 178
2110 179
5299 180
1330 181
5621 182
1161 183
2429 184
5597 185
1751 186
3856 187
2659 188
1765 189
6046 190
4522 191
2216 192
3015 193
4037 194
1721 195
6503 196
1221 197
1313 198
3549 199
111 200
4205 201
6249 202
4066 203
5019 204
4922 205
416 206
5674 207
3427 208
5567 209
480 210
3973 211
4667 212
973 213
5536 214
5756 215
4644 216
4959 217
1708 218
5919 219
2673 220
777 221
5112 222
1167 223
4676 224
4653 225
3562 226
6015 227
401 228
3051 229
3781 230
3595 231
1229 232
1683 233
6889 234
2507 235
588 236
6787 237
2360 238
4846 239
6669 240
3562 241
6092 242
2366 243
119 244
3364 245
3251 246
3834 247
1153 248
4674 249
797 250
3140 251
6051 252
2227 253
2679 254
2370 255
4660 256
107 257
48 258
5655 259
721 260
6989 261
5117 262
3348 263
1149 264
4882 265
2966 266
5284 267
1112 268
193 269
6281 270
2916 271
6241 272
2344 273
264 274
90 275
4034 276
5221 277
166 278
6768 279
3068 280
3962 281
2734 282
2029 283
2114 284
5249 285
541 286
879 287
4210 288
1351 289
153 290
2767 291
5807 292
6433 293
5343 294
1178 295
1973 296
2256 297
6654 298
1462 299
6580 300
6170 301
3873 302
5579 303
557 304
2552 305
838 306
4152 307
5330 308
3439 309
6429 310
2347 311
4329 312
4365 313
2472 314
618 315
3726 316
650 317
3755 318
5839 319
5159 320
3654 321
6735 322
4656 323
5234 324
6568 325
5954 326
232 327
1524 328
6229 329
6117 330
236 331
2355 332
6854 333
3343 334
5513 335
5039 336
3758 337
4788 338
4755 339
4973 340
4855 341
5995 342
5879 343
141 344
936 345
5802 346
241 347
4287 348
1968 349
1827 350
511 351
5511 352
6829 353
4054 354
2913 355
1224 356
3161 357
1678 358
3729 359
4844 360
5002 361
6044 362
1745 363
1513 364
399 365
3452 366
5166 367
1096 368
2471 369
6755 370
6285 371
2120 372
4364 373
1729 374
4703 375
1283 376
5011 377
5154 378
40 379
4666 380
1462 381
4504 382
1348 383
2889 384
4587 385
5649 386
3546 387
2748 388
1306 389
2174 390
6638 391
6953 392
1352 393
4553 394
4240 395
13 396
5462 397
786 398
2867 399
242 400
3754 401
3431 402
5513 403
3372 404
1237 405
5759 406
2830 407
428 408
3263 409
2434 410
1994 411
1602 412
6015 413
2760 414
4447 415
5946 416
5388 417
4120 418
337 419
4911 420
4627 421
2143 422
2694 423
485 424
6307 425
2073 426
6826 427
2738 428
1827 429
62 430
1459 431
724 432
948 433
2505 434
4466 435
3811 436
1756 437
1303 438
1388 439
3150 440
1941 441
3129 442
4796 443
3629 444
1728 445
5501 446
4156 447
3830 448
4089 449
3152 450
763 451
3834 452
54 453
4760 454
5442 455
322 456
880 457
721 458
1104 459
4580 460
6247 461
4968 462
6504 463
5179 464
5335 465
5983 466
4729 467
6334 468
2847 469
1565 470
2556 471
6394 472
2026 473
2898 474
972 475
998 476
3274 477
6942 478
5689 479
6369 480
1424 481
3182 482
5161 483
1551 484
5638 485
5095 486
4164 487
300 488
1881 489
2681 490
856 491
2282 492
4851 493
4410 494
1221 495
2066 496
3687 497
29 498
2209 499
1017 500
2020 501
3454 502
6535 503
804 504
3521 505
3693 506
792 507
6811 508
4438 509
6051 510
3613 511
4558 512
1364 513
2858 514
3722 515
337 516
6434 517
1961 518
4149 519
1694 520
5626 521
95 522
1418 523
3591 524
4595 525
2280 526
5731 527
5506 528
776 529
6619 530
4483 531
2662 532
3360 533
6351 534
2017 535
4783 536
1981 537
5242 538
2777 539
6201 540
152 541
3998 542
343 543
1990 544
228 545
1579 546
3866 547
2398 548
1043 549
3553 550
4192 551
4695 552
5668 553
6140 554
5601 555
5053 556
6019 557
4369 558
6691 559
2887 560
2853 561
1718 562
5616 563
780 564
4169 565
5146 566
6271 567
2126 568
1295 569
4649 570
6935 571
2373 572
6589 573
6655 574
1642 575
3978 576
2936 577
6226 578
3417 579
4784 580
1838 581
1103 582
374 583
3478 584
5179 585
5597 586
144 587
3221 588
1118 589
6250 590
4820 591
3638 592
1591 593
4919 594
113 595
449 596
3081 597
920 598
6281 599
6037 600
2652 601
5755 602
6938 603
4129 604
739 605
4641 606
1920 607
1849 608
6407 609
1666 610
1473 611
4119 612
5099 613
3748 614
3351 615
2112 616
4182 617
1855 618
488 619
3432 620
4624 621
6496 622
6448 623
5078 624
1045 625
5003 626
5869 627
5270 628
4085 629
2170 630
1429 631
3176 632
6989 633
1618 634
1571 635
1850 636
1624 637
6328 638
810 639
5917 640
4545 641
904 642
5230 643
6169 644
1654 645
2555 646
374 647
3858 648
4866 649
3951 650
1791 651
6705 652
1463 653
2215 654
2034 655
3973 656
3748 657
534 658
4201 659
6090 660
3100 661
3923 662
6433 663
4273 664
30 665
6530 666
4123 667
6253 668
551 669
506 670
211 671
957 672
6977 673
4158 674
5725 675
6404 676
3734 677
106 678
6633 679
1990 680
2907 681
6573 682
624 683
3308 684
4581 685
2311 686
4858 687
5301 688
2679 689
3069 690
4374 691
3588 692
6793 693
3330 694
2809 695
2564 696
2843 697
931 698
6260 699
