750 600
1081 0
5093 1
4217 2
2821 3
2545 4
5140 5
1724 6
87 7
4394 8
1061 9
6139 10
4769 11
6961 12
4175 13
6664 14
5085 15
1174 16
3066 17
866 18
4534 19
1302 20
6395 21
6952 22
5453 23
3289 24
6579 25
5995 26
3158 27
1861 28
1509 29
627 30
145 31
4344 32
5661 33
5470 34
4029 35
3799 36
1102 37
4432 38
5718 39
31 40
6347 41
4863 42
7441 43
640 44
5807 45
5074 46
5547 47
3139 48
2707 49
551 50
5372 51
2905 52
1408 53
4522 54
5646 55
6613 56
3055 57
2961 58
4620 59
5928 60
3302 61
5947 62
2253 63
1909 64
5792 65
7020 66
5154 67
4229 68
2347 69
4388 70
5817 71
152 72
3462 73
6109 74
5288 75
1183 76
4822 77
216 78
4184 79
6236 80
1895 81
5949 82
5904 83
5736 84
5538 85
6144 86
419 87
5817 88
2723 89
1279 90
3217 91
1671 92
2414 93
2470 94
226 95
6456 96
4348 97
2929 98
3302 99
5295 100
1531 101
5757 102
3492 103
1548 104
3322 105
5322 106
3086 107
3678 108
4638 109
1245 110
5535 111
5377 112
7027 113
3555 114
163 115
3741 116
1988 117
118 118
3882 119
3018 120
6814 121
3808 122
5579 123
4388 124
6781 125
1121 126
4149 127
828 128
6833 129
7022 130
315 131
3351 132
6794 133
949 134
212 135
4841 136
6021 137
7404 138
2226 139
6293 140
1053 141
1122 142
7465 143
2975 144
4031 145
3592 146
4338 147
6844 148
1983 149
2794 150
4719 151
1704 152
6299 153
6773 154
1467 155
2948 156
194 157
1048 158
5076 159
4458 160
1580 161
975 162
3573 163
6679 164
3088 165
4720 166
4237 167
1987 168
3114 169
211 170
5383 171
3917 172
2486 173
2753 174
7313 175
2929 176
1918 177
383 178
5652 179
1597 180
5234 181
3580 182
2766 183
3915 184
4394 185
195 186
289 187
5822 188
6427 189
6151 190
341 191
5492 192
4472 193
2824 194
485 195
1494 196
1695 197
7097 198
4042 199
2124 200
4041 201
4131 202
3787 203
1307 204
3856 205
3183 206
7377 207
6964 208
3364 209
7266 210
3396 211
4032 212
6626 213
259 214
6289 215
4029 216
131 217
4508 218
5504 219
7065 220
7353 221
6988 222
5296 223
916 224
512 225
3568 226
2150 227
5885 228
856 229
7014 230
3509 231
3861 232
6737 233
1582 234
7070 235
4810 236
6329 237
5025 238
481 239
7470 240
488 241
6926 242
2393 243
5375 244
7239 245
5539 246
1624 247
1034 248
1863 249
6349 250
2811 251
2291 252
6345 253
7073 254
5641 255
5730 256
5902 257
3642 258
904 259
3283 260
5749 261
1120 262
7307 263
4582 264
580 265
3611 266
3038 267
2574 268
4039 269
618 270
6659 271
7171 272
7411 273
3954 274
4206 275
5355 276
260 277
1223 278
3113 279
3729 280
3384 281
6052 282
3472 283
4771 284
3779 285
3301 286
2752 287
2846 288
6766 289
5736 290
4753 291
3764 292
1720 293
2896 294
4100 295
846 296
197 297
4218 298
1290 299
4382 300
3124 301
6027 302
1467 303
2732 304
4066 305
3183 306
2349 307
6258 308
2557 309
5062 310
5202 311
5833 312
6724 313
575 314
3428 315
3900 316
2116 317
3116 318
5005 319
5002 320
2779 321
4344 322
350 323
6985 324
1585 325
4573 326
2319 327
6287 328
4463 329
3456 330
7472 331
137 332
4355 333
3427 334
2628 335
7325 336
3077 337
1644 338
977 339
5701 340
1702 341
2413 342
3067 343
3860 344
628 345
3794 346
7247 347
4224 348
5564 349
1899 350
4082 351
6902 352
3387 353
6099 354
2320 355
992 356
5237 357
4361 358
2905 359
3564 360
7256 361
6561 362
4278 363
1189 364
5776 365
6000 366
6634 367
2560 368
4537 369
4145 370
5544 371
960 372
2088 373
919 374
1516 375
575 376
6371 377
6356 378
3114 379
416 380
3269 381
3414 382
2521 383
2833 384
2939 385
3842 386
2647 387
1014 388
7484 389
6753 390
5627 391
532 392
3790 393
6309 394
7171 395
3623 396
7127 397
6817 398
876 399
2102 400
6817 401
6326 402
3093 403
6048 404
704 405
6599 406
6006 407
6053 408
7486 409
5231 410
3868 411
4845 412
2380 413
493 414
6909 415
2645 416
27 417
5594 418
4995 419
1682 420
6749 421
979 422
692 423
1944 424
2054 425
6970 426
3647 427
4682 428
3299 429
3935 430
1634 431
4411 432
3621 433
122 434
7255 435
4817 436
2626 437
5117 438
6161 439
4738 440
389 441
7313 442
6692 443
3655 444
5465 445
4719 446
6818 447
5318 448
3429 449
3902 450
808 451
4988 452
2298 453
1805 454
2176 455
6951 456
1627 457
4569 458
5873 459
835 460
1370 461
6290 462
3925 463
1958 464
1143 465
545 466
2525 467
2316 468
4055 469
4940 470
1813 471
2020 472
1583 473
1010 474
3440 475
4830 476
5530 477
5330 478
182 479
114 480
140 481
7050 482
4152 483
3476 484
2762 485
5154 486
2938 487
4903 488
6329 489
4367 490
6230 491
4690 492
3660 493
6926 494
1829 495
2265 496
6500 497
5844 498
3971 499
6906 500
5541 501
7354 502
3568 503
5431 504
2614 505
1231 506
3651 507
4211 508
363 509
26 510
542 511
2295 512
4912 513
3536 514
36 515
2116 516
3299 517
7241 518
1870 519
2248 520
3329 521
719 522
370 523
2722 524
649 525
1471 526
3267 527
5612 528
1205 529
4567 530
471 531
358 532
1674 533
2911 534
1436 535
6041 536
3484 537
436 538
4432 539
1687 540
1169 541
2150 542
4718 543
6204 544
2957 545
6517 546
4944 547
1638 548
4280 549
2243 550
2041 551
5036 552
6718 553
633 554
2883 555
4129 556
1104 557
2177 558
6604 559
2044 560
2027 561
3782 562
3542 563
6768 564
6206 565
2040 566
454 567
1825 568
6595 569
5519 570
4455 571
87 572
1231 573
2114 574
914 575
5304 576
2298 577
573 578
4175 579
3660 580
2553 581
6535 582
7092 583
6961 584
4574 585
267 586
6839 587
5748 588
4501 589
441 590
405 591
239 592
1429 593
7371 594
3124 595
6867 596
6023 597
424 598
2847 599
6033 600
4474 601
1178 602
3373 603
1687 604
2556 605
5641 606
1851 607
6407 608
4609 609
4976 610
6208 611
990 612
3763 613
2576 614
1720 615
6145 616
4400 617
2462 618
2182 619
1056 620
772 621
1222 622
6252 623
5800 624
2001 625
6598 626
2957 627
2869 628
1467 629
507 630
1427 631
5791 632
456 633
4793 634
4421 635
5371 636
2430 637
6309 638
6870 639
1616 640
677 641
7120 642
409 643
4179 644
7118 645
7066 646
3759 647
4127 648
6526 649
4497 650
5439 651
6893 652
4988 653
6284 654
812 655
1964 656
4069 657
3567 658
2814 659
3715 660
6880 661
6090 662
5242 663
5897 664
1587 665
4838 666
3043 667
2944 668
6651 669
4505 670
992 671
7018 672
4973 673
366 674
1125 675
2212 676
3416 677
2065 678
3616 679
3379 680
4801 681
5179 682
1408 683
5113 684
7481 685
5225 686
4821 687
5658 688
1396 689
4522 690
2923 691
5727 692
5767 693
3711 694
694 695
3208 696
4191 697
5684 698
3224 699
1066 700
1968 701
1131 702
1318 703
7145 704
932 705
2112 706
6499 707
457 708
7346 709
906 710
2891 711
1750 712
4635 713
608 714
2772 715
865 716
7370 717
367 718
7366 719
66 720
3750 721
2614 722
6515 723
4308 724
2992 725
3462 726
4081 727
4624 728
6264 729
2370 730
5371 731
7296 732
7216 733
7172 734
5766 735
5077 736
3092 737
5501 738
4817 739
2646 740
4861 741
1705 742
2564 743
6769 744
3859 745
5955 746
4052 747
7 748
6426 749
