700 150
6081 0
4765 1
6501 2
2673 3
1847 4
6686 5
4822 6
1452 7
4088 8
701 9
796 10
6931 11
2589 12
4869 13
3635 14
5552 15
1666 16
5167 17
1778 18
1760 19
1108 20
5668 21
406 22
1533 23
2550 24
1695 25
5384 26
2392 27
559 28
3589 29
3440 30
4736 31
4329 32
3072 33
1495 34
4804 35
4357 36
5301 37
1964 38
153 39
4055 40
6869 41
790 42
2873 43
2470 44
895 45
819 46
890 47
6280 48
1470 49
734 50
5012 51
4390 52
4115 53
6852 54
4144 55
4586 56
6615 57
5762 58
4089 59
6435 60
2472 61
2788 62
558 63
547 64
3277 65
5184 66
3768 67
3608 68
6746 69
687 70
4997 71
6908 72
6640 73
4756 74
4232 75
719 76
1723 77
682 78
2247 79
5866 80
2786 81
6436 82
4792 83
4636 84
4938 85
4588 86
6920 87
332 88
3646 89
1567 90
1476 91
6683 92
2210 93
6034 94
3380 95
5166 96
5781 97
4766 98
6878 99
6845 100
6137 101
1945 102
4398 103
5345 104
173 105
5675 106
2873 107
5672 108
4098 109
2426 110
3966 111
675 112
2824 113
1656 114
3526 115
2631 116
2995 117
4305 118
758 119
5882 120
6696 121
3987 122
6656 123
1960 124
156 125
3726 126
4835 127
549 128
6921 129
3883 130
5581 131
2981 132
5739 133
3698 134
5636 135
2958 136
5685 137
5224 138
1343 139
3133 140
211 141
1303 142
2707 143
3957 144
2585 145
2285 146
2096 147
6322 148
350 149
5448 150
2087 151
6623 152
3407 153
2689 154
1961 155
5146 156
3303 157
3378 158
4673 159
1155 160
1161 161
1272 162
5902 163
137 164
6246 165
6427 166
3661 167
1702 168
6388 169
6247 170
3183 171
10 172
3919 173
1014 174
4619 175
3036 176
4802 177
4392 178
509 179
4656 180
4043 181
2304 182
1581 183
5386 184
5440 185
5527 186
6893 187
5552 188
4205 189
6025 190
3896 191
5745 192
1216 193
4007 194
2657 195
6505 196
6760 197
6164 198
1458 199
5762 200
5478 201
4113 202
3954 203
4334 204
1591 205
6649 206
6719 207
990 208
2546 209
885 210
3954 211
1721 212
4740 213
2091 214
5915 215
463 216
1146 217
2433 218
3059 219
1918 220
518 221
2396 222
3145 223
1713 224
3365 225
6212 226
2306 227
5684 228
6282 229
6842 230
6938 231
92 232
6814 233
706 234
4803 235
6179 236
2515 237
4360 238
6629 239
3476 240
1788 241
1007 242
1572 243
2236 244
115 245
423 246
1633 247
5903 248
6345 249
2809 250
3364 251
5035 252
1417 253
6031 254
5303 255
6791 256
5407 257
5367 258
2291 259
3558 260
2096 261
6809 262
1723 263
6016 264
6816 265
6719 266
3057 267
809 268
782 269
559 270
3622 271
4141 272
6763 273
452 274
3757 275
2377 276
3343 277
4531 278
3152 279
1382 280
4660 281
6663 282
2245 283
1593 284
5556 285
5367 286
3250 287
2214 288
5859 289
5980 290
2953 291
3753 292
4034 293
2241 294
4922 295
5813 296
4091 297
2495 298
5424 299
3989 300
2625 301
872 302
2755 303
3265 304
4884 305
6062 306
470 307
2717 308
3438 309
5169 310
5010 311
5227 312
5625 313
422 314
3357 315
5954 316
544 317
1389 318
2537 319
142 320
6770 321
1651 322
6040 323
2753 324
6859 325
1052 326
2742 327
2632 328
2478 329
5102 330
5616 331
5544 332
6646 333
5434 334
3381 335
4963 336
529 337
3744 338
3992 339
1874 340
5701 341
1753 342
5502 343
3476 344
6786 345
4548 346
1807 347
6778 348
2537 349
1669 350
1152 351
4773 352
860 353
3708 354
3935 355
5044 356
3626 357
1896 358
2015 359
416 360
3240 361
4563 362
5035 363
5131 364
1488 365
3441 366
6816 367
4264 368
5068 369
6893 370
69 371
3984 372
5565 373
2960 374
1160 375
5363 376
449 377
6160 378
832 379
4063 380
6710 381
4520 382
5314 383
688 384
461 385
6744 386
2969 387
5616 388
6664 389
3070 390
1378 391
6868 392
3775 393
862 394
6551 395
4909 396
5398 397
595 398
2018 399
3937 400
3434 401
3693 402
4714 403
2824 404
2224 405
1210 406
2597 407
6222 408
871 409
6611 410
5519 411
4960 412
3593 413
3365 414
6556 415
6065 416
3433 417
3901 418
3538 419
4291 420
6118 421
5959 422
6784 423
1883 424
3446 425
408 426
1536 427
1343 428
1907 429
1291 430
5816 431
5775 432
6998 433
421 434
6351 435
1119 436
1577 437
419 438
329 439
2237 440
5675 441
6006 442
2196 443
5819 444
2026 445
1984 446
2671 447
755 448
1568 449
2957 450
4398 451
3872 452
3604 453
1033 454
6520 455
3781 456
4072 457
4174 458
3011 459
559 460
5687 461
2389 462
6863 463
613 464
2181 465
4600 466
930 467
3473 468
2227 469
3906 470
5102 471
4439 472
3489 473
1816 474
2115 475
6909 476
562 477
4747 478
6469 479
1077 480
5338 481
5276 482
6061 483
5191 484
3898 485
6090 486
6897 487
1848 488
4180 489
6963 490
5732 491
3371 492
3488 493
2109 494
1917 495
6280 496
4671 497
1018 498
1787 499
1848 500
364 501
3444 502
2370 503
1181 504
3741 505
1471 506
2228 507
3362 508
6469 509
3122 510
5419 511
100 512
1447 513
988 514
347 515
3641 516
5410 517
4860 518
5682 519
4316 520
3314 521
3050 522
1149 523
4161 524
4417 525
6616 526
6903 527
5833 528
5094 529
179 530
5589 531
2279 532
6075 533
5406 534
717 535
72 536
2095 537
2531 538
3329 539
968 540
3418 541
2898 542
5215 543
4246 544
2572 545
3309 546
3315 547
534 548
463 549
6118 550
5718 551
2473 552
1943 553
6551 554
3067 555
3213 556
2800 557
3358 558
3431 559
3730 560
1581 561
1655 562
3215 563
6348 564
5599 565
5105 566
6818 567
3035 568
6607 569
6266 570
6146 571
3890 572
531 573
1098 574
1375 575
5810 576
5630 577
5441 578
6901 579
2160 580
5141 581
4119 582
5948 583
5136 584
3580 585
3904 586
4247 587
5536 588
1761 589
5192 590
5963 591
5970 592
283 593
3592 594
137 595
5050 596
6434 597
5149 598
421 599
5270 600
5065 601
3502 602
1583 603
4952 604
3923 605
6555 606
4558 607
3690 608
3073 609
4838 610
5766 611
3768 612
1340 613
5359 614
752 615
5525 616
6920 617
5726 618
523 619
6550 620
6046 621
516 622
1272 623
4393 624
3769 625
954 626
1441 627
2561 628
6369 629
6033 630
3340 631
2802 632
6221 633
4761 634
2082 635
3911 636
346 637
520 638
1558 639
4409 640
5958 641
3762 642
4217 643
5148 644
6581 645
5539 646
5382 647
1324 648
1725 649
2859 650
1608 651
362 652
4881 653
4610 654
2877 655
3146 656
6445 657
2848 658
6047 659
4289 660
4056 661
4991 662
4781 663
4744 664
3106 665
6848 666
1140 667
3499 668
5359 669
6094 670
3337 671
517 672
5095 673
1106 674
579 675
1268 676
3066 677
1888 678
3228 679
4157 680
2760 681
3486 682
2301 683
1868 684
6162 685
1618 686
4295 687
6473 688
6001 689
2202 690
1996 691
2143 692
5839 693
2745 694
3650 695
4462 696
5014 697
2604 698
2089 699
