750 950
6637 0
5694 1
615 2
1724 3
4061 4
1921 5
6036 6
2851 7
4682 8
6609 9
803 10
5344 11
5258 12
117 13
3150 14
6587 15
1459 16
5443 17
2946 18
6688 19
6946 20
3845 21
6961 22
1131 23
5236 24
5047 25
2177 26
1785 27
1655 28
1696 29
2308 30
4341 31
3365 32
1795 33
5446 34
7337 35
6310 36
206 37
2275 38
6564 39
2131 40
4585 41
5629 42
5551 43
73 44
7443 45
2621 46
4256 47
3856 48
2642 49
2735 50
3799 51
3464 52
3102 53
2584 54
4626 55
7190 56
1721 57
6636 58
4594 59
6375 60
3295 61
2071 62
6846 63
1119 64
4656 65
6374 66
2134 67
6660 68
5876 69
5116 70
5337 71
366 72
3383 73
4452 74
6129 75
3398 76
5971 77
1364 78
1924 79
5554 80
5908 81
5097 82
3243 83
5430 84
1728 85
6247 86
115 87
4440 88
3200 89
147 90
5347 91
1504 92
663 93
951 94
2596 95
1598 96
4644 97
6599 98
4785 99
4268 100
6762 101
4620 102
6160 103
4045 104
3880 105
2458 106
3237 107
4930 108
6740 109
5612 110
565 111
7154 112
1403 113
3204 114
4865 115
5244 116
116 117
4974 118
4226 119
3338 120
1701 121
5302 122
6859 123
4915 124
4498 125
3367 126
673 127
7393 128
6016 129
6893 130
5097 131
1468 132
5136 133
5209 134
6891 135
779 136
3926 137
5363 138
3850 139
946 140
1510 141
4044 142
2208 143
6085 144
3263 145
6096 146
7496 147
2729 148
1889 149
4358 150
3204 151
3529 152
1464 153
353 154
1108 155
1205 156
1814 157
5331 158
4147 159
4735 160
3618 161
760 162
3589 163
4484 164
6097 165
182 166
3796 167
3545 168
5479 169
4856 170
1682 171
1003 172
5155 173
7440 174
4376 175
190 176
3655 177
4176 178
6887 179
2538 180
2976 181
5858 182
7334 183
538 184
57 185
1805 186
3378 187
2801 188
4259 189
3026 190
5435 191
6799 192
1832 193
6940 194
3134 195
7260 196
1951 197
6031 198
5333 199
5413 200
3548 201
917 202
7228 203
2396 204
3820 205
2299 206
5989 207
693 208
5485 209
2413 210
5999 211
2137 212
6802 213
4788 214
2144 215
5073 216
3181 217
1873 218
7326 219
1634 220
7486 221
4814 222
234 223
5979 224
4620 225
4583 226
35 227
4951 228
1417 229
2776 230
5159 231
2696 232
2953 233
4322 234
4347 235
1571 236
5540 237
2958 238
7280 239
1864 240
198 241
3520 242
3486 243
1925 244
6415 245
4135 246
3695 247
5272 248
6756 249
3769 250
6227 251
2226 252
4067 253
5153 254
3239 255
5809 256
2575 257
6892 258
4164 259
6449 260
7440 261
204 262
4470 263
1301 264
3663 265
4474 266
1926 267
2037 268
2716 269
3450 270
2952 271
5486 272
544 273
4198 274
2972 275
3037 276
5707 277
3325 278
5860 279
5802 280
2429 281
3724 282
386 283
1210 284
279 285
2123 286
3837 287
1231 288
495 289
7042 290
2428 291
1461 292
6090 293
7498 294
489 295
2345 296
4446 297
3722 298
3766 299
3694 300
1686 301
7256 302
4167 303
7158 304
2844 305
5323 306
2118 307
5294 308
2333 309
3761 310
7205 311
1108 312
4398 313
5023 314
5122 315
2077 316
536 317
5650 318
3339 319
36 320
614 321
3706 322
4762 323
2674 324
4872 325
7058 326
2642 327
3837 328
6563 329
4860 330
795 331
3959 332
6439 333
1765 334
5652 335
5179 336
3639 337
2253 338
172 339
5686 340
1841 341
1924 342
1823 343
571 344
7239 345
194 346
3874 347
6391 348
4739 349
2443 350
3005 351
1086 352
1958 353
2333 354
1205 355
7413 356
6440 357
2731 358
2316 359
1058 360
2611 361
656 362
4021 363
6289 364
1967 365
4146 366
5956 367
5979 368
7286 369
4442 370
4374 371
203 372
5158 373
2721 374
4530 375
4392 376
3958 377
5898 378
7293 379
4429 380
7160 381
284 382
2188 383
5043 384
5808 385
5737 386
53 387
2935 388
5265 389
3082 390
4434 391
7449 392
1944 393
3294 394
6594 395
4456 396
6332 397
970 398
7240 399
1607 400
1653 401
1057 402
2986 403
744 404
7037 405
2707 406
691 407
7036 408
1195 409
1854 410
1034 411
6202 412
1400 413
7443 414
1420 415
5257 416
5412 417
3518 418
3657 419
4285 420
718 421
3959 422
1456 423
4715 424
5375 425
6729 426
6763 427
1254 428
3714 429
1527 430
4170 431
2843 432
2461 433
3376 434
7198 435
4773 436
704 437
2854 438
3268 439
140 440
2553 441
433 442
602 443
42 444
3891 445
5203 446
7228 447
3840 448
2881 449
6300 450
1517 451
695 452
1651 453
5388 454
3068 455
3659 456
5352 457
2770 458
606 459
7122 460
6971 461
3858 462
537 463
5870 464
4105 465
3426 466
4164 467
2910 468
4491 469
5774 470
4809 471
5890 472
4349 473
4066 474
6151 475
4183 476
2237 477
6307 478
5762 479
449 480
3198 481
7090 482
3276 483
6928 484
2767 485
1797 486
2710 487
3310 488
1545 489
4304 490
6406 491
1087 492
5555 493
6405 494
1426 495
6454 496
7476 497
5725 498
2912 499
7380 500
7104 501
1291 502
1517 503
733 504
5531 505
3096 506
5417 507
4955 508
1649 509
5138 510
3424 511
68 512
6568 513
871 514
5078 515
7298 516
6517 517
4053 518
3239 519
7401 520
1270 521
6883 522
2118 523
367 524
5102 525
704 526
7263 527
4742 528
3863 529
4384 530
1966 531
6094 532
2049 533
1386 534
3065 535
4694 536
6801 537
3193 538
7321 539
7373 540
5440 541
5546 542
5409 543
4850 544
7368 545
2600 546
570 547
5143 548
2601 549
2723 550
5715 551
2756 552
1225 553
5961 554
112 555
1771 556
3423 557
6772 558
1152 559
2516 560
7017 561
7366 562
5855 563
139 564
7077 565
3207 566
3721 567
7168 568
333 569
3075 570
1679 571
6544 572
3025 573
401 574
734 575
3424 576
6229 577
6844 578
4805 579
4802 580
6109 581
3922 582
2407 583
4820 584
5427 585
2743 586
5545 587
389 588
6617 589
4195 590
1684 591
3491 592
7394 593
4333 594
3533 595
783 596
1909 597
6948 598
2823 599
248 600
4738 601
2799 602
5770 603
4052 604
6479 605
3426 606
3706 607
6807 608
3616 609
7047 610
2853 611
4238 612
6277 613
238 614
7243 615
4608 616
5441 617
6454 618
2404 619
210 620
1071 621
4282 622
6297 623
5531 624
2251 625
3799 626
5838 627
2004 628
1660 629
2081 630
4156 631
6303 632
828 633
4076 634
7101 635
587 636
5421 637
1827 638
5684 639
5135 640
4728 641
2078 642
408 643
2925 644
194 645
3942 646
2381 647
7092 648
4010 649
2087 650
6755 651
7053 652
5380 653
4528 654
1836 655
695 656
3346 657
4666 658
1070 659
214 660
3061 661
5633 662
385 663
1000 664
6806 665
1108 666
1983 667
6375 668
5459 669
6029 670
756 671
5411 672
7190 673
7466 674
287 675
5305 676
3309 677
3901 678
5872 679
7120 680
2155 681
2330 682
1156 683
4807 684
5524 685
2284 686
1684 687
6177 688
6081 689
17 690
1660 691
3156 692
2820 693
6925 694
2446 695
5918 696
6833 697
394 698
6943 699
763 700
2986 701
2429 702
1779 703
1067 704
1365 705
3775 706
2255 707
5584 708
550 709
553 710
6689 711
6503 712
1100 713
6001 714
4085 715
3651 716
1002 717
69 718
2024 719
6922 720
6360 721
1831 722
883 723
401 724
2172 725
4281 726
92 727
5073 728
601 729
2702 730
7291 731
6330 732
7234 733
7384 734
1042 735
884 736
5622 737
6418 738
3165 739
5349 740
5669 741
6297 742
469 743
3641 744
1347 745
4767 746
4111 747
3448 748
2920 749
