750 100
4616 0
4367 1
1992 2
675 3
3391 4
2582 5
1866 6
4829 7
7288 8
6367 9
4360 10
3702 11
6736 12
3515 13
2487 14
1349 15
4715 16
6296 17
3408 18
511 19
3958 20
4661 21
6668 22
1875 23
6678 24
1988 25
1285 26
940 27
127 28
3617 29
4900 30
4243 31
2251 32
4334 33
3821 34
3232 35
3369 36
4011 37
7087 38
7186 39
2488 40
2795 41
5038 42
5862 43
1411 44
1016 45
4875 46
383 47
2868 48
3538 49
6287 50
7171 51
2096 52
1772 53
7097 54
3893 55
1468 56
7408 57
496 58
4850 59
5001 60
2920 61
7477 62
4571 63
188 64
991 65
5173 66
380 67
6522 68
2177 69
2266 70
4298 71
6322 72
2753 73
2173 74
2783 75
1502 76
1682 77
2767 78
4143 79
900 80
1902 81
1116 82
7041 83
2992 84
1256 85
1085 86
5596 87
5068 88
5254 89
7343 90
3474 91
734 92
2342 93
5480 94
4080 95
5773 96
5563 97
6997 98
3866 99
3374 100
648 101
4189 102
2694 103
1889 104
3846 105
4798 106
1573 107
6527 108
3366 109
4693 110
5601 111
868 112
884 113
5415 114
1265 115
5744 116
7002 117
5890 118
6769 119
4105 120
6739 121
6470 122
215 123
6788 124
6814 125
7320 126
3980 127
6186 128
4359 129
6076 130
6400 131
5027 132
4005 133
5516 134
7296 135
7025 136
6113 137
885 138
1827 139
7110 140
1195 141
7357 142
2767 143
7364 144
1495 145
3843 146
5545 147
2126 148
4595 149
2623 150
799 151
5487 152
81 153
3623 154
4787 155
373 156
3385 157
53 158
5600 159
203 160
1772 161
4756 162
7223 163
2332 164
5522 165
252 166
2641 167
5702 168
7395 169
2866 170
6700 171
1578 172
704 173
4851 174
4957 175
1617 176
1744 177
1788 178
3359 179
4309 180
226 181
6131 182
6988 183
6159 184
1448 185
1503 186
319 187
3594 188
2052 189
3548 190
6884 191
5518 192
2128 193
1695 194
82 195
1085 196
7052 197
1594 198
2481 199
3042 200
4429 201
1000 202
2920 203
4050 204
4599 205
2794 206
4021 207
3904 208
756 209
3044 210
818 211
762 212
3858 213
6739 214
269 215
7446 216
382 217
5246 218
5282 219
4874 220
6267 221
2038 222
5957 223
2637 224
2769 225
3491 226
4593 227
5906 228
1485 229
6670 230
5175 231
2001 232
2341 233
1518 234
4270 235
6964 236
1413 237
2326 238
5493 239
27 240
4975 241
3861 242
793 243
3828 244
7017 245
2862 246
4135 247
5281 248
3624 249
4586 250
4077 251
2792 252
3298 253
1984 254
4104 255
1338 256
5428 257
3064 258
2543 259
1945 260
6600 261
437 262
4146 263
5862 264
3432 265
112 266
4282 267
1651 268
3837 269
44 270
959 271
5091 272
4190 273
3837 274
4438 275
5871 276
7415 277
5083 278
7251 279
2748 280
6671 281
602 282
655 283
6832 284
7373 285
3939 286
1114 287
4434 288
52 289
3583 290
776 291
1814 292
4023 293
4848 294
4359 295
1690 296
5719 297
5423 298
3274 299
3221 300
1411 301
1778 302
5497 303
527 304
4291 305
1643 306
457 307
6383 308
3793 309
7354 310
5881 311
3725 312
4951 313
4033 314
4816 315
6070 316
4476 317
340 318
5444 319
3250 320
2598 321
2784 322
166 323
7366 324
5016 325
822 326
228 327
7009 328
5841 329
1096 330
5592 331
5220 332
1068 333
6409 334
4752 335
5205 336
54 337
5043 338
6253 339
5556 340
1666 341
2832 342
5075 343
6760 344
6415 345
4186 346
3717 347
5505 348
388 349
1407 350
3855 351
5200 352
7248 353
2066 354
2294 355
5358 356
6271 357
4985 358
1107 359
1662 360
417 361
285 362
2515 363
2500 364
7326 365
1106 366
6968 367
4634 368
5361 369
5956 370
4459 371
4336 372
143 373
2734 374
1386 375
3253 376
5424 377
4769 378
5857 379
1678 380
442 381
7215 382
1178 383
65 384
519 385
4008 386
2017 387
1677 388
5452 389
4091 390
5048 391
4794 392
3214 393
6874 394
6910 395
5437 396
5276 397
6647 398
4957 399
1656 400
4572 401
1323 402
5073 403
3248 404
3076 405
3841 406
6251 407
2513 408
4698 409
1694 410
1897 411
4256 412
4211 413
5923 414
5204 415
6292 416
4770 417
5824 418
4100 419
5384 420
5552 421
5172 422
4571 423
3393 424
4619 425
5703 426
5983 427
1228 428
1798 429
2447 430
5590 431
4285 432
5243 433
4003 434
6847 435
2738 436
2428 437
5824 438
1246 439
2288 440
859 441
7203 442
390 443
7024 444
4041 445
1967 446
1213 447
2156 448
1941 449
1318 450
839 451
5678 452
2796 453
6504 454
6818 455
6621 456
5667 457
6406 458
4683 459
6113 460
3587 461
7490 462
2224 463
3017 464
3325 465
3 466
4660 467
3864 468
4774 469
7261 470
6710 471
6016 472
7238 473
6894 474
6559 475
5761 476
4128 477
3506 478
3398 479
4544 480
6745 481
460 482
4285 483
475 484
1899 485
4166 486
7273 487
1015 488
5974 489
6735 490
16 491
1951 492
5522 493
850 494
6008 495
4943 496
6256 497
1423 498
795 499
3780 500
6218 501
7315 502
399 503
959 504
1442 505
4498 506
500 507
5958 508
2017 509
40 510
1180 511
5583 512
2880 513
1161 514
4752 515
5200 516
7307 517
2728 518
561 519
6634 520
844 521
5898 522
990 523
6256 524
5291 525
6640 526
2228 527
3425 528
5175 529
2179 530
2043 531
5843 532
3400 533
3644 534
5881 535
6999 536
5301 537
2552 538
5342 539
3755 540
1002 541
2113 542
4992 543
5838 544
2924 545
2203 546
4696 547
3660 548
6987 549
2911 550
4143 551
5801 552
4225 553
7217 554
3748 555
6258 556
4344 557
5183 558
2649 559
1930 560
2010 561
5102 562
6905 563
3676 564
7500 565
114 566
2953 567
5372 568
4735 569
2206 570
2916 571
1215 572
6268 573
7044 574
214 575
1099 576
2624 577
2550 578
378 579
6415 580
3999 581
940 582
2457 583
3270 584
1491 585
6194 586
2409 587
6545 588
3748 589
1874 590
4981 591
5685 592
4573 593
3072 594
6705 595
126 596
2861 597
1113 598
3572 599
3327 600
7102 601
6512 602
6852 603
7083 604
6885 605
2930 606
1102 607
7357 608
3710 609
1205 610
4753 611
6987 612
3796 613
6212 614
4431 615
439 616
3898 617
5023 618
2386 619
3500 620
958 621
4359 622
3588 623
5880 624
3587 625
3207 626
2327 627
1969 628
6237 629
4701 630
3316 631
1977 632
2172 633
5717 634
6575 635
4647 636
2154 637
3695 638
2480 639
7103 640
593 641
5838 642
7310 643
2434 644
4099 645
2231 646
3183 647
7216 648
6471 649
4166 650
7031 651
590 652
4649 653
260 654
6551 655
2834 656
3751 657
1795 658
4655 659
4773 660
3474 661
6060 662
5921 663
4797 664
5138 665
4350 666
2833 667
3528 668
7290 669
3777 670
2257 671
2662 672
3072 673
3250 674
4299 675
2004 676
4668 677
1074 678
4249 679
3751 680
2920 681
6698 682
7332 683
1615 684
1010 685
4476 686
3371 687
167 688
393 689
2201 690
4153 691
1321 692
623 693
6706 694
3303 695
6309 696
2300 697
952 698
1986 699
855 700
4767 701
6288 702
5962 703
4438 704
4044 705
6502 706
3197 707
6914 708
2279 709
272 710
4683 711
1835 712
7219 713
2206 714
1716 715
5116 716
3976 717
7369 718
5627 719
3999 720
3422 721
1462 722
2070 723
1509 724
4951 725
5658 726
5950 727
3898 728
1587 729
570 730
2780 731
5932 732
5011 733
917 734
6309 735
6854 736
3406 737
662 738
3095 739
5494 740
2219 741
6932 742
5802 743
5499 744
585 745
5392 746
4060 747
812 748
6130 749
