750 1150
5130 0
4809 1
1396 2
3232 3
2255 4
1238 5
6810 6
5591 7
5496 8
3131 9
2224 10
6700 11
4082 12
942 13
2278 14
3843 15
5904 16
2542 17
4350 18
4374 19
1276 20
5038 21
5572 22
1767 23
4776 24
1427 25
3688 26
6659 27
3499 28
5951 29
1058 30
5843 31
7027 32
6347 33
6843 34
3922 35
5504 36
3596 37
4845 38
7197 39
4653 40
6496 41
4612 42
1348 43
1484 44
594 45
606 46
1330 47
1980 48
7257 49
6928 50
128 51
3540 52
4288 53
3700 54
3232 55
2569 56
3507 57
59 58
4181 59
1380 60
6177 61
816 62
4965 63
1152 64
2879 65
254 66
2889 67
1858 68
980 69
1931 70
1677 71
6673 72
7240 73
6980 74
642 75
4159 76
593 77
5700 78
4161 79
172 80
1337 81
2397 82
63 83
1882 84
4033 85
7387 86
1113 87
5946 88
69 89
828 90
3747 91
4598 92
538 93
2196 94
5561 95
5456 96
6216 97
7402 98
5728 99
5438 100
5656 101
338 102
6873 103
7158 104
2856 105
1432 106
1299 107
438 108
4189 109
3809 110
1106 111
5591 112
4115 113
314 114
1478 115
5815 116
3568 117
1998 118
5733 119
4090 120
5097 121
7232 122
7173 123
3821 124
6288 125
800 126
5812 127
6124 128
1280 129
2905 130
3531 131
2966 132
6357 133
2915 134
325 135
1098 136
3537 137
4150 138
165 139
5509 140
904 141
875 142
1428 143
923 144
5702 145
304 146
3714 147
3563 148
4284 149
3090 150
3483 151
559 152
3224 153
4213 154
5128 155
3235 156
6078 157
4510 158
2517 159
6148 160
341 161
5349 162
5636 163
1637 164
6667 165
822 166
3989 167
4789 168
1192 169
6722 170
2166 171
3074 172
134 173
3464 174
7146 175
5770 176
506 177
2324 178
6508 179
3429 180
6555 181
1123 182
4816 183
5317 184
7477 185
1848 186
6348 187
1986 188
4344 189
1531 190
859 191
964 192
5990 193
5492 194
2805 195
6958 196
5368 197
5310 198
2465 199
4366 200
4505 201
5095 202
1077 203
2924 204
5222 205
1712 206
6691 207
5901 208
1448 209
1424 210
4683 211
4897 212
515 213
7418 214
930 215
6291 216
4776 217
7363 218
2462 219
6065 220
6850 221
2273 222
1103 223
1070 224
3622 225
4584 226
5609 227
3661 228
2919 229
2261 230
5825 231
5912 232
937 233
182 234
5870 235
6595 236
5112 237
7272 238
7479 239
3637 240
1246 241
7354 242
4166 243
4420 244
1420 245
82 246
3019 247
4101 248
2870 249
277 250
1054 251
3362 252
5565 253
2401 254
2702 255
140 256
4682 257
6929 258
2051 259
1944 260
162 261
4629 262
873 263
4699 264
1557 265
6515 266
2200 267
2299 268
6431 269
907 270
1930 271
2704 272
7383 273
6643 274
3199 275
3659 276
865 277
3992 278
4752 279
2037 280
5674 281
904 282
257 283
3856 284
6382 285
1400 286
6057 287
7059 288
4897 289
4523 290
1622 291
624 292
2376 293
6477 294
3801 295
3806 296
1982 297
6504 298
1953 299
5135 300
2090 301
6738 302
5636 303
7217 304
4942 305
2064 306
1728 307
2132 308
5600 309
4411 310
6875 311
2410 312
7423 313
4443 314
6637 315
3543 316
1416 317
6068 318
4787 319
1641 320
3224 321
7252 322
2916 323
7034 324
1834 325
6518 326
6361 327
3513 328
382 329
3075 330
3890 331
5123 332
7237 333
5100 334
1540 335
3731 336
2946 337
2214 338
2244 339
3004 340
5102 341
6761 342
6988 343
3287 344
3011 345
1348 346
6123 347
4659 348
117 349
866 350
2829 351
1923 352
6266 353
1355 354
2696 355
5301 356
551 357
5148 358
4458 359
1181 360
6665 361
5817 362
3707 363
2455 364
7464 365
7061 366
6024 367
3260 368
3884 369
3959 370
2147 371
6363 372
3134 373
7306 374
774 375
371 376
4974 377
1234 378
1216 379
1238 380
427 381
4570 382
3799 383
1862 384
6573 385
131 386
103 387
2268 388
581 389
885 390
1972 391
2490 392
89 393
4565 394
700 395
6561 396
370 397
5886 398
6611 399
3549 400
7448 401
2391 402
4148 403
2389 404
2601 405
2767 406
5789 407
1894 408
4888 409
3133 410
6246 411
5139 412
7338 413
782 414
6735 415
6557 416
6041 417
112 418
1570 419
6111 420
6925 421
3062 422
3394 423
707 424
2442 425
5549 426
6069 427
6742 428
388 429
3274 430
6706 431
5296 432
7245 433
308 434
6372 435
3901 436
3546 437
4469 438
664 439
1813 440
5770 441
1909 442
5456 443
2587 444
2272 445
2952 446
5328 447
2198 448
6148 449
1309 450
3614 451
925 452
342 453
1665 454
3709 455
1671 456
3697 457
2548 458
5846 459
5965 460
6773 461
2102 462
5791 463
4397 464
2673 465
3102 466
4164 467
5845 468
5593 469
4119 470
3414 471
6877 472
7333 473
2097 474
5217 475
2080 476
3697 477
1902 478
6878 479
433 480
2760 481
7122 482
502 483
7431 484
6096 485
3813 486
2166 487
3405 488
1389 489
1533 490
5205 491
4211 492
6507 493
2235 494
5258 495
7082 496
821 497
2180 498
6794 499
4608 500
5305 501
5009 502
4670 503
2293 504
4551 505
5711 506
5693 507
5959 508
7398 509
619 510
2679 511
1746 512
2314 513
7421 514
6303 515
2501 516
5864 517
4454 518
2933 519
534 520
4613 521
2419 522
4555 523
1251 524
6091 525
5781 526
4239 527
4228 528
5965 529
4067 530
6802 531
3417 532
5277 533
584 534
2572 535
1322 536
3395 537
7190 538
6449 539
7247 540
2536 541
2245 542
621 543
3139 544
1109 545
4836 546
4945 547
4852 548
5667 549
6000 550
6910 551
6356 552
4219 553
3100 554
4551 555
6894 556
6271 557
5703 558
5272 559
4387 560
4483 561
1299 562
6083 563
27 564
1975 565
4242 566
4223 567
3277 568
7236 569
2999 570
2148 571
7401 572
7113 573
2529 574
731 575
708 576
4016 577
559 578
2283 579
6876 580
3879 581
6499 582
5795 583
3957 584
5632 585
3908 586
632 587
6149 588
229 589
3462 590
3863 591
4137 592
4003 593
6566 594
76 595
2805 596
4222 597
7432 598
4001 599
771 600
1195 601
7312 602
1445 603
6620 604
4325 605
1528 606
6341 607
5342 608
3390 609
2215 610
5331 611
4190 612
4441 613
1920 614
7171 615
508 616
3101 617
1473 618
6519 619
4968 620
2179 621
1537 622
5736 623
725 624
5194 625
3384 626
6119 627
2311 628
3150 629
2364 630
6815 631
2244 632
1326 633
6303 634
6832 635
4308 636
5957 637
4450 638
1865 639
792 640
6826 641
7462 642
1599 643
561 644
2304 645
7002 646
2676 647
6652 648
5246 649
2626 650
3757 651
1820 652
4052 653
2381 654
2332 655
3878 656
3799 657
6245 658
4527 659
6084 660
2287 661
6049 662
3659 663
2758 664
4033 665
566 666
7490 667
3342 668
683 669
6856 670
5399 671
555 672
5099 673
6670 674
724 675
1230 676
5609 677
4717 678
2514 679
4323 680
2913 681
3545 682
3525 683
716 684
3069 685
5052 686
1184 687
4038 688
1079 689
3030 690
4324 691
5775 692
4339 693
3529 694
6488 695
4986 696
865 697
856 698
4062 699
3328 700
4206 701
5382 702
2317 703
3831 704
5528 705
285 706
4194 707
6998 708
2744 709
5139 710
5479 711
469 712
6495 713
3441 714
5460 715
211 716
1781 717
3086 718
695 719
6870 720
5542 721
4171 722
5667 723
5713 724
6614 725
5724 726
5530 727
768 728
6345 729
1130 730
6224 731
5001 732
6601 733
2701 734
6727 735
6355 736
342 737
2909 738
3566 739
7250 740
4163 741
5267 742
3087 743
4974 744
563 745
2347 746
4606 747
755 748
1805 749
