750 1300
2201 0
6077 1
2625 2
4763 3
6796 4
302 5
3478 6
1974 7
5658 8
3981 9
3059 10
6910 11
2219 12
5366 13
6637 14
4136 15
6369 16
4929 17
601 18
2388 19
2047 20
3862 21
1601 22
6546 23
6801 24
6857 25
2443 26
6838 27
1781 28
3294 29
678 30
714 31
2684 32
6682 33
3538 34
1003 35
4221 36
2233 37
3510 38
559 39
2740 40
1204 41
2228 42
1148 43
5926 44
376 45
3427 46
1069 47
2305 48
6990 49
1366 50
2272 51
59 52
5136 53
1369 54
1464 55
1467 56
4750 57
3300 58
7415 59
5919 60
7053 61
3774 62
5590 63
5715 64
2654 65
1599 66
6004 67
3149 68
1468 69
1859 70
918 71
1607 72
5398 73
6183 74
5105 75
349 76
6315 77
465 78
7485 79
7433 80
1416 81
589 82
6463 83
4140 84
7219 85
711 86
4019 87
5472 88
6528 89
3933 90
105 91
2311 92
7447 93
2342 94
2003 95
5308 96
3287 97
4156 98
4422 99
4481 100
1911 101
4575 102
147 103
1016 104
6193 105
2396 106
2183 107
5423 108
3074 109
381 110
3065 111
3959 112
7135 113
6871 114
849 115
2844 116
1957 117
589 118
5689 119
3438 120
801 121
3682 122
3677 123
6385 124
5088 125
37 126
2480 127
2332 128
2939 129
4883 130
3814 131
695 132
2489 133
739 134
5000 135
6848 136
4355 137
2116 138
7430 139
2947 140
4065 141
5510 142
3898 143
115 144
3702 145
5368 146
2812 147
349 148
4727 149
2311 150
5237 151
5890 152
738 153
3442 154
537 155
864 156
4676 157
3904 158
5155 159
3501 160
3981 161
4826 162
466 163
6988 164
5432 165
3906 166
487 167
5598 168
257 169
1686 170
4717 171
4416 172
5911 173
2914 174
2304 175
524 176
4104 177
1487 178
1719 179
520 180
2883 181
5096 182
467 183
4364 184
1487 185
4948 186
446 187
3774 188
7189 189
4281 190
7407 191
2437 192
7319 193
4755 194
3179 195
6737 196
3940 197
5460 198
5710 199
1588 200
3601 201
687 202
2521 203
626 204
4226 205
1047 206
7233 207
6075 208
1302 209
3682 210
5022 211
943 212
4244 213
2242 214
1496 215
519 216
1563 217
3697 218
5750 219
3315 220
44 221
5205 222
1387 223
2202 224
365 225
1489 226
6439 227
3068 228
1038 229
1231 230
2437 231
3190 232
2843 233
1659 234
2551 235
2456 236
5113 237
4104 238
3103 239
6998 240
7052 241
6452 242
3860 243
7067 244
6333 245
4128 246
3192 247
3450 248
4165 249
361 250
5638 251
6159 252
4106 253
2178 254
4687 255
6816 256
7320 257
5248 258
7494 259
663 260
1377 261
5433 262
1612 263
1286 264
4981 265
2289 266
2836 267
2568 268
7089 269
2483 270
6880 271
7080 272
863 273
4664 274
5351 275
3492 276
4883 277
6215 278
6321 279
2865 280
1512 281
2727 282
6464 283
5557 284
5590 285
2851 286
1479 287
2868 288
2086 289
5880 290
5367 291
1780 292
747 293
1717 294
6556 295
3391 296
2666 297
6443 298
5103 299
649 300
5021 301
2475 302
1225 303
1238 304
7474 305
1243 306
4590 307
3767 308
502 309
2746 310
2518 311
4640 312
589 313
6581 314
2161 315
376 316
4457 317
2029 318
596 319
1048 320
459 321
1113 322
4317 323
3539 324
5307 325
4671 326
4022 327
2616 328
410 329
2951 330
5375 331
4989 332
2763 333
2966 334
6329 335
3166 336
5618 337
4568 338
3852 339
2775 340
3233 341
7358 342
5114 343
121 344
4978 345
6125 346
6726 347
2390 348
6355 349
4415 350
2683 351
5161 352
5842 353
5374 354
5482 355
6226 356
927 357
3186 358
3186 359
952 360
1308 361
4577 362
6380 363
4497 364
4469 365
292 366
4649 367
7011 368
1023 369
6688 370
6200 371
5286 372
5085 373
4115 374
2235 375
4526 376
7107 377
5085 378
6669 379
3422 380
7500 381
6281 382
2643 383
6217 384
6869 385
86 386
2969 387
2011 388
7085 389
4364 390
2293 391
1958 392
3887 393
3206 394
6691 395
5546 396
6501 397
2530 398
3031 399
2685 400
2055 401
1790 402
4271 403
2671 404
4953 405
56 406
1083 407
5964 408
6971 409
1133 410
2254 411
3544 412
5796 413
2255 414
6613 415
4796 416
2691 417
1859 418
5621 419
2377 420
7240 421
752 422
2403 423
5310 424
629 425
4888 426
5450 427
3536 428
2402 429
3586 430
4134 431
5058 432
3026 433
2683 434
3253 435
7323 436
6713 437
1904 438
2280 439
5977 440
5528 441
6744 442
3597 443
5069 444
4193 445
1356 446
3240 447
1398 448
3186 449
2579 450
19 451
6099 452
3258 453
1625 454
3530 455
6442 456
3728 457
3585 458
1312 459
4891 460
1612 461
5123 462
1009 463
2548 464
5275 465
5037 466
2151 467
7150 468
2920 469
379 470
3717 471
2988 472
5326 473
547 474
505 475
6117 476
2032 477
6849 478
173 479
2063 480
1599 481
949 482
6611 483
3779 484
5520 485
7036 486
6064 487
7467 488
47 489
1965 490
3749 491
489 492
1603 493
4373 494
2625 495
297 496
3676 497
7144 498
6986 499
5497 500
1062 501
5023 502
640 503
298 504
3435 505
525 506
1616 507
2107 508
4246 509
1517 510
4712 511
6958 512
7494 513
5746 514
5644 515
3879 516
6580 517
3392 518
1294 519
2754 520
97 521
6112 522
5229 523
1911 524
5190 525
4367 526
5811 527
5920 528
2111 529
6055 530
3820 531
46 532
4521 533
5467 534
2818 535
5758 536
3040 537
1976 538
734 539
3118 540
2655 541
7264 542
4565 543
6578 544
4248 545
4907 546
5175 547
5654 548
6905 549
4948 550
360 551
3668 552
5711 553
77 554
2412 555
199 556
183 557
1712 558
4192 559
6706 560
6823 561
4689 562
267 563
559 564
2659 565
4199 566
3376 567
5457 568
5340 569
2338 570
4197 571
971 572
4852 573
6236 574
1930 575
3250 576
4410 577
6611 578
7176 579
1849 580
2249 581
1190 582
677 583
6765 584
4748 585
3927 586
5923 587
5022 588
6784 589
3163 590
3863 591
4811 592
2079 593
5288 594
3891 595
1536 596
1924 597
5108 598
1718 599
244 600
5165 601
1103 602
4900 603
3513 604
1139 605
5561 606
1359 607
5857 608
5005 609
4004 610
126 611
3406 612
3589 613
5907 614
5090 615
4794 616
3053 617
1612 618
4169 619
4707 620
1393 621
584 622
4700 623
2239 624
6311 625
5032 626
1672 627
1939 628
35 629
2521 630
1274 631
2974 632
65 633
4202 634
7441 635
2902 636
2882 637
2996 638
3879 639
7457 640
7185 641
4842 642
4441 643
6880 644
2867 645
893 646
6772 647
6664 648
4126 649
3414 650
1143 651
1971 652
5781 653
561 654
2118 655
6159 656
6569 657
4059 658
7077 659
3886 660
4448 661
2061 662
1017 663
3578 664
6386 665
2264 666
3038 667
6199 668
5416 669
2675 670
6637 671
1919 672
2324 673
6553 674
839 675
6757 676
1335 677
1030 678
1653 679
2116 680
3066 681
7350 682
434 683
1645 684
4557 685
1758 686
4497 687
3559 688
934 689
3201 690
1228 691
3371 692
1877 693
557 694
6849 695
5687 696
4073 697
4725 698
1059 699
1661 700
775 701
4045 702
5996 703
6061 704
7492 705
1396 706
1442 707
4860 708
2180 709
5414 710
2642 711
654 712
4981 713
6930 714
6355 715
533 716
1392 717
4277 718
1051 719
398 720
33 721
2946 722
3221 723
3659 724
2231 725
4164 726
1843 727
5978 728
7052 729
2575 730
4430 731
467 732
2273 733
515 734
7394 735
4474 736
1691 737
2207 738
7059 739
1362 740
1970 741
74 742
3482 743
3199 744
1539 745
825 746
6686 747
3367 748
5062 749
