700 1400
5824 0
2517 1
799 2
6973 3
294 4
1606 5
686 6
6278 7
616 8
2694 9
654 10
3228 11
2770 12
5699 13
6368 14
6776 15
2801 16
1133 17
4578 18
6069 19
3024 20
5416 21
3168 22
2149 23
6945 24
2722 25
3908 26
4001 27
1214 28
6450 29
5642 30
6569 31
5632 32
5974 33
468 34
6224 35
1159 36
6367 37
658 38
1047 39
5673 40
6210 41
1846 42
1272 43
1137 44
1078 45
1481 46
5239 47
4780 48
1763 49
1074 50
2771 51
1668 52
6128 53
2576 54
1128 55
5035 56
5199 57
4278 58
4482 59
6890 60
4720 61
5986 62
1333 63
2249 64
3403 65
2953 66
1829 67
5229 68
3253 69
4051 70
4593 71
6669 72
4344 73
3375 74
4766 75
2467 76
1883 77
3741 78
59 79
6854 80
6957 81
5025 82
584 83
2961 84
2573 85
5679 86
4023 87
1334 88
5215 89
3077 90
740 91
2513 92
5119 93
4301 94
1770 95
4664 96
3265 97
6460 98
1476 99
6016 100
6092 101
1619 102
6405 103
6559 104
377 105
1235 106
2104 107
2667 108
3038 109
5961 110
2189 111
601 112
1401 113
2951 114
4268 115
2751 116
5332 117
3991 118
5221 119
86 120
3048 121
6965 122
3750 123
3383 124
5111 125
2575 126
4573 127
1873 128
5026 129
3674 130
6012 131
4287 132
1929 133
831 134
4993 135
5908 136
6736 137
122 138
3650 139
402 140
2752 141
4698 142
1950 143
5303 144
2500 145
50 146
1099 147
2833 148
5819 149
2365 150
3219 151
2419 152
4197 153
4275 154
571 155
2420 156
6181 157
3911 158
5491 159
3239 160
3485 161
3623 162
1309 163
1653 164
882 165
4241 166
874 167
6201 168
5558 169
6803 170
5146 171
1341 172
1629 173
1292 174
5418 175
531 176
6461 177
493 178
827 179
2115 180
5928 181
1534 182
3187 183
3723 184
6883 185
210 186
2279 187
6101 188
4206 189
2050 190
6495 191
2903 192
6417 193
1648 194
4885 195
3969 196
3347 197
5952 198
2976 199
6005 200
360 201
4289 202
1941 203
3344 204
1624 205
4787 206
5251 207
2391 208
5660 209
4859 210
1866 211
1377 212
6382 213
5454 214
6813 215
3557 216
1644 217
3472 218
3382 219
3667 220
2998 221
2289 222
5643 223
1461 224
4194 225
3405 226
6610 227
3518 228
644 229
3011 230
1246 231
6541 232
900 233
3801 234
6662 235
4386 236
2407 237
4947 238
3448 239
4590 240
6385 241
3631 242
3052 243
3188 244
4114 245
5308 246
203 247
6712 248
4733 249
6161 250
4728 251
1884 252
6288 253
5912 254
4832 255
5327 256
4819 257
2142 258
686 259
4828 260
695 261
1588 262
3826 263
5884 264
757 265
3223 266
5778 267
1267 268
4461 269
534 270
2751 271
6739 272
219 273
4097 274
6173 275
6754 276
4287 277
2323 278
97 279
1407 280
1108 281
4134 282
4242 283
3503 284
1265 285
1967 286
3258 287
4715 288
2885 289
2655 290
5461 291
2917 292
1268 293
2880 294
2477 295
5621 296
1906 297
935 298
6447 299
3615 300
2009 301
6108 302
1589 303
335 304
1944 305
4382 306
5328 307
4663 308
6765 309
5027 310
5533 311
5750 312
5505 313
3006 314
1921 315
924 316
3633 317
5847 318
6813 319
3552 320
41 321
3225 322
3833 323
2261 324
2609 325
3929 326
5035 327
4315 328
4668 329
4078 330
5306 331
1142 332
4925 333
6336 334
6328 335
1981 336
1129 337
4086 338
963 339
4425 340
4221 341
3873 342
1835 343
128 344
4718 345
3194 346
3111 347
5302 348
51 349
6419 350
4546 351
4753 352
2453 353
2907 354
6537 355
4806 356
3332 357
3025 358
4543 359
22 360
683 361
364 362
632 363
5805 364
5000 365
3572 366
341 367
5976 368
4901 369
1950 370
2705 371
5175 372
3587 373
3529 374
4732 375
458 376
5453 377
6801 378
2699 379
1864 380
764 381
6681 382
516 383
4303 384
833 385
2504 386
351 387
3835 388
2092 389
1787 390
4186 391
6838 392
2976 393
29 394
3353 395
2457 396
5313 397
3906 398
6323 399
4174 400
3652 401
688 402
535 403
5077 404
1450 405
6041 406
2731 407
773 408
4800 409
4370 410
822 411
5772 412
128 413
1924 414
1081 415
516 416
877 417
551 418
1128 419
2569 420
6060 421
643 422
4136 423
6402 424
5633 425
4886 426
5140 427
2206 428
151 429
2915 430
800 431
2670 432
2707 433
742 434
2532 435
1616 436
4996 437
2105 438
3934 439
6610 440
488 441
4442 442
1568 443
2059 444
2176 445
5396 446
781 447
432 448
5403 449
2777 450
6200 451
277 452
4051 453
4224 454
1718 455
1787 456
3254 457
1920 458
3641 459
4059 460
5841 461
516 462
6070 463
2276 464
1345 465
2626 466
1486 467
916 468
1153 469
1675 470
5249 471
159 472
6665 473
3104 474
3913 475
29 476
4814 477
4802 478
182 479
2515 480
5499 481
6260 482
6394 483
3918 484
5000 485
6505 486
769 487
5455 488
3169 489
2936 490
6680 491
1130 492
2045 493
6178 494
1015 495
2347 496
1273 497
5456 498
2842 499
1951 500
249 501
841 502
45 503
3385 504
6989 505
6312 506
6449 507
5905 508
5596 509
3999 510
1279 511
4014 512
3595 513
572 514
5439 515
4239 516
4424 517
6401 518
3282 519
5555 520
5355 521
3289 522
1020 523
2103 524
2148 525
6993 526
536 527
2891 528
2814 529
1 530
2718 531
954 532
6937 533
6324 534
6699 535
3478 536
3649 537
1802 538
1267 539
2727 540
4851 541
3155 542
3544 543
2461 544
448 545
1978 546
4897 547
6051 548
3246 549
5645 550
6413 551
6618 552
74 553
4603 554
5133 555
3472 556
4068 557
3983 558
829 559
904 560
4260 561
6318 562
1491 563
4720 564
6445 565
1919 566
154 567
3340 568
4761 569
1914 570
171 571
6833 572
5315 573
4247 574
3002 575
5892 576
1264 577
2723 578
103 579
4831 580
533 581
4078 582
4955 583
2491 584
6489 585
6271 586
2680 587
5892 588
1586 589
84 590
2813 591
5854 592
6066 593
432 594
5692 595
5636 596
503 597
5276 598
1761 599
3517 600
5856 601
5827 602
4709 603
4312 604
3067 605
1014 606
6935 607
1141 608
489 609
3059 610
4198 611
3284 612
4088 613
5793 614
3517 615
6561 616
6752 617
6548 618
4526 619
6652 620
5467 621
6108 622
2467 623
1531 624
4701 625
1641 626
4492 627
4317 628
6579 629
1898 630
1556 631
1136 632
723 633
13 634
1712 635
4539 636
6080 637
1285 638
6041 639
3594 640
3391 641
59 642
3331 643
5574 644
2335 645
3037 646
1304 647
5879 648
2894 649
6196 650
3856 651
5471 652
4967 653
4629 654
852 655
3903 656
5431 657
2016 658
4073 659
3207 660
2166 661
357 662
1550 663
5474 664
1314 665
4165 666
4801 667
6396 668
1835 669
2433 670
3186 671
3096 672
4884 673
3114 674
3278 675
1460 676
2667 677
6382 678
3898 679
8 680
498 681
1807 682
3968 683
5262 684
3645 685
6048 686
2985 687
4937 688
5802 689
5839 690
5759 691
1986 692
2554 693
4785 694
586 695
6733 696
4789 697
5364 698
4731 699
