750 650
5191 0
5537 1
7044 2
4130 3
4505 4
5032 5
990 6
5559 7
4647 8
50 9
3874 10
4011 11
7109 12
1804 13
6147 14
2152 15
3245 16
6365 17
80 18
7228 19
2744 20
596 21
6520 22
5307 23
2983 24
1196 25
2852 26
2259 27
6266 28
6211 29
3634 30
6184 31
1156 32
1785 33
6077 34
4917 35
4016 36
718 37
4846 38
6605 39
6038 40
5678 41
196 42
294 43
4816 44
6601 45
4004 46
4133 47
1880 48
5543 49
5129 50
4794 51
472 52
2380 53
6526 54
7111 55
4696 56
7155 57
3876 58
1957 59
4149 60
4727 61
3230 62
1502 63
2579 64
3884 65
4754 66
5043 67
129 68
6624 69
699 70
4329 71
6566 72
7313 73
3401 74
2357 75
201 76
5032 77
4159 78
884 79
6096 80
6089 81
4242 82
5751 83
3510 84
1916 85
1372 86
5044 87
1151 88
4875 89
4802 90
1021 91
5408 92
4806 93
2758 94
3187 95
3087 96
1813 97
746 98
5670 99
1413 100
377 101
3742 102
1981 103
3818 104
4069 105
2374 106
6216 107
5768 108
7278 109
5744 110
1852 111
550 112
3483 113
1933 114
3807 115
1210 116
2363 117
4729 118
886 119
1911 120
6895 121
4976 122
2302 123
3353 124
6428 125
5028 126
454 127
2214 128
3740 129
2189 130
3783 131
3101 132
6228 133
1523 134
1309 135
4197 136
4056 137
465 138
3537 139
2416 140
5882 141
2204 142
3173 143
5925 144
2683 145
1235 146
7179 147
3540 148
3574 149
7410 150
1364 151
1179 152
7262 153
2578 154
1065 155
6391 156
1354 157
665 158
3629 159
1333 160
5204 161
3054 162
3485 163
5098 164
5038 165
2588 166
183 167
6966 168
6 169
5242 170
5929 171
1754 172
3009 173
1445 174
1189 175
2349 176
2999 177
1089 178
2003 179
1753 180
6367 181
2480 182
6511 183
6875 184
6967 185
1701 186
4773 187
6462 188
1339 189
7428 190
6255 191
7084 192
2539 193
6334 194
6992 195
2855 196
115 197
5598 198
7203 199
3889 200
4991 201
2525 202
6637 203
3741 204
1522 205
4853 206
5498 207
5172 208
5832 209
3762 210
23 211
6481 212
2718 213
6115 214
5961 215
2688 216
3809 217
2841 218
6879 219
6129 220
5172 221
4775 222
7281 223
198 224
4408 225
1345 226
6200 227
3494 228
6029 229
2536 230
2084 231
3223 232
5420 233
6799 234
619 235
4618 236
3392 237
1401 238
6479 239
6144 240
3382 241
4545 242
2500 243
1431 244
4411 245
7061 246
2787 247
566 248
131 249
547 250
4643 251
1151 252
2662 253
6828 254
2645 255
2369 256
4253 257
1394 258
7107 259
2965 260
5158 261
4221 262
729 263
2996 264
3938 265
1388 266
5647 267
5798 268
5053 269
6241 270
1343 271
4569 272
2534 273
5310 274
2113 275
4624 276
1098 277
5152 278
6132 279
3167 280
2372 281
1890 282
2937 283
5450 284
7372 285
2230 286
1607 287
4455 288
5677 289
7145 290
7426 291
4649 292
2957 293
6205 294
5774 295
6580 296
2267 297
1158 298
6804 299
2970 300
2753 301
5570 302
782 303
929 304
776 305
5451 306
7120 307
7374 308
4920 309
3962 310
1822 311
838 312
2011 313
3129 314
3281 315
1078 316
3101 317
4307 318
2913 319
6129 320
4744 321
6677 322
3723 323
1966 324
5405 325
6383 326
1442 327
6283 328
3051 329
3819 330
5179 331
5481 332
226 333
4614 334
3754 335
3521 336
3693 337
5176 338
1399 339
6527 340
3785 341
5936 342
2798 343
5579 344
2089 345
5511 346
5964 347
5463 348
2843 349
4152 350
7176 351
4654 352
1391 353
3544 354
3656 355
183 356
5669 357
4432 358
4982 359
938 360
4741 361
5788 362
6058 363
2065 364
6410 365
1286 366
7390 367
5417 368
4560 369
3887 370
7005 371
1184 372
4532 373
4370 374
1048 375
509 376
745 377
4619 378
6066 379
2047 380
2671 381
6018 382
2245 383
5019 384
1627 385
5471 386
7474 387
2010 388
4063 389
2781 390
200 391
3202 392
5415 393
6439 394
6097 395
6713 396
537 397
6270 398
4797 399
1485 400
6559 401
3689 402
3077 403
3259 404
1996 405
5035 406
2524 407
1741 408
743 409
4176 410
6790 411
2631 412
5837 413
6294 414
2533 415
4793 416
261 417
5657 418
1872 419
5914 420
5698 421
7021 422
3686 423
5460 424
585 425
3635 426
2427 427
4564 428
6976 429
6363 430
4567 431
3103 432
873 433
6033 434
1614 435
6705 436
1675 437
7134 438
3008 439
3564 440
6116 441
1761 442
5086 443
1066 444
2256 445
4228 446
5183 447
1787 448
4357 449
7020 450
6272 451
4500 452
7238 453
4429 454
4378 455
5494 456
5800 457
324 458
3764 459
3842 460
2389 461
5211 462
4069 463
606 464
7253 465
1604 466
1461 467
2078 468
2215 469
227 470
951 471
1355 472
2970 473
400 474
5318 475
351 476
1723 477
6602 478
1708 479
6170 480
3693 481
4018 482
7393 483
3103 484
4689 485
2556 486
6463 487
7125 488
4787 489
4714 490
4329 491
728 492
2501 493
6143 494
1266 495
3109 496
7324 497
1101 498
6359 499
4698 500
6322 501
3202 502
5912 503
6065 504
2739 505
6472 506
2696 507
3307 508
5463 509
5872 510
2897 511
1329 512
1707 513
3856 514
7407 515
1628 516
7096 517
5360 518
5249 519
1443 520
5486 521
7420 522
5645 523
3901 524
807 525
4574 526
2857 527
4471 528
7458 529
3807 530
6798 531
2358 532
273 533
7404 534
6781 535
2952 536
987 537
3198 538
1631 539
672 540
499 541
5988 542
3177 543
2097 544
1412 545
3438 546
6977 547
1810 548
6217 549
5716 550
3664 551
7383 552
6554 553
5040 554
2515 555
6144 556
387 557
5187 558
5026 559
477 560
3390 561
3846 562
875 563
3855 564
1761 565
6063 566
6449 567
2634 568
111 569
525 570
1046 571
1611 572
729 573
4524 574
607 575
3540 576
2613 577
5262 578
6914 579
6709 580
7018 581
2291 582
6608 583
4309 584
5873 585
490 586
5262 587
2105 588
550 589
1306 590
5209 591
5616 592
3251 593
416 594
2269 595
111 596
7377 597
6711 598
4066 599
5775 600
3183 601
1217 602
2734 603
6132 604
6270 605
7218 606
12 607
4705 608
5861 609
259 610
4740 611
1326 612
5718 613
3091 614
390 615
168 616
6487 617
6991 618
6815 619
3477 620
4324 621
3107 622
6554 623
197 624
5949 625
6574 626
1922 627
4766 628
2264 629
2796 630
3189 631
3809 632
350 633
5874 634
2964 635
1937 636
6669 637
4901 638
1151 639
1676 640
2575 641
5461 642
4604 643
3448 644
295 645
6314 646
3849 647
1509 648
2230 649
5379 650
1557 651
4420 652
868 653
5281 654
2490 655
6483 656
1368 657
5831 658
4646 659
5142 660
7205 661
7355 662
3078 663
5022 664
4183 665
6253 666
699 667
6327 668
5477 669
7059 670
6695 671
4829 672
5971 673
4063 674
7072 675
1887 676
2804 677
7408 678
7035 679
1562 680
4238 681
1700 682
2436 683
5240 684
5737 685
3495 686
4598 687
4416 688
1469 689
2495 690
6416 691
1251 692
1472 693
3997 694
1123 695
2445 696
3410 697
5514 698
1565 699
5725 700
536 701
4311 702
6960 703
1633 704
5792 705
4532 706
798 707
4399 708
3322 709
6647 710
7339 711
984 712
4974 713
6109 714
3986 715
658 716
5658 717
5869 718
7182 719
1192 720
3469 721
3172 722
1087 723
155 724
566 725
939 726
4430 727
3801 728
1163 729
104 730
5150 731
696 732
6571 733
1854 734
4865 735
2866 736
2864 737
1510 738
4565 739
7317 740
5371 741
5213 742
2928 743
1365 744
3015 745
1294 746
426 747
7080 748
324 749
