700 550
1314 0
3838 1
3499 2
3684 3
4342 4
2471 5
4847 6
6093 7
6259 8
871 9
1165 10
237 11
5271 12
5910 13
6927 14
1293 15
2394 16
5525 17
1019 18
3252 19
4690 20
4205 21
5813 22
1232 23
4208 24
5468 25
1815 26
173 27
3803 28
5317 29
3394 30
339 31
5078 32
1761 33
1774 34
1542 35
6035 36
6242 37
5138 38
5695 39
6855 40
2851 41
740 42
6988 43
6714 44
3905 45
3579 46
3705 47
3130 48
6495 49
1038 50
6081 51
1697 52
3447 53
5019 54
1540 55
613 56
5311 57
5202 58
1537 59
3989 60
1431 61
5792 62
791 63
2938 64
2595 65
3195 66
4579 67
5043 68
1649 69
4672 70
628 71
5426 72
4166 73
2363 74
1326 75
6919 76
2539 77
4225 78
5992 79
172 80
4109 81
4464 82
1738 83
6730 84
6424 85
4100 86
1672 87
4138 88
3504 89
517 90
2928 91
944 92
6788 93
3179 94
1113 95
6926 96
3555 97
1200 98
2488 99
3937 100
5272 101
2661 102
1663 103
5100 104
3751 105
5830 106
1764 107
5015 108
5900 109
852 110
2592 111
2096 112
4752 113
6991 114
3138 115
3357 116
799 117
6998 118
6353 119
1027 120
2919 121
5392 122
1921 123
4053 124
6633 125
6724 126
4226 127
5588 128
6257 129
2949 130
4787 131
6010 132
6284 133
6849 134
4268 135
900 136
3684 137
1876 138
1379 139
5345 140
5141 141
5521 142
4280 143
541 144
392 145
658 146
2525 147
2891 148
1587 149
6069 150
2388 151
4177 152
3163 153
238 154
2632 155
3018 156
4668 157
4871 158
442 159
6437 160
3023 161
1930 162
1416 163
1994 164
2619 165
2286 166
654 167
4731 168
6852 169
5243 170
2803 171
3658 172
3958 173
6928 174
936 175
1082 176
5613 177
3631 178
3342 179
5451 180
2639 181
2266 182
293 183
2792 184
4127 185
5611 186
310 187
353 188
134 189
717 190
2140 191
3675 192
4277 193
849 194
384 195
119 196
1342 197
5883 198
5899 199
5014 200
3366 201
2545 202
2395 203
318 204
1545 205
4130 206
2524 207
6929 208
483 209
1472 210
3657 211
608 212
4816 213
488 214
684 215
4641 216
4811 217
4757 218
5363 219
2838 220
3077 221
4564 222
1864 223
6478 224
751 225
1941 226
6921 227
1874 228
116 229
6182 230
2302 231
730 232
1100 233
5595 234
5468 235
887 236
1030 237
596 238
4500 239
5375 240
1967 241
2625 242
6747 243
2367 244
1649 245
3696 246
4386 247
2344 248
5267 249
3269 250
3631 251
6119 252
2907 253
4928 254
133 255
6791 256
6542 257
4562 258
3043 259
6338 260
6565 261
650 262
5783 263
344 264
1928 265
6262 266
1489 267
3107 268
304 269
301 270
4587 271
4654 272
5527 273
6375 274
3996 275
1118 276
4747 277
1315 278
3517 279
5291 280
6364 281
4293 282
2216 283
4356 284
1696 285
3220 286
3560 287
5806 288
6953 289
933 290
1681 291
872 292
1440 293
806 294
4417 295
2705 296
2941 297
4252 298
31 299
1573 300
2458 301
6849 302
6981 303
514 304
3891 305
3360 306
2861 307
3322 308
3405 309
2369 310
6679 311
5342 312
6258 313
2933 314
437 315
2990 316
2752 317
3079 318
3933 319
1919 320
4844 321
5177 322
1689 323
1574 324
4790 325
1040 326
5870 327
17 328
3841 329
2987 330
4063 331
6526 332
469 333
4298 334
5077 335
5105 336
5191 337
6249 338
596 339
2072 340
4755 341
3110 342
2271 343
646 344
5264 345
3730 346
4219 347
1743 348
1553 349
4701 350
1083 351
4527 352
4003 353
946 354
2036 355
788 356
442 357
5205 358
5861 359
2036 360
1928 361
3499 362
3826 363
1753 364
119 365
5059 366
3076 367
4046 368
4899 369
698 370
6452 371
6245 372
5713 373
5614 374
110 375
5711 376
3765 377
2855 378
4436 379
1125 380
2210 381
5499 382
6851 383
2195 384
4760 385
1299 386
4312 387
4991 388
1195 389
656 390
4442 391
2964 392
139 393
5894 394
1567 395
4987 396
1602 397
6862 398
6265 399
1465 400
1564 401
3704 402
288 403
3079 404
6034 405
1967 406
2643 407
3264 408
4341 409
1439 410
62 411
5745 412
2293 413
2552 414
6361 415
3080 416
4159 417
2020 418
5409 419
4900 420
4065 421
5077 422
6171 423
4976 424
164 425
6823 426
2975 427
1356 428
917 429
1739 430
3338 431
4063 432
498 433
2499 434
2661 435
1937 436
1172 437
5793 438
5978 439
1354 440
2165 441
4153 442
5327 443
1951 444
289 445
5143 446
5368 447
3763 448
1619 449
5648 450
2805 451
6280 452
5350 453
3135 454
5510 455
4797 456
6593 457
68 458
5268 459
1022 460
1251 461
5713 462
3185 463
1576 464
3046 465
1225 466
5626 467
1270 468
1215 469
5475 470
4161 471
2498 472
4189 473
3867 474
6948 475
1223 476
3567 477
6700 478
6017 479
4105 480
6546 481
3112 482
3306 483
2183 484
6649 485
1650 486
3880 487
2329 488
4827 489
6970 490
5429 491
733 492
4614 493
102 494
4164 495
4441 496
2962 497
2338 498
548 499
6123 500
4331 501
1950 502
5812 503
6826 504
2112 505
4428 506
4768 507
6970 508
3342 509
3053 510
1192 511
749 512
2991 513
2459 514
2008 515
5329 516
323 517
2978 518
2790 519
1966 520
2159 521
4332 522
3613 523
270 524
6522 525
2223 526
3454 527
1846 528
4836 529
5628 530
2107 531
5111 532
6479 533
6288 534
3791 535
3425 536
370 537
5989 538
6780 539
570 540
6607 541
956 542
2673 543
3179 544
3946 545
5622 546
2468 547
5571 548
2420 549
2747 550
6318 551
8 552
1539 553
1754 554
1506 555
1638 556
4103 557
6781 558
3529 559
3770 560
4757 561
4325 562
4822 563
6086 564
5736 565
1982 566
6065 567
2077 568
646 569
1793 570
4157 571
1804 572
5860 573
1626 574
486 575
6400 576
5991 577
4297 578
6031 579
3681 580
2023 581
5050 582
3515 583
3545 584
6108 585
6667 586
2415 587
5818 588
6469 589
2472 590
3722 591
2481 592
6954 593
6224 594
2804 595
3758 596
1489 597
2168 598
772 599
4952 600
5274 601
3842 602
1772 603
680 604
3291 605
6878 606
4135 607
3232 608
1951 609
1359 610
6031 611
2267 612
3148 613
1300 614
4098 615
3549 616
4155 617
158 618
873 619
3596 620
6242 621
2719 622
1440 623
5870 624
6887 625
3128 626
1807 627
2056 628
6945 629
1142 630
2435 631
5216 632
2925 633
2989 634
2756 635
3493 636
4615 637
166 638
676 639
6540 640
686 641
6515 642
5217 643
1120 644
48 645
6332 646
2485 647
6311 648
3541 649
4684 650
559 651
6246 652
1065 653
2380 654
4078 655
6524 656
2260 657
1474 658
6803 659
1411 660
6991 661
5551 662
6951 663
4360 664
2139 665
4213 666
3576 667
4288 668
1428 669
4180 670
2411 671
6864 672
6684 673
6726 674
3994 675
102 676
204 677
2699 678
1421 679
720 680
6771 681
2239 682
2309 683
5862 684
6419 685
5212 686
726 687
749 688
3062 689
4189 690
2657 691
6537 692
2740 693
5798 694
4780 695
6626 696
5487 697
144 698
3440 699
