750 1250
1972 0
3834 1
3408 2
1487 3
2 4
2061 5
1802 6
1249 7
3492 8
5509 9
4106 10
2985 11
2185 12
3820 13
4118 14
601 15
329 16
5893 17
2095 18
3940 19
3943 20
1237 21
1093 22
865 23
5195 24
1408 25
6892 26
1029 27
3832 28
3116 29
5159 30
2808 31
4270 32
5473 33
4216 34
3135 35
3506 36
5399 37
2323 38
3062 39
2104 40
3016 41
7433 42
2186 43
1827 44
7490 45
5429 46
4962 47
4403 48
2165 49
3406 50
6462 51
7179 52
2513 53
3989 54
6536 55
6401 56
927 57
1542 58
6014 59
6037 60
203 61
1470 62
4641 63
4504 64
5226 65
1029 66
5729 67
2690 68
2555 69
1794 70
3132 71
581 72
2567 73
7234 74
5102 75
4961 76
3200 77
5933 78
3839 79
917 80
4102 81
7313 82
6379 83
2813 84
2093 85
4846 86
5086 87
5251 88
4003 89
1030 90
2127 91
5697 92
1783 93
1403 94
7099 95
998 96
2849 97
1189 98
7059 99
1002 100
943 101
1588 102
6096 103
1032 104
533 105
4156 106
4784 107
2020 108
424 109
2775 110
5523 111
141 112
366 113
4651 114
1936 115
2727 116
6584 117
4906 118
5321 119
7277 120
3461 121
4120 122
4632 123
2765 124
4134 125
3308 126
2835 127
3674 128
690 129
3350 130
6674 131
6096 132
1610 133
1992 134
1164 135
3720 136
5262 137
4229 138
3002 139
451 140
1268 141
6554 142
7119 143
6411 144
1390 145
1336 146
2126 147
2147 148
1460 149
3959 150
5264 151
4269 152
3814 153
6026 154
2597 155
6440 156
1578 157
6024 158
1779 159
6534 160
1353 161
198 162
6909 163
5347 164
1798 165
4133 166
2709 167
2196 168
2277 169
1215 170
2053 171
3706 172
4997 173
176 174
4394 175
6051 176
4602 177
7471 178
1843 179
2852 180
4769 181
6412 182
2291 183
369 184
772 185
6467 186
3613 187
2926 188
6354 189
6789 190
2726 191
2053 192
7300 193
5893 194
2597 195
3253 196
3132 197
5982 198
4033 199
4495 200
4352 201
3801 202
6883 203
2336 204
5670 205
2210 206
3430 207
3683 208
6858 209
2963 210
73 211
2078 212
4075 213
1253 214
1015 215
5116 216
6034 217
3255 218
4694 219
5424 220
1980 221
3940 222
4846 223
6001 224
4490 225
3766 226
514 227
5326 228
1872 229
948 230
2607 231
292 232
2329 233
468 234
1716 235
6254 236
5889 237
6089 238
2644 239
1139 240
1710 241
1961 242
1995 243
1363 244
3120 245
3549 246
438 247
3265 248
580 249
6213 250
7367 251
703 252
7078 253
2182 254
533 255
428 256
1304 257
6264 258
3739 259
4878 260
2770 261
3699 262
3841 263
3210 264
650 265
4648 266
7175 267
1476 268
6244 269
4179 270
2619 271
5065 272
5189 273
2877 274
3639 275
5570 276
3647 277
6475 278
4703 279
6209 280
2554 281
4761 282
1910 283
5915 284
800 285
7395 286
6227 287
682 288
1212 289
3416 290
3986 291
2893 292
6247 293
7328 294
1385 295
7065 296
3545 297
7051 298
1054 299
2241 300
934 301
4195 302
7063 303
1680 304
1714 305
2072 306
5137 307
1208 308
594 309
3786 310
5206 311
7078 312
2077 313
1981 314
2612 315
2499 316
6244 317
3845 318
183 319
2014 320
4785 321
7497 322
1891 323
65 324
582 325
6360 326
1109 327
6872 328
262 329
2667 330
3469 331
6010 332
4242 333
1964 334
365 335
4142 336
426 337
3411 338
6817 339
2986 340
7077 341
1746 342
1218 343
6732 344
6936 345
2564 346
2933 347
5715 348
68 349
4529 350
3206 351
5095 352
1650 353
591 354
624 355
3274 356
6748 357
5697 358
6056 359
612 360
214 361
2984 362
2336 363
4643 364
7460 365
6367 366
1565 367
7162 368
6919 369
5366 370
6668 371
4230 372
61 373
808 374
4057 375
4475 376
3015 377
4747 378
256 379
2048 380
6667 381
3998 382
2055 383
6576 384
3470 385
3757 386
274 387
1217 388
5189 389
5591 390
2477 391
4889 392
6213 393
6891 394
4975 395
5079 396
4892 397
6188 398
811 399
682 400
2116 401
4106 402
3667 403
488 404
5186 405
4712 406
5087 407
64 408
6759 409
1298 410
6458 411
6901 412
6432 413
6530 414
5126 415
3245 416
2634 417
36 418
965 419
534 420
5453 421
683 422
2548 423
1645 424
5633 425
4170 426
3018 427
4440 428
4715 429
5717 430
7471 431
3188 432
1905 433
6527 434
6002 435
4873 436
1187 437
6806 438
1080 439
6989 440
4305 441
1927 442
5494 443
6947 444
2264 445
1402 446
5606 447
6471 448
6471 449
4093 450
1659 451
1224 452
1126 453
3351 454
7003 455
5025 456
5895 457
1618 458
4744 459
7071 460
4371 461
1066 462
6677 463
5391 464
5144 465
5656 466
2269 467
2008 468
7275 469
4831 470
5948 471
2813 472
6116 473
2343 474
1510 475
2872 476
972 477
4857 478
6543 479
5904 480
3862 481
1997 482
2861 483
5143 484
5791 485
5193 486
5580 487
5275 488
4213 489
7444 490
2277 491
7028 492
2600 493
7174 494
1066 495
5232 496
7280 497
2971 498
3855 499
5861 500
7 501
3452 502
1513 503
3168 504
2177 505
1972 506
944 507
2514 508
1060 509
5039 510
912 511
786 512
4806 513
449 514
880 515
1647 516
279 517
2057 518
4055 519
2568 520
5839 521
6665 522
5377 523
2990 524
4008 525
428 526
3639 527
3451 528
5922 529
3326 530
4070 531
7292 532
7083 533
807 534
1209 535
4702 536
6009 537
233 538
6060 539
3336 540
3060 541
4018 542
5854 543
6539 544
1695 545
3448 546
6526 547
623 548
5817 549
3611 550
2064 551
6529 552
5559 553
1147 554
6929 555
2878 556
6701 557
854 558
2207 559
2186 560
7181 561
5283 562
5344 563
3154 564
190 565
2917 566
7291 567
1011 568
979 569
955 570
7297 571
4457 572
7021 573
3652 574
3489 575
379 576
2597 577
5624 578
3118 579
5547 580
5514 581
4755 582
7346 583
3631 584
2677 585
2555 586
209 587
5414 588
6397 589
494 590
1472 591
5027 592
769 593
999 594
4296 595
3371 596
3597 597
7181 598
1647 599
2919 600
3795 601
2946 602
1924 603
7427 604
2344 605
5483 606
4213 607
1457 608
4865 609
3550 610
268 611
1485 612
5726 613
2002 614
4621 615
53 616
7074 617
6399 618
3313 619
1691 620
4994 621
4101 622
3464 623
7369 624
6413 625
6883 626
1784 627
2918 628
1226 629
5670 630
5346 631
6672 632
6122 633
4439 634
2065 635
1823 636
5770 637
2208 638
743 639
114 640
297 641
1221 642
175 643
3820 644
6917 645
3552 646
1234 647
1936 648
7215 649
4441 650
5659 651
3165 652
577 653
6687 654
6073 655
1338 656
5876 657
37 658
3878 659
4459 660
6930 661
990 662
3647 663
1670 664
7031 665
5169 666
134 667
446 668
735 669
7273 670
1827 671
3456 672
463 673
4656 674
6269 675
3524 676
7268 677
4625 678
3246 679
1991 680
1927 681
5807 682
1242 683
3734 684
3391 685
4978 686
309 687
3751 688
634 689
654 690
1252 691
3388 692
4536 693
4898 694
4330 695
2778 696
5302 697
2868 698
6634 699
4464 700
2245 701
4367 702
6027 703
3490 704
2434 705
5037 706
2836 707
3973 708
5510 709
6396 710
4628 711
982 712
5668 713
6791 714
6364 715
2552 716
710 717
7267 718
4077 719
2430 720
4635 721
3390 722
5378 723
1884 724
1112 725
2309 726
1622 727
2412 728
1924 729
5093 730
3005 731
4582 732
5357 733
4575 734
2397 735
3395 736
33 737
2873 738
3420 739
6460 740
5906 741
1235 742
1096 743
1635 744
1010 745
3013 746
2489 747
1811 748
5340 749
