750 1500
1561 0
6156 1
3337 2
357 3
4770 4
6208 5
4878 6
4520 7
3574 8
2813 9
7016 10
7133 11
2131 12
258 13
6644 14
6039 15
1659 16
1232 17
3748 18
7317 19
3765 20
2167 21
440 22
877 23
3968 24
5716 25
1208 26
1552 27
3200 28
5776 29
7185 30
2813 31
2216 32
6844 33
5352 34
642 35
7280 36
6242 37
5278 38
5119 39
5120 40
3939 41
5214 42
2095 43
2147 44
406 45
4350 46
5811 47
3449 48
4008 49
6398 50
6444 51
3331 52
7301 53
6412 54
89 55
6619 56
712 57
5271 58
4692 59
5814 60
2678 61
6393 62
3851 63
3106 64
6734 65
3359 66
2116 67
4185 68
6667 69
4980 70
1347 71
2150 72
2802 73
4001 74
613 75
3977 76
4683 77
4436 78
5927 79
1801 80
3226 81
3533 82
778 83
2931 84
4956 85
5330 86
6195 87
234 88
1620 89
1784 90
6982 91
3589 92
6079 93
6816 94
418 95
989 96
5224 97
3791 98
2639 99
5942 100
619 101
7214 102
4091 103
1803 104
1238 105
1515 106
1017 107
6630 108
2105 109
6366 110
5455 111
4241 112
353 113
5803 114
2062 115
6065 116
4793 117
4751 118
2218 119
3351 120
3595 121
2506 122
6522 123
7251 124
4348 125
36 126
6406 127
2148 128
142 129
39 130
486 131
6126 132
5443 133
5003 134
6732 135
4237 136
3218 137
541 138
7156 139
332 140
4367 141
3625 142
2528 143
3096 144
3474 145
2145 146
5567 147
3826 148
7498 149
1105 150
2878 151
5730 152
2387 153
314 154
7264 155
2420 156
3511 157
3232 158
5060 159
4643 160
3292 161
1199 162
2250 163
2159 164
342 165
1833 166
5089 167
6366 168
5205 169
1255 170
178 171
519 172
4222 173
3864 174
6941 175
5842 176
6345 177
7404 178
3432 179
905 180
7218 181
7483 182
4414 183
514 184
3145 185
7034 186
5076 187
4628 188
159 189
706 190
5282 191
7117 192
5357 193
4702 194
7480 195
5065 196
3976 197
2714 198
2590 199
1206 200
6154 201
2068 202
4678 203
5560 204
3393 205
4766 206
6574 207
7492 208
5467 209
634 210
4497 211
4709 212
3270 213
5826 214
4723 215
1672 216
5241 217
5381 218
1702 219
996 220
5480 221
1981 222
6220 223
5283 224
118 225
7251 226
4101 227
5415 228
634 229
5328 230
5999 231
114 232
5110 233
448 234
6814 235
5157 236
3678 237
2710 238
6328 239
603 240
1897 241
6665 242
2521 243
1778 244
3682 245
6993 246
43 247
2498 248
4316 249
5878 250
1391 251
7370 252
4622 253
6820 254
2940 255
279 256
273 257
4977 258
6312 259
3948 260
5190 261
38 262
714 263
4653 264
3908 265
6660 266
2105 267
5730 268
5025 269
3633 270
7282 271
5768 272
1565 273
5121 274
3326 275
260 276
3098 277
347 278
7426 279
2735 280
3987 281
2901 282
4206 283
1441 284
5191 285
4301 286
3021 287
5227 288
4063 289
3570 290
2917 291
1312 292
5280 293
4243 294
5412 295
6762 296
5191 297
6080 298
5413 299
7457 300
2979 301
225 302
5777 303
3674 304
2031 305
1956 306
5409 307
5054 308
7210 309
2046 310
679 311
1314 312
5807 313
3571 314
7200 315
7372 316
5637 317
117 318
4088 319
4815 320
1705 321
78 322
1788 323
2031 324
7168 325
1863 326
1817 327
7376 328
4928 329
6797 330
749 331
2557 332
6824 333
5275 334
3 335
3239 336
7084 337
3448 338
5482 339
4120 340
2942 341
5782 342
5562 343
3760 344
794 345
405 346
3638 347
4223 348
5583 349
6631 350
1409 351
7420 352
6934 353
7012 354
4143 355
4949 356
5175 357
3218 358
959 359
7415 360
6518 361
5602 362
6987 363
6994 364
6035 365
1771 366
3887 367
1194 368
5799 369
361 370
665 371
5822 372
4169 373
4307 374
273 375
2667 376
5992 377
1461 378
3630 379
6020 380
5005 381
1379 382
5372 383
1483 384
1390 385
7178 386
4606 387
1296 388
4138 389
973 390
5272 391
3554 392
4400 393
7297 394
2903 395
1661 396
3311 397
622 398
44 399
347 400
6868 401
1535 402
74 403
3639 404
808 405
4545 406
5907 407
5234 408
6785 409
7132 410
3924 411
6839 412
969 413
2495 414
2932 415
6521 416
4399 417
5152 418
560 419
4895 420
2503 421
3747 422
3038 423
3344 424
3613 425
2586 426
5311 427
1809 428
3893 429
1635 430
2299 431
6066 432
7310 433
5388 434
4370 435
2550 436
6248 437
5487 438
1190 439
4746 440
4760 441
89 442
2456 443
3160 444
4302 445
3804 446
2909 447
3641 448
4863 449
2513 450
4825 451
1483 452
1813 453
7373 454
1760 455
6514 456
5408 457
5542 458
6474 459
2861 460
2258 461
2813 462
5859 463
7044 464
460 465
1771 466
7023 467
2191 468
5714 469
5589 470
4738 471
2322 472
739 473
6846 474
6085 475
120 476
4061 477
1603 478
566 479
5496 480
1900 481
3129 482
4785 483
5406 484
1033 485
4608 486
3036 487
4456 488
2429 489
5121 490
218 491
4892 492
2317 493
1046 494
2796 495
1337 496
6459 497
1250 498
5936 499
6440 500
7400 501
3545 502
2747 503
773 504
4441 505
2509 506
4915 507
1262 508
3145 509
4748 510
2686 511
7470 512
4671 513
5996 514
860 515
6867 516
7221 517
1977 518
4805 519
5668 520
4048 521
5429 522
1338 523
5802 524
7255 525
609 526
5453 527
1716 528
6448 529
5838 530
6100 531
3667 532
5596 533
2333 534
6170 535
2928 536
936 537
3553 538
6379 539
6618 540
4781 541
4669 542
932 543
7174 544
3562 545
2372 546
701 547
4957 548
1991 549
4714 550
1105 551
5069 552
1253 553
3369 554
3889 555
1376 556
4675 557
4784 558
1263 559
5255 560
4914 561
2049 562
7282 563
5952 564
2977 565
4323 566
4369 567
4767 568
3852 569
4384 570
5075 571
3892 572
5888 573
6912 574
7100 575
5081 576
5782 577
7098 578
4921 579
2056 580
5288 581
4529 582
3441 583
4146 584
4824 585
6810 586
3020 587
1227 588
7171 589
1470 590
831 591
1401 592
2374 593
2449 594
5959 595
6858 596
640 597
1237 598
3530 599
6696 600
6385 601
5263 602
962 603
7215 604
3416 605
5536 606
758 607
111 608
593 609
2257 610
7297 611
6104 612
2061 613
5999 614
6749 615
6973 616
2857 617
2618 618
1019 619
7253 620
3194 621
1900 622
2015 623
1156 624
6008 625
4426 626
4730 627
3619 628
2150 629
5529 630
4570 631
5287 632
1595 633
6029 634
5531 635
330 636
2592 637
6763 638
1319 639
4919 640
2675 641
4624 642
5337 643
2685 644
142 645
7454 646
711 647
4480 648
5186 649
2994 650
352 651
5226 652
4393 653
3492 654
256 655
3016 656
493 657
2204 658
7362 659
5156 660
3628 661
5883 662
7390 663
2914 664
863 665
486 666
445 667
245 668
7395 669
3616 670
1854 671
5149 672
320 673
3039 674
1788 675
766 676
15 677
2613 678
629 679
3268 680
7023 681
2258 682
408 683
2390 684
5156 685
6261 686
1507 687
5303 688
4429 689
2202 690
7224 691
5671 692
1323 693
6335 694
1711 695
4240 696
1969 697
1976 698
1041 699
2383 700
3532 701
2544 702
6593 703
2711 704
3147 705
2359 706
6527 707
1314 708
5337 709
1619 710
7072 711
414 712
6027 713
4556 714
5749 715
5481 716
5469 717
5541 718
849 719
848 720
2616 721
1088 722
3659 723
2519 724
4598 725
2984 726
4647 727
4799 728
360 729
5959 730
6016 731
6908 732
2608 733
747 734
5987 735
4617 736
6354 737
5661 738
1666 739
7131 740
2913 741
2403 742
4572 743
3135 744
5685 745
7015 746
6819 747
1527 748
4701 749
