700 1500
1409 0
1406 1
6347 2
1831 3
135 4
6152 5
2219 6
5162 7
5785 8
6944 9
6912 10
1412 11
1326 12
1256 13
3413 14
2398 15
4863 16
2088 17
4558 18
3350 19
6417 20
123 21
5631 22
2117 23
5566 24
4703 25
4423 26
1998 27
5051 28
292 29
5495 30
4260 31
4591 32
6461 33
1259 34
6788 35
3028 36
597 37
6980 38
439 39
976 40
3003 41
4322 42
3278 43
4598 44
2019 45
3443 46
4087 47
1305 48
1894 49
69 50
3210 51
5348 52
6514 53
3287 54
2123 55
6252 56
2166 57
782 58
5410 59
2081 60
1247 61
1063 62
402 63
5160 64
2447 65
3111 66
1226 67
5763 68
435 69
4243 70
4384 71
2838 72
663 73
4977 74
1733 75
5939 76
2430 77
4831 78
5359 79
1921 80
3161 81
348 82
4408 83
2447 84
6975 85
4747 86
2511 87
6891 88
4278 89
4606 90
5904 91
5166 92
1922 93
5438 94
1397 95
6922 96
2031 97
702 98
595 99
6638 100
5258 101
6971 102
3533 103
5893 104
1931 105
2972 106
428 107
103 108
1195 109
6650 110
6223 111
3245 112
1373 113
2312 114
2819 115
544 116
5014 117
2440 118
1320 119
6708 120
4587 121
646 122
6453 123
836 124
3381 125
4987 126
4378 127
3368 128
4892 129
3263 130
833 131
4259 132
1484 133
2254 134
617 135
1521 136
2287 137
5455 138
5967 139
4583 140
1544 141
3666 142
2471 143
6141 144
4812 145
2505 146
1486 147
1744 148
1575 149
2488 150
5570 151
6376 152
3724 153
5747 154
3069 155
1343 156
3154 157
4576 158
3741 159
5841 160
3406 161
5897 162
5816 163
5130 164
6596 165
3796 166
3907 167
6482 168
1637 169
5375 170
5937 171
1515 172
6696 173
1312 174
6815 175
6388 176
982 177
140 178
5675 179
6346 180
1682 181
674 182
5440 183
4950 184
4858 185
5882 186
6744 187
5740 188
2424 189
2772 190
3323 191
2286 192
1175 193
3692 194
5189 195
6618 196
4116 197
2672 198
647 199
706 200
4901 201
117 202
701 203
2072 204
566 205
363 206
6737 207
3311 208
1788 209
6268 210
2125 211
6921 212
5237 213
3973 214
2365 215
5667 216
525 217
288 218
3460 219
2565 220
4999 221
1371 222
873 223
4173 224
3384 225
3830 226
5776 227
6717 228
520 229
1175 230
1423 231
1380 232
6506 233
6207 234
5450 235
6796 236
6616 237
6956 238
6040 239
4360 240
1791 241
5707 242
4412 243
1645 244
6213 245
2192 246
5763 247
5940 248
4977 249
2994 250
960 251
6342 252
6902 253
4937 254
5435 255
5649 256
2053 257
3605 258
4183 259
4884 260
508 261
6807 262
6397 263
6879 264
5206 265
4070 266
1887 267
5880 268
5893 269
1023 270
2257 271
2398 272
2948 273
3717 274
4137 275
1743 276
1923 277
5229 278
4443 279
6402 280
4282 281
3219 282
2970 283
4729 284
3391 285
509 286
6675 287
2821 288
2043 289
5889 290
3764 291
5519 292
2968 293
2164 294
2863 295
407 296
6741 297
5780 298
4777 299
6147 300
467 301
3075 302
4217 303
2667 304
3928 305
6594 306
4545 307
757 308
4627 309
4108 310
1752 311
3205 312
5434 313
5960 314
6090 315
5258 316
6503 317
5041 318
4309 319
943 320
6615 321
5281 322
1231 323
133 324
3885 325
3828 326
1470 327
3908 328
3281 329
3530 330
4273 331
6178 332
473 333
3039 334
6495 335
2606 336
5705 337
1459 338
322 339
6446 340
277 341
6235 342
2418 343
4587 344
6531 345
1679 346
3102 347
1371 348
6929 349
4134 350
4083 351
4423 352
1570 353
4135 354
5727 355
5693 356
2959 357
1303 358
4642 359
3047 360
4389 361
653 362
3573 363
3812 364
30 365
2883 366
3809 367
5417 368
6570 369
1857 370
1045 371
6321 372
4748 373
431 374
6807 375
6231 376
2072 377
5344 378
6504 379
5864 380
2196 381
3673 382
4225 383
432 384
3290 385
3870 386
4552 387
2193 388
2150 389
287 390
4881 391
3267 392
5484 393
2320 394
3417 395
6494 396
6021 397
1555 398
1513 399
1514 400
1413 401
5403 402
6710 403
870 404
6853 405
2542 406
391 407
5980 408
1861 409
1052 410
2522 411
2673 412
5606 413
4267 414
1289 415
4476 416
5501 417
4872 418
5140 419
900 420
590 421
1931 422
5608 423
757 424
2059 425
856 426
2007 427
3549 428
6029 429
6195 430
1548 431
1688 432
4219 433
4994 434
6521 435
4139 436
167 437
5077 438
2492 439
6244 440
6901 441
6667 442
2144 443
237 444
2279 445
2390 446
2427 447
5694 448
1027 449
5766 450
1 451
1056 452
287 453
4835 454
4664 455
2701 456
2691 457
2579 458
6921 459
450 460
2991 461
3690 462
5224 463
5481 464
4821 465
2287 466
6166 467
1600 468
767 469
3038 470
4563 471
2001 472
998 473
839 474
727 475
6359 476
1703 477
747 478
4176 479
1613 480
4351 481
5292 482
5344 483
6214 484
5214 485
447 486
5221 487
6997 488
6785 489
5913 490
2716 491
6442 492
6394 493
3172 494
4247 495
1316 496
4377 497
2802 498
6591 499
4306 500
3466 501
4092 502
1487 503
1842 504
5653 505
6489 506
6550 507
1815 508
180 509
2214 510
194 511
2120 512
3344 513
1049 514
763 515
766 516
1782 517
596 518
3601 519
6133 520
2741 521
4931 522
1842 523
5844 524
6661 525
3673 526
15 527
1533 528
3575 529
1391 530
4419 531
5398 532
798 533
4678 534
3334 535
6391 536
2650 537
5041 538
5015 539
3106 540
6271 541
6390 542
437 543
888 544
242 545
4544 546
5538 547
3545 548
824 549
4039 550
2977 551
505 552
5487 553
2346 554
2898 555
1801 556
5426 557
901 558
6061 559
5932 560
3540 561
4091 562
2198 563
4143 564
54 565
5863 566
1140 567
1504 568
3868 569
1375 570
4408 571
6338 572
694 573
332 574
4659 575
1845 576
3898 577
5993 578
3777 579
6392 580
20 581
717 582
6821 583
6054 584
3318 585
2003 586
3097 587
4106 588
1396 589
829 590
3081 591
2449 592
5874 593
1847 594
1114 595
396 596
1207 597
1435 598
1728 599
1794 600
1059 601
4382 602
2433 603
4562 604
4954 605
5409 606
5013 607
2486 608
3942 609
6438 610
470 611
294 612
4126 613
6734 614
5038 615
5474 616
2789 617
1466 618
3514 619
729 620
2231 621
755 622
471 623
4342 624
6749 625
1117 626
5866 627
2581 628
4773 629
6740 630
3736 631
6698 632
1741 633
6876 634
4437 635
1838 636
1925 637
2944 638
4149 639
3708 640
2680 641
841 642
4953 643
5152 644
3292 645
937 646
3426 647
3885 648
162 649
318 650
3578 651
4541 652
99 653
999 654
1392 655
4514 656
2512 657
2120 658
1882 659
2249 660
6795 661
2114 662
777 663
3971 664
6307 665
152 666
4321 667
1325 668
6102 669
6511 670
1271 671
2109 672
3710 673
2894 674
2266 675
221 676
1951 677
6497 678
943 679
5149 680
4286 681
5 682
533 683
2272 684
892 685
6452 686
4364 687
6736 688
6321 689
3457 690
633 691
3770 692
2633 693
6523 694
1174 695
1980 696
1358 697
1047 698
5545 699
