750 1650
6769 0
5006 1
7154 2
6647 3
949 4
3057 5
1022 6
2318 7
3420 8
4636 9
5715 10
4899 11
1588 12
4781 13
5202 14
1885 15
1140 16
3279 17
2348 18
7470 19
6676 20
3100 21
5133 22
2209 23
4686 24
3100 25
2835 26
464 27
5888 28
5219 29
6019 30
4717 31
2767 32
6389 33
3821 34
3188 35
4475 36
2804 37
3892 38
5051 39
7458 40
5524 41
5062 42
792 43
5021 44
6514 45
7026 46
2966 47
22 48
5534 49
5428 50
1509 51
6177 52
1887 53
6390 54
6342 55
3239 56
4434 57
3741 58
422 59
3781 60
4432 61
4212 62
3396 63
124 64
297 65
3973 66
7236 67
6230 68
1381 69
5976 70
4113 71
5844 72
889 73
3677 74
7130 75
3975 76
1045 77
3106 78
5854 79
3221 80
1430 81
6499 82
7105 83
5521 84
4275 85
1548 86
5710 87
5878 88
2383 89
3976 90
2629 91
526 92
3021 93
2172 94
1177 95
5907 96
5449 97
2637 98
7142 99
3038 100
6990 101
1565 102
6795 103
1740 104
1544 105
2348 106
2502 107
5980 108
6623 109
2910 110
5112 111
5334 112
3300 113
192 114
3181 115
6523 116
5168 117
6203 118
4654 119
854 120
2583 121
614 122
1844 123
5436 124
1073 125
966 126
4815 127
359 128
8 129
5099 130
4505 131
781 132
4931 133
746 134
3320 135
6192 136
4444 137
4659 138
5580 139
7299 140
6239 141
5207 142
5267 143
958 144
3855 145
3842 146
6473 147
6437 148
4839 149
1611 150
6978 151
6269 152
3725 153
1228 154
1103 155
7278 156
4250 157
3135 158
1941 159
7328 160
1889 161
5234 162
3396 163
7460 164
1918 165
3760 166
6205 167
3921 168
5772 169
5382 170
6592 171
6374 172
2978 173
1910 174
2143 175
1711 176
5044 177
2818 178
5933 179
3047 180
2549 181
5276 182
6229 183
5034 184
5217 185
3561 186
6911 187
2283 188
6961 189
8 190
2515 191
2076 192
7062 193
6101 194
4734 195
5672 196
202 197
5467 198
399 199
5011 200
3109 201
5040 202
95 203
310 204
2718 205
647 206
4807 207
2744 208
2323 209
1901 210
1510 211
6 212
2838 213
4107 214
1604 215
4804 216
2203 217
7090 218
1188 219
3129 220
158 221
3164 222
731 223
1826 224
7165 225
6015 226
3638 227
4729 228
4365 229
285 230
4788 231
1281 232
4175 233
1862 234
4117 235
1379 236
6217 237
5568 238
3617 239
7337 240
6989 241
4408 242
2518 243
47 244
4933 245
7370 246
890 247
561 248
5457 249
7417 250
5727 251
2224 252
3505 253
1824 254
21 255
3422 256
6724 257
5166 258
2653 259
665 260
5180 261
3455 262
6501 263
4294 264
7100 265
6230 266
3076 267
4234 268
4316 269
1870 270
525 271
15 272
4619 273
4229 274
726 275
7171 276
6617 277
1309 278
697 279
6074 280
7439 281
5916 282
4097 283
6093 284
3917 285
2024 286
7186 287
1460 288
4487 289
591 290
6653 291
2821 292
6922 293
1723 294
6299 295
1135 296
1270 297
7261 298
1274 299
5293 300
507 301
6648 302
7159 303
4974 304
6439 305
2046 306
3859 307
6535 308
7370 309
2591 310
5612 311
983 312
491 313
1529 314
7401 315
2469 316
5538 317
1894 318
2582 319
4703 320
4130 321
6222 322
6097 323
3334 324
3610 325
4076 326
3660 327
5479 328
5875 329
4272 330
1564 331
1260 332
6623 333
7267 334
4048 335
409 336
1568 337
1494 338
5368 339
592 340
6312 341
3767 342
6795 343
2315 344
3244 345
6078 346
3612 347
1049 348
5398 349
6795 350
5235 351
3830 352
1294 353
7481 354
1480 355
1649 356
4193 357
162 358
4457 359
5268 360
5848 361
1475 362
5054 363
337 364
4980 365
2974 366
4688 367
3141 368
2669 369
6921 370
2353 371
7201 372
7101 373
1912 374
3341 375
1134 376
1367 377
856 378
5929 379
3675 380
2711 381
6018 382
2004 383
5977 384
1349 385
2203 386
935 387
6331 388
6903 389
6809 390
4632 391
2762 392
1675 393
671 394
1466 395
5753 396
5444 397
327 398
6477 399
3207 400
2597 401
5296 402
3261 403
5423 404
3667 405
543 406
2945 407
4998 408
2370 409
3148 410
3068 411
1024 412
134 413
7097 414
1708 415
4987 416
1230 417
5754 418
3292 419
1307 420
2557 421
1397 422
576 423
4347 424
2106 425
6873 426
5373 427
2931 428
1808 429
4414 430
335 431
992 432
1087 433
403 434
2325 435
3571 436
3929 437
6733 438
6314 439
642 440
3987 441
608 442
441 443
1424 444
6429 445
6107 446
4907 447
5035 448
5018 449
1921 450
289 451
5718 452
2291 453
1488 454
1373 455
5436 456
3581 457
89 458
4936 459
7388 460
2340 461
1337 462
4041 463
4552 464
1814 465
4705 466
4477 467
2916 468
2420 469
3874 470
5792 471
5078 472
1169 473
6016 474
6 475
3682 476
130 477
2703 478
912 479
3867 480
3084 481
5274 482
1509 483
4108 484
1177 485
1109 486
5946 487
7196 488
1066 489
581 490
216 491
6973 492
4319 493
7276 494
3656 495
6213 496
3450 497
828 498
2980 499
2473 500
4493 501
4908 502
1506 503
2425 504
4746 505
5885 506
494 507
3614 508
4357 509
6751 510
260 511
1987 512
3178 513
76 514
5674 515
5373 516
6517 517
4730 518
6503 519
911 520
4166 521
3906 522
204 523
6666 524
7020 525
5119 526
4194 527
5297 528
3182 529
6446 530
3602 531
7017 532
1631 533
2722 534
1178 535
3265 536
378 537
6460 538
38 539
2217 540
7121 541
2199 542
6543 543
7370 544
7354 545
6872 546
2009 547
476 548
5220 549
4074 550
6337 551
5854 552
5595 553
5585 554
3404 555
947 556
1253 557
3231 558
98 559
6240 560
7114 561
909 562
686 563
5516 564
6279 565
4037 566
5623 567
487 568
1545 569
4460 570
5567 571
1489 572
5699 573
6727 574
4954 575
6582 576
1253 577
6943 578
6579 579
1946 580
4524 581
2266 582
3156 583
6551 584
4522 585
4717 586
6805 587
3996 588
2222 589
65 590
2388 591
5396 592
4404 593
1084 594
6443 595
7397 596
5836 597
254 598
5100 599
520 600
1053 601
3020 602
3046 603
6398 604
6583 605
6352 606
7049 607
4708 608
4087 609
2523 610
1450 611
2965 612
1636 613
1689 614
1770 615
419 616
7376 617
3390 618
3266 619
416 620
2579 621
489 622
2276 623
5568 624
4501 625
5719 626
6671 627
464 628
6922 629
6456 630
4665 631
5928 632
4978 633
4760 634
5204 635
5155 636
360 637
7151 638
5480 639
2883 640
399 641
4996 642
6248 643
6574 644
191 645
5469 646
4657 647
970 648
4549 649
6629 650
720 651
7307 652
2522 653
3382 654
4928 655
7200 656
3966 657
3225 658
802 659
5016 660
6729 661
3655 662
1036 663
5931 664
2408 665
3198 666
6329 667
3871 668
6154 669
1351 670
6565 671
6031 672
6259 673
6308 674
7290 675
3763 676
947 677
3173 678
2989 679
24 680
7403 681
6558 682
3646 683
7098 684
3800 685
129 686
2088 687
2997 688
4593 689
1880 690
1962 691
2479 692
6445 693
7119 694
4247 695
4044 696
1386 697
3826 698
6348 699
958 700
1611 701
5491 702
2230 703
3894 704
5252 705
1665 706
5836 707
2868 708
6168 709
57 710
2868 711
4752 712
2245 713
1904 714
2850 715
3930 716
1427 717
7027 718
1572 719
2621 720
3778 721
4772 722
6553 723
938 724
3730 725
1387 726
1855 727
6008 728
979 729
6318 730
4451 731
322 732
6486 733
2402 734
6962 735
1902 736
6710 737
4247 738
1125 739
2952 740
5349 741
7141 742
2074 743
4809 744
3359 745
2640 746
4871 747
2316 748
4892 749
