700 600
2959 0
1541 1
2254 2
3959 3
4764 4
3036 5
144 6
6642 7
736 8
3023 9
3915 10
6050 11
4673 12
1292 13
3971 14
1122 15
4929 16
6961 17
5000 18
2046 19
462 20
5139 21
1219 22
3740 23
225 24
1899 25
46 26
4962 27
4201 28
4581 29
5254 30
3673 31
5826 32
4664 33
1001 34
732 35
1558 36
271 37
6344 38
5143 39
3718 40
6365 41
3048 42
6004 43
3866 44
4602 45
1001 46
3862 47
2100 48
5379 49
6426 50
74 51
5954 52
106 53
1388 54
4868 55
2352 56
857 57
3975 58
5653 59
2018 60
1160 61
4861 62
2789 63
6244 64
5355 65
998 66
1837 67
4493 68
4792 69
709 70
4875 71
6094 72
6638 73
5335 74
2940 75
1641 76
6346 77
5925 78
592 79
65 80
5675 81
5041 82
1506 83
6439 84
3489 85
2254 86
6471 87
5482 88
4210 89
262 90
6623 91
6127 92
6133 93
5976 94
4366 95
3125 96
2568 97
5256 98
6758 99
2406 100
1621 101
1889 102
3410 103
2028 104
2477 105
3579 106
894 107
3713 108
6706 109
2705 110
6639 111
1993 112
4961 113
4741 114
2614 115
6522 116
1108 117
121 118
6515 119
1425 120
2265 121
1101 122
57 123
5983 124
1289 125
5405 126
1796 127
2328 128
4418 129
6807 130
178 131
3895 132
73 133
786 134
2642 135
962 136
6773 137
2269 138
4675 139
2140 140
1679 141
5076 142
3444 143
2794 144
1049 145
2611 146
611 147
3269 148
5641 149
4124 150
5488 151
3288 152
14 153
4340 154
1976 155
6653 156
4490 157
139 158
4362 159
5671 160
4717 161
1161 162
202 163
748 164
4059 165
6062 166
2869 167
3963 168
3715 169
5359 170
2278 171
6407 172
1200 173
3570 174
6909 175
2513 176
4667 177
4385 178
4658 179
4007 180
6722 181
6371 182
4411 183
6050 184
1102 185
6916 186
1218 187
879 188
5852 189
3067 190
5985 191
1765 192
1621 193
1857 194
5423 195
1610 196
2614 197
554 198
1346 199
3530 200
1817 201
5333 202
2291 203
3422 204
645 205
3444 206
3554 207
3268 208
1587 209
4616 210
2127 211
1173 212
5131 213
5856 214
2084 215
3876 216
3422 217
2194 218
153 219
764 220
713 221
6372 222
303 223
2543 224
6554 225
2324 226
6442 227
6200 228
2301 229
6869 230
1588 231
3195 232
2715 233
3610 234
4358 235
44 236
5037 237
2928 238
1703 239
3667 240
4065 241
5467 242
1784 243
3995 244
177 245
106 246
3803 247
2508 248
197 249
4387 250
6722 251
1861 252
2975 253
4021 254
731 255
5294 256
1159 257
3027 258
4732 259
5072 260
6706 261
6289 262
5708 263
1658 264
239 265
4289 266
2857 267
3813 268
2446 269
6469 270
5193 271
176 272
272 273
1945 274
3836 275
2612 276
5818 277
138 278
6947 279
1413 280
5420 281
6468 282
1037 283
5122 284
1633 285
4382 286
3204 287
3692 288
4290 289
6863 290
5511 291
3728 292
1791 293
1655 294
4410 295
2356 296
2927 297
299 298
2690 299
5815 300
5276 301
6935 302
4908 303
3864 304
6084 305
2410 306
1120 307
5674 308
6775 309
3999 310
393 311
976 312
5027 313
5678 314
3175 315
3678 316
1088 317
207 318
6646 319
1507 320
2598 321
6102 322
1381 323
6766 324
6477 325
182 326
5061 327
2158 328
2475 329
2179 330
613 331
5544 332
2797 333
275 334
4446 335
769 336
5673 337
3730 338
802 339
2559 340
4299 341
6390 342
4067 343
5099 344
2585 345
23 346
5498 347
5020 348
4321 349
1122 350
1183 351
5356 352
694 353
4941 354
4504 355
3085 356
2036 357
2184 358
5649 359
2085 360
2391 361
679 362
1588 363
2194 364
6461 365
2790 366
1377 367
3151 368
6121 369
5156 370
1040 371
5501 372
6017 373
3681 374
4876 375
1871 376
1814 377
74 378
1591 379
4885 380
4796 381
6059 382
4652 383
4716 384
5309 385
2472 386
2662 387
3917 388
384 389
2994 390
898 391
3825 392
6022 393
3816 394
1129 395
6549 396
213 397
2296 398
4727 399
6744 400
5867 401
3158 402
3945 403
6325 404
5678 405
4654 406
2910 407
3331 408
6533 409
5628 410
3531 411
100 412
3437 413
3550 414
323 415
2727 416
6600 417
3789 418
4141 419
2370 420
591 421
1517 422
1388 423
6097 424
2903 425
5291 426
5063 427
6143 428
6735 429
547 430
1487 431
6960 432
1410 433
1890 434
6488 435
5573 436
6398 437
5403 438
5174 439
885 440
6214 441
1095 442
3067 443
2341 444
3702 445
2008 446
377 447
493 448
1793 449
3536 450
1505 451
3124 452
407 453
5523 454
2186 455
1524 456
3257 457
6733 458
2856 459
6919 460
3199 461
4911 462
1325 463
3818 464
3559 465
1070 466
65 467
87 468
4676 469
1031 470
5843 471
3067 472
1794 473
2344 474
5330 475
5123 476
2652 477
1037 478
1877 479
1009 480
4409 481
3005 482
6715 483
6692 484
3127 485
6610 486
555 487
2435 488
5824 489
2392 490
836 491
579 492
684 493
4763 494
3407 495
745 496
3087 497
94 498
5041 499
4484 500
4478 501
1913 502
5899 503
3736 504
4141 505
6219 506
3191 507
5085 508
4212 509
3607 510
4053 511
5823 512
4574 513
3432 514
283 515
3573 516
260 517
3705 518
518 519
5460 520
531 521
2357 522
6510 523
6464 524
3086 525
1301 526
121 527
875 528
4095 529
4005 530
5705 531
3727 532
4964 533
6582 534
6114 535
4004 536
5376 537
902 538
108 539
102 540
4217 541
822 542
2240 543
3921 544
2937 545
90 546
3193 547
2893 548
6657 549
6719 550
3061 551
4375 552
5403 553
6798 554
6697 555
5123 556
4927 557
6132 558
6542 559
5508 560
858 561
6732 562
5182 563
2120 564
2761 565
4723 566
1165 567
3051 568
269 569
4834 570
3709 571
6103 572
1030 573
4482 574
1978 575
5489 576
5187 577
5312 578
692 579
12 580
2609 581
6795 582
3895 583
5917 584
4330 585
3430 586
2735 587
2150 588
1569 589
6613 590
26 591
5762 592
5893 593
2871 594
865 595
4393 596
5433 597
5574 598
6383 599
5837 600
5911 601
2753 602
1239 603
5136 604
1024 605
4720 606
2960 607
1568 608
1078 609
6018 610
6124 611
529 612
4916 613
1130 614
2910 615
3190 616
3037 617
1682 618
6191 619
1084 620
1606 621
206 622
1239 623
4474 624
583 625
2187 626
1138 627
4595 628
5109 629
1569 630
1309 631
5506 632
3675 633
2458 634
4026 635
151 636
6158 637
928 638
791 639
3110 640
5958 641
3875 642
3328 643
5313 644
1753 645
5351 646
4029 647
2104 648
3435 649
1078 650
6585 651
5923 652
335 653
2817 654
2913 655
2937 656
81 657
1049 658
2556 659
6201 660
416 661
2032 662
6115 663
1492 664
2091 665
252 666
919 667
5290 668
1589 669
6153 670
5859 671
165 672
5067 673
4002 674
1557 675
1309 676
5024 677
2471 678
322 679
2548 680
850 681
59 682
3086 683
996 684
3321 685
4228 686
2908 687
1474 688
535 689
646 690
6864 691
1484 692
1118 693
1602 694
6426 695
861 696
5041 697
4681 698
547 699
