750 1400
6313 0
2392 1
3547 2
546 3
848 4
246 5
2944 6
241 7
3958 8
754 9
3348 10
4159 11
3685 12
7087 13
6734 14
1247 15
6342 16
7112 17
6670 18
4096 19
3794 20
7093 21
1196 22
1876 23
237 24
1125 25
4961 26
2248 27
3707 28
3826 29
6827 30
815 31
2375 32
1168 33
2670 34
3135 35
5102 36
5229 37
4621 38
1383 39
5315 40
6368 41
664 42
3303 43
6564 44
1319 45
5866 46
4863 47
726 48
6543 49
2010 50
3580 51
972 52
950 53
1533 54
6001 55
5268 56
4312 57
7145 58
839 59
1504 60
5975 61
4699 62
7192 63
2681 64
5489 65
4072 66
1049 67
4643 68
6030 69
5532 70
735 71
5214 72
5465 73
6991 74
2009 75
3270 76
7373 77
526 78
536 79
2474 80
3921 81
1060 82
1101 83
4308 84
3240 85
1591 86
747 87
1648 88
3820 89
2520 90
4836 91
3935 92
6825 93
1021 94
4230 95
6989 96
3450 97
1339 98
4852 99
2217 100
699 101
4092 102
5741 103
4327 104
6251 105
4952 106
3053 107
277 108
1219 109
3696 110
3105 111
1702 112
2037 113
2180 114
5580 115
238 116
5839 117
1643 118
4227 119
2953 120
3687 121
5962 122
4471 123
3104 124
1057 125
6485 126
1789 127
2149 128
409 129
866 130
1570 131
7402 132
2328 133
1223 134
289 135
6257 136
6731 137
40 138
3800 139
5042 140
130 141
4873 142
2153 143
2676 144
7040 145
6123 146
172 147
6060 148
5072 149
5434 150
2235 151
281 152
4938 153
981 154
5578 155
3716 156
7308 157
3853 158
5003 159
6858 160
1954 161
782 162
153 163
6225 164
1535 165
6829 166
7401 167
640 168
1619 169
344 170
3103 171
1689 172
511 173
3569 174
6251 175
1180 176
4685 177
6636 178
2378 179
6499 180
6461 181
6095 182
499 183
858 184
6040 185
4573 186
1117 187
7008 188
6314 189
233 190
2214 191
3996 192
5385 193
1327 194
48 195
1182 196
991 197
5312 198
1477 199
3335 200
5656 201
4728 202
1892 203
980 204
2790 205
5689 206
431 207
5202 208
120 209
6675 210
1286 211
414 212
1858 213
2317 214
5796 215
4648 216
5277 217
767 218
3448 219
2555 220
6170 221
4522 222
467 223
2096 224
5864 225
471 226
5615 227
1774 228
6477 229
547 230
4636 231
6333 232
637 233
5477 234
5179 235
2629 236
6111 237
4791 238
5768 239
3919 240
5695 241
6271 242
1444 243
6762 244
6305 245
6401 246
3783 247
6612 248
4242 249
4205 250
812 251
6806 252
7068 253
1803 254
2117 255
910 256
283 257
2576 258
4399 259
5643 260
4449 261
6928 262
6247 263
6 264
2265 265
3170 266
7231 267
2534 268
2283 269
7039 270
4514 271
7244 272
2919 273
1946 274
4368 275
4305 276
6433 277
6831 278
5121 279
1237 280
6880 281
4105 282
52 283
1062 284
6408 285
90 286
7028 287
6030 288
5415 289
2821 290
7383 291
6921 292
2218 293
5203 294
3827 295
2990 296
2623 297
6915 298
6837 299
4297 300
5158 301
6441 302
2147 303
48 304
2907 305
3442 306
2015 307
184 308
4757 309
2627 310
3254 311
389 312
1818 313
3623 314
7367 315
6902 316
5299 317
6062 318
4436 319
3272 320
3859 321
2757 322
4285 323
7419 324
6272 325
5844 326
4015 327
3481 328
5318 329
6581 330
6857 331
3981 332
6949 333
2934 334
1574 335
3738 336
6239 337
3925 338
3674 339
3679 340
4339 341
958 342
3333 343
4596 344
691 345
2000 346
1290 347
351 348
516 349
1457 350
6781 351
2977 352
4736 353
7282 354
6149 355
3399 356
2642 357
253 358
949 359
6009 360
1691 361
4485 362
6199 363
5587 364
780 365
4895 366
3672 367
4101 368
6262 369
1298 370
3155 371
5742 372
5046 373
3390 374
3227 375
423 376
5177 377
2286 378
3580 379
1521 380
3358 381
3552 382
5657 383
871 384
7319 385
4654 386
7150 387
868 388
7399 389
6076 390
4450 391
3942 392
1078 393
3748 394
1332 395
2166 396
7078 397
4765 398
542 399
900 400
3531 401
2926 402
2509 403
1327 404
6769 405
6529 406
361 407
3684 408
590 409
2646 410
1455 411
7243 412
1049 413
4271 414
4676 415
1488 416
803 417
6773 418
3119 419
1758 420
1395 421
5878 422
5182 423
3937 424
5458 425
7491 426
3734 427
1871 428
5970 429
1537 430
634 431
4462 432
170 433
328 434
4188 435
16 436
4184 437
3113 438
1364 439
7130 440
6518 441
1579 442
5361 443
4627 444
6333 445
31 446
4943 447
6705 448
6683 449
6746 450
5825 451
5380 452
6761 453
6219 454
1112 455
4582 456
6488 457
4752 458
6949 459
1642 460
3638 461
5691 462
4940 463
6635 464
452 465
2881 466
3013 467
3878 468
4556 469
5720 470
6876 471
6175 472
921 473
1071 474
4015 475
3647 476
2457 477
151 478
1193 479
877 480
4315 481
6281 482
3714 483
869 484
5417 485
1641 486
3399 487
370 488
4560 489
4553 490
1333 491
1639 492
3383 493
4093 494
5018 495
3100 496
3967 497
6863 498
285 499
1985 500
6884 501
3860 502
3786 503
5530 504
4398 505
1723 506
2142 507
3801 508
3332 509
6488 510
1066 511
5750 512
5465 513
1989 514
2994 515
473 516
784 517
5417 518
3056 519
3493 520
2251 521
2855 522
5168 523
3327 524
1354 525
4919 526
3712 527
1532 528
3767 529
3105 530
7158 531
6821 532
7213 533
3593 534
4892 535
2664 536
4258 537
6206 538
4741 539
6994 540
6743 541
3922 542
5072 543
184 544
3519 545
4259 546
4145 547
564 548
247 549
4940 550
2439 551
1572 552
3479 553
1062 554
1748 555
3489 556
537 557
2001 558
911 559
3170 560
3038 561
3939 562
6894 563
364 564
5264 565
3874 566
6613 567
694 568
3076 569
680 570
1789 571
1467 572
5935 573
7466 574
2613 575
3907 576
1741 577
2976 578
6638 579
3390 580
3558 581
4475 582
364 583
893 584
541 585
2858 586
7119 587
3364 588
5186 589
5955 590
3591 591
2329 592
138 593
6062 594
7444 595
2414 596
5613 597
3583 598
7249 599
6638 600
102 601
529 602
1119 603
4368 604
3516 605
7055 606
7446 607
2901 608
3461 609
5281 610
5561 611
3551 612
775 613
5126 614
5227 615
5175 616
4561 617
1557 618
3373 619
5548 620
7194 621
6417 622
7497 623
4572 624
1626 625
6368 626
6564 627
3172 628
6650 629
7315 630
4660 631
4515 632
4024 633
6739 634
1575 635
1262 636
4720 637
6783 638
5245 639
1957 640
5680 641
3067 642
780 643
3044 644
4891 645
1993 646
3397 647
5034 648
2671 649
671 650
6811 651
5967 652
4900 653
1629 654
2259 655
5235 656
7353 657
4723 658
6153 659
2451 660
6896 661
6523 662
6101 663
5297 664
3653 665
6539 666
4618 667
6838 668
639 669
1633 670
4707 671
7410 672
2567 673
4963 674
7144 675
1697 676
7239 677
1322 678
1674 679
5711 680
7144 681
3014 682
3944 683
4757 684
1967 685
2417 686
3404 687
5304 688
4754 689
3226 690
7060 691
433 692
6653 693
2063 694
1446 695
6631 696
5670 697
5326 698
3797 699
1489 700
7116 701
2437 702
7341 703
6800 704
6463 705
1598 706
5345 707
983 708
3351 709
7324 710
2221 711
5712 712
6379 713
5770 714
2513 715
2824 716
825 717
673 718
441 719
3967 720
2578 721
636 722
414 723
5112 724
5015 725
5874 726
2659 727
4786 728
4673 729
1087 730
677 731
7392 732
5294 733
4745 734
7425 735
6224 736
279 737
6074 738
3785 739
7144 740
159 741
1145 742
295 743
850 744
3410 745
6355 746
4350 747
6961 748
6248 749
