850 1200
7775 0
2871 1
2181 2
1699 3
7004 4
6939 5
5366 6
7165 7
8305 8
3764 9
3380 10
498 11
6500 12
3409 13
7922 14
4579 15
3612 16
6852 17
6491 18
3913 19
2079 20
669 21
270 22
4190 23
4923 24
5214 25
433 26
4048 27
2453 28
841 29
14 30
1800 31
5788 32
5481 33
2582 34
5423 35
1977 36
7566 37
381 38
3065 39
2246 40
2612 41
6677 42
3196 43
4655 44
1359 45
867 46
5808 47
3725 48
2721 49
7032 50
3917 51
3823 52
4124 53
4836 54
7405 55
5246 56
4344 57
656 58
5246 59
5055 60
7706 61
8277 62
2375 63
3901 64
2612 65
8138 66
2821 67
5893 68
4856 69
1630 70
4091 71
34 72
2462 73
6152 74
6831 75
6401 76
1170 77
3211 78
7231 79
6863 80
1066 81
4387 82
5860 83
4191 84
1076 85
7574 86
6122 87
944 88
834 89
892 90
4066 91
8130 92
4817 93
6378 94
4798 95
7214 96
6435 97
8046 98
7672 99
1241 100
7864 101
2877 102
6766 103
1532 104
3817 105
3682 106
1059 107
1257 108
2267 109
6038 110
430 111
126 112
7826 113
2226 114
8139 115
6117 116
1952 117
7370 118
6439 119
1336 120
2 121
1704 122
2090 123
457 124
7111 125
7976 126
7957 127
3849 128
8051 129
4019 130
6561 131
985 132
4697 133
4342 134
1790 135
889 136
1038 137
1440 138
977 139
5619 140
5661 141
2039 142
5800 143
797 144
4714 145
64 146
1292 147
7509 148
506 149
5766 150
4398 151
6980 152
1972 153
4728 154
5037 155
1944 156
6573 157
362 158
5516 159
5564 160
5700 161
3938 162
7115 163
3248 164
2127 165
5242 166
3466 167
955 168
7365 169
3101 170
6160 171
2313 172
7874 173
462 174
6626 175
5452 176
7803 177
2071 178
6302 179
4260 180
5770 181
2700 182
3370 183
4881 184
2640 185
4099 186
2159 187
1532 188
4139 189
2756 190
6425 191
4135 192
6370 193
7020 194
490 195
8481 196
2731 197
503 198
7213 199
2026 200
665 201
810 202
2519 203
3766 204
2983 205
5007 206
5210 207
6255 208
608 209
1787 210
1391 211
1820 212
6299 213
2290 214
2658 215
7161 216
811 217
26 218
3197 219
413 220
8060 221
3565 222
6299 223
7365 224
2472 225
4363 226
1957 227
6850 228
2477 229
929 230
2866 231
4159 232
3559 233
3373 234
5054 235
699 236
4737 237
5442 238
6212 239
5956 240
5080 241
1144 242
6371 243
3320 244
1140 245
3831 246
6820 247
7514 248
4302 249
6995 250
3928 251
976 252
5348 253
8231 254
7144 255
2098 256
6820 257
7360 258
5919 259
3621 260
4906 261
6822 262
7229 263
1573 264
6853 265
3091 266
5199 267
7963 268
6494 269
3862 270
5950 271
921 272
2959 273
2929 274
7347 275
819 276
4562 277
313 278
7697 279
311 280
7842 281
1054 282
997 283
5201 284
1072 285
1044 286
6026 287
1351 288
1745 289
3039 290
4816 291
5775 292
6170 293
3429 294
6864 295
262 296
1941 297
4057 298
8460 299
7520 300
8098 301
1576 302
5801 303
3976 304
7283 305
8284 306
8276 307
2624 308
6493 309
8344 310
1848 311
8055 312
3697 313
3562 314
7589 315
8156 316
5553 317
7932 318
2387 319
3240 320
6881 321
2032 322
1975 323
6318 324
2772 325
3987 326
7694 327
681 328
8120 329
827 330
7755 331
1555 332
4474 333
4186 334
5911 335
4008 336
534 337
8247 338
4046 339
4282 340
1541 341
5558 342
5057 343
3919 344
401 345
6764 346
5156 347
4740 348
7245 349
5526 350
4263 351
6395 352
3812 353
2125 354
1757 355
6601 356
583 357
3654 358
3528 359
1652 360
2962 361
3589 362
4050 363
373 364
3492 365
8056 366
7471 367
2497 368
313 369
6329 370
6741 371
6827 372
6235 373
6446 374
228 375
1580 376
5441 377
1749 378
2844 379
5617 380
5417 381
128 382
5044 383
8270 384
7530 385
7977 386
5074 387
4759 388
5171 389
772 390
6846 391
5514 392
114 393
239 394
1326 395
3055 396
3830 397
2830 398
3055 399
6332 400
480 401
732 402
300 403
1758 404
6212 405
5645 406
6737 407
6536 408
73 409
6022 410
2118 411
4765 412
2395 413
8144 414
1299 415
1429 416
3972 417
2554 418
1293 419
10 420
7791 421
3933 422
3151 423
1796 424
2201 425
5109 426
5762 427
6139 428
287 429
7767 430
5722 431
3702 432
6358 433
7821 434
8492 435
7211 436
7075 437
3823 438
7464 439
2573 440
6666 441
3079 442
6508 443
3618 444
3427 445
6953 446
4221 447
6101 448
1892 449
4838 450
5287 451
8437 452
4434 453
1113 454
5169 455
6233 456
373 457
4554 458
6585 459
2017 460
4178 461
3749 462
5905 463
6315 464
364 465
335 466
4189 467
6909 468
6140 469
4784 470
3317 471
4164 472
3382 473
4367 474
3249 475
7977 476
3509 477
8242 478
5675 479
7360 480
1970 481
3535 482
1129 483
4597 484
7777 485
5618 486
4978 487
6836 488
5709 489
663 490
655 491
8313 492
2407 493
7453 494
8202 495
633 496
3215 497
2777 498
933 499
4948 500
2586 501
7362 502
6751 503
7522 504
2923 505
3317 506
4079 507
5453 508
8077 509
7981 510
6852 511
3716 512
8477 513
4829 514
949 515
7435 516
4403 517
8054 518
6990 519
7534 520
5971 521
5994 522
4470 523
2907 524
214 525
5725 526
4293 527
4791 528
1918 529
414 530
3165 531
2379 532
2032 533
3696 534
4308 535
626 536
616 537
6929 538
146 539
7547 540
4156 541
4689 542
2582 543
8485 544
6539 545
2817 546
241 547
6168 548
1500 549
294 550
383 551
2072 552
7772 553
5833 554
4743 555
7948 556
1863 557
5721 558
3345 559
3775 560
2141 561
3815 562
4952 563
2019 564
2309 565
8080 566
5932 567
4939 568
5759 569
4566 570
6737 571
2273 572
4724 573
6236 574
8038 575
2003 576
6749 577
5045 578
6075 579
6169 580
5750 581
8229 582
7839 583
6500 584
7282 585
4742 586
3427 587
2691 588
1177 589
771 590
2280 591
1754 592
3280 593
6091 594
8150 595
3050 596
4083 597
824 598
6840 599
2912 600
3797 601
4831 602
1869 603
8046 604
3611 605
8321 606
6967 607
1631 608
2650 609
2086 610
7115 611
7118 612
5611 613
8394 614
163 615
2261 616
7423 617
1015 618
6094 619
951 620
900 621
723 622
4655 623
5181 624
3197 625
8019 626
2795 627
933 628
5473 629
889 630
8454 631
1655 632
5386 633
3105 634
963 635
2143 636
6387 637
1118 638
1552 639
4906 640
7878 641
1066 642
8192 643
5266 644
2115 645
5422 646
6212 647
7343 648
3390 649
2656 650
8377 651
343 652
7044 653
334 654
2170 655
5178 656
6412 657
2067 658
6666 659
3473 660
2404 661
3402 662
6772 663
2299 664
3209 665
3918 666
2653 667
4054 668
112 669
533 670
427 671
94 672
3144 673
5269 674
5024 675
3852 676
2129 677
435 678
2962 679
1888 680
8052 681
2324 682
8339 683
6031 684
2381 685
2247 686
6479 687
6729 688
7555 689
5413 690
7382 691
4752 692
2673 693
756 694
5259 695
6224 696
7676 697
8186 698
760 699
3943 700
3560 701
4284 702
2362 703
4274 704
955 705
2164 706
1251 707
6529 708
5293 709
3940 710
978 711
6590 712
4622 713
4729 714
3675 715
2956 716
2050 717
5569 718
3924 719
4251 720
7170 721
5094 722
7796 723
1563 724
3179 725
6115 726
1964 727
3840 728
3442 729
3552 730
6544 731
125 732
90 733
2416 734
6963 735
6578 736
627 737
1982 738
5294 739
8391 740
1001 741
316 742
6702 743
6277 744
4270 745
6527 746
5585 747
7249 748
4347 749
3194 750
5609 751
428 752
3409 753
4372 754
8103 755
3231 756
8099 757
8428 758
5479 759
3762 760
699 761
4620 762
6611 763
2826 764
7050 765
1910 766
1227 767
8187 768
1629 769
5091 770
8325 771
2210 772
8095 773
5624 774
7010 775
4900 776
778 777
5606 778
257 779
854 780
1912 781
716 782
3213 783
3923 784
4446 785
8026 786
8243 787
2850 788
6973 789
2076 790
480 791
4561 792
6905 793
8357 794
1895 795
7866 796
4038 797
1453 798
6436 799
8251 800
4156 801
1060 802
5164 803
1578 804
179 805
2790 806
6124 807
8477 808
477 809
7701 810
8292 811
869 812
1493 813
1894 814
1000 815
5114 816
364 817
3482 818
5534 819
830 820
1909 821
7713 822
8411 823
7558 824
7717 825
7141 826
39 827
5612 828
7936 829
4575 830
7249 831
435 832
2229 833
3526 834
6252 835
7134 836
3375 837
7081 838
2031 839
7371 840
7358 841
682 842
3533 843
8043 844
1978 845
5692 846
6529 847
8255 848
2730 849
