850 1300
1976 0
5425 1
101 2
5317 3
1406 4
4504 5
3886 6
4664 7
5123 8
2446 9
6749 10
5615 11
184 12
2831 13
8102 14
1491 15
2201 16
6128 17
5640 18
6917 19
1086 20
8078 21
7108 22
2037 23
7727 24
1622 25
6840 26
2793 27
5738 28
6767 29
6847 30
4858 31
8263 32
3461 33
1675 34
6803 35
4791 36
2355 37
7404 38
3533 39
8105 40
5939 41
3594 42
7080 43
6052 44
4042 45
4604 46
5656 47
7641 48
8407 49
6408 50
6935 51
1183 52
3308 53
4217 54
1410 55
5083 56
89 57
5213 58
6859 59
8264 60
7122 61
6442 62
802 63
2058 64
2576 65
4074 66
2649 67
5709 68
1396 69
3585 70
496 71
5555 72
2614 73
6675 74
5548 75
5564 76
3848 77
4858 78
59 79
8182 80
871 81
56 82
886 83
5809 84
127 85
987 86
4696 87
2496 88
6255 89
2259 90
3699 91
4493 92
5546 93
8076 94
6859 95
1539 96
3420 97
1742 98
405 99
5723 100
7794 101
3236 102
4035 103
606 104
2264 105
647 106
7837 107
8444 108
2798 109
1676 110
6149 111
957 112
797 113
4900 114
243 115
3161 116
6194 117
6845 118
6878 119
3423 120
395 121
7478 122
8242 123
7605 124
5340 125
1120 126
7590 127
6481 128
3187 129
1816 130
651 131
4038 132
3096 133
6717 134
5456 135
1699 136
3649 137
4857 138
1704 139
2724 140
4449 141
7963 142
739 143
6599 144
2917 145
4115 146
6829 147
8493 148
6928 149
1001 150
1295 151
7569 152
384 153
4558 154
3217 155
7980 156
6511 157
2668 158
8018 159
240 160
3979 161
1089 162
3249 163
6860 164
7276 165
3164 166
5890 167
7699 168
6080 169
7805 170
5137 171
7805 172
996 173
1896 174
1218 175
3055 176
2506 177
1035 178
253 179
5286 180
6715 181
4804 182
673 183
7164 184
4715 185
930 186
3086 187
5171 188
2849 189
5608 190
7277 191
3477 192
5514 193
4749 194
3782 195
249 196
5744 197
6468 198
749 199
2258 200
8478 201
4702 202
6690 203
1466 204
1765 205
1603 206
3826 207
4960 208
2318 209
1953 210
804 211
7013 212
6381 213
865 214
2428 215
5908 216
4197 217
3851 218
7286 219
2342 220
7541 221
3920 222
5929 223
4337 224
5897 225
2620 226
3718 227
5928 228
3446 229
7587 230
8161 231
4480 232
1519 233
6013 234
1594 235
5218 236
4016 237
8205 238
544 239
1730 240
8447 241
2819 242
5750 243
7361 244
2866 245
661 246
3485 247
2527 248
8177 249
4342 250
2983 251
6110 252
4664 253
3137 254
8194 255
296 256
4589 257
4539 258
2498 259
7582 260
8295 261
229 262
6654 263
3132 264
4537 265
6195 266
2357 267
6569 268
7740 269
6228 270
1922 271
8109 272
5127 273
8481 274
965 275
4808 276
1604 277
3741 278
5708 279
6752 280
6400 281
1227 282
2514 283
8461 284
3151 285
7931 286
3236 287
8101 288
2454 289
1245 290
5497 291
6724 292
6153 293
5156 294
2228 295
3291 296
518 297
3480 298
7095 299
1870 300
3728 301
418 302
8210 303
3654 304
8403 305
3458 306
572 307
6954 308
1275 309
3463 310
3212 311
7030 312
4892 313
1818 314
8073 315
4129 316
2422 317
7525 318
8132 319
2139 320
4598 321
2827 322
5719 323
2677 324
2994 325
8268 326
3122 327
3553 328
4446 329
5757 330
4368 331
385 332
6173 333
5461 334
8321 335
1007 336
8368 337
7312 338
91 339
5435 340
1650 341
716 342
7474 343
8191 344
1916 345
5799 346
3749 347
3422 348
6695 349
8372 350
808 351
6412 352
548 353
517 354
2613 355
5702 356
2545 357
1789 358
4157 359
428 360
4375 361
4233 362
6618 363
3947 364
2892 365
6527 366
7314 367
2304 368
1331 369
2364 370
773 371
3154 372
552 373
325 374
2463 375
223 376
4593 377
857 378
1272 379
1031 380
4706 381
976 382
7063 383
200 384
6702 385
3124 386
8295 387
1824 388
2232 389
2688 390
5245 391
1466 392
7442 393
1330 394
7877 395
5339 396
1721 397
6151 398
4704 399
7487 400
7442 401
4810 402
1029 403
6469 404
2609 405
1824 406
3881 407
4262 408
1793 409
1345 410
7705 411
15 412
6364 413
7115 414
405 415
2213 416
1447 417
1353 418
6805 419
2498 420
4395 421
6344 422
119 423
2009 424
5385 425
3643 426
5423 427
6177 428
853 429
7578 430
1932 431
6436 432
7509 433
5154 434
7216 435
6598 436
6688 437
5045 438
3407 439
3698 440
125 441
5424 442
5095 443
6214 444
4739 445
3243 446
4198 447
4809 448
745 449
5059 450
2263 451
6031 452
3814 453
8038 454
390 455
4128 456
2391 457
2728 458
4391 459
3519 460
5132 461
6905 462
5523 463
4107 464
4086 465
5268 466
4181 467
7603 468
4564 469
7257 470
2037 471
2446 472
2917 473
2168 474
3834 475
2249 476
7865 477
4217 478
1295 479
7517 480
4774 481
4212 482
4353 483
1022 484
6598 485
204 486
3969 487
5486 488
6180 489
3238 490
7203 491
7614 492
7452 493
7501 494
1412 495
5302 496
3874 497
2856 498
1286 499
8464 500
7036 501
6722 502
4552 503
1509 504
6532 505
1854 506
2186 507
7225 508
7478 509
2519 510
3919 511
3977 512
6131 513
3694 514
3231 515
5991 516
760 517
1756 518
2716 519
638 520
105 521
2550 522
6668 523
6199 524
3764 525
6574 526
3726 527
2541 528
4027 529
978 530
5143 531
370 532
2120 533
6391 534
7439 535
3263 536
5830 537
5451 538
779 539
8426 540
6622 541
903 542
3752 543
7175 544
967 545
4345 546
3851 547
4713 548
4693 549
4192 550
3165 551
4659 552
1960 553
3636 554
7171 555
158 556
7412 557
3042 558
4912 559
3387 560
1230 561
2900 562
8294 563
3962 564
8430 565
1362 566
6789 567
6852 568
7512 569
1910 570
3181 571
6814 572
5983 573
7775 574
5676 575
4575 576
5880 577
2004 578
7314 579
2072 580
7250 581
3508 582
7685 583
7543 584
3894 585
678 586
5909 587
6737 588
4365 589
2522 590
3106 591
437 592
4229 593
6753 594
4018 595
256 596
2167 597
3196 598
3203 599
1861 600
7187 601
2172 602
596 603
3367 604
2986 605
3499 606
4262 607
3860 608
7832 609
30 610
5853 611
6399 612
111 613
6688 614
1583 615
1677 616
7847 617
4829 618
8266 619
4929 620
2629 621
4766 622
2232 623
2641 624
1618 625
2281 626
4042 627
1922 628
7745 629
4593 630
4202 631
7504 632
5086 633
5420 634
3550 635
6200 636
2517 637
4143 638
7128 639
5551 640
5628 641
5136 642
6087 643
2573 644
960 645
455 646
6274 647
5149 648
873 649
1008 650
8011 651
557 652
1276 653
7335 654
3393 655
4538 656
7604 657
4094 658
540 659
8409 660
6161 661
3002 662
6490 663
7001 664
7866 665
7429 666
7044 667
670 668
4436 669
5771 670
4549 671
6431 672
1988 673
2613 674
6214 675
6828 676
6860 677
1695 678
8101 679
1685 680
4858 681
5846 682
2373 683
262 684
6509 685
1047 686
8275 687
3184 688
5945 689
4581 690
5172 691
127 692
34 693
5271 694
2508 695
2814 696
1330 697
4117 698
910 699
8434 700
8237 701
3247 702
5293 703
4180 704
418 705
6638 706
3761 707
1906 708
534 709
2709 710
1435 711
3460 712
3778 713
5026 714
2258 715
7405 716
6010 717
2343 718
3991 719
2749 720
3135 721
3097 722
7528 723
4502 724
144 725
5999 726
1350 727
6037 728
4817 729
7707 730
460 731
4803 732
4700 733
2693 734
2063 735
6808 736
2250 737
1454 738
1654 739
130 740
7043 741
2149 742
3327 743
2557 744
1927 745
5603 746
6179 747
7194 748
5030 749
997 750
4127 751
5509 752
8473 753
6489 754
4904 755
193 756
1814 757
1618 758
7927 759
1422 760
7956 761
8128 762
5406 763
1643 764
1085 765
5177 766
5705 767
2746 768
3261 769
5996 770
1887 771
6200 772
885 773
4773 774
4708 775
1869 776
3689 777
1959 778
6079 779
3158 780
5507 781
4241 782
774 783
5348 784
3954 785
6658 786
5517 787
1228 788
8196 789
7890 790
3189 791
2633 792
7212 793
2806 794
1739 795
1789 796
289 797
4612 798
2310 799
335 800
2314 801
8224 802
8318 803
1154 804
2943 805
7290 806
2217 807
2355 808
6738 809
8098 810
623 811
6227 812
3807 813
3737 814
6604 815
7900 816
827 817
3101 818
2379 819
419 820
4854 821
443 822
5679 823
2407 824
4597 825
6029 826
8243 827
3916 828
1900 829
4355 830
3848 831
7208 832
2955 833
6115 834
4258 835
211 836
5931 837
4313 838
1186 839
2105 840
7226 841
2806 842
5659 843
8444 844
6664 845
3113 846
3571 847
6622 848
8344 849
