800 850
2495 0
1660 1
2438 2
4663 3
5561 4
6263 5
5053 6
3549 7
392 8
7087 9
1426 10
6686 11
1165 12
1703 13
5077 14
2160 15
2489 16
3327 17
4087 18
5121 19
5878 20
6740 21
87 22
3611 23
5641 24
5665 25
2019 26
1979 27
3921 28
621 29
4865 30
6900 31
889 32
5738 33
7749 34
7038 35
1639 36
4096 37
4248 38
3539 39
7078 40
397 41
886 42
3100 43
846 44
3110 45
1338 46
6753 47
566 48
6557 49
3719 50
1153 51
1612 52
6267 53
5739 54
691 55
2359 56
3358 57
1093 58
1345 59
1026 60
1853 61
276 62
4600 63
5696 64
5205 65
4234 66
7245 67
3485 68
1110 69
3166 70
2903 71
2598 72
2662 73
2476 74
4734 75
4136 76
7838 77
4766 78
6566 79
6940 80
449 81
4484 82
6586 83
5922 84
5659 85
5950 86
7905 87
700 88
3340 89
255 90
6168 91
6142 92
4081 93
3341 94
7864 95
4488 96
5105 97
2721 98
364 99
5011 100
7161 101
4721 102
7239 103
7340 104
6982 105
7892 106
1883 107
4898 108
2917 109
6102 110
2651 111
7715 112
5361 113
5026 114
2579 115
411 116
5948 117
6633 118
5208 119
7568 120
1013 121
325 122
5579 123
3399 124
533 125
7713 126
4975 127
4299 128
3552 129
6653 130
4156 131
397 132
4685 133
1955 134
2227 135
7780 136
6875 137
5020 138
139 139
7577 140
7424 141
3471 142
2144 143
2224 144
760 145
5913 146
2168 147
3130 148
5821 149
675 150
7577 151
482 152
4283 153
7203 154
2918 155
1293 156
3961 157
3336 158
7045 159
4634 160
6751 161
4368 162
6713 163
2388 164
6033 165
3886 166
4751 167
5194 168
889 169
3925 170
2163 171
7932 172
3554 173
3783 174
2932 175
1346 176
5966 177
3649 178
2462 179
3340 180
5290 181
2434 182
4407 183
7491 184
5966 185
4434 186
3205 187
5223 188
1420 189
337 190
7678 191
6001 192
3523 193
6076 194
4427 195
2997 196
5049 197
5761 198
466 199
7317 200
4463 201
7116 202
7209 203
1479 204
5188 205
4257 206
877 207
2845 208
171 209
5175 210
5962 211
881 212
139 213
719 214
3262 215
1383 216
5403 217
6904 218
3433 219
3579 220
3071 221
4170 222
4447 223
1070 224
5676 225
823 226
1749 227
5327 228
7843 229
3592 230
1718 231
1160 232
2276 233
1328 234
4640 235
26 236
5231 237
1241 238
3450 239
3017 240
1990 241
2808 242
7229 243
7580 244
7399 245
2783 246
1650 247
6408 248
5461 249
4753 250
783 251
5472 252
5434 253
4509 254
235 255
7632 256
4334 257
3617 258
3435 259
2570 260
4406 261
4137 262
81 263
960 264
2292 265
267 266
7423 267
2565 268
7226 269
4674 270
3558 271
2318 272
5965 273
2876 274
5572 275
5603 276
1448 277
6342 278
3722 279
87 280
1336 281
2729 282
6637 283
636 284
4992 285
1355 286
4449 287
4612 288
6568 289
5596 290
597 291
578 292
81 293
370 294
3382 295
4698 296
5301 297
3436 298
5136 299
6825 300
6934 301
5324 302
5269 303
7238 304
6055 305
3279 306
7701 307
4372 308
4121 309
7524 310
16 311
1381 312
5396 313
2870 314
7751 315
909 316
5774 317
4575 318
827 319
372 320
3998 321
1045 322
692 323
2028 324
2427 325
5464 326
1860 327
526 328
4770 329
3035 330
2914 331
4589 332
2819 333
1123 334
297 335
2144 336
6418 337
1422 338
5655 339
2795 340
163 341
4012 342
959 343
81 344
2718 345
5744 346
448 347
7925 348
6163 349
5316 350
4559 351
4642 352
3707 353
4239 354
1953 355
7424 356
2901 357
960 358
6025 359
131 360
6019 361
606 362
7747 363
7004 364
5818 365
438 366
6977 367
6322 368
226 369
2496 370
241 371
3583 372
1617 373
5682 374
1133 375
2723 376
5133 377
7924 378
2643 379
414 380
7202 381
6111 382
5132 383
324 384
2647 385
3349 386
6576 387
5407 388
7872 389
3868 390
2275 391
4653 392
5463 393
3965 394
6964 395
907 396
849 397
5469 398
1038 399
6822 400
868 401
6072 402
948 403
7822 404
1983 405
5055 406
2083 407
3903 408
3040 409
561 410
5804 411
5008 412
4472 413
2987 414
349 415
7508 416
320 417
3864 418
5485 419
5472 420
3462 421
7522 422
6878 423
3061 424
664 425
1759 426
3101 427
6579 428
1885 429
2588 430
3582 431
2825 432
7352 433
4491 434
5750 435
150 436
4569 437
2419 438
5815 439
6795 440
5913 441
7233 442
4988 443
4663 444
6899 445
7098 446
4038 447
4953 448
5535 449
3201 450
5415 451
726 452
6454 453
3995 454
31 455
6250 456
7656 457
2642 458
3654 459
610 460
4763 461
2647 462
4484 463
872 464
2026 465
4095 466
5341 467
2132 468
6950 469
3272 470
5257 471
3710 472
277 473
1373 474
4438 475
2665 476
1656 477
2961 478
7604 479
2116 480
726 481
5985 482
2 483
7751 484
7848 485
7152 486
211 487
6948 488
3067 489
1232 490
6941 491
422 492
5273 493
5671 494
3109 495
247 496
1258 497
4026 498
6502 499
3591 500
7421 501
2798 502
3055 503
2921 504
2111 505
6803 506
4439 507
3044 508
7510 509
6818 510
7205 511
4390 512
2670 513
847 514
278 515
1693 516
6139 517
1356 518
4133 519
6715 520
1655 521
6781 522
251 523
4523 524
2941 525
6808 526
1471 527
5159 528
891 529
6386 530
4862 531
5449 532
2429 533
393 534
4063 535
5583 536
1957 537
6810 538
4075 539
5999 540
6623 541
3232 542
7333 543
143 544
3684 545
6762 546
7670 547
697 548
7025 549
1543 550
1133 551
5246 552
2489 553
2910 554
1215 555
6218 556
3916 557
310 558
4909 559
1826 560
741 561
4910 562
7947 563
3046 564
6954 565
5926 566
34 567
1001 568
7373 569
1882 570
6200 571
581 572
4513 573
6224 574
5047 575
5476 576
2243 577
4187 578
5874 579
6508 580
5625 581
4897 582
4193 583
3687 584
6607 585
1452 586
6393 587
3204 588
3218 589
6517 590
619 591
3454 592
3390 593
7508 594
3951 595
2855 596
2594 597
7417 598
2235 599
1961 600
4066 601
570 602
3941 603
3434 604
4510 605
7330 606
2205 607
4105 608
2866 609
6902 610
2859 611
359 612
855 613
7845 614
527 615
229 616
4663 617
7350 618
3891 619
1255 620
7413 621
6678 622
6502 623
2689 624
5797 625
6836 626
4465 627
7834 628
6411 629
2697 630
5823 631
463 632
2515 633
6297 634
6542 635
7957 636
2349 637
5726 638
2083 639
2561 640
5011 641
7669 642
7931 643
5648 644
2277 645
1848 646
4573 647
6931 648
865 649
4454 650
22 651
2883 652
286 653
4711 654
7626 655
546 656
4964 657
3702 658
4427 659
321 660
4323 661
2674 662
7019 663
7135 664
1976 665
4484 666
2807 667
1329 668
4583 669
5158 670
2774 671
6825 672
1907 673
260 674
2859 675
2121 676
4499 677
4592 678
4529 679
4694 680
1177 681
7361 682
5174 683
3530 684
1632 685
5740 686
6107 687
4550 688
7270 689
2138 690
6042 691
7405 692
6429 693
4803 694
7982 695
7935 696
5872 697
4944 698
4053 699
898 700
1112 701
988 702
6600 703
6190 704
1234 705
7160 706
1077 707
6508 708
1657 709
4463 710
7571 711
5478 712
1006 713
2776 714
1292 715
6356 716
5403 717
2914 718
5897 719
6424 720
1740 721
1207 722
4455 723
652 724
1150 725
2114 726
6462 727
7351 728
1013 729
2239 730
1992 731
3564 732
1042 733
2210 734
4857 735
4785 736
1520 737
762 738
2252 739
4662 740
7114 741
5224 742
6625 743
1538 744
4319 745
5639 746
5248 747
4166 748
6426 749
2864 750
588 751
7750 752
5316 753
2542 754
5779 755
4883 756
6197 757
854 758
6987 759
7721 760
3620 761
7998 762
4616 763
121 764
5870 765
7787 766
6937 767
2784 768
3191 769
4109 770
7846 771
1022 772
362 773
1248 774
5829 775
4772 776
1987 777
6042 778
4450 779
5011 780
4584 781
7811 782
2889 783
6721 784
5705 785
2716 786
7282 787
3880 788
4879 789
6076 790
4775 791
4252 792
7030 793
4259 794
7785 795
4165 796
7150 797
2143 798
4511 799
