800 750
7336 0
7776 1
575 2
6881 3
6200 4
7149 5
2423 6
7129 7
3002 8
3071 9
5121 10
1405 11
2436 12
5417 13
1541 14
5419 15
7197 16
6017 17
1187 18
7280 19
5010 20
6281 21
456 22
6779 23
6293 24
4518 25
4139 26
7562 27
1148 28
7563 29
2328 30
3311 31
988 32
892 33
4888 34
1308 35
1374 36
2103 37
7597 38
607 39
5568 40
5357 41
2449 42
480 43
2730 44
3800 45
7873 46
288 47
4958 48
111 49
3107 50
3175 51
1506 52
4348 53
1678 54
7055 55
2408 56
4092 57
1531 58
2192 59
2261 60
6418 61
4639 62
322 63
4412 64
6950 65
1072 66
7601 67
3429 68
7505 69
7842 70
343 71
3602 72
6391 73
3675 74
668 75
1898 76
5844 77
5568 78
5763 79
473 80
7173 81
2049 82
2628 83
5932 84
7190 85
963 86
6883 87
3489 88
7843 89
3914 90
5500 91
5660 92
3039 93
304 94
6926 95
6224 96
4609 97
1611 98
7300 99
5139 100
2303 101
637 102
4683 103
6898 104
2856 105
5756 106
6698 107
5796 108
195 109
3376 110
6705 111
3273 112
1465 113
2847 114
2583 115
5793 116
1677 117
7249 118
2268 119
7329 120
5209 121
4874 122
6657 123
2558 124
4333 125
4152 126
5548 127
1217 128
1037 129
661 130
851 131
3160 132
6550 133
1023 134
5555 135
3286 136
7055 137
3168 138
3784 139
4313 140
4663 141
1629 142
4946 143
673 144
123 145
7600 146
439 147
7888 148
4655 149
685 150
3042 151
4546 152
2011 153
3832 154
7112 155
558 156
7169 157
244 158
4916 159
1495 160
3529 161
6668 162
3106 163
4653 164
2196 165
269 166
6532 167
6569 168
90 169
1962 170
5168 171
6951 172
4200 173
4211 174
1383 175
6868 176
4456 177
7663 178
7618 179
7377 180
5807 181
3150 182
1262 183
9 184
1079 185
5590 186
3817 187
3634 188
5658 189
7034 190
1522 191
4665 192
2192 193
1941 194
6869 195
5933 196
5902 197
3107 198
6065 199
4247 200
6729 201
4146 202
2121 203
6656 204
2160 205
3665 206
7423 207
6177 208
903 209
2351 210
3649 211
666 212
116 213
1509 214
867 215
4907 216
3330 217
6019 218
3769 219
2347 220
3475 221
714 222
1613 223
4572 224
4504 225
3042 226
1666 227
4724 228
2392 229
840 230
5533 231
4138 232
7731 233
5738 234
2507 235
2165 236
6175 237
6293 238
3079 239
7788 240
7403 241
3078 242
962 243
3050 244
5892 245
1935 246
6387 247
973 248
7668 249
705 250
128 251
7154 252
341 253
2861 254
1406 255
4224 256
3976 257
1255 258
2317 259
5062 260
7627 261
4229 262
6639 263
704 264
5750 265
3104 266
856 267
538 268
5025 269
6337 270
5040 271
925 272
4819 273
4865 274
4535 275
88 276
2857 277
5012 278
2617 279
5149 280
2972 281
6851 282
321 283
4487 284
622 285
5603 286
5965 287
4547 288
3583 289
4654 290
4581 291
7572 292
6518 293
1828 294
7378 295
5917 296
1884 297
4027 298
5289 299
6071 300
6574 301
3158 302
3802 303
5391 304
55 305
5650 306
5990 307
5570 308
7431 309
5722 310
2742 311
5033 312
2007 313
4618 314
1538 315
7850 316
1190 317
2512 318
3870 319
4548 320
3059 321
6475 322
2347 323
5021 324
5686 325
2014 326
5656 327
5404 328
6868 329
5315 330
929 331
935 332
5213 333
7500 334
4000 335
1890 336
3963 337
4267 338
6538 339
5593 340
2564 341
4452 342
70 343
7210 344
5745 345
6631 346
5221 347
1711 348
6502 349
4845 350
2610 351
4247 352
7986 353
4382 354
4525 355
7497 356
345 357
895 358
6971 359
3386 360
6489 361
1113 362
5742 363
7453 364
6915 365
3466 366
7232 367
6104 368
516 369
6048 370
2951 371
1412 372
6281 373
988 374
3048 375
7558 376
2311 377
7232 378
5886 379
1597 380
7831 381
730 382
6934 383
7759 384
2895 385
6655 386
5597 387
6433 388
3738 389
850 390
5224 391
4666 392
7982 393
2008 394
6820 395
1608 396
468 397
3628 398
3474 399
3195 400
5675 401
6573 402
7446 403
52 404
7454 405
5336 406
104 407
6696 408
7898 409
7916 410
234 411
2296 412
7672 413
2415 414
6958 415
6887 416
2525 417
4063 418
5948 419
7880 420
6756 421
7860 422
4581 423
2903 424
4164 425
3062 426
1596 427
1832 428
4170 429
4981 430
795 431
3553 432
2827 433
4229 434
6464 435
5943 436
1377 437
2019 438
4802 439
7661 440
5571 441
3953 442
4428 443
6312 444
6773 445
553 446
23 447
4960 448
4383 449
7345 450
7522 451
6632 452
4358 453
2640 454
6581 455
4842 456
821 457
5502 458
5151 459
1371 460
4469 461
6492 462
2909 463
3509 464
2057 465
6336 466
4709 467
7078 468
1634 469
3134 470
5638 471
5747 472
2569 473
6264 474
2876 475
5363 476
1949 477
1628 478
2727 479
1853 480
2014 481
3681 482
1221 483
7254 484
2129 485
3671 486
4207 487
7532 488
6410 489
1632 490
1235 491
5115 492
4584 493
1161 494
2866 495
5921 496
6651 497
1277 498
1281 499
5883 500
3312 501
6800 502
4554 503
3213 504
4485 505
6904 506
6563 507
5515 508
5512 509
7438 510
2794 511
7890 512
4144 513
6878 514
4944 515
7880 516
3697 517
457 518
4591 519
6001 520
6994 521
2135 522
3637 523
3346 524
1395 525
4698 526
1033 527
942 528
5387 529
4549 530
6138 531
6149 532
738 533
4083 534
2984 535
5212 536
616 537
2532 538
735 539
6590 540
714 541
4322 542
3413 543
160 544
1897 545
4556 546
949 547
4006 548
5908 549
189 550
7507 551
837 552
4359 553
1847 554
4220 555
6569 556
6839 557
2719 558
1684 559
6597 560
7226 561
4659 562
1375 563
2052 564
2552 565
6281 566
352 567
1167 568
7372 569
1350 570
2561 571
7440 572
3691 573
169 574
6676 575
523 576
1154 577
3565 578
2554 579
2404 580
1137 581
5756 582
4994 583
5854 584
5679 585
1535 586
2929 587
2550 588
6666 589
3327 590
5538 591
5317 592
4118 593
3369 594
2303 595
4182 596
4791 597
5252 598
6090 599
5242 600
5129 601
3775 602
877 603
6863 604
7829 605
1427 606
4339 607
4067 608
5085 609
4407 610
5371 611
851 612
1668 613
4179 614
6920 615
6465 616
1843 617
7707 618
4078 619
4213 620
7177 621
6721 622
97 623
7555 624
6190 625
5209 626
534 627
4053 628
344 629
541 630
7057 631
7693 632
5007 633
7529 634
65 635
6 636
4359 637
260 638
5525 639
5336 640
6791 641
6186 642
1605 643
905 644
2751 645
5956 646
6209 647
948 648
1585 649
1442 650
729 651
1092 652
3661 653
1750 654
2738 655
5901 656
1785 657
6803 658
2549 659
2860 660
1284 661
4140 662
1157 663
1242 664
3982 665
4870 666
5769 667
3766 668
1726 669
5969 670
875 671
311 672
4618 673
7072 674
7296 675
7067 676
5993 677
5813 678
6816 679
941 680
3186 681
2756 682
2798 683
5945 684
3655 685
4522 686
6521 687
2096 688
3283 689
6547 690
7683 691
3055 692
4836 693
1064 694
6504 695
6628 696
3353 697
3859 698
3995 699
4991 700
1315 701
2913 702
6028 703
1124 704
3206 705
7747 706
3254 707
1851 708
431 709
1247 710
7892 711
76 712
1635 713
2143 714
5385 715
7058 716
404 717
3113 718
5736 719
6030 720
4311 721
2917 722
1333 723
3252 724
3942 725
5218 726
4708 727
4793 728
4318 729
2106 730
4617 731
2733 732
3140 733
7084 734
1458 735
1918 736
5923 737
7493 738
2375 739
5745 740
2121 741
5904 742
2102 743
6384 744
2784 745
5055 746
1357 747
202 748
1232 749
429 750
5624 751
4200 752
1752 753
3587 754
3238 755
4819 756
2388 757
5597 758
6093 759
7910 760
6187 761
2725 762
5995 763
2293 764
3514 765
3479 766
7129 767
7863 768
5566 769
4013 770
1692 771
3961 772
254 773
2485 774
1270 775
3767 776
2881 777
3866 778
7430 779
5540 780
5437 781
5783 782
3678 783
4969 784
2580 785
3519 786
18 787
750 788
1750 789
5147 790
2016 791
2949 792
6091 793
1858 794
119 795
3939 796
6206 797
6965 798
5324 799
