850 450
7529 0
3134 1
940 2
3582 3
1262 4
615 5
3300 6
13 7
1094 8
7146 9
4930 10
5435 11
1366 12
2496 13
791 14
1867 15
3531 16
8238 17
8472 18
1807 19
5364 20
6109 21
4593 22
7127 23
7374 24
3502 25
1971 26
3778 27
8065 28
8487 29
4309 30
5182 31
7518 32
3882 33
527 34
4518 35
3177 36
6119 37
1954 38
1611 39
6375 40
7234 41
7260 42
4188 43
3047 44
4484 45
615 46
624 47
4720 48
2135 49
7947 50
6691 51
2123 52
8281 53
688 54
312 55
4374 56
231 57
6667 58
2983 59
2573 60
891 61
7591 62
3898 63
2186 64
592 65
3443 66
7798 67
6673 68
1129 69
2366 70
6544 71
3666 72
3251 73
6621 74
8386 75
1418 76
4562 77
5830 78
5834 79
7921 80
6809 81
1646 82
3720 83
6988 84
2375 85
2389 86
1482 87
3244 88
7841 89
105 90
5421 91
7027 92
1269 93
3212 94
5915 95
4619 96
7393 97
1144 98
8281 99
7028 100
5136 101
7573 102
1326 103
6099 104
5103 105
5487 106
8127 107
5071 108
1281 109
2255 110
5044 111
7284 112
6023 113
8338 114
8118 115
7769 116
913 117
4985 118
819 119
935 120
8070 121
3443 122
3368 123
1972 124
1550 125
442 126
807 127
1628 128
3656 129
3390 130
4047 131
631 132
5978 133
6199 134
4990 135
2044 136
173 137
6463 138
6582 139
712 140
5990 141
4898 142
6759 143
3211 144
1334 145
1544 146
1503 147
5428 148
2022 149
1283 150
5338 151
107 152
796 153
572 154
1916 155
2540 156
3133 157
2113 158
5902 159
7341 160
4501 161
6702 162
6745 163
350 164
1075 165
4833 166
3062 167
3475 168
5779 169
613 170
3281 171
3108 172
6104 173
3399 174
5586 175
1568 176
433 177
6238 178
7030 179
4787 180
335 181
7006 182
1599 183
5005 184
3931 185
8349 186
7806 187
2979 188
4211 189
6369 190
247 191
6735 192
1639 193
2350 194
3925 195
3989 196
3089 197
6537 198
3514 199
7597 200
3849 201
6536 202
1774 203
7116 204
3197 205
6158 206
8045 207
5799 208
2104 209
7097 210
7255 211
2900 212
4840 213
3081 214
6012 215
5075 216
688 217
8289 218
2609 219
4762 220
52 221
7355 222
476 223
3424 224
4413 225
1188 226
894 227
786 228
4497 229
7905 230
1158 231
8214 232
6542 233
2754 234
2122 235
6951 236
4545 237
434 238
7640 239
5868 240
1634 241
7172 242
4370 243
357 244
4505 245
3721 246
5420 247
5124 248
1801 249
8133 250
2741 251
1873 252
6340 253
7462 254
2861 255
5165 256
7299 257
949 258
980 259
458 260
4408 261
2760 262
8485 263
7114 264
7076 265
21 266
8381 267
3363 268
4888 269
1799 270
16 271
7304 272
8485 273
5278 274
5451 275
8479 276
2188 277
254 278
6853 279
5156 280
2269 281
1101 282
807 283
8243 284
1329 285
842 286
7345 287
4962 288
5545 289
8107 290
4906 291
1683 292
1838 293
6889 294
2380 295
2357 296
525 297
3068 298
1137 299
3068 300
6911 301
7351 302
4425 303
4145 304
490 305
8002 306
7894 307
3926 308
3240 309
1178 310
3115 311
1738 312
1393 313
2344 314
4293 315
4765 316
3673 317
8487 318
4318 319
224 320
4386 321
4596 322
643 323
5886 324
1921 325
6963 326
2618 327
456 328
2621 329
5437 330
3663 331
4579 332
7585 333
2264 334
6010 335
4534 336
8440 337
4121 338
4417 339
126 340
8470 341
7525 342
2624 343
8497 344
5138 345
5498 346
5690 347
2843 348
3101 349
8281 350
519 351
7269 352
6888 353
4970 354
3516 355
4490 356
8318 357
4395 358
6719 359
8252 360
2887 361
8263 362
1573 363
342 364
4859 365
2962 366
7312 367
4289 368
7079 369
3627 370
4004 371
4592 372
7705 373
1811 374
6822 375
3042 376
1308 377
2742 378
1937 379
5901 380
7579 381
1898 382
6576 383
1787 384
1199 385
7918 386
6388 387
2064 388
7669 389
7456 390
5494 391
3939 392
6416 393
2873 394
6312 395
4527 396
1620 397
334 398
940 399
3264 400
2920 401
8170 402
1359 403
2291 404
7442 405
3686 406
2517 407
2227 408
6250 409
1121 410
5237 411
3435 412
3405 413
4786 414
7341 415
1115 416
629 417
2662 418
325 419
512 420
7033 421
7984 422
4838 423
5347 424
7013 425
3259 426
5786 427
3036 428
4768 429
4573 430
1520 431
6974 432
1477 433
56 434
2474 435
4462 436
1154 437
3948 438
1706 439
2267 440
6827 441
4941 442
5485 443
6813 444
8448 445
5227 446
4515 447
340 448
6868 449
6965 450
976 451
6389 452
860 453
3676 454
3298 455
4326 456
866 457
2320 458
8449 459
457 460
3938 461
3564 462
1250 463
2056 464
3949 465
5691 466
4149 467
2345 468
2044 469
3790 470
4798 471
499 472
5465 473
8342 474
7438 475
573 476
4921 477
3428 478
7483 479
3377 480
3921 481
1039 482
6985 483
6278 484
6136 485
899 486
7420 487
4264 488
4892 489
2989 490
6878 491
1193 492
3036 493
2211 494
2021 495
2440 496
1461 497
6061 498
7200 499
6863 500
3800 501
6069 502
4963 503
4816 504
8192 505
1833 506
5173 507
1900 508
1812 509
6484 510
5318 511
8107 512
8111 513
2987 514
7885 515
8465 516
1866 517
8091 518
2252 519
1165 520
4206 521
2066 522
4589 523
4937 524
1565 525
5493 526
3206 527
2600 528
2918 529
3667 530
816 531
6318 532
3097 533
7545 534
6896 535
7470 536
7624 537
3812 538
1325 539
3715 540
4418 541
4310 542
4741 543
7227 544
6500 545
6011 546
7953 547
5009 548
1454 549
6812 550
8200 551
6784 552
2705 553
7359 554
836 555
2158 556
6201 557
7856 558
4913 559
5125 560
5961 561
2962 562
6528 563
877 564
871 565
6105 566
6369 567
3373 568
1531 569
7595 570
4977 571
7960 572
3512 573
6630 574
2020 575
3613 576
5770 577
3693 578
4586 579
557 580
4748 581
7277 582
6579 583
1326 584
7789 585
7476 586
1713 587
742 588
3234 589
6826 590
4186 591
7031 592
5624 593
2507 594
7052 595
7794 596
6668 597
7130 598
6800 599
302 600
6687 601
5006 602
4399 603
468 604
4215 605
791 606
3024 607
2132 608
2737 609
4124 610
5241 611
192 612
1653 613
3150 614
6299 615
6113 616
8065 617
6154 618
5143 619
1605 620
1577 621
1196 622
1740 623
836 624
5390 625
6319 626
6479 627
2426 628
11 629
3218 630
541 631
6178 632
5718 633
6044 634
3172 635
3503 636
8481 637
5686 638
680 639
3968 640
6772 641
4892 642
3335 643
4244 644
5526 645
7700 646
178 647
4092 648
211 649
7272 650
4986 651
1879 652
6166 653
2658 654
7142 655
4356 656
7024 657
8082 658
6603 659
458 660
2692 661
4447 662
6826 663
1125 664
2004 665
6210 666
165 667
1168 668
6518 669
813 670
3554 671
190 672
7265 673
966 674
3566 675
6500 676
529 677
1844 678
1486 679
4483 680
1618 681
4884 682
2656 683
8500 684
999 685
4261 686
8222 687
7443 688
7596 689
3702 690
4402 691
4519 692
1839 693
2224 694
3004 695
8110 696
4887 697
6287 698
7240 699
8371 700
461 701
411 702
2035 703
1697 704
7974 705
2823 706
6671 707
4430 708
29 709
487 710
237 711
6685 712
4373 713
7255 714
97 715
1704 716
971 717
679 718
3525 719
5142 720
2688 721
2881 722
8439 723
5058 724
7178 725
2208 726
1647 727
591 728
3086 729
4897 730
5600 731
1615 732
8184 733
3366 734
3347 735
7075 736
4896 737
4716 738
2615 739
897 740
1384 741
7574 742
6689 743
7768 744
3325 745
3350 746
1581 747
1084 748
1035 749
2073 750
3743 751
1345 752
5476 753
4907 754
4578 755
5255 756
6274 757
7879 758
7549 759
76 760
3403 761
5888 762
4528 763
6635 764
5538 765
3530 766
2821 767
1544 768
2849 769
7353 770
5554 771
6104 772
519 773
8497 774
7103 775
3336 776
3490 777
1586 778
4282 779
6913 780
5347 781
4255 782
2142 783
6746 784
4843 785
6794 786
5566 787
6709 788
6083 789
2945 790
6942 791
7506 792
2007 793
6334 794
5273 795
7061 796
4867 797
4996 798
5921 799
8469 800
7941 801
2501 802
52 803
2347 804
4154 805
5101 806
5794 807
2411 808
4876 809
1370 810
6746 811
1122 812
4415 813
1663 814
3285 815
6965 816
4031 817
7270 818
4566 819
3513 820
6067 821
5003 822
815 823
7291 824
5415 825
2156 826
6330 827
6832 828
7678 829
6258 830
2352 831
5402 832
1438 833
2797 834
4168 835
8368 836
8361 837
4054 838
4446 839
2399 840
1187 841
5057 842
3808 843
4529 844
6507 845
1472 846
2173 847
4694 848
4953 849
