850 600
1380 0
2836 1
1682 2
7700 3
4645 4
5297 5
3890 6
1177 7
1178 8
4268 9
5506 10
2850 11
8156 12
3155 13
1539 14
124 15
5347 16
7515 17
4704 18
5807 19
5093 20
5023 21
2192 22
8051 23
3493 24
5923 25
532 26
3901 27
6638 28
5534 29
5730 30
2887 31
8486 32
4360 33
1890 34
3766 35
6189 36
3891 37
2 38
5508 39
5850 40
6746 41
1999 42
4587 43
7527 44
2937 45
2057 46
6489 47
3962 48
3643 49
2364 50
6372 51
1782 52
5121 53
1959 54
663 55
1362 56
1571 57
7940 58
8395 59
5938 60
4550 61
3479 62
6403 63
169 64
7098 65
7918 66
6023 67
7512 68
6720 69
3322 70
8405 71
4858 72
4119 73
4670 74
7327 75
4350 76
6659 77
7690 78
844 79
5210 80
5625 81
5338 82
4634 83
803 84
4583 85
7036 86
5526 87
8234 88
6037 89
3156 90
3638 91
7412 92
4418 93
4064 94
1080 95
4765 96
8055 97
5599 98
6571 99
4089 100
853 101
6655 102
4201 103
5447 104
4189 105
3539 106
3770 107
8282 108
4506 109
645 110
3066 111
1672 112
5081 113
3829 114
1540 115
6824 116
3926 117
5168 118
6518 119
1434 120
838 121
6724 122
6235 123
4994 124
6699 125
4862 126
7103 127
1081 128
7002 129
5984 130
1428 131
1775 132
7651 133
1971 134
1841 135
2082 136
6328 137
6415 138
4219 139
6431 140
6325 141
4810 142
3646 143
1402 144
7950 145
6362 146
914 147
2381 148
2224 149
6768 150
6425 151
6534 152
8295 153
1133 154
6447 155
4524 156
6992 157
3822 158
2684 159
788 160
7121 161
8167 162
1753 163
5066 164
1343 165
4735 166
1596 167
3105 168
4230 169
703 170
3835 171
7252 172
7945 173
8005 174
4495 175
4576 176
525 177
6905 178
1622 179
7323 180
7025 181
1012 182
5422 183
1296 184
8228 185
5179 186
8061 187
915 188
4388 189
8457 190
431 191
8089 192
1568 193
4345 194
2915 195
2735 196
4199 197
3222 198
489 199
6585 200
6502 201
58 202
2754 203
2968 204
3459 205
3683 206
514 207
4459 208
4938 209
6500 210
2703 211
6292 212
6502 213
623 214
3905 215
8031 216
4348 217
6375 218
6945 219
6807 220
5889 221
6420 222
439 223
2126 224
7177 225
6418 226
3789 227
7596 228
6758 229
1884 230
1204 231
8051 232
5811 233
4544 234
3745 235
6526 236
1898 237
3670 238
7298 239
3085 240
8292 241
7571 242
7616 243
7310 244
6163 245
6967 246
8328 247
6719 248
8473 249
1578 250
7138 251
2478 252
6630 253
2801 254
3771 255
3591 256
994 257
2777 258
2110 259
1045 260
7486 261
4499 262
3891 263
4082 264
1890 265
1745 266
5923 267
382 268
4898 269
4162 270
7454 271
540 272
3765 273
4048 274
2497 275
6199 276
7241 277
4186 278
2467 279
6649 280
2064 281
2164 282
5179 283
4040 284
8169 285
7057 286
900 287
4658 288
6905 289
7248 290
1500 291
3762 292
2252 293
2441 294
8324 295
4316 296
2261 297
5288 298
5163 299
6529 300
8445 301
2852 302
8192 303
7083 304
3945 305
6735 306
7394 307
2768 308
1980 309
2942 310
1718 311
7682 312
6150 313
917 314
6613 315
6004 316
5274 317
5538 318
6239 319
5138 320
6617 321
6024 322
3355 323
5912 324
4053 325
1781 326
1607 327
7739 328
2785 329
2279 330
8392 331
8240 332
4708 333
756 334
2929 335
6258 336
4534 337
4786 338
7684 339
6319 340
5417 341
7018 342
6264 343
4540 344
7165 345
4220 346
2158 347
2591 348
1673 349
6003 350
1196 351
2436 352
1072 353
6651 354
5059 355
6556 356
5253 357
3231 358
5981 359
3686 360
1810 361
4918 362
8053 363
1653 364
5823 365
3096 366
632 367
2606 368
4447 369
6427 370
2208 371
4290 372
592 373
2236 374
7172 375
7565 376
1391 377
5620 378
7920 379
7306 380
5331 381
755 382
4498 383
4534 384
4467 385
7771 386
3337 387
2263 388
2176 389
3356 390
564 391
8072 392
3304 393
6650 394
2075 395
880 396
854 397
2322 398
7361 399
1349 400
6405 401
1789 402
3835 403
6298 404
8082 405
3107 406
6516 407
6851 408
57 409
8387 410
7917 411
7642 412
7324 413
1745 414
3854 415
3548 416
1771 417
4326 418
6666 419
8456 420
1119 421
5232 422
3059 423
7796 424
3992 425
6833 426
6090 427
3312 428
7645 429
3870 430
5474 431
3101 432
3881 433
7449 434
5786 435
5177 436
6918 437
6570 438
1088 439
3823 440
6049 441
732 442
4369 443
8046 444
4048 445
6754 446
3366 447
3022 448
2784 449
3280 450
747 451
5609 452
7766 453
5342 454
4202 455
5506 456
1224 457
2907 458
2385 459
5649 460
3905 461
4104 462
4292 463
3588 464
3873 465
1644 466
1609 467
2766 468
7911 469
5057 470
1049 471
2765 472
886 473
3029 474
7208 475
2183 476
3586 477
3605 478
2391 479
1087 480
2238 481
2325 482
7032 483
5732 484
1495 485
4060 486
8372 487
991 488
2904 489
4636 490
7507 491
6041 492
4741 493
4767 494
1721 495
7411 496
2434 497
1639 498
2633 499
7562 500
2329 501
2831 502
4597 503
1042 504
773 505
6323 506
2793 507
4672 508
6936 509
526 510
6678 511
6619 512
5648 513
8390 514
6347 515
3962 516
2123 517
4029 518
3121 519
3012 520
3726 521
4266 522
6747 523
3550 524
5099 525
1950 526
3925 527
4546 528
5526 529
1478 530
7492 531
901 532
5212 533
1229 534
3846 535
6631 536
4195 537
8248 538
6099 539
5479 540
215 541
5639 542
7877 543
2505 544
2418 545
5185 546
7863 547
5663 548
1812 549
2997 550
1518 551
6783 552
5227 553
5704 554
4414 555
4687 556
4723 557
2061 558
3195 559
309 560
8236 561
6994 562
60 563
7905 564
7089 565
1228 566
7457 567
974 568
7207 569
3175 570
6599 571
8323 572
5762 573
1855 574
2297 575
2177 576
7339 577
3209 578
579 579
1052 580
6655 581
4807 582
5098 583
6048 584
2843 585
1955 586
4640 587
6729 588
8057 589
7300 590
5931 591
1994 592
5574 593
7214 594
7237 595
5780 596
6456 597
6174 598
8177 599
4782 600
6688 601
4664 602
7060 603
4159 604
4285 605
1181 606
3383 607
5173 608
639 609
1780 610
7867 611
1280 612
1344 613
216 614
8178 615
992 616
1739 617
5292 618
2786 619
5547 620
4117 621
1568 622
7520 623
2514 624
230 625
2085 626
6546 627
6739 628
7046 629
4312 630
3230 631
4545 632
89 633
8226 634
1384 635
6846 636
5886 637
484 638
4378 639
7208 640
6236 641
7302 642
4379 643
4972 644
2992 645
2629 646
6957 647
4517 648
3019 649
5429 650
6675 651
5289 652
2620 653
2490 654
7798 655
8183 656
5486 657
3524 658
2622 659
6167 660
8011 661
7485 662
2533 663
7626 664
7155 665
8256 666
4240 667
3929 668
3608 669
7208 670
7107 671
6131 672
3731 673
1804 674
7309 675
2955 676
5031 677
6080 678
874 679
390 680
3470 681
6197 682
7155 683
3714 684
7937 685
3794 686
5290 687
4521 688
657 689
912 690
1329 691
258 692
719 693
3759 694
1971 695
455 696
1675 697
8173 698
7257 699
992 700
7242 701
1395 702
6940 703
478 704
5279 705
8345 706
8274 707
3095 708
500 709
5477 710
601 711
4463 712
6532 713
7528 714
1247 715
1987 716
3418 717
8162 718
8408 719
72 720
1684 721
7852 722
421 723
4749 724
1690 725
5812 726
803 727
2437 728
1025 729
319 730
1423 731
6371 732
5944 733
5356 734
5008 735
5663 736
8419 737
4748 738
1544 739
3951 740
6098 741
4786 742
7577 743
6700 744
295 745
5479 746
918 747
7557 748
6581 749
4026 750
2500 751
5141 752
1542 753
6317 754
4988 755
1136 756
3462 757
2822 758
4138 759
6180 760
1109 761
7356 762
2863 763
7339 764
4075 765
6494 766
2049 767
2138 768
8012 769
3994 770
3437 771
4224 772
4158 773
3106 774
5139 775
5264 776
2173 777
791 778
8265 779
4949 780
7478 781
4714 782
6146 783
3345 784
2519 785
3309 786
492 787
7880 788
822 789
389 790
38 791
3106 792
5252 793
5297 794
501 795
3746 796
6278 797
8428 798
3404 799
5522 800
1304 801
1896 802
7412 803
8267 804
6242 805
1789 806
4787 807
4040 808
7905 809
8458 810
2780 811
393 812
2224 813
3171 814
4229 815
2929 816
6873 817
3046 818
6563 819
4535 820
4882 821
8370 822
2932 823
1108 824
4916 825
3275 826
1072 827
1835 828
5921 829
1299 830
4507 831
4064 832
881 833
7150 834
2439 835
4521 836
7870 837
7998 838
7449 839
1173 840
4687 841
6037 842
8105 843
2310 844
2209 845
2934 846
1605 847
5996 848
2718 849
