800 1500
7148 0
1555 1
7810 2
3747 3
4554 4
3111 5
7304 6
5396 7
2108 8
709 9
578 10
257 11
1099 12
1846 13
3247 14
2064 15
7513 16
2778 17
3145 18
3031 19
3289 20
4932 21
6127 22
4860 23
5402 24
5690 25
2357 26
2650 27
971 28
6564 29
4430 30
5907 31
6824 32
3258 33
1193 34
2212 35
5532 36
7435 37
6207 38
1474 39
7068 40
67 41
2359 42
3547 43
730 44
3256 45
7275 46
4555 47
7230 48
4782 49
5408 50
5961 51
5933 52
3156 53
1739 54
2876 55
7286 56
7302 57
7689 58
7338 59
3046 60
1938 61
5346 62
4360 63
5878 64
4103 65
1618 66
6295 67
6173 68
6594 69
2512 70
1649 71
3164 72
3121 73
7216 74
5757 75
7586 76
7991 77
2604 78
5648 79
2753 80
1092 81
5150 82
3503 83
549 84
3927 85
7481 86
2242 87
1829 88
7269 89
4472 90
543 91
6874 92
2185 93
6266 94
5288 95
119 96
6394 97
5022 98
5010 99
3529 100
375 101
3883 102
5373 103
2985 104
7101 105
6414 106
391 107
306 108
2707 109
5586 110
1889 111
4631 112
1711 113
2898 114
4051 115
6130 116
5080 117
1938 118
5300 119
6320 120
7187 121
2443 122
6799 123
4319 124
1296 125
1459 126
1343 127
4058 128
5331 129
2989 130
5704 131
4101 132
762 133
5686 134
3748 135
5445 136
7811 137
3291 138
1002 139
7732 140
1040 141
1386 142
3852 143
1579 144
3630 145
3467 146
7492 147
1497 148
5646 149
7066 150
2494 151
816 152
3990 153
7515 154
6425 155
132 156
916 157
2419 158
4666 159
3439 160
7409 161
6707 162
4895 163
602 164
6788 165
3717 166
6295 167
2481 168
4042 169
1529 170
377 171
1301 172
1198 173
75 174
7810 175
4231 176
221 177
3399 178
1234 179
953 180
1658 181
4410 182
1236 183
6239 184
3475 185
1187 186
3188 187
6110 188
5440 189
192 190
4825 191
7840 192
4528 193
5806 194
4597 195
673 196
4531 197
1830 198
1913 199
4739 200
6408 201
2085 202
4743 203
5305 204
5125 205
6285 206
4161 207
4891 208
7207 209
3360 210
5764 211
7281 212
4615 213
263 214
2454 215
3190 216
7168 217
347 218
4937 219
823 220
7774 221
813 222
2255 223
6568 224
5949 225
6775 226
783 227
3679 228
1305 229
5430 230
977 231
5244 232
6994 233
2252 234
1912 235
688 236
6242 237
1910 238
4266 239
1280 240
39 241
7377 242
4704 243
1858 244
744 245
4336 246
5231 247
1331 248
624 249
7408 250
5484 251
873 252
3814 253
1237 254
124 255
7684 256
2047 257
2222 258
804 259
4163 260
4761 261
4409 262
7050 263
4310 264
2347 265
3425 266
5947 267
7408 268
5958 269
4527 270
1868 271
3256 272
3558 273
6147 274
2794 275
362 276
4459 277
622 278
4886 279
5449 280
3151 281
5349 282
7649 283
2505 284
3433 285
4997 286
7654 287
4473 288
3159 289
6517 290
1209 291
1963 292
6882 293
7077 294
6360 295
5794 296
5605 297
5581 298
5214 299
2804 300
1421 301
6451 302
5767 303
3646 304
6375 305
2796 306
5046 307
1069 308
488 309
1368 310
5549 311
4991 312
335 313
474 314
4420 315
5731 316
1253 317
5769 318
3798 319
5804 320
4737 321
2 322
5485 323
5584 324
7596 325
4275 326
3675 327
1742 328
936 329
613 330
1514 331
3353 332
6713 333
2097 334
2675 335
1570 336
2478 337
1134 338
4759 339
5175 340
7286 341
4707 342
7094 343
4194 344
7757 345
4683 346
6963 347
1353 348
2610 349
7542 350
7865 351
1749 352
5307 353
1080 354
6213 355
6895 356
4484 357
1961 358
3369 359
7901 360
1467 361
4846 362
2222 363
4940 364
1535 365
3135 366
6040 367
6395 368
4894 369
4082 370
1594 371
3444 372
1525 373
6605 374
5204 375
6772 376
6810 377
2894 378
1579 379
4593 380
2667 381
1674 382
6489 383
20 384
7541 385
1203 386
879 387
4411 388
4898 389
5639 390
7240 391
3701 392
6746 393
3717 394
2108 395
6140 396
3102 397
4892 398
267 399
6500 400
4215 401
5647 402
6816 403
1325 404
5766 405
5232 406
2216 407
746 408
6542 409
7795 410
7863 411
4152 412
5369 413
6123 414
3360 415
240 416
1362 417
6508 418
3500 419
4956 420
3812 421
3326 422
6656 423
2498 424
6539 425
4882 426
987 427
7659 428
6481 429
5186 430
2067 431
1893 432
7745 433
7484 434
1681 435
4904 436
2222 437
3954 438
4577 439
918 440
6883 441
2254 442
2929 443
5781 444
3121 445
6028 446
7878 447
2274 448
6405 449
7560 450
6888 451
2713 452
2632 453
1300 454
6331 455
6980 456
2436 457
2854 458
3365 459
888 460
3264 461
4918 462
873 463
4609 464
1639 465
228 466
6128 467
2102 468
1310 469
2578 470
1087 471
6392 472
5518 473
141 474
522 475
4774 476
263 477
5048 478
1619 479
2559 480
541 481
463 482
6929 483
6693 484
1108 485
2943 486
2997 487
5669 488
7825 489
1617 490
1059 491
1404 492
896 493
6914 494
5294 495
5980 496
3458 497
5158 498
4713 499
5017 500
6168 501
1946 502
5280 503
3465 504
1223 505
7535 506
1325 507
3778 508
4435 509
1037 510
1485 511
2083 512
773 513
5266 514
3067 515
6038 516
7052 517
4143 518
4681 519
6225 520
2414 521
171 522
2148 523
3545 524
5864 525
5614 526
7336 527
1941 528
5956 529
2202 530
7787 531
4861 532
7966 533
7003 534
4660 535
4805 536
6860 537
2270 538
7200 539
797 540
1380 541
208 542
789 543
7030 544
7203 545
938 546
6789 547
3641 548
535 549
431 550
4468 551
1105 552
7999 553
1027 554
6414 555
4745 556
412 557
5766 558
5771 559
2977 560
2783 561
2354 562
3748 563
1871 564
7275 565
4831 566
116 567
3216 568
2952 569
2941 570
3216 571
1679 572
1740 573
3026 574
2593 575
2029 576
2252 577
2715 578
4899 579
2755 580
3434 581
2711 582
5168 583
1797 584
7567 585
4392 586
7633 587
2153 588
4079 589
921 590
413 591
5850 592
602 593
247 594
2223 595
1986 596
248 597
3674 598
6668 599
4083 600
2334 601
1218 602
978 603
5041 604
2233 605
2025 606
5486 607
7323 608
5069 609
5534 610
3151 611
1053 612
265 613
2745 614
3265 615
7996 616
4877 617
7119 618
1721 619
2044 620
3661 621
7302 622
862 623
6545 624
7259 625
1722 626
406 627
4081 628
5978 629
7578 630
167 631
5378 632
5818 633
2513 634
378 635
2880 636
7919 637
4727 638
2439 639
2666 640
1082 641
7530 642
2132 643
5871 644
1157 645
3254 646
6822 647
6981 648
4687 649
45 650
2649 651
73 652
5336 653
5273 654
5074 655
3452 656
5704 657
2337 658
7122 659
6842 660
1749 661
4464 662
2971 663
7777 664
1675 665
6487 666
5883 667
3824 668
4165 669
4564 670
7331 671
2466 672
5468 673
2724 674
1176 675
3289 676
7609 677
6287 678
6223 679
6894 680
913 681
354 682
2488 683
102 684
3788 685
6537 686
5002 687
6425 688
7526 689
875 690
2768 691
7846 692
7176 693
7220 694
3182 695
7018 696
3790 697
7631 698
4801 699
2053 700
2984 701
6193 702
2739 703
3776 704
2821 705
1016 706
5433 707
616 708
1426 709
5521 710
6127 711
5846 712
5460 713
3964 714
4394 715
7366 716
3036 717
4194 718
6298 719
1900 720
4534 721
598 722
4608 723
5067 724
6326 725
449 726
7645 727
1964 728
5258 729
1427 730
988 731
2248 732
7245 733
119 734
3447 735
4770 736
284 737
3045 738
4815 739
7227 740
264 741
3669 742
1038 743
4925 744
1471 745
4165 746
983 747
3232 748
2398 749
5819 750
5179 751
1141 752
3384 753
5745 754
2087 755
2965 756
5272 757
6355 758
2813 759
4431 760
4037 761
7880 762
2318 763
3922 764
2004 765
1639 766
3309 767
5247 768
6537 769
2269 770
2564 771
323 772
4127 773
7000 774
4322 775
3138 776
5799 777
5554 778
2973 779
3701 780
6084 781
7463 782
7943 783
52 784
401 785
6251 786
3383 787
440 788
1658 789
7608 790
3601 791
5348 792
2853 793
1406 794
1492 795
3882 796
1258 797
2967 798
1315 799
