800 1250
4227 0
5952 1
7718 2
4872 3
1783 4
2760 5
4289 6
493 7
3787 8
4982 9
4263 10
6187 11
2128 12
611 13
1685 14
3088 15
3183 16
910 17
143 18
6798 19
6843 20
4973 21
2338 22
2392 23
2461 24
4591 25
5168 26
7795 27
5102 28
5612 29
3725 30
5610 31
4277 32
3933 33
2987 34
7823 35
3529 36
6566 37
4752 38
5575 39
5641 40
4398 41
3219 42
6891 43
3362 44
5018 45
112 46
3074 47
2739 48
1801 49
241 50
1152 51
3904 52
6433 53
5979 54
2100 55
2045 56
1606 57
3543 58
4021 59
3271 60
6311 61
6015 62
366 63
6974 64
2789 65
6060 66
2698 67
7953 68
19 69
4849 70
4407 71
2743 72
7607 73
5956 74
7839 75
3324 76
2871 77
841 78
5554 79
4149 80
1146 81
4626 82
6105 83
3674 84
5108 85
422 86
6571 87
5747 88
4262 89
7957 90
4986 91
110 92
5651 93
3976 94
1972 95
5400 96
4410 97
2938 98
4369 99
5589 100
5300 101
7698 102
1834 103
321 104
6689 105
6626 106
553 107
4749 108
639 109
746 110
4329 111
3202 112
2443 113
7891 114
3648 115
2848 116
2956 117
6763 118
5706 119
598 120
6882 121
3875 122
5678 123
7621 124
2677 125
3933 126
1069 127
5327 128
4802 129
7311 130
3909 131
6497 132
2719 133
3190 134
3329 135
6930 136
6865 137
6120 138
7580 139
1323 140
6344 141
1685 142
7286 143
370 144
2428 145
7804 146
1400 147
183 148
874 149
4551 150
3287 151
3502 152
4363 153
906 154
7434 155
2483 156
3548 157
367 158
3518 159
3479 160
7824 161
7758 162
7218 163
37 164
7961 165
4462 166
5509 167
4042 168
1105 169
6678 170
6856 171
1903 172
4565 173
6033 174
6467 175
7684 176
2595 177
1747 178
6655 179
1036 180
1632 181
6857 182
2277 183
2353 184
7432 185
2949 186
2688 187
421 188
1224 189
7719 190
7587 191
7251 192
2697 193
1792 194
7322 195
7708 196
1132 197
7224 198
4069 199
7879 200
31 201
3910 202
3992 203
4343 204
1952 205
921 206
7917 207
5574 208
1989 209
5102 210
1139 211
6849 212
3052 213
833 214
1963 215
2670 216
6184 217
5826 218
405 219
5307 220
715 221
4613 222
1962 223
280 224
6232 225
3158 226
5993 227
7360 228
772 229
7710 230
689 231
7409 232
4213 233
3928 234
7529 235
1221 236
6113 237
6359 238
7911 239
2382 240
3737 241
7495 242
3051 243
7061 244
6414 245
4900 246
1236 247
5205 248
7588 249
1284 250
5265 251
226 252
2354 253
4541 254
271 255
6606 256
365 257
4234 258
7496 259
550 260
3982 261
4941 262
4304 263
7950 264
6877 265
1464 266
2422 267
1027 268
6609 269
3416 270
7111 271
5784 272
4125 273
3258 274
4862 275
6390 276
4503 277
5636 278
1237 279
7903 280
6100 281
6738 282
4645 283
368 284
909 285
4117 286
889 287
2429 288
6895 289
2529 290
6216 291
5159 292
4501 293
839 294
7847 295
7161 296
6712 297
102 298
5069 299
552 300
2563 301
5317 302
5473 303
3627 304
1889 305
7470 306
87 307
2951 308
4734 309
7090 310
5165 311
4676 312
2467 313
4774 314
5958 315
4496 316
5074 317
4295 318
4966 319
6071 320
4458 321
4046 322
6357 323
6656 324
7129 325
6440 326
5418 327
4869 328
7601 329
2297 330
2566 331
792 332
2485 333
781 334
4832 335
2693 336
2252 337
4689 338
3601 339
4479 340
4774 341
3057 342
6243 343
5332 344
2652 345
5917 346
5299 347
2114 348
2083 349
5659 350
3474 351
7620 352
7805 353
1549 354
5503 355
6245 356
2705 357
1242 358
1733 359
4242 360
6190 361
6588 362
7775 363
758 364
3218 365
3636 366
1709 367
4834 368
2216 369
6147 370
7626 371
5515 372
7815 373
7137 374
7239 375
1536 376
4083 377
5336 378
2592 379
3421 380
4156 381
2842 382
6901 383
944 384
2203 385
2159 386
368 387
7174 388
5143 389
1041 390
7567 391
5696 392
498 393
853 394
4692 395
1423 396
3014 397
3658 398
996 399
2259 400
2591 401
1010 402
337 403
814 404
1845 405
4893 406
5713 407
4539 408
3694 409
399 410
2118 411
1447 412
7625 413
1997 414
1208 415
3997 416
1137 417
1427 418
2843 419
2429 420
2227 421
643 422
6155 423
3708 424
6216 425
3160 426
3373 427
918 428
960 429
4103 430
7469 431
7978 432
4003 433
5902 434
1400 435
6602 436
4569 437
5099 438
7750 439
7798 440
5232 441
676 442
7490 443
6809 444
3275 445
5101 446
1809 447
3014 448
3906 449
3662 450
1274 451
640 452
3565 453
2541 454
3274 455
3506 456
1095 457
914 458
2111 459
5027 460
6236 461
4535 462
5965 463
7872 464
2363 465
4658 466
2334 467
7415 468
5340 469
2333 470
5838 471
3859 472
1519 473
2976 474
7824 475
3136 476
6288 477
432 478
1948 479
3382 480
2221 481
7666 482
1955 483
5877 484
1932 485
6752 486
7183 487
4773 488
4916 489
5965 490
6546 491
1501 492
4046 493
4715 494
6311 495
4626 496
6297 497
4725 498
1735 499
4846 500
5383 501
484 502
3658 503
5147 504
6998 505
6428 506
3747 507
5480 508
5600 509
2890 510
5170 511
7704 512
1940 513
3462 514
3818 515
2454 516
4599 517
5619 518
1258 519
6191 520
4715 521
5348 522
5927 523
2945 524
5637 525
6031 526
1927 527
2332 528
4419 529
6233 530
1125 531
3318 532
6039 533
1331 534
5067 535
4121 536
7887 537
3156 538
1499 539
7512 540
6340 541
3983 542
5334 543
1340 544
924 545
4135 546
3617 547
2131 548
797 549
6935 550
6640 551
1950 552
3439 553
6246 554
7241 555
6834 556
2935 557
2411 558
767 559
2573 560
6153 561
6387 562
2483 563
293 564
4558 565
7319 566
5289 567
7445 568
2689 569
5872 570
2359 571
7399 572
5288 573
4287 574
5596 575
5414 576
5504 577
6569 578
109 579
1546 580
5493 581
7034 582
997 583
4015 584
5903 585
3031 586
7033 587
5206 588
6222 589
7779 590
527 591
1942 592
7345 593
2583 594
6285 595
4031 596
567 597
1985 598
688 599
3820 600
164 601
5908 602
4844 603
4481 604
4058 605
1749 606
6252 607
4501 608
2813 609
4091 610
7111 611
7369 612
1625 613
791 614
472 615
4128 616
4264 617
1063 618
5748 619
5833 620
6361 621
7965 622
7294 623
6080 624
5219 625
2401 626
7322 627
3056 628
7438 629
6330 630
3147 631
2206 632
6944 633
6507 634
850 635
1964 636
3659 637
3983 638
6581 639
6004 640
3533 641
1131 642
1435 643
4053 644
5581 645
7861 646
1747 647
3566 648
6382 649
6079 650
2210 651
6689 652
1591 653
3970 654
2116 655
7555 656
5131 657
3386 658
2268 659
2574 660
2389 661
4388 662
2251 663
3846 664
2619 665
1189 666
5485 667
5127 668
2828 669
2895 670
1467 671
6293 672
6512 673
1553 674
2093 675
3975 676
7628 677
5478 678
5116 679
7688 680
6093 681
2785 682
373 683
3657 684
5506 685
1952 686
1622 687
6935 688
1727 689
6754 690
5976 691
3860 692
4702 693
6714 694
1536 695
4017 696
155 697
2338 698
4273 699
2609 700
2228 701
6832 702
2177 703
4821 704
6896 705
775 706
5711 707
3825 708
4981 709
6433 710
6410 711
3096 712
3252 713
3094 714
901 715
1952 716
2211 717
1906 718
6088 719
6158 720
4861 721
6070 722
552 723
2495 724
6174 725
395 726
2621 727
5301 728
2792 729
3337 730
5806 731
865 732
6641 733
4574 734
2338 735
1976 736
6597 737
3319 738
2626 739
6041 740
6632 741
7344 742
3942 743
4120 744
2743 745
5408 746
297 747
4003 748
2259 749
6677 750
2901 751
1400 752
1874 753
3497 754
2701 755
5962 756
4922 757
1627 758
4442 759
2586 760
4712 761
5257 762
6572 763
1949 764
1222 765
3502 766
1578 767
2679 768
4882 769
4645 770
3679 771
6721 772
5629 773
2588 774
5063 775
4529 776
3869 777
5677 778
4351 779
1123 780
7820 781
2301 782
2121 783
7416 784
6077 785
3923 786
4525 787
987 788
2626 789
382 790
4943 791
2911 792
4150 793
2059 794
424 795
2063 796
4582 797
7095 798
7004 799
