850 400
1365 0
45 1
1826 2
1644 3
236 4
6845 5
4364 6
1656 7
5185 8
6672 9
1691 10
2696 11
7774 12
4969 13
7793 14
2570 15
5721 16
607 17
1015 18
8469 19
3738 20
2339 21
2410 22
7392 23
2403 24
7794 25
3734 26
7930 27
8004 28
4640 29
7614 30
4 31
4519 32
6053 33
2094 34
7969 35
5566 36
8359 37
7590 38
5650 39
5470 40
274 41
7148 42
8181 43
2881 44
4212 45
4614 46
1504 47
6062 48
1130 49
4650 50
1121 51
1023 52
6197 53
3346 54
8044 55
910 56
4359 57
5505 58
6049 59
5213 60
111 61
2781 62
459 63
5885 64
8 65
6230 66
963 67
5098 68
347 69
8494 70
6513 71
2760 72
2728 73
6012 74
6551 75
6260 76
395 77
2962 78
8108 79
4751 80
6205 81
3663 82
7403 83
755 84
4941 85
6358 86
2095 87
875 88
2939 89
1705 90
6172 91
7904 92
7646 93
1442 94
7524 95
1116 96
600 97
4149 98
7086 99
3570 100
1786 101
8033 102
5611 103
1662 104
4897 105
5723 106
4638 107
3253 108
1280 109
1560 110
49 111
6518 112
3049 113
1799 114
7078 115
5522 116
1811 117
4448 118
3661 119
2357 120
5247 121
3359 122
7098 123
4891 124
984 125
944 126
6463 127
581 128
2781 129
4838 130
262 131
1243 132
7195 133
8214 134
1819 135
1191 136
1580 137
2929 138
981 139
1500 140
3110 141
5741 142
102 143
3996 144
5014 145
1836 146
4306 147
7269 148
3323 149
252 150
1808 151
6558 152
7976 153
4952 154
1601 155
1963 156
4710 157
7715 158
7643 159
8216 160
3838 161
2161 162
4513 163
6938 164
4221 165
8168 166
8497 167
1122 168
4148 169
2308 170
7416 171
188 172
374 173
6150 174
6981 175
1711 176
1609 177
8135 178
6296 179
3043 180
6451 181
8255 182
2717 183
1708 184
6687 185
6223 186
340 187
1749 188
3477 189
6990 190
1557 191
1848 192
1959 193
38 194
7313 195
3601 196
3825 197
4327 198
1123 199
2546 200
7944 201
59 202
8348 203
7501 204
4456 205
1788 206
2758 207
6608 208
2543 209
2627 210
5159 211
4662 212
6083 213
4711 214
4276 215
7470 216
4857 217
7081 218
4260 219
3430 220
3156 221
4818 222
4675 223
1894 224
2385 225
6144 226
3106 227
2645 228
4887 229
5294 230
738 231
7371 232
4339 233
6985 234
1997 235
508 236
1558 237
7926 238
5409 239
4036 240
4685 241
6823 242
486 243
3041 244
386 245
4076 246
3262 247
4346 248
4425 249
4788 250
5175 251
7290 252
6208 253
4382 254
4509 255
4610 256
1605 257
3032 258
6768 259
3628 260
7774 261
884 262
2722 263
6834 264
4671 265
1015 266
6655 267
8462 268
7298 269
4374 270
197 271
2200 272
7585 273
4295 274
6518 275
3907 276
7536 277
593 278
24 279
7139 280
4184 281
7705 282
1728 283
1756 284
1927 285
2797 286
7900 287
1715 288
1891 289
5821 290
7858 291
5351 292
1942 293
7136 294
6735 295
1030 296
8202 297
161 298
8114 299
2486 300
2743 301
6961 302
3238 303
7833 304
2682 305
5095 306
5434 307
3081 308
4735 309
4813 310
4756 311
4820 312
5631 313
3747 314
6995 315
2540 316
3222 317
2016 318
5941 319
7845 320
4868 321
3689 322
3308 323
1070 324
7505 325
5999 326
6916 327
4590 328
3548 329
1532 330
1014 331
8115 332
8289 333
5205 334
5664 335
7590 336
2030 337
8123 338
3559 339
5168 340
1359 341
6929 342
892 343
1155 344
3509 345
287 346
5312 347
4564 348
5963 349
2549 350
4951 351
2618 352
4015 353
124 354
120 355
2325 356
5329 357
5827 358
2150 359
2269 360
7191 361
3895 362
6557 363
8289 364
5963 365
7829 366
4877 367
5588 368
2106 369
707 370
998 371
2501 372
46 373
6949 374
245 375
8064 376
6289 377
6349 378
6930 379
4753 380
6890 381
3328 382
5782 383
7602 384
6022 385
1950 386
3114 387
4322 388
7324 389
4924 390
5391 391
5696 392
8139 393
7229 394
399 395
4505 396
5437 397
8363 398
6361 399
5695 400
2412 401
2663 402
5952 403
2376 404
6805 405
5257 406
123 407
3762 408
4559 409
573 410
6534 411
1236 412
3337 413
6328 414
2697 415
7884 416
3940 417
3186 418
7748 419
2115 420
5026 421
7339 422
7117 423
8433 424
6794 425
6052 426
1758 427
2904 428
4603 429
4856 430
2514 431
3510 432
2906 433
7822 434
2562 435
6316 436
1995 437
3125 438
2101 439
7088 440
2648 441
6320 442
4900 443
5445 444
778 445
7694 446
6046 447
5277 448
6 449
7168 450
8409 451
4492 452
5603 453
7978 454
5701 455
6757 456
162 457
5129 458
678 459
6630 460
4109 461
600 462
3439 463
1526 464
3683 465
918 466
4770 467
816 468
2080 469
1438 470
3287 471
3615 472
3148 473
1928 474
8071 475
7019 476
3145 477
744 478
6306 479
2717 480
776 481
2006 482
1623 483
4568 484
720 485
5968 486
4097 487
2613 488
2794 489
2905 490
8011 491
211 492
5588 493
6158 494
2868 495
4567 496
2544 497
4461 498
7867 499
3196 500
7554 501
6161 502
6105 503
494 504
3595 505
6096 506
6070 507
7106 508
4220 509
3951 510
116 511
4856 512
8459 513
2465 514
1645 515
1663 516
4923 517
5772 518
2496 519
7008 520
4870 521
2135 522
1427 523
3859 524
5685 525
4294 526
7471 527
8488 528
4419 529
3933 530
3892 531
6794 532
8117 533
8186 534
5080 535
3598 536
6865 537
3657 538
5384 539
6509 540
102 541
7548 542
5975 543
7116 544
488 545
3574 546
5249 547
1940 548
6118 549
6772 550
7575 551
6148 552
421 553
2095 554
4380 555
7093 556
5770 557
7548 558
6684 559
40 560
1004 561
8294 562
2274 563
7556 564
804 565
214 566
3830 567
2702 568
2331 569
8487 570
6781 571
1397 572
5346 573
5181 574
2721 575
7583 576
682 577
3763 578
1443 579
8116 580
2473 581
2955 582
4729 583
2207 584
7250 585
5658 586
3643 587
1366 588
7925 589
3929 590
494 591
5092 592
7992 593
2174 594
287 595
4375 596
3756 597
7504 598
1095 599
8272 600
7547 601
4357 602
881 603
1315 604
489 605
4002 606
4084 607
7044 608
8414 609
3283 610
4385 611
336 612
3422 613
803 614
1856 615
5040 616
5852 617
3884 618
3655 619
3401 620
5386 621
4627 622
7886 623
6973 624
1241 625
2113 626
2241 627
3735 628
5979 629
8053 630
737 631
4860 632
457 633
7193 634
1546 635
1622 636
3281 637
4145 638
3998 639
1664 640
2981 641
294 642
8420 643
8378 644
3255 645
3699 646
6889 647
5921 648
7571 649
1971 650
7913 651
5004 652
3934 653
5327 654
4057 655
2390 656
2442 657
6199 658
5410 659
3320 660
3768 661
1993 662
3148 663
5382 664
1058 665
4430 666
6136 667
5402 668
4000 669
5039 670
1893 671
5225 672
3277 673
5518 674
4800 675
8053 676
6618 677
453 678
4268 679
3520 680
7885 681
3781 682
712 683
8364 684
1340 685
5145 686
1117 687
2253 688
7801 689
5341 690
3542 691
139 692
4226 693
7319 694
4621 695
4780 696
8217 697
1276 698
7856 699
6595 700
770 701
88 702
5616 703
7204 704
4087 705
1504 706
2748 707
4012 708
6836 709
3952 710
432 711
4926 712
5473 713
7501 714
5326 715
8192 716
5103 717
2757 718
3886 719
7103 720
8390 721
3436 722
8110 723
8187 724
8160 725
7137 726
7206 727
7420 728
1911 729
4388 730
7106 731
6760 732
6696 733
116 734
358 735
3435 736
2159 737
6948 738
7490 739
8073 740
7177 741
6521 742
3905 743
486 744
8170 745
303 746
7685 747
6261 748
2531 749
7840 750
5145 751
750 752
2793 753
1699 754
3109 755
2914 756
1628 757
6892 758
7126 759
4941 760
1526 761
6910 762
2029 763
4111 764
7627 765
4928 766
6996 767
3428 768
6555 769
3408 770
6270 771
2153 772
3053 773
5393 774
1212 775
4481 776
620 777
1064 778
6219 779
6753 780
6487 781
5361 782
4558 783
413 784
5650 785
8151 786
8447 787
7685 788
5868 789
6938 790
2366 791
977 792
4162 793
1627 794
2203 795
3839 796
5875 797
582 798
3823 799
1207 800
1878 801
5485 802
5597 803
340 804
5521 805
5436 806
832 807
1155 808
7933 809
6689 810
7604 811
1873 812
4722 813
1910 814
2093 815
1216 816
557 817
7488 818
6579 819
7671 820
4050 821
7258 822
5413 823
3449 824
3619 825
3340 826
7190 827
3742 828
8063 829
245 830
6834 831
4315 832
601 833
5447 834
2675 835
4675 836
1614 837
8432 838
5953 839
3415 840
6182 841
1987 842
3286 843
4411 844
1991 845
7265 846
7505 847
5844 848
6055 849
