850 350
5452 0
5402 1
6949 2
764 3
4785 4
2656 5
8125 6
7224 7
3794 8
6091 9
6740 10
2408 11
1102 12
7286 13
3646 14
5842 15
6546 16
7091 17
6769 18
4396 19
2753 20
4604 21
7939 22
2437 23
1176 24
4974 25
7930 26
4798 27
3932 28
5200 29
6189 30
795 31
2525 32
1055 33
2325 34
7024 35
2000 36
4132 37
6270 38
3609 39
1149 40
1906 41
6555 42
1104 43
1375 44
5618 45
2166 46
4738 47
1806 48
3659 49
7887 50
6067 51
2468 52
1103 53
7957 54
1351 55
6740 56
4967 57
4918 58
5918 59
5018 60
3799 61
1115 62
7510 63
6052 64
400 65
5651 66
7372 67
5678 68
3685 69
6262 70
8240 71
7492 72
3290 73
126 74
6418 75
4148 76
7874 77
833 78
8049 79
5063 80
982 81
965 82
575 83
6436 84
3998 85
957 86
6814 87
1286 88
2820 89
2369 90
6816 91
264 92
2801 93
273 94
3393 95
3276 96
8326 97
5266 98
5835 99
2129 100
1582 101
6603 102
5887 103
3943 104
8484 105
1888 106
6715 107
3584 108
2641 109
4722 110
1711 111
2253 112
6432 113
4957 114
681 115
7866 116
6841 117
677 118
1376 119
288 120
808 121
1877 122
2260 123
5093 124
2966 125
1469 126
2613 127
1571 128
321 129
559 130
5038 131
3922 132
5456 133
3947 134
1970 135
7846 136
432 137
713 138
8397 139
130 140
4713 141
6012 142
311 143
1653 144
3442 145
3448 146
2372 147
1706 148
753 149
848 150
5634 151
4867 152
7548 153
5316 154
1759 155
1278 156
4960 157
6518 158
2838 159
1079 160
6934 161
290 162
1431 163
4122 164
1630 165
3976 166
4902 167
6194 168
5560 169
8153 170
373 171
467 172
1388 173
4107 174
3393 175
4179 176
3639 177
6388 178
8184 179
7498 180
5447 181
7694 182
1915 183
3925 184
3050 185
410 186
979 187
8153 188
3792 189
5890 190
6804 191
1686 192
3145 193
4205 194
6004 195
6017 196
2646 197
3268 198
1225 199
1725 200
3134 201
3603 202
7047 203
4669 204
3050 205
299 206
7866 207
926 208
6641 209
1401 210
2106 211
5954 212
8235 213
309 214
4446 215
8199 216
2103 217
5574 218
4985 219
6380 220
7428 221
2898 222
7637 223
7962 224
7755 225
4042 226
6956 227
8066 228
6320 229
6456 230
666 231
5728 232
3878 233
6630 234
7250 235
6949 236
748 237
7015 238
7852 239
3212 240
6885 241
600 242
4572 243
6678 244
8110 245
102 246
3567 247
3768 248
3103 249
6950 250
2971 251
7834 252
6553 253
471 254
6682 255
7847 256
3435 257
429 258
1934 259
7343 260
4440 261
2810 262
8022 263
3960 264
139 265
3239 266
5362 267
7767 268
3083 269
3897 270
8050 271
8241 272
3609 273
5685 274
5946 275
3330 276
691 277
8082 278
829 279
1663 280
5226 281
7455 282
8251 283
3389 284
4098 285
6080 286
4576 287
3326 288
1996 289
5249 290
5435 291
8038 292
3955 293
511 294
3312 295
7452 296
1461 297
197 298
5699 299
155 300
2801 301
4231 302
934 303
6700 304
7735 305
6648 306
562 307
1119 308
1363 309
681 310
580 311
3139 312
4710 313
227 314
7445 315
5683 316
7391 317
7747 318
6597 319
5516 320
1164 321
1573 322
1129 323
2925 324
5012 325
6759 326
7375 327
3063 328
7873 329
5653 330
2064 331
5268 332
3515 333
1722 334
4092 335
449 336
4310 337
3392 338
2811 339
5537 340
4080 341
7943 342
3313 343
6531 344
1187 345
268 346
2200 347
1540 348
6574 349
5035 350
1465 351
8426 352
6742 353
5740 354
1533 355
2470 356
7042 357
819 358
3229 359
2323 360
5073 361
3999 362
3468 363
6099 364
7998 365
2227 366
3283 367
4734 368
8006 369
4059 370
896 371
4272 372
4045 373
3826 374
5869 375
2843 376
646 377
3 378
8068 379
3714 380
3584 381
8265 382
447 383
4513 384
647 385
3214 386
4475 387
2315 388
6467 389
6720 390
1436 391
8102 392
4054 393
810 394
5108 395
1878 396
8018 397
2771 398
2073 399
124 400
4650 401
3780 402
2662 403
4284 404
5451 405
6715 406
2888 407
6454 408
5404 409
4283 410
4892 411
6641 412
7045 413
4585 414
5532 415
1330 416
1034 417
8087 418
144 419
5757 420
228 421
5530 422
746 423
8173 424
8448 425
2926 426
3481 427
7084 428
6532 429
1511 430
2124 431
7700 432
2171 433
3686 434
995 435
7158 436
3900 437
116 438
1162 439
8402 440
1863 441
2644 442
6161 443
5087 444
2239 445
7197 446
1508 447
7689 448
1528 449
6817 450
2938 451
6754 452
8175 453
4990 454
5271 455
5416 456
2105 457
6222 458
7547 459
126 460
1168 461
8042 462
656 463
3576 464
6203 465
6133 466
4469 467
3185 468
5208 469
4808 470
2771 471
1225 472
5112 473
3506 474
4307 475
1160 476
2873 477
7960 478
374 479
5599 480
4268 481
668 482
6027 483
66 484
7093 485
1571 486
6325 487
4762 488
6904 489
5657 490
2871 491
4799 492
1648 493
3316 494
260 495
6545 496
1382 497
2000 498
8469 499
2816 500
7722 501
7422 502
2309 503
1432 504
1502 505
8234 506
3494 507
63 508
1477 509
2179 510
827 511
299 512
7919 513
5016 514
7477 515
561 516
1243 517
7724 518
264 519
930 520
6224 521
6130 522
2293 523
6879 524
3688 525
5507 526
120 527
6964 528
4722 529
453 530
1104 531
2980 532
6775 533
2061 534
4945 535
590 536
3127 537
6198 538
8478 539
2510 540
2125 541
8367 542
4347 543
1319 544
5633 545
3654 546
2779 547
3920 548
6537 549
14 550
4807 551
5612 552
3805 553
6389 554
5181 555
573 556
8002 557
703 558
4993 559
3358 560
5607 561
668 562
2666 563
5620 564
3632 565
8310 566
8449 567
7929 568
3541 569
8044 570
1627 571
8136 572
3365 573
5802 574
1739 575
5469 576
1700 577
6106 578
8450 579
5643 580
5934 581
5098 582
7290 583
6793 584
7739 585
391 586
596 587
881 588
2719 589
1361 590
5098 591
3365 592
553 593
2121 594
1585 595
2613 596
6826 597
5153 598
3395 599
1118 600
3345 601
6142 602
7779 603
648 604
7467 605
3775 606
2511 607
1913 608
7435 609
1969 610
4039 611
1168 612
7265 613
8269 614
7531 615
8080 616
5405 617
6023 618
5948 619
4361 620
628 621
567 622
4335 623
2745 624
6756 625
5582 626
889 627
2299 628
299 629
217 630
556 631
5776 632
5284 633
5112 634
3835 635
4373 636
2024 637
5718 638
3002 639
3431 640
8468 641
5887 642
4180 643
1774 644
5487 645
7079 646
639 647
2491 648
4194 649
5128 650
6636 651
6959 652
739 653
4007 654
3103 655
3663 656
4260 657
4855 658
17 659
3747 660
8148 661
3598 662
3782 663
18 664
216 665
6139 666
6061 667
5583 668
166 669
3574 670
6032 671
4130 672
2719 673
156 674
5563 675
2728 676
87 677
5201 678
1199 679
1492 680
561 681
5140 682
5160 683
1340 684
8227 685
2314 686
5764 687
1665 688
4606 689
5424 690
8011 691
962 692
5908 693
570 694
6084 695
1076 696
5499 697
401 698
7829 699
4770 700
4816 701
545 702
8113 703
6534 704
6993 705
1915 706
3856 707
1161 708
370 709
4028 710
6791 711
7716 712
2745 713
226 714
8325 715
3249 716
7389 717
6609 718
4020 719
309 720
7599 721
6037 722
791 723
6635 724
8087 725
1988 726
3237 727
2591 728
5435 729
3720 730
5983 731
6927 732
908 733
2612 734
8184 735
2162 736
5281 737
1801 738
7036 739
2085 740
1094 741
5939 742
2225 743
4489 744
5493 745
8072 746
7980 747
3777 748
8421 749
2077 750
6711 751
7164 752
5453 753
5044 754
1040 755
2841 756
1674 757
2200 758
3278 759
1938 760
8114 761
6258 762
6250 763
4935 764
1918 765
1103 766
5806 767
8332 768
4409 769
1732 770
2710 771
3353 772
5505 773
982 774
18 775
4030 776
6064 777
7322 778
6165 779
8327 780
5655 781
1097 782
7673 783
3839 784
1075 785
4149 786
291 787
2497 788
242 789
2336 790
2337 791
4893 792
1927 793
2172 794
7983 795
4975 796
706 797
2195 798
7847 799
5301 800
5010 801
7970 802
942 803
210 804
6390 805
2533 806
5388 807
3407 808
3379 809
2553 810
2007 811
5476 812
3460 813
6956 814
5835 815
6378 816
7908 817
4611 818
473 819
711 820
4722 821
939 822
974 823
4311 824
127 825
4808 826
2779 827
6405 828
5412 829
8113 830
6561 831
4343 832
6868 833
3798 834
1387 835
6671 836
4548 837
7504 838
2485 839
6026 840
7018 841
3125 842
6410 843
1636 844
6951 845
6318 846
2991 847
8362 848
7822 849
