800 900
5644 0
6706 1
5083 2
6622 3
7746 4
3515 5
7516 6
5864 7
4359 8
6509 9
3263 10
5235 11
1910 12
3997 13
5723 14
2646 15
182 16
3325 17
6478 18
6923 19
2305 20
3328 21
5850 22
1585 23
4526 24
5705 25
478 26
7091 27
5154 28
7763 29
3535 30
6160 31
3932 32
5871 33
7649 34
1986 35
5688 36
5651 37
2083 38
3190 39
7344 40
3878 41
5117 42
6115 43
6551 44
3156 45
1435 46
5788 47
4596 48
3602 49
3781 50
1641 51
7033 52
7709 53
4296 54
6213 55
4077 56
3177 57
4537 58
4333 59
3436 60
2449 61
4868 62
3675 63
3014 64
3178 65
52 66
3793 67
6276 68
7788 69
7914 70
2024 71
3927 72
6463 73
4010 74
319 75
7106 76
4427 77
7130 78
891 79
1856 80
4362 81
7596 82
5829 83
201 84
6035 85
5428 86
6800 87
7019 88
5865 89
5904 90
648 91
5052 92
7954 93
2525 94
4374 95
7505 96
7274 97
846 98
3635 99
5070 100
4330 101
1965 102
7401 103
4923 104
2563 105
4655 106
6754 107
7583 108
7488 109
7181 110
4171 111
634 112
3579 113
4602 114
3302 115
113 116
2233 117
4907 118
135 119
3467 120
1586 121
1935 122
2406 123
3340 124
7141 125
6254 126
4120 127
3548 128
4522 129
2761 130
7130 131
3497 132
3096 133
6461 134
2074 135
727 136
320 137
2734 138
1518 139
1817 140
5534 141
7080 142
6936 143
3990 144
3734 145
981 146
2383 147
6197 148
133 149
3346 150
7265 151
1741 152
6001 153
3796 154
4156 155
6933 156
4848 157
4161 158
7559 159
3614 160
1778 161
5369 162
1816 163
5880 164
2794 165
6537 166
1420 167
7328 168
2909 169
2387 170
7337 171
1309 172
3427 173
6814 174
5513 175
5048 176
70 177
4046 178
7974 179
1156 180
5379 181
3063 182
1337 183
761 184
7045 185
883 186
2393 187
4289 188
1659 189
3433 190
5887 191
5456 192
4126 193
831 194
1198 195
2375 196
5249 197
3634 198
7842 199
446 200
6082 201
4037 202
6229 203
751 204
1232 205
4550 206
2544 207
753 208
5858 209
4425 210
6110 211
2954 212
7868 213
7832 214
5499 215
2074 216
649 217
4217 218
1520 219
5585 220
1096 221
7137 222
6560 223
1374 224
323 225
4721 226
3895 227
929 228
1482 229
2114 230
4907 231
4150 232
63 233
4763 234
1797 235
4042 236
5318 237
4536 238
5044 239
7336 240
359 241
5178 242
6710 243
3865 244
5893 245
3433 246
6680 247
4476 248
3990 249
124 250
5289 251
6176 252
3813 253
6226 254
7704 255
1164 256
5451 257
1433 258
7394 259
3634 260
261 261
4144 262
7273 263
110 264
5348 265
4807 266
6378 267
1631 268
6856 269
4687 270
4759 271
918 272
7775 273
4068 274
1610 275
6324 276
2646 277
1032 278
3163 279
5499 280
3870 281
5913 282
5263 283
2795 284
1479 285
5777 286
3354 287
2069 288
168 289
4580 290
6779 291
2497 292
2869 293
7502 294
5515 295
6992 296
164 297
2211 298
3498 299
4923 300
3934 301
4058 302
6200 303
2770 304
7435 305
6419 306
4043 307
6077 308
1164 309
6324 310
940 311
1670 312
7072 313
985 314
1304 315
1303 316
3116 317
4202 318
2677 319
4752 320
6232 321
5466 322
3625 323
2527 324
3344 325
7681 326
2004 327
1166 328
2891 329
5721 330
614 331
4208 332
5987 333
291 334
2570 335
3148 336
7312 337
6221 338
6632 339
7450 340
4430 341
2364 342
2287 343
6636 344
6601 345
2780 346
6735 347
4056 348
1413 349
5440 350
4546 351
7764 352
536 353
6204 354
5116 355
1211 356
7010 357
2420 358
7479 359
2495 360
433 361
2036 362
1690 363
2724 364
610 365
6008 366
1588 367
3509 368
5600 369
4464 370
5771 371
6129 372
1640 373
3337 374
200 375
5874 376
1988 377
2780 378
1392 379
1466 380
3904 381
2485 382
3183 383
3960 384
3660 385
2744 386
1109 387
7535 388
280 389
6261 390
7783 391
941 392
6184 393
2422 394
5462 395
2506 396
1580 397
2565 398
7139 399
6271 400
7179 401
290 402
178 403
2511 404
1406 405
7860 406
3112 407
4129 408
3821 409
4575 410
3421 411
4674 412
892 413
1902 414
3370 415
5490 416
1246 417
3082 418
5580 419
7852 420
7464 421
6842 422
2420 423
6354 424
7363 425
4254 426
1103 427
3467 428
2661 429
5929 430
4728 431
6725 432
4590 433
3362 434
2733 435
2113 436
317 437
1055 438
425 439
7457 440
2172 441
1296 442
4159 443
1679 444
3742 445
6391 446
4359 447
6318 448
7647 449
3964 450
6603 451
4026 452
461 453
7643 454
7217 455
2196 456
6762 457
3329 458
7234 459
7123 460
1072 461
7458 462
7711 463
7838 464
3232 465
7056 466
1824 467
6955 468
3759 469
6793 470
7631 471
103 472
5795 473
5194 474
4539 475
3949 476
4895 477
3844 478
1803 479
2422 480
3 481
1169 482
4164 483
2155 484
4242 485
4456 486
6215 487
735 488
7743 489
6507 490
4692 491
1677 492
5833 493
1765 494
7784 495
5062 496
2995 497
1418 498
2855 499
3167 500
2451 501
2819 502
6223 503
4723 504
7730 505
5273 506
6963 507
922 508
1452 509
915 510
1252 511
5297 512
2525 513
6174 514
2832 515
1627 516
2112 517
3567 518
2176 519
7577 520
717 521
3634 522
1779 523
1959 524
34 525
3074 526
6613 527
4988 528
683 529
2915 530
7603 531
7201 532
2629 533
448 534
2289 535
3575 536
1254 537
6700 538
3879 539
5786 540
4659 541
3469 542
1489 543
3481 544
7537 545
7683 546
5120 547
2507 548
854 549
3452 550
3285 551
4908 552
5749 553
7489 554
4085 555
7146 556
6160 557
6967 558
6663 559
3673 560
3389 561
6865 562
4027 563
6410 564
2692 565
3307 566
3841 567
4995 568
3721 569
507 570
4020 571
3090 572
5016 573
1680 574
6949 575
3064 576
5795 577
6289 578
6802 579
5543 580
7367 581
7255 582
6717 583
2277 584
1701 585
5233 586
2325 587
5929 588
7789 589
3221 590
385 591
3573 592
7924 593
4673 594
3271 595
243 596
611 597
3612 598
1629 599
1664 600
1341 601
2660 602
3223 603
2648 604
5083 605
6371 606
3137 607
2680 608
3560 609
4845 610
7663 611
6202 612
5860 613
5307 614
5749 615
6147 616
5120 617
436 618
4382 619
5584 620
3641 621
6001 622
588 623
3250 624
5987 625
6887 626
1181 627
5952 628
6556 629
1054 630
4194 631
2870 632
942 633
2827 634
661 635
4467 636
3692 637
5192 638
2345 639
7551 640
6222 641
7474 642
3999 643
7257 644
4769 645
3825 646
7419 647
7693 648
7437 649
6198 650
6511 651
6722 652
3969 653
2322 654
1250 655
5473 656
3723 657
1643 658
191 659
6135 660
6789 661
542 662
6944 663
1617 664
2472 665
421 666
1443 667
7438 668
5571 669
2596 670
2781 671
1431 672
6519 673
4707 674
6565 675
4974 676
7159 677
7234 678
2229 679
3243 680
7617 681
2685 682
1321 683
3148 684
6520 685
6356 686
324 687
1939 688
4722 689
1331 690
7026 691
450 692
7296 693
5682 694
2690 695
579 696
6639 697
4788 698
2995 699
3506 700
2947 701
2200 702
6310 703
3695 704
2997 705
2299 706
5507 707
2163 708
2856 709
3918 710
93 711
4625 712
5342 713
5130 714
2476 715
2714 716
6836 717
1915 718
6092 719
1059 720
1597 721
3781 722
2076 723
6126 724
1941 725
387 726
2971 727
2882 728
3881 729
5251 730
3279 731
5317 732
1748 733
7998 734
4681 735
4382 736
6640 737
2127 738
1799 739
4564 740
5282 741
1519 742
3623 743
7087 744
4876 745
7503 746
6575 747
6556 748
1237 749
5997 750
5772 751
6677 752
7319 753
7966 754
2410 755
4833 756
7272 757
2425 758
1626 759
3004 760
7773 761
7748 762
1765 763
3998 764
4400 765
39 766
5234 767
537 768
2775 769
1074 770
4569 771
7154 772
2763 773
2307 774
930 775
6936 776
3936 777
3522 778
5646 779
811 780
1680 781
6017 782
2018 783
7967 784
1014 785
1674 786
4369 787
891 788
496 789
1350 790
1277 791
7246 792
3956 793
7874 794
4708 795
6985 796
6712 797
6881 798
1000 799
