850 1350
8009 0
1647 1
1706 2
5531 3
1556 4
7541 5
1659 6
8396 7
1708 8
2696 9
1010 10
6397 11
1271 12
7353 13
8387 14
4385 15
5205 16
2934 17
2475 18
914 19
2834 20
7278 21
6098 22
6358 23
487 24
3486 25
7895 26
7413 27
7804 28
4774 29
4553 30
454 31
744 32
127 33
454 34
1838 35
7416 36
8487 37
1817 38
6436 39
3370 40
251 41
2807 42
7309 43
4058 44
1986 45
7818 46
7768 47
8218 48
1237 49
6786 50
8198 51
6583 52
6438 53
2 54
633 55
1655 56
492 57
6619 58
3387 59
5825 60
5305 61
3605 62
29 63
7533 64
7649 65
7466 66
986 67
4066 68
6524 69
3314 70
2527 71
7191 72
7828 73
8440 74
6050 75
5704 76
2477 77
5609 78
1710 79
2565 80
8238 81
1713 82
3523 83
2420 84
743 85
4038 86
5156 87
845 88
6056 89
7777 90
2369 91
142 92
4973 93
7197 94
5431 95
6333 96
4224 97
3868 98
4273 99
7373 100
2135 101
3720 102
2697 103
7172 104
6227 105
3609 106
4082 107
3011 108
6594 109
2177 110
569 111
5355 112
2351 113
2299 114
3209 115
7462 116
6330 117
4541 118
2758 119
7169 120
2640 121
6438 122
1778 123
2349 124
7154 125
5344 126
4842 127
8446 128
7568 129
7300 130
7806 131
7577 132
3955 133
7979 134
8072 135
7901 136
289 137
7272 138
7415 139
1595 140
1361 141
4679 142
6251 143
8406 144
6324 145
3386 146
62 147
2128 148
5868 149
540 150
5364 151
2777 152
530 153
3286 154
6554 155
3509 156
5748 157
5051 158
6500 159
3333 160
7005 161
4753 162
5834 163
5012 164
1372 165
4473 166
4788 167
7031 168
4681 169
8150 170
4719 171
2478 172
3209 173
8286 174
3618 175
7361 176
2814 177
6195 178
1443 179
2369 180
728 181
3418 182
4167 183
8000 184
3902 185
7209 186
104 187
3475 188
235 189
6648 190
3692 191
5657 192
1358 193
4248 194
4251 195
1590 196
3257 197
2955 198
5057 199
752 200
6493 201
4975 202
291 203
1389 204
1915 205
6037 206
4712 207
2481 208
3636 209
5667 210
443 211
4371 212
1665 213
51 214
2384 215
3130 216
2084 217
326 218
7107 219
5705 220
2052 221
7013 222
4168 223
5273 224
7098 225
4237 226
6007 227
2044 228
1271 229
4447 230
6801 231
7205 232
1976 233
1940 234
7054 235
7289 236
5684 237
5684 238
8023 239
7868 240
6299 241
4732 242
3521 243
1854 244
4685 245
592 246
1743 247
2988 248
4982 249
4613 250
3138 251
4673 252
7791 253
8197 254
3061 255
3593 256
5414 257
1230 258
3583 259
4573 260
125 261
3240 262
3421 263
6038 264
5897 265
3561 266
5015 267
3852 268
7477 269
861 270
690 271
2693 272
172 273
8496 274
8403 275
1507 276
2084 277
5970 278
980 279
4562 280
3650 281
6866 282
875 283
3562 284
3533 285
2585 286
2227 287
269 288
8001 289
5838 290
2540 291
527 292
2328 293
7940 294
2631 295
5263 296
5528 297
2778 298
3986 299
2527 300
2860 301
1445 302
3844 303
3704 304
1509 305
4807 306
2314 307
8212 308
4442 309
6120 310
208 311
2950 312
5833 313
6155 314
6353 315
5874 316
5941 317
524 318
62 319
4951 320
6880 321
503 322
6224 323
1879 324
291 325
2101 326
677 327
7960 328
2686 329
7578 330
7645 331
900 332
4888 333
6422 334
8380 335
6111 336
492 337
1472 338
5507 339
1600 340
3634 341
378 342
3794 343
7830 344
7935 345
4934 346
5940 347
5723 348
5164 349
8368 350
568 351
1112 352
5256 353
7733 354
480 355
6091 356
4360 357
2306 358
1190 359
7415 360
2935 361
2048 362
5610 363
276 364
809 365
1721 366
3769 367
7038 368
4506 369
1582 370
5821 371
4198 372
2959 373
1828 374
4448 375
7083 376
6316 377
6526 378
2003 379
4459 380
991 381
5642 382
5026 383
2426 384
5683 385
663 386
6888 387
407 388
3482 389
5109 390
8361 391
6835 392
2023 393
2533 394
7760 395
6360 396
5133 397
5622 398
83 399
2908 400
4240 401
4422 402
7547 403
1853 404
3425 405
1175 406
922 407
7821 408
8153 409
2502 410
195 411
939 412
4897 413
4545 414
3599 415
3265 416
2619 417
3883 418
7502 419
1627 420
3451 421
8240 422
3222 423
8218 424
3327 425
3593 426
7076 427
6726 428
5552 429
5735 430
5007 431
5679 432
2776 433
6574 434
2171 435
6766 436
8204 437
6803 438
1518 439
5633 440
5929 441
5657 442
1470 443
4157 444
1096 445
3336 446
5527 447
8101 448
449 449
3256 450
1393 451
4504 452
600 453
6736 454
3432 455
2304 456
772 457
5275 458
716 459
5090 460
5208 461
8175 462
6791 463
8081 464
6925 465
6158 466
4132 467
4721 468
490 469
5582 470
7954 471
2076 472
3126 473
3450 474
6589 475
1216 476
4990 477
6471 478
6910 479
2743 480
2171 481
3086 482
1334 483
8450 484
4539 485
6852 486
1286 487
8412 488
6214 489
1185 490
6485 491
2381 492
1363 493
469 494
7886 495
3282 496
763 497
4598 498
884 499
7283 500
7543 501
1801 502
8364 503
3103 504
1152 505
3721 506
6342 507
3478 508
7790 509
139 510
1294 511
4145 512
95 513
6571 514
6386 515
5596 516
6145 517
7687 518
1366 519
7235 520
553 521
7645 522
2670 523
792 524
4128 525
5418 526
7875 527
5448 528
262 529
2706 530
5288 531
3257 532
7432 533
7209 534
4735 535
6070 536
4145 537
5048 538
7373 539
7535 540
254 541
2264 542
444 543
1198 544
8480 545
3024 546
4903 547
6104 548
5759 549
7284 550
6899 551
4737 552
7823 553
3335 554
698 555
2688 556
5261 557
1364 558
7779 559
3315 560
8272 561
2533 562
3060 563
4481 564
1689 565
192 566
1944 567
2871 568
2626 569
1383 570
924 571
206 572
7512 573
2273 574
1474 575
7828 576
2955 577
3072 578
4259 579
2275 580
4408 581
1730 582
6725 583
1101 584
174 585
3608 586
3576 587
7461 588
1777 589
2658 590
7421 591
3622 592
5256 593
5757 594
6867 595
8235 596
7206 597
5032 598
2342 599
6144 600
3181 601
7181 602
5176 603
3929 604
7287 605
4409 606
5948 607
6822 608
7424 609
2760 610
683 611
2273 612
7213 613
2596 614
2274 615
4113 616
6194 617
2797 618
2028 619
176 620
5655 621
8153 622
3713 623
342 624
7799 625
2935 626
1850 627
4988 628
3802 629
3175 630
5655 631
253 632
3684 633
4405 634
1385 635
3710 636
1086 637
6635 638
2240 639
5203 640
2388 641
5026 642
4278 643
4991 644
5920 645
6541 646
7052 647
5527 648
1013 649
6702 650
4607 651
1853 652
249 653
3532 654
4691 655
2687 656
5930 657
7896 658
1704 659
1356 660
4145 661
7336 662
1342 663
8211 664
7177 665
8011 666
3071 667
5757 668
2592 669
4121 670
3875 671
3626 672
8210 673
5606 674
2924 675
5095 676
4775 677
5783 678
369 679
2832 680
6680 681
8079 682
3175 683
805 684
2833 685
4788 686
1232 687
6273 688
2346 689
8499 690
1954 691
5027 692
8106 693
8412 694
3304 695
3392 696
6200 697
4940 698
1459 699
1846 700
2368 701
6713 702
7834 703
1373 704
2906 705
3535 706
6682 707
7637 708
1130 709
6396 710
813 711
469 712
2958 713
6311 714
4071 715
6243 716
729 717
5488 718
1676 719
749 720
6210 721
417 722
1623 723
7773 724
1666 725
5919 726
5048 727
2229 728
853 729
3506 730
32 731
3111 732
3981 733
6357 734
3634 735
7915 736
2490 737
5056 738
6574 739
3626 740
713 741
5876 742
5611 743
6226 744
6069 745
4240 746
3569 747
7671 748
8430 749
5273 750
6435 751
4641 752
340 753
2383 754
8146 755
1444 756
2309 757
2539 758
2467 759
7443 760
969 761
7249 762
5015 763
6749 764
1325 765
7716 766
7875 767
64 768
8073 769
6640 770
4069 771
3921 772
4576 773
5266 774
2761 775
17 776
2974 777
4719 778
3918 779
3173 780
4544 781
7633 782
7708 783
3376 784
8318 785
3082 786
4604 787
402 788
8019 789
8060 790
5694 791
6623 792
8434 793
5209 794
826 795
4232 796
8297 797
61 798
1548 799
1974 800
1664 801
226 802
5133 803
7280 804
4344 805
4046 806
2603 807
5063 808
6544 809
604 810
4658 811
3504 812
2246 813
524 814
1348 815
6548 816
1233 817
2453 818
3796 819
1834 820
1624 821
3674 822
4929 823
193 824
5664 825
118 826
8081 827
4255 828
2772 829
743 830
5141 831
2821 832
1608 833
6766 834
4325 835
2886 836
4786 837
4156 838
3791 839
7043 840
7861 841
1246 842
2135 843
1335 844
5277 845
3166 846
6075 847
4698 848
4007 849
