800 450
1067 0
1758 1
5681 2
3961 3
5862 4
161 5
3914 6
403 7
6280 8
5042 9
1900 10
455 11
6447 12
1006 13
2212 14
670 15
5250 16
467 17
228 18
7555 19
18 20
2089 21
7171 22
3979 23
7865 24
7536 25
2457 26
1834 27
5662 28
749 29
6277 30
2137 31
5006 32
5141 33
5613 34
4993 35
1596 36
3872 37
2523 38
6067 39
5723 40
5279 41
778 42
3872 43
6014 44
7279 45
3726 46
5064 47
3900 48
1444 49
3244 50
1628 51
2363 52
6058 53
4129 54
1384 55
1572 56
4075 57
2556 58
1940 59
1183 60
5470 61
5648 62
1043 63
4231 64
6140 65
2683 66
7346 67
1389 68
6080 69
3558 70
2056 71
5236 72
808 73
5952 74
2887 75
7121 76
4800 77
4214 78
2728 79
2807 80
66 81
6241 82
2482 83
6021 84
5369 85
2980 86
6447 87
3843 88
2387 89
7579 90
3041 91
5599 92
3496 93
5751 94
1923 95
6891 96
5823 97
5674 98
6047 99
1783 100
6069 101
2357 102
2836 103
282 104
6751 105
5936 106
2290 107
6351 108
1747 109
1530 110
1174 111
7089 112
2590 113
6742 114
6429 115
3337 116
2849 117
7259 118
1400 119
7387 120
7052 121
1786 122
2154 123
7436 124
5086 125
987 126
176 127
5464 128
4384 129
4556 130
5244 131
7520 132
3777 133
503 134
4624 135
1213 136
34 137
5665 138
7925 139
7828 140
7600 141
5618 142
5086 143
570 144
2253 145
6093 146
4268 147
5394 148
1980 149
5530 150
118 151
7289 152
6460 153
2629 154
6602 155
156 156
2294 157
6193 158
2349 159
1469 160
7890 161
490 162
6837 163
956 164
3565 165
2510 166
6101 167
2198 168
6853 169
2406 170
5930 171
5777 172
1847 173
5986 174
6016 175
1998 176
1549 177
6868 178
7817 179
7445 180
2208 181
1923 182
1048 183
3496 184
6185 185
5248 186
6320 187
7512 188
6567 189
3598 190
5623 191
4612 192
821 193
5251 194
5447 195
6387 196
335 197
5700 198
4540 199
3683 200
6013 201
3553 202
2395 203
2330 204
5186 205
551 206
6884 207
167 208
3935 209
2206 210
4167 211
6043 212
7115 213
2511 214
2438 215
4642 216
3319 217
6123 218
7776 219
3697 220
6692 221
6157 222
3937 223
2479 224
2519 225
5443 226
3826 227
112 228
2195 229
6000 230
7092 231
1516 232
7980 233
5599 234
5770 235
5789 236
6157 237
7041 238
5249 239
4400 240
7442 241
6937 242
3690 243
5884 244
1814 245
2355 246
2642 247
3480 248
5275 249
5697 250
2346 251
3219 252
4006 253
6033 254
2525 255
1631 256
4902 257
6582 258
3137 259
3358 260
5974 261
5749 262
5304 263
5962 264
1845 265
6603 266
7153 267
7692 268
7519 269
4276 270
3730 271
3543 272
2625 273
6261 274
3941 275
3566 276
4436 277
5780 278
2551 279
750 280
6975 281
5196 282
6675 283
585 284
2084 285
1936 286
3493 287
6333 288
3460 289
7965 290
6348 291
1197 292
274 293
718 294
1326 295
6512 296
1797 297
3980 298
2996 299
342 300
6616 301
7907 302
3927 303
4432 304
7306 305
3161 306
6396 307
7294 308
5718 309
1602 310
7153 311
2881 312
2072 313
5769 314
5467 315
3843 316
708 317
6354 318
1349 319
1582 320
2940 321
2279 322
7865 323
6086 324
5372 325
6157 326
4163 327
2243 328
7313 329
7530 330
1950 331
5518 332
2070 333
6435 334
6160 335
1626 336
1442 337
5846 338
246 339
4674 340
3823 341
4986 342
7394 343
1111 344
6028 345
884 346
2022 347
7820 348
7991 349
7876 350
1834 351
3142 352
6701 353
918 354
4352 355
6127 356
7706 357
3306 358
2310 359
1524 360
4757 361
7441 362
5291 363
3387 364
5378 365
158 366
5758 367
416 368
3872 369
3221 370
2727 371
4034 372
2984 373
5863 374
63 375
6378 376
2000 377
6011 378
3968 379
4572 380
183 381
6533 382
2582 383
7218 384
1098 385
5047 386
4042 387
1534 388
1440 389
7699 390
4870 391
7771 392
4652 393
6441 394
7928 395
6985 396
5708 397
6919 398
7505 399
7045 400
2729 401
6827 402
4945 403
2552 404
3917 405
4332 406
7256 407
5967 408
6835 409
336 410
5317 411
5967 412
2664 413
7805 414
4126 415
4689 416
777 417
4258 418
7667 419
506 420
5774 421
7750 422
729 423
6064 424
1726 425
6944 426
1697 427
5935 428
2307 429
4826 430
2512 431
6872 432
6025 433
5182 434
2349 435
7737 436
7484 437
2232 438
5899 439
4882 440
7649 441
1414 442
1186 443
2731 444
7327 445
5779 446
7495 447
6543 448
3963 449
6002 450
6505 451
7115 452
3903 453
3045 454
7224 455
5518 456
7270 457
239 458
6751 459
7370 460
7252 461
578 462
4971 463
681 464
5829 465
3651 466
5609 467
5836 468
1222 469
206 470
5708 471
7771 472
1579 473
75 474
5015 475
2366 476
4612 477
3911 478
5853 479
7209 480
5398 481
4772 482
6556 483
5258 484
6541 485
384 486
3205 487
5287 488
6843 489
7167 490
4690 491
4242 492
1925 493
927 494
5952 495
3839 496
751 497
3915 498
1064 499
1252 500
6631 501
971 502
7655 503
3311 504
3291 505
5351 506
5524 507
3176 508
3528 509
4483 510
56 511
5936 512
264 513
1497 514
5738 515
6910 516
6860 517
850 518
7773 519
854 520
1345 521
4254 522
5326 523
731 524
2335 525
6698 526
4649 527
1533 528
1169 529
3642 530
4498 531
7603 532
837 533
6681 534
1597 535
4522 536
6916 537
578 538
3167 539
5646 540
6396 541
1023 542
2421 543
6327 544
2315 545
6697 546
6679 547
3311 548
1461 549
5264 550
3757 551
6468 552
5570 553
4817 554
4359 555
7262 556
4689 557
2795 558
170 559
5629 560
3501 561
5788 562
4996 563
3528 564
4158 565
5152 566
5781 567
7502 568
2191 569
271 570
6018 571
1715 572
1301 573
5352 574
680 575
4872 576
5811 577
2897 578
3307 579
3614 580
7858 581
2251 582
4551 583
7859 584
7870 585
2125 586
2040 587
5198 588
2318 589
7274 590
337 591
3498 592
5256 593
1393 594
4541 595
3363 596
4206 597
7958 598
7521 599
5121 600
4421 601
3100 602
513 603
2620 604
6747 605
4619 606
2861 607
6851 608
1911 609
6461 610
6406 611
5933 612
1935 613
3664 614
5333 615
1192 616
7303 617
248 618
7112 619
7935 620
1729 621
2144 622
290 623
1972 624
2355 625
6347 626
4222 627
4442 628
424 629
921 630
7483 631
391 632
5898 633
5239 634
6160 635
4595 636
2645 637
4607 638
6287 639
1375 640
5727 641
832 642
5685 643
6038 644
5497 645
7987 646
855 647
7918 648
6640 649
253 650
2019 651
484 652
6519 653
1384 654
7546 655
6924 656
5891 657
1979 658
2288 659
762 660
2719 661
3850 662
1555 663
7667 664
6104 665
980 666
1356 667
7433 668
1407 669
4229 670
4553 671
2890 672
4004 673
4191 674
7351 675
393 676
5359 677
1874 678
1520 679
5467 680
4089 681
477 682
3693 683
4741 684
7914 685
1835 686
4827 687
4658 688
4934 689
6771 690
7210 691
4123 692
4159 693
3451 694
7489 695
1304 696
6858 697
4702 698
3939 699
2364 700
5496 701
3622 702
1144 703
1738 704
1744 705
2344 706
1682 707
1065 708
7548 709
3127 710
2542 711
6107 712
2202 713
6887 714
7884 715
2326 716
912 717
2802 718
5634 719
1189 720
4613 721
6548 722
7019 723
1768 724
6226 725
498 726
1844 727
7241 728
1681 729
713 730
1255 731
5708 732
3539 733
890 734
6357 735
779 736
2832 737
5469 738
7215 739
4464 740
5722 741
7967 742
4536 743
7392 744
7659 745
4514 746
4074 747
2350 748
7140 749
7908 750
1671 751
7853 752
4 753
6222 754
6285 755
2816 756
6842 757
7426 758
2114 759
83 760
1218 761
767 762
2700 763
5310 764
1456 765
7151 766
5911 767
2825 768
1442 769
120 770
7988 771
7281 772
486 773
2367 774
1057 775
7732 776
6099 777
3682 778
1817 779
4625 780
270 781
7822 782
5405 783
3632 784
2736 785
7776 786
3058 787
482 788
3765 789
2102 790
6071 791
588 792
3470 793
1353 794
4691 795
3844 796
2400 797
4759 798
3125 799
