800 300
2712 0
3214 1
2132 2
6893 3
2768 4
5267 5
3362 6
1216 7
7353 8
7760 9
4082 10
6611 11
7674 12
1485 13
6595 14
4897 15
3384 16
1717 17
7930 18
7618 19
3856 20
4389 21
2865 22
6624 23
1091 24
6505 25
2939 26
6849 27
5653 28
2891 29
7329 30
4770 31
6895 32
1902 33
5376 34
2710 35
7045 36
7595 37
7313 38
6369 39
1666 40
4612 41
3517 42
6449 43
7392 44
175 45
3083 46
1534 47
3860 48
7758 49
6917 50
7507 51
1505 52
4404 53
1415 54
1427 55
999 56
2420 57
1006 58
4929 59
2987 60
7492 61
2817 62
4584 63
1837 64
2843 65
2754 66
7324 67
3237 68
3615 69
548 70
3309 71
3311 72
4471 73
4431 74
423 75
6941 76
6077 77
423 78
6289 79
3650 80
3629 81
6353 82
2139 83
2024 84
6984 85
7802 86
3611 87
5220 88
2135 89
6604 90
622 91
4853 92
7223 93
6824 94
7030 95
6155 96
4870 97
1629 98
2209 99
5539 100
833 101
5997 102
1067 103
228 104
4754 105
6253 106
163 107
5596 108
353 109
1795 110
27 111
1400 112
5862 113
1814 114
6500 115
4980 116
5172 117
4972 118
4194 119
7263 120
5751 121
2000 122
3572 123
6699 124
7964 125
3705 126
2970 127
1570 128
2111 129
4890 130
941 131
6741 132
655 133
1040 134
885 135
4388 136
1383 137
3237 138
3412 139
1938 140
1432 141
673 142
359 143
1920 144
5877 145
2891 146
6801 147
704 148
6536 149
7486 150
2569 151
2457 152
5107 153
5421 154
6120 155
6366 156
754 157
2869 158
6116 159
6791 160
2943 161
5671 162
6372 163
7481 164
3439 165
5991 166
940 167
4912 168
6769 169
3638 170
1257 171
3512 172
2104 173
7172 174
2153 175
557 176
4285 177
2109 178
5069 179
3899 180
502 181
1625 182
1954 183
2962 184
4414 185
5426 186
4352 187
4871 188
3832 189
6112 190
6578 191
3183 192
33 193
166 194
5644 195
4826 196
871 197
5993 198
5716 199
3295 200
3965 201
7495 202
4305 203
5277 204
5785 205
1381 206
7274 207
6898 208
6374 209
2824 210
2690 211
5876 212
3735 213
61 214
3838 215
6481 216
5712 217
2569 218
6442 219
5818 220
7017 221
3160 222
4958 223
5568 224
2607 225
561 226
2436 227
3955 228
1109 229
3132 230
6518 231
3793 232
577 233
1838 234
1576 235
3695 236
7151 237
5771 238
3962 239
7445 240
5193 241
412 242
802 243
6640 244
3307 245
5883 246
279 247
4671 248
4681 249
3324 250
2419 251
809 252
817 253
392 254
3246 255
2585 256
1110 257
7306 258
4428 259
2875 260
5673 261
4710 262
7429 263
6241 264
3029 265
6882 266
247 267
1777 268
4819 269
6802 270
3953 271
3884 272
1576 273
1101 274
6033 275
1440 276
2946 277
3385 278
409 279
5458 280
4891 281
279 282
4862 283
1772 284
572 285
5511 286
3746 287
2777 288
926 289
1941 290
2879 291
6578 292
7397 293
3445 294
7763 295
5597 296
5051 297
3696 298
1403 299
3105 300
4809 301
1374 302
3752 303
6769 304
4615 305
6612 306
2147 307
3858 308
2500 309
3187 310
3885 311
7815 312
7471 313
5589 314
4884 315
5547 316
7025 317
6766 318
4719 319
7945 320
5557 321
7326 322
7401 323
296 324
7918 325
429 326
7420 327
1724 328
1239 329
5539 330
5300 331
4103 332
462 333
3112 334
6617 335
4523 336
5736 337
4581 338
2220 339
2850 340
4450 341
2392 342
3896 343
3398 344
7178 345
6024 346
7971 347
17 348
189 349
4827 350
6463 351
6714 352
4342 353
5049 354
4838 355
2575 356
2203 357
1068 358
7033 359
3491 360
2122 361
808 362
7773 363
1937 364
6794 365
7938 366
282 367
7861 368
1978 369
2073 370
6525 371
1093 372
6100 373
3057 374
3154 375
7432 376
7171 377
3577 378
5024 379
1386 380
1135 381
3593 382
5977 383
5836 384
253 385
6464 386
3896 387
6476 388
1453 389
6619 390
5659 391
7996 392
1917 393
1386 394
3574 395
3607 396
5138 397
688 398
3503 399
3944 400
7096 401
4440 402
2601 403
7260 404
3967 405
7843 406
7897 407
4140 408
4203 409
449 410
1952 411
1055 412
1703 413
6335 414
88 415
6629 416
5945 417
5116 418
3857 419
5339 420
1684 421
7279 422
6051 423
3177 424
55 425
7622 426
3876 427
519 428
573 429
4903 430
7380 431
6203 432
1124 433
1711 434
4172 435
4159 436
7931 437
4777 438
3111 439
3788 440
6302 441
359 442
1663 443
2735 444
6247 445
3039 446
4178 447
7033 448
6324 449
2039 450
697 451
2925 452
1112 453
7546 454
3712 455
5093 456
4600 457
5698 458
6103 459
6579 460
3638 461
7135 462
3422 463
5133 464
1568 465
3512 466
7935 467
7536 468
144 469
5131 470
929 471
6835 472
3169 473
4506 474
3717 475
1105 476
3658 477
187 478
1894 479
7581 480
1508 481
6703 482
3670 483
3083 484
807 485
2444 486
719 487
7312 488
7897 489
7410 490
7254 491
3206 492
1211 493
5837 494
3586 495
5282 496
6746 497
5664 498
3514 499
7390 500
4706 501
6025 502
3460 503
1242 504
1562 505
5602 506
7781 507
1949 508
1446 509
1496 510
6804 511
2903 512
2400 513
5087 514
2470 515
1203 516
1652 517
6248 518
2307 519
5779 520
4423 521
2818 522
3985 523
1257 524
1747 525
6552 526
2509 527
379 528
1622 529
7516 530
6916 531
4047 532
1740 533
2474 534
3945 535
6591 536
273 537
4032 538
4863 539
2935 540
725 541
5172 542
6669 543
6466 544
1138 545
2575 546
6931 547
259 548
7530 549
7335 550
7975 551
2208 552
1717 553
3174 554
5840 555
4899 556
4558 557
4726 558
4218 559
1321 560
4368 561
7461 562
7979 563
7285 564
483 565
6499 566
5040 567
3135 568
2699 569
128 570
2236 571
222 572
2257 573
5713 574
5798 575
3709 576
4888 577
3814 578
5967 579
3885 580
1889 581
1974 582
6967 583
2095 584
2567 585
2053 586
4235 587
3777 588
662 589
3372 590
4137 591
188 592
2197 593
4404 594
2145 595
7777 596
7646 597
1503 598
6549 599
3416 600
4519 601
2093 602
7549 603
7842 604
5449 605
6879 606
3265 607
7185 608
6085 609
6394 610
7053 611
1041 612
2430 613
4169 614
6184 615
6197 616
4034 617
5882 618
5262 619
4762 620
5368 621
4472 622
2073 623
2382 624
5173 625
486 626
6489 627
7210 628
4734 629
2582 630
2198 631
915 632
4375 633
347 634
5912 635
3903 636
5576 637
2190 638
918 639
2224 640
5019 641
1047 642
4483 643
3304 644
7265 645
2942 646
159 647
2718 648
1173 649
362 650
3703 651
5990 652
345 653
5106 654
2070 655
222 656
921 657
6976 658
5962 659
101 660
7335 661
3744 662
3377 663
6725 664
5289 665
4694 666
6297 667
7445 668
3004 669
4116 670
2951 671
5568 672
6008 673
5042 674
7748 675
2535 676
354 677
739 678
1137 679
1616 680
7639 681
5793 682
6096 683
201 684
5208 685
3068 686
7709 687
2803 688
5106 689
357 690
248 691
1238 692
5271 693
6274 694
1676 695
6462 696
2481 697
3534 698
3392 699
552 700
53 701
669 702
5367 703
5684 704
1221 705
2169 706
6132 707
51 708
7307 709
1108 710
2020 711
1962 712
3184 713
2823 714
568 715
5843 716
7716 717
7962 718
1463 719
2988 720
6954 721
7424 722
5603 723
2174 724
3777 725
3230 726
2399 727
3890 728
1951 729
6897 730
1754 731
5920 732
3552 733
800 734
1672 735
4172 736
3700 737
7951 738
4634 739
2931 740
2485 741
7460 742
6755 743
1184 744
4566 745
4959 746
7404 747
4777 748
6676 749
3187 750
3689 751
2522 752
5587 753
4019 754
2404 755
1464 756
4448 757
5235 758
6873 759
866 760
3052 761
1911 762
1069 763
3889 764
7501 765
3189 766
5711 767
6598 768
6116 769
1744 770
1456 771
4749 772
6381 773
2833 774
6395 775
2391 776
3564 777
7944 778
184 779
4234 780
1887 781
7908 782
5731 783
2635 784
6304 785
445 786
2189 787
2956 788
4530 789
3286 790
4242 791
1796 792
6565 793
6327 794
6722 795
4183 796
2794 797
1800 798
3997 799
