800 250
2320 0
7556 1
2244 2
1702 3
3094 4
950 5
7286 6
6218 7
5723 8
3183 9
5842 10
3808 11
3687 12
2668 13
2678 14
5233 15
1972 16
2138 17
6895 18
1329 19
1963 20
1884 21
7741 22
4207 23
5228 24
5644 25
5243 26
3200 27
6778 28
2325 29
6444 30
344 31
7963 32
7666 33
5685 34
6469 35
1704 36
1516 37
2696 38
1700 39
2806 40
3591 41
4276 42
4109 43
937 44
2198 45
7857 46
5707 47
1954 48
1069 49
4713 50
7724 51
3677 52
6789 53
5803 54
3507 55
736 56
5130 57
4190 58
5673 59
2112 60
3982 61
7822 62
6432 63
547 64
843 65
6468 66
5752 67
792 68
5898 69
4794 70
2929 71
6533 72
317 73
7854 74
2322 75
1181 76
4110 77
4760 78
2918 79
2125 80
7714 81
1262 82
4162 83
6283 84
2191 85
7191 86
4833 87
5972 88
5554 89
3567 90
1802 91
252 92
2431 93
7098 94
6485 95
1980 96
1508 97
1847 98
2222 99
5875 100
3966 101
5604 102
2669 103
4557 104
5693 105
6148 106
214 107
6055 108
7367 109
6261 110
7444 111
5027 112
7094 113
7667 114
2617 115
3676 116
2014 117
4965 118
602 119
2419 120
770 121
7331 122
4329 123
6699 124
4368 125
1202 126
3853 127
735 128
3173 129
2029 130
7416 131
4420 132
3420 133
1098 134
6965 135
4535 136
51 137
7730 138
3968 139
739 140
6495 141
1873 142
1837 143
268 144
1572 145
4333 146
4365 147
883 148
2356 149
7062 150
5254 151
1636 152
6365 153
4136 154
3603 155
7065 156
6461 157
1809 158
4304 159
1164 160
894 161
3060 162
3134 163
6641 164
5552 165
1127 166
5847 167
4704 168
2661 169
2215 170
5331 171
2697 172
3861 173
744 174
7567 175
3962 176
2677 177
1787 178
6192 179
5196 180
6574 181
5582 182
1795 183
6239 184
1257 185
496 186
5334 187
276 188
4060 189
6727 190
2732 191
5782 192
5544 193
6935 194
371 195
2952 196
7755 197
2545 198
7474 199
875 200
4568 201
5888 202
7051 203
5185 204
2759 205
7248 206
1690 207
503 208
1202 209
1373 210
4673 211
6676 212
6771 213
6744 214
6641 215
1286 216
3968 217
1245 218
2957 219
615 220
3232 221
2478 222
1035 223
5311 224
152 225
7830 226
502 227
1613 228
7938 229
2284 230
6476 231
6719 232
1906 233
73 234
4463 235
3519 236
2909 237
5232 238
7649 239
1447 240
1458 241
6585 242
5666 243
5251 244
3939 245
1931 246
7491 247
1795 248
4095 249
7063 250
6219 251
1373 252
1480 253
277 254
4020 255
1415 256
5208 257
1606 258
26 259
4375 260
4425 261
7758 262
886 263
2541 264
7763 265
954 266
4598 267
4449 268
151 269
1812 270
5582 271
7209 272
5561 273
1160 274
1 275
4826 276
702 277
3734 278
5867 279
2666 280
2181 281
5244 282
5477 283
7908 284
5338 285
6658 286
393 287
6012 288
2057 289
1368 290
208 291
2686 292
7969 293
158 294
2240 295
7125 296
999 297
4390 298
1940 299
130 300
6732 301
6423 302
3206 303
7184 304
4020 305
6552 306
7954 307
4644 308
865 309
5950 310
1470 311
7039 312
3582 313
5441 314
7384 315
6541 316
2519 317
5401 318
3794 319
3868 320
2162 321
2166 322
6769 323
6588 324
7838 325
2651 326
779 327
7420 328
5732 329
2875 330
4210 331
3030 332
3729 333
3572 334
6167 335
2133 336
6078 337
2928 338
487 339
2065 340
7273 341
6891 342
7315 343
7921 344
1645 345
1210 346
3643 347
3647 348
258 349
1423 350
616 351
4395 352
6581 353
1155 354
3819 355
6202 356
6026 357
7520 358
2028 359
7737 360
4885 361
795 362
4948 363
5619 364
3973 365
2561 366
7925 367
5896 368
1327 369
394 370
6333 371
4485 372
7084 373
3794 374
489 375
3833 376
5678 377
2192 378
3725 379
1870 380
2412 381
3778 382
3074 383
113 384
3175 385
3471 386
6352 387
397 388
2881 389
5996 390
5575 391
4883 392
848 393
4731 394
3207 395
3963 396
4376 397
7719 398
950 399
6616 400
623 401
2394 402
6119 403
4722 404
6474 405
7017 406
3715 407
1160 408
986 409
5564 410
7135 411
1583 412
5098 413
4409 414
231 415
2018 416
5152 417
4041 418
2165 419
6779 420
1177 421
4207 422
5074 423
4236 424
7413 425
357 426
286 427
2940 428
968 429
2299 430
2799 431
2614 432
6175 433
2501 434
2832 435
3108 436
216 437
4503 438
751 439
6531 440
5142 441
7692 442
948 443
6802 444
3922 445
2040 446
3969 447
7906 448
1577 449
2783 450
5290 451
6576 452
7521 453
825 454
6872 455
1764 456
7700 457
6506 458
7717 459
1192 460
1792 461
7185 462
5711 463
7900 464
5113 465
2110 466
397 467
2170 468
6568 469
5732 470
7216 471
6178 472
5944 473
7746 474
7261 475
911 476
3309 477
3799 478
4628 479
356 480
3227 481
7238 482
4402 483
6368 484
6150 485
7689 486
2816 487
4540 488
3087 489
3958 490
7531 491
4828 492
6851 493
6980 494
3177 495
5136 496
1966 497
4295 498
3328 499
6431 500
6020 501
3452 502
2692 503
487 504
6524 505
3223 506
1578 507
1889 508
5487 509
2092 510
3796 511
6118 512
7262 513
6906 514
2546 515
1434 516
3972 517
7273 518
3421 519
2701 520
5016 521
7403 522
1058 523
1390 524
6942 525
7414 526
5985 527
4410 528
5376 529
365 530
5543 531
1324 532
6488 533
5675 534
1767 535
6825 536
7304 537
1852 538
7588 539
2889 540
1681 541
1212 542
6158 543
1484 544
148 545
1954 546
4237 547
327 548
1156 549
2374 550
1017 551
2575 552
2666 553
6053 554
3244 555
5990 556
2736 557
4183 558
4538 559
7665 560
4328 561
5861 562
5425 563
3440 564
419 565
7987 566
1991 567
4237 568
6260 569
5272 570
1962 571
1499 572
3959 573
1983 574
2257 575
2193 576
6993 577
5188 578
5903 579
132 580
1059 581
7646 582
1496 583
4088 584
6149 585
6081 586
5128 587
2669 588
4456 589
3627 590
473 591
5466 592
428 593
6594 594
3407 595
7268 596
1249 597
7888 598
4432 599
1234 600
4468 601
2598 602
7525 603
7326 604
4013 605
503 606
1920 607
973 608
3996 609
394 610
5294 611
3743 612
19 613
6841 614
7124 615
25 616
5953 617
7083 618
1865 619
5689 620
4182 621
1919 622
5621 623
2408 624
6064 625
6111 626
2553 627
2865 628
6490 629
1480 630
2742 631
3732 632
3403 633
2281 634
46 635
5659 636
7140 637
653 638
4976 639
1241 640
2731 641
1514 642
5122 643
3339 644
5167 645
5186 646
5082 647
7583 648
7487 649
7516 650
7038 651
2955 652
3539 653
496 654
180 655
1238 656
1606 657
5151 658
338 659
3573 660
4716 661
6468 662
7382 663
5294 664
3845 665
1462 666
6666 667
5549 668
3452 669
7031 670
6093 671
1120 672
577 673
647 674
991 675
4040 676
4392 677
374 678
1300 679
7648 680
6658 681
6365 682
4229 683
3698 684
5890 685
6854 686
6232 687
300 688
5323 689
7297 690
7707 691
4045 692
3249 693
7178 694
4025 695
129 696
5223 697
2255 698
517 699
2665 700
2465 701
695 702
4990 703
6069 704
2709 705
7061 706
4239 707
1861 708
6130 709
2796 710
7930 711
5354 712
5272 713
6327 714
1219 715
3408 716
7340 717
7885 718
2956 719
930 720
783 721
2759 722
3960 723
6356 724
3770 725
7378 726
3267 727
1040 728
5649 729
3003 730
3635 731
1099 732
1535 733
6943 734
6164 735
976 736
3986 737
7203 738
4430 739
7374 740
5550 741
6703 742
6891 743
2641 744
7482 745
6458 746
1601 747
2360 748
7253 749
3473 750
4188 751
1229 752
3520 753
7591 754
4809 755
4383 756
7665 757
7243 758
5091 759
1336 760
5411 761
7207 762
1778 763
457 764
2138 765
2299 766
4474 767
6685 768
3851 769
2550 770
5403 771
6347 772
3692 773
7143 774
7758 775
6399 776
4875 777
217 778
5972 779
2713 780
6996 781
5715 782
5023 783
7004 784
3570 785
6475 786
2474 787
4756 788
5137 789
5713 790
4967 791
633 792
3608 793
5022 794
320 795
4561 796
4282 797
1877 798
3853 799
