850 850
8419 0
3124 1
3685 2
8054 3
4272 4
4277 5
3250 6
4563 7
408 8
3886 9
8252 10
5762 11
5236 12
3172 13
5917 14
3742 15
4957 16
5584 17
5457 18
2979 19
2643 20
1795 21
4307 22
5939 23
5694 24
2372 25
4744 26
7417 27
4422 28
1758 29
7561 30
5868 31
1875 32
1486 33
4675 34
2835 35
5251 36
8403 37
2716 38
4988 39
7985 40
8266 41
3322 42
1409 43
2591 44
1827 45
1780 46
2824 47
4945 48
7124 49
374 50
3509 51
1977 52
3384 53
7448 54
1542 55
3113 56
1437 57
4151 58
6283 59
928 60
7011 61
4002 62
4388 63
5140 64
5513 65
7709 66
4778 67
6954 68
1762 69
8374 70
395 71
4921 72
6763 73
6301 74
1124 75
9 76
6373 77
6156 78
3314 79
7925 80
2123 81
1017 82
2889 83
245 84
6171 85
2517 86
6204 87
2712 88
555 89
3040 90
3737 91
733 92
2217 93
4803 94
6973 95
3790 96
2386 97
5439 98
7261 99
1546 100
3677 101
7863 102
6224 103
5518 104
5449 105
6345 106
460 107
7845 108
4437 109
2239 110
8052 111
4234 112
6153 113
147 114
422 115
6252 116
5321 117
5635 118
713 119
2337 120
7478 121
1048 122
3750 123
2747 124
3642 125
7418 126
3617 127
136 128
1038 129
7686 130
7379 131
6185 132
1899 133
1112 134
6955 135
4044 136
203 137
2805 138
143 139
8089 140
2679 141
5356 142
7117 143
3746 144
4569 145
4733 146
5602 147
7119 148
1359 149
3845 150
6775 151
7270 152
6075 153
573 154
2157 155
3988 156
2063 157
7029 158
4522 159
7027 160
2449 161
821 162
671 163
8438 164
3983 165
7634 166
6497 167
2024 168
401 169
2046 170
2095 171
6497 172
2104 173
8025 174
5530 175
7962 176
7473 177
3231 178
2702 179
6462 180
3041 181
2355 182
1681 183
1059 184
6457 185
1920 186
2203 187
5564 188
5733 189
434 190
3534 191
8108 192
7301 193
1363 194
5235 195
11 196
1921 197
1832 198
5578 199
1633 200
2190 201
740 202
6405 203
3040 204
2675 205
1305 206
3788 207
2620 208
5240 209
3577 210
7564 211
1307 212
7197 213
6007 214
3530 215
774 216
1205 217
2774 218
6799 219
6652 220
5402 221
1485 222
1633 223
8095 224
5680 225
8116 226
2402 227
7376 228
178 229
5013 230
7490 231
7974 232
4231 233
876 234
20 235
7528 236
7880 237
6513 238
94 239
3403 240
3085 241
7636 242
6398 243
2318 244
4437 245
6967 246
489 247
1560 248
5755 249
6332 250
852 251
2427 252
8328 253
6141 254
7803 255
4116 256
7848 257
3334 258
8472 259
6047 260
6759 261
1905 262
4004 263
2032 264
377 265
716 266
427 267
4602 268
1985 269
2522 270
4700 271
5141 272
4427 273
412 274
2273 275
7711 276
6460 277
5655 278
3356 279
7433 280
2747 281
93 282
70 283
3045 284
4606 285
6685 286
4772 287
1355 288
6009 289
2739 290
6425 291
7344 292
3317 293
4244 294
8476 295
7393 296
4029 297
4104 298
5434 299
3887 300
907 301
5949 302
3806 303
3707 304
5779 305
2210 306
8402 307
911 308
3754 309
1190 310
6681 311
3768 312
3623 313
2741 314
675 315
2195 316
5527 317
554 318
5443 319
3632 320
6024 321
6819 322
6977 323
5806 324
5706 325
3243 326
5793 327
6057 328
6035 329
5626 330
4402 331
3844 332
162 333
134 334
7200 335
6187 336
4865 337
5387 338
2254 339
5074 340
5878 341
7499 342
4292 343
118 344
5873 345
5432 346
6268 347
3702 348
4293 349
8358 350
1513 351
3627 352
3515 353
3912 354
6639 355
7742 356
7030 357
6031 358
4795 359
1735 360
7844 361
456 362
6338 363
3652 364
7355 365
6978 366
242 367
4657 368
5733 369
620 370
7777 371
8310 372
7842 373
4935 374
5285 375
2779 376
8157 377
8314 378
6768 379
7070 380
5134 381
7802 382
7360 383
7074 384
1728 385
2696 386
4594 387
1798 388
105 389
3860 390
5495 391
555 392
7724 393
3258 394
7626 395
51 396
1916 397
2635 398
3942 399
1651 400
1560 401
4200 402
7474 403
7408 404
6698 405
902 406
7152 407
1705 408
555 409
4671 410
249 411
8332 412
5836 413
3812 414
2426 415
3560 416
7144 417
8435 418
250 419
8298 420
6860 421
1483 422
431 423
560 424
6385 425
5838 426
7932 427
4818 428
8049 429
220 430
371 431
5959 432
4202 433
91 434
3505 435
7092 436
1166 437
1645 438
1175 439
4153 440
2077 441
7441 442
5108 443
1505 444
2192 445
7783 446
3295 447
7692 448
4172 449
2503 450
5961 451
2764 452
2565 453
5943 454
5730 455
3609 456
6808 457
4056 458
2575 459
6872 460
2736 461
2418 462
6934 463
8009 464
2254 465
1035 466
6386 467
5748 468
5925 469
4828 470
1213 471
7587 472
6941 473
1938 474
6429 475
3011 476
7234 477
2015 478
1136 479
5978 480
922 481
1142 482
6276 483
1620 484
3156 485
4923 486
6343 487
2120 488
5276 489
5333 490
4684 491
772 492
2097 493
1560 494
3194 495
4471 496
530 497
7386 498
5469 499
6111 500
2112 501
5638 502
3639 503
3222 504
6778 505
7534 506
6783 507
144 508
5227 509
2840 510
5266 511
2993 512
7039 513
2381 514
89 515
8048 516
180 517
2695 518
3493 519
2334 520
6533 521
5200 522
1623 523
6371 524
280 525
8340 526
7242 527
5158 528
7365 529
794 530
6674 531
5314 532
4440 533
1392 534
6665 535
643 536
2311 537
2936 538
6867 539
6582 540
5243 541
1919 542
7703 543
7361 544
6178 545
7753 546
8388 547
430 548
823 549
519 550
2648 551
2628 552
4826 553
6123 554
4479 555
3658 556
5621 557
975 558
1070 559
4315 560
3451 561
4046 562
7077 563
1882 564
7215 565
4171 566
5571 567
3855 568
3226 569
2019 570
3281 571
6629 572
6683 573
4863 574
2188 575
1376 576
771 577
7289 578
4837 579
525 580
5963 581
4233 582
1401 583
400 584
3823 585
4740 586
6194 587
3644 588
6760 589
223 590
5209 591
7905 592
1594 593
4350 594
1651 595
6406 596
5217 597
2733 598
176 599
3552 600
4752 601
6642 602
3115 603
2856 604
1392 605
8369 606
4569 607
6392 608
2988 609
7981 610
82 611
6387 612
164 613
2146 614
6307 615
732 616
4003 617
5430 618
5934 619
6794 620
482 621
245 622
3994 623
3169 624
710 625
6643 626
8240 627
7515 628
4153 629
3077 630
4379 631
4570 632
7490 633
7798 634
6238 635
2002 636
2902 637
7386 638
6355 639
6734 640
7109 641
5253 642
3195 643
1692 644
1406 645
7277 646
6362 647
3480 648
1679 649
1717 650
6785 651
450 652
1379 653
6917 654
837 655
5640 656
7929 657
6255 658
1163 659
7167 660
2307 661
5158 662
1214 663
1197 664
2057 665
1754 666
3984 667
7448 668
1730 669
7307 670
5467 671
7342 672
746 673
7977 674
983 675
5795 676
8403 677
5707 678
4136 679
7669 680
7396 681
5844 682
201 683
3779 684
8016 685
959 686
5969 687
5243 688
1505 689
7289 690
940 691
2488 692
1779 693
67 694
5165 695
1834 696
3177 697
7604 698
5117 699
366 700
6764 701
2490 702
2733 703
5529 704
2145 705
4389 706
1461 707
3309 708
3892 709
2881 710
271 711
7149 712
2157 713
6686 714
8393 715
3909 716
3729 717
4378 718
3550 719
8404 720
4038 721
2073 722
3620 723
7165 724
6088 725
1148 726
2586 727
5749 728
7388 729
5088 730
4593 731
2724 732
4324 733
7670 734
2175 735
1428 736
7987 737
2572 738
4456 739
1316 740
7491 741
3756 742
5660 743
3782 744
5270 745
8244 746
2157 747
3975 748
271 749
2622 750
3713 751
572 752
6740 753
1134 754
5581 755
910 756
1815 757
1234 758
6048 759
2180 760
2939 761
4690 762
1399 763
8026 764
1929 765
3825 766
4946 767
5209 768
2865 769
6770 770
989 771
2324 772
7488 773
4253 774
4127 775
7968 776
1493 777
7238 778
3937 779
3488 780
345 781
544 782
5549 783
2228 784
6289 785
2465 786
48 787
6698 788
2974 789
4458 790
6400 791
84 792
7187 793
1555 794
3095 795
4889 796
8011 797
5255 798
2751 799
5538 800
2842 801
7233 802
2444 803
7299 804
3930 805
2065 806
2230 807
4689 808
4374 809
8396 810
4344 811
7354 812
3139 813
4849 814
5122 815
5168 816
5591 817
1575 818
5566 819
7708 820
1378 821
5946 822
2589 823
1213 824
424 825
6959 826
5537 827
1893 828
3780 829
674 830
5146 831
4360 832
529 833
1120 834
3215 835
6543 836
4758 837
3197 838
1091 839
4469 840
3988 841
4548 842
6060 843
7957 844
4162 845
8182 846
7040 847
1934 848
2747 849
