800 700
6381 0
5639 1
2926 2
1892 3
3783 4
7653 5
522 6
978 7
6011 8
7752 9
4618 10
7297 11
7755 12
7757 13
3052 14
5417 15
6826 16
7702 17
1058 18
4005 19
4657 20
6676 21
5240 22
1332 23
2880 24
7332 25
5469 26
5334 27
7514 28
1826 29
1255 30
7580 31
2398 32
3292 33
5584 34
1927 35
1335 36
4240 37
1749 38
616 39
1531 40
3483 41
6747 42
2589 43
1783 44
1577 45
2053 46
4621 47
743 48
7369 49
3326 50
2613 51
1053 52
1406 53
3223 54
1993 55
2784 56
3358 57
1659 58
5617 59
1376 60
1611 61
1690 62
3565 63
7958 64
1357 65
1103 66
7625 67
7958 68
1500 69
3890 70
3651 71
888 72
474 73
2327 74
6952 75
1106 76
7200 77
6746 78
6552 79
1789 80
1878 81
5050 82
1948 83
4421 84
7013 85
7280 86
7739 87
7136 88
237 89
5828 90
6548 91
7827 92
7461 93
4540 94
2294 95
5887 96
96 97
5766 98
4331 99
4784 100
6501 101
4067 102
1735 103
1985 104
5429 105
4738 106
3906 107
7239 108
5774 109
3949 110
6715 111
3392 112
3603 113
6005 114
2997 115
5599 116
5996 117
3612 118
6009 119
1543 120
5693 121
4870 122
788 123
1087 124
4171 125
3190 126
34 127
9 128
968 129
5890 130
5778 131
3597 132
7231 133
1959 134
7567 135
1457 136
2223 137
5346 138
374 139
5091 140
7842 141
4521 142
2584 143
237 144
6821 145
3220 146
3655 147
2229 148
1476 149
1875 150
2728 151
1056 152
6209 153
7975 154
7551 155
1856 156
597 157
1990 158
6292 159
6362 160
5176 161
6670 162
5395 163
2000 164
5901 165
5598 166
4964 167
4863 168
456 169
7790 170
6 171
1423 172
2709 173
3685 174
1809 175
6390 176
5736 177
470 178
2063 179
102 180
1435 181
7380 182
6638 183
4584 184
2666 185
2993 186
1382 187
5631 188
6462 189
4608 190
6015 191
7485 192
2330 193
6481 194
750 195
7311 196
3111 197
2713 198
7446 199
6731 200
3381 201
2674 202
4565 203
3685 204
4213 205
1095 206
3432 207
335 208
6170 209
2548 210
1671 211
117 212
7450 213
4889 214
3078 215
3395 216
4134 217
241 218
7054 219
7715 220
2971 221
163 222
7312 223
2233 224
2561 225
5092 226
5253 227
7240 228
5795 229
5964 230
4063 231
1013 232
3401 233
797 234
5738 235
7480 236
7659 237
5365 238
1135 239
2785 240
3242 241
3192 242
7426 243
2687 244
494 245
4945 246
2599 247
6594 248
1510 249
347 250
2101 251
4567 252
1380 253
5863 254
2986 255
7131 256
6129 257
795 258
6272 259
1592 260
500 261
4582 262
4737 263
7882 264
7038 265
7190 266
7873 267
2726 268
7168 269
56 270
154 271
5509 272
3891 273
7502 274
7883 275
2036 276
1447 277
132 278
5620 279
1988 280
3571 281
4176 282
1989 283
655 284
6301 285
5177 286
4748 287
3417 288
332 289
3647 290
3852 291
4804 292
1895 293
4299 294
7431 295
2467 296
635 297
3941 298
2445 299
4275 300
2046 301
5375 302
6417 303
1345 304
5670 305
7281 306
5474 307
6697 308
2657 309
5490 310
1799 311
7240 312
1659 313
6781 314
6581 315
6469 316
3406 317
6303 318
4739 319
5659 320
4047 321
1103 322
6941 323
6071 324
7889 325
7788 326
1064 327
643 328
4221 329
5754 330
6920 331
3377 332
3288 333
6663 334
7682 335
4174 336
4796 337
7219 338
360 339
6813 340
3017 341
1972 342
7479 343
3632 344
5772 345
3587 346
1294 347
6517 348
5313 349
5703 350
4311 351
4175 352
2612 353
2469 354
6753 355
7250 356
2951 357
5305 358
3752 359
1651 360
1721 361
5072 362
5794 363
5360 364
7613 365
305 366
7793 367
6800 368
1211 369
527 370
3510 371
7003 372
3712 373
4999 374
1550 375
6601 376
3834 377
6922 378
1063 379
1955 380
763 381
4055 382
3809 383
7445 384
2004 385
1187 386
1747 387
3063 388
5025 389
6726 390
4372 391
2648 392
7892 393
7692 394
5534 395
4008 396
7424 397
872 398
1555 399
1694 400
7673 401
21 402
750 403
1703 404
654 405
4433 406
1225 407
2252 408
3186 409
2824 410
3626 411
4080 412
7141 413
4596 414
1259 415
1451 416
7352 417
226 418
5427 419
7233 420
5241 421
368 422
4865 423
2094 424
6248 425
4205 426
6376 427
3075 428
5071 429
4832 430
3666 431
2364 432
5499 433
4988 434
1244 435
5808 436
6998 437
3245 438
1182 439
2400 440
2226 441
4664 442
1607 443
4080 444
270 445
1458 446
4954 447
6810 448
1731 449
5361 450
4645 451
2594 452
2259 453
1413 454
2638 455
4175 456
4054 457
2815 458
7748 459
6784 460
183 461
6775 462
3027 463
3386 464
5620 465
3652 466
300 467
6175 468
5822 469
5084 470
3513 471
1610 472
3719 473
38 474
4196 475
7591 476
2419 477
4991 478
3670 479
1693 480
5554 481
6781 482
6008 483
5475 484
3553 485
356 486
2355 487
956 488
6669 489
7581 490
5641 491
7263 492
1232 493
4953 494
2885 495
3238 496
7354 497
487 498
1495 499
5459 500
219 501
7232 502
74 503
5582 504
5161 505
429 506
5970 507
3001 508
6077 509
2714 510
2376 511
6705 512
259 513
4524 514
574 515
1827 516
1305 517
7038 518
3228 519
4775 520
6966 521
5295 522
1625 523
7442 524
2624 525
7442 526
4794 527
3709 528
2536 529
2556 530
786 531
2293 532
1021 533
2382 534
2877 535
2701 536
3997 537
3589 538
7734 539
6491 540
1515 541
1156 542
5158 543
4832 544
6610 545
2779 546
4114 547
1417 548
1187 549
3137 550
7798 551
5506 552
4698 553
1113 554
6742 555
3959 556
1188 557
6817 558
4808 559
5123 560
5914 561
3919 562
7793 563
1034 564
730 565
1239 566
2659 567
2118 568
1444 569
6075 570
886 571
2301 572
3497 573
1027 574
4802 575
2306 576
4260 577
1498 578
1680 579
5436 580
2545 581
7522 582
167 583
3566 584
1856 585
33 586
2016 587
2245 588
4094 589
1960 590
287 591
6308 592
3887 593
1398 594
4383 595
5129 596
3318 597
3219 598
1246 599
4958 600
4334 601
6188 602
1016 603
6165 604
4041 605
7124 606
1480 607
1998 608
3476 609
1788 610
990 611
7730 612
3331 613
6348 614
3949 615
2597 616
6139 617
642 618
3715 619
1262 620
6453 621
6033 622
973 623
2281 624
562 625
943 626
5574 627
949 628
2871 629
709 630
675 631
4680 632
2015 633
6637 634
6027 635
3113 636
268 637
1013 638
483 639
5400 640
1990 641
1909 642
2987 643
606 644
7371 645
691 646
2957 647
4037 648
446 649
2741 650
1244 651
4401 652
608 653
1317 654
3828 655
4877 656
4285 657
1782 658
6333 659
6829 660
5679 661
6116 662
5661 663
4057 664
2073 665
4779 666
6024 667
3140 668
7482 669
5512 670
1389 671
6950 672
933 673
3140 674
1995 675
4384 676
5433 677
2380 678
262 679
1947 680
3673 681
1577 682
6838 683
3233 684
7986 685
1964 686
1103 687
6769 688
4695 689
7063 690
6150 691
2532 692
4312 693
3903 694
5768 695
21 696
1443 697
7422 698
6046 699
3311 700
3591 701
3454 702
466 703
3730 704
1535 705
4533 706
306 707
159 708
3084 709
5840 710
1562 711
2132 712
3292 713
2667 714
7123 715
5687 716
2110 717
4135 718
3450 719
6126 720
6421 721
3244 722
5959 723
2161 724
6398 725
5424 726
119 727
1572 728
2667 729
4065 730
430 731
6245 732
6987 733
4584 734
4840 735
6009 736
6519 737
2528 738
1516 739
7239 740
6076 741
3239 742
7634 743
457 744
5051 745
1357 746
6732 747
6651 748
2357 749
6340 750
5699 751
123 752
3310 753
7192 754
7076 755
5666 756
1695 757
4769 758
5376 759
2597 760
6456 761
2384 762
6683 763
1886 764
1387 765
6175 766
7443 767
6522 768
5637 769
6138 770
2299 771
872 772
3042 773
809 774
4939 775
3429 776
6528 777
446 778
1341 779
5646 780
2400 781
5905 782
6408 783
6375 784
5513 785
6192 786
2958 787
2754 788
4866 789
5048 790
3823 791
2019 792
5108 793
7669 794
4232 795
5393 796
3371 797
6572 798
2510 799
