850 150
6911 0
3881 1
3282 2
4688 3
4871 4
6777 5
1551 6
1680 7
7081 8
5797 9
5937 10
3046 11
2233 12
4907 13
5810 14
3195 15
3834 16
7953 17
3029 18
1357 19
6802 20
563 21
769 22
7141 23
5061 24
818 25
4551 26
7662 27
6107 28
7115 29
7425 30
6541 31
6039 32
1107 33
4665 34
4316 35
8280 36
3743 37
525 38
5317 39
1902 40
2565 41
2868 42
3892 43
7471 44
4369 45
1661 46
3003 47
3972 48
4008 49
4313 50
682 51
2035 52
8151 53
4475 54
6114 55
5653 56
6629 57
7456 58
7271 59
7525 60
7454 61
1711 62
6898 63
3578 64
7703 65
1234 66
907 67
2603 68
3414 69
7120 70
5980 71
6018 72
4041 73
3315 74
1017 75
6797 76
2394 77
4769 78
6579 79
1893 80
144 81
284 82
7303 83
6818 84
2868 85
1264 86
2341 87
5530 88
3649 89
2271 90
2701 91
3415 92
1198 93
347 94
1077 95
470 96
6770 97
1173 98
8238 99
438 100
2818 101
983 102
2948 103
7579 104
6799 105
452 106
7561 107
2984 108
4506 109
4393 110
3491 111
7599 112
2324 113
482 114
1378 115
6708 116
6421 117
2590 118
6220 119
8244 120
1855 121
2456 122
6586 123
2120 124
7060 125
7891 126
254 127
2237 128
2755 129
7343 130
8132 131
986 132
424 133
2029 134
2593 135
5367 136
4634 137
7345 138
4548 139
6397 140
6771 141
6703 142
6599 143
6827 144
2890 145
8483 146
1063 147
8075 148
7497 149
5849 150
4625 151
8250 152
798 153
7856 154
5193 155
6064 156
408 157
5887 158
3983 159
6573 160
1762 161
4864 162
4047 163
8324 164
5464 165
5134 166
7362 167
3572 168
7569 169
940 170
3650 171
1699 172
2287 173
7912 174
1994 175
3046 176
7671 177
562 178
5364 179
5385 180
7563 181
1992 182
1237 183
1555 184
258 185
5357 186
3769 187
4341 188
6472 189
6984 190
6216 191
6271 192
3428 193
8239 194
4820 195
1386 196
2936 197
5523 198
5970 199
4949 200
7859 201
702 202
1108 203
1336 204
7280 205
1738 206
2611 207
60 208
7966 209
7799 210
2126 211
7957 212
6685 213
4137 214
8212 215
7164 216
8456 217
4 218
6410 219
2435 220
1672 221
7843 222
4110 223
3250 224
1911 225
3197 226
851 227
2253 228
1616 229
1754 230
6248 231
4999 232
7714 233
7572 234
5382 235
1772 236
5212 237
7644 238
5875 239
1516 240
3012 241
5371 242
7532 243
4232 244
2759 245
2110 246
2429 247
7048 248
7454 249
3383 250
5538 251
7692 252
4251 253
5115 254
6002 255
2396 256
1960 257
8284 258
4722 259
453 260
6525 261
3670 262
6345 263
5367 264
5715 265
3186 266
7583 267
7330 268
8253 269
6205 270
5777 271
2037 272
6873 273
4424 274
4496 275
1986 276
1823 277
1765 278
1523 279
1638 280
2836 281
3080 282
4662 283
919 284
8103 285
7054 286
3625 287
7747 288
5662 289
8040 290
1433 291
6502 292
5819 293
2803 294
4328 295
6655 296
8180 297
5653 298
5369 299
5921 300
6058 301
1908 302
7818 303
411 304
2974 305
4956 306
286 307
5920 308
7764 309
1780 310
2714 311
5130 312
4823 313
3639 314
7428 315
1965 316
5782 317
2521 318
2934 319
5136 320
3008 321
5287 322
1301 323
4267 324
3836 325
6023 326
8129 327
4735 328
1997 329
3708 330
5104 331
1770 332
5253 333
2253 334
2038 335
5379 336
7042 337
3096 338
2842 339
6449 340
3479 341
7613 342
6687 343
334 344
6262 345
2910 346
2854 347
8489 348
7777 349
6754 350
1066 351
5623 352
4514 353
4371 354
11 355
7753 356
2323 357
5479 358
458 359
1349 360
5913 361
51 362
7194 363
1154 364
8346 365
6013 366
5436 367
7441 368
8433 369
307 370
5725 371
2567 372
6673 373
1783 374
7714 375
4828 376
3635 377
3512 378
5893 379
1741 380
7097 381
2335 382
557 383
6742 384
4962 385
7366 386
7057 387
8075 388
5727 389
2084 390
1278 391
2079 392
1353 393
4255 394
2011 395
4340 396
7476 397
6701 398
3770 399
8455 400
4732 401
2089 402
169 403
6002 404
5481 405
6790 406
7900 407
6981 408
2431 409
7709 410
5025 411
6613 412
6566 413
5627 414
3443 415
3561 416
445 417
434 418
6705 419
5559 420
3438 421
2036 422
1214 423
4863 424
3908 425
7644 426
5188 427
5560 428
1062 429
6962 430
5314 431
4776 432
5328 433
2456 434
7546 435
1092 436
3889 437
7693 438
4997 439
4768 440
1095 441
1348 442
3919 443
6613 444
1599 445
5467 446
4915 447
8433 448
4415 449
973 450
7451 451
6593 452
7220 453
6311 454
1890 455
8077 456
8097 457
6205 458
7342 459
4455 460
4069 461
4321 462
183 463
6386 464
1717 465
1007 466
917 467
6567 468
6229 469
7477 470
120 471
6372 472
633 473
2791 474
3174 475
1268 476
3955 477
3731 478
4454 479
2842 480
7728 481
742 482
4685 483
7351 484
5385 485
590 486
5633 487
903 488
2920 489
7211 490
7295 491
438 492
2426 493
1841 494
540 495
4739 496
7878 497
8171 498
6915 499
1237 500
6608 501
3396 502
5665 503
317 504
6310 505
5763 506
1717 507
7571 508
6339 509
6286 510
4624 511
1338 512
2734 513
2610 514
3818 515
858 516
890 517
7925 518
4865 519
8124 520
2993 521
2842 522
7968 523
4831 524
6362 525
1634 526
2584 527
319 528
501 529
5066 530
3647 531
5526 532
1249 533
1048 534
5154 535
3909 536
531 537
3839 538
6449 539
4472 540
497 541
3553 542
5342 543
2319 544
239 545
254 546
3848 547
4576 548
2484 549
3892 550
1637 551
3243 552
6153 553
2623 554
396 555
7287 556
5710 557
5192 558
3210 559
4227 560
2265 561
501 562
2974 563
573 564
1577 565
1587 566
8372 567
5378 568
8067 569
5924 570
7700 571
6871 572
5707 573
166 574
930 575
2709 576
1657 577
1496 578
2106 579
1732 580
5738 581
7815 582
2651 583
1444 584
7921 585
3285 586
6204 587
5508 588
3189 589
457 590
1975 591
6662 592
6490 593
7285 594
6206 595
509 596
6840 597
527 598
8319 599
8349 600
5276 601
216 602
546 603
2807 604
4532 605
8020 606
3956 607
2319 608
1864 609
4190 610
8474 611
1702 612
1218 613
1472 614
304 615
5736 616
1439 617
5325 618
3108 619
2999 620
4188 621
2236 622
7928 623
2543 624
6252 625
6423 626
5447 627
4773 628
314 629
5518 630
6207 631
8206 632
5497 633
1000 634
7231 635
5500 636
6650 637
8189 638
6740 639
6217 640
6980 641
6283 642
2642 643
1535 644
8370 645
44 646
4352 647
3493 648
5083 649
3269 650
7388 651
7413 652
4678 653
5229 654
3100 655
8445 656
5182 657
7037 658
3173 659
3839 660
586 661
1788 662
7911 663
3370 664
6552 665
1922 666
6290 667
4882 668
7797 669
572 670
1377 671
1747 672
6898 673
2567 674
5175 675
5786 676
4328 677
7755 678
6790 679
7862 680
4245 681
1692 682
3429 683
2124 684
5628 685
1655 686
1775 687
5317 688
1763 689
7364 690
5923 691
6044 692
6689 693
7356 694
4802 695
7816 696
7481 697
5130 698
5376 699
2082 700
549 701
574 702
1610 703
2161 704
4846 705
6353 706
4770 707
3846 708
2753 709
473 710
7924 711
2212 712
6759 713
4766 714
2860 715
744 716
6121 717
8313 718
7999 719
2099 720
2667 721
4163 722
5980 723
6699 724
2831 725
3599 726
3896 727
422 728
185 729
2228 730
72 731
8236 732
1348 733
4285 734
6787 735
188 736
4693 737
1815 738
4079 739
3742 740
5810 741
3150 742
752 743
8317 744
3193 745
7660 746
1448 747
1819 748
1896 749
3695 750
2650 751
3550 752
4687 753
2691 754
1731 755
1519 756
2423 757
8361 758
6553 759
7932 760
2705 761
214 762
1582 763
1676 764
5453 765
1887 766
7840 767
4917 768
7950 769
6810 770
5423 771
934 772
5025 773
1492 774
7460 775
8406 776
734 777
6199 778
3911 779
1910 780
5081 781
5595 782
4626 783
4217 784
2479 785
172 786
8189 787
7558 788
3736 789
5345 790
1835 791
676 792
8162 793
7754 794
1113 795
4786 796
1828 797
1449 798
4054 799
1601 800
1965 801
2123 802
3978 803
7571 804
300 805
5111 806
6871 807
3470 808
3132 809
7327 810
6386 811
4454 812
3286 813
2828 814
7238 815
4077 816
7342 817
2097 818
6896 819
4215 820
6087 821
3671 822
612 823
7050 824
4410 825
8491 826
161 827
504 828
1413 829
8370 830
7216 831
853 832
1016 833
3565 834
3822 835
5414 836
8051 837
7345 838
3852 839
7927 840
6026 841
2529 842
3365 843
3771 844
2871 845
1109 846
6984 847
6111 848
7131 849
