800 1000
7183 0
4721 1
3766 2
3650 3
5998 4
5973 5
7019 6
4207 7
6485 8
6994 9
5647 10
613 11
7627 12
6266 13
4990 14
6764 15
6155 16
1002 17
4841 18
2926 19
7125 20
7756 21
4495 22
1572 23
3191 24
5132 25
792 26
5686 27
53 28
342 29
5074 30
5892 31
1149 32
1616 33
2967 34
4295 35
5874 36
7826 37
3727 38
2697 39
62 40
4717 41
3554 42
5310 43
2013 44
6905 45
4947 46
4088 47
3931 48
895 49
2352 50
5961 51
5815 52
4344 53
1857 54
3147 55
5859 56
1111 57
2481 58
1896 59
4336 60
4581 61
4431 62
6996 63
4531 64
2166 65
1004 66
660 67
7701 68
1599 69
2111 70
5432 71
5241 72
1203 73
1841 74
1213 75
3671 76
2557 77
7419 78
2717 79
7193 80
2790 81
3957 82
4228 83
5597 84
7047 85
3798 86
1147 87
4666 88
980 89
7842 90
6768 91
1346 92
5637 93
3092 94
1312 95
2074 96
7275 97
1189 98
4673 99
1452 100
5215 101
1024 102
3147 103
3614 104
4780 105
6916 106
7954 107
1394 108
7902 109
5024 110
482 111
3978 112
373 113
2065 114
1970 115
7752 116
4482 117
4962 118
4433 119
7370 120
5404 121
2981 122
6081 123
1858 124
2752 125
171 126
2770 127
5233 128
4514 129
4972 130
11 131
5520 132
7526 133
5124 134
3780 135
6787 136
5392 137
7139 138
6786 139
4319 140
1123 141
1614 142
799 143
1905 144
31 145
5033 146
7320 147
5326 148
1721 149
4615 150
5169 151
7919 152
4596 153
4532 154
1526 155
1899 156
7694 157
4151 158
7543 159
7516 160
3537 161
2646 162
6213 163
3316 164
1891 165
773 166
898 167
1436 168
7304 169
149 170
4906 171
6895 172
6760 173
2150 174
4313 175
5652 176
1547 177
3764 178
4427 179
5281 180
6059 181
5242 182
7325 183
3566 184
6281 185
520 186
6823 187
3658 188
3600 189
7998 190
599 191
4779 192
7010 193
801 194
6604 195
7420 196
1120 197
2745 198
5142 199
3154 200
4769 201
5608 202
2694 203
5831 204
6933 205
4414 206
5072 207
5227 208
7876 209
2669 210
6993 211
7283 212
6352 213
2352 214
6957 215
6746 216
25 217
813 218
3195 219
7772 220
3835 221
1247 222
236 223
1690 224
5223 225
2844 226
4609 227
6162 228
666 229
3152 230
5848 231
6750 232
2037 233
3266 234
7749 235
1041 236
6319 237
1978 238
1420 239
823 240
2709 241
4639 242
6799 243
4011 244
7677 245
5258 246
3333 247
4104 248
3436 249
6990 250
505 251
1861 252
6896 253
2357 254
4966 255
1157 256
7477 257
1495 258
2954 259
1739 260
2628 261
4651 262
7316 263
4689 264
3159 265
6508 266
3896 267
7908 268
4850 269
2565 270
2295 271
4953 272
1414 273
3727 274
1844 275
1357 276
5737 277
4106 278
1630 279
3815 280
6951 281
2640 282
7429 283
4699 284
6 285
5342 286
7344 287
5779 288
2187 289
2166 290
2797 291
3542 292
3751 293
902 294
6323 295
4848 296
3056 297
1845 298
4977 299
6955 300
5715 301
653 302
4774 303
4960 304
4984 305
5341 306
3163 307
7863 308
7698 309
264 310
2101 311
6522 312
1419 313
2282 314
1315 315
6335 316
2842 317
384 318
7748 319
5284 320
299 321
1902 322
3533 323
4166 324
1338 325
3670 326
5736 327
3861 328
7716 329
4164 330
2068 331
1236 332
2514 333
5183 334
3751 335
1420 336
2272 337
4749 338
6841 339
6068 340
1510 341
5819 342
1453 343
4235 344
2071 345
6188 346
1997 347
7370 348
2283 349
2179 350
5865 351
5199 352
3186 353
304 354
6075 355
5962 356
6129 357
3677 358
2642 359
5834 360
5739 361
2501 362
2390 363
13 364
6181 365
5876 366
7066 367
4942 368
6 369
1559 370
957 371
4296 372
7535 373
1707 374
292 375
3977 376
5469 377
1345 378
6649 379
7381 380
4764 381
6571 382
6194 383
6694 384
1513 385
504 386
4667 387
4264 388
7031 389
2516 390
1430 391
5875 392
140 393
1793 394
931 395
7070 396
5577 397
4101 398
5368 399
5772 400
7845 401
6677 402
3956 403
2242 404
1745 405
825 406
5735 407
4188 408
1632 409
980 410
7070 411
2315 412
6611 413
6115 414
3354 415
6455 416
4185 417
3551 418
6860 419
4768 420
5647 421
2114 422
6188 423
6665 424
2964 425
7306 426
618 427
3183 428
7601 429
239 430
293 431
788 432
6572 433
6595 434
7003 435
7885 436
3729 437
7744 438
6336 439
656 440
4162 441
7541 442
5933 443
6229 444
3230 445
3834 446
1603 447
3174 448
5238 449
3637 450
7157 451
4729 452
7805 453
4332 454
6034 455
6638 456
1727 457
5792 458
1950 459
3441 460
7279 461
4364 462
5631 463
5402 464
4585 465
6702 466
5457 467
4315 468
7531 469
4646 470
4431 471
7294 472
2378 473
7249 474
4046 475
4806 476
7418 477
5048 478
6172 479
1183 480
5717 481
6660 482
7107 483
2095 484
7340 485
5795 486
504 487
1881 488
4936 489
7183 490
5779 491
4485 492
6914 493
1187 494
5091 495
2995 496
159 497
813 498
3951 499
4243 500
3187 501
439 502
6048 503
933 504
7328 505
1922 506
2917 507
5850 508
7547 509
6561 510
5118 511
26 512
2089 513
7879 514
4617 515
462 516
308 517
5939 518
5578 519
3731 520
3224 521
4478 522
3626 523
3666 524
1931 525
3864 526
313 527
7879 528
7062 529
7485 530
1321 531
3442 532
5838 533
7977 534
3464 535
4770 536
4409 537
5571 538
40 539
2817 540
1813 541
4140 542
4712 543
4962 544
4670 545
1533 546
3955 547
5145 548
1986 549
6703 550
817 551
3366 552
6097 553
1802 554
5007 555
2511 556
549 557
5667 558
7142 559
5937 560
3360 561
7146 562
4335 563
3860 564
5135 565
793 566
5090 567
4922 568
3533 569
1667 570
4914 571
1991 572
6282 573
735 574
7929 575
2274 576
7639 577
7525 578
2488 579
710 580
402 581
1512 582
3984 583
1508 584
6416 585
5039 586
3872 587
4337 588
2620 589
1725 590
1834 591
1821 592
4855 593
3619 594
4649 595
7371 596
4612 597
2284 598
2803 599
2345 600
4913 601
4977 602
1165 603
4052 604
5444 605
943 606
5826 607
7433 608
7345 609
7733 610
3133 611
1671 612
1997 613
520 614
1476 615
3234 616
497 617
4637 618
519 619
7854 620
6429 621
917 622
7309 623
4247 624
1748 625
3324 626
6397 627
752 628
5755 629
7978 630
4580 631
4713 632
5760 633
4232 634
6754 635
4426 636
1758 637
6012 638
147 639
1304 640
6224 641
3316 642
5965 643
7796 644
503 645
6892 646
1110 647
3727 648
5023 649
3600 650
5560 651
5355 652
5098 653
4013 654
6323 655
1160 656
5337 657
6428 658
6634 659
1713 660
4488 661
3868 662
531 663
2690 664
6907 665
2187 666
2738 667
2032 668
6241 669
4269 670
2066 671
4826 672
3706 673
1398 674
4801 675
427 676
2401 677
5936 678
3207 679
2760 680
6311 681
1977 682
6414 683
2457 684
4586 685
625 686
5446 687
3626 688
6459 689
2291 690
3196 691
855 692
5538 693
1609 694
6825 695
7140 696
3166 697
1599 698
5997 699
6519 700
4602 701
2190 702
6370 703
3793 704
9 705
499 706
3817 707
3219 708
877 709
2874 710
5583 711
3198 712
2058 713
3521 714
928 715
1273 716
813 717
1061 718
1796 719
1012 720
317 721
7867 722
4808 723
6060 724
5701 725
7017 726
7645 727
1528 728
1781 729
6530 730
759 731
3611 732
5614 733
3694 734
5367 735
1311 736
6511 737
7242 738
4923 739
7372 740
5620 741
689 742
6524 743
6769 744
5969 745
1855 746
6860 747
2847 748
2760 749
2091 750
872 751
4501 752
4252 753
317 754
5137 755
3489 756
901 757
3667 758
4183 759
2017 760
1674 761
1690 762
5524 763
3815 764
2348 765
2792 766
529 767
4736 768
4416 769
4704 770
6700 771
5441 772
5938 773
5659 774
409 775
4392 776
1509 777
4316 778
6808 779
6396 780
1477 781
6682 782
6226 783
4042 784
3350 785
7128 786
2785 787
3026 788
5331 789
5549 790
5128 791
7777 792
614 793
6258 794
6896 795
4135 796
5095 797
6265 798
7626 799
