850 700
5583 0
3500 1
1185 2
109 3
5888 4
6603 5
4828 6
6944 7
7928 8
182 9
2743 10
7116 11
7727 12
8466 13
4638 14
8347 15
2813 16
702 17
251 18
923 19
7979 20
4376 21
5624 22
1695 23
2948 24
6686 25
7313 26
186 27
1242 28
296 29
304 30
5686 31
6813 32
7185 33
2378 34
1642 35
167 36
3859 37
873 38
3181 39
7410 40
6730 41
1365 42
2202 43
5322 44
4030 45
8056 46
4186 47
5091 48
2424 49
4094 50
2076 51
4113 52
7875 53
2673 54
7275 55
5785 56
2480 57
1890 58
2350 59
6477 60
1155 61
6996 62
2886 63
1060 64
3346 65
6267 66
7163 67
7330 68
4848 69
4448 70
2776 71
1530 72
3353 73
1649 74
4718 75
4599 76
5198 77
1047 78
3368 79
4422 80
5783 81
5483 82
5332 83
7399 84
2616 85
5348 86
2033 87
5896 88
5305 89
478 90
1912 91
1613 92
4743 93
7406 94
6069 95
36 96
1052 97
7321 98
8225 99
149 100
6772 101
3902 102
6364 103
4301 104
461 105
3911 106
1386 107
3251 108
5369 109
7105 110
8109 111
3847 112
7899 113
4999 114
2637 115
4407 116
5831 117
4848 118
3145 119
2547 120
3095 121
480 122
3484 123
6279 124
6784 125
8114 126
2927 127
1953 128
5859 129
2318 130
4535 131
2212 132
6488 133
8456 134
4979 135
1847 136
1095 137
7006 138
6051 139
3769 140
6929 141
6855 142
634 143
7009 144
4436 145
2668 146
2775 147
8107 148
283 149
1613 150
429 151
3027 152
6513 153
7433 154
8212 155
1880 156
8379 157
7176 158
8433 159
7383 160
539 161
5835 162
2424 163
2807 164
2193 165
2200 166
2165 167
8333 168
8013 169
2471 170
2513 171
7767 172
1945 173
5259 174
2804 175
506 176
3883 177
1007 178
5142 179
8336 180
5149 181
1202 182
4472 183
3659 184
4361 185
1854 186
8171 187
7049 188
5346 189
608 190
2602 191
4382 192
1645 193
3162 194
4813 195
2475 196
6508 197
1989 198
6883 199
140 200
3577 201
1337 202
4712 203
5443 204
7633 205
7874 206
4126 207
5745 208
3847 209
8019 210
4982 211
2673 212
5575 213
3416 214
207 215
6453 216
4617 217
2797 218
656 219
657 220
1382 221
5503 222
5073 223
7501 224
2423 225
1792 226
4830 227
904 228
7410 229
8020 230
4894 231
7294 232
2061 233
2346 234
5868 235
6378 236
6650 237
6704 238
6670 239
3283 240
240 241
2361 242
2197 243
3111 244
8236 245
393 246
5266 247
201 248
526 249
4479 250
3467 251
3499 252
3427 253
235 254
2815 255
3423 256
1015 257
1032 258
2429 259
8290 260
3794 261
6053 262
7812 263
865 264
2513 265
6967 266
4399 267
3164 268
3445 269
3295 270
4753 271
2196 272
1090 273
6036 274
213 275
7684 276
5260 277
7513 278
3968 279
5100 280
6923 281
8000 282
3256 283
4984 284
153 285
763 286
3666 287
7755 288
2601 289
6073 290
5196 291
2507 292
6007 293
7141 294
2871 295
2120 296
2987 297
8186 298
862 299
253 300
7919 301
7238 302
6335 303
5837 304
1752 305
7336 306
7384 307
765 308
7131 309
3969 310
7154 311
5597 312
4264 313
7813 314
4455 315
3967 316
2824 317
5680 318
2709 319
3369 320
8453 321
6280 322
5742 323
7443 324
4956 325
4932 326
2185 327
7221 328
5005 329
1078 330
5143 331
1162 332
1647 333
6940 334
8260 335
6203 336
5570 337
5513 338
8224 339
1925 340
1918 341
7648 342
5680 343
7441 344
3641 345
7925 346
4416 347
7529 348
2271 349
1429 350
2149 351
385 352
1138 353
4961 354
2832 355
4844 356
7700 357
828 358
7843 359
2680 360
5558 361
5776 362
5420 363
7600 364
5190 365
8372 366
7954 367
2640 368
4695 369
7517 370
8320 371
281 372
5514 373
4195 374
1854 375
94 376
5850 377
2544 378
4973 379
3583 380
1283 381
3567 382
6737 383
6139 384
3655 385
8046 386
2875 387
7388 388
4632 389
7161 390
7095 391
952 392
1592 393
2428 394
4698 395
340 396
8114 397
2430 398
4291 399
4492 400
828 401
1533 402
6668 403
6028 404
1080 405
7729 406
345 407
8298 408
6620 409
7740 410
7622 411
2735 412
2605 413
7118 414
2580 415
5981 416
5939 417
2247 418
6757 419
5731 420
4121 421
3378 422
5857 423
6783 424
3470 425
1199 426
2134 427
6184 428
4159 429
4797 430
1428 431
8427 432
3917 433
4749 434
4547 435
6170 436
3106 437
2860 438
409 439
6009 440
21 441
294 442
6220 443
3461 444
7768 445
5618 446
1008 447
5411 448
1605 449
6400 450
122 451
4771 452
527 453
40 454
4771 455
8135 456
3124 457
130 458
2361 459
7483 460
2563 461
3118 462
5344 463
5445 464
6431 465
6372 466
5047 467
5821 468
7082 469
4944 470
8199 471
2356 472
7466 473
3742 474
3598 475
719 476
6324 477
3730 478
6756 479
3915 480
7163 481
6291 482
4191 483
5163 484
3880 485
5171 486
6927 487
3967 488
6424 489
6096 490
6606 491
5086 492
6615 493
2058 494
1211 495
4242 496
7683 497
7049 498
6335 499
3536 500
6551 501
2016 502
4946 503
5807 504
5511 505
6991 506
389 507
5378 508
6205 509
8065 510
7083 511
5574 512
1649 513
868 514
5041 515
6452 516
7477 517
6436 518
4148 519
4005 520
8086 521
2014 522
3346 523
6364 524
964 525
7064 526
811 527
3739 528
2021 529
1963 530
1647 531
7007 532
3674 533
3969 534
1003 535
3600 536
4819 537
3945 538
3424 539
645 540
5782 541
5624 542
5881 543
7894 544
782 545
5035 546
4103 547
1238 548
7969 549
7635 550
2578 551
6485 552
8133 553
2705 554
7572 555
6794 556
3751 557
6233 558
3860 559
5911 560
1270 561
3771 562
1245 563
1472 564
6366 565
6921 566
3978 567
633 568
246 569
2110 570
3291 571
7386 572
5874 573
2811 574
3486 575
5483 576
3995 577
7733 578
6384 579
1671 580
499 581
8199 582
5611 583
6084 584
5238 585
354 586
3308 587
5999 588
309 589
704 590
5397 591
5772 592
4396 593
3893 594
1962 595
3861 596
7957 597
111 598
7797 599
3276 600
1950 601
3361 602
4455 603
2492 604
8429 605
171 606
7262 607
392 608
247 609
3023 610
1530 611
2756 612
2125 613
3204 614
1549 615
6919 616
1390 617
7726 618
5642 619
2125 620
7082 621
6281 622
5237 623
2854 624
7942 625
128 626
1624 627
4350 628
2191 629
4064 630
8133 631
2797 632
203 633
5746 634
3471 635
6750 636
8242 637
8351 638
6791 639
8337 640
3135 641
1273 642
2781 643
1230 644
7129 645
4267 646
339 647
1456 648
7233 649
6978 650
6646 651
4881 652
4608 653
7272 654
3184 655
319 656
1078 657
1719 658
4278 659
4429 660
6180 661
1607 662
3687 663
7837 664
1655 665
804 666
1781 667
5508 668
612 669
1253 670
4688 671
5703 672
5827 673
1899 674
6671 675
1405 676
4091 677
1375 678
3237 679
7879 680
1046 681
6676 682
7011 683
2131 684
7293 685
5218 686
2934 687
2420 688
1791 689
8258 690
6390 691
278 692
6870 693
7794 694
1598 695
3655 696
4007 697
2596 698
3918 699
895 700
7475 701
1629 702
370 703
3239 704
1734 705
3109 706
5852 707
1961 708
7189 709
41 710
4220 711
3529 712
6933 713
1296 714
5729 715
8447 716
740 717
2128 718
3583 719
2385 720
7329 721
673 722
6366 723
5429 724
1586 725
5103 726
8049 727
6677 728
4780 729
57 730
8240 731
5029 732
3074 733
3874 734
4829 735
2434 736
1444 737
5925 738
8235 739
2984 740
4093 741
1790 742
3890 743
2045 744
3617 745
4776 746
7714 747
2301 748
682 749
2093 750
6627 751
8450 752
4771 753
50 754
8420 755
3662 756
417 757
6039 758
8110 759
3034 760
7933 761
8357 762
4801 763
6716 764
3940 765
2696 766
8323 767
299 768
5744 769
3779 770
6907 771
5746 772
917 773
1524 774
3646 775
6208 776
6940 777
6713 778
8377 779
1822 780
3966 781
2156 782
8052 783
4178 784
8169 785
7859 786
1896 787
4884 788
669 789
2930 790
815 791
993 792
7647 793
7695 794
82 795
6643 796
340 797
4925 798
5410 799
2485 800
5811 801
6469 802
7994 803
5331 804
6247 805
2188 806
6445 807
2397 808
4649 809
2301 810
7365 811
5270 812
6785 813
6234 814
8386 815
5703 816
2350 817
5558 818
2902 819
2505 820
2548 821
7033 822
5717 823
7761 824
6126 825
7127 826
5875 827
2106 828
4143 829
7052 830
3310 831
3964 832
5266 833
745 834
8144 835
5247 836
2663 837
4829 838
6288 839
7487 840
3238 841
5448 842
2404 843
7141 844
3016 845
1073 846
5003 847
3600 848
2481 849
