800 1650
2828 0
1178 1
1866 2
7556 3
2467 4
1279 5
20 6
373 7
6243 8
4732 9
1326 10
7102 11
4597 12
2251 13
3710 14
4658 15
3387 16
1405 17
2267 18
5353 19
1275 20
410 21
6269 22
4047 23
3265 24
7604 25
3392 26
779 27
3903 28
2189 29
1613 30
7064 31
3657 32
2586 33
3080 34
6519 35
7870 36
2069 37
6121 38
5618 39
3162 40
1248 41
7656 42
7985 43
671 44
3295 45
927 46
4766 47
2276 48
6426 49
3551 50
380 51
4425 52
1197 53
7055 54
3265 55
7581 56
1510 57
718 58
2820 59
827 60
2577 61
6536 62
2303 63
7860 64
2292 65
100 66
4064 67
4847 68
6327 69
3987 70
3610 71
5301 72
5236 73
6797 74
7135 75
4462 76
4626 77
502 78
6895 79
5908 80
1774 81
6048 82
5386 83
6613 84
1673 85
6258 86
1470 87
2995 88
1973 89
1199 90
2320 91
7890 92
786 93
1955 94
1276 95
4122 96
6721 97
702 98
381 99
7516 100
2261 101
7657 102
2656 103
7853 104
4241 105
357 106
5741 107
7974 108
6042 109
4948 110
2585 111
1688 112
2099 113
1624 114
2337 115
7690 116
2713 117
4274 118
7874 119
2107 120
2487 121
326 122
802 123
7787 124
4347 125
4815 126
2572 127
5494 128
1427 129
2614 130
7046 131
6418 132
2103 133
518 134
7274 135
6379 136
4920 137
67 138
7276 139
6346 140
6540 141
1311 142
4057 143
4212 144
1097 145
1057 146
2861 147
6544 148
1994 149
4095 150
4647 151
7910 152
4229 153
7423 154
2696 155
3211 156
2341 157
4017 158
952 159
5502 160
4052 161
1781 162
2466 163
6393 164
3156 165
2475 166
1006 167
6963 168
260 169
6576 170
4685 171
7601 172
4418 173
5751 174
3778 175
3730 176
7224 177
6581 178
4251 179
4120 180
3149 181
5833 182
3452 183
5384 184
1786 185
4385 186
654 187
7691 188
5144 189
5748 190
5560 191
5113 192
2992 193
6508 194
5481 195
3564 196
1954 197
2077 198
6629 199
1374 200
2952 201
7593 202
4109 203
2867 204
4810 205
4094 206
5343 207
4582 208
7543 209
2498 210
120 211
5131 212
3655 213
2587 214
6854 215
1676 216
3101 217
7157 218
4083 219
2369 220
4709 221
6097 222
7056 223
6154 224
4181 225
7449 226
2647 227
6876 228
1925 229
1646 230
653 231
4406 232
6917 233
1853 234
5087 235
778 236
1188 237
6147 238
1046 239
4494 240
7276 241
5159 242
3502 243
943 244
133 245
6031 246
7851 247
902 248
5876 249
7032 250
2320 251
3819 252
4727 253
7335 254
7593 255
5106 256
7932 257
134 258
5887 259
6303 260
55 261
7580 262
2110 263
6038 264
552 265
2373 266
5589 267
2861 268
7461 269
6192 270
1125 271
5556 272
6285 273
909 274
188 275
46 276
6199 277
3534 278
7458 279
5611 280
5907 281
5352 282
6018 283
5259 284
2286 285
1034 286
2274 287
963 288
2068 289
4890 290
6364 291
2035 292
6982 293
5048 294
4465 295
7054 296
6382 297
118 298
2311 299
7355 300
6433 301
4271 302
303 303
1657 304
1446 305
920 306
5473 307
2243 308
3346 309
1542 310
6909 311
2846 312
4310 313
7287 314
853 315
2388 316
3394 317
2545 318
4173 319
2932 320
7236 321
6937 322
1183 323
3483 324
3646 325
3578 326
1438 327
7973 328
2488 329
3892 330
3181 331
1005 332
5359 333
6822 334
3079 335
7736 336
4500 337
1678 338
4568 339
6639 340
7040 341
6917 342
1275 343
1889 344
779 345
91 346
6041 347
215 348
7928 349
515 350
2082 351
2181 352
2046 353
3868 354
1839 355
7729 356
4041 357
6303 358
3906 359
3573 360
5626 361
3140 362
4012 363
5855 364
6663 365
3511 366
129 367
2043 368
338 369
1956 370
2424 371
4582 372
6879 373
5822 374
3519 375
2019 376
2885 377
38 378
450 379
2193 380
661 381
5429 382
1507 383
1737 384
4075 385
4683 386
2790 387
476 388
7302 389
2965 390
2194 391
7565 392
318 393
599 394
2218 395
1329 396
752 397
7745 398
6311 399
3588 400
3376 401
6089 402
627 403
3862 404
907 405
4665 406
2403 407
3726 408
626 409
3837 410
7972 411
1293 412
1258 413
3926 414
7807 415
3943 416
1290 417
6679 418
590 419
7636 420
7235 421
4697 422
464 423
5046 424
3567 425
2950 426
4040 427
3736 428
3612 429
5323 430
3087 431
6410 432
4232 433
5456 434
3140 435
5264 436
5364 437
5936 438
406 439
4922 440
2526 441
665 442
6604 443
5933 444
3516 445
1219 446
5447 447
5088 448
5535 449
4359 450
20 451
299 452
3304 453
6867 454
6951 455
7784 456
5320 457
6256 458
4996 459
6280 460
1880 461
7479 462
6645 463
1571 464
2369 465
1490 466
3807 467
2760 468
1361 469
2912 470
3244 471
515 472
7011 473
6470 474
859 475
3927 476
2772 477
5404 478
829 479
5045 480
6776 481
6765 482
7217 483
1262 484
4075 485
4557 486
7147 487
6713 488
6685 489
1333 490
520 491
1712 492
551 493
3717 494
1696 495
222 496
7901 497
1431 498
6302 499
195 500
2540 501
7895 502
2826 503
457 504
6248 505
7298 506
5910 507
887 508
1749 509
7733 510
7285 511
3704 512
5489 513
1885 514
5533 515
2123 516
1137 517
1312 518
3788 519
1828 520
5031 521
4910 522
6797 523
3493 524
6994 525
2556 526
4984 527
5394 528
2346 529
4122 530
3022 531
1182 532
7443 533
2474 534
879 535
7627 536
3002 537
1048 538
3370 539
2824 540
7677 541
2153 542
7755 543
2231 544
3261 545
7408 546
7183 547
1977 548
5903 549
7362 550
4968 551
4236 552
829 553
2696 554
1038 555
3129 556
7971 557
2585 558
5536 559
5943 560
6389 561
3545 562
5019 563
915 564
6407 565
26 566
1688 567
7088 568
496 569
1696 570
17 571
5328 572
1242 573
7197 574
2189 575
1841 576
5226 577
2197 578
706 579
6119 580
7770 581
4751 582
7594 583
1683 584
6765 585
3069 586
528 587
1791 588
6904 589
1532 590
7670 591
293 592
531 593
2156 594
3262 595
5069 596
4961 597
1287 598
562 599
1566 600
5112 601
596 602
4525 603
1665 604
4885 605
4162 606
5627 607
3304 608
572 609
2857 610
803 611
916 612
2584 613
1839 614
2888 615
1678 616
2639 617
7248 618
7564 619
6348 620
3495 621
7967 622
3034 623
6860 624
7604 625
4541 626
6357 627
5060 628
5611 629
908 630
6306 631
7008 632
7161 633
6474 634
2251 635
2011 636
242 637
6964 638
6882 639
3430 640
6797 641
4923 642
4414 643
3262 644
1506 645
508 646
227 647
1688 648
592 649
6985 650
2520 651
1737 652
2142 653
7160 654
1046 655
4296 656
1376 657
1093 658
5533 659
5753 660
4138 661
2860 662
1988 663
3043 664
5119 665
3126 666
3818 667
4940 668
5802 669
2067 670
5390 671
6984 672
7206 673
2822 674
321 675
6023 676
5203 677
360 678
1487 679
6427 680
3893 681
5259 682
4828 683
2724 684
3571 685
4417 686
2870 687
2194 688
3179 689
5367 690
7329 691
2000 692
6708 693
7788 694
5129 695
6346 696
784 697
1660 698
7543 699
6571 700
4136 701
7822 702
6765 703
3940 704
4007 705
3705 706
7666 707
5767 708
2753 709
1955 710
5202 711
6110 712
3922 713
6100 714
6551 715
2130 716
7648 717
3672 718
564 719
3631 720
4586 721
3331 722
7553 723
5464 724
6003 725
5928 726
4129 727
5005 728
1489 729
1480 730
4898 731
253 732
3699 733
7941 734
5757 735
3913 736
6112 737
5693 738
7518 739
2746 740
542 741
5576 742
7279 743
3512 744
7597 745
3455 746
6315 747
2122 748
5476 749
2508 750
5944 751
2792 752
5940 753
2298 754
4200 755
7375 756
2247 757
5653 758
6598 759
6048 760
3720 761
7522 762
6157 763
4589 764
2896 765
7355 766
1738 767
738 768
2407 769
1962 770
1155 771
1227 772
2884 773
2744 774
3788 775
4827 776
6723 777
1136 778
7591 779
692 780
3474 781
4579 782
3257 783
7415 784
7382 785
6215 786
632 787
121 788
4983 789
2568 790
2623 791
6690 792
5561 793
360 794
1974 795
6789 796
2352 797
7776 798
34 799
