850 1150
5551 0
4436 1
6819 2
4392 3
3931 4
4941 5
7715 6
946 7
5993 8
2817 9
3385 10
7938 11
817 12
3876 13
7075 14
1454 15
56 16
5528 17
5296 18
5968 19
1023 20
6648 21
7710 22
8105 23
3452 24
6971 25
8195 26
129 27
1124 28
7508 29
4226 30
8209 31
2011 32
5343 33
5892 34
2853 35
6975 36
5287 37
3147 38
5878 39
5970 40
6841 41
6065 42
5920 43
6160 44
2227 45
2000 46
941 47
5178 48
5249 49
7122 50
7474 51
8500 52
2328 53
7022 54
1104 55
7928 56
4162 57
4763 58
3557 59
4746 60
5141 61
516 62
4349 63
8052 64
1962 65
5301 66
1541 67
3865 68
5250 69
2321 70
2226 71
4514 72
4269 73
235 74
13 75
951 76
4189 77
8161 78
4224 79
7773 80
1958 81
7339 82
3942 83
7147 84
5769 85
5418 86
2265 87
6408 88
1015 89
3465 90
21 91
5214 92
7203 93
6544 94
3275 95
1385 96
6754 97
1667 98
8164 99
5197 100
7752 101
6626 102
7974 103
586 104
788 105
5204 106
8404 107
1726 108
2013 109
699 110
4835 111
7412 112
7740 113
3058 114
7267 115
7332 116
5973 117
6397 118
378 119
5192 120
5224 121
5088 122
7876 123
6049 124
8461 125
5955 126
573 127
6049 128
5242 129
3936 130
8340 131
4519 132
4573 133
5024 134
4613 135
8319 136
2650 137
1449 138
44 139
4737 140
7821 141
3521 142
699 143
7791 144
7612 145
5018 146
3317 147
6024 148
6067 149
6950 150
2726 151
5850 152
4603 153
6485 154
7092 155
280 156
595 157
1199 158
581 159
5434 160
2613 161
5092 162
5723 163
1458 164
6916 165
6907 166
3593 167
1011 168
6238 169
3724 170
1115 171
1009 172
5118 173
1721 174
808 175
933 176
2423 177
7894 178
1929 179
7507 180
6891 181
7535 182
3988 183
5429 184
7072 185
3712 186
4615 187
2012 188
6269 189
494 190
7119 191
3157 192
2038 193
7507 194
6769 195
4015 196
2232 197
6928 198
3675 199
2098 200
626 201
1419 202
3240 203
7349 204
2807 205
673 206
7195 207
5763 208
8318 209
2762 210
6362 211
2084 212
2298 213
2849 214
282 215
2815 216
7702 217
2623 218
2978 219
6702 220
8078 221
7829 222
2223 223
7711 224
7128 225
6476 226
6884 227
6854 228
1929 229
6070 230
1825 231
2012 232
1435 233
5067 234
5353 235
5170 236
5423 237
4332 238
8009 239
3512 240
4691 241
8027 242
3288 243
1608 244
913 245
7370 246
4186 247
1340 248
2081 249
2082 250
6056 251
3207 252
1028 253
6290 254
1984 255
3272 256
1700 257
918 258
6815 259
6283 260
5848 261
861 262
7699 263
937 264
3290 265
3122 266
8228 267
5184 268
3282 269
3745 270
7484 271
5515 272
4370 273
8381 274
8351 275
5572 276
6152 277
7988 278
2921 279
6557 280
7011 281
6759 282
7471 283
5655 284
947 285
6566 286
8246 287
4323 288
129 289
3172 290
6684 291
1583 292
908 293
2971 294
4216 295
6189 296
4090 297
1777 298
5027 299
4519 300
2911 301
3380 302
2095 303
233 304
6947 305
3309 306
7903 307
2926 308
6475 309
3158 310
4049 311
5813 312
2171 313
4114 314
4015 315
5500 316
6948 317
3030 318
5548 319
1325 320
6618 321
7502 322
7261 323
2741 324
7267 325
7069 326
2130 327
6330 328
809 329
3706 330
1119 331
3862 332
3213 333
3675 334
3638 335
7916 336
6819 337
4339 338
5274 339
4384 340
2077 341
3675 342
7959 343
638 344
2935 345
3966 346
4855 347
1784 348
5588 349
2091 350
6603 351
3566 352
3292 353
6538 354
2350 355
6759 356
3253 357
7168 358
5498 359
2403 360
238 361
7228 362
3189 363
6759 364
3983 365
1973 366
6521 367
4435 368
3133 369
7371 370
7155 371
1159 372
1379 373
71 374
4748 375
48 376
6030 377
8342 378
7230 379
480 380
4489 381
227 382
1547 383
5083 384
5016 385
1956 386
5596 387
791 388
4317 389
2131 390
2525 391
5961 392
2952 393
871 394
5518 395
1928 396
4891 397
3928 398
7398 399
6327 400
227 401
6381 402
967 403
6566 404
2997 405
3666 406
3652 407
5653 408
154 409
3905 410
3565 411
6457 412
722 413
3800 414
949 415
3596 416
4047 417
7316 418
4390 419
4237 420
2420 421
3336 422
27 423
6256 424
2936 425
8074 426
2451 427
3936 428
4574 429
7882 430
8296 431
183 432
5393 433
5345 434
213 435
2197 436
11 437
489 438
2377 439
5510 440
1236 441
1457 442
8218 443
8101 444
7940 445
3756 446
6173 447
5358 448
6751 449
475 450
2100 451
3099 452
5479 453
4765 454
459 455
6151 456
1332 457
2247 458
7621 459
4612 460
7157 461
3828 462
7440 463
1019 464
4800 465
5477 466
1266 467
3371 468
2659 469
4512 470
6186 471
8126 472
3266 473
1205 474
7646 475
2736 476
4804 477
3576 478
1534 479
6857 480
1435 481
3570 482
7237 483
580 484
8330 485
7117 486
2751 487
4585 488
3995 489
3833 490
693 491
418 492
2726 493
1031 494
7209 495
831 496
78 497
5975 498
4497 499
1477 500
736 501
777 502
5088 503
6079 504
8241 505
2434 506
5590 507
6442 508
3734 509
3037 510
1894 511
1948 512
2009 513
1179 514
7427 515
8061 516
2175 517
1358 518
127 519
6315 520
5082 521
5016 522
1991 523
3612 524
158 525
7468 526
7158 527
8251 528
7965 529
4697 530
2218 531
129 532
4247 533
1784 534
553 535
4421 536
6461 537
1016 538
970 539
2950 540
8267 541
6884 542
5465 543
7518 544
2904 545
4958 546
4776 547
1012 548
2148 549
1229 550
1832 551
1220 552
8291 553
6056 554
4269 555
3740 556
913 557
4466 558
4138 559
2466 560
337 561
1676 562
6435 563
5682 564
3460 565
5867 566
1204 567
5594 568
7517 569
2806 570
8368 571
6813 572
100 573
724 574
5288 575
8494 576
2980 577
4675 578
3159 579
6359 580
8484 581
3414 582
2876 583
1362 584
2277 585
366 586
1 587
5649 588
1739 589
813 590
7371 591
4195 592
7462 593
380 594
3621 595
1053 596
2072 597
3051 598
4474 599
5579 600
953 601
2402 602
7594 603
3677 604
3351 605
1890 606
8202 607
1094 608
2681 609
8338 610
475 611
6641 612
4019 613
8259 614
4621 615
5205 616
4718 617
6500 618
3357 619
7843 620
4974 621
1007 622
5825 623
4826 624
3128 625
4497 626
2772 627
1716 628
1350 629
3146 630
1296 631
6152 632
6860 633
5133 634
8144 635
3103 636
8021 637
4536 638
746 639
5623 640
5373 641
5611 642
7127 643
3261 644
6483 645
1871 646
3358 647
6139 648
2580 649
5561 650
6922 651
2192 652
5385 653
2706 654
1167 655
3771 656
4664 657
3138 658
1117 659
7270 660
4311 661
6416 662
4316 663
3961 664
4767 665
84 666
3154 667
6157 668
8488 669
4669 670
4864 671
1733 672
1028 673
1245 674
5670 675
335 676
8363 677
2849 678
6841 679
6513 680
4061 681
3125 682
5037 683
5309 684
280 685
1165 686
4177 687
4200 688
1999 689
2396 690
6216 691
292 692
1055 693
5406 694
6209 695
969 696
8182 697
334 698
7280 699
1971 700
2685 701
2890 702
5365 703
5255 704
4428 705
8307 706
6678 707
5994 708
1817 709
5594 710
4663 711
7956 712
6236 713
7259 714
204 715
2350 716
2436 717
6208 718
3873 719
427 720
7919 721
4310 722
349 723
4722 724
3931 725
4105 726
5467 727
2173 728
5262 729
1225 730
7664 731
7170 732
8275 733
2725 734
5770 735
4549 736
7428 737
2554 738
8122 739
2882 740
1250 741
1503 742
1677 743
1521 744
5164 745
666 746
6587 747
7073 748
7721 749
2485 750
705 751
1923 752
174 753
3323 754
5935 755
178 756
5756 757
3631 758
8137 759
7947 760
1166 761
7519 762
8124 763
7446 764
3789 765
7905 766
499 767
4831 768
8210 769
192 770
8005 771
3259 772
3103 773
1889 774
395 775
1373 776
7351 777
328 778
5418 779
6592 780
2331 781
5385 782
4880 783
573 784
1204 785
1866 786
3244 787
5216 788
4286 789
1456 790
6345 791
3620 792
4333 793
2509 794
1566 795
1940 796
5687 797
2049 798
7517 799
2605 800
3110 801
710 802
5539 803
943 804
4241 805
843 806
5812 807
601 808
5266 809
4955 810
4503 811
8224 812
8062 813
3167 814
6666 815
4929 816
3758 817
7447 818
3267 819
5273 820
5767 821
922 822
473 823
4608 824
1660 825
2469 826
8080 827
3111 828
5528 829
3416 830
5099 831
4170 832
7975 833
3095 834
5692 835
4356 836
6712 837
7033 838
3208 839
2520 840
376 841
4202 842
6769 843
3002 844
6467 845
5720 846
7238 847
651 848
4916 849
