800 1400
1596 0
6443 1
7016 2
7102 3
6154 4
257 5
2286 6
5986 7
6891 8
3602 9
2453 10
3475 11
499 12
7301 13
1904 14
2583 15
3023 16
5492 17
7055 18
4951 19
5423 20
3140 21
3919 22
6719 23
6246 24
361 25
2346 26
6073 27
6518 28
6483 29
2847 30
5482 31
1319 32
1539 33
2136 34
2656 35
1305 36
1126 37
138 38
3081 39
5056 40
6697 41
3523 42
2868 43
4412 44
5923 45
2164 46
7139 47
5578 48
4206 49
6116 50
2909 51
2015 52
6810 53
489 54
6383 55
7619 56
380 57
4083 58
5184 59
2901 60
3731 61
1304 62
5668 63
7259 64
2353 65
4285 66
1782 67
3303 68
136 69
188 70
7957 71
1073 72
5830 73
4135 74
1758 75
3582 76
2950 77
1560 78
2931 79
3873 80
6458 81
3773 82
5870 83
2533 84
2955 85
7167 86
3737 87
3638 88
6246 89
4766 90
6847 91
4635 92
3240 93
4498 94
3738 95
2765 96
5327 97
3303 98
5555 99
3420 100
3439 101
4214 102
63 103
5230 104
7923 105
764 106
5252 107
6390 108
5463 109
977 110
1884 111
842 112
3144 113
2546 114
67 115
803 116
4644 117
5687 118
1819 119
6533 120
2942 121
1744 122
1561 123
872 124
5739 125
7046 126
290 127
5946 128
525 129
2204 130
3954 131
3320 132
4723 133
7465 134
1435 135
2742 136
6838 137
3055 138
2492 139
2068 140
1507 141
2771 142
2524 143
3049 144
3018 145
6784 146
5564 147
7427 148
6178 149
1671 150
4533 151
6111 152
3257 153
7685 154
3643 155
5251 156
7425 157
7297 158
2465 159
4754 160
3642 161
3154 162
5983 163
5738 164
2936 165
6172 166
1963 167
7395 168
837 169
52 170
4469 171
3408 172
5651 173
4757 174
7561 175
6449 176
4955 177
4515 178
1661 179
6345 180
1882 181
548 182
2187 183
3015 184
5588 185
3276 186
2657 187
6897 188
1101 189
4644 190
3092 191
4673 192
4226 193
374 194
156 195
3683 196
1059 197
5103 198
106 199
7006 200
5310 201
7523 202
4543 203
5224 204
3118 205
5294 206
1264 207
3842 208
3030 209
5699 210
5796 211
5675 212
5016 213
5990 214
5860 215
3546 216
6569 217
4855 218
7841 219
229 220
7593 221
430 222
6206 223
6 224
237 225
7381 226
7595 227
6876 228
7630 229
6268 230
7135 231
6538 232
3378 233
1090 234
2533 235
7439 236
2875 237
4954 238
3297 239
4894 240
42 241
7395 242
2683 243
6180 244
4459 245
1988 246
7847 247
7704 248
597 249
1652 250
4306 251
1296 252
3678 253
4684 254
6686 255
5427 256
3102 257
5824 258
6411 259
7368 260
5301 261
559 262
3302 263
2031 264
2175 265
4971 266
3488 267
7014 268
784 269
6762 270
7728 271
6167 272
4251 273
6408 274
5648 275
2278 276
4261 277
434 278
5091 279
5560 280
6239 281
2611 282
6538 283
6645 284
5098 285
809 286
1313 287
452 288
334 289
3185 290
2447 291
5562 292
1351 293
842 294
4069 295
3489 296
6592 297
5980 298
7400 299
5336 300
1391 301
2795 302
5451 303
4093 304
3300 305
5030 306
2131 307
6453 308
7781 309
2074 310
1156 311
6047 312
6840 313
3562 314
3480 315
4707 316
5645 317
2088 318
5 319
5949 320
2160 321
2542 322
5550 323
7390 324
2351 325
102 326
1356 327
1737 328
5016 329
3549 330
877 331
4877 332
196 333
4365 334
152 335
3786 336
4907 337
5470 338
7125 339
147 340
2861 341
2069 342
4787 343
6874 344
3458 345
4436 346
3861 347
5178 348
1659 349
2849 350
7758 351
7256 352
6581 353
5197 354
2363 355
2357 356
7873 357
2344 358
2513 359
6707 360
4355 361
2301 362
4892 363
6644 364
4082 365
6851 366
4440 367
6248 368
1967 369
1555 370
229 371
5735 372
3347 373
517 374
4024 375
7802 376
7153 377
6094 378
657 379
7815 380
5041 381
6852 382
3516 383
922 384
2 385
5743 386
7301 387
5742 388
5970 389
1567 390
795 391
1928 392
2975 393
5381 394
5094 395
3220 396
3970 397
779 398
5166 399
5425 400
3418 401
4378 402
7131 403
4332 404
4527 405
478 406
2258 407
3303 408
3949 409
2989 410
4500 411
4590 412
6448 413
5935 414
1808 415
678 416
6025 417
97 418
3595 419
895 420
3575 421
36 422
149 423
3513 424
780 425
484 426
6405 427
4185 428
4394 429
6511 430
3784 431
6522 432
6559 433
4606 434
3738 435
2162 436
4924 437
2819 438
1001 439
4461 440
2149 441
722 442
7433 443
2374 444
3920 445
6991 446
5811 447
2420 448
4442 449
1234 450
4014 451
1022 452
6188 453
2779 454
1492 455
4916 456
5843 457
3082 458
4243 459
763 460
1526 461
2340 462
1001 463
7423 464
4359 465
4226 466
7027 467
7715 468
1472 469
1851 470
319 471
3267 472
531 473
1045 474
5571 475
6205 476
6143 477
4643 478
2717 479
1527 480
1169 481
3786 482
2499 483
3 484
6195 485
7351 486
4392 487
3903 488
6613 489
811 490
2881 491
1954 492
7893 493
712 494
2271 495
7235 496
1795 497
6416 498
5222 499
6722 500
2532 501
3389 502
3033 503
7147 504
1803 505
7185 506
5721 507
3920 508
5391 509
565 510
968 511
998 512
6610 513
7045 514
1545 515
4370 516
2421 517
4704 518
997 519
2312 520
7488 521
6498 522
2337 523
14 524
4487 525
2575 526
4302 527
6058 528
4811 529
5666 530
3309 531
816 532
2320 533
4697 534
6659 535
3810 536
6640 537
6334 538
2739 539
3981 540
3785 541
7744 542
1369 543
5750 544
4986 545
2982 546
3540 547
6447 548
5067 549
2571 550
2604 551
7999 552
2687 553
3584 554
2691 555
7736 556
2155 557
993 558
6402 559
3882 560
1703 561
6357 562
5397 563
7542 564
5942 565
5431 566
168 567
6998 568
4371 569
4792 570
7227 571
3143 572
122 573
1863 574
7820 575
6760 576
1087 577
1024 578
1038 579
2015 580
6442 581
6781 582
1959 583
5814 584
1436 585
3462 586
3713 587
3555 588
3017 589
2631 590
2019 591
245 592
4455 593
5315 594
3470 595
4478 596
4713 597
4110 598
1744 599
585 600
2296 601
7148 602
4690 603
4908 604
2551 605
1242 606
3577 607
3005 608
5193 609
1964 610
7914 611
6575 612
6148 613
4952 614
2441 615
1650 616
6378 617
1635 618
1314 619
5905 620
3070 621
6176 622
4063 623
3780 624
3630 625
7282 626
4232 627
3562 628
818 629
825 630
2815 631
2512 632
4514 633
2658 634
7616 635
6547 636
4533 637
234 638
7522 639
5807 640
2604 641
2398 642
1031 643
7072 644
2149 645
2631 646
1325 647
6243 648
6112 649
580 650
6073 651
6718 652
6625 653
3569 654
6751 655
7384 656
7559 657
2913 658
225 659
1861 660
1410 661
3731 662
289 663
219 664
4440 665
7397 666
7717 667
3163 668
4740 669
1124 670
5287 671
1083 672
697 673
5424 674
4751 675
3783 676
3982 677
3033 678
5849 679
5466 680
7662 681
5521 682
461 683
4284 684
5866 685
2111 686
6479 687
6289 688
3879 689
489 690
229 691
6618 692
2504 693
2090 694
3234 695
7820 696
3657 697
6388 698
1005 699
4197 700
4615 701
5178 702
2732 703
391 704
2285 705
5282 706
4202 707
5562 708
2743 709
4333 710
1889 711
2586 712
5894 713
2111 714
1026 715
43 716
4087 717
1103 718
1510 719
4119 720
4028 721
4136 722
1371 723
7455 724
3604 725
2257 726
6054 727
1831 728
2828 729
4285 730
3838 731
2734 732
5168 733
743 734
5444 735
3695 736
5839 737
1273 738
5427 739
1012 740
5278 741
6736 742
5948 743
959 744
3620 745
4321 746
2987 747
3718 748
896 749
1374 750
5189 751
7439 752
6805 753
252 754
2866 755
3891 756
5481 757
5340 758
1910 759
4798 760
4205 761
6140 762
63 763
3333 764
7584 765
7991 766
3449 767
1775 768
1145 769
74 770
329 771
6948 772
1698 773
2775 774
6822 775
1628 776
7611 777
1108 778
2886 779
3773 780
855 781
5836 782
6563 783
75 784
5265 785
3985 786
3191 787
1370 788
1504 789
2246 790
6881 791
2328 792
6002 793
5420 794
6493 795
1718 796
4885 797
6748 798
1136 799
