800 1100
641 0
2710 1
576 2
1870 3
3733 4
1233 5
4496 6
4898 7
622 8
2926 9
3704 10
2074 11
5952 12
5113 13
7887 14
1785 15
3637 16
6580 17
309 18
4231 19
7510 20
6715 21
955 22
4563 23
2560 24
3680 25
1021 26
7488 27
732 28
5291 29
7993 30
1182 31
5595 32
1528 33
4146 34
4321 35
1513 36
7427 37
1664 38
6907 39
3859 40
7794 41
6664 42
1024 43
3440 44
7583 45
2241 46
5062 47
7688 48
6984 49
960 50
1405 51
413 52
7338 53
3076 54
2926 55
131 56
7740 57
6323 58
5121 59
249 60
6441 61
4456 62
4428 63
2719 64
2086 65
2973 66
6079 67
252 68
6382 69
7729 70
4370 71
2358 72
1793 73
1861 74
5231 75
171 76
5676 77
7087 78
3160 79
7702 80
4248 81
6787 82
6974 83
2378 84
6267 85
7160 86
5463 87
5524 88
4030 89
5096 90
1110 91
7335 92
2934 93
547 94
1835 95
634 96
323 97
7037 98
1625 99
3956 100
2021 101
3338 102
7512 103
2253 104
2350 105
1163 106
7160 107
3509 108
2131 109
5211 110
4668 111
4802 112
70 113
5084 114
6889 115
1496 116
4622 117
7343 118
2773 119
6331 120
1053 121
2280 122
4606 123
2766 124
104 125
7756 126
4271 127
3770 128
5421 129
20 130
5995 131
2709 132
2077 133
3331 134
1317 135
7284 136
5467 137
5605 138
1038 139
3317 140
1992 141
6106 142
7303 143
1580 144
4175 145
5022 146
4384 147
2159 148
1087 149
6790 150
2910 151
3726 152
3321 153
4640 154
2953 155
5893 156
5217 157
7850 158
3390 159
1865 160
6409 161
7880 162
3687 163
1713 164
7931 165
1447 166
7119 167
4910 168
1197 169
4474 170
1285 171
4915 172
4378 173
5302 174
2402 175
762 176
6481 177
2435 178
2526 179
1672 180
3755 181
4067 182
2475 183
7564 184
330 185
3204 186
841 187
162 188
4803 189
6358 190
1461 191
2711 192
7529 193
6335 194
1194 195
2295 196
1222 197
4663 198
3103 199
720 200
5892 201
7636 202
5424 203
2467 204
4051 205
3436 206
5929 207
3881 208
5014 209
4135 210
1989 211
6967 212
172 213
5838 214
5622 215
3024 216
7112 217
4857 218
3757 219
134 220
2284 221
4772 222
7167 223
963 224
4197 225
5176 226
84 227
2924 228
4113 229
6116 230
4919 231
5092 232
6783 233
2344 234
6665 235
2235 236
5514 237
3106 238
6563 239
6094 240
7616 241
6510 242
4946 243
2343 244
7037 245
1630 246
4028 247
6023 248
1970 249
5870 250
3744 251
6816 252
2653 253
7557 254
5818 255
3798 256
7066 257
2760 258
6678 259
5979 260
305 261
7696 262
1189 263
2873 264
5861 265
5831 266
2968 267
4121 268
1861 269
7559 270
6792 271
5973 272
5313 273
4669 274
1164 275
4187 276
3270 277
4824 278
2195 279
672 280
7277 281
4004 282
6678 283
7771 284
580 285
5157 286
5752 287
221 288
2781 289
4342 290
5974 291
1241 292
3044 293
1911 294
5722 295
3646 296
2967 297
1092 298
5486 299
5025 300
2887 301
5804 302
2177 303
2400 304
1967 305
1148 306
2991 307
6749 308
1487 309
5899 310
7787 311
1177 312
4346 313
4811 314
714 315
6384 316
4381 317
6292 318
1373 319
1970 320
2662 321
3385 322
117 323
7303 324
7759 325
7197 326
2134 327
3721 328
2761 329
7116 330
2560 331
6407 332
7183 333
6356 334
4009 335
751 336
4696 337
2133 338
7427 339
2573 340
6860 341
6946 342
4232 343
1757 344
203 345
2786 346
7006 347
7977 348
7685 349
2809 350
5010 351
1564 352
3018 353
6651 354
1269 355
3016 356
3892 357
725 358
5617 359
1421 360
4282 361
1874 362
7746 363
2996 364
5826 365
58 366
3040 367
29 368
5431 369
6954 370
994 371
6269 372
7358 373
5322 374
4362 375
6898 376
7254 377
7203 378
3897 379
6290 380
4775 381
7658 382
2218 383
4174 384
5860 385
4560 386
4261 387
2459 388
3180 389
1625 390
3618 391
5831 392
2769 393
5803 394
4138 395
5280 396
3750 397
5142 398
7363 399
4694 400
2284 401
954 402
5379 403
4194 404
3162 405
586 406
713 407
3397 408
4338 409
5673 410
5794 411
5603 412
1306 413
1118 414
3554 415
3056 416
2451 417
7301 418
7057 419
1313 420
1421 421
6338 422
1549 423
7513 424
2526 425
4430 426
5777 427
3483 428
6620 429
1089 430
6211 431
5387 432
7948 433
6055 434
6056 435
4484 436
2565 437
1147 438
189 439
4593 440
7049 441
6884 442
5108 443
257 444
7231 445
1122 446
3487 447
4095 448
2572 449
664 450
6593 451
427 452
4601 453
7628 454
4706 455
3938 456
1214 457
577 458
7027 459
1257 460
3487 461
443 462
675 463
2710 464
1618 465
6538 466
1814 467
3219 468
7987 469
3121 470
6608 471
1368 472
1921 473
2202 474
4398 475
1756 476
2137 477
2977 478
69 479
830 480
5389 481
980 482
5141 483
1015 484
6836 485
4426 486
2295 487
2133 488
6202 489
2075 490
5423 491
6249 492
7820 493
3162 494
5188 495
4144 496
6469 497
2531 498
4973 499
6599 500
4783 501
7236 502
6972 503
6531 504
2901 505
7 506
7522 507
6433 508
7085 509
893 510
1386 511
7078 512
7504 513
3398 514
5549 515
897 516
596 517
5352 518
6791 519
2796 520
1419 521
4598 522
5273 523
871 524
410 525
286 526
506 527
6744 528
147 529
2380 530
4621 531
1176 532
4420 533
681 534
61 535
5968 536
1329 537
1142 538
7312 539
6435 540
1677 541
5162 542
728 543
4551 544
5704 545
1778 546
7207 547
3715 548
1795 549
3587 550
7535 551
1171 552
7315 553
6912 554
4168 555
5110 556
5629 557
1615 558
6615 559
4434 560
660 561
3586 562
6184 563
412 564
7654 565
7385 566
7899 567
7732 568
6499 569
722 570
6322 571
7749 572
6314 573
2645 574
6177 575
46 576
3694 577
1671 578
4276 579
860 580
4344 581
2936 582
2230 583
1085 584
4722 585
234 586
7115 587
2689 588
6343 589
1552 590
1824 591
694 592
3038 593
2068 594
7412 595
7560 596
101 597
2289 598
1102 599
5145 600
6761 601
3240 602
5999 603
4684 604
4156 605
1780 606
2665 607
4354 608
4095 609
9 610
59 611
315 612
7656 613
1471 614
1977 615
6277 616
7712 617
1541 618
7858 619
7582 620
4155 621
6743 622
2641 623
6658 624
795 625
6330 626
440 627
5968 628
5060 629
4260 630
276 631
7729 632
3424 633
394 634
5186 635
5908 636
6713 637
4439 638
3344 639
1931 640
6455 641
7148 642
7321 643
7178 644
6447 645
6878 646
5943 647
7391 648
1242 649
6209 650
1747 651
2495 652
5691 653
3399 654
3951 655
7373 656
4101 657
36 658
695 659
7548 660
5097 661
6996 662
3608 663
6990 664
3814 665
6848 666
5408 667
6374 668
1867 669
4321 670
4451 671
7146 672
3792 673
6148 674
2159 675
7274 676
3066 677
4678 678
7163 679
946 680
3403 681
4069 682
232 683
2796 684
970 685
5377 686
7497 687
5968 688
7224 689
6926 690
6373 691
2231 692
2679 693
7086 694
5307 695
6903 696
2411 697
1281 698
4707 699
5499 700
5815 701
1194 702
531 703
5251 704
2117 705
4480 706
7471 707
4147 708
3130 709
7862 710
4646 711
3738 712
1088 713
7031 714
7782 715
3752 716
7088 717
7594 718
3704 719
3062 720
2017 721
3946 722
2260 723
1644 724
1710 725
2100 726
1247 727
4637 728
5072 729
5214 730
3667 731
677 732
4310 733
7892 734
3999 735
4534 736
7886 737
5355 738
6188 739
377 740
3468 741
6521 742
312 743
3102 744
3373 745
4502 746
5505 747
7051 748
557 749
2756 750
2610 751
6049 752
705 753
7031 754
2375 755
7034 756
7514 757
5781 758
5859 759
7682 760
2619 761
4052 762
6385 763
6427 764
7169 765
2235 766
6795 767
7264 768
2907 769
5138 770
2889 771
6405 772
5687 773
1177 774
6655 775
6737 776
7985 777
69 778
2986 779
1736 780
2350 781
3517 782
5780 783
2785 784
6530 785
1258 786
2254 787
3754 788
2832 789
5791 790
639 791
148 792
3923 793
167 794
1282 795
3921 796
4640 797
1026 798
2234 799
