800 350
2087 0
7594 1
1447 2
7356 3
5754 4
5766 5
7827 6
1519 7
5948 8
1370 9
2506 10
3342 11
1881 12
5949 13
7445 14
5499 15
1556 16
708 17
1611 18
5523 19
3609 20
2294 21
4747 22
3270 23
2544 24
4526 25
3358 26
5033 27
3330 28
4879 29
46 30
6648 31
1148 32
1888 33
407 34
3139 35
7062 36
7213 37
524 38
1700 39
1039 40
723 41
5449 42
5094 43
4258 44
2211 45
4083 46
5670 47
6782 48
6214 49
7316 50
3708 51
82 52
2890 53
7575 54
5237 55
4853 56
2591 57
3078 58
4980 59
3813 60
914 61
6304 62
7925 63
7690 64
2219 65
7080 66
1875 67
5500 68
4490 69
7122 70
3459 71
894 72
4423 73
120 74
5666 75
1483 76
5381 77
4064 78
1869 79
5932 80
2941 81
4357 82
6288 83
3707 84
4745 85
578 86
6618 87
2021 88
1102 89
6217 90
2312 91
6192 92
6143 93
6691 94
1473 95
2052 96
4304 97
2572 98
850 99
1503 100
1386 101
6152 102
6907 103
6825 104
1545 105
4753 106
503 107
1581 108
2851 109
6699 110
998 111
1151 112
2558 113
5295 114
1140 115
3094 116
7182 117
7581 118
3842 119
5620 120
3404 121
2600 122
7644 123
3677 124
4624 125
6779 126
89 127
6949 128
5422 129
6502 130
1896 131
4897 132
4483 133
1931 134
7337 135
3185 136
6350 137
1366 138
4923 139
2727 140
5651 141
680 142
3120 143
7342 144
5933 145
4304 146
3167 147
3705 148
2671 149
6108 150
6915 151
7445 152
6667 153
5854 154
6564 155
1124 156
708 157
4904 158
2717 159
734 160
1749 161
4893 162
7022 163
6962 164
1425 165
2006 166
4652 167
7302 168
6272 169
1576 170
5522 171
1446 172
7924 173
2647 174
7271 175
3382 176
4398 177
7323 178
4539 179
5090 180
3225 181
1052 182
7224 183
4515 184
4 185
1852 186
6622 187
512 188
759 189
3931 190
1250 191
3037 192
5272 193
2833 194
1144 195
839 196
7322 197
5440 198
2566 199
2857 200
2301 201
2224 202
7958 203
547 204
3964 205
91 206
2716 207
6821 208
3116 209
4151 210
3943 211
6993 212
7512 213
4666 214
3340 215
1701 216
4417 217
3203 218
26 219
5319 220
3545 221
2440 222
6832 223
6421 224
3109 225
369 226
2611 227
993 228
5974 229
7696 230
7781 231
273 232
5909 233
695 234
4414 235
3335 236
1893 237
2181 238
1459 239
6785 240
5532 241
397 242
513 243
5007 244
6033 245
6787 246
719 247
3738 248
7362 249
5945 250
7220 251
4804 252
5941 253
2837 254
1852 255
2554 256
902 257
579 258
3593 259
2647 260
3207 261
2586 262
1786 263
5547 264
2126 265
4358 266
6056 267
958 268
2269 269
4662 270
7793 271
2724 272
4440 273
7808 274
5344 275
6141 276
3857 277
5604 278
2010 279
7927 280
6534 281
3471 282
4058 283
1486 284
1325 285
5437 286
5983 287
232 288
5621 289
741 290
4785 291
935 292
5259 293
7334 294
197 295
6476 296
5230 297
4925 298
2740 299
6437 300
7207 301
7093 302
6060 303
3361 304
1110 305
1386 306
3666 307
3140 308
5092 309
6580 310
7277 311
3636 312
1427 313
7745 314
2463 315
7015 316
6885 317
7952 318
2392 319
2423 320
5149 321
3323 322
4801 323
2705 324
6633 325
1584 326
3680 327
1765 328
756 329
4051 330
7613 331
7946 332
1727 333
6964 334
2435 335
2781 336
3497 337
5479 338
6794 339
6374 340
5688 341
346 342
3380 343
6026 344
4559 345
4398 346
6062 347
2263 348
5699 349
351 350
553 351
2911 352
2588 353
2221 354
7732 355
1408 356
3812 357
166 358
6875 359
237 360
4586 361
1111 362
7172 363
2897 364
2911 365
4954 366
1135 367
7504 368
1436 369
5163 370
1479 371
856 372
1978 373
6788 374
1576 375
3668 376
3130 377
6533 378
1679 379
2604 380
7789 381
5736 382
2819 383
1863 384
21 385
5094 386
6698 387
6144 388
5909 389
2939 390
4634 391
5887 392
1940 393
7620 394
1205 395
5612 396
1889 397
2141 398
1288 399
1207 400
5367 401
237 402
7693 403
1726 404
7347 405
3329 406
2309 407
4118 408
1365 409
3904 410
329 411
7937 412
4994 413
4282 414
90 415
4772 416
6890 417
1510 418
3845 419
2377 420
6866 421
7653 422
2562 423
618 424
7922 425
1280 426
1282 427
3778 428
4410 429
6748 430
1157 431
4335 432
6310 433
7345 434
7848 435
6153 436
4000 437
219 438
1903 439
6247 440
4890 441
3602 442
656 443
3305 444
3036 445
3369 446
5985 447
4248 448
4946 449
1709 450
4608 451
4855 452
3306 453
5156 454
6328 455
244 456
1532 457
1125 458
5054 459
7154 460
7890 461
7333 462
1998 463
7926 464
1085 465
3666 466
2280 467
5021 468
7428 469
521 470
5434 471
35 472
5450 473
6455 474
7658 475
4395 476
4380 477
4643 478
5431 479
6976 480
4940 481
2784 482
279 483
6191 484
5367 485
2150 486
3282 487
4166 488
2199 489
5296 490
3384 491
1952 492
5421 493
7163 494
7298 495
2968 496
2835 497
7030 498
4 499
4576 500
474 501
7164 502
5048 503
2454 504
7021 505
3460 506
4782 507
4792 508
4093 509
1333 510
4279 511
3865 512
6264 513
4640 514
1946 515
5101 516
3508 517
2291 518
5608 519
117 520
5883 521
6547 522
4450 523
1446 524
2545 525
6813 526
2575 527
3236 528
832 529
2239 530
84 531
7306 532
815 533
2641 534
1754 535
1090 536
6555 537
2587 538
1128 539
4600 540
3342 541
5210 542
4465 543
2050 544
4230 545
1836 546
4710 547
7468 548
154 549
1821 550
1489 551
1483 552
7418 553
2678 554
2330 555
5371 556
6028 557
6164 558
4825 559
3108 560
460 561
7099 562
5391 563
7010 564
4212 565
5243 566
429 567
574 568
4351 569
4188 570
6230 571
2217 572
997 573
1245 574
1727 575
4824 576
6155 577
6922 578
578 579
1320 580
7524 581
3593 582
6320 583
4457 584
936 585
6752 586
2162 587
6827 588
6624 589
2569 590
4057 591
1125 592
154 593
712 594
4985 595
7125 596
7886 597
1096 598
4998 599
4384 600
6883 601
726 602
5475 603
6235 604
5645 605
5731 606
4050 607
7531 608
4670 609
7046 610
3509 611
6174 612
6384 613
2326 614
6044 615
2602 616
6001 617
2316 618
4882 619
3946 620
1273 621
2201 622
6994 623
2738 624
629 625
2542 626
6943 627
2096 628
4054 629
5058 630
6216 631
3754 632
901 633
5366 634
7173 635
2352 636
6561 637
2142 638
2598 639
5729 640
3810 641
4933 642
334 643
7021 644
4320 645
4480 646
2786 647
6862 648
3109 649
4414 650
853 651
3594 652
2313 653
1650 654
2006 655
7513 656
5211 657
7079 658
1492 659
2742 660
1152 661
3704 662
2144 663
2368 664
7949 665
944 666
1616 667
3186 668
3588 669
4656 670
2918 671
6648 672
3559 673
2719 674
4642 675
4368 676
7874 677
6690 678
3999 679
822 680
7362 681
1203 682
111 683
3141 684
2931 685
898 686
1527 687
1306 688
212 689
409 690
2259 691
3822 692
7906 693
4682 694
3736 695
965 696
7881 697
4709 698
2637 699
5542 700
4631 701
3645 702
1661 703
1083 704
7332 705
1112 706
5396 707
3952 708
5955 709
4432 710
7561 711
1767 712
212 713
5796 714
3476 715
1008 716
4360 717
491 718
7001 719
2759 720
908 721
2707 722
75 723
7298 724
5031 725
7908 726
7813 727
5335 728
2096 729
5793 730
1221 731
1049 732
6473 733
2142 734
797 735
6161 736
1755 737
3046 738
2803 739
7304 740
5181 741
4585 742
5266 743
7936 744
6131 745
3288 746
2282 747
5643 748
2143 749
655 750
4745 751
6741 752
2046 753
1961 754
6278 755
3681 756
4508 757
3928 758
6550 759
5042 760
7216 761
3950 762
7025 763
4295 764
1462 765
5854 766
7455 767
1473 768
3526 769
3957 770
674 771
2854 772
4528 773
1547 774
7163 775
5105 776
321 777
2294 778
3174 779
2602 780
60 781
6531 782
945 783
6171 784
4888 785
1957 786
7199 787
4079 788
4563 789
17 790
216 791
325 792
5505 793
1655 794
1901 795
1159 796
4047 797
5800 798
4919 799
