850 900
7813 0
2378 1
6432 2
4510 3
7710 4
5313 5
6197 6
1262 7
7722 8
6732 9
4784 10
520 11
2337 12
3734 13
6867 14
7442 15
2786 16
1733 17
4622 18
7105 19
7510 20
1276 21
3692 22
4958 23
2257 24
103 25
4266 26
4511 27
299 28
3408 29
5680 30
1511 31
3838 32
7119 33
906 34
8284 35
5081 36
3682 37
5859 38
7364 39
5502 40
705 41
2604 42
3981 43
3007 44
6857 45
8490 46
2116 47
2978 48
357 49
3177 50
6310 51
1809 52
1364 53
6202 54
7592 55
535 56
5057 57
2614 58
6067 59
5155 60
8182 61
5588 62
4256 63
5724 64
5861 65
3924 66
4082 67
5924 68
626 69
3445 70
4159 71
646 72
2208 73
5017 74
5838 75
2703 76
5642 77
7041 78
753 79
4510 80
4318 81
6183 82
4104 83
3556 84
2164 85
163 86
2621 87
3557 88
7870 89
2082 90
6808 91
4320 92
911 93
361 94
1871 95
7987 96
4050 97
2125 98
6076 99
1551 100
7776 101
1177 102
6474 103
7791 104
2951 105
349 106
8194 107
5100 108
3126 109
1578 110
1565 111
4916 112
2683 113
7054 114
5209 115
828 116
2659 117
6439 118
8353 119
4084 120
5036 121
4403 122
5842 123
2057 124
4211 125
7386 126
734 127
831 128
6235 129
3834 130
7886 131
4793 132
7577 133
110 134
5804 135
1983 136
4501 137
2502 138
3214 139
4374 140
2554 141
5208 142
5141 143
5904 144
1464 145
3277 146
3634 147
175 148
4379 149
4922 150
7072 151
6516 152
4286 153
4018 154
4211 155
1440 156
4482 157
1768 158
4851 159
4440 160
4043 161
2890 162
7870 163
8281 164
3144 165
5373 166
3806 167
4893 168
3189 169
536 170
5606 171
4775 172
3451 173
135 174
6469 175
1373 176
228 177
4227 178
940 179
7886 180
2652 181
1475 182
4798 183
6758 184
8159 185
3913 186
3960 187
788 188
2491 189
2439 190
1906 191
3840 192
587 193
5487 194
1923 195
3836 196
7466 197
1071 198
7546 199
1802 200
541 201
3822 202
4932 203
2862 204
7468 205
320 206
5639 207
1335 208
384 209
3300 210
611 211
8029 212
476 213
6613 214
7342 215
7472 216
5544 217
5491 218
1687 219
5331 220
7937 221
3546 222
5993 223
980 224
4181 225
7711 226
6233 227
4493 228
7415 229
7040 230
5306 231
3900 232
2463 233
1604 234
8366 235
509 236
4505 237
1882 238
4925 239
5727 240
870 241
2248 242
6570 243
2973 244
8106 245
7855 246
7542 247
5298 248
2744 249
1489 250
4965 251
1130 252
2488 253
3226 254
5400 255
40 256
1967 257
2148 258
3290 259
2749 260
2735 261
1927 262
1487 263
5482 264
5153 265
2988 266
6884 267
2883 268
4640 269
4665 270
5057 271
6825 272
1623 273
7653 274
6158 275
7522 276
1570 277
3340 278
3717 279
1570 280
2685 281
3666 282
1045 283
4484 284
6546 285
8098 286
3099 287
2064 288
8192 289
8291 290
8176 291
4502 292
1792 293
4199 294
3757 295
6397 296
5400 297
8097 298
1361 299
6698 300
107 301
4375 302
6072 303
75 304
4471 305
2911 306
2939 307
3989 308
1009 309
4825 310
6298 311
7843 312
6524 313
3622 314
5046 315
2485 316
2810 317
7148 318
4731 319
4612 320
7816 321
7784 322
6632 323
2085 324
6012 325
291 326
5164 327
3386 328
648 329
2093 330
7777 331
6338 332
1471 333
6184 334
5373 335
3041 336
8360 337
1581 338
8071 339
839 340
7486 341
3622 342
172 343
251 344
2464 345
98 346
6029 347
3208 348
2318 349
3441 350
5651 351
4737 352
4187 353
71 354
5806 355
714 356
4629 357
5861 358
7982 359
3478 360
7878 361
7714 362
1948 363
6654 364
6330 365
364 366
7893 367
5241 368
2151 369
1171 370
4001 371
1682 372
3966 373
2969 374
5235 375
5613 376
283 377
4060 378
6277 379
1135 380
3097 381
6575 382
6126 383
910 384
2589 385
1458 386
6948 387
946 388
2285 389
1301 390
4634 391
4888 392
739 393
1800 394
5008 395
5614 396
4453 397
1719 398
680 399
3605 400
3294 401
1209 402
5549 403
4665 404
7185 405
6845 406
8385 407
5945 408
4149 409
3942 410
1154 411
6662 412
2671 413
5628 414
4198 415
8489 416
6948 417
1370 418
7766 419
5294 420
6221 421
2571 422
741 423
1845 424
3689 425
4766 426
4379 427
1042 428
4493 429
7649 430
5802 431
3311 432
406 433
897 434
1755 435
1409 436
1772 437
7906 438
5067 439
8198 440
4121 441
1501 442
209 443
969 444
4516 445
2609 446
2471 447
8464 448
8459 449
1894 450
3455 451
3718 452
4834 453
1776 454
2190 455
5244 456
78 457
5045 458
5223 459
1305 460
4125 461
7114 462
5147 463
8060 464
520 465
7505 466
2817 467
5388 468
4829 469
2185 470
6308 471
1013 472
479 473
1690 474
5445 475
8119 476
1182 477
2481 478
4368 479
1824 480
1146 481
2103 482
6021 483
2520 484
4216 485
2112 486
7472 487
6429 488
2049 489
7068 490
3022 491
7333 492
6860 493
7696 494
6092 495
10 496
778 497
634 498
3483 499
4413 500
5146 501
4006 502
2763 503
6929 504
2794 505
1823 506
4691 507
296 508
5112 509
1234 510
786 511
1472 512
413 513
1623 514
4509 515
3233 516
3616 517
3547 518
1863 519
8152 520
4660 521
2593 522
1147 523
7790 524
248 525
849 526
2880 527
6080 528
349 529
3584 530
4942 531
2846 532
7914 533
3039 534
6610 535
1229 536
4671 537
5278 538
4854 539
3335 540
7030 541
2510 542
3316 543
1306 544
7930 545
1376 546
926 547
2518 548
6652 549
4775 550
7749 551
3338 552
8100 553
5558 554
3301 555
7341 556
3381 557
524 558
7017 559
7436 560
7392 561
3512 562
2861 563
968 564
3143 565
682 566
4009 567
3934 568
7618 569
4789 570
5336 571
7576 572
6307 573
6480 574
2451 575
6593 576
1774 577
6647 578
8376 579
6459 580
4690 581
6625 582
1845 583
2353 584
2531 585
6721 586
1377 587
202 588
1638 589
8120 590
8395 591
3254 592
4299 593
2953 594
7539 595
1899 596
5381 597
4286 598
2626 599
1509 600
8448 601
7998 602
5549 603
3995 604
8305 605
5487 606
2202 607
7875 608
8372 609
1608 610
4753 611
6246 612
2603 613
7313 614
3789 615
3558 616
6600 617
4710 618
8225 619
7672 620
2792 621
5896 622
5003 623
7283 624
1902 625
321 626
8257 627
5118 628
3575 629
323 630
6649 631
5146 632
1673 633
885 634
2755 635
7882 636
8307 637
5649 638
3229 639
4422 640
2517 641
3847 642
3202 643
4 644
3928 645
8319 646
2780 647
3646 648
3507 649
2157 650
5180 651
2188 652
1510 653
2341 654
3248 655
2744 656
7566 657
7791 658
6064 659
2679 660
7167 661
4115 662
973 663
5348 664
962 665
1555 666
4306 667
4147 668
6013 669
2403 670
8267 671
7857 672
61 673
953 674
3999 675
5530 676
2254 677
7794 678
6586 679
1528 680
6843 681
7372 682
4745 683
7490 684
7589 685
4701 686
3512 687
6634 688
1582 689
4038 690
6159 691
1405 692
2845 693
2301 694
5175 695
3521 696
7006 697
2760 698
7776 699
944 700
6355 701
4501 702
550 703
8488 704
1920 705
727 706
5530 707
2439 708
528 709
1997 710
2007 711
177 712
5146 713
4646 714
5315 715
2046 716
3523 717
1142 718
908 719
582 720
8067 721
2047 722
4378 723
8143 724
3950 725
3823 726
3279 727
8230 728
3731 729
3239 730
601 731
290 732
7297 733
2564 734
5178 735
7860 736
2552 737
4155 738
4975 739
2036 740
1231 741
4012 742
2888 743
5740 744
986 745
5988 746
2606 747
1520 748
4207 749
1472 750
3404 751
2649 752
4698 753
5007 754
6671 755
7306 756
6488 757
6168 758
5136 759
4402 760
5378 761
12 762
3290 763
4459 764
1304 765
6246 766
454 767
3792 768
7031 769
2600 770
5655 771
5014 772
3901 773
7148 774
8089 775
2944 776
7662 777
4986 778
533 779
7031 780
5843 781
5749 782
3534 783
4271 784
7340 785
4580 786
6533 787
2316 788
1634 789
102 790
7048 791
6750 792
4396 793
8447 794
1958 795
6567 796
6865 797
1804 798
5455 799
893 800
2329 801
5802 802
4598 803
55 804
3468 805
4963 806
4350 807
8366 808
8440 809
5668 810
8411 811
3997 812
2846 813
670 814
7429 815
4001 816
2316 817
7087 818
4635 819
2889 820
3875 821
6292 822
1362 823
2784 824
4967 825
8450 826
7068 827
5989 828
2006 829
5498 830
1570 831
8353 832
2752 833
7243 834
5412 835
4378 836
1271 837
5047 838
2677 839
4026 840
2627 841
3153 842
5103 843
4013 844
7708 845
8269 846
665 847
6148 848
8493 849
