800 1200
737 0
5391 1
3785 2
5527 3
2244 4
6390 5
7946 6
322 7
5844 8
428 9
1661 10
4459 11
3942 12
5838 13
5709 14
2586 15
71 16
4903 17
7522 18
7311 19
6941 20
1265 21
1189 22
6328 23
4012 24
3468 25
4738 26
3099 27
1657 28
509 29
4178 30
5005 31
6057 32
4602 33
1707 34
634 35
7512 36
7632 37
1183 38
444 39
291 40
7321 41
4550 42
1693 43
1937 44
2800 45
1657 46
3488 47
4752 48
4288 49
6419 50
6502 51
7046 52
2152 53
4602 54
543 55
6863 56
1871 57
1770 58
6304 59
2919 60
2522 61
2128 62
808 63
4496 64
2636 65
4529 66
2292 67
6995 68
5082 69
5493 70
1833 71
1989 72
5146 73
3046 74
7902 75
937 76
2918 77
4685 78
330 79
7382 80
1603 81
1727 82
449 83
652 84
2580 85
6083 86
1283 87
6988 88
5695 89
3188 90
7822 91
832 92
7421 93
5066 94
7624 95
2121 96
2469 97
7695 98
7416 99
7489 100
3345 101
883 102
4956 103
6799 104
3337 105
2531 106
6867 107
3438 108
4409 109
7828 110
774 111
4499 112
2920 113
6499 114
1341 115
1964 116
2916 117
2512 118
5387 119
3721 120
4659 121
1060 122
2962 123
7345 124
1443 125
5183 126
45 127
2610 128
807 129
5020 130
7497 131
6724 132
4957 133
4398 134
7234 135
5860 136
7661 137
3557 138
4313 139
4301 140
6085 141
5622 142
6533 143
5726 144
306 145
5529 146
3510 147
72 148
5685 149
1445 150
5550 151
3566 152
711 153
3514 154
7630 155
3944 156
4330 157
4115 158
6542 159
4676 160
4481 161
7499 162
3779 163
6657 164
7442 165
2693 166
726 167
4758 168
2989 169
4099 170
4785 171
972 172
702 173
1282 174
629 175
2553 176
701 177
7583 178
7341 179
219 180
4105 181
4866 182
5285 183
197 184
4532 185
3476 186
1513 187
7258 188
7564 189
4246 190
3567 191
2857 192
4470 193
7464 194
6445 195
2922 196
1415 197
5287 198
1505 199
701 200
5678 201
266 202
1482 203
7986 204
7380 205
5886 206
1921 207
3682 208
505 209
3579 210
1086 211
5443 212
1459 213
3263 214
6138 215
2357 216
3686 217
6694 218
6362 219
348 220
7241 221
929 222
5128 223
1100 224
2673 225
4058 226
6665 227
2362 228
4924 229
413 230
3987 231
3093 232
3105 233
382 234
2884 235
3874 236
7936 237
7137 238
523 239
1790 240
4996 241
3854 242
3254 243
7136 244
6307 245
3465 246
2041 247
6625 248
6711 249
6757 250
2247 251
506 252
4830 253
6833 254
2648 255
2876 256
6513 257
3811 258
6165 259
226 260
1908 261
4117 262
1784 263
7874 264
5986 265
7188 266
4727 267
475 268
296 269
4384 270
6416 271
6958 272
497 273
7900 274
3721 275
1331 276
1735 277
5607 278
6879 279
1050 280
4734 281
5239 282
6500 283
732 284
6049 285
6303 286
579 287
4339 288
7640 289
216 290
2617 291
2270 292
5686 293
7441 294
4160 295
2497 296
5196 297
1625 298
6969 299
18 300
5055 301
958 302
645 303
3084 304
7137 305
1794 306
2308 307
4320 308
7110 309
4717 310
7295 311
4415 312
7514 313
1617 314
62 315
3677 316
7326 317
532 318
6845 319
4978 320
669 321
764 322
1489 323
6890 324
4174 325
5526 326
3606 327
6590 328
4774 329
5914 330
3730 331
7579 332
3293 333
1000 334
3810 335
7757 336
2217 337
7198 338
4138 339
2373 340
292 341
4347 342
3094 343
6052 344
3962 345
793 346
3987 347
6883 348
6594 349
7939 350
7229 351
7328 352
4678 353
402 354
565 355
4444 356
7681 357
5979 358
2792 359
6892 360
4135 361
2737 362
7923 363
515 364
7613 365
1087 366
7370 367
7576 368
4010 369
1539 370
2265 371
7189 372
3925 373
6617 374
6330 375
961 376
1360 377
4804 378
7581 379
5456 380
5125 381
1569 382
7643 383
7797 384
1374 385
7758 386
5245 387
5610 388
3573 389
2170 390
6478 391
5301 392
3047 393
7930 394
4948 395
1367 396
6077 397
1707 398
3189 399
1797 400
2173 401
6567 402
908 403
7765 404
788 405
882 406
3687 407
5366 408
583 409
1435 410
7306 411
659 412
7232 413
1822 414
4242 415
391 416
6013 417
1149 418
4082 419
5874 420
4715 421
7152 422
6031 423
5052 424
1877 425
558 426
1932 427
1839 428
2443 429
6915 430
942 431
4719 432
1023 433
4144 434
6164 435
5665 436
6468 437
1441 438
1906 439
4417 440
3047 441
5904 442
3452 443
5341 444
3658 445
3753 446
3694 447
4019 448
5732 449
3338 450
2229 451
3895 452
7167 453
1384 454
150 455
6452 456
2176 457
2711 458
5458 459
3709 460
877 461
682 462
6547 463
4989 464
7439 465
5166 466
7360 467
4946 468
7147 469
7928 470
5742 471
4744 472
7213 473
4390 474
2501 475
2038 476
4598 477
5522 478
194 479
304 480
7094 481
5662 482
5118 483
599 484
7712 485
956 486
5073 487
1578 488
1925 489
822 490
973 491
1175 492
2924 493
6025 494
7197 495
3477 496
7460 497
5001 498
3983 499
2995 500
898 501
3181 502
6768 503
2268 504
292 505
3199 506
252 507
2807 508
6217 509
5137 510
4079 511
201 512
3993 513
2184 514
2708 515
308 516
3538 517
3201 518
803 519
7051 520
93 521
1745 522
2797 523
7957 524
4259 525
7356 526
1327 527
2156 528
7692 529
7114 530
743 531
578 532
1356 533
1293 534
3151 535
3668 536
7694 537
4955 538
4683 539
5351 540
5538 541
1466 542
3256 543
4580 544
498 545
3982 546
2388 547
7457 548
313 549
6833 550
3826 551
2267 552
4543 553
106 554
6064 555
7191 556
4627 557
5914 558
7864 559
3926 560
7004 561
4614 562
6993 563
3399 564
3513 565
3892 566
5743 567
4118 568
7574 569
7375 570
7093 571
5100 572
6369 573
6322 574
6272 575
2632 576
431 577
6961 578
5875 579
5716 580
7995 581
2125 582
3994 583
5025 584
3260 585
4766 586
2652 587
5773 588
6670 589
2636 590
7481 591
1608 592
355 593
2400 594
6582 595
3908 596
3946 597
2186 598
6695 599
2249 600
2714 601
2323 602
1888 603
336 604
1743 605
1605 606
6236 607
2955 608
5540 609
3448 610
1364 611
4328 612
6074 613
2167 614
1905 615
5021 616
1812 617
4105 618
4338 619
4161 620
878 621
1465 622
4355 623
796 624
7420 625
7477 626
1026 627
1213 628
866 629
4718 630
1180 631
6888 632
2804 633
4642 634
3238 635
6603 636
738 637
5068 638
4303 639
7556 640
1741 641
1236 642
2096 643
4443 644
4044 645
4986 646
5250 647
4117 648
6254 649
5292 650
1439 651
6562 652
4538 653
5415 654
3927 655
6250 656
7296 657
7864 658
1594 659
35 660
3089 661
471 662
1503 663
4964 664
5119 665
5470 666
6937 667
3200 668
3480 669
6677 670
3102 671
6658 672
7122 673
1590 674
3582 675
4577 676
6847 677
2169 678
775 679
7230 680
6684 681
78 682
3572 683
7270 684
1435 685
6485 686
4831 687
6795 688
4383 689
7210 690
7277 691
3709 692
3842 693
7367 694
7646 695
372 696
513 697
5729 698
3367 699
3139 700
6065 701
4829 702
1424 703
1015 704
3007 705
1758 706
4290 707
5991 708
4777 709
5011 710
5324 711
1055 712
2723 713
3458 714
1263 715
5947 716
7058 717
4402 718
4485 719
6770 720
289 721
7683 722
101 723
7252 724
2076 725
2438 726
7109 727
7258 728
5739 729
5468 730
2099 731
3738 732
3904 733
6502 734
3088 735
1829 736
3921 737
4144 738
1698 739
2528 740
1338 741
2456 742
6396 743
4858 744
1390 745
5352 746
801 747
990 748
7574 749
7959 750
927 751
1299 752
5598 753
5092 754
4945 755
2433 756
4501 757
3153 758
1518 759
3878 760
366 761
2389 762
2150 763
1148 764
306 765
932 766
4274 767
7768 768
1293 769
2984 770
7812 771
1015 772
5893 773
123 774
7736 775
7159 776
2226 777
3590 778
5497 779
369 780
1224 781
238 782
901 783
4751 784
5614 785
736 786
6032 787
5778 788
6930 789
1382 790
1710 791
285 792
2552 793
3825 794
211 795
4789 796
6806 797
4938 798
4008 799
