800 1350
3529 0
709 1
3431 2
38 3
2570 4
7936 5
3238 6
2302 7
5697 8
505 9
4765 10
1051 11
5575 12
6905 13
7107 14
1317 15
729 16
26 17
471 18
3991 19
5899 20
6279 21
545 22
7873 23
6209 24
4560 25
2605 26
8000 27
2630 28
3463 29
1073 30
4152 31
780 32
6819 33
3459 34
5596 35
3339 36
5426 37
6474 38
5684 39
1688 40
6786 41
1098 42
4259 43
2876 44
6092 45
396 46
2592 47
626 48
879 49
1497 50
7121 51
6100 52
7550 53
5962 54
7125 55
3496 56
6431 57
6756 58
4138 59
3252 60
1123 61
6621 62
3021 63
7247 64
4644 65
6394 66
2754 67
2108 68
3065 69
7436 70
4472 71
5148 72
7843 73
6301 74
1384 75
3470 76
1294 77
6761 78
4546 79
1122 80
2032 81
7293 82
5202 83
1363 84
1425 85
3330 86
6873 87
3262 88
344 89
2902 90
521 91
4414 92
7337 93
1265 94
5692 95
3441 96
1020 97
2333 98
5137 99
1810 100
297 101
6652 102
303 103
842 104
607 105
121 106
3481 107
1745 108
7508 109
483 110
4081 111
1274 112
481 113
4390 114
3318 115
1316 116
6294 117
2221 118
3525 119
6603 120
128 121
6131 122
3190 123
5401 124
2956 125
64 126
472 127
4124 128
4572 129
6717 130
192 131
6435 132
5455 133
5206 134
5582 135
1044 136
4073 137
3062 138
1092 139
3031 140
3050 141
1425 142
2010 143
1667 144
3070 145
4034 146
4853 147
4706 148
2311 149
3663 150
1552 151
7859 152
2759 153
3978 154
6490 155
3650 156
2521 157
2837 158
2367 159
5458 160
467 161
433 162
3857 163
7140 164
6357 165
1493 166
5972 167
2752 168
4824 169
3979 170
844 171
2119 172
5738 173
1735 174
646 175
5094 176
3569 177
1946 178
1787 179
7596 180
7375 181
289 182
1128 183
3076 184
2507 185
7974 186
5652 187
2751 188
1602 189
829 190
5316 191
7147 192
2624 193
6062 194
4990 195
1683 196
6586 197
2475 198
6026 199
2891 200
1335 201
498 202
6792 203
1415 204
1068 205
843 206
60 207
3995 208
4493 209
6645 210
636 211
7448 212
6322 213
2068 214
4929 215
6683 216
3471 217
6207 218
2054 219
5587 220
3867 221
4299 222
5824 223
1369 224
5081 225
3437 226
7709 227
3805 228
3115 229
6387 230
7774 231
982 232
728 233
4821 234
2664 235
4792 236
7322 237
225 238
2143 239
6382 240
2879 241
916 242
2692 243
5091 244
1068 245
6034 246
4892 247
6661 248
6418 249
3664 250
3536 251
7392 252
6548 253
874 254
1891 255
41 256
778 257
4507 258
3346 259
4854 260
4092 261
7104 262
7055 263
1598 264
7906 265
944 266
6583 267
5045 268
3591 269
638 270
2450 271
1016 272
385 273
5776 274
4052 275
5217 276
665 277
4661 278
500 279
5573 280
2707 281
5878 282
4209 283
1650 284
2272 285
2615 286
3845 287
7392 288
7383 289
2010 290
6519 291
6593 292
2267 293
3937 294
2322 295
7318 296
4957 297
326 298
7842 299
7781 300
4817 301
4959 302
553 303
7754 304
1842 305
4961 306
6588 307
5386 308
3555 309
5379 310
2762 311
1074 312
7846 313
4293 314
5995 315
6482 316
2947 317
7230 318
2226 319
2760 320
7345 321
1843 322
2518 323
7586 324
4696 325
5411 326
40 327
5170 328
2466 329
7437 330
7885 331
4418 332
4123 333
5230 334
3359 335
7422 336
6144 337
7299 338
2974 339
3184 340
6541 341
4264 342
4846 343
3059 344
6466 345
3907 346
7015 347
331 348
3176 349
4581 350
850 351
206 352
2267 353
4793 354
5510 355
2293 356
4428 357
3881 358
4918 359
2788 360
3779 361
806 362
5275 363
4181 364
6095 365
5087 366
1372 367
5028 368
4086 369
6634 370
667 371
371 372
5158 373
6602 374
436 375
1856 376
23 377
7592 378
4467 379
262 380
2418 381
3523 382
6100 383
1239 384
2325 385
912 386
5029 387
2611 388
4314 389
212 390
6019 391
827 392
2073 393
3646 394
6267 395
1930 396
3966 397
3324 398
4707 399
4212 400
2645 401
1157 402
6458 403
6522 404
7741 405
1833 406
4329 407
817 408
7990 409
1253 410
3554 411
4105 412
7623 413
5753 414
1488 415
3408 416
1627 417
7645 418
1540 419
4641 420
6057 421
7344 422
3295 423
3091 424
2707 425
953 426
2339 427
626 428
557 429
650 430
6351 431
3666 432
226 433
5591 434
4799 435
7101 436
2667 437
3614 438
4792 439
1865 440
924 441
3904 442
5919 443
6987 444
6151 445
5339 446
7005 447
771 448
3212 449
4950 450
5635 451
4606 452
6754 453
6112 454
6191 455
2918 456
4666 457
4404 458
5807 459
5619 460
5460 461
3486 462
644 463
3598 464
7280 465
3244 466
123 467
4537 468
7530 469
2904 470
1583 471
1990 472
6776 473
6798 474
5294 475
973 476
4295 477
2847 478
6922 479
3663 480
7183 481
7390 482
6948 483
5427 484
5643 485
1078 486
3183 487
4573 488
6117 489
6381 490
4729 491
6031 492
4791 493
4824 494
5745 495
7424 496
4938 497
7583 498
7724 499
2243 500
5047 501
3312 502
2541 503
1217 504
4524 505
2050 506
896 507
6710 508
7112 509
1332 510
7957 511
6786 512
4324 513
2138 514
5320 515
3784 516
3444 517
5382 518
2850 519
4740 520
2158 521
7033 522
5005 523
6876 524
2792 525
4462 526
3505 527
6673 528
3390 529
1291 530
330 531
4057 532
1791 533
89 534
7391 535
7625 536
5965 537
1503 538
2574 539
6273 540
4604 541
6778 542
5315 543
5287 544
7555 545
6531 546
355 547
3772 548
1608 549
7491 550
5708 551
5643 552
6233 553
5511 554
7740 555
4053 556
7206 557
4800 558
3608 559
7262 560
1377 561
567 562
94 563
2917 564
4448 565
5261 566
4893 567
1026 568
5861 569
210 570
5075 571
3120 572
5702 573
7168 574
4705 575
5524 576
4348 577
1266 578
4063 579
5770 580
3897 581
3808 582
6948 583
1700 584
1180 585
7216 586
4196 587
4663 588
6827 589
2109 590
7539 591
2485 592
3382 593
3582 594
1280 595
894 596
6928 597
1493 598
2542 599
1962 600
6769 601
1186 602
135 603
410 604
2365 605
233 606
2082 607
831 608
6245 609
158 610
1503 611
3332 612
122 613
3395 614
3379 615
4755 616
2021 617
2207 618
4699 619
3396 620
6475 621
4476 622
3962 623
4299 624
5327 625
2692 626
6773 627
2497 628
1239 629
6970 630
137 631
2267 632
6550 633
6896 634
7542 635
4705 636
681 637
4162 638
5441 639
4656 640
6961 641
3836 642
5865 643
7225 644
3304 645
4620 646
6477 647
1883 648
4421 649
2847 650
1553 651
2362 652
4018 653
2977 654
7724 655
7151 656
4426 657
656 658
4944 659
3593 660
5398 661
4705 662
6906 663
5375 664
200 665
2926 666
5433 667
7632 668
4109 669
4907 670
3307 671
6806 672
2655 673
6820 674
1677 675
6259 676
3372 677
7093 678
3741 679
7854 680
3748 681
2285 682
4837 683
5448 684
2560 685
7395 686
1847 687
2624 688
3946 689
190 690
852 691
5012 692
2618 693
1322 694
4160 695
6887 696
6493 697
3229 698
6569 699
5113 700
2253 701
5165 702
852 703
1318 704
6549 705
2000 706
4449 707
1542 708
2545 709
979 710
71 711
5522 712
7324 713
805 714
635 715
3371 716
7440 717
2164 718
5016 719
1790 720
218 721
1374 722
2123 723
4654 724
1165 725
1609 726
2633 727
1501 728
5963 729
5049 730
4707 731
2967 732
1562 733
2633 734
1443 735
7972 736
4416 737
6629 738
1060 739
3683 740
5605 741
1669 742
3831 743
6940 744
5530 745
6874 746
3674 747
6477 748
3855 749
4011 750
7325 751
5562 752
7830 753
892 754
6716 755
547 756
2221 757
522 758
6536 759
6210 760
6534 761
1408 762
1755 763
6438 764
5138 765
4870 766
5555 767
3487 768
1698 769
4302 770
7201 771
2044 772
3263 773
212 774
2292 775
7210 776
3371 777
519 778
1626 779
4451 780
589 781
5904 782
6309 783
5440 784
7126 785
5380 786
1502 787
2355 788
7419 789
5390 790
7870 791
3103 792
323 793
3909 794
2370 795
3440 796
7312 797
6394 798
5543 799
