850 200
3907 0
8184 1
4357 2
3972 3
6451 4
2619 5
3530 6
5890 7
807 8
7552 9
7380 10
1698 11
1644 12
1704 13
1321 14
6299 15
5074 16
7231 17
7057 18
3951 19
1151 20
353 21
814 22
6483 23
640 24
2838 25
2286 26
4491 27
1342 28
2206 29
2437 30
2439 31
5447 32
6481 33
7822 34
2201 35
273 36
4457 37
5106 38
8052 39
3718 40
5063 41
3281 42
8067 43
7775 44
6829 45
1532 46
3447 47
2555 48
1733 49
1900 50
7947 51
2034 52
3177 53
8175 54
3377 55
7236 56
6319 57
388 58
4824 59
4120 60
374 61
3820 62
1741 63
3537 64
4768 65
787 66
1317 67
4718 68
6526 69
8321 70
4658 71
5622 72
7304 73
923 74
7474 75
1911 76
4304 77
1467 78
7463 79
6182 80
6438 81
2186 82
5151 83
3945 84
2965 85
4724 86
5072 87
5727 88
8296 89
1176 90
2011 91
7535 92
340 93
1032 94
5737 95
4591 96
2560 97
5217 98
7314 99
468 100
4842 101
5836 102
8017 103
2945 104
3251 105
3062 106
1518 107
6464 108
6472 109
1718 110
3957 111
536 112
2066 113
7186 114
1873 115
1822 116
4673 117
1309 118
1435 119
1297 120
2073 121
5904 122
3672 123
2378 124
5052 125
6023 126
6504 127
6633 128
1519 129
2826 130
1531 131
1224 132
2907 133
1174 134
3523 135
2706 136
1621 137
4225 138
310 139
3173 140
3163 141
4616 142
3913 143
3608 144
6780 145
8202 146
7323 147
275 148
252 149
7180 150
1143 151
7074 152
1424 153
2217 154
4636 155
8134 156
5174 157
1628 158
2004 159
7889 160
6141 161
51 162
7691 163
3497 164
1502 165
7181 166
7252 167
7635 168
4503 169
3903 170
2886 171
4543 172
1957 173
2648 174
3446 175
6793 176
713 177
8301 178
6210 179
4945 180
3907 181
4702 182
1963 183
3707 184
6879 185
3777 186
946 187
5929 188
240 189
6988 190
6690 191
3804 192
7527 193
7514 194
6522 195
6263 196
3841 197
3195 198
5746 199
455 200
4610 201
7656 202
6909 203
6644 204
4457 205
7001 206
2753 207
4517 208
1322 209
6317 210
8494 211
3568 212
7803 213
3498 214
4593 215
3696 216
3799 217
3005 218
1709 219
6099 220
5653 221
5566 222
6878 223
1145 224
1099 225
3044 226
8277 227
5670 228
865 229
7403 230
415 231
8067 232
8214 233
5879 234
5832 235
909 236
668 237
638 238
3556 239
943 240
3221 241
346 242
3847 243
3590 244
7355 245
2335 246
2534 247
6312 248
2374 249
1469 250
6394 251
3435 252
3859 253
277 254
5532 255
4537 256
2210 257
1022 258
8410 259
2491 260
11 261
1591 262
6121 263
3247 264
4265 265
558 266
7090 267
2671 268
409 269
8018 270
426 271
2675 272
5698 273
4109 274
898 275
7444 276
5491 277
3131 278
7414 279
6813 280
8079 281
2721 282
3005 283
1132 284
3958 285
3287 286
3610 287
2466 288
4798 289
4592 290
8240 291
4568 292
3586 293
2672 294
2117 295
4607 296
7700 297
5823 298
1018 299
2231 300
4592 301
6637 302
4047 303
8396 304
7697 305
8075 306
3331 307
3144 308
3103 309
7951 310
3266 311
3689 312
490 313
1841 314
5040 315
4249 316
229 317
2839 318
2934 319
7984 320
5668 321
6359 322
783 323
2302 324
6936 325
3757 326
7892 327
7952 328
7342 329
2840 330
328 331
4048 332
6728 333
1824 334
6244 335
1208 336
7000 337
2198 338
2980 339
838 340
7178 341
5371 342
7973 343
5401 344
7734 345
8082 346
1640 347
6075 348
7043 349
6133 350
8043 351
2477 352
4379 353
8188 354
460 355
2831 356
1662 357
8409 358
2917 359
4232 360
5206 361
1487 362
5477 363
2003 364
5049 365
8052 366
35 367
7073 368
6768 369
2528 370
897 371
6308 372
5055 373
4657 374
1705 375
6619 376
5386 377
51 378
5761 379
2096 380
3640 381
5648 382
5311 383
35 384
1513 385
604 386
5351 387
3925 388
1098 389
5702 390
8039 391
6262 392
5250 393
2038 394
2367 395
296 396
4902 397
861 398
3360 399
2083 400
4976 401
749 402
5830 403
755 404
3788 405
7798 406
1999 407
6398 408
1243 409
2317 410
3044 411
4183 412
3140 413
907 414
5002 415
2496 416
638 417
7370 418
97 419
4891 420
324 421
3824 422
922 423
710 424
2566 425
6453 426
55 427
2071 428
7874 429
3442 430
2411 431
7768 432
1531 433
5528 434
4580 435
7620 436
1416 437
4979 438
5115 439
7889 440
1212 441
6632 442
3986 443
4434 444
372 445
5805 446
6460 447
4883 448
2053 449
7818 450
7049 451
911 452
3583 453
254 454
386 455
2144 456
5664 457
1118 458
3508 459
329 460
7710 461
948 462
3858 463
5864 464
4818 465
4407 466
657 467
4006 468
4764 469
915 470
1384 471
1746 472
3381 473
7063 474
5039 475
7832 476
1288 477
458 478
2473 479
1652 480
2257 481
3766 482
5893 483
3201 484
7109 485
715 486
7441 487
712 488
7622 489
4544 490
570 491
2031 492
3297 493
2892 494
5241 495
2457 496
1191 497
3331 498
1136 499
1577 500
3510 501
3651 502
326 503
1736 504
6699 505
5817 506
5857 507
2189 508
2000 509
7561 510
5339 511
6945 512
2785 513
39 514
7927 515
2477 516
3194 517
4256 518
7620 519
592 520
1028 521
5420 522
574 523
4060 524
7198 525
1104 526
3540 527
6156 528
3898 529
6046 530
991 531
1166 532
2357 533
3233 534
6341 535
6165 536
1601 537
8418 538
8437 539
2810 540
746 541
380 542
5765 543
3648 544
4862 545
1176 546
2529 547
669 548
1075 549
8110 550
1825 551
1938 552
4951 553
5796 554
5079 555
3977 556
2691 557
8440 558
5135 559
7578 560
5256 561
4322 562
6734 563
4173 564
5657 565
3532 566
6452 567
7892 568
5994 569
4505 570
5623 571
6864 572
7570 573
8016 574
5655 575
6228 576
2731 577
8315 578
5653 579
8480 580
6242 581
5332 582
5239 583
4061 584
1603 585
7228 586
1820 587
3603 588
2452 589
3527 590
8149 591
2237 592
5776 593
1595 594
7492 595
4392 596
469 597
3579 598
3023 599
5517 600
7645 601
778 602
6881 603
5856 604
6866 605
3092 606
6696 607
4444 608
5998 609
584 610
762 611
5327 612
306 613
198 614
5994 615
2988 616
6350 617
2535 618
7852 619
402 620
7214 621
7533 622
5064 623
4097 624
8011 625
6072 626
4328 627
6492 628
7761 629
4938 630
7015 631
6920 632
6140 633
4068 634
3206 635
7434 636
6851 637
4678 638
1083 639
4391 640
2787 641
6583 642
8179 643
5810 644
6931 645
2997 646
7344 647
3518 648
1062 649
5954 650
1933 651
4645 652
6829 653
3765 654
5259 655
4455 656
3182 657
455 658
2476 659
7160 660
8028 661
9 662
1514 663
3066 664
3362 665
210 666
2381 667
220 668
116 669
7804 670
8486 671
6556 672
4169 673
5429 674
3155 675
4853 676
7002 677
3394 678
7298 679
326 680
3548 681
526 682
851 683
6129 684
1968 685
723 686
320 687
8498 688
7395 689
2142 690
3957 691
5242 692
5868 693
2670 694
8301 695
8281 696
8299 697
3651 698
5336 699
4358 700
7402 701
4077 702
5441 703
5371 704
6734 705
8053 706
8164 707
8157 708
4388 709
5067 710
1418 711
3499 712
5270 713
5574 714
6819 715
4719 716
4570 717
4962 718
6529 719
2223 720
6874 721
2983 722
5664 723
6037 724
2626 725
2242 726
4682 727
5287 728
7680 729
616 730
7457 731
8152 732
7291 733
7331 734
6491 735
3080 736
745 737
1657 738
1970 739
6452 740
2447 741
7392 742
7559 743
1809 744
8344 745
7285 746
842 747
2832 748
4066 749
6989 750
5357 751
255 752
2749 753
4022 754
7471 755
770 756
5833 757
4028 758
2962 759
2638 760
5927 761
6426 762
4070 763
3819 764
6696 765
1975 766
1240 767
888 768
6512 769
5626 770
3976 771
7344 772
3453 773
2665 774
4518 775
6341 776
4771 777
1279 778
8016 779
8242 780
4214 781
8084 782
2558 783
3907 784
5145 785
6717 786
8116 787
2331 788
3094 789
8412 790
3551 791
1925 792
5758 793
3406 794
2718 795
3149 796
1940 797
5978 798
2568 799
4115 800
8230 801
5009 802
4839 803
4349 804
6795 805
698 806
4229 807
8024 808
3275 809
7247 810
8175 811
7246 812
1214 813
468 814
900 815
5251 816
7985 817
564 818
2118 819
2791 820
61 821
4213 822
2845 823
5343 824
3650 825
6439 826
8063 827
7065 828
1786 829
91 830
2135 831
4903 832
8115 833
2170 834
4654 835
5895 836
5278 837
223 838
889 839
3362 840
6463 841
3538 842
429 843
936 844
921 845
3092 846
2571 847
1635 848
7619 849
