850 1600
7042 0
726 1
646 2
5029 3
1603 4
8408 5
4702 6
4369 7
6391 8
4661 9
6940 10
4901 11
507 12
2928 13
5534 14
2459 15
3859 16
2567 17
3931 18
4501 19
6871 20
8395 21
1747 22
5773 23
8369 24
6501 25
4074 26
7507 27
1255 28
3828 29
1712 30
5576 31
280 32
1469 33
7876 34
2095 35
864 36
7826 37
2284 38
6701 39
2715 40
7177 41
58 42
6277 43
6474 44
3795 45
2099 46
5892 47
2281 48
1791 49
1325 50
5174 51
5002 52
1565 53
4727 54
4836 55
2937 56
5991 57
990 58
7725 59
6167 60
6876 61
3914 62
5106 63
573 64
897 65
5912 66
4978 67
3145 68
100 69
2997 70
5256 71
6591 72
4306 73
6563 74
7054 75
370 76
2261 77
975 78
4229 79
789 80
3406 81
2710 82
6123 83
2692 84
272 85
6024 86
6371 87
2110 88
7762 89
4625 90
30 91
5200 92
5444 93
390 94
872 95
5442 96
3356 97
690 98
2539 99
1922 100
7485 101
917 102
3584 103
4328 104
2297 105
8126 106
605 107
126 108
8213 109
6953 110
1292 111
2776 112
8161 113
7336 114
3409 115
7731 116
2111 117
6983 118
1258 119
5446 120
2279 121
6698 122
2200 123
1267 124
6375 125
7216 126
4173 127
8442 128
3574 129
5804 130
3147 131
1211 132
774 133
2343 134
2612 135
5881 136
1864 137
3211 138
4937 139
4099 140
4188 141
7268 142
2114 143
1136 144
129 145
3150 146
5379 147
6821 148
4484 149
1751 150
1189 151
4997 152
5122 153
1370 154
7128 155
138 156
3921 157
5968 158
4767 159
8147 160
5710 161
1145 162
3502 163
3903 164
6326 165
2222 166
4954 167
1723 168
4450 169
7974 170
1556 171
8332 172
2453 173
6493 174
8336 175
6196 176
7468 177
3850 178
7214 179
673 180
7461 181
1453 182
385 183
4541 184
1206 185
184 186
3051 187
4861 188
2357 189
6168 190
7311 191
2249 192
398 193
5748 194
42 195
2931 196
1212 197
4989 198
8204 199
1438 200
4446 201
3606 202
2619 203
6170 204
8015 205
5793 206
7926 207
2362 208
4240 209
5494 210
3935 211
5741 212
3610 213
31 214
2529 215
5287 216
8344 217
2640 218
7030 219
828 220
8185 221
731 222
1348 223
7234 224
4182 225
8368 226
3573 227
3639 228
5832 229
3127 230
6202 231
4942 232
6300 233
3736 234
4891 235
5627 236
5188 237
2908 238
3967 239
5830 240
1423 241
465 242
779 243
5404 244
4777 245
7751 246
699 247
4751 248
4255 249
1448 250
5371 251
6763 252
5067 253
6853 254
1358 255
4904 256
6249 257
4001 258
7148 259
2972 260
684 261
3304 262
6086 263
271 264
8292 265
5709 266
5607 267
38 268
3610 269
4824 270
3243 271
7092 272
3495 273
3415 274
7045 275
5960 276
7802 277
7372 278
1981 279
6162 280
4435 281
363 282
4230 283
6627 284
3086 285
5939 286
776 287
3924 288
1230 289
4164 290
1440 291
3310 292
86 293
897 294
1378 295
2802 296
6096 297
1286 298
4200 299
1860 300
7166 301
2515 302
2505 303
316 304
5993 305
405 306
5553 307
4207 308
413 309
4568 310
3750 311
4209 312
5290 313
7838 314
4189 315
6711 316
5835 317
1545 318
3132 319
426 320
6510 321
6072 322
7293 323
6857 324
7395 325
8167 326
1610 327
6758 328
7403 329
4506 330
8225 331
7730 332
3917 333
630 334
1329 335
6894 336
7918 337
7441 338
3203 339
6637 340
873 341
7962 342
8007 343
6149 344
7229 345
1042 346
7501 347
3536 348
2253 349
3992 350
5307 351
6438 352
4085 353
7053 354
8199 355
7417 356
7191 357
1309 358
2497 359
5708 360
1971 361
25 362
6801 363
1117 364
7190 365
6500 366
5452 367
5806 368
4362 369
613 370
735 371
3782 372
2346 373
6231 374
1647 375
196 376
3197 377
2079 378
5835 379
2560 380
5802 381
4837 382
6113 383
7537 384
1920 385
6306 386
735 387
3499 388
5899 389
1218 390
5084 391
6456 392
5731 393
4090 394
6519 395
1961 396
1725 397
4570 398
983 399
1784 400
6546 401
892 402
681 403
4932 404
2647 405
2769 406
5120 407
4108 408
7160 409
8277 410
3684 411
2703 412
7964 413
5927 414
300 415
6289 416
816 417
3212 418
8376 419
499 420
1495 421
2117 422
7855 423
2004 424
6578 425
4963 426
1672 427
6248 428
7413 429
7495 430
479 431
911 432
3158 433
4940 434
8456 435
2300 436
6431 437
2055 438
5929 439
2016 440
5116 441
6393 442
2809 443
647 444
3275 445
2944 446
3431 447
956 448
6644 449
2187 450
1120 451
4359 452
2184 453
525 454
5247 455
6088 456
1792 457
2130 458
7497 459
6844 460
5161 461
4541 462
7094 463
6120 464
6665 465
7739 466
1399 467
241 468
4604 469
4252 470
3393 471
4778 472
7664 473
7529 474
8467 475
4364 476
718 477
4613 478
2194 479
631 480
2182 481
5181 482
1509 483
4622 484
4694 485
3033 486
8189 487
2172 488
2973 489
8242 490
4930 491
6744 492
2917 493
3971 494
1206 495
6901 496
1856 497
6917 498
3476 499
5243 500
651 501
6868 502
4091 503
4688 504
687 505
4672 506
2250 507
5329 508
3978 509
4123 510
6383 511
1496 512
6408 513
3953 514
4737 515
4777 516
5057 517
7374 518
2973 519
2858 520
6874 521
8215 522
2169 523
3483 524
1132 525
4669 526
3397 527
559 528
2864 529
3198 530
1618 531
7569 532
4675 533
8031 534
6176 535
7297 536
3565 537
3521 538
3474 539
55 540
7305 541
8212 542
6958 543
6415 544
7057 545
4986 546
3447 547
2335 548
7762 549
5049 550
7168 551
8415 552
2745 553
7785 554
3694 555
2686 556
4879 557
8489 558
7027 559
2262 560
341 561
6066 562
3104 563
7500 564
1950 565
4756 566
3852 567
4152 568
4143 569
4868 570
5856 571
8040 572
2494 573
8036 574
8492 575
2732 576
3498 577
3825 578
2530 579
7152 580
2938 581
7355 582
2415 583
4804 584
7798 585
7604 586
986 587
4851 588
4717 589
5520 590
1641 591
5540 592
8252 593
6306 594
1115 595
7512 596
4856 597
5497 598
3599 599
7063 600
5662 601
2576 602
4845 603
7313 604
1303 605
2004 606
2240 607
8211 608
3223 609
4916 610
6871 611
5284 612
2187 613
2782 614
7946 615
8327 616
588 617
3823 618
2789 619
2253 620
1874 621
2592 622
8213 623
1064 624
2801 625
2958 626
6620 627
1014 628
5769 629
783 630
3687 631
2569 632
3448 633
8080 634
7463 635
6874 636
7317 637
3686 638
777 639
2358 640
5935 641
3059 642
116 643
3603 644
7749 645
2068 646
8397 647
3330 648
4572 649
5766 650
52 651
7509 652
7043 653
4956 654
38 655
4136 656
7629 657
2559 658
2907 659
5377 660
7702 661
223 662
1516 663
7737 664
1387 665
2539 666
775 667
4097 668
3410 669
4412 670
4315 671
4855 672
5823 673
8463 674
4818 675
2370 676
7100 677
7938 678
6946 679
3268 680
3857 681
2150 682
7552 683
7567 684
3060 685
5688 686
6570 687
1749 688
5101 689
2465 690
3547 691
6397 692
7947 693
7306 694
7711 695
762 696
3193 697
3216 698
1236 699
8423 700
5022 701
2304 702
4772 703
5599 704
7852 705
6446 706
1497 707
7636 708
2918 709
860 710
6813 711
7946 712
6941 713
1167 714
4410 715
1803 716
8434 717
4300 718
8425 719
4707 720
3289 721
4619 722
3622 723
1659 724
3724 725
696 726
3742 727
2946 728
6788 729
2913 730
6155 731
4197 732
601 733
2832 734
1775 735
1617 736
2252 737
4170 738
3458 739
4937 740
2591 741
1829 742
231 743
1985 744
2180 745
7254 746
4242 747
1694 748
8016 749
4488 750
3561 751
4535 752
3668 753
7751 754
2313 755
5682 756
7465 757
7188 758
5662 759
7397 760
4239 761
360 762
63 763
1855 764
5219 765
5381 766
1780 767
5975 768
11 769
6988 770
729 771
1445 772
1470 773
6618 774
1695 775
7379 776
6408 777
7276 778
7151 779
2974 780
3499 781
7373 782
4100 783
6775 784
694 785
6354 786
8287 787
3066 788
5135 789
5310 790
1719 791
3455 792
3529 793
1765 794
6068 795
5795 796
6650 797
4266 798
7838 799
5427 800
2959 801
1767 802
7819 803
3829 804
3616 805
8031 806
1876 807
2367 808
157 809
2391 810
1565 811
7297 812
4267 813
2432 814
409 815
3075 816
5839 817
5320 818
5466 819
5214 820
6842 821
4381 822
7573 823
3242 824
8405 825
2284 826
479 827
4329 828
2318 829
1033 830
4373 831
4997 832
2542 833
4866 834
97 835
2621 836
2293 837
2497 838
7248 839
1178 840
1219 841
5628 842
227 843
5277 844
2069 845
5637 846
11 847
3916 848
4646 849
