900 800
2342 0
4165 1
2476 2
5386 3
6647 4
2272 5
449 6
6742 7
6710 8
7608 9
8152 10
245 11
5924 12
3124 13
1898 14
5838 15
6298 16
7655 17
1771 18
4732 19
8943 20
3294 21
8825 22
851 23
7267 24
5418 25
673 26
4705 27
1248 28
8260 29
4077 30
2454 31
3161 32
3562 33
4476 34
4720 35
228 36
4107 37
2283 38
2349 39
3431 40
6799 41
2114 42
5213 43
1150 44
7993 45
4815 46
2051 47
5600 48
2533 49
7282 50
6004 51
3827 52
6089 53
265 54
6337 55
2611 56
7651 57
4283 58
5234 59
7103 60
6606 61
1272 62
7033 63
2421 64
2557 65
1155 66
509 67
3646 68
6481 69
7286 70
5994 71
6857 72
6575 73
2870 74
5795 75
1217 76
7481 77
469 78
6574 79
1219 80
6309 81
5862 82
1310 83
5990 84
797 85
3747 86
1910 87
2681 88
7744 89
8886 90
3889 91
5686 92
5830 93
6060 94
745 95
4799 96
6504 97
4076 98
5725 99
8089 100
7762 101
7517 102
7558 103
8566 104
2389 105
2186 106
5604 107
7727 108
4937 109
5175 110
1786 111
3235 112
5427 113
3354 114
49 115
4160 116
6018 117
920 118
7003 119
2118 120
3149 121
6920 122
8857 123
203 124
3326 125
4421 126
1526 127
8013 128
7563 129
7628 130
1591 131
2302 132
2891 133
8734 134
320 135
7130 136
842 137
2024 138
7308 139
5986 140
1853 141
2574 142
7304 143
5160 144
5376 145
4801 146
7495 147
3422 148
4368 149
8523 150
8739 151
293 152
7680 153
1656 154
6949 155
6628 156
2989 157
3653 158
4239 159
6032 160
7291 161
7875 162
4926 163
1476 164
4382 165
5851 166
3344 167
2561 168
4644 169
1741 170
3220 171
8154 172
5591 173
299 174
1064 175
885 176
7454 177
6656 178
1508 179
6460 180
3386 181
8332 182
3153 183
5641 184
2393 185
597 186
5468 187
1773 188
5420 189
4035 190
1625 191
2836 192
5413 193
8581 194
908 195
138 196
2807 197
8530 198
5146 199
5631 200
5712 201
4996 202
6136 203
5554 204
8656 205
4886 206
8278 207
8019 208
6659 209
1347 210
8099 211
3182 212
1510 213
3714 214
2104 215
7971 216
5938 217
7009 218
6214 219
4778 220
304 221
2918 222
5596 223
395 224
3989 225
3243 226
2121 227
2069 228
1509 229
617 230
8879 231
8186 232
2574 233
3009 234
6640 235
8224 236
4166 237
264 238
2110 239
4937 240
4927 241
7323 242
8116 243
1259 244
1250 245
4408 246
4146 247
550 248
798 249
2028 250
4785 251
1508 252
3689 253
4136 254
1047 255
3635 256
2717 257
1408 258
5831 259
3809 260
1330 261
7108 262
5366 263
3084 264
2940 265
2192 266
1812 267
2423 268
6952 269
8157 270
7491 271
6099 272
8856 273
7874 274
2481 275
7359 276
654 277
7630 278
7170 279
714 280
1569 281
8688 282
6410 283
3308 284
6485 285
4259 286
5968 287
1328 288
4602 289
8084 290
7578 291
7252 292
4051 293
1543 294
4783 295
4423 296
2915 297
7234 298
2943 299
3130 300
3449 301
288 302
6960 303
4756 304
6437 305
3985 306
5854 307
356 308
6333 309
6250 310
8086 311
6473 312
8730 313
4772 314
5991 315
2919 316
7522 317
707 318
458 319
5335 320
5575 321
2357 322
4328 323
8338 324
8299 325
4696 326
4851 327
7730 328
524 329
7854 330
5545 331
5491 332
2423 333
7239 334
4217 335
1021 336
221 337
8742 338
8791 339
2708 340
5706 341
4262 342
1000 343
7434 344
7624 345
8857 346
1169 347
5141 348
7719 349
1692 350
313 351
3457 352
7088 353
2432 354
3477 355
5847 356
5856 357
3770 358
4365 359
5430 360
4516 361
7952 362
4798 363
3513 364
6117 365
7306 366
3419 367
4784 368
7884 369
3757 370
6673 371
7798 372
160 373
2630 374
8197 375
3685 376
5048 377
3411 378
7044 379
1248 380
7419 381
885 382
7296 383
2756 384
7253 385
2924 386
3542 387
5456 388
5858 389
6006 390
5463 391
6706 392
4644 393
5331 394
2576 395
741 396
6328 397
8001 398
6881 399
4235 400
8589 401
2060 402
8086 403
4568 404
4875 405
5219 406
6540 407
2792 408
7979 409
750 410
549 411
3765 412
4527 413
4967 414
2271 415
4283 416
1302 417
1600 418
5153 419
7762 420
4702 421
3136 422
4539 423
6296 424
1535 425
4226 426
2110 427
5410 428
5293 429
4919 430
4546 431
4566 432
5913 433
3665 434
6957 435
3440 436
1072 437
3967 438
2887 439
1232 440
7673 441
4777 442
8109 443
453 444
902 445
6699 446
3484 447
4999 448
5447 449
3197 450
125 451
7167 452
8673 453
7289 454
1237 455
1130 456
1901 457
4792 458
7867 459
8334 460
135 461
6742 462
1596 463
4044 464
2537 465
3238 466
2218 467
3753 468
5060 469
3809 470
2132 471
3231 472
8414 473
3578 474
4350 475
8441 476
1040 477
3282 478
2317 479
4345 480
3550 481
6658 482
8323 483
8226 484
5032 485
1144 486
8360 487
2457 488
644 489
8727 490
4982 491
8334 492
8766 493
8950 494
6827 495
7213 496
4266 497
913 498
8515 499
7960 500
8959 501
6578 502
6845 503
5625 504
6829 505
4385 506
3891 507
7749 508
587 509
502 510
1691 511
8115 512
4949 513
5014 514
2243 515
7269 516
6584 517
7231 518
3904 519
8068 520
8047 521
8020 522
2586 523
877 524
5640 525
2134 526
390 527
8042 528
5080 529
2212 530
2414 531
1374 532
8731 533
5859 534
72 535
565 536
2582 537
4122 538
1284 539
3301 540
2341 541
2314 542
7988 543
7213 544
2326 545
8196 546
7449 547
5664 548
3771 549
6825 550
6079 551
7522 552
3922 553
264 554
6661 555
7025 556
1436 557
4984 558
8900 559
1348 560
5785 561
4057 562
250 563
6015 564
7223 565
1892 566
8099 567
3800 568
4461 569
6917 570
3406 571
3667 572
5239 573
3249 574
2449 575
4378 576
3038 577
3254 578
5804 579
2764 580
8344 581
8459 582
431 583
2742 584
401 585
2882 586
2798 587
4702 588
3649 589
7122 590
480 591
1768 592
3752 593
543 594
1857 595
5908 596
5090 597
1906 598
8917 599
640 600
262 601
8413 602
8641 603
1972 604
7183 605
2150 606
2023 607
7265 608
2814 609
63 610
4206 611
8797 612
6091 613
5782 614
7738 615
3912 616
2227 617
3295 618
3255 619
7614 620
3281 621
2283 622
1618 623
4328 624
3661 625
114 626
570 627
5023 628
2003 629
6216 630
4409 631
6405 632
394 633
8057 634
3980 635
1012 636
6972 637
7162 638
675 639
3556 640
8144 641
4893 642
5511 643
63 644
2084 645
4781 646
1501 647
3924 648
2560 649
1549 650
7995 651
1639 652
8751 653
3200 654
8318 655
2076 656
4733 657
4841 658
4366 659
7248 660
5288 661
5819 662
3685 663
6160 664
7953 665
7443 666
6484 667
6098 668
1852 669
8211 670
1415 671
4368 672
1102 673
5317 674
1302 675
6872 676
3652 677
589 678
1736 679
7651 680
2478 681
7805 682
986 683
7541 684
2949 685
7343 686
2867 687
5482 688
4015 689
7948 690
2688 691
6413 692
8640 693
6928 694
5231 695
6700 696
7788 697
2755 698
5000 699
3166 700
2453 701
7948 702
342 703
5568 704
7423 705
2702 706
5792 707
5053 708
3473 709
164 710
4351 711
8673 712
63 713
5403 714
6778 715
572 716
5732 717
1289 718
1086 719
2613 720
5063 721
2973 722
8514 723
2753 724
1723 725
919 726
5012 727
3592 728
5724 729
3740 730
675 731
1700 732
8031 733
6184 734
3494 735
2014 736
1199 737
3099 738
5760 739
3446 740
3818 741
8763 742
8943 743
7056 744
6425 745
1291 746
8461 747
4986 748
883 749
5453 750
502 751
7215 752
3274 753
1948 754
3986 755
7292 756
3092 757
6992 758
4104 759
6175 760
8579 761
6288 762
6613 763
7531 764
1466 765
739 766
6743 767
7820 768
7542 769
6473 770
6794 771
3590 772
5519 773
2850 774
2217 775
2116 776
8353 777
2837 778
5498 779
760 780
2450 781
4851 782
2256 783
4352 784
217 785
2442 786
124 787
4496 788
3067 789
1503 790
6969 791
3187 792
2452 793
1690 794
6037 795
1269 796
7800 797
7630 798
1481 799
2662 800
6291 801
385 802
6415 803
5360 804
2808 805
2258 806
1475 807
3951 808
1934 809
6483 810
7103 811
2957 812
294 813
5403 814
6319 815
5009 816
7370 817
2010 818
2510 819
6516 820
3205 821
6175 822
8942 823
8880 824
3922 825
6512 826
5135 827
2632 828
975 829
1508 830
6134 831
1626 832
5294 833
6867 834
5780 835
3025 836
4734 837
8760 838
4098 839
7 840
6257 841
5354 842
7675 843
3603 844
5237 845
4758 846
16 847
7280 848
4976 849
5395 850
5712 851
5963 852
5691 853
3962 854
8939 855
7437 856
4292 857
5483 858
3518 859
3203 860
4587 861
27 862
1170 863
2537 864
8341 865
2899 866
4298 867
7027 868
4229 869
5746 870
1332 871
98 872
6358 873
6459 874
2530 875
6517 876
2292 877
6701 878
4653 879
1590 880
2497 881
8329 882
4573 883
4392 884
4717 885
6737 886
7653 887
3217 888
7316 889
3894 890
2128 891
7047 892
2228 893
5733 894
1890 895
8851 896
3078 897
8200 898
2637 899
