950 1100
3561 0
4262 1
5303 2
581 3
3652 4
1108 5
9069 6
5180 7
8042 8
1858 9
1362 10
5 11
2743 12
157 13
7688 14
3755 15
4622 16
5329 17
2160 18
1425 19
6906 20
2540 21
439 22
7025 23
9287 24
2980 25
8654 26
1217 27
7153 28
271 29
7448 30
6509 31
7386 32
263 33
4420 34
7134 35
6742 36
8577 37
6566 38
5012 39
1148 40
7166 41
7201 42
7709 43
2183 44
1696 45
2695 46
9190 47
8656 48
4878 49
6499 50
4439 51
6718 52
9178 53
6759 54
4489 55
9096 56
5485 57
2355 58
1591 59
2189 60
8267 61
6848 62
5974 63
7329 64
4803 65
6630 66
4319 67
6348 68
3705 69
2288 70
5171 71
7548 72
6786 73
7487 74
7898 75
4654 76
1864 77
273 78
2205 79
6831 80
1305 81
3368 82
2056 83
4254 84
5420 85
3004 86
6197 87
7791 88
2678 89
2372 90
8868 91
74 92
6000 93
5016 94
511 95
6164 96
2284 97
9123 98
278 99
4036 100
847 101
8791 102
7297 103
3699 104
2003 105
3492 106
7081 107
3999 108
6043 109
6395 110
2251 111
4734 112
4830 113
1128 114
5725 115
8567 116
255 117
7357 118
2730 119
811 120
5068 121
2704 122
2549 123
3678 124
4982 125
993 126
9478 127
53 128
3982 129
1958 130
2761 131
886 132
6460 133
63 134
1679 135
7380 136
1864 137
987 138
4180 139
9206 140
3007 141
4553 142
8176 143
3842 144
3335 145
8512 146
8947 147
8312 148
1005 149
8228 150
4654 151
1746 152
6834 153
795 154
6544 155
3490 156
2524 157
5547 158
4088 159
1627 160
429 161
3578 162
4301 163
934 164
166 165
2938 166
2189 167
1899 168
2143 169
6861 170
2784 171
518 172
3922 173
5858 174
6287 175
4636 176
6229 177
8937 178
6120 179
4651 180
4959 181
6139 182
1300 183
1839 184
7468 185
109 186
5277 187
2308 188
36 189
1630 190
2512 191
371 192
1012 193
4406 194
5722 195
2749 196
7318 197
1255 198
195 199
7580 200
5792 201
1808 202
7966 203
2304 204
4814 205
9389 206
6161 207
1703 208
6632 209
6721 210
5233 211
709 212
957 213
9473 214
2740 215
177 216
5781 217
917 218
1741 219
1097 220
5650 221
8600 222
102 223
2030 224
284 225
2914 226
8193 227
7282 228
6156 229
7803 230
8190 231
1928 232
4655 233
2128 234
713 235
265 236
418 237
8844 238
6425 239
3117 240
5766 241
307 242
9347 243
2620 244
1689 245
9326 246
1310 247
7201 248
1898 249
3231 250
7346 251
5484 252
6114 253
4206 254
3024 255
9300 256
5100 257
3555 258
4943 259
5154 260
1228 261
7490 262
3926 263
3163 264
9237 265
7290 266
4481 267
9460 268
609 269
7719 270
2173 271
2509 272
6409 273
4965 274
3740 275
6760 276
8603 277
2108 278
8707 279
3096 280
1192 281
8473 282
6203 283
5490 284
8010 285
61 286
591 287
7539 288
6355 289
7299 290
7175 291
3546 292
582 293
5799 294
8428 295
9472 296
8183 297
1025 298
2247 299
2228 300
4886 301
8539 302
5575 303
3355 304
5797 305
5176 306
4717 307
2199 308
7892 309
5789 310
2134 311
622 312
8741 313
3986 314
5949 315
3407 316
9356 317
6859 318
3478 319
8820 320
6418 321
712 322
6353 323
6177 324
4154 325
1724 326
4880 327
6860 328
6774 329
4819 330
3998 331
5098 332
7042 333
7841 334
7744 335
404 336
3722 337
2464 338
2082 339
1837 340
2030 341
4258 342
5922 343
4293 344
456 345
6317 346
4072 347
6401 348
6548 349
5193 350
3926 351
7931 352
4690 353
7475 354
3875 355
1732 356
6560 357
6591 358
9428 359
7659 360
2001 361
7608 362
2405 363
6333 364
9394 365
3991 366
5759 367
6706 368
3121 369
3800 370
3638 371
427 372
1000 373
1868 374
8492 375
7270 376
2379 377
729 378
3440 379
8601 380
5984 381
2312 382
5061 383
2364 384
6282 385
8746 386
5148 387
263 388
2544 389
8616 390
2803 391
4930 392
7914 393
4550 394
6564 395
2750 396
4313 397
1723 398
1332 399
8804 400
5385 401
8452 402
302 403
6725 404
5174 405
2931 406
4542 407
6518 408
4492 409
9329 410
5700 411
4947 412
6511 413
5570 414
1 415
6608 416
7998 417
6875 418
7424 419
2735 420
8428 421
2698 422
1156 423
4364 424
6480 425
2242 426
6739 427
1749 428
6002 429
1941 430
3204 431
8250 432
6772 433
6369 434
7961 435
967 436
6962 437
1912 438
5189 439
6256 440
7871 441
8029 442
4089 443
4619 444
5236 445
1129 446
4649 447
7973 448
1370 449
2359 450
5588 451
8897 452
1619 453
3635 454
3462 455
2129 456
7071 457
17 458
5863 459
5178 460
8806 461
9189 462
4757 463
4690 464
2071 465
3611 466
7389 467
1485 468
1789 469
2939 470
7089 471
9344 472
4128 473
6550 474
644 475
1708 476
5282 477
8618 478
4843 479
7631 480
8988 481
7298 482
265 483
7445 484
8406 485
7029 486
3246 487
2685 488
8312 489
7650 490
9342 491
5737 492
2149 493
4822 494
8318 495
3518 496
9352 497
1796 498
2365 499
5495 500
1237 501
2872 502
2116 503
4891 504
3815 505
3011 506
1399 507
8479 508
2199 509
1837 510
1569 511
5222 512
8500 513
7754 514
4169 515
2736 516
3817 517
4951 518
781 519
8327 520
2601 521
6393 522
6749 523
3179 524
3193 525
2105 526
1561 527
207 528
2257 529
4267 530
478 531
1406 532
3807 533
6609 534
8760 535
4216 536
8346 537
9120 538
7575 539
3605 540
3775 541
5920 542
8276 543
1365 544
2581 545
3724 546
8244 547
6838 548
225 549
978 550
4383 551
2070 552
8770 553
6302 554
2216 555
9450 556
5671 557
8823 558
6081 559
6630 560
394 561
3576 562
7743 563
185 564
69 565
291 566
1413 567
7742 568
5911 569
2683 570
6830 571
4476 572
7641 573
2819 574
3442 575
6561 576
3474 577
4209 578
1706 579
518 580
5397 581
728 582
7707 583
3162 584
1969 585
8905 586
805 587
5354 588
4523 589
2007 590
6606 591
477 592
9132 593
4845 594
9006 595
8774 596
359 597
6726 598
5517 599
1761 600
3839 601
5972 602
8500 603
439 604
4756 605
2861 606
3216 607
2530 608
1968 609
5619 610
1711 611
7719 612
2951 613
5171 614
2294 615
157 616
6421 617
4599 618
6481 619
5490 620
1727 621
863 622
457 623
1439 624
1303 625
621 626
2784 627
5327 628
6044 629
2548 630
6576 631
5587 632
6961 633
1392 634
6643 635
6112 636
6923 637
3332 638
7295 639
4707 640
1383 641
1245 642
7776 643
9312 644
3316 645
2646 646
8278 647
6095 648
8066 649
8809 650
3090 651
386 652
4219 653
3638 654
7799 655
8682 656
580 657
4341 658
4533 659
8268 660
1614 661
3428 662
1267 663
3839 664
2828 665
3484 666
3378 667
8750 668
742 669
9377 670
7464 671
8004 672
6985 673
6228 674
9127 675
1097 676
2270 677
2001 678
8062 679
2055 680
8497 681
7113 682
4765 683
7718 684
8648 685
6263 686
8608 687
3267 688
7348 689
6871 690
4996 691
3976 692
143 693
2205 694
8200 695
6281 696
4688 697
4485 698
8986 699
2639 700
6799 701
4575 702
8257 703
6324 704
9394 705
1127 706
1636 707
5707 708
2624 709
1309 710
5311 711
8757 712
9204 713
3986 714
9398 715
4698 716
1015 717
7865 718
4614 719
1014 720
6002 721
1674 722
3099 723
9333 724
2755 725
5823 726
1187 727
1503 728
4803 729
5135 730
8774 731
6525 732
5992 733
8 734
4493 735
6863 736
8838 737
8561 738
4547 739
894 740
3907 741
3689 742
762 743
2591 744
4871 745
6352 746
2726 747
3358 748
4922 749
1702 750
4184 751
3630 752
8052 753
4540 754
1694 755
2761 756
5375 757
6725 758
3404 759
1828 760
2115 761
8645 762
8832 763
7566 764
5169 765
6650 766
2887 767
3593 768
7631 769
3302 770
9497 771
1031 772
1101 773
9008 774
2117 775
3999 776
1330 777
6843 778
8856 779
8219 780
3230 781
976 782
1584 783
3069 784
8344 785
1513 786
2597 787
7755 788
4875 789
8424 790
4221 791
2982 792
7281 793
994 794
9021 795
774 796
2999 797
8197 798
4113 799
8356 800
2545 801
7323 802
1967 803
5539 804
2561 805
6271 806
3340 807
6364 808
8260 809
337 810
1208 811
911 812
2654 813
9138 814
1573 815
8334 816
2241 817
5550 818
2213 819
8720 820
2075 821
6371 822
2113 823
4004 824
3868 825
954 826
7336 827
2772 828
2613 829
9399 830
3199 831
1897 832
5611 833
7462 834
5191 835
787 836
8016 837
4917 838
2643 839
7385 840
1557 841
1371 842
5010 843
7319 844
8096 845
5981 846
8758 847
7444 848
7702 849
7449 850
6358 851
5425 852
7974 853
8169 854
5654 855
7835 856
7484 857
411 858
9435 859
9343 860
834 861
4235 862
3943 863
3611 864
8419 865
5225 866
1496 867
458 868
4959 869
9005 870
3093 871
3362 872
4571 873
8478 874
165 875
9114 876
6814 877
9255 878
1321 879
1046 880
6734 881
3044 882
995 883
2153 884
1562 885
9485 886
4532 887
1375 888
1583 889
9118 890
8673 891
2941 892
8299 893
8706 894
7932 895
7696 896
1425 897
6410 898
2106 899
695 900
5164 901
670 902
4954 903
4271 904
1270 905
1320 906
8134 907
166 908
1269 909
5057 910
989 911
8091 912
2687 913
7415 914
9348 915
4064 916
704 917
6054 918
1469 919
2079 920
948 921
6123 922
1300 923
4204 924
6356 925
7001 926
2019 927
8080 928
5194 929
6579 930
2580 931
7565 932
8726 933
4254 934
6395 935
6783 936
4113 937
8443 938
2746 939
2840 940
5022 941
9312 942
1573 943
1197 944
1195 945
622 946
2641 947
966 948
6593 949
