950 1150
5854 0
1680 1
9056 2
755 3
6068 4
963 5
8373 6
1220 7
6811 8
1952 9
3303 10
3881 11
2367 12
4653 13
903 14
3000 15
7223 16
4606 17
7987 18
5403 19
2939 20
3107 21
4393 22
6123 23
5865 24
9352 25
6702 26
3730 27
6330 28
9314 29
4623 30
9262 31
5803 32
6403 33
5969 34
4881 35
7417 36
6108 37
5450 38
6797 39
7266 40
1522 41
6312 42
5461 43
523 44
468 45
2275 46
8875 47
6774 48
3121 49
2047 50
847 51
5641 52
1560 53
7520 54
8553 55
653 56
4072 57
5183 58
4526 59
7961 60
2312 61
3989 62
5570 63
8778 64
5711 65
4679 66
3056 67
6578 68
3696 69
7563 70
6658 71
2350 72
8227 73
6981 74
194 75
5363 76
9193 77
9375 78
7433 79
1478 80
8198 81
7963 82
3370 83
3071 84
1457 85
3493 86
8959 87
3841 88
8854 89
4038 90
7000 91
7208 92
5962 93
5877 94
556 95
1383 96
7968 97
2264 98
3700 99
708 100
1273 101
3092 102
5263 103
4317 104
7926 105
8328 106
7175 107
6833 108
4521 109
2281 110
5957 111
2095 112
7308 113
7501 114
2273 115
5134 116
8301 117
2133 118
7216 119
8922 120
500 121
4388 122
2649 123
1552 124
8533 125
6921 126
3061 127
857 128
4303 129
3589 130
4057 131
7232 132
5660 133
8807 134
5236 135
5118 136
3870 137
647 138
8588 139
7611 140
3237 141
7372 142
6860 143
7697 144
4262 145
9336 146
2915 147
9187 148
3975 149
5721 150
5771 151
8784 152
6007 153
6563 154
7902 155
3103 156
2052 157
411 158
127 159
6324 160
2851 161
6441 162
8821 163
5376 164
352 165
3584 166
8231 167
6036 168
3616 169
7688 170
9262 171
6319 172
5826 173
2782 174
464 175
1322 176
5930 177
7427 178
1005 179
2565 180
2475 181
6949 182
7021 183
6669 184
1066 185
4674 186
5761 187
2173 188
1159 189
6321 190
7473 191
8773 192
7250 193
6527 194
8279 195
7823 196
4482 197
8883 198
9154 199
7262 200
4963 201
5518 202
3184 203
1362 204
3740 205
5470 206
177 207
3781 208
5293 209
6814 210
6174 211
2752 212
3660 213
945 214
3330 215
612 216
1014 217
5951 218
4018 219
1706 220
5619 221
4377 222
6321 223
4068 224
1112 225
4609 226
5565 227
3773 228
2907 229
8287 230
464 231
3876 232
1216 233
8672 234
4587 235
2170 236
8481 237
6523 238
2314 239
3589 240
7421 241
3257 242
9092 243
8143 244
1312 245
9292 246
5537 247
1575 248
751 249
235 250
7600 251
1594 252
3292 253
8548 254
4508 255
1482 256
1803 257
2335 258
3138 259
249 260
4257 261
197 262
1537 263
2320 264
3975 265
618 266
7538 267
4745 268
8645 269
7319 270
8287 271
5320 272
1475 273
8923 274
4849 275
2005 276
2438 277
8934 278
5031 279
7309 280
7113 281
7566 282
9461 283
3162 284
9288 285
2576 286
9087 287
7726 288
6788 289
2909 290
849 291
7165 292
1574 293
4278 294
1151 295
3103 296
8952 297
8531 298
2490 299
1805 300
5763 301
4529 302
6470 303
6080 304
8098 305
7338 306
5637 307
4284 308
444 309
7886 310
7950 311
8125 312
1679 313
3603 314
8554 315
5634 316
5424 317
2671 318
7464 319
9329 320
3090 321
7277 322
2707 323
8169 324
4552 325
2527 326
9067 327
3558 328
7197 329
2168 330
6314 331
7608 332
2914 333
6709 334
4787 335
3843 336
5323 337
7211 338
1809 339
702 340
2510 341
7879 342
1902 343
7485 344
8660 345
1988 346
9297 347
8651 348
926 349
4747 350
6202 351
3283 352
1536 353
3946 354
9332 355
6673 356
8759 357
8055 358
682 359
6352 360
8125 361
4811 362
7637 363
4923 364
8746 365
5636 366
9241 367
6852 368
5642 369
8319 370
8082 371
4113 372
7091 373
6414 374
8756 375
1875 376
5463 377
9184 378
6820 379
1460 380
6963 381
870 382
5899 383
5269 384
1152 385
9458 386
9227 387
6630 388
8147 389
2973 390
5177 391
8464 392
8691 393
3245 394
5734 395
4375 396
5911 397
4298 398
1199 399
1914 400
863 401
102 402
2994 403
4655 404
2628 405
1098 406
8003 407
7130 408
7580 409
4654 410
8913 411
4477 412
5137 413
7883 414
3160 415
1806 416
1728 417
3386 418
7445 419
9098 420
4665 421
2981 422
8206 423
1136 424
7475 425
975 426
8833 427
1125 428
6412 429
6342 430
7852 431
865 432
2532 433
7116 434
3297 435
9428 436
9213 437
9167 438
9343 439
7891 440
5386 441
9141 442
21 443
3358 444
3668 445
3254 446
8089 447
4217 448
6880 449
6912 450
7041 451
4835 452
746 453
7046 454
4267 455
1437 456
1783 457
9441 458
1061 459
3899 460
3657 461
1484 462
4770 463
5425 464
4705 465
6853 466
5375 467
406 468
1750 469
2790 470
4067 471
159 472
7076 473
1098 474
6089 475
349 476
9325 477
7940 478
2775 479
8301 480
5675 481
5984 482
8883 483
3171 484
1227 485
5510 486
5081 487
8185 488
1924 489
4538 490
5914 491
3978 492
9399 493
8151 494
9370 495
7001 496
6098 497
6928 498
6023 499
2432 500
609 501
9186 502
1223 503
4994 504
1257 505
1139 506
1737 507
5794 508
6166 509
964 510
5646 511
1272 512
6066 513
2871 514
9416 515
3065 516
4966 517
2904 518
4727 519
6297 520
6167 521
1541 522
3463 523
3810 524
3894 525
6236 526
4351 527
5270 528
5225 529
6700 530
2560 531
858 532
7131 533
6896 534
7389 535
1722 536
104 537
8039 538
6167 539
6970 540
8269 541
5303 542
4228 543
3091 544
1151 545
8726 546
4949 547
5800 548
7797 549
9250 550
2707 551
2219 552
2202 553
6495 554
669 555
3600 556
1732 557
7586 558
3469 559
8023 560
1983 561
3548 562
71 563
370 564
9478 565
251 566
3660 567
1176 568
4666 569
7569 570
7646 571
2009 572
5781 573
1699 574
6894 575
4545 576
1461 577
161 578
8584 579
4164 580
3825 581
7489 582
3241 583
1783 584
6185 585
6599 586
7698 587
6301 588
164 589
7021 590
3582 591
7280 592
8600 593
4265 594
3890 595
425 596
4751 597
7108 598
3621 599
5613 600
221 601
2091 602
2447 603
6849 604
2 605
7817 606
8391 607
1593 608
4847 609
2944 610
8456 611
6382 612
958 613
4433 614
2242 615
5479 616
5379 617
6163 618
196 619
6273 620
6906 621
528 622
9282 623
6346 624
176 625
2874 626
1908 627
5641 628
4783 629
6043 630
3277 631
4459 632
6246 633
1867 634
2583 635
4141 636
6168 637
780 638
3568 639
6201 640
6801 641
3043 642
8073 643
4753 644
6870 645
1683 646
9453 647
2586 648
6007 649
4258 650
7854 651
3665 652
7212 653
6670 654
2099 655
5552 656
2956 657
6497 658
7243 659
7490 660
420 661
2407 662
3041 663
5746 664
1494 665
7387 666
8529 667
1917 668
6301 669
2342 670
8507 671
7980 672
6607 673
6100 674
5285 675
5872 676
4818 677
6861 678
5548 679
470 680
4226 681
3545 682
2906 683
7552 684
2217 685
8718 686
582 687
1671 688
5522 689
3492 690
2517 691
6018 692
3456 693
3174 694
2085 695
1748 696
47 697
2492 698
3867 699
4635 700
6331 701
750 702
1264 703
8949 704
4459 705
786 706
4033 707
3780 708
1222 709
2883 710
1793 711
9327 712
8377 713
5383 714
3322 715
9498 716
3191 717
6066 718
7186 719
313 720
8352 721
9038 722
6177 723
4330 724
5784 725
9451 726
4890 727
1349 728
891 729
3005 730
7826 731
6594 732
945 733
9039 734
487 735
5424 736
8289 737
5992 738
574 739
1217 740
2859 741
9413 742
637 743
7887 744
6109 745
2691 746
6891 747
5817 748
8514 749
1617 750
1214 751
7383 752
4704 753
2436 754
4700 755
6299 756
7755 757
6509 758
4293 759
8888 760
3358 761
8272 762
563 763
1992 764
8271 765
3979 766
1210 767
1231 768
4897 769
5449 770
1772 771
9026 772
2031 773
8034 774
5858 775
205 776
6231 777
4320 778
2311 779
5950 780
5395 781
6671 782
1322 783
2880 784
4566 785
5400 786
2299 787
2714 788
7235 789
5149 790
4533 791
3212 792
7096 793
8126 794
1961 795
3876 796
6658 797
8065 798
4654 799
2195 800
3148 801
2655 802
774 803
6271 804
3864 805
4663 806
1669 807
8142 808
2249 809
775 810
9500 811
8848 812
171 813
5513 814
7146 815
6624 816
1520 817
2809 818
5395 819
6860 820
1884 821
7061 822
7900 823
2846 824
2566 825
8534 826
5239 827
4755 828
5552 829
3048 830
7184 831
3912 832
6161 833
4188 834
6000 835
6684 836
7636 837
3411 838
973 839
472 840
7435 841
3762 842
3320 843
4791 844
6776 845
9178 846
4383 847
9289 848
1518 849
4964 850
8551 851
3321 852
7709 853
7918 854
6386 855
3853 856
8548 857
5088 858
442 859
3108 860
6407 861
1365 862
6790 863
6400 864
5016 865
2548 866
8092 867
7251 868
8946 869
6254 870
8051 871
8745 872
4828 873
1305 874
5985 875
1219 876
8057 877
2042 878
2519 879
3363 880
4590 881
3213 882
1556 883
4346 884
9303 885
8608 886
9450 887
4221 888
2755 889
692 890
4762 891
3308 892
9331 893
5869 894
840 895
6800 896
4460 897
2078 898
9154 899
5614 900
9378 901
905 902
2931 903
5587 904
9140 905
5337 906
8937 907
5954 908
8877 909
3942 910
4398 911
6626 912
7080 913
7836 914
5812 915
4458 916
697 917
1832 918
7090 919
1193 920
6083 921
6907 922
464 923
29 924
1275 925
5928 926
1358 927
5128 928
6267 929
2884 930
7405 931
173 932
6504 933
8330 934
6150 935
1237 936
8665 937
4867 938
7914 939
3689 940
2331 941
6070 942
7357 943
4171 944
3679 945
9175 946
8473 947
791 948
8036 949
