950 650
2143 0
778 1
8707 2
3681 3
6899 4
5999 5
5124 6
676 7
2992 8
4626 9
3349 10
9185 11
6037 12
2789 13
1546 14
1853 15
2957 16
4030 17
742 18
2151 19
7071 20
8550 21
3636 22
3465 23
6517 24
1110 25
6023 26
2963 27
9284 28
5356 29
375 30
7203 31
42 32
8707 33
5792 34
2354 35
552 36
6609 37
5275 38
7058 39
6869 40
9411 41
6782 42
2800 43
633 44
3120 45
4034 46
874 47
7863 48
9398 49
5000 50
6624 51
3247 52
7009 53
5032 54
2236 55
5232 56
137 57
7403 58
2963 59
6511 60
1809 61
7487 62
4855 63
5657 64
2934 65
6435 66
1365 67
5661 68
5556 69
8388 70
1764 71
4529 72
4574 73
7855 74
4055 75
5272 76
8712 77
1002 78
2953 79
3641 80
5466 81
8515 82
8518 83
5714 84
7493 85
1095 86
7526 87
5348 88
7203 89
4625 90
9161 91
757 92
5455 93
9416 94
1529 95
4789 96
4706 97
6762 98
3455 99
5297 100
5820 101
82 102
3668 103
1996 104
9028 105
1539 106
4443 107
1734 108
1528 109
6059 110
1292 111
9121 112
8426 113
25 114
3575 115
6959 116
5146 117
3380 118
6796 119
1994 120
2263 121
8840 122
544 123
1051 124
1620 125
8286 126
1188 127
1759 128
7726 129
1081 130
3269 131
6664 132
648 133
8576 134
2048 135
8767 136
3975 137
6485 138
2153 139
5539 140
750 141
3908 142
5222 143
6500 144
1503 145
1718 146
5828 147
555 148
7745 149
9187 150
8658 151
8919 152
4868 153
445 154
6646 155
1792 156
4817 157
2097 158
2040 159
2916 160
7550 161
6356 162
1260 163
9400 164
779 165
3854 166
6675 167
7315 168
5422 169
3710 170
8627 171
5663 172
1439 173
8292 174
3134 175
2602 176
7193 177
5008 178
5528 179
3131 180
8682 181
2003 182
3940 183
1906 184
2856 185
3511 186
2938 187
1291 188
5066 189
2444 190
8552 191
4355 192
7762 193
1656 194
837 195
9408 196
379 197
2380 198
3489 199
6397 200
589 201
405 202
7780 203
4056 204
6305 205
3889 206
1687 207
7168 208
4212 209
7285 210
6096 211
1000 212
6653 213
6792 214
6158 215
878 216
1011 217
6280 218
31 219
4399 220
8442 221
3616 222
6171 223
4461 224
1560 225
9091 226
2711 227
5594 228
859 229
2774 230
7521 231
2140 232
2762 233
1515 234
1434 235
1278 236
2882 237
2870 238
1850 239
4550 240
1992 241
336 242
7894 243
218 244
4758 245
6304 246
5962 247
7104 248
5759 249
2930 250
1432 251
5397 252
1132 253
5594 254
1727 255
3982 256
3805 257
4906 258
3971 259
5168 260
7843 261
2602 262
649 263
1633 264
1163 265
90 266
3865 267
7853 268
385 269
3493 270
1790 271
9312 272
5907 273
1470 274
3687 275
9294 276
4986 277
4677 278
6876 279
5867 280
6936 281
5136 282
6477 283
8251 284
4925 285
759 286
4982 287
5122 288
656 289
6869 290
6347 291
6828 292
5199 293
376 294
6978 295
1906 296
7117 297
6525 298
5181 299
4385 300
3540 301
2127 302
982 303
4251 304
1213 305
9267 306
3346 307
6347 308
3437 309
4503 310
5537 311
7202 312
3316 313
5856 314
1073 315
9287 316
7267 317
4521 318
359 319
8120 320
1678 321
187 322
3187 323
4072 324
1534 325
5516 326
6658 327
3124 328
619 329
6883 330
2702 331
6871 332
7283 333
688 334
4249 335
3362 336
2210 337
2957 338
829 339
151 340
6272 341
4028 342
467 343
4941 344
4186 345
3963 346
4134 347
3568 348
1065 349
2536 350
7260 351
3591 352
8418 353
1604 354
4900 355
3565 356
9483 357
1693 358
95 359
4671 360
7361 361
693 362
3758 363
2427 364
6105 365
1656 366
7850 367
3483 368
8731 369
706 370
13 371
3211 372
1807 373
2010 374
6901 375
6988 376
13 377
5885 378
6543 379
4285 380
7299 381
2876 382
244 383
7280 384
1470 385
5660 386
2976 387
727 388
495 389
823 390
6731 391
405 392
8293 393
2372 394
6611 395
4887 396
9487 397
9017 398
3955 399
1278 400
4873 401
4088 402
7914 403
4407 404
541 405
2078 406
5343 407
6883 408
1308 409
6954 410
4329 411
6069 412
3009 413
6040 414
7329 415
3753 416
3130 417
779 418
6579 419
587 420
5998 421
1948 422
5488 423
6602 424
273 425
3178 426
1639 427
6415 428
8547 429
1310 430
8668 431
6307 432
5496 433
7358 434
2456 435
448 436
1988 437
7086 438
9437 439
3993 440
2866 441
785 442
9127 443
7427 444
5008 445
2475 446
391 447
2060 448
6281 449
5735 450
5290 451
4103 452
1275 453
8050 454
7488 455
947 456
8896 457
6003 458
8072 459
4391 460
8903 461
5074 462
6778 463
6661 464
3553 465
7711 466
1948 467
2053 468
4861 469
3281 470
6053 471
5532 472
3685 473
8904 474
2544 475
4529 476
5162 477
7581 478
277 479
1928 480
1691 481
5998 482
8069 483
9216 484
7939 485
4832 486
6694 487
8551 488
7035 489
5953 490
4135 491
2743 492
6658 493
1013 494
8428 495
790 496
3994 497
1293 498
1699 499
5441 500
6840 501
1917 502
4992 503
8248 504
7974 505
7983 506
5522 507
8816 508
8096 509
7528 510
7677 511
578 512
134 513
3988 514
8493 515
3913 516
9100 517
3300 518
6762 519
370 520
60 521
1721 522
4642 523
3033 524
3150 525
945 526
3260 527
6890 528
7052 529
5586 530
6334 531
4637 532
392 533
7024 534
2456 535
9422 536
942 537
3094 538
9144 539
1730 540
1054 541
314 542
3669 543
5534 544
5650 545
611 546
6838 547
8860 548
4577 549
3957 550
8933 551
7775 552
1968 553
4309 554
8393 555
8737 556
3557 557
4303 558
681 559
892 560
8183 561
4365 562
110 563
7961 564
9308 565
8751 566
8542 567
9165 568
2956 569
8654 570
2556 571
4687 572
1992 573
6027 574
1825 575
5360 576
8029 577
1077 578
7776 579
8439 580
4431 581
680 582
8749 583
7693 584
800 585
6704 586
833 587
1594 588
4825 589
3531 590
5220 591
7435 592
5373 593
70 594
8429 595
6380 596
6312 597
3104 598
5265 599
4323 600
8864 601
463 602
8436 603
1496 604
7049 605
5144 606
4803 607
8680 608
5401 609
2229 610
3159 611
3559 612
8205 613
9002 614
1016 615
620 616
8200 617
1368 618
6637 619
1791 620
1780 621
2394 622
1457 623
7185 624
9448 625
1649 626
3144 627
3022 628
7536 629
2846 630
3599 631
773 632
1109 633
5606 634
833 635
4073 636
7589 637
6650 638
6517 639
1789 640
5297 641
5616 642
3551 643
1232 644
8661 645
8830 646
8212 647
9006 648
8506 649
8503 650
6148 651
9466 652
5162 653
7684 654
5890 655
1188 656
8339 657
688 658
545 659
5451 660
5509 661
9046 662
5098 663
6219 664
8523 665
206 666
7506 667
1481 668
7889 669
4366 670
680 671
8430 672
2330 673
5348 674
6586 675
5588 676
1099 677
7500 678
8205 679
2202 680
4726 681
3022 682
9045 683
5690 684
3989 685
1595 686
1381 687
8890 688
7605 689
4414 690
2069 691
6128 692
7668 693
580 694
6755 695
7767 696
7410 697
1751 698
1810 699
7524 700
7380 701
3354 702
1843 703
9224 704
9465 705
8171 706
3398 707
2594 708
54 709
734 710
5 711
5036 712
2824 713
5673 714
5871 715
7892 716
2895 717
1971 718
3622 719
3232 720
8710 721
437 722
1399 723
3798 724
3404 725
9135 726
501 727
1540 728
8921 729
6293 730
1304 731
3930 732
1013 733
3818 734
3391 735
7887 736
286 737
7404 738
4607 739
3767 740
76 741
1411 742
5363 743
4557 744
9496 745
7253 746
5158 747
9457 748
9388 749
8531 750
4126 751
1628 752
4967 753
3178 754
9056 755
2591 756
5761 757
6899 758
2011 759
2914 760
2426 761
5681 762
3068 763
1653 764
4780 765
7273 766
3250 767
9010 768
9006 769
5852 770
2845 771
5917 772
4311 773
5911 774
2908 775
7497 776
7778 777
5075 778
8531 779
4096 780
995 781
7473 782
2994 783
1378 784
2115 785
2613 786
9327 787
4188 788
7635 789
6634 790
656 791
4114 792
957 793
8615 794
9197 795
4893 796
6357 797
6703 798
8869 799
6971 800
5579 801
4102 802
5315 803
4883 804
5293 805
3412 806
5854 807
5281 808
7364 809
1244 810
3567 811
1747 812
2734 813
8009 814
7767 815
8160 816
4957 817
8384 818
3533 819
5720 820
6230 821
4824 822
8266 823
3056 824
3876 825
4029 826
3952 827
8578 828
3745 829
7697 830
7329 831
7835 832
3759 833
6936 834
929 835
6750 836
5822 837
2893 838
3589 839
8198 840
4585 841
5637 842
2844 843
3157 844
3451 845
416 846
8153 847
4651 848
1318 849
1589 850
1058 851
8939 852
2153 853
922 854
3259 855
6598 856
3874 857
130 858
7405 859
3 860
4325 861
87 862
2648 863
4173 864
5266 865
7886 866
1899 867
6750 868
9025 869
5973 870
9488 871
6014 872
4351 873
3168 874
7606 875
623 876
5639 877
8066 878
641 879
3535 880
2219 881
2826 882
6244 883
2400 884
524 885
9357 886
5480 887
4773 888
6818 889
3839 890
2554 891
1170 892
1952 893
3194 894
2162 895
7774 896
6111 897
6822 898
1647 899
6125 900
2540 901
9065 902
9162 903
6323 904
3019 905
368 906
9364 907
7259 908
2758 909
7916 910
1714 911
6755 912
1482 913
71 914
6883 915
4290 916
6872 917
6223 918
9435 919
4541 920
5476 921
9253 922
2684 923
7258 924
7381 925
6544 926
1066 927
5056 928
9249 929
6030 930
3915 931
2376 932
3586 933
3873 934
6746 935
4875 936
9375 937
1321 938
8785 939
1721 940
4218 941
9270 942
2825 943
5723 944
8629 945
7820 946
1197 947
2833 948
1866 949
