950 150
6373 0
4016 1
3113 2
8199 3
511 4
1356 5
6827 6
3067 7
3861 8
8471 9
229 10
5516 11
408 12
4731 13
558 14
1110 15
5931 16
5701 17
5090 18
2442 19
5207 20
4328 21
8560 22
4446 23
3952 24
5917 25
1866 26
1062 27
9007 28
3965 29
8318 30
2975 31
8109 32
5777 33
5840 34
5065 35
8613 36
2144 37
8123 38
2034 39
6266 40
1948 41
1459 42
5389 43
6172 44
9250 45
5947 46
5893 47
3374 48
1462 49
5781 50
5717 51
3123 52
1712 53
4714 54
3649 55
1565 56
2680 57
6153 58
8426 59
6850 60
2730 61
2704 62
4120 63
1859 64
6871 65
5376 66
6071 67
5293 68
8008 69
1925 70
8364 71
5053 72
9321 73
4122 74
7736 75
9167 76
2285 77
656 78
9036 79
2618 80
501 81
4258 82
886 83
2996 84
5487 85
4484 86
3676 87
64 88
7651 89
917 90
985 91
483 92
566 93
8135 94
4997 95
5721 96
7247 97
6829 98
5991 99
290 100
9418 101
5870 102
7436 103
9335 104
8886 105
1670 106
74 107
6518 108
9357 109
2412 110
5966 111
1836 112
4335 113
8800 114
7244 115
688 116
8737 117
5770 118
330 119
5197 120
2614 121
2438 122
2185 123
1411 124
182 125
4583 126
6203 127
6978 128
84 129
1271 130
1059 131
1070 132
7447 133
1043 134
7821 135
2574 136
798 137
1054 138
8576 139
7999 140
2101 141
8754 142
4234 143
1556 144
4917 145
7544 146
6644 147
7916 148
6285 149
2700 150
8455 151
5745 152
4767 153
7720 154
569 155
5716 156
4921 157
3145 158
426 159
7105 160
3372 161
4769 162
8589 163
321 164
5107 165
5363 166
4841 167
4245 168
1459 169
6737 170
3539 171
4203 172
924 173
7904 174
2090 175
6120 176
6974 177
302 178
8104 179
5353 180
312 181
628 182
6871 183
1851 184
3985 185
2759 186
397 187
3957 188
4346 189
4681 190
5518 191
9038 192
1164 193
5011 194
2803 195
4443 196
4365 197
318 198
3811 199
4545 200
4486 201
7591 202
5308 203
6855 204
6253 205
8878 206
7221 207
691 208
9267 209
3518 210
964 211
1168 212
7547 213
4113 214
5896 215
1844 216
18 217
6968 218
9093 219
905 220
5804 221
8561 222
7187 223
7656 224
2640 225
3318 226
5154 227
7740 228
9059 229
6156 230
5514 231
524 232
3870 233
9313 234
2770 235
5435 236
3720 237
8888 238
3345 239
903 240
1376 241
6041 242
3782 243
786 244
3808 245
189 246
2810 247
7401 248
6973 249
5219 250
4357 251
8012 252
2246 253
7688 254
8464 255
4554 256
3466 257
8661 258
6152 259
7356 260
4777 261
6132 262
7701 263
5064 264
3544 265
8805 266
3556 267
5609 268
1946 269
3039 270
4579 271
7179 272
4958 273
5506 274
1281 275
6955 276
8162 277
1174 278
9241 279
6263 280
240 281
539 282
538 283
3427 284
564 285
1268 286
767 287
9196 288
2003 289
1203 290
2646 291
9481 292
3087 293
9217 294
2459 295
499 296
3846 297
8760 298
5788 299
294 300
9252 301
3923 302
7283 303
3065 304
841 305
6569 306
4135 307
5020 308
3737 309
7579 310
3945 311
1488 312
4283 313
6636 314
1646 315
7826 316
3703 317
4826 318
4726 319
6880 320
3649 321
1619 322
8953 323
2403 324
7859 325
9456 326
7768 327
140 328
1272 329
359 330
6851 331
3633 332
8255 333
2350 334
5374 335
2184 336
4331 337
8217 338
6902 339
7401 340
882 341
6557 342
8442 343
7906 344
8643 345
3664 346
4497 347
805 348
5384 349
3313 350
488 351
892 352
5194 353
5767 354
2197 355
8138 356
6599 357
5137 358
6134 359
4929 360
5822 361
6185 362
3018 363
222 364
8714 365
7373 366
1680 367
3225 368
7195 369
1318 370
4977 371
4215 372
1304 373
4313 374
2129 375
392 376
3737 377
3928 378
6991 379
3096 380
2434 381
1302 382
3889 383
4259 384
6782 385
8221 386
7625 387
3856 388
4627 389
1707 390
7219 391
7041 392
7611 393
6160 394
1002 395
3893 396
6304 397
4133 398
3358 399
9333 400
7689 401
4174 402
5384 403
560 404
8795 405
3840 406
3173 407
8808 408
3378 409
1263 410
5284 411
5503 412
967 413
6914 414
5498 415
6857 416
2471 417
3190 418
1256 419
620 420
8070 421
5531 422
5903 423
5570 424
6451 425
7478 426
8606 427
3697 428
762 429
9394 430
713 431
2027 432
7930 433
517 434
6673 435
1992 436
9448 437
6023 438
93 439
790 440
4260 441
2256 442
1482 443
3282 444
4538 445
8774 446
645 447
891 448
3793 449
2870 450
7467 451
2619 452
8925 453
357 454
2007 455
5753 456
3041 457
6027 458
6447 459
5604 460
177 461
692 462
7574 463
4843 464
3450 465
4906 466
4077 467
6046 468
6024 469
7305 470
2962 471
2681 472
2765 473
7474 474
6957 475
7651 476
2083 477
6550 478
8750 479
4660 480
2563 481
2963 482
5955 483
3147 484
5063 485
4288 486
6650 487
7623 488
2943 489
9291 490
332 491
5413 492
3073 493
9361 494
1930 495
6626 496
2599 497
3995 498
8655 499
549 500
7312 501
1747 502
3941 503
2371 504
8194 505
9084 506
165 507
3890 508
1753 509
3861 510
7416 511
1931 512
5044 513
5307 514
7882 515
4203 516
2133 517
2588 518
9359 519
2866 520
3173 521
4091 522
4593 523
7381 524
6445 525
4039 526
279 527
8740 528
4012 529
6563 530
6069 531
3968 532
1296 533
3904 534
6324 535
6072 536
5098 537
157 538
6577 539
8623 540
5936 541
3274 542
414 543
1120 544
5867 545
8146 546
7445 547
8221 548
1523 549
3632 550
2618 551
5241 552
7532 553
9176 554
977 555
5994 556
6080 557
3133 558
6911 559
7574 560
1245 561
6107 562
2045 563
761 564
3893 565
3169 566
771 567
3710 568
2763 569
5210 570
3330 571
7183 572
3151 573
4250 574
8178 575
2507 576
1452 577
8270 578
499 579
4860 580
9408 581
9499 582
2767 583
4586 584
4449 585
2994 586
6692 587
4577 588
1948 589
3980 590
4699 591
2101 592
3114 593
3630 594
4008 595
1476 596
6798 597
1873 598
7927 599
6183 600
4551 601
6451 602
941 603
2594 604
1485 605
4614 606
816 607
8495 608
1609 609
1268 610
3458 611
5690 612
1070 613
189 614
9271 615
1463 616
7494 617
4350 618
6515 619
7392 620
5741 621
906 622
8352 623
4174 624
2224 625
5616 626
604 627
7557 628
6977 629
7671 630
5201 631
7743 632
7347 633
7361 634
8954 635
7827 636
3027 637
3811 638
6607 639
65 640
6331 641
3776 642
8735 643
8255 644
7246 645
7973 646
7375 647
8277 648
5242 649
328 650
1318 651
9094 652
6309 653
2647 654
5360 655
3890 656
41 657
847 658
257 659
8346 660
5613 661
883 662
4852 663
941 664
5631 665
3229 666
7523 667
8266 668
1929 669
4109 670
5353 671
1369 672
725 673
4972 674
995 675
4168 676
2866 677
4605 678
3372 679
7483 680
4092 681
1011 682
9050 683
5443 684
839 685
372 686
2783 687
3200 688
6592 689
9002 690
5229 691
7468 692
7986 693
4631 694
2946 695
3223 696
5897 697
9081 698
6782 699
889 700
9291 701
2948 702
5454 703
8072 704
3966 705
2624 706
9352 707
4502 708
6040 709
3058 710
437 711
1026 712
6363 713
619 714
1796 715
881 716
55 717
8741 718
4668 719
5377 720
5177 721
9150 722
2622 723
707 724
7123 725
4187 726
2690 727
3719 728
1153 729
3021 730
5129 731
2882 732
3235 733
1484 734
1138 735
5291 736
3619 737
4190 738
8170 739
220 740
3504 741
2653 742
7373 743
6126 744
5431 745
7022 746
1748 747
6054 748
3686 749
1783 750
6812 751
5100 752
620 753
7407 754
6104 755
3589 756
6871 757
8844 758
5302 759
6614 760
9101 761
2641 762
3096 763
5011 764
5605 765
1859 766
245 767
8799 768
3606 769
7253 770
3493 771
180 772
6311 773
1765 774
5839 775
2174 776
4692 777
5380 778
1620 779
9201 780
786 781
4454 782
3142 783
3114 784
4643 785
1671 786
6425 787
5736 788
1589 789
2499 790
4284 791
4257 792
3967 793
2889 794
1072 795
2344 796
5645 797
7449 798
5827 799
2458 800
5636 801
3626 802
5449 803
7198 804
2748 805
9341 806
4942 807
6348 808
9339 809
6363 810
6509 811
3279 812
5771 813
9028 814
5598 815
6606 816
3297 817
107 818
5565 819
2219 820
3420 821
6679 822
7951 823
5319 824
8132 825
9048 826
417 827
5519 828
7947 829
4036 830
3957 831
209 832
2844 833
5056 834
31 835
7535 836
2629 837
2697 838
7684 839
7442 840
1721 841
1636 842
8911 843
531 844
4352 845
6993 846
4593 847
2976 848
7228 849
3991 850
2618 851
4391 852
7765 853
2386 854
7536 855
629 856
8384 857
4268 858
1963 859
5448 860
8085 861
8964 862
4347 863
2919 864
4355 865
5261 866
1392 867
8362 868
537 869
1885 870
1321 871
9399 872
971 873
4643 874
2274 875
8918 876
5101 877
461 878
3853 879
2078 880
795 881
442 882
7426 883
549 884
4407 885
4263 886
3640 887
218 888
3073 889
3582 890
2830 891
3071 892
9243 893
8613 894
8522 895
887 896
543 897
8634 898
7612 899
8721 900
7504 901
8855 902
422 903
8821 904
8008 905
2197 906
6630 907
2917 908
5927 909
7474 910
4754 911
4435 912
3424 913
267 914
2616 915
2925 916
9377 917
6292 918
9139 919
4469 920
3563 921
7214 922
4350 923
5128 924
3303 925
6727 926
764 927
9226 928
3759 929
6649 930
8842 931
6261 932
5510 933
6338 934
6785 935
3905 936
1552 937
74 938
6080 939
3656 940
4771 941
5117 942
2379 943
4409 944
7884 945
4523 946
5634 947
1662 948
62 949
