900 300
1030 0
826 1
3197 2
2524 3
3240 4
4263 5
828 6
7535 7
8150 8
3534 9
7139 10
4679 11
8501 12
2679 13
2154 14
2647 15
2785 16
3556 17
1539 18
7633 19
8421 20
3231 21
6125 22
5935 23
6061 24
1388 25
2293 26
4869 27
2076 28
2239 29
6387 30
1392 31
5447 32
8865 33
3206 34
7045 35
3740 36
6272 37
1194 38
3039 39
5330 40
3215 41
7314 42
66 43
4539 44
3491 45
4672 46
6430 47
1826 48
2338 49
8353 50
2779 51
3033 52
682 53
519 54
608 55
3548 56
242 57
5348 58
1656 59
7040 60
4638 61
5620 62
3681 63
54 64
4021 65
3027 66
3214 67
4384 68
826 69
4254 70
2520 71
795 72
315 73
6255 74
4963 75
4841 76
3240 77
4429 78
367 79
921 80
3901 81
6084 82
8667 83
4659 84
8511 85
8745 86
4106 87
1483 88
1057 89
4647 90
6998 91
8075 92
6278 93
2439 94
1097 95
8494 96
3085 97
776 98
6909 99
967 100
7552 101
5966 102
1372 103
6818 104
1879 105
6140 106
6399 107
3071 108
6586 109
2632 110
3470 111
5306 112
8635 113
243 114
673 115
6217 116
3309 117
3999 118
2200 119
3610 120
6570 121
1440 122
6869 123
2214 124
717 125
6898 126
7742 127
5595 128
4095 129
5693 130
2310 131
6578 132
5622 133
6051 134
6773 135
2760 136
1849 137
3017 138
8009 139
176 140
6717 141
1257 142
2841 143
286 144
7095 145
2112 146
4455 147
3401 148
4174 149
8490 150
6769 151
535 152
8498 153
138 154
8977 155
8061 156
8812 157
5324 158
1456 159
6987 160
657 161
1362 162
5714 163
7477 164
1479 165
5751 166
2528 167
167 168
7571 169
7578 170
6985 171
4910 172
6371 173
8805 174
1007 175
4471 176
9 177
5881 178
218 179
5060 180
8473 181
1406 182
6843 183
1375 184
2275 185
2246 186
4032 187
3876 188
3386 189
4405 190
6778 191
5275 192
5069 193
5832 194
2550 195
160 196
5621 197
3005 198
5425 199
6432 200
3422 201
4874 202
2370 203
4083 204
8675 205
5851 206
7178 207
3528 208
7452 209
1752 210
8016 211
1167 212
2216 213
1414 214
7582 215
2140 216
7127 217
6226 218
6439 219
4056 220
8213 221
1993 222
527 223
7916 224
831 225
5221 226
1561 227
5139 228
2712 229
1152 230
4768 231
5658 232
7195 233
7268 234
6812 235
5267 236
8439 237
3172 238
2806 239
1120 240
5086 241
5241 242
6207 243
1202 244
6815 245
5004 246
5280 247
2242 248
1076 249
6059 250
1225 251
6793 252
7112 253
8345 254
2403 255
8270 256
5026 257
6224 258
1856 259
8014 260
7187 261
5068 262
861 263
5948 264
3883 265
2045 266
6152 267
1919 268
8309 269
5463 270
174 271
1663 272
3638 273
7653 274
117 275
5903 276
3859 277
3855 278
206 279
686 280
3975 281
7441 282
195 283
1260 284
8303 285
5299 286
352 287
3361 288
8561 289
2663 290
7331 291
6542 292
3492 293
5069 294
260 295
334 296
6208 297
5718 298
748 299
4669 300
5141 301
4357 302
8870 303
215 304
2977 305
4307 306
4215 307
7520 308
6007 309
5763 310
3353 311
8691 312
2891 313
676 314
8822 315
5702 316
4187 317
3446 318
1371 319
6711 320
8262 321
5859 322
3601 323
1997 324
49 325
2251 326
4056 327
8201 328
294 329
4498 330
1321 331
92 332
8398 333
6471 334
6238 335
4435 336
2385 337
1019 338
6595 339
4679 340
7172 341
3528 342
8891 343
382 344
1953 345
1944 346
8419 347
2630 348
3077 349
5795 350
4909 351
3166 352
4683 353
7470 354
637 355
3721 356
1469 357
8029 358
1752 359
5804 360
1779 361
8347 362
8057 363
6813 364
6033 365
8716 366
7262 367
200 368
4097 369
8748 370
7783 371
7280 372
4548 373
235 374
5150 375
1557 376
4309 377
5554 378
7805 379
649 380
7582 381
3887 382
2465 383
1787 384
671 385
6907 386
8095 387
6091 388
1888 389
707 390
6575 391
2326 392
3764 393
4055 394
438 395
5570 396
2512 397
3734 398
5259 399
6610 400
7818 401
6524 402
2817 403
363 404
6185 405
5604 406
8493 407
7181 408
4790 409
2362 410
182 411
403 412
1077 413
1145 414
295 415
1900 416
8899 417
303 418
5927 419
2078 420
5845 421
1071 422
985 423
2606 424
6409 425
4522 426
7294 427
3941 428
7799 429
5635 430
3626 431
6485 432
4223 433
4187 434
5167 435
2820 436
7295 437
6095 438
4311 439
6180 440
5523 441
1309 442
3453 443
4349 444
8089 445
548 446
2204 447
5383 448
5518 449
6781 450
7423 451
5515 452
1915 453
5868 454
8074 455
350 456
6411 457
7966 458
6663 459
1462 460
5867 461
4021 462
1268 463
5893 464
7287 465
7087 466
2914 467
4799 468
2494 469
5210 470
624 471
4717 472
1495 473
4743 474
875 475
2849 476
2641 477
1047 478
2314 479
3806 480
4725 481
5937 482
7592 483
8347 484
5239 485
5730 486
4793 487
8708 488
7264 489
2511 490
3462 491
8332 492
5873 493
7863 494
8013 495
3667 496
7019 497
6217 498
1595 499
7630 500
5622 501
1082 502
4068 503
4583 504
2121 505
2952 506
7010 507
2302 508
541 509
4182 510
3092 511
7640 512
4969 513
2018 514
5301 515
3474 516
7286 517
978 518
3080 519
1024 520
7932 521
7120 522
3382 523
5959 524
780 525
1741 526
4205 527
4696 528
3045 529
2988 530
6557 531
5370 532
6570 533
6483 534
8982 535
4634 536
4344 537
5118 538
3663 539
2110 540
2934 541
208 542
8201 543
1232 544
8227 545
6950 546
1611 547
4960 548
4417 549
3533 550
505 551
783 552
4703 553
536 554
5299 555
4955 556
6665 557
3177 558
5738 559
8008 560
613 561
5249 562
1664 563
1807 564
3408 565
2734 566
7210 567
8848 568
8960 569
4916 570
436 571
30 572
4948 573
5505 574
8358 575
6849 576
5537 577
1717 578
7733 579
5817 580
4235 581
8267 582
1653 583
1970 584
6481 585
737 586
4150 587
836 588
1683 589
597 590
7684 591
5262 592
424 593
8735 594
8291 595
3675 596
8103 597
901 598
1941 599
6949 600
8689 601
194 602
5617 603
7096 604
2197 605
8137 606
3992 607
2522 608
7149 609
584 610
1175 611
4778 612
7902 613
4625 614
4817 615
4328 616
5275 617
3943 618
8896 619
1841 620
1524 621
6728 622
7788 623
7182 624
6360 625
2833 626
1795 627
2080 628
1571 629
1400 630
160 631
1101 632
1162 633
1038 634
4570 635
8411 636
1982 637
1422 638
5089 639
3933 640
4968 641
505 642
2816 643
2020 644
3739 645
4534 646
3417 647
4864 648
4584 649
3325 650
1664 651
5874 652
7169 653
7873 654
4467 655
132 656
4598 657
7155 658
6891 659
358 660
222 661
6115 662
8512 663
4443 664
986 665
3187 666
7614 667
5344 668
3486 669
7277 670
5028 671
2368 672
6667 673
7717 674
8659 675
2409 676
6809 677
6198 678
5481 679
5111 680
3324 681
623 682
2033 683
6872 684
8413 685
3160 686
7557 687
7975 688
8444 689
1045 690
5123 691
3973 692
3001 693
4475 694
5415 695
2980 696
8777 697
8850 698
4800 699
6900 700
6818 701
6897 702
8576 703
1068 704
6334 705
4067 706
1295 707
6127 708
5923 709
7296 710
3455 711
4788 712
4098 713
530 714
776 715
5111 716
1834 717
660 718
3758 719
6986 720
3663 721
5605 722
6701 723
8184 724
2915 725
3492 726
2175 727
64 728
1977 729
4469 730
264 731
5545 732
773 733
7976 734
2621 735
8089 736
2736 737
1454 738
3228 739
7147 740
6883 741
1716 742
4926 743
8145 744
774 745
5420 746
7839 747
8251 748
7665 749
6841 750
6657 751
7095 752
3837 753
5659 754
6527 755
1099 756
2909 757
7308 758
4109 759
5896 760
3847 761
821 762
5549 763
344 764
2099 765
7748 766
2069 767
2692 768
6406 769
1219 770
4647 771
1989 772
4669 773
7958 774
830 775
7153 776
6414 777
6959 778
670 779
2530 780
4384 781
4150 782
4758 783
1988 784
1585 785
1964 786
5594 787
1712 788
6400 789
1105 790
6654 791
4068 792
5730 793
720 794
1697 795
287 796
3731 797
8526 798
701 799
8906 800
6403 801
3257 802
664 803
10 804
7912 805
6069 806
6295 807
5494 808
4275 809
5379 810
3880 811
7825 812
1423 813
5006 814
2307 815
8847 816
470 817
5006 818
1867 819
4728 820
7494 821
3196 822
4026 823
7273 824
5098 825
4375 826
7759 827
7435 828
1964 829
2136 830
2556 831
2561 832
6082 833
4669 834
8305 835
7430 836
8925 837
2197 838
4528 839
2001 840
2964 841
6020 842
2576 843
7684 844
3135 845
6520 846
2256 847
8312 848
360 849
3872 850
2221 851
8097 852
8752 853
5234 854
676 855
3301 856
8482 857
856 858
8271 859
5439 860
4227 861
290 862
1830 863
3075 864
3808 865
3145 866
1202 867
8667 868
4993 869
7725 870
2275 871
2543 872
2309 873
8707 874
108 875
6848 876
3843 877
1225 878
4008 879
7307 880
7693 881
1886 882
364 883
7616 884
6341 885
5952 886
667 887
7300 888
8514 889
4599 890
6239 891
2027 892
87 893
5429 894
4655 895
5937 896
7882 897
4895 898
385 899
