950 750
4725 0
4684 1
2216 2
2198 3
4294 4
2841 5
4234 6
3084 7
8488 8
9005 9
463 10
5826 11
3644 12
5481 13
5136 14
9372 15
8949 16
4722 17
5989 18
7140 19
8188 20
6137 21
6057 22
4332 23
2349 24
4775 25
7978 26
8767 27
2318 28
9397 29
7282 30
4530 31
7907 32
5657 33
6618 34
8566 35
3063 36
2292 37
4781 38
3019 39
6607 40
283 41
2475 42
7250 43
3264 44
8381 45
6833 46
8035 47
2683 48
7546 49
8518 50
7515 51
2231 52
4774 53
1628 54
1419 55
6096 56
7764 57
6208 58
6364 59
4983 60
3088 61
405 62
6393 63
1485 64
1368 65
3727 66
965 67
2171 68
8900 69
6317 70
860 71
7707 72
7829 73
7822 74
1165 75
7052 76
3243 77
5834 78
3962 79
1395 80
3208 81
7337 82
1852 83
3115 84
607 85
4946 86
8719 87
2014 88
4317 89
7790 90
8249 91
7840 92
6788 93
8924 94
123 95
9073 96
5844 97
5010 98
1774 99
6637 100
1971 101
8020 102
8134 103
3965 104
7670 105
6426 106
9104 107
3091 108
5482 109
6851 110
1129 111
5925 112
9162 113
724 114
2471 115
6826 116
2532 117
3237 118
4971 119
2658 120
5033 121
7600 122
2370 123
6622 124
1076 125
2030 126
516 127
3316 128
3096 129
9234 130
6781 131
2206 132
3194 133
2636 134
7359 135
8570 136
6216 137
9369 138
8455 139
1870 140
5367 141
3285 142
3999 143
2549 144
1258 145
2100 146
9296 147
3938 148
8998 149
945 150
4800 151
4346 152
5238 153
6566 154
7299 155
56 156
5605 157
666 158
7247 159
1654 160
7715 161
1424 162
9321 163
8211 164
5476 165
3898 166
3020 167
7772 168
3660 169
7900 170
5521 171
8193 172
2786 173
9301 174
5850 175
4171 176
2366 177
3199 178
729 179
6923 180
5849 181
6315 182
8098 183
6824 184
3966 185
8558 186
6662 187
1631 188
2589 189
5823 190
3846 191
9408 192
390 193
8426 194
56 195
8488 196
3651 197
2069 198
8761 199
5794 200
7461 201
3754 202
6662 203
6829 204
2779 205
7119 206
2680 207
3704 208
1856 209
2833 210
5588 211
4211 212
5628 213
8241 214
8395 215
1959 216
1960 217
5559 218
7682 219
4215 220
1608 221
8467 222
5651 223
7033 224
6252 225
1336 226
9112 227
5407 228
2295 229
5953 230
2410 231
8816 232
5742 233
8683 234
2864 235
1944 236
4549 237
4126 238
8459 239
756 240
2244 241
2840 242
4325 243
7723 244
1787 245
4286 246
3092 247
7259 248
2283 249
3313 250
4434 251
2193 252
8508 253
5366 254
1123 255
4597 256
2128 257
3111 258
7184 259
3513 260
2149 261
1042 262
9231 263
9449 264
5436 265
3390 266
8791 267
2898 268
6205 269
422 270
6441 271
9073 272
2347 273
7748 274
7949 275
668 276
1663 277
1163 278
8691 279
8230 280
9118 281
7996 282
1337 283
121 284
7802 285
2195 286
133 287
6158 288
7636 289
151 290
902 291
4001 292
1584 293
7122 294
3144 295
7361 296
8766 297
2934 298
5385 299
9344 300
6705 301
4910 302
8805 303
6231 304
462 305
7226 306
6593 307
8775 308
1884 309
3542 310
7183 311
3807 312
2586 313
8393 314
8752 315
5808 316
4499 317
5871 318
950 319
3281 320
4342 321
2799 322
3904 323
6903 324
4391 325
9146 326
4385 327
7330 328
5119 329
7215 330
4124 331
2494 332
149 333
5456 334
456 335
2781 336
4226 337
5932 338
2013 339
1235 340
7327 341
9473 342
1644 343
1919 344
5356 345
7527 346
4539 347
3815 348
1849 349
2650 350
9139 351
2283 352
6771 353
9276 354
495 355
4922 356
8796 357
2723 358
8997 359
6646 360
4403 361
5278 362
3480 363
7145 364
1957 365
3423 366
346 367
7516 368
6145 369
842 370
8317 371
4626 372
7868 373
2400 374
7175 375
1627 376
6653 377
7170 378
3542 379
5258 380
3981 381
2572 382
5299 383
2918 384
5285 385
487 386
6790 387
8190 388
3787 389
4588 390
1026 391
4322 392
1236 393
2782 394
4038 395
3030 396
4714 397
4787 398
3720 399
8612 400
4523 401
5953 402
3926 403
6465 404
3931 405
2516 406
6758 407
4812 408
6977 409
2993 410
7976 411
4540 412
2027 413
951 414
4162 415
7117 416
2101 417
3727 418
1054 419
4601 420
2994 421
6923 422
2426 423
22 424
1116 425
5065 426
4448 427
3281 428
6416 429
5366 430
1072 431
746 432
6961 433
6744 434
9225 435
3319 436
1368 437
8820 438
1821 439
1127 440
5829 441
692 442
2741 443
8631 444
4988 445
5530 446
5336 447
3329 448
5721 449
129 450
6564 451
2358 452
1506 453
5920 454
4958 455
7489 456
6555 457
924 458
7748 459
5535 460
1037 461
6190 462
5450 463
6287 464
5055 465
6071 466
259 467
8356 468
6763 469
1306 470
2893 471
8947 472
400 473
2730 474
6915 475
8287 476
638 477
5371 478
5684 479
4614 480
221 481
6433 482
9119 483
2215 484
5394 485
5089 486
9084 487
1877 488
9036 489
8755 490
5869 491
6073 492
2219 493
8242 494
4755 495
4989 496
8437 497
9166 498
8172 499
6607 500
2709 501
3450 502
5352 503
5472 504
952 505
3986 506
1149 507
4597 508
1255 509
6607 510
8960 511
329 512
8030 513
8459 514
534 515
6417 516
8981 517
882 518
1571 519
5812 520
626 521
9266 522
7889 523
811 524
6729 525
2847 526
884 527
427 528
1057 529
8609 530
8082 531
5518 532
8477 533
170 534
5537 535
6355 536
5467 537
74 538
5954 539
7398 540
9188 541
514 542
3715 543
3200 544
8204 545
64 546
2790 547
8129 548
2363 549
7812 550
987 551
3399 552
4708 553
8439 554
4974 555
4394 556
1669 557
1707 558
3436 559
5617 560
4062 561
4082 562
1786 563
3145 564
3278 565
4647 566
3400 567
2156 568
8808 569
9416 570
2689 571
9072 572
692 573
1917 574
8128 575
5186 576
1043 577
2521 578
5182 579
730 580
2193 581
2292 582
3123 583
3462 584
7306 585
9474 586
7884 587
2199 588
8990 589
9019 590
2431 591
8147 592
2740 593
5899 594
1507 595
3091 596
1476 597
4164 598
810 599
3574 600
3709 601
5626 602
5760 603
6793 604
4550 605
4994 606
2584 607
646 608
7403 609
4116 610
1967 611
142 612
334 613
8419 614
3308 615
7771 616
7188 617
6988 618
376 619
3880 620
3172 621
436 622
1451 623
6971 624
7390 625
1570 626
7371 627
7162 628
7339 629
1810 630
4095 631
2387 632
1176 633
551 634
7489 635
45 636
8722 637
7296 638
223 639
364 640
7791 641
4145 642
9089 643
8301 644
5971 645
9463 646
3067 647
5863 648
5021 649
3052 650
1376 651
8612 652
6931 653
3805 654
5679 655
7281 656
1915 657
8987 658
504 659
8278 660
4247 661
4155 662
8780 663
6184 664
2775 665
1472 666
4570 667
7080 668
7230 669
6941 670
5594 671
1737 672
6237 673
6311 674
1212 675
6105 676
6062 677
4224 678
1661 679
5182 680
2764 681
3480 682
7982 683
8368 684
4320 685
8500 686
5991 687
7813 688
7050 689
4325 690
6634 691
7714 692
2963 693
7537 694
6918 695
4950 696
6966 697
2394 698
387 699
3893 700
1974 701
9375 702
6601 703
399 704
9026 705
2354 706
4444 707
126 708
6803 709
6890 710
6285 711
7443 712
1477 713
6847 714
8207 715
8760 716
4620 717
8768 718
4985 719
6642 720
4156 721
3957 722
7747 723
5076 724
4882 725
22 726
5312 727
2117 728
7819 729
6936 730
4810 731
2463 732
4440 733
9048 734
2261 735
352 736
8072 737
5083 738
5249 739
293 740
543 741
5867 742
2230 743
3044 744
7838 745
4130 746
3069 747
1871 748
5866 749
1212 750
1402 751
4732 752
7619 753
3409 754
2230 755
7988 756
7862 757
3399 758
7055 759
7999 760
1558 761
351 762
4672 763
1173 764
5967 765
4980 766
4243 767
4659 768
8289 769
6837 770
4227 771
1233 772
719 773
5368 774
6376 775
3847 776
5818 777
8777 778
2759 779
4787 780
4771 781
1892 782
4160 783
1336 784
3163 785
7539 786
1983 787
3533 788
4648 789
6985 790
933 791
788 792
2461 793
1622 794
5420 795
656 796
8237 797
2033 798
1045 799
7902 800
6252 801
5256 802
2445 803
3204 804
1248 805
4619 806
464 807
7496 808
6994 809
6914 810
7681 811
715 812
349 813
7665 814
1423 815
7918 816
8733 817
6349 818
351 819
5197 820
286 821
6390 822
5509 823
7341 824
1376 825
3506 826
8880 827
4025 828
5757 829
2191 830
9019 831
2318 832
2213 833
7045 834
1224 835
8337 836
3361 837
1846 838
7840 839
7587 840
571 841
5420 842
8853 843
6551 844
5749 845
8807 846
2842 847
877 848
612 849
7665 850
2038 851
8784 852
8883 853
1594 854
1629 855
6266 856
1365 857
5776 858
3635 859
8032 860
7669 861
926 862
5965 863
5385 864
6684 865
3070 866
3179 867
6710 868
4385 869
1163 870
7983 871
38 872
452 873
926 874
4536 875
4447 876
7620 877
3328 878
1040 879
8884 880
2805 881
4922 882
8966 883
8571 884
429 885
6120 886
7871 887
1498 888
625 889
9298 890
7152 891
7230 892
9488 893
7942 894
6668 895
8932 896
1924 897
3947 898
5475 899
8938 900
4726 901
729 902
8868 903
4368 904
3398 905
6687 906
3760 907
5502 908
2313 909
8865 910
2106 911
4362 912
2335 913
4908 914
7418 915
369 916
6097 917
5062 918
5520 919
7419 920
2660 921
4717 922
3657 923
6898 924
8197 925
4790 926
5570 927
7072 928
7671 929
1049 930
5857 931
6715 932
4854 933
5808 934
5132 935
8306 936
5256 937
4119 938
7169 939
892 940
5709 941
6014 942
2651 943
2236 944
4104 945
3420 946
3541 947
6442 948
1246 949
