950 600
141 0
5889 1
7804 2
6463 3
5529 4
6748 5
8291 6
441 7
8627 8
7609 9
5708 10
2754 11
2446 12
1362 13
1 14
8635 15
527 16
6459 17
2701 18
4315 19
8121 20
7169 21
4831 22
3438 23
6399 24
9256 25
8089 26
8374 27
5400 28
6919 29
8605 30
1476 31
6879 32
6475 33
8204 34
3157 35
1555 36
147 37
3591 38
7149 39
7454 40
3319 41
5387 42
8430 43
7536 44
28 45
45 46
7657 47
3771 48
98 49
6462 50
8102 51
4523 52
461 53
251 54
1653 55
7237 56
5641 57
8395 58
5707 59
1933 60
6188 61
8458 62
4373 63
1912 64
105 65
5589 66
5135 67
4988 68
3487 69
6826 70
8369 71
3406 72
6727 73
5751 74
6005 75
4729 76
2011 77
1865 78
7976 79
104 80
1893 81
5645 82
1200 83
7249 84
9289 85
8645 86
6211 87
3445 88
6177 89
8871 90
4736 91
2849 92
4522 93
7338 94
1481 95
8543 96
1908 97
3166 98
8380 99
1191 100
8053 101
834 102
133 103
7884 104
4022 105
2022 106
7006 107
7071 108
157 109
8912 110
8535 111
797 112
644 113
2819 114
4240 115
4131 116
3764 117
4671 118
3314 119
8470 120
2587 121
3335 122
9238 123
1306 124
2851 125
9041 126
6068 127
2842 128
2337 129
6969 130
3640 131
2698 132
1297 133
7701 134
4697 135
1787 136
1912 137
4222 138
628 139
8457 140
4029 141
5092 142
2104 143
6468 144
2105 145
8192 146
5454 147
8253 148
4490 149
8772 150
1712 151
5423 152
7256 153
7567 154
3238 155
2295 156
2354 157
3488 158
2323 159
3968 160
7406 161
690 162
1921 163
3324 164
8264 165
3215 166
7259 167
6883 168
1902 169
9411 170
7119 171
2055 172
2249 173
5946 174
6809 175
5575 176
6875 177
7747 178
5942 179
2041 180
2110 181
2712 182
209 183
5432 184
1325 185
7866 186
1680 187
6930 188
5619 189
6699 190
7786 191
1975 192
8400 193
9289 194
3011 195
7741 196
749 197
5841 198
7319 199
8286 200
8907 201
6247 202
5088 203
5482 204
8057 205
5349 206
3414 207
2074 208
8528 209
481 210
4269 211
8381 212
3116 213
1753 214
5956 215
3102 216
7562 217
7041 218
2839 219
7606 220
744 221
5988 222
5646 223
1008 224
9072 225
5242 226
3393 227
4184 228
466 229
6661 230
8739 231
3228 232
758 233
1238 234
4254 235
4223 236
661 237
5502 238
1950 239
1506 240
2062 241
917 242
5021 243
9382 244
9269 245
8262 246
4765 247
7761 248
4190 249
5053 250
1651 251
6398 252
5176 253
7797 254
786 255
1305 256
1999 257
601 258
3165 259
4140 260
8961 261
3315 262
9430 263
8039 264
4571 265
8478 266
335 267
3293 268
4107 269
3352 270
3164 271
8725 272
7899 273
8941 274
2347 275
7859 276
8580 277
4942 278
8164 279
6782 280
3752 281
1500 282
2392 283
7028 284
3710 285
1764 286
6101 287
5049 288
8371 289
469 290
3206 291
4776 292
2029 293
324 294
6417 295
5898 296
2831 297
1517 298
5070 299
8621 300
8405 301
6402 302
5332 303
8868 304
3859 305
7725 306
2947 307
8669 308
6290 309
3623 310
2912 311
1384 312
1039 313
2609 314
5222 315
5024 316
8763 317
1831 318
1838 319
8134 320
1263 321
1630 322
7117 323
4699 324
404 325
2949 326
1462 327
1592 328
5645 329
5877 330
5609 331
4545 332
8281 333
6986 334
700 335
2880 336
9070 337
5392 338
4152 339
5270 340
7547 341
8613 342
3568 343
6213 344
8000 345
1374 346
9148 347
442 348
991 349
1677 350
5531 351
2563 352
8849 353
5785 354
3708 355
8634 356
7723 357
2040 358
5069 359
254 360
8592 361
3435 362
1469 363
9168 364
7773 365
2174 366
8769 367
7887 368
1935 369
2924 370
2213 371
861 372
1367 373
5390 374
362 375
2010 376
370 377
5650 378
7240 379
7561 380
2286 381
5327 382
3135 383
7118 384
4474 385
7179 386
266 387
426 388
59 389
2481 390
4813 391
8788 392
31 393
7571 394
8186 395
5439 396
2051 397
8020 398
9458 399
4486 400
7079 401
1652 402
6258 403
7521 404
2705 405
6748 406
7324 407
3657 408
6460 409
8356 410
2383 411
2425 412
4997 413
2951 414
7955 415
8795 416
4636 417
4313 418
2658 419
4274 420
8197 421
6442 422
8029 423
3168 424
6172 425
5600 426
7059 427
3482 428
5979 429
148 430
1420 431
9369 432
908 433
5359 434
521 435
4270 436
2026 437
7932 438
2890 439
5513 440
6078 441
5076 442
6598 443
2860 444
2860 445
4642 446
5861 447
9281 448
4918 449
9106 450
9067 451
869 452
421 453
7707 454
8255 455
4281 456
3342 457
7328 458
7779 459
2699 460
2044 461
7777 462
8598 463
9411 464
4919 465
7683 466
3226 467
78 468
1758 469
4745 470
2701 471
6017 472
3386 473
7918 474
5034 475
9151 476
183 477
4964 478
3984 479
3105 480
1203 481
6868 482
5534 483
8801 484
7177 485
1872 486
557 487
7790 488
4646 489
7883 490
4690 491
6307 492
1052 493
7511 494
2192 495
428 496
3198 497
6939 498
8579 499
6391 500
259 501
8800 502
6065 503
168 504
6150 505
7025 506
674 507
3050 508
556 509
3423 510
1311 511
8423 512
66 513
4343 514
7535 515
2752 516
7688 517
1846 518
7917 519
5715 520
6370 521
4594 522
7878 523
7512 524
7174 525
687 526
985 527
6025 528
3930 529
74 530
6898 531
678 532
8718 533
5282 534
3284 535
7375 536
5506 537
6112 538
2681 539
8569 540
1327 541
4152 542
1993 543
7938 544
7611 545
7225 546
7237 547
5211 548
8402 549
535 550
7138 551
9399 552
836 553
158 554
1727 555
3104 556
5212 557
1087 558
9387 559
7242 560
6859 561
9194 562
4380 563
7882 564
4088 565
628 566
2211 567
3672 568
5151 569
6194 570
7528 571
110 572
5948 573
343 574
9333 575
6748 576
3421 577
1995 578
186 579
8173 580
4704 581
430 582
2283 583
5510 584
6183 585
966 586
6952 587
52 588
4186 589
5529 590
5693 591
5435 592
5588 593
6574 594
4202 595
7715 596
6781 597
7230 598
4905 599
8227 600
1094 601
9142 602
4618 603
730 604
8740 605
987 606
3335 607
4089 608
5380 609
4556 610
5867 611
7865 612
41 613
2469 614
995 615
961 616
8356 617
3140 618
8072 619
5084 620
1376 621
8849 622
7692 623
4586 624
49 625
1388 626
8032 627
4809 628
5448 629
5609 630
6983 631
2776 632
6649 633
3487 634
911 635
8322 636
6364 637
7852 638
2519 639
2715 640
9098 641
3554 642
1621 643
8248 644
619 645
2988 646
6574 647
1748 648
4248 649
2832 650
6550 651
4615 652
4246 653
6945 654
1282 655
4554 656
8926 657
8999 658
2809 659
8153 660
1059 661
1222 662
3104 663
2737 664
2091 665
3886 666
5985 667
8661 668
4834 669
880 670
8334 671
1704 672
910 673
2889 674
3421 675
1750 676
933 677
3390 678
4004 679
6018 680
1235 681
6403 682
5808 683
2845 684
1865 685
4079 686
6238 687
5133 688
1808 689
7382 690
3300 691
7024 692
5800 693
7022 694
6798 695
1707 696
2443 697
1856 698
111 699
3158 700
9002 701
3815 702
2811 703
1066 704
395 705
389 706
900 707
7596 708
5344 709
481 710
7339 711
8002 712
8921 713
2472 714
8244 715
5909 716
6109 717
8056 718
4166 719
2843 720
4320 721
4564 722
4994 723
679 724
5875 725
7152 726
2591 727
5180 728
7561 729
6806 730
3530 731
5125 732
3579 733
6747 734
7635 735
8304 736
4152 737
2641 738
9478 739
7444 740
4097 741
5261 742
4492 743
4415 744
5178 745
3908 746
3739 747
4453 748
308 749
5247 750
4274 751
7554 752
7680 753
5850 754
9106 755
7995 756
8803 757
7660 758
5721 759
389 760
746 761
8869 762
2565 763
5379 764
3149 765
989 766
4409 767
7006 768
2041 769
473 770
7399 771
5210 772
7424 773
1246 774
117 775
8142 776
4265 777
6501 778
8420 779
9378 780
1913 781
1953 782
8237 783
3708 784
6966 785
8105 786
5651 787
2197 788
390 789
7260 790
6315 791
9424 792
6005 793
2319 794
8870 795
9268 796
5726 797
1722 798
2536 799
1701 800
2776 801
6729 802
2370 803
8085 804
437 805
7884 806
7742 807
4665 808
661 809
4351 810
8850 811
1487 812
4466 813
6904 814
5931 815
8254 816
5408 817
7961 818
5681 819
6606 820
1101 821
8437 822
2242 823
9210 824
7141 825
7693 826
6508 827
8002 828
4090 829
5299 830
6865 831
8259 832
9311 833
1097 834
34 835
1709 836
991 837
5678 838
492 839
7743 840
2622 841
8287 842
7821 843
5610 844
4439 845
9241 846
7624 847
1628 848
8688 849
8625 850
5518 851
8517 852
4295 853
3156 854
2387 855
2052 856
607 857
6942 858
8643 859
200 860
7813 861
6076 862
2359 863
5065 864
1517 865
3976 866
4231 867
1248 868
2294 869
8490 870
415 871
3476 872
3581 873
6909 874
7680 875
314 876
7435 877
2838 878
680 879
7183 880
5793 881
1924 882
3680 883
8452 884
7440 885
7355 886
5282 887
9323 888
2470 889
3543 890
7512 891
9401 892
6875 893
1385 894
1462 895
7626 896
2827 897
3718 898
4877 899
4502 900
5917 901
5157 902
3672 903
2192 904
7747 905
2011 906
6365 907
359 908
2770 909
564 910
5152 911
6923 912
8462 913
2635 914
5446 915
1637 916
5878 917
2058 918
6105 919
2441 920
6113 921
301 922
633 923
6974 924
8024 925
4628 926
4574 927
3344 928
7562 929
5317 930
4377 931
2956 932
920 933
4269 934
7739 935
6624 936
5416 937
5678 938
7698 939
1369 940
5199 941
659 942
4078 943
4870 944
4284 945
7154 946
283 947
4323 948
6272 949
