900 1400
4878 0
7587 1
6624 2
8717 3
5262 4
2327 5
8930 6
4229 7
2272 8
1987 9
7237 10
7290 11
7324 12
6807 13
5371 14
8898 15
4472 16
1607 17
2783 18
2942 19
5334 20
4739 21
470 22
3634 23
4111 24
3667 25
4144 26
4844 27
2148 28
5434 29
4317 30
1777 31
1991 32
8744 33
1567 34
3531 35
687 36
8062 37
487 38
1335 39
4483 40
3378 41
7398 42
7272 43
6409 44
6377 45
355 46
3862 47
1351 48
7510 49
1368 50
1827 51
4598 52
2997 53
2416 54
5394 55
3259 56
4841 57
772 58
2133 59
1158 60
2445 61
982 62
213 63
2551 64
539 65
6035 66
218 67
2096 68
7210 69
4735 70
3530 71
306 72
2901 73
8780 74
8293 75
635 76
4108 77
5878 78
2144 79
6917 80
7323 81
1865 82
5571 83
3312 84
5123 85
2478 86
7663 87
7927 88
7535 89
2330 90
8546 91
4748 92
2997 93
8438 94
3119 95
2709 96
6836 97
2727 98
5110 99
2249 100
5239 101
7390 102
6326 103
6768 104
327 105
6112 106
6037 107
450 108
4817 109
4038 110
7513 111
8591 112
6587 113
8597 114
3968 115
8903 116
3339 117
5456 118
7021 119
4688 120
304 121
6303 122
8211 123
3497 124
4316 125
8640 126
6195 127
579 128
472 129
7258 130
2676 131
505 132
2931 133
8662 134
7040 135
3776 136
729 137
6080 138
4232 139
6714 140
2783 141
6782 142
7762 143
6296 144
1478 145
5024 146
119 147
3216 148
6983 149
2247 150
3314 151
5599 152
4522 153
5429 154
2771 155
5678 156
3382 157
1398 158
6224 159
5979 160
4540 161
1033 162
491 163
8801 164
6185 165
7269 166
6849 167
5556 168
7947 169
3703 170
6120 171
2042 172
4380 173
5490 174
1578 175
5282 176
7794 177
4642 178
2120 179
2570 180
8716 181
8760 182
4950 183
7439 184
6545 185
265 186
6047 187
5919 188
1789 189
1417 190
5032 191
6702 192
320 193
5641 194
3997 195
885 196
1362 197
5999 198
1683 199
8725 200
8145 201
1996 202
2945 203
4840 204
7477 205
3560 206
7360 207
8557 208
1086 209
800 210
7424 211
3748 212
4022 213
8775 214
8561 215
7005 216
92 217
101 218
532 219
5364 220
8677 221
2957 222
1219 223
8291 224
7815 225
214 226
5724 227
7994 228
3339 229
4909 230
2656 231
8087 232
7027 233
7752 234
2397 235
1217 236
6365 237
8259 238
6832 239
843 240
4443 241
2262 242
442 243
3198 244
1954 245
2119 246
4286 247
2336 248
1967 249
6259 250
6585 251
1001 252
2382 253
6648 254
7041 255
8677 256
7431 257
7649 258
462 259
3132 260
4848 261
8174 262
4645 263
7224 264
1167 265
3408 266
7182 267
7101 268
8401 269
7568 270
3862 271
8249 272
5766 273
1271 274
131 275
643 276
27 277
8566 278
6344 279
1066 280
6161 281
2475 282
4279 283
1808 284
1044 285
3171 286
346 287
448 288
1791 289
2687 290
6233 291
2934 292
5025 293
4016 294
7648 295
7469 296
4096 297
2161 298
7850 299
6761 300
5234 301
1605 302
3390 303
3298 304
746 305
6689 306
7656 307
7374 308
5406 309
6028 310
3835 311
8074 312
7277 313
7458 314
876 315
8476 316
4779 317
4667 318
2157 319
4488 320
7483 321
3674 322
7436 323
8984 324
8056 325
5079 326
6508 327
8054 328
3993 329
2561 330
7349 331
3489 332
4037 333
4376 334
2045 335
4302 336
266 337
7114 338
1529 339
4833 340
8506 341
124 342
7074 343
7388 344
43 345
3981 346
3528 347
4128 348
557 349
2430 350
1288 351
1726 352
7148 353
2742 354
1432 355
6809 356
7997 357
2634 358
2292 359
3097 360
937 361
1559 362
7568 363
6427 364
8989 365
8533 366
5242 367
4515 368
3758 369
1187 370
3606 371
1349 372
129 373
124 374
6220 375
2493 376
1941 377
554 378
4691 379
7241 380
4559 381
7068 382
6314 383
4417 384
2501 385
7576 386
5774 387
2220 388
4309 389
7707 390
8794 391
4032 392
2633 393
567 394
3930 395
1085 396
1979 397
1747 398
1098 399
291 400
7230 401
8506 402
1733 403
6543 404
1538 405
6022 406
7635 407
1520 408
7235 409
5150 410
2192 411
4275 412
388 413
424 414
4911 415
3223 416
4863 417
2778 418
3232 419
6540 420
7020 421
3089 422
1240 423
4406 424
6320 425
712 426
1843 427
4161 428
2883 429
1661 430
4224 431
6914 432
1589 433
8057 434
807 435
4460 436
3493 437
6463 438
1826 439
8807 440
329 441
134 442
386 443
6448 444
2629 445
5615 446
4063 447
5579 448
4401 449
5529 450
2690 451
1965 452
962 453
2015 454
4608 455
8774 456
8026 457
5389 458
2858 459
2465 460
7605 461
1044 462
7770 463
7947 464
7265 465
6498 466
8461 467
7740 468
6460 469
8949 470
7381 471
8003 472
2636 473
760 474
7653 475
6664 476
1687 477
4460 478
3643 479
302 480
5074 481
3574 482
1437 483
2594 484
8657 485
8931 486
5851 487
2210 488
2010 489
4393 490
1047 491
1071 492
7061 493
1541 494
8227 495
7581 496
8637 497
4931 498
5103 499
5812 500
422 501
8672 502
7020 503
942 504
6662 505
2568 506
4526 507
7717 508
1787 509
2755 510
3172 511
4871 512
579 513
6205 514
6050 515
8576 516
2202 517
8730 518
1015 519
5829 520
905 521
8235 522
501 523
4906 524
1632 525
8470 526
6650 527
1068 528
746 529
683 530
562 531
7584 532
4088 533
3744 534
8142 535
1098 536
8088 537
602 538
2422 539
8403 540
4093 541
1636 542
5895 543
8012 544
1066 545
3437 546
3016 547
8617 548
1084 549
4228 550
4914 551
6122 552
3017 553
7460 554
7131 555
4897 556
4397 557
1173 558
7475 559
192 560
2617 561
6115 562
4815 563
7593 564
6883 565
2611 566
8264 567
5557 568
7255 569
8156 570
7946 571
5486 572
6875 573
1104 574
2740 575
3509 576
429 577
1522 578
8875 579
4745 580
8891 581
2762 582
7515 583
4257 584
4566 585
1450 586
4985 587
716 588
5327 589
7304 590
5215 591
5616 592
1733 593
8784 594
8989 595
4596 596
4438 597
425 598
5093 599
7608 600
7563 601
8861 602
6136 603
3786 604
1406 605
3221 606
1165 607
6451 608
1134 609
1596 610
2520 611
6496 612
5392 613
1018 614
3435 615
1200 616
7850 617
8366 618
8744 619
2420 620
1075 621
6092 622
6106 623
6188 624
2529 625
1639 626
1690 627
5501 628
4800 629
6147 630
940 631
1619 632
8626 633
1674 634
963 635
3341 636
8045 637
1471 638
5938 639
8152 640
2162 641
49 642
5256 643
6224 644
8935 645
1099 646
2596 647
1097 648
4550 649
4426 650
3166 651
7938 652
2924 653
1406 654
3380 655
2089 656
4251 657
8888 658
6800 659
4987 660
5030 661
5884 662
4075 663
2717 664
2727 665
7535 666
6936 667
6203 668
6639 669
1594 670
1083 671
8743 672
4368 673
3767 674
4705 675
252 676
3120 677
2711 678
1104 679
5531 680
5560 681
897 682
8922 683
34 684
7476 685
2020 686
5041 687
8603 688
7 689
4537 690
1252 691
8672 692
219 693
6025 694
4198 695
1235 696
2671 697
979 698
5692 699
6426 700
7159 701
5559 702
790 703
5586 704
5561 705
3208 706
7698 707
5861 708
6194 709
6927 710
735 711
4162 712
1701 713
4611 714
7127 715
5941 716
4481 717
1583 718
1898 719
5125 720
4217 721
5327 722
1161 723
1788 724
5684 725
697 726
3663 727
3317 728
4628 729
272 730
3332 731
2500 732
3120 733
4878 734
6076 735
3691 736
8337 737
4319 738
1263 739
7142 740
940 741
1612 742
4279 743
8676 744
1221 745
3482 746
1478 747
4342 748
6509 749
4823 750
2174 751
7321 752
3707 753
4584 754
8116 755
3521 756
3343 757
6374 758
5149 759
3622 760
4143 761
4116 762
1088 763
543 764
5577 765
4503 766
4516 767
5126 768
7405 769
2470 770
8775 771
7707 772
72 773
8222 774
7178 775
3423 776
7997 777
8 778
8379 779
8873 780
5108 781
455 782
3359 783
5660 784
659 785
7499 786
6689 787
3441 788
4456 789
6112 790
282 791
2840 792
1195 793
5847 794
2105 795
3196 796
692 797
229 798
2702 799
7255 800
5064 801
2128 802
4689 803
3562 804
8149 805
2899 806
5616 807
7277 808
1444 809
1415 810
1051 811
8060 812
3690 813
6351 814
4211 815
7056 816
2624 817
5415 818
8641 819
2930 820
2725 821
5662 822
6838 823
7881 824
5304 825
4093 826
2356 827
6771 828
4434 829
6985 830
5279 831
7594 832
2567 833
2784 834
3063 835
519 836
7855 837
8622 838
2747 839
540 840
3504 841
908 842
4894 843
3052 844
1655 845
3682 846
6608 847
3764 848
2082 849
4986 850
8562 851
5847 852
3134 853
4180 854
8242 855
755 856
7993 857
2734 858
264 859
412 860
6918 861
3122 862
3081 863
2609 864
6776 865
3091 866
966 867
4096 868
6763 869
1846 870
6248 871
340 872
5101 873
5745 874
8443 875
3696 876
3256 877
434 878
7625 879
3702 880
915 881
182 882
7651 883
2359 884
1382 885
1971 886
5024 887
4536 888
2665 889
4784 890
8174 891
2296 892
5409 893
7593 894
7377 895
8107 896
4290 897
3259 898
2916 899
