950 100
8411 0
7103 1
9244 2
2424 3
3733 4
1593 5
3114 6
8907 7
8043 8
7865 9
4128 10
7885 11
302 12
8957 13
5390 14
7746 15
7832 16
4948 17
7823 18
7030 19
7839 20
4507 21
1879 22
3858 23
3992 24
1572 25
4020 26
3436 27
2924 28
192 29
6955 30
5756 31
3218 32
2942 33
4274 34
4222 35
8690 36
8009 37
5866 38
5703 39
5270 40
5649 41
2237 42
6841 43
8856 44
8061 45
4501 46
9258 47
9195 48
102 49
7032 50
3875 51
3786 52
937 53
8151 54
714 55
6337 56
125 57
3193 58
7247 59
677 60
306 61
2348 62
481 63
4354 64
7454 65
2622 66
4838 67
587 68
7894 69
7240 70
9058 71
9428 72
3301 73
3072 74
7559 75
1668 76
2364 77
600 78
2637 79
5299 80
7673 81
2957 82
3974 83
198 84
2790 85
5438 86
240 87
820 88
3988 89
6585 90
8965 91
182 92
1319 93
2192 94
9226 95
4340 96
8662 97
5234 98
3423 99
7869 100
7292 101
5769 102
3093 103
4491 104
4208 105
6415 106
2615 107
4433 108
737 109
783 110
2574 111
8936 112
1326 113
4179 114
7399 115
8672 116
7804 117
4528 118
90 119
7907 120
2204 121
1941 122
7247 123
6568 124
3943 125
3674 126
4786 127
7554 128
8605 129
3412 130
403 131
9042 132
8904 133
8055 134
5175 135
1852 136
3057 137
5237 138
306 139
4549 140
2152 141
3765 142
6794 143
8721 144
9049 145
1894 146
6091 147
2080 148
4244 149
1204 150
7573 151
2377 152
708 153
619 154
7027 155
7702 156
1876 157
7403 158
8347 159
6703 160
5427 161
4012 162
9224 163
5816 164
2303 165
3370 166
5146 167
2568 168
5747 169
1089 170
4896 171
3792 172
8458 173
1835 174
6389 175
6925 176
1920 177
5060 178
7613 179
5380 180
1076 181
5950 182
7525 183
4991 184
4052 185
8591 186
2476 187
6666 188
7497 189
5713 190
3064 191
8877 192
6709 193
5743 194
838 195
1499 196
5767 197
2142 198
812 199
1632 200
7131 201
5929 202
851 203
6601 204
7280 205
2407 206
6237 207
3262 208
3306 209
1034 210
3280 211
2526 212
989 213
1823 214
1817 215
3174 216
5127 217
6410 218
899 219
8148 220
3771 221
2104 222
8235 223
4813 224
6948 225
7330 226
7581 227
2992 228
4557 229
8968 230
4197 231
2412 232
7778 233
9357 234
2656 235
6573 236
1865 237
4581 238
1602 239
8203 240
793 241
942 242
8004 243
4806 244
3769 245
237 246
4034 247
6628 248
6542 249
5175 250
1441 251
339 252
2998 253
2174 254
6072 255
4560 256
1353 257
360 258
8937 259
4327 260
214 261
7592 262
6402 263
3209 264
2779 265
8386 266
724 267
4813 268
2147 269
4105 270
2228 271
3013 272
3122 273
6244 274
5804 275
9497 276
7476 277
4344 278
4725 279
5125 280
1714 281
194 282
1592 283
6101 284
6867 285
52 286
1558 287
2202 288
4359 289
8929 290
1424 291
1488 292
504 293
7125 294
9184 295
1036 296
1215 297
6599 298
4797 299
8240 300
9114 301
6649 302
6857 303
3239 304
2364 305
681 306
9182 307
9162 308
2557 309
1318 310
2652 311
1137 312
3026 313
514 314
6508 315
9316 316
5503 317
9149 318
4650 319
1158 320
2555 321
1432 322
2466 323
7545 324
8185 325
1087 326
4359 327
7251 328
2554 329
2484 330
272 331
6055 332
9256 333
3000 334
1091 335
9458 336
5340 337
8809 338
6778 339
4685 340
9114 341
8958 342
8013 343
3030 344
1725 345
3062 346
7537 347
1569 348
8024 349
250 350
5196 351
120 352
8214 353
6275 354
5605 355
4878 356
8274 357
3829 358
9454 359
2158 360
761 361
8228 362
7902 363
4796 364
5485 365
5732 366
2158 367
1757 368
5515 369
7735 370
2338 371
7148 372
4717 373
527 374
4158 375
72 376
6575 377
4015 378
7587 379
3015 380
6236 381
8636 382
6780 383
2229 384
8836 385
3898 386
7688 387
4897 388
2905 389
4873 390
1631 391
8587 392
4765 393
8861 394
9488 395
2787 396
895 397
8839 398
7396 399
7773 400
1172 401
7437 402
8295 403
5817 404
6343 405
788 406
6386 407
1950 408
907 409
6992 410
2805 411
5782 412
4838 413
4112 414
8256 415
1820 416
5223 417
5438 418
4866 419
5467 420
9246 421
3584 422
710 423
3171 424
1692 425
5622 426
4225 427
2265 428
8972 429
2314 430
407 431
7304 432
8835 433
7630 434
3596 435
7538 436
4268 437
7118 438
4118 439
4202 440
8105 441
5658 442
791 443
8941 444
8559 445
7912 446
172 447
2251 448
4096 449
3386 450
6114 451
1766 452
8928 453
5664 454
7096 455
3771 456
9462 457
7344 458
794 459
1735 460
3188 461
1614 462
5741 463
4426 464
6184 465
7187 466
7787 467
5056 468
3337 469
6860 470
7356 471
603 472
814 473
1334 474
2670 475
1490 476
7175 477
7047 478
6474 479
7167 480
7840 481
8856 482
2247 483
7479 484
5619 485
5793 486
2250 487
4654 488
312 489
1413 490
8018 491
1031 492
1299 493
9200 494
5333 495
4074 496
3240 497
2755 498
5269 499
7100 500
1825 501
2470 502
6438 503
9056 504
3152 505
8679 506
7383 507
8814 508
7465 509
5039 510
4286 511
7743 512
2654 513
1858 514
48 515
7549 516
2448 517
2936 518
4691 519
3710 520
2072 521
2672 522
9415 523
2235 524
1201 525
3140 526
5209 527
8097 528
7520 529
8612 530
3591 531
5918 532
2283 533
6231 534
8813 535
3648 536
7372 537
5935 538
707 539
6796 540
7670 541
3313 542
3070 543
8188 544
8691 545
1574 546
4195 547
9413 548
2123 549
8080 550
3424 551
7575 552
7283 553
6855 554
4888 555
4442 556
4482 557
4422 558
1831 559
6730 560
3851 561
6860 562
5489 563
2478 564
5845 565
6179 566
3539 567
2549 568
1198 569
7648 570
3734 571
1114 572
2645 573
1541 574
5974 575
4712 576
506 577
8831 578
6014 579
1656 580
915 581
6658 582
8702 583
8503 584
2676 585
1094 586
8252 587
1726 588
1217 589
6671 590
2260 591
9450 592
2290 593
3097 594
4541 595
2510 596
6999 597
3073 598
513 599
4249 600
3590 601
6730 602
8925 603
3860 604
5081 605
5299 606
3421 607
6956 608
2350 609
737 610
7879 611
8475 612
6032 613
8392 614
2146 615
4537 616
9361 617
6231 618
7193 619
2397 620
7179 621
1966 622
3479 623
966 624
5755 625
4901 626
3667 627
8897 628
2629 629
4771 630
6872 631
5131 632
8182 633
615 634
946 635
2800 636
8932 637
503 638
6418 639
7728 640
1225 641
3651 642
4957 643
7855 644
9150 645
6721 646
9384 647
8889 648
7537 649
8291 650
9447 651
8312 652
4154 653
5126 654
243 655
84 656
4435 657
7336 658
7889 659
4158 660
9459 661
279 662
6508 663
4487 664
7295 665
5388 666
4999 667
1385 668
772 669
7848 670
5096 671
1652 672
8565 673
6851 674
5038 675
7439 676
8139 677
3286 678
5850 679
410 680
2577 681
5190 682
3143 683
2334 684
951 685
7779 686
2870 687
2931 688
5805 689
7761 690
96 691
71 692
2720 693
4156 694
9221 695
6385 696
9311 697
2014 698
4890 699
6116 700
5741 701
2682 702
5159 703
6411 704
7245 705
6121 706
3198 707
4260 708
1695 709
1017 710
8124 711
6504 712
6558 713
7154 714
6961 715
4006 716
2372 717
4059 718
4722 719
9059 720
6641 721
5166 722
8285 723
3458 724
681 725
8830 726
6375 727
7875 728
706 729
6598 730
3244 731
9080 732
4126 733
201 734
8301 735
9324 736
2922 737
4910 738
9312 739
5130 740
7820 741
2985 742
8123 743
7882 744
5243 745
5032 746
9138 747
5254 748
7939 749
5352 750
9194 751
8221 752
4799 753
2321 754
67 755
5530 756
8049 757
7351 758
2485 759
5130 760
1877 761
1640 762
7002 763
2633 764
5461 765
6203 766
9000 767
6814 768
4779 769
7457 770
8981 771
2789 772
2598 773
9241 774
2911 775
7480 776
5995 777
6838 778
8375 779
1768 780
9072 781
5805 782
5904 783
1733 784
3222 785
4666 786
6084 787
730 788
8923 789
7391 790
2801 791
1474 792
1183 793
2786 794
8257 795
4304 796
6221 797
3377 798
7584 799
4688 800
9236 801
357 802
371 803
1688 804
5798 805
6023 806
6619 807
728 808
9296 809
3001 810
9065 811
2598 812
1721 813
1633 814
446 815
3291 816
8018 817
5525 818
6768 819
1313 820
227 821
2017 822
6624 823
7836 824
4397 825
7368 826
9224 827
2737 828
2812 829
9039 830
4399 831
3722 832
7796 833
5419 834
7052 835
6722 836
2360 837
4087 838
3666 839
796 840
5912 841
7099 842
687 843
4641 844
8546 845
2161 846
8070 847
6475 848
2124 849
9438 850
3313 851
1521 852
1612 853
5346 854
6452 855
2405 856
3385 857
3786 858
6606 859
217 860
152 861
2457 862
565 863
2858 864
5184 865
8616 866
9456 867
4465 868
2572 869
6946 870
7817 871
7373 872
4187 873
2782 874
181 875
4406 876
1636 877
4805 878
5034 879
5782 880
2575 881
7707 882
3818 883
9146 884
4626 885
5265 886
4633 887
4258 888
3952 889
1875 890
3106 891
3972 892
586 893
8969 894
969 895
5585 896
9180 897
3263 898
3414 899
4419 900
5712 901
8484 902
1397 903
171 904
7367 905
2120 906
5986 907
8882 908
5872 909
3482 910
4719 911
8605 912
357 913
1700 914
4632 915
8139 916
6238 917
4877 918
5820 919
8695 920
4263 921
5150 922
3162 923
663 924
8960 925
8739 926
630 927
653 928
8343 929
7246 930
4196 931
8908 932
1063 933
7481 934
1035 935
6410 936
8921 937
738 938
2719 939
4258 940
2894 941
4827 942
3944 943
7607 944
2823 945
3697 946
8809 947
4301 948
2963 949
