950 450
8669 0
1035 1
8702 2
407 3
8629 4
1832 5
6256 6
2544 7
2713 8
7242 9
5966 10
2562 11
5159 12
8778 13
5987 14
1184 15
4354 16
10 17
7043 18
4049 19
5243 20
6058 21
8282 22
5760 23
870 24
5970 25
1869 26
170 27
3412 28
8643 29
5313 30
2029 31
7759 32
2496 33
3912 34
6572 35
9265 36
8286 37
8497 38
4757 39
5908 40
2072 41
4983 42
4561 43
188 44
2956 45
5545 46
6222 47
3798 48
1574 49
1833 50
8884 51
3810 52
6751 53
4772 54
4025 55
5716 56
1686 57
15 58
5268 59
2562 60
955 61
9187 62
3569 63
5633 64
5180 65
3873 66
5465 67
3691 68
5583 69
1090 70
7372 71
2129 72
415 73
7982 74
4395 75
8156 76
8370 77
7536 78
4734 79
6845 80
5919 81
2542 82
6838 83
4161 84
3126 85
2278 86
6472 87
1125 88
8555 89
1244 90
2381 91
17 92
5316 93
9293 94
2990 95
1914 96
2162 97
2493 98
4615 99
8357 100
5388 101
122 102
2757 103
6870 104
955 105
8648 106
3810 107
6699 108
4056 109
8993 110
6374 111
8940 112
8825 113
1312 114
217 115
2063 116
7861 117
6717 118
2119 119
5421 120
8613 121
8604 122
2005 123
7831 124
2634 125
2317 126
7530 127
248 128
8400 129
5465 130
4763 131
3963 132
8245 133
4720 134
4346 135
9421 136
3350 137
1081 138
3456 139
8860 140
6448 141
740 142
9481 143
7970 144
8748 145
6783 146
3648 147
8628 148
6843 149
8574 150
4108 151
8291 152
6776 153
1848 154
7599 155
1025 156
6078 157
1595 158
413 159
4115 160
9396 161
6984 162
9017 163
1517 164
8851 165
7684 166
6282 167
1760 168
7757 169
1366 170
8523 171
7743 172
1434 173
3795 174
4267 175
3528 176
7836 177
5036 178
2752 179
4243 180
3849 181
3315 182
458 183
8096 184
5179 185
4006 186
310 187
274 188
3729 189
8653 190
2697 191
6413 192
5051 193
4199 194
9263 195
8576 196
3027 197
3048 198
266 199
5156 200
5695 201
425 202
2478 203
1957 204
4670 205
6810 206
3651 207
2804 208
1823 209
3871 210
7577 211
8436 212
3490 213
4399 214
1621 215
7110 216
6785 217
5904 218
5146 219
8230 220
5692 221
8933 222
1328 223
8528 224
7430 225
7594 226
6801 227
2340 228
1583 229
3882 230
4036 231
2129 232
6587 233
7772 234
235 235
2315 236
3009 237
8358 238
4257 239
1576 240
1259 241
5675 242
2732 243
3192 244
155 245
4148 246
6381 247
4624 248
3681 249
5728 250
1085 251
8725 252
1977 253
1821 254
7367 255
2356 256
1546 257
3165 258
2754 259
1684 260
200 261
6147 262
3376 263
2654 264
1294 265
5382 266
1052 267
9297 268
6960 269
3563 270
5982 271
7592 272
2427 273
4078 274
8380 275
3840 276
6544 277
1513 278
4039 279
7722 280
8662 281
8444 282
1725 283
1685 284
3456 285
6197 286
8944 287
1807 288
1913 289
7573 290
793 291
4952 292
7800 293
4297 294
5438 295
4598 296
8267 297
5526 298
5646 299
4118 300
1169 301
4845 302
2195 303
2162 304
8943 305
3309 306
6818 307
3815 308
7525 309
6396 310
3497 311
6965 312
8858 313
6036 314
1734 315
5035 316
7459 317
8635 318
1218 319
1627 320
6501 321
1026 322
7969 323
7145 324
3656 325
957 326
2859 327
2516 328
7889 329
5637 330
4490 331
4562 332
377 333
1108 334
7746 335
6589 336
3519 337
775 338
4916 339
3522 340
731 341
8211 342
6290 343
7881 344
1188 345
8291 346
4434 347
9395 348
1473 349
1914 350
597 351
5148 352
5791 353
485 354
3650 355
6166 356
9217 357
1891 358
2872 359
1930 360
3268 361
2810 362
1380 363
4084 364
2075 365
6334 366
3693 367
6900 368
92 369
455 370
3431 371
3331 372
1876 373
8702 374
8184 375
8443 376
8740 377
2685 378
400 379
2978 380
390 381
3614 382
9235 383
345 384
7095 385
543 386
5893 387
7030 388
4712 389
3778 390
6179 391
758 392
4078 393
8699 394
5904 395
8223 396
2785 397
3033 398
5650 399
8261 400
9025 401
1562 402
4754 403
1183 404
8974 405
6964 406
8815 407
5161 408
1051 409
7037 410
8383 411
3171 412
2749 413
2157 414
4380 415
2245 416
8048 417
5071 418
4273 419
1538 420
2013 421
851 422
9296 423
7773 424
5452 425
1539 426
8300 427
4444 428
137 429
3179 430
6654 431
180 432
6826 433
3519 434
8350 435
677 436
8256 437
7681 438
2689 439
2601 440
795 441
9496 442
785 443
5693 444
6005 445
1866 446
7210 447
4803 448
7624 449
6353 450
6010 451
7119 452
1249 453
3481 454
1252 455
7243 456
8334 457
3513 458
1080 459
6564 460
143 461
4631 462
7924 463
2193 464
8494 465
3766 466
6995 467
1985 468
5303 469
1832 470
3989 471
1791 472
121 473
4448 474
4017 475
2837 476
877 477
6327 478
510 479
582 480
2850 481
5076 482
2282 483
3285 484
8189 485
65 486
5148 487
3792 488
902 489
4305 490
5723 491
3686 492
8412 493
7491 494
7171 495
1107 496
6580 497
9112 498
8295 499
587 500
2657 501
7396 502
3279 503
5848 504
522 505
5656 506
2566 507
6736 508
3581 509
6415 510
2444 511
6641 512
8190 513
3946 514
4782 515
6407 516
5127 517
2077 518
3466 519
9058 520
7669 521
8764 522
2860 523
1711 524
4836 525
1004 526
3571 527
6024 528
9264 529
7399 530
397 531
9127 532
6334 533
3768 534
3588 535
107 536
1157 537
339 538
2605 539
3740 540
6879 541
608 542
1001 543
6261 544
2984 545
9333 546
6890 547
4658 548
1077 549
8607 550
8605 551
573 552
9021 553
1665 554
2736 555
6674 556
8851 557
918 558
7730 559
4178 560
4463 561
3945 562
6395 563
4540 564
6065 565
9423 566
6356 567
3945 568
3338 569
4749 570
3457 571
1628 572
2614 573
1961 574
271 575
4810 576
9394 577
1133 578
6392 579
8471 580
6027 581
1492 582
2989 583
4095 584
272 585
8062 586
8814 587
2445 588
3883 589
6083 590
1067 591
1488 592
8598 593
7018 594
6706 595
7135 596
6631 597
4330 598
1512 599
5142 600
6300 601
5891 602
4808 603
5335 604
5647 605
6366 606
1315 607
6519 608
9306 609
401 610
8384 611
5026 612
2637 613
3828 614
3835 615
3981 616
4379 617
6429 618
3135 619
7630 620
4742 621
4250 622
8573 623
3991 624
556 625
5420 626
4771 627
5354 628
7018 629
2945 630
7149 631
3663 632
9339 633
8178 634
2442 635
9335 636
1810 637
2918 638
5386 639
2049 640
2466 641
3458 642
3800 643
2379 644
1462 645
4764 646
6426 647
983 648
229 649
7258 650
8968 651
1774 652
6893 653
6199 654
3042 655
8930 656
5186 657
3026 658
7541 659
861 660
6774 661
6310 662
7238 663
8696 664
6899 665
4571 666
4126 667
1840 668
8589 669
7231 670
3743 671
5716 672
5976 673
2872 674
6078 675
3816 676
1981 677
7582 678
8108 679
7989 680
6437 681
7291 682
214 683
417 684
6307 685
241 686
7125 687
6000 688
7430 689
9427 690
827 691
5692 692
7305 693
7912 694
3403 695
6182 696
9127 697
5569 698
4872 699
5634 700
3204 701
3889 702
326 703
3327 704
3706 705
875 706
7067 707
7529 708
3694 709
470 710
6394 711
7544 712
6826 713
3392 714
4125 715
8287 716
9316 717
7633 718
2792 719
5433 720
4584 721
8885 722
998 723
112 724
2845 725
431 726
1489 727
8008 728
4933 729
3070 730
3405 731
905 732
7784 733
8959 734
7549 735
7785 736
3719 737
8067 738
5562 739
8722 740
2087 741
4474 742
4791 743
6621 744
2225 745
1898 746
436 747
7788 748
8044 749
874 750
6587 751
432 752
4435 753
5630 754
9357 755
4829 756
7176 757
8337 758
3992 759
8815 760
1938 761
4878 762
6030 763
4292 764
3198 765
8051 766
1228 767
4771 768
5889 769
5163 770
6738 771
2321 772
2342 773
7790 774
1346 775
7819 776
8729 777
1003 778
6165 779
8776 780
9192 781
540 782
366 783
5009 784
2621 785
4818 786
7819 787
1845 788
5242 789
5214 790
6300 791
3387 792
6973 793
8028 794
5106 795
35 796
3654 797
2795 798
5735 799
9453 800
1827 801
2303 802
7289 803
4650 804
6623 805
2886 806
7708 807
8011 808
4402 809
286 810
9354 811
8202 812
4659 813
4900 814
1562 815
546 816
6463 817
9398 818
9476 819
7127 820
5131 821
1537 822
9118 823
672 824
3554 825
2425 826
5704 827
7181 828
4604 829
816 830
1128 831
9271 832
7185 833
3635 834
593 835
1177 836
6193 837
5117 838
4443 839
6534 840
3060 841
3749 842
5617 843
3327 844
407 845
5241 846
3871 847
5245 848
5085 849
5104 850
6889 851
315 852
575 853
5826 854
4850 855
1458 856
3488 857
45 858
5381 859
5297 860
5060 861
952 862
2599 863
8138 864
8325 865
603 866
4288 867
2511 868
5744 869
6410 870
4834 871
6415 872
5225 873
9229 874
245 875
3012 876
6682 877
1033 878
6330 879
257 880
3122 881
6646 882
5641 883
6691 884
2128 885
639 886
4176 887
1479 888
8739 889
6480 890
896 891
544 892
4235 893
84 894
3692 895
8432 896
6833 897
2696 898
7485 899
8202 900
5476 901
8953 902
2262 903
8007 904
337 905
274 906
4319 907
814 908
396 909
2695 910
1583 911
6501 912
4775 913
7157 914
2240 915
8133 916
6684 917
3864 918
5939 919
7612 920
6814 921
8343 922
4093 923
4921 924
543 925
2619 926
2921 927
5016 928
6394 929
1241 930
6822 931
1849 932
9429 933
4842 934
4487 935
4656 936
5979 937
970 938
2066 939
7905 940
2040 941
6839 942
6118 943
1991 944
6515 945
7668 946
8892 947
2134 948
36 949
