900 1250
2743 0
8414 1
3962 2
4588 3
8895 4
3856 5
7368 6
5226 7
3832 8
8040 9
1972 10
1655 11
385 12
3861 13
6212 14
6197 15
6769 16
4505 17
4851 18
3342 19
1696 20
2383 21
6465 22
3385 23
4078 24
7460 25
3651 26
3189 27
8528 28
2333 29
8983 30
3765 31
3084 32
2936 33
1925 34
55 35
4092 36
4826 37
3084 38
8139 39
3269 40
6265 41
813 42
5149 43
1693 44
5645 45
5598 46
7664 47
4254 48
882 49
7038 50
7056 51
792 52
4433 53
6575 54
7783 55
6194 56
2020 57
3203 58
1854 59
1982 60
2181 61
5842 62
1019 63
8814 64
8144 65
3612 66
7292 67
2218 68
423 69
4922 70
1096 71
306 72
3533 73
5497 74
8501 75
4132 76
7678 77
7560 78
6878 79
7885 80
6319 81
4724 82
1638 83
3925 84
3994 85
4053 86
3661 87
4714 88
6060 89
8332 90
8524 91
1521 92
7541 93
895 94
360 95
7387 96
5599 97
6489 98
6570 99
1729 100
2213 101
5057 102
4427 103
7613 104
3087 105
855 106
2163 107
8348 108
1135 109
6806 110
605 111
4810 112
5553 113
8562 114
6320 115
6874 116
7288 117
1344 118
144 119
8900 120
8702 121
3929 122
3044 123
3363 124
648 125
35 126
4971 127
4018 128
7713 129
3362 130
608 131
6630 132
4647 133
6185 134
7369 135
4990 136
8261 137
6489 138
3845 139
5194 140
6244 141
8758 142
1984 143
8891 144
4286 145
5862 146
7954 147
1546 148
5777 149
3954 150
3857 151
1449 152
5188 153
4514 154
8762 155
6694 156
4070 157
4017 158
6771 159
6794 160
3957 161
366 162
7786 163
8472 164
8635 165
4040 166
7819 167
392 168
982 169
430 170
8599 171
1831 172
579 173
2638 174
1038 175
6837 176
7078 177
1643 178
7751 179
5944 180
8761 181
2269 182
8861 183
7346 184
6249 185
6011 186
6954 187
4826 188
3594 189
4533 190
340 191
3753 192
2568 193
6271 194
6830 195
6943 196
6080 197
3669 198
1194 199
8081 200
2759 201
1752 202
8280 203
665 204
3529 205
7872 206
2361 207
569 208
7114 209
7659 210
6334 211
6011 212
4069 213
641 214
3761 215
2160 216
623 217
7165 218
8275 219
3805 220
7190 221
4585 222
7237 223
4414 224
2511 225
5371 226
1484 227
4140 228
6638 229
4660 230
2876 231
6911 232
7400 233
1058 234
4049 235
5514 236
7055 237
7804 238
4830 239
3700 240
7545 241
2319 242
5505 243
1964 244
2881 245
3720 246
5548 247
2366 248
6881 249
8390 250
8952 251
4186 252
6285 253
3823 254
970 255
5300 256
3883 257
2815 258
2122 259
3731 260
6166 261
593 262
8565 263
1146 264
679 265
1939 266
820 267
6537 268
7370 269
2254 270
3067 271
287 272
4500 273
5199 274
3027 275
7348 276
4005 277
7717 278
2181 279
1380 280
7714 281
7710 282
1047 283
8895 284
8623 285
4331 286
2212 287
4373 288
5827 289
5570 290
6724 291
7002 292
2954 293
734 294
5884 295
845 296
5482 297
1418 298
7298 299
25 300
7153 301
2748 302
7658 303
7829 304
5041 305
4060 306
5191 307
2283 308
7836 309
2990 310
580 311
8613 312
204 313
4803 314
4137 315
4707 316
7990 317
6799 318
8713 319
610 320
6325 321
1153 322
6480 323
3811 324
6768 325
4836 326
5840 327
5766 328
2177 329
8488 330
2537 331
6691 332
4175 333
115 334
5256 335
2758 336
892 337
2497 338
4981 339
5471 340
2522 341
2359 342
1826 343
8141 344
4292 345
4490 346
102 347
1615 348
4359 349
6009 350
5813 351
3665 352
213 353
4536 354
6402 355
114 356
278 357
6340 358
3938 359
5173 360
1390 361
1894 362
8889 363
1269 364
3490 365
3282 366
1913 367
3899 368
2729 369
2881 370
7208 371
6467 372
922 373
4029 374
3633 375
7430 376
4571 377
5638 378
4139 379
2630 380
2232 381
8304 382
5935 383
557 384
6906 385
7963 386
5615 387
7362 388
4052 389
2808 390
7946 391
8364 392
2499 393
684 394
3855 395
3329 396
4884 397
4028 398
7296 399
5752 400
3253 401
4507 402
4259 403
5670 404
2527 405
8271 406
8048 407
408 408
7071 409
6019 410
151 411
8731 412
459 413
381 414
3072 415
114 416
6202 417
2681 418
3874 419
4105 420
6942 421
2970 422
67 423
2688 424
8650 425
2257 426
263 427
6191 428
6747 429
2178 430
5261 431
6523 432
592 433
350 434
3069 435
84 436
885 437
6375 438
1491 439
4756 440
8192 441
7194 442
7318 443
5964 444
8755 445
7215 446
4774 447
6978 448
240 449
3902 450
2464 451
2842 452
3853 453
1167 454
8513 455
427 456
4956 457
560 458
899 459
3544 460
4472 461
811 462
7722 463
4712 464
6490 465
6915 466
4593 467
8785 468
6903 469
3418 470
7790 471
5025 472
287 473
6139 474
6104 475
5696 476
5212 477
7186 478
14 479
1737 480
4885 481
7523 482
94 483
1050 484
4706 485
1957 486
3306 487
4235 488
530 489
4753 490
7113 491
8218 492
3088 493
5483 494
5997 495
6372 496
6606 497
4912 498
8089 499
8946 500
6345 501
6116 502
7835 503
4675 504
1644 505
740 506
4258 507
968 508
1712 509
7049 510
6550 511
3397 512
2199 513
316 514
5253 515
79 516
794 517
7713 518
8688 519
1855 520
7124 521
3000 522
5878 523
4936 524
901 525
303 526
6071 527
6776 528
5773 529
5953 530
3290 531
7706 532
4182 533
6059 534
8799 535
478 536
8690 537
8124 538
1887 539
6799 540
7839 541
6240 542
8454 543
506 544
2762 545
6076 546
8115 547
6703 548
2582 549
131 550
7930 551
2297 552
4165 553
1934 554
8905 555
3083 556
5276 557
8129 558
8103 559
403 560
660 561
647 562
4158 563
249 564
7283 565
6194 566
4823 567
5411 568
4907 569
5470 570
3950 571
6094 572
2266 573
3740 574
443 575
366 576
619 577
4621 578
8796 579
4068 580
1260 581
4964 582
2083 583
1442 584
3509 585
1127 586
3952 587
8002 588
8664 589
3814 590
6484 591
3765 592
8066 593
4646 594
8443 595
3757 596
8999 597
5424 598
1715 599
3255 600
4992 601
2596 602
5692 603
633 604
7252 605
8552 606
3856 607
3076 608
6466 609
7464 610
134 611
5587 612
3943 613
199 614
6471 615
6434 616
6239 617
977 618
4703 619
15 620
2547 621
8082 622
3518 623
4514 624
3310 625
2150 626
7328 627
3524 628
6264 629
110 630
6809 631
8445 632
3562 633
2607 634
4227 635
3559 636
5586 637
5045 638
7485 639
8829 640
5146 641
3162 642
3333 643
8922 644
8473 645
1902 646
4930 647
8654 648
8236 649
7457 650
8151 651
6384 652
6682 653
2745 654
3897 655
5502 656
7802 657
3512 658
4943 659
1438 660
8203 661
1047 662
7384 663
3502 664
6786 665
6818 666
1545 667
1519 668
6368 669
2148 670
5173 671
4249 672
5206 673
284 674
1976 675
8233 676
4898 677
6713 678
3354 679
4890 680
1159 681
8180 682
4126 683
4446 684
7966 685
96 686
1192 687
122 688
2653 689
3066 690
3065 691
2117 692
52 693
7598 694
8645 695
4634 696
8205 697
2149 698
4006 699
4261 700
8375 701
1506 702
3124 703
694 704
3278 705
1005 706
8466 707
934 708
1148 709
7045 710
6039 711
3390 712
4654 713
3638 714
1163 715
4883 716
8715 717
2507 718
368 719
6869 720
2500 721
39 722
7999 723
2023 724
6997 725
3010 726
7010 727
3409 728
4 729
835 730
5456 731
3522 732
5 733
1206 734
5001 735
6151 736
2858 737
6636 738
1417 739
4202 740
4435 741
6310 742
8168 743
5286 744
1348 745
2278 746
2629 747
2298 748
8784 749
3244 750
1709 751
4087 752
5885 753
1863 754
2590 755
8052 756
1416 757
3638 758
1237 759
8672 760
7707 761
6515 762
3471 763
5067 764
3267 765
3621 766
2978 767
5606 768
9000 769
7114 770
5637 771
6816 772
508 773
4363 774
8071 775
5423 776
8893 777
4369 778
4846 779
6493 780
4719 781
4519 782
7260 783
3322 784
6612 785
5680 786
8395 787
1590 788
5304 789
2652 790
1607 791
7588 792
3781 793
4169 794
121 795
4038 796
2472 797
1982 798
21 799
8305 800
607 801
7988 802
341 803
3739 804
5037 805
694 806
3479 807
7309 808
720 809
3047 810
6121 811
5758 812
1748 813
7528 814
6173 815
3359 816
4418 817
4322 818
6874 819
7444 820
3134 821
513 822
1210 823
5970 824
359 825
1091 826
5056 827
7128 828
3301 829
539 830
4232 831
4494 832
4707 833
6396 834
8607 835
2193 836
5387 837
5368 838
6592 839
2504 840
2325 841
2814 842
5677 843
2817 844
5355 845
3792 846
7726 847
176 848
8753 849
1514 850
911 851
5212 852
4876 853
5878 854
2245 855
3380 856
224 857
7969 858
4832 859
859 860
7856 861
6325 862
8035 863
2375 864
2864 865
3650 866
7917 867
4290 868
2736 869
968 870
5492 871
2452 872
6403 873
8277 874
7222 875
4949 876
4077 877
2680 878
7331 879
555 880
2016 881
6847 882
219 883
4279 884
3151 885
5346 886
2327 887
697 888
7858 889
8430 890
3981 891
3020 892
6790 893
8947 894
2672 895
7114 896
6197 897
5117 898
8061 899
