950 1200
7877 0
3989 1
751 2
7911 3
1872 4
740 5
9393 6
6887 7
3673 8
1288 9
960 10
2724 11
8383 12
1719 13
6998 14
3401 15
6084 16
5207 17
7021 18
1917 19
7049 20
5929 21
1002 22
3935 23
3554 24
7396 25
2130 26
1329 27
6774 28
9362 29
8460 30
3498 31
1546 32
554 33
6958 34
9052 35
2819 36
387 37
8399 38
1432 39
43 40
6499 41
1362 42
7215 43
6695 44
7383 45
5846 46
1548 47
6383 48
3416 49
6799 50
6873 51
5573 52
4950 53
8235 54
3859 55
2248 56
5793 57
3883 58
1331 59
7272 60
3880 61
6187 62
9191 63
1977 64
2273 65
4364 66
4232 67
8637 68
9078 69
3999 70
4466 71
6223 72
5697 73
7678 74
2294 75
8097 76
6579 77
4578 78
4037 79
6510 80
2128 81
8155 82
2594 83
4049 84
2820 85
2103 86
8008 87
5680 88
1374 89
5038 90
1089 91
8273 92
8012 93
8383 94
5344 95
5714 96
7613 97
9330 98
3725 99
496 100
3056 101
2888 102
5129 103
6709 104
4038 105
5937 106
1818 107
4561 108
1916 109
1624 110
5793 111
6586 112
5655 113
1571 114
6872 115
1295 116
549 117
137 118
8325 119
2917 120
8185 121
5718 122
683 123
581 124
7031 125
2106 126
3554 127
7659 128
2703 129
3228 130
8731 131
4363 132
8976 133
1512 134
4426 135
9376 136
2461 137
6386 138
5097 139
9303 140
2988 141
9266 142
3675 143
6002 144
6223 145
2936 146
7536 147
6780 148
5485 149
7989 150
2391 151
3734 152
1934 153
8893 154
7105 155
2454 156
7750 157
159 158
8916 159
4780 160
6227 161
7881 162
1135 163
5200 164
1631 165
9181 166
3438 167
2925 168
7078 169
592 170
4141 171
5558 172
2276 173
712 174
2204 175
6973 176
5290 177
8585 178
2309 179
4381 180
8054 181
4776 182
4005 183
6327 184
6207 185
7824 186
444 187
444 188
644 189
4474 190
2582 191
5353 192
8801 193
6383 194
6405 195
221 196
7070 197
7560 198
8117 199
1689 200
3756 201
3274 202
5425 203
4256 204
6467 205
796 206
3143 207
5166 208
7964 209
5365 210
34 211
4282 212
5675 213
3044 214
236 215
8746 216
8963 217
8773 218
3305 219
8152 220
6903 221
1350 222
2399 223
3721 224
8987 225
5452 226
4388 227
2389 228
5522 229
7580 230
4006 231
6765 232
3064 233
1249 234
5623 235
1654 236
3766 237
2798 238
3783 239
7178 240
8379 241
6816 242
9216 243
3126 244
819 245
1458 246
7485 247
6396 248
8736 249
3710 250
4067 251
6089 252
6074 253
4720 254
8842 255
950 256
4077 257
7539 258
3916 259
713 260
8911 261
5084 262
8734 263
4626 264
3342 265
980 266
4482 267
7550 268
952 269
9329 270
6934 271
1291 272
3455 273
4531 274
2563 275
5819 276
6209 277
4812 278
6404 279
5784 280
4930 281
6524 282
7773 283
8199 284
8747 285
5947 286
2782 287
6385 288
2067 289
3748 290
5748 291
766 292
2803 293
2411 294
8705 295
2649 296
9227 297
2696 298
1406 299
401 300
8757 301
8887 302
4662 303
4936 304
87 305
5781 306
2857 307
6020 308
2698 309
5195 310
8862 311
1602 312
1909 313
2021 314
3244 315
1641 316
1334 317
1867 318
9047 319
4015 320
1342 321
8950 322
4338 323
4177 324
7471 325
2922 326
6708 327
2379 328
5941 329
9356 330
9374 331
7623 332
8100 333
7794 334
3291 335
8589 336
7122 337
3643 338
8848 339
1979 340
2071 341
8658 342
6372 343
8781 344
8129 345
9483 346
3182 347
5108 348
5527 349
1158 350
2599 351
8133 352
5363 353
2066 354
6099 355
3030 356
2603 357
807 358
8785 359
4557 360
4036 361
4285 362
1352 363
5154 364
2128 365
2753 366
201 367
1004 368
4580 369
8821 370
3755 371
6048 372
8880 373
7235 374
4705 375
4681 376
2039 377
5576 378
5151 379
573 380
116 381
6322 382
815 383
7346 384
8288 385
1029 386
4907 387
7987 388
7771 389
7216 390
4257 391
5948 392
4473 393
7152 394
1314 395
6620 396
1325 397
4175 398
644 399
1813 400
1417 401
8645 402
6491 403
3673 404
6579 405
8753 406
575 407
5865 408
682 409
6591 410
8970 411
1789 412
7280 413
8132 414
5072 415
1687 416
8764 417
6428 418
5107 419
723 420
6790 421
1021 422
4610 423
5351 424
9424 425
6579 426
7694 427
5876 428
7544 429
7633 430
669 431
2417 432
2169 433
2572 434
1075 435
6146 436
810 437
2743 438
2875 439
8695 440
3026 441
1366 442
3977 443
3079 444
2929 445
647 446
3053 447
1515 448
622 449
5336 450
3158 451
5585 452
1684 453
6614 454
3917 455
458 456
5421 457
5600 458
3145 459
4460 460
7720 461
4438 462
8646 463
7171 464
3481 465
1885 466
8028 467
7438 468
9179 469
8445 470
3965 471
3252 472
2973 473
1395 474
9301 475
6911 476
7064 477
4826 478
1855 479
6769 480
4204 481
6539 482
8906 483
1566 484
1853 485
1436 486
5117 487
6730 488
7299 489
9078 490
5851 491
9156 492
6103 493
6320 494
6697 495
7971 496
5978 497
7974 498
3284 499
3697 500
6582 501
5901 502
3355 503
459 504
6298 505
992 506
3959 507
5689 508
6024 509
4816 510
1063 511
8444 512
4556 513
1273 514
7541 515
4123 516
3021 517
9278 518
715 519
8987 520
9047 521
8119 522
4141 523
1762 524
8588 525
7007 526
1082 527
5658 528
4664 529
5022 530
5070 531
7330 532
7931 533
3610 534
2929 535
8326 536
2458 537
4628 538
1854 539
354 540
6283 541
5288 542
8475 543
8731 544
104 545
9368 546
1081 547
4171 548
4885 549
1590 550
3539 551
8623 552
432 553
8174 554
4178 555
62 556
2705 557
9329 558
8114 559
6717 560
1041 561
3690 562
2016 563
5099 564
6466 565
3482 566
886 567
5696 568
4354 569
2458 570
8085 571
3631 572
2361 573
4167 574
7504 575
616 576
4981 577
7944 578
8845 579
4575 580
5466 581
4824 582
4887 583
8518 584
4757 585
6078 586
8347 587
929 588
4015 589
7965 590
8554 591
7754 592
7914 593
142 594
8662 595
4193 596
3783 597
6147 598
3661 599
4031 600
6871 601
2674 602
2463 603
5116 604
1969 605
6843 606
7134 607
5626 608
3096 609
6586 610
3985 611
67 612
8404 613
3540 614
4619 615
2747 616
9179 617
7075 618
8212 619
4730 620
1601 621
8314 622
972 623
7075 624
401 625
5160 626
6361 627
8469 628
4995 629
5957 630
261 631
344 632
814 633
5175 634
8538 635
861 636
5738 637
3590 638
7402 639
8499 640
9076 641
615 642
4155 643
7864 644
5917 645
305 646
3481 647
6263 648
4659 649
9138 650
1237 651
4822 652
8975 653
1960 654
3371 655
5692 656
614 657
2491 658
860 659
7961 660
9255 661
9057 662
7795 663
4589 664
8275 665
8079 666
3109 667
5160 668
1156 669
7044 670
664 671
6808 672
7586 673
3090 674
7229 675
3496 676
8524 677
7154 678
3363 679
1650 680
3166 681
5624 682
9410 683
6710 684
359 685
6329 686
2164 687
7970 688
2103 689
4241 690
5390 691
8462 692
3401 693
1381 694
3938 695
3665 696
236 697
4486 698
1155 699
2288 700
8981 701
2281 702
8536 703
2431 704
5383 705
9072 706
3767 707
3384 708
3190 709
3712 710
9106 711
2565 712
7104 713
9119 714
8055 715
3701 716
1155 717
1306 718
1495 719
3786 720
549 721
4417 722
7533 723
534 724
5614 725
3845 726
7991 727
2709 728
7669 729
1388 730
5505 731
8806 732
7440 733
4144 734
5763 735
8707 736
9429 737
5130 738
9070 739
3042 740
4645 741
4256 742
2311 743
6672 744
3033 745
1367 746
8257 747
3136 748
4247 749
488 750
7561 751
789 752
1250 753
3271 754
945 755
1888 756
8845 757
2387 758
2108 759
190 760
4845 761
8255 762
7592 763
7381 764
847 765
418 766
3792 767
2360 768
5502 769
836 770
8722 771
2092 772
8419 773
4358 774
6950 775
425 776
2301 777
8096 778
6117 779
6501 780
6802 781
3053 782
2601 783
6115 784
7429 785
6546 786
7296 787
8037 788
1839 789
8623 790
3202 791
5119 792
7775 793
4278 794
1371 795
9406 796
5421 797
4021 798
432 799
4143 800
1491 801
1856 802
2242 803
9180 804
5009 805
2699 806
5394 807
1361 808
3513 809
3526 810
4458 811
9172 812
3587 813
6404 814
5267 815
6851 816
5552 817
1352 818
2640 819
3961 820
6039 821
7899 822
5665 823
485 824
7338 825
8795 826
1667 827
1664 828
3408 829
8138 830
4129 831
7803 832
9456 833
2898 834
1951 835
611 836
7810 837
5269 838
3787 839
7815 840
8558 841
121 842
5823 843
4421 844
6169 845
1258 846
8248 847
3101 848
8932 849
8771 850
8207 851
7319 852
301 853
5099 854
7640 855
1059 856
6480 857
3827 858
1519 859
6345 860
981 861
2169 862
5707 863
1997 864
3443 865
6708 866
7658 867
5706 868
8539 869
724 870
6309 871
4992 872
3175 873
5184 874
1585 875
231 876
2128 877
7462 878
5920 879
6288 880
7286 881
1254 882
1875 883
6097 884
2285 885
2838 886
2968 887
8998 888
4461 889
2654 890
3436 891
2138 892
5107 893
6500 894
5218 895
1899 896
4499 897
1317 898
442 899
1726 900
7659 901
2609 902
9326 903
4509 904
2599 905
7817 906
9079 907
2760 908
2365 909
5960 910
8213 911
9436 912
4625 913
5813 914
5951 915
5600 916
5059 917
6392 918
6225 919
6737 920
9230 921
1120 922
9264 923
3099 924
8562 925
5741 926
2721 927
3699 928
8254 929
414 930
4897 931
3304 932
8366 933
3902 934
8869 935
5979 936
9331 937
8063 938
1374 939
166 940
775 941
2952 942
4627 943
72 944
4140 945
2103 946
5273 947
1880 948
6311 949
