900 750
6324 0
7154 1
5047 2
182 3
1638 4
2729 5
5797 6
7733 7
6404 8
7214 9
2679 10
5802 11
198 12
8771 13
6779 14
6973 15
7946 16
2656 17
2446 18
5875 19
7204 20
4468 21
5630 22
5364 23
7033 24
6004 25
6943 26
6971 27
7269 28
7247 29
8856 30
5809 31
5790 32
3661 33
1164 34
1952 35
1873 36
5945 37
2862 38
4128 39
3014 40
2739 41
6317 42
4945 43
6309 44
3457 45
1852 46
1377 47
1327 48
1603 49
2978 50
2908 51
837 52
32 53
4913 54
3053 55
2305 56
933 57
1631 58
1945 59
99 60
1730 61
6105 62
2208 63
7952 64
4991 65
7191 66
226 67
5656 68
2461 69
1854 70
1671 71
3391 72
7579 73
563 74
7498 75
8744 76
1025 77
1816 78
4753 79
8577 80
8931 81
1758 82
5584 83
4638 84
1219 85
2301 86
6871 87
2001 88
3809 89
7052 90
8332 91
5833 92
1123 93
7643 94
5842 95
6995 96
3458 97
6107 98
8227 99
3042 100
8075 101
6810 102
74 103
609 104
6096 105
3806 106
5947 107
8292 108
7804 109
7526 110
6418 111
2661 112
8798 113
8336 114
2445 115
4459 116
4087 117
2466 118
8296 119
64 120
5274 121
759 122
3633 123
4815 124
2124 125
1704 126
6668 127
2517 128
2536 129
8883 130
6294 131
6217 132
4956 133
6029 134
2990 135
8275 136
6013 137
1082 138
7459 139
5934 140
4686 141
5619 142
6144 143
1844 144
4027 145
4200 146
6054 147
3442 148
7277 149
7071 150
8698 151
6261 152
2589 153
7458 154
6180 155
5415 156
2446 157
8840 158
6651 159
8828 160
7364 161
470 162
6261 163
1636 164
4593 165
8929 166
6554 167
618 168
8940 169
3565 170
4327 171
1478 172
3775 173
4436 174
1220 175
2503 176
1348 177
2617 178
8978 179
6522 180
1496 181
1991 182
1717 183
3865 184
4800 185
2348 186
2621 187
3786 188
3075 189
6028 190
1574 191
4837 192
5790 193
1292 194
4369 195
5180 196
5602 197
2813 198
5897 199
8063 200
8825 201
5441 202
7553 203
7259 204
5916 205
8612 206
4274 207
7856 208
7101 209
5792 210
7788 211
1014 212
5143 213
5208 214
8711 215
2752 216
2763 217
3856 218
4536 219
7414 220
5351 221
3949 222
6595 223
6822 224
8835 225
2578 226
7186 227
7524 228
7930 229
1453 230
3461 231
1942 232
6724 233
4929 234
7722 235
7312 236
3186 237
4043 238
2410 239
2273 240
1722 241
40 242
4410 243
1134 244
401 245
2911 246
7475 247
8405 248
4156 249
4669 250
8571 251
4457 252
7913 253
2369 254
4732 255
2835 256
5869 257
6759 258
22 259
1749 260
1983 261
6444 262
5106 263
8614 264
1599 265
7788 266
6490 267
5943 268
4820 269
4533 270
8697 271
1030 272
1224 273
8852 274
5502 275
3182 276
1497 277
8451 278
6791 279
6154 280
8724 281
717 282
6141 283
8049 284
1993 285
103 286
5023 287
7094 288
4080 289
6804 290
4496 291
2060 292
7040 293
932 294
3216 295
7357 296
6707 297
2992 298
4211 299
5283 300
4283 301
2018 302
6392 303
8752 304
1081 305
8743 306
2745 307
780 308
3032 309
1462 310
7851 311
6692 312
5991 313
3119 314
7178 315
1512 316
4100 317
6056 318
8378 319
4501 320
7328 321
4166 322
5848 323
1594 324
4028 325
3813 326
3245 327
8826 328
3806 329
7948 330
8222 331
2879 332
8266 333
2883 334
6582 335
2673 336
2469 337
1863 338
2111 339
8878 340
2016 341
4742 342
6135 343
1299 344
4741 345
7900 346
2795 347
7524 348
1143 349
4692 350
4568 351
7777 352
1661 353
6917 354
7459 355
6713 356
687 357
3785 358
3213 359
5668 360
3010 361
4466 362
1047 363
190 364
7383 365
5832 366
8376 367
4891 368
3490 369
7529 370
2965 371
4892 372
6586 373
6856 374
1963 375
8756 376
1437 377
2781 378
3436 379
2961 380
275 381
814 382
2410 383
5476 384
7687 385
5969 386
1555 387
1778 388
6581 389
4187 390
6682 391
971 392
2586 393
4034 394
2179 395
1593 396
7650 397
4044 398
3687 399
3757 400
8737 401
2929 402
539 403
390 404
2659 405
6426 406
4213 407
3223 408
6044 409
7828 410
5035 411
669 412
7039 413
7074 414
5578 415
1969 416
3782 417
3872 418
2124 419
3840 420
8238 421
6937 422
6404 423
4272 424
4531 425
8214 426
2507 427
6763 428
883 429
7050 430
7724 431
1245 432
4216 433
3348 434
4787 435
7911 436
4797 437
6316 438
5625 439
6182 440
1596 441
8889 442
3938 443
5443 444
1963 445
852 446
4085 447
546 448
8375 449
3575 450
3803 451
5694 452
3248 453
4247 454
217 455
8341 456
722 457
820 458
5393 459
3624 460
4593 461
6950 462
2795 463
6246 464
8181 465
2794 466
3083 467
8125 468
6341 469
3796 470
4376 471
3533 472
5825 473
7976 474
518 475
7255 476
3694 477
1511 478
605 479
2482 480
6479 481
2274 482
6727 483
1384 484
3921 485
2240 486
7917 487
3347 488
3502 489
7298 490
6713 491
8721 492
6336 493
8120 494
6082 495
4820 496
8880 497
4139 498
4742 499
7381 500
2366 501
8482 502
1276 503
1842 504
1384 505
7987 506
1546 507
187 508
4057 509
7296 510
3043 511
1635 512
1011 513
3070 514
880 515
1257 516
5396 517
3693 518
4862 519
156 520
8010 521
1207 522
4073 523
1580 524
4617 525
6528 526
3643 527
3128 528
5280 529
4213 530
3992 531
6180 532
1389 533
7619 534
5676 535
1689 536
7580 537
4529 538
980 539
8021 540
3683 541
3567 542
2579 543
4856 544
8530 545
6465 546
1317 547
1133 548
2255 549
3946 550
5311 551
4007 552
8878 553
1054 554
6110 555
1925 556
8431 557
1162 558
8654 559
1650 560
3012 561
6223 562
7060 563
8341 564
1640 565
2024 566
2812 567
1902 568
2462 569
6002 570
5537 571
5355 572
2163 573
4853 574
5647 575
5574 576
5725 577
2502 578
1227 579
847 580
1445 581
4897 582
5696 583
1445 584
409 585
4970 586
4792 587
6790 588
90 589
6408 590
3975 591
3829 592
7876 593
5204 594
6794 595
4442 596
2027 597
314 598
8462 599
4704 600
4972 601
1937 602
364 603
8120 604
6291 605
906 606
5724 607
1204 608
8610 609
5761 610
7719 611
7510 612
1308 613
3313 614
6313 615
555 616
4690 617
6434 618
8609 619
7766 620
4684 621
3439 622
5696 623
374 624
2642 625
1261 626
7216 627
3662 628
4369 629
5597 630
4028 631
5608 632
689 633
6042 634
624 635
8940 636
5426 637
5097 638
4338 639
5993 640
6412 641
4944 642
279 643
4258 644
4619 645
4564 646
4384 647
8702 648
8441 649
8014 650
8227 651
2678 652
566 653
8736 654
653 655
4079 656
5904 657
4482 658
8841 659
1520 660
2766 661
3120 662
8142 663
8106 664
267 665
8863 666
8481 667
2725 668
1045 669
4452 670
2170 671
3233 672
585 673
8273 674
6468 675
1723 676
4256 677
882 678
257 679
5778 680
172 681
5781 682
8574 683
4387 684
1160 685
1918 686
2805 687
6411 688
2595 689
2253 690
8787 691
8164 692
3949 693
3817 694
3936 695
2561 696
5720 697
6680 698
1989 699
6307 700
2829 701
3751 702
6365 703
6053 704
4049 705
1953 706
4753 707
5859 708
7725 709
8007 710
6605 711
7931 712
6839 713
8886 714
5872 715
1767 716
616 717
5164 718
2895 719
1229 720
8121 721
4481 722
4531 723
5815 724
4404 725
4255 726
5021 727
7768 728
1455 729
7082 730
2678 731
1636 732
1347 733
5990 734
1171 735
5446 736
7347 737
7441 738
5419 739
3135 740
4292 741
3156 742
3653 743
5331 744
1841 745
6866 746
374 747
8919 748
4108 749
8202 750
2702 751
7009 752
730 753
1881 754
770 755
7623 756
6122 757
2107 758
3305 759
7753 760
7673 761
7442 762
253 763
5029 764
3029 765
1744 766
5046 767
5312 768
8155 769
4266 770
5176 771
7100 772
1252 773
6678 774
589 775
3124 776
2298 777
2971 778
7221 779
3819 780
7298 781
8221 782
4540 783
5127 784
2808 785
4127 786
8847 787
2005 788
2747 789
8020 790
7981 791
8683 792
5114 793
7289 794
694 795
3220 796
3600 797
7423 798
840 799
5551 800
1874 801
4514 802
2513 803
8404 804
7504 805
527 806
8344 807
2887 808
4308 809
7597 810
1715 811
3265 812
4475 813
1028 814
5547 815
658 816
1594 817
5186 818
7827 819
8913 820
7537 821
7918 822
730 823
1301 824
6643 825
117 826
7680 827
860 828
6164 829
3070 830
4505 831
6185 832
7342 833
7067 834
3245 835
4675 836
539 837
3052 838
3485 839
3153 840
6405 841
311 842
8484 843
5809 844
6308 845
4735 846
1156 847
6553 848
712 849
3568 850
4580 851
5925 852
5996 853
1706 854
6685 855
1963 856
2772 857
7210 858
3004 859
4317 860
8613 861
1920 862
6863 863
7209 864
5567 865
5239 866
8763 867
6736 868
2386 869
8296 870
3822 871
1135 872
3076 873
6772 874
2456 875
761 876
7429 877
1326 878
4487 879
3804 880
8451 881
4715 882
4517 883
4465 884
763 885
8607 886
2030 887
307 888
8203 889
8391 890
2848 891
1157 892
4507 893
207 894
7467 895
5090 896
7837 897
2641 898
2360 899
