900 1550
851 0
7540 1
3174 2
3132 3
6392 4
6986 5
8058 6
36 7
3236 8
3151 9
8743 10
786 11
3191 12
6125 13
2452 14
1674 15
637 16
6116 17
6091 18
6478 19
2664 20
2567 21
528 22
3851 23
8168 24
6994 25
4039 26
4699 27
2978 28
4910 29
8027 30
1300 31
6259 32
6245 33
7565 34
522 35
6654 36
4067 37
120 38
5209 39
6601 40
199 41
8835 42
1527 43
4315 44
6533 45
342 46
6544 47
1265 48
67 49
793 50
3950 51
4191 52
1293 53
3776 54
8828 55
4438 56
3534 57
2649 58
7490 59
8071 60
7522 61
2345 62
5683 63
4134 64
2284 65
3616 66
7662 67
8424 68
8478 69
149 70
1089 71
4939 72
8177 73
2067 74
451 75
4945 76
5207 77
1358 78
4915 79
2288 80
2746 81
7312 82
3352 83
3699 84
8948 85
5652 86
6787 87
3597 88
6067 89
2965 90
1101 91
4797 92
2030 93
1179 94
4592 95
5898 96
4932 97
8513 98
289 99
2893 100
962 101
2705 102
2093 103
5194 104
7573 105
4844 106
2159 107
4869 108
4408 109
1196 110
7705 111
7399 112
1235 113
95 114
4734 115
8776 116
1709 117
4849 118
1668 119
3496 120
4513 121
6085 122
7508 123
3789 124
4305 125
1580 126
4603 127
1241 128
5516 129
3337 130
3628 131
438 132
2742 133
5479 134
3674 135
1504 136
5160 137
5942 138
7930 139
8209 140
1556 141
4439 142
7511 143
4219 144
644 145
1220 146
260 147
7027 148
7890 149
4602 150
4474 151
2590 152
6227 153
2069 154
3660 155
3872 156
1576 157
2477 158
2541 159
5764 160
3252 161
1120 162
3685 163
3146 164
3427 165
2677 166
2146 167
2900 168
6468 169
6292 170
7292 171
6189 172
4954 173
1689 174
6377 175
6264 176
4882 177
1396 178
1138 179
4934 180
1093 181
6969 182
3369 183
2876 184
8647 185
6592 186
6088 187
6257 188
1049 189
4163 190
1414 191
2873 192
8791 193
4866 194
3116 195
1000 196
5777 197
2475 198
8578 199
3826 200
6919 201
7134 202
2410 203
5177 204
8353 205
8295 206
922 207
3303 208
2842 209
8666 210
1702 211
7889 212
6044 213
4646 214
1891 215
2407 216
1271 217
5842 218
4576 219
3329 220
5481 221
7470 222
8112 223
62 224
6089 225
6215 226
277 227
2811 228
6946 229
6255 230
5775 231
4414 232
1309 233
742 234
3358 235
5848 236
7257 237
353 238
6650 239
3525 240
2250 241
1074 242
1806 243
8802 244
7578 245
1005 246
5882 247
3426 248
7111 249
4424 250
5258 251
3267 252
1578 253
4249 254
941 255
2505 256
5454 257
2732 258
7990 259
8110 260
2852 261
6307 262
7386 263
364 264
7996 265
8749 266
2400 267
3915 268
3712 269
2424 270
292 271
4804 272
7050 273
3385 274
3705 275
8754 276
6492 277
8079 278
4143 279
3152 280
2380 281
3158 282
3672 283
907 284
2182 285
6357 286
6129 287
5592 288
1451 289
6850 290
3150 291
6738 292
4921 293
1791 294
7665 295
4858 296
5650 297
7540 298
5620 299
5611 300
6120 301
8551 302
4507 303
8663 304
8932 305
4721 306
8768 307
6283 308
4899 309
130 310
1500 311
2169 312
2237 313
3041 314
2203 315
6254 316
8323 317
3858 318
276 319
5511 320
5146 321
6306 322
6236 323
1236 324
5532 325
3110 326
6686 327
6294 328
387 329
260 330
6794 331
1219 332
4413 333
8564 334
6361 335
5010 336
5268 337
4077 338
4534 339
4192 340
8369 341
4323 342
8089 343
2325 344
4837 345
3172 346
5622 347
3182 348
4829 349
148 350
8896 351
2070 352
7521 353
3984 354
5179 355
7085 356
777 357
6772 358
2112 359
7193 360
219 361
7954 362
718 363
5020 364
6979 365
1072 366
4935 367
2678 368
958 369
4 370
5835 371
1078 372
2509 373
6825 374
723 375
5488 376
8189 377
2563 378
2736 379
5271 380
4951 381
8399 382
3226 383
4334 384
7943 385
406 386
3326 387
4608 388
351 389
2116 390
8439 391
3629 392
51 393
4769 394
8296 395
200 396
5002 397
304 398
6920 399
1435 400
4854 401
6362 402
6962 403
3729 404
7268 405
6151 406
7036 407
366 408
388 409
5315 410
6464 411
125 412
8698 413
7787 414
7600 415
373 416
7059 417
6951 418
8989 419
5767 420
1695 421
2464 422
7357 423
6671 424
2939 425
738 426
290 427
2747 428
3327 429
8584 430
3091 431
6876 432
4198 433
1307 434
710 435
4902 436
3334 437
7968 438
7070 439
7516 440
4342 441
8274 442
220 443
6810 444
7866 445
7483 446
7395 447
817 448
397 449
1185 450
8870 451
4574 452
8962 453
3398 454
7126 455
5661 456
683 457
3869 458
6718 459
2957 460
1255 461
5387 462
2569 463
7232 464
1304 465
1285 466
8130 467
786 468
5894 469
2234 470
8090 471
5058 472
4936 473
2280 474
3992 475
8569 476
4330 477
7726 478
6585 479
534 480
2262 481
5714 482
8405 483
5632 484
4432 485
2917 486
2563 487
3624 488
2953 489
5403 490
736 491
7292 492
1954 493
6973 494
1676 495
4477 496
6558 497
4364 498
3326 499
2436 500
6534 501
2944 502
6691 503
1616 504
1675 505
5883 506
7927 507
884 508
1770 509
2263 510
3935 511
8972 512
1994 513
5068 514
2305 515
647 516
1290 517
4235 518
5542 519
7679 520
857 521
4281 522
6396 523
7919 524
5278 525
2481 526
786 527
3072 528
2567 529
7574 530
4836 531
985 532
1837 533
4330 534
645 535
3153 536
7502 537
6237 538
1674 539
6779 540
5156 541
7291 542
5141 543
3603 544
769 545
1557 546
5983 547
7118 548
1504 549
7036 550
970 551
6655 552
6068 553
1605 554
2612 555
1752 556
7519 557
3383 558
3058 559
7135 560
8012 561
6433 562
8071 563
6005 564
2832 565
553 566
5114 567
6429 568
2889 569
7276 570
2649 571
3142 572
8980 573
3013 574
4012 575
7571 576
3998 577
737 578
752 579
8962 580
2659 581
7943 582
3516 583
2260 584
6860 585
5091 586
2495 587
5342 588
5830 589
3794 590
2949 591
6403 592
3945 593
1430 594
3276 595
2361 596
3040 597
7031 598
7492 599
1780 600
1107 601
7869 602
2353 603
6802 604
7684 605
677 606
4075 607
3538 608
7430 609
6549 610
5199 611
3762 612
1789 613
2860 614
3147 615
4851 616
2274 617
1149 618
6039 619
2094 620
5588 621
3761 622
7577 623
3305 624
2216 625
4374 626
592 627
3723 628
1074 629
3389 630
4046 631
3970 632
3165 633
8014 634
5827 635
6661 636
7895 637
4968 638
408 639
358 640
3493 641
1480 642
1509 643
5291 644
8627 645
6188 646
4781 647
5985 648
775 649
1391 650
6859 651
6419 652
7265 653
8011 654
6845 655
4082 656
790 657
7320 658
1423 659
6664 660
6955 661
588 662
34 663
6284 664
1840 665
5955 666
4942 667
5070 668
7261 669
2580 670
375 671
5310 672
3474 673
3545 674
7664 675
7796 676
8587 677
2309 678
4727 679
8159 680
8645 681
2335 682
7830 683
6328 684
4440 685
2441 686
803 687
4522 688
8063 689
817 690
4580 691
3216 692
1154 693
1646 694
6176 695
55 696
250 697
7429 698
7724 699
5705 700
2082 701
7631 702
7137 703
5605 704
7518 705
2123 706
7946 707
8001 708
2776 709
2630 710
4346 711
8083 712
3845 713
5607 714
6029 715
8622 716
5552 717
8881 718
8639 719
2870 720
7043 721
1432 722
5195 723
3312 724
6571 725
940 726
4869 727
3941 728
8281 729
339 730
684 731
8054 732
4308 733
2327 734
8887 735
7303 736
7580 737
2565 738
3633 739
8295 740
1652 741
7890 742
6817 743
171 744
571 745
4273 746
6078 747
3121 748
8524 749
4033 750
3467 751
4711 752
4170 753
2806 754
8746 755
4499 756
8955 757
4161 758
8382 759
5717 760
5572 761
6635 762
8674 763
7686 764
2402 765
1693 766
6122 767
2941 768
1953 769
4474 770
6184 771
2727 772
4325 773
2926 774
1496 775
5841 776
2439 777
8808 778
3578 779
248 780
8379 781
1639 782
4978 783
5376 784
6033 785
6784 786
2073 787
8345 788
3938 789
560 790
1161 791
5042 792
3327 793
1183 794
5569 795
6388 796
2105 797
6909 798
3358 799
2439 800
3879 801
7273 802
4289 803
4884 804
750 805
2209 806
1200 807
6210 808
3948 809
1942 810
3710 811
8377 812
5822 813
4901 814
6871 815
1158 816
7268 817
5415 818
1706 819
2752 820
3215 821
5506 822
4172 823
4714 824
6852 825
1369 826
8839 827
3591 828
1320 829
4049 830
8743 831
4866 832
6710 833
1933 834
5311 835
617 836
5570 837
1166 838
247 839
616 840
3124 841
931 842
2463 843
1249 844
8842 845
4021 846
4305 847
2301 848
7999 849
8287 850
7487 851
16 852
7267 853
8399 854
4057 855
5936 856
3325 857
5914 858
643 859
1685 860
6152 861
5017 862
7409 863
7781 864
7611 865
8974 866
1190 867
5997 868
8573 869
6749 870
6079 871
5899 872
3837 873
1021 874
2888 875
8932 876
2595 877
4754 878
6656 879
7165 880
1047 881
8095 882
5362 883
3763 884
5295 885
7642 886
2057 887
7223 888
5841 889
4606 890
5709 891
5478 892
2856 893
5780 894
7674 895
8018 896
6819 897
5371 898
7507 899
