950 800
7952 0
5281 1
3742 2
3741 3
5859 4
4155 5
815 6
4202 7
6343 8
2874 9
1545 10
3969 11
3611 12
3619 13
5945 14
2820 15
358 16
4577 17
236 18
9374 19
530 20
1399 21
1852 22
6553 23
6433 24
6956 25
5232 26
2092 27
3003 28
8751 29
4583 30
5091 31
6797 32
6366 33
7901 34
1546 35
355 36
4666 37
1285 38
585 39
1489 40
5751 41
2072 42
4538 43
4674 44
7876 45
1205 46
8336 47
5324 48
8551 49
6399 50
6883 51
9072 52
3744 53
3727 54
83 55
5336 56
1238 57
8441 58
6404 59
5573 60
5257 61
470 62
8440 63
9176 64
8511 65
3188 66
4245 67
618 68
574 69
1017 70
4148 71
1707 72
895 73
753 74
8958 75
7302 76
6703 77
2589 78
1062 79
6255 80
4692 81
5331 82
1212 83
2703 84
431 85
2831 86
1063 87
3609 88
8102 89
2536 90
1772 91
8892 92
5873 93
1105 94
508 95
1039 96
8815 97
5497 98
1547 99
1041 100
9364 101
8495 102
1957 103
8027 104
3231 105
1200 106
1836 107
686 108
7517 109
6884 110
7826 111
8392 112
8261 113
3699 114
4612 115
4879 116
3714 117
4031 118
4074 119
5684 120
2643 121
832 122
1036 123
1068 124
3685 125
8022 126
1320 127
2997 128
2018 129
8084 130
8883 131
6845 132
1802 133
5450 134
7977 135
4418 136
2402 137
2827 138
4104 139
3238 140
3701 141
5531 142
5830 143
3989 144
3860 145
801 146
2250 147
7962 148
6387 149
7040 150
4095 151
7077 152
2542 153
4308 154
1051 155
5240 156
5105 157
2734 158
4159 159
4595 160
3195 161
6142 162
3496 163
5025 164
8441 165
5853 166
5093 167
9321 168
4618 169
3980 170
9443 171
8661 172
1324 173
8537 174
777 175
22 176
3038 177
7942 178
6626 179
7364 180
6012 181
8867 182
1169 183
1392 184
6057 185
870 186
1902 187
1675 188
2164 189
9003 190
473 191
2542 192
293 193
5543 194
632 195
274 196
3517 197
9411 198
1449 199
7042 200
4056 201
107 202
7749 203
3528 204
6435 205
3165 206
1465 207
2886 208
3145 209
6404 210
9311 211
6146 212
3623 213
7471 214
9046 215
2771 216
9194 217
6102 218
6578 219
4824 220
3548 221
1495 222
1784 223
8401 224
7554 225
3724 226
8256 227
4150 228
3008 229
6705 230
9411 231
8625 232
3533 233
6281 234
1022 235
3183 236
7227 237
4861 238
8465 239
2086 240
9117 241
2589 242
8382 243
3046 244
8494 245
947 246
2419 247
8727 248
3205 249
1404 250
8548 251
8606 252
7759 253
4702 254
2122 255
7342 256
6263 257
5028 258
5500 259
5359 260
4628 261
3025 262
8296 263
6949 264
77 265
4333 266
9416 267
6264 268
3897 269
7756 270
5803 271
849 272
4882 273
1627 274
1871 275
2971 276
7860 277
9474 278
3474 279
7380 280
4230 281
7244 282
4349 283
4360 284
3713 285
6668 286
3923 287
8575 288
8182 289
3052 290
7762 291
2163 292
2993 293
4483 294
289 295
7194 296
4841 297
8732 298
4580 299
5915 300
5394 301
1345 302
3867 303
9274 304
3453 305
767 306
7974 307
8541 308
2460 309
4220 310
7040 311
5375 312
1601 313
1962 314
1099 315
5620 316
8018 317
4726 318
9382 319
4649 320
9214 321
217 322
948 323
4338 324
8886 325
1460 326
3332 327
8798 328
7938 329
2945 330
6325 331
3923 332
1504 333
8842 334
8945 335
3901 336
8393 337
3645 338
5833 339
1189 340
6724 341
8670 342
3695 343
3350 344
5253 345
3124 346
4872 347
2441 348
3499 349
3702 350
1439 351
7771 352
8714 353
1821 354
7199 355
8686 356
85 357
151 358
6975 359
3204 360
5328 361
5243 362
4677 363
424 364
1671 365
7539 366
4634 367
4853 368
9009 369
4308 370
6306 371
833 372
1399 373
8984 374
5665 375
5936 376
5177 377
6017 378
5370 379
8556 380
3626 381
2323 382
5854 383
9186 384
160 385
7983 386
4976 387
9370 388
3152 389
3480 390
7804 391
1985 392
1979 393
6335 394
8910 395
5837 396
91 397
6141 398
3624 399
5848 400
6490 401
383 402
3661 403
2644 404
7209 405
9344 406
8068 407
2056 408
3946 409
3466 410
632 411
8421 412
3322 413
8174 414
2112 415
253 416
2996 417
4704 418
845 419
2998 420
8097 421
4479 422
3526 423
7837 424
9440 425
1182 426
6579 427
3382 428
754 429
1664 430
2129 431
402 432
1205 433
9157 434
8517 435
1295 436
8651 437
4287 438
7798 439
5379 440
7337 441
6402 442
3144 443
3445 444
9250 445
5962 446
331 447
4609 448
7590 449
986 450
4686 451
8873 452
8418 453
5607 454
8360 455
8681 456
4046 457
9027 458
8116 459
4903 460
5172 461
5750 462
6035 463
4609 464
3212 465
2042 466
8485 467
3119 468
6018 469
5414 470
6853 471
6536 472
8611 473
1741 474
3470 475
2978 476
164 477
7811 478
2021 479
4353 480
8451 481
2033 482
9268 483
8897 484
102 485
6706 486
6259 487
8876 488
4545 489
8227 490
8005 491
6789 492
1991 493
3799 494
1107 495
8962 496
8056 497
1686 498
5252 499
4798 500
2177 501
3567 502
2067 503
1040 504
3121 505
1862 506
5382 507
3843 508
6624 509
2999 510
1908 511
150 512
5223 513
5106 514
4250 515
9270 516
6511 517
904 518
1537 519
6539 520
3764 521
3592 522
4575 523
8550 524
1008 525
4963 526
8518 527
1827 528
1874 529
5163 530
4300 531
4721 532
7353 533
7545 534
7789 535
3232 536
1378 537
1544 538
7616 539
635 540
3081 541
3844 542
3851 543
7941 544
3620 545
5871 546
6573 547
6525 548
5277 549
5237 550
6456 551
1216 552
2305 553
1445 554
2986 555
2982 556
8644 557
915 558
2963 559
6272 560
4902 561
7105 562
3360 563
9441 564
9468 565
9295 566
3252 567
3893 568
6654 569
7075 570
3184 571
2905 572
4174 573
8746 574
1308 575
2996 576
5241 577
2282 578
5188 579
1972 580
3631 581
4076 582
4311 583
2767 584
7357 585
2052 586
6284 587
8171 588
7378 589
6550 590
1576 591
4977 592
9499 593
8351 594
8666 595
8678 596
4875 597
3740 598
3886 599
1606 600
8207 601
7966 602
8809 603
1782 604
2660 605
6887 606
752 607
732 608
8869 609
4888 610
1751 611
7967 612
1194 613
8114 614
7671 615
1939 616
3377 617
8086 618
4593 619
6654 620
9355 621
6619 622
707 623
9242 624
5551 625
7322 626
6126 627
5865 628
3767 629
8286 630
6155 631
7970 632
6287 633
7801 634
5746 635
9386 636
6095 637
3422 638
6816 639
6746 640
7223 641
6021 642
1066 643
2625 644
7294 645
3290 646
5356 647
1741 648
6825 649
3914 650
6105 651
6494 652
8514 653
3035 654
3965 655
8676 656
283 657
5801 658
955 659
1927 660
7816 661
7911 662
5331 663
395 664
2529 665
3332 666
1415 667
7709 668
7263 669
732 670
7736 671
2659 672
1246 673
6252 674
741 675
8675 676
4120 677
6536 678
5745 679
5945 680
4031 681
3808 682
6317 683
7742 684
4956 685
8736 686
2607 687
3075 688
4329 689
8451 690
4753 691
483 692
5132 693
6801 694
5587 695
1648 696
9331 697
4090 698
2514 699
3068 700
7844 701
3937 702
693 703
8196 704
2357 705
8350 706
5304 707
8642 708
2267 709
8774 710
8458 711
7113 712
3857 713
93 714
7208 715
1163 716
9003 717
7566 718
7098 719
7434 720
5913 721
2589 722
902 723
2436 724
5806 725
1318 726
7710 727
3701 728
3582 729
5860 730
7780 731
8736 732
8994 733
5732 734
8192 735
8244 736
8816 737
7170 738
1890 739
5077 740
3361 741
2065 742
1262 743
5578 744
4041 745
1903 746
5538 747
1429 748
1179 749
1259 750
3292 751
8191 752
791 753
1063 754
5571 755
4289 756
8172 757
1988 758
7391 759
1861 760
5984 761
5156 762
7781 763
2880 764
8962 765
185 766
8539 767
8233 768
3652 769
7480 770
5171 771
7761 772
327 773
141 774
9405 775
5174 776
2193 777
121 778
6109 779
4705 780
6802 781
5372 782
7074 783
3849 784
5779 785
5024 786
611 787
7542 788
9246 789
224 790
5187 791
1035 792
640 793
3296 794
8120 795
8041 796
5592 797
4097 798
5227 799
2303 800
6827 801
110 802
79 803
3817 804
7571 805
8039 806
1889 807
3541 808
8240 809
5895 810
1195 811
1777 812
3792 813
1255 814
3111 815
7955 816
2458 817
8952 818
1039 819
237 820
2712 821
4764 822
4488 823
3076 824
8412 825
8319 826
419 827
1864 828
6379 829
8127 830
5972 831
8744 832
4295 833
1548 834
2565 835
6210 836
8107 837
2651 838
5227 839
6356 840
5417 841
4423 842
4721 843
4340 844
8951 845
3912 846
5783 847
4999 848
253 849
1833 850
6858 851
3501 852
2699 853
4379 854
9013 855
5582 856
7455 857
3978 858
6067 859
5678 860
4752 861
1064 862
3542 863
7657 864
4189 865
4175 866
4241 867
4593 868
3626 869
729 870
959 871
2824 872
8028 873
6377 874
3446 875
7549 876
7127 877
8381 878
3284 879
4273 880
1092 881
8701 882
8267 883
2317 884
4434 885
681 886
6890 887
8797 888
1910 889
5667 890
6064 891
5384 892
5856 893
1276 894
42 895
5515 896
4195 897
1908 898
4989 899
3748 900
1782 901
5454 902
3794 903
3397 904
4700 905
2919 906
1300 907
6000 908
4187 909
1576 910
5827 911
321 912
2479 913
3545 914
7622 915
3313 916
7623 917
4898 918
6786 919
5417 920
5852 921
8674 922
508 923
9080 924
2159 925
3251 926
3904 927
2095 928
9167 929
5305 930
6440 931
3110 932
496 933
8430 934
7485 935
5949 936
7911 937
4257 938
84 939
5346 940
3599 941
5910 942
9231 943
254 944
3174 945
4582 946
989 947
7760 948
6750 949
