900 200
6234 0
8557 1
3719 2
6243 3
8321 4
6377 5
5146 6
451 7
2610 8
8036 9
1479 10
1953 11
2832 12
7000 13
8122 14
1962 15
6907 16
6633 17
2648 18
4748 19
3222 20
5093 21
4522 22
6079 23
5335 24
6364 25
8848 26
6270 27
5367 28
1062 29
4469 30
5691 31
8671 32
1970 33
7914 34
7197 35
4715 36
4569 37
1870 38
5567 39
6501 40
207 41
7838 42
2293 43
3309 44
4510 45
3499 46
8580 47
1349 48
5980 49
1668 50
2206 51
859 52
1959 53
8626 54
7268 55
3643 56
531 57
8909 58
856 59
4002 60
2673 61
6727 62
6786 63
7724 64
7582 65
1208 66
6189 67
5954 68
6340 69
3413 70
6821 71
5701 72
7262 73
90 74
4140 75
1465 76
5403 77
3532 78
3517 79
2805 80
6100 81
297 82
4028 83
3323 84
6469 85
6455 86
4771 87
3027 88
7941 89
4385 90
2168 91
1291 92
1788 93
5555 94
7207 95
6523 96
2504 97
5670 98
7951 99
8659 100
6257 101
3644 102
1200 103
5319 104
268 105
5635 106
6097 107
6395 108
6398 109
2589 110
7038 111
1172 112
4175 113
3312 114
6048 115
2513 116
3620 117
2504 118
1714 119
3428 120
5533 121
8153 122
3922 123
6298 124
909 125
8650 126
7293 127
7214 128
7075 129
8990 130
1916 131
4939 132
5764 133
1455 134
5120 135
6360 136
4630 137
3862 138
7955 139
7922 140
2043 141
2191 142
6325 143
8833 144
4601 145
5701 146
5939 147
6050 148
866 149
5253 150
8128 151
3944 152
6009 153
2120 154
8896 155
6992 156
5253 157
1362 158
531 159
8313 160
1652 161
4042 162
4527 163
8002 164
3399 165
7610 166
2385 167
1595 168
6544 169
1968 170
3950 171
8966 172
4181 173
5149 174
6369 175
2601 176
7474 177
5223 178
3530 179
8023 180
8010 181
2435 182
2896 183
3283 184
5491 185
597 186
1740 187
6957 188
5312 189
7995 190
1643 191
6814 192
8869 193
997 194
7537 195
3254 196
5846 197
8842 198
7718 199
999 200
8889 201
332 202
1699 203
229 204
8736 205
6261 206
3564 207
2703 208
2273 209
3073 210
777 211
7399 212
3293 213
7909 214
8677 215
6826 216
2076 217
2567 218
587 219
5376 220
8547 221
6177 222
1325 223
7985 224
6299 225
3422 226
417 227
5441 228
6982 229
7074 230
8909 231
2849 232
2760 233
5751 234
2970 235
6186 236
6629 237
4800 238
4584 239
4897 240
349 241
6208 242
6892 243
407 244
8023 245
3521 246
1412 247
1642 248
7505 249
467 250
463 251
2185 252
7913 253
8233 254
3278 255
293 256
2900 257
5522 258
2190 259
1241 260
364 261
8258 262
4633 263
3725 264
5009 265
8110 266
3974 267
8838 268
534 269
8250 270
5717 271
8344 272
8535 273
5499 274
7643 275
4923 276
689 277
2049 278
1383 279
4950 280
3409 281
983 282
1968 283
5214 284
2539 285
1383 286
4564 287
4729 288
8551 289
4794 290
2759 291
7646 292
7967 293
5705 294
8095 295
5174 296
3437 297
7210 298
8452 299
2745 300
7418 301
5590 302
1396 303
1066 304
1178 305
2411 306
4404 307
3993 308
8989 309
6050 310
7406 311
2895 312
5738 313
780 314
4677 315
4535 316
2639 317
5105 318
3646 319
8459 320
3475 321
338 322
3740 323
3741 324
2490 325
2574 326
8476 327
5873 328
7444 329
4382 330
8156 331
8442 332
5030 333
3162 334
6638 335
8999 336
4908 337
3762 338
4802 339
3921 340
4710 341
2956 342
3837 343
2986 344
1044 345
2681 346
2395 347
5604 348
6160 349
3394 350
1826 351
1797 352
8352 353
8560 354
6839 355
6608 356
3481 357
3346 358
2878 359
8578 360
849 361
2546 362
7987 363
4042 364
191 365
1393 366
1022 367
6729 368
3065 369
1197 370
1553 371
6503 372
4190 373
4069 374
1645 375
8303 376
4017 377
4334 378
1252 379
4915 380
7 381
3326 382
8701 383
7422 384
977 385
3405 386
8190 387
7144 388
4550 389
2302 390
6674 391
6719 392
1454 393
7296 394
7425 395
692 396
3169 397
1241 398
1338 399
4161 400
7280 401
8177 402
7936 403
2826 404
7129 405
6420 406
8219 407
7147 408
912 409
8630 410
7407 411
2135 412
7277 413
8603 414
4755 415
5702 416
5008 417
5479 418
4721 419
3245 420
8391 421
5928 422
3561 423
6799 424
6974 425
7038 426
3105 427
1662 428
1400 429
2707 430
552 431
799 432
6921 433
7880 434
2262 435
899 436
2480 437
5853 438
6298 439
7151 440
8851 441
3575 442
6267 443
5036 444
1523 445
1982 446
1986 447
2577 448
988 449
3334 450
3376 451
2940 452
2066 453
4425 454
8832 455
6473 456
4726 457
1173 458
3787 459
1205 460
8446 461
2511 462
8365 463
7172 464
6237 465
6284 466
2305 467
6964 468
6821 469
2433 470
8543 471
1492 472
3836 473
3405 474
2366 475
2806 476
5346 477
2677 478
5742 479
4737 480
4075 481
8311 482
5813 483
3126 484
6094 485
7126 486
2672 487
5735 488
5520 489
4671 490
6497 491
8949 492
7821 493
8098 494
6736 495
7131 496
6430 497
5126 498
10 499
2677 500
451 501
2775 502
5303 503
1324 504
1653 505
3863 506
2801 507
5885 508
4256 509
3383 510
8819 511
249 512
759 513
8904 514
3554 515
7888 516
5483 517
5083 518
4366 519
1867 520
624 521
1958 522
8633 523
4602 524
8929 525
6416 526
8050 527
6697 528
7607 529
6037 530
6282 531
1567 532
7195 533
5856 534
8426 535
8574 536
3702 537
8629 538
1018 539
75 540
1045 541
3624 542
3362 543
5715 544
6456 545
2778 546
6001 547
5040 548
2728 549
1474 550
3664 551
8445 552
2351 553
3141 554
4754 555
158 556
7862 557
980 558
3575 559
2459 560
7709 561
2137 562
6719 563
6936 564
6299 565
2833 566
1044 567
4754 568
1846 569
1294 570
4070 571
5679 572
5447 573
6086 574
481 575
4850 576
6704 577
6386 578
4798 579
3508 580
4554 581
1290 582
3979 583
3522 584
6704 585
8369 586
8136 587
8209 588
8685 589
5078 590
5031 591
3133 592
4508 593
6693 594
1351 595
3213 596
6192 597
41 598
2063 599
7500 600
8799 601
2884 602
5680 603
4322 604
876 605
6038 606
2997 607
6600 608
3969 609
1063 610
4244 611
5874 612
5106 613
7002 614
6247 615
3959 616
4096 617
1446 618
4564 619
4497 620
2056 621
1787 622
165 623
5893 624
6780 625
2515 626
3517 627
8164 628
620 629
3405 630
6952 631
6885 632
7567 633
8480 634
21 635
2879 636
7466 637
3956 638
5227 639
3530 640
7249 641
8911 642
8322 643
5966 644
5977 645
2130 646
8617 647
7593 648
3882 649
2386 650
2216 651
4711 652
591 653
2356 654
2390 655
805 656
2835 657
5603 658
668 659
6058 660
1168 661
9000 662
2503 663
3175 664
347 665
2836 666
8227 667
5591 668
4732 669
6136 670
3216 671
1415 672
7523 673
6534 674
3354 675
6506 676
2944 677
140 678
1777 679
4375 680
6213 681
2342 682
3994 683
8253 684
5156 685
1644 686
5196 687
8105 688
4130 689
5201 690
6719 691
2379 692
4293 693
1973 694
4159 695
2510 696
212 697
5541 698
480 699
7919 700
3250 701
5166 702
1348 703
6979 704
4852 705
7536 706
2180 707
6659 708
6177 709
8758 710
3808 711
8768 712
1478 713
218 714
1145 715
670 716
3353 717
6091 718
2335 719
8590 720
6827 721
4086 722
5605 723
5140 724
3960 725
3751 726
8820 727
6785 728
3618 729
7990 730
1817 731
3990 732
1480 733
2918 734
5450 735
1295 736
3373 737
4430 738
7023 739
472 740
7311 741
5431 742
5807 743
4398 744
3363 745
5510 746
3815 747
6345 748
2177 749
1580 750
7 751
3107 752
1484 753
4508 754
2886 755
5363 756
958 757
4397 758
2912 759
3161 760
574 761
2422 762
6738 763
3232 764
2612 765
1453 766
7985 767
4422 768
2892 769
6439 770
7297 771
7727 772
3569 773
4758 774
2522 775
2121 776
1239 777
1829 778
5397 779
8880 780
3616 781
7520 782
2050 783
3080 784
8753 785
3503 786
8095 787
1227 788
1740 789
6389 790
7115 791
4505 792
6903 793
7635 794
3100 795
3022 796
1835 797
2336 798
1986 799
7507 800
5266 801
5653 802
2918 803
8297 804
6360 805
6808 806
6521 807
2214 808
1034 809
8256 810
946 811
4881 812
2658 813
6133 814
6728 815
7974 816
5292 817
8097 818
2786 819
2166 820
448 821
8918 822
7250 823
2865 824
4191 825
694 826
353 827
3882 828
7668 829
4533 830
5958 831
4146 832
105 833
6930 834
1192 835
3437 836
7910 837
7814 838
1902 839
6015 840
6112 841
3302 842
1249 843
7135 844
1440 845
7231 846
168 847
8674 848
8156 849
5340 850
5457 851
6908 852
3710 853
1398 854
8632 855
3105 856
2236 857
1223 858
396 859
7584 860
7481 861
8350 862
8487 863
4994 864
2296 865
6204 866
3891 867
3116 868
5860 869
3266 870
6026 871
1749 872
2310 873
6653 874
2160 875
3191 876
5000 877
2039 878
1715 879
5917 880
4607 881
1806 882
1392 883
5865 884
3575 885
7499 886
2653 887
7000 888
6568 889
6797 890
3872 891
5980 892
7889 893
7792 894
3321 895
7822 896
7964 897
4341 898
4667 899
