950 250
7889 0
720 1
4253 2
7285 3
2651 4
1368 5
8891 6
8839 7
9249 8
3413 9
5301 10
671 11
436 12
6396 13
5127 14
3129 15
1061 16
2573 17
6916 18
211 19
8360 20
8116 21
4754 22
1772 23
6182 24
2668 25
7059 26
4104 27
6795 28
8751 29
7974 30
3908 31
4576 32
2019 33
4238 34
1820 35
8714 36
6280 37
720 38
5063 39
5990 40
7051 41
4446 42
2445 43
7894 44
9162 45
5258 46
1357 47
2573 48
1430 49
7882 50
1785 51
8758 52
1916 53
8337 54
9358 55
453 56
8395 57
7818 58
6033 59
3087 60
3207 61
487 62
6786 63
528 64
4941 65
4731 66
346 67
3144 68
4558 69
8480 70
3658 71
1315 72
9469 73
796 74
7744 75
2364 76
550 77
2138 78
2957 79
1286 80
3515 81
7360 82
1956 83
8684 84
1010 85
5246 86
1996 87
1480 88
7182 89
1480 90
9499 91
5158 92
5855 93
5552 94
7060 95
2577 96
316 97
9272 98
2852 99
1247 100
2491 101
1181 102
8893 103
5430 104
8418 105
9254 106
7341 107
6211 108
8163 109
2853 110
3774 111
6604 112
3801 113
1197 114
4568 115
8626 116
6001 117
675 118
5096 119
454 120
2772 121
2864 122
1135 123
8913 124
572 125
5187 126
8604 127
9254 128
8992 129
2924 130
2794 131
5231 132
6814 133
8692 134
2354 135
9006 136
1449 137
9430 138
7162 139
9452 140
7335 141
4999 142
3175 143
6933 144
9171 145
4468 146
7042 147
2962 148
3333 149
9086 150
119 151
8113 152
2672 153
2430 154
344 155
463 156
29 157
8538 158
329 159
866 160
2205 161
2438 162
8822 163
3609 164
1968 165
4779 166
8859 167
3097 168
8656 169
1857 170
5899 171
9493 172
6036 173
2266 174
8296 175
2568 176
5771 177
9074 178
1285 179
4953 180
2402 181
2718 182
7495 183
1006 184
5263 185
6618 186
7247 187
1207 188
7171 189
1448 190
5542 191
5898 192
9390 193
6166 194
3704 195
8872 196
182 197
806 198
1923 199
2663 200
8519 201
8245 202
6549 203
4749 204
7541 205
3357 206
1025 207
5468 208
8504 209
7430 210
8810 211
4159 212
6079 213
6827 214
2383 215
3781 216
3779 217
1687 218
4283 219
5344 220
537 221
4605 222
5363 223
5436 224
9412 225
4146 226
6516 227
7318 228
5114 229
517 230
3871 231
7527 232
4488 233
4897 234
3316 235
5961 236
5856 237
8512 238
4450 239
9493 240
2352 241
2721 242
6699 243
4357 244
2588 245
150 246
6718 247
4956 248
302 249
6909 250
6060 251
9000 252
2447 253
8607 254
8735 255
2418 256
4580 257
168 258
9302 259
2076 260
2626 261
3059 262
4690 263
2425 264
1087 265
4955 266
9231 267
9212 268
1525 269
7025 270
2703 271
2427 272
4178 273
3501 274
8958 275
8732 276
7438 277
3123 278
3809 279
2113 280
7896 281
8144 282
8767 283
611 284
7435 285
7680 286
1780 287
4511 288
15 289
9428 290
6842 291
359 292
3068 293
6671 294
6606 295
7856 296
6964 297
6397 298
6461 299
3335 300
1994 301
2540 302
3195 303
5660 304
989 305
406 306
7930 307
2362 308
7270 309
5874 310
2198 311
8619 312
6992 313
1488 314
1696 315
8583 316
280 317
7025 318
1380 319
6696 320
8951 321
1630 322
959 323
1859 324
1022 325
5401 326
3200 327
1763 328
3373 329
1252 330
1063 331
1245 332
6646 333
7939 334
4605 335
641 336
4830 337
8522 338
8341 339
2848 340
8559 341
7656 342
2063 343
6855 344
2858 345
8815 346
1478 347
1392 348
5786 349
5389 350
567 351
5373 352
6013 353
6945 354
5218 355
4065 356
8342 357
7970 358
2044 359
8234 360
9182 361
8503 362
3136 363
205 364
4458 365
6512 366
8722 367
1767 368
344 369
3518 370
8379 371
5298 372
3871 373
3824 374
4986 375
2140 376
8085 377
570 378
1067 379
721 380
999 381
4314 382
4798 383
6206 384
8107 385
3004 386
6385 387
493 388
8723 389
151 390
7766 391
6746 392
766 393
1775 394
58 395
8907 396
5545 397
1525 398
8773 399
2674 400
1968 401
5997 402
6184 403
5372 404
716 405
5853 406
2562 407
8608 408
993 409
8704 410
8389 411
8768 412
9410 413
4395 414
3389 415
3846 416
3303 417
6880 418
184 419
914 420
8550 421
9235 422
6112 423
1104 424
3366 425
8939 426
3059 427
9213 428
8490 429
5072 430
6586 431
619 432
8605 433
2060 434
2966 435
1149 436
7330 437
5091 438
8220 439
3659 440
6159 441
8607 442
8974 443
6640 444
8060 445
116 446
9397 447
7098 448
1066 449
334 450
6513 451
8684 452
1071 453
2509 454
8958 455
4916 456
9021 457
417 458
377 459
8737 460
4604 461
5 462
976 463
4127 464
9278 465
677 466
3131 467
13 468
4113 469
5623 470
614 471
6955 472
4767 473
5875 474
6106 475
1753 476
4322 477
7355 478
5218 479
4623 480
644 481
3315 482
8383 483
2765 484
5893 485
5971 486
6168 487
7963 488
9314 489
8309 490
460 491
7302 492
8493 493
5886 494
3579 495
7140 496
4758 497
9157 498
3461 499
7543 500
1578 501
4533 502
6700 503
1421 504
477 505
1702 506
7642 507
4741 508
7886 509
7125 510
2573 511
813 512
9349 513
3942 514
92 515
7293 516
6464 517
2249 518
1086 519
6249 520
4099 521
6914 522
4817 523
4229 524
6498 525
2575 526
1452 527
8272 528
1360 529
3259 530
6964 531
8952 532
7750 533
852 534
4545 535
6839 536
6638 537
6612 538
4102 539
4568 540
2410 541
6946 542
7989 543
3661 544
6118 545
929 546
4003 547
4014 548
6233 549
4040 550
4810 551
5866 552
219 553
6155 554
8394 555
4293 556
1445 557
241 558
9091 559
2128 560
5073 561
8006 562
9496 563
4101 564
4072 565
5469 566
8102 567
8274 568
862 569
5561 570
8494 571
4120 572
6287 573
2485 574
7637 575
4918 576
6425 577
9473 578
6204 579
6313 580
8333 581
8712 582
726 583
1573 584
8753 585
1589 586
1153 587
8394 588
5692 589
8408 590
8865 591
6656 592
5658 593
8010 594
7694 595
22 596
3810 597
6823 598
3507 599
4353 600
3235 601
9289 602
9407 603
8704 604
5990 605
5316 606
354 607
1962 608
8053 609
1096 610
1540 611
4217 612
6078 613
5536 614
5088 615
5366 616
2821 617
6801 618
7677 619
6741 620
6544 621
7703 622
8238 623
5343 624
4204 625
3056 626
5383 627
4203 628
9456 629
515 630
9388 631
7451 632
7585 633
6526 634
7774 635
5108 636
4009 637
847 638
3930 639
4104 640
1509 641
2801 642
634 643
6895 644
2619 645
2106 646
2945 647
4763 648
3849 649
5326 650
5895 651
4483 652
7274 653
369 654
9115 655
2622 656
3600 657
3551 658
6697 659
7740 660
4251 661
9133 662
654 663
5424 664
5360 665
6702 666
8317 667
6605 668
4024 669
9397 670
25 671
2071 672
8329 673
2885 674
6163 675
7416 676
5317 677
1694 678
9173 679
2185 680
3677 681
4083 682
9112 683
9198 684
4270 685
8265 686
2308 687
4228 688
1904 689
8859 690
7472 691
8601 692
2974 693
4787 694
3866 695
1475 696
920 697
8430 698
588 699
3736 700
1085 701
1407 702
4838 703
8282 704
4133 705
228 706
8138 707
5688 708
1669 709
1790 710
1041 711
6107 712
3305 713
418 714
2972 715
7558 716
5830 717
3123 718
4899 719
6089 720
5753 721
5041 722
3718 723
3069 724
4984 725
9005 726
3864 727
6015 728
9452 729
6695 730
1325 731
5321 732
3376 733
141 734
5023 735
5476 736
8092 737
8056 738
7290 739
5176 740
5303 741
9085 742
5527 743
158 744
140 745
9451 746
2178 747
8416 748
3254 749
548 750
1227 751
6450 752
2586 753
7235 754
1326 755
3774 756
2671 757
9240 758
78 759
3981 760
827 761
4824 762
165 763
2858 764
3140 765
2000 766
9124 767
3594 768
6407 769
8166 770
6868 771
5957 772
5149 773
1002 774
2009 775
7594 776
7494 777
3280 778
4035 779
7485 780
9016 781
4791 782
8717 783
5458 784
5772 785
5495 786
7435 787
5512 788
8676 789
6164 790
4702 791
4189 792
816 793
2816 794
8458 795
4301 796
9067 797
4753 798
2278 799
2183 800
7660 801
4177 802
5107 803
6449 804
9321 805
805 806
1049 807
5140 808
9250 809
9261 810
1537 811
6635 812
8720 813
2796 814
7608 815
590 816
6025 817
7716 818
6009 819
2785 820
9147 821
2658 822
1078 823
570 824
5460 825
8140 826
3485 827
8175 828
7654 829
454 830
8354 831
821 832
7355 833
6023 834
2124 835
1111 836
6405 837
2703 838
5745 839
1567 840
4462 841
3769 842
514 843
5764 844
2261 845
7558 846
8634 847
6831 848
6320 849
4252 850
4326 851
595 852
1487 853
2120 854
376 855
5840 856
2385 857
3710 858
3770 859
4747 860
9413 861
8685 862
3483 863
7944 864
715 865
7561 866
5095 867
5275 868
6664 869
4837 870
5888 871
1333 872
1618 873
5203 874
6802 875
1137 876
322 877
3013 878
5068 879
4669 880
2645 881
8866 882
1867 883
8865 884
8352 885
1506 886
7655 887
4624 888
5612 889
5594 890
2264 891
4909 892
513 893
9281 894
4877 895
5047 896
9227 897
6647 898
5639 899
8931 900
8513 901
2384 902
5447 903
8129 904
8076 905
9041 906
3614 907
6344 908
7670 909
4639 910
1326 911
4965 912
5171 913
3490 914
803 915
4920 916
7980 917
8317 918
5803 919
1499 920
1934 921
2436 922
42 923
2464 924
3955 925
4303 926
7432 927
8008 928
7128 929
2259 930
3992 931
7993 932
8514 933
2753 934
781 935
8957 936
9080 937
4532 938
1541 939
4171 940
4701 941
2867 942
6874 943
685 944
662 945
2083 946
7886 947
8213 948
9323 949
