950 1300
3240 0
1415 1
8053 2
6505 3
3602 4
9207 5
3448 6
5245 7
7036 8
7615 9
2042 10
8985 11
559 12
1075 13
1782 14
5040 15
863 16
1015 17
4336 18
6945 19
9367 20
6990 21
2965 22
3636 23
7934 24
6784 25
3155 26
7519 27
2185 28
1963 29
7808 30
6261 31
5427 32
8813 33
8074 34
2565 35
3516 36
5538 37
8969 38
8655 39
8218 40
8384 41
5639 42
9070 43
5666 44
6641 45
3055 46
2523 47
9491 48
6025 49
50 50
491 51
47 52
5144 53
4768 54
3321 55
5611 56
2178 57
5077 58
9309 59
3792 60
5787 61
7381 62
4804 63
7339 64
2399 65
3033 66
333 67
293 68
8437 69
2691 70
6748 71
8430 72
9461 73
6211 74
6390 75
6085 76
2786 77
3144 78
3943 79
2974 80
1774 81
3101 82
7778 83
3402 84
6217 85
323 86
2379 87
6931 88
1855 89
8940 90
5468 91
2225 92
5018 93
6216 94
7067 95
9188 96
8029 97
2306 98
4420 99
6433 100
7009 101
2147 102
4278 103
8777 104
994 105
4797 106
3872 107
2156 108
3296 109
8467 110
5386 111
777 112
3099 113
6337 114
4069 115
1567 116
3982 117
8562 118
8518 119
4113 120
1372 121
4197 122
2871 123
798 124
2651 125
5966 126
3920 127
3598 128
7182 129
1761 130
6827 131
8876 132
7080 133
5003 134
5927 135
8506 136
6390 137
2711 138
1493 139
7447 140
2958 141
6197 142
6112 143
1259 144
7943 145
1823 146
1275 147
5510 148
4514 149
1242 150
6838 151
4268 152
5422 153
6106 154
4963 155
2388 156
7690 157
1215 158
404 159
6679 160
2515 161
8438 162
5833 163
2858 164
7993 165
1208 166
7210 167
8673 168
1807 169
1725 170
8369 171
2837 172
3923 173
821 174
7569 175
8234 176
2904 177
373 178
1149 179
4973 180
3964 181
1707 182
7997 183
3645 184
2664 185
6007 186
5462 187
3450 188
2132 189
6452 190
159 191
3749 192
8193 193
3929 194
3020 195
2695 196
1236 197
1142 198
8479 199
4350 200
8923 201
1155 202
9341 203
1142 204
4310 205
3132 206
5414 207
6006 208
3754 209
6156 210
3660 211
442 212
7705 213
527 214
790 215
3468 216
6580 217
8800 218
8695 219
6256 220
527 221
4121 222
4443 223
586 224
3696 225
8378 226
4562 227
180 228
5120 229
3950 230
2946 231
786 232
1016 233
7668 234
829 235
1534 236
421 237
6969 238
4284 239
1727 240
6596 241
4632 242
9075 243
9474 244
5489 245
2716 246
3188 247
7852 248
2979 249
8284 250
1371 251
6778 252
2908 253
1099 254
5369 255
1740 256
5669 257
3920 258
4512 259
2369 260
1170 261
2568 262
3998 263
7105 264
6396 265
852 266
2348 267
7287 268
8438 269
5112 270
537 271
4936 272
1893 273
1850 274
6120 275
3578 276
7540 277
8148 278
4714 279
2636 280
4713 281
9321 282
6369 283
6186 284
3213 285
6711 286
2926 287
1856 288
7671 289
5454 290
913 291
7600 292
7582 293
3861 294
6481 295
7037 296
3662 297
8986 298
9421 299
9451 300
2651 301
8240 302
6155 303
3452 304
6485 305
6253 306
3804 307
7196 308
1285 309
8372 310
1412 311
776 312
8410 313
7773 314
340 315
1691 316
2393 317
7322 318
7554 319
352 320
6846 321
7305 322
5791 323
5206 324
8884 325
3744 326
8989 327
9344 328
8651 329
4372 330
4232 331
2098 332
192 333
2914 334
410 335
6365 336
8763 337
5971 338
6325 339
1674 340
4097 341
3269 342
1515 343
8360 344
351 345
2926 346
4935 347
4539 348
4365 349
7770 350
980 351
3397 352
3709 353
1373 354
4288 355
584 356
5553 357
8608 358
9414 359
1608 360
2573 361
2302 362
8487 363
5247 364
805 365
7368 366
3816 367
7248 368
4743 369
2076 370
7402 371
6582 372
4543 373
8611 374
3330 375
7803 376
6463 377
3622 378
5267 379
9005 380
5393 381
4512 382
3047 383
5924 384
9453 385
5490 386
8620 387
2493 388
5178 389
2032 390
7785 391
3449 392
2898 393
7018 394
7539 395
273 396
6999 397
5102 398
7721 399
9280 400
8809 401
2874 402
397 403
3795 404
9448 405
6584 406
5559 407
6322 408
6385 409
8053 410
2007 411
6754 412
7946 413
3401 414
2224 415
7721 416
6376 417
2226 418
2160 419
7109 420
5869 421
8687 422
6820 423
4157 424
8726 425
5947 426
6740 427
5366 428
894 429
4063 430
7958 431
261 432
8037 433
2858 434
4995 435
2372 436
3194 437
5827 438
4979 439
1281 440
794 441
3795 442
6513 443
2459 444
3622 445
3759 446
829 447
4259 448
2258 449
3020 450
6315 451
5806 452
64 453
2210 454
6747 455
8054 456
4172 457
4719 458
2024 459
7743 460
9145 461
8338 462
6376 463
6923 464
7987 465
8704 466
5821 467
5150 468
9217 469
3516 470
5531 471
8361 472
2811 473
2897 474
2406 475
8861 476
8881 477
2176 478
1427 479
2986 480
1558 481
4073 482
2929 483
6509 484
3352 485
280 486
4894 487
4168 488
5981 489
2834 490
1695 491
90 492
8322 493
7883 494
3467 495
2381 496
8856 497
2138 498
7851 499
3701 500
5195 501
3523 502
8067 503
1044 504
4677 505
5465 506
3540 507
5068 508
9454 509
1676 510
9188 511
4087 512
8934 513
5722 514
614 515
558 516
7896 517
5406 518
4323 519
6764 520
965 521
7898 522
2183 523
4028 524
2549 525
2190 526
6407 527
7378 528
8776 529
8705 530
7028 531
6828 532
4860 533
8858 534
8187 535
535 536
7294 537
7902 538
7358 539
6685 540
6975 541
3229 542
4131 543
1481 544
1274 545
1773 546
1977 547
707 548
8505 549
377 550
718 551
3976 552
3337 553
7737 554
4597 555
4008 556
5644 557
3339 558
8625 559
7653 560
1506 561
1353 562
8877 563
4393 564
2525 565
8314 566
6522 567
1601 568
4625 569
1584 570
28 571
5968 572
7801 573
284 574
2655 575
5333 576
7103 577
2132 578
4879 579
5085 580
5553 581
6264 582
4573 583
37 584
8925 585
1997 586
5507 587
7489 588
7343 589
7443 590
2968 591
4802 592
8274 593
1552 594
8801 595
1097 596
8331 597
256 598
5261 599
4353 600
9381 601
5926 602
846 603
4329 604
2246 605
9364 606
1704 607
5218 608
3437 609
6543 610
7948 611
7891 612
659 613
991 614
1724 615
4655 616
7182 617
3266 618
1886 619
2959 620
2785 621
7524 622
3981 623
2704 624
6805 625
789 626
9358 627
2268 628
2815 629
1428 630
4546 631
6388 632
4890 633
7009 634
6527 635
1259 636
672 637
5250 638
422 639
8890 640
5546 641
1432 642
8874 643
103 644
5931 645
911 646
4455 647
9426 648
1705 649
3658 650
8629 651
426 652
824 653
8871 654
5343 655
9417 656
4928 657
8650 658
3735 659
2193 660
8161 661
3795 662
8667 663
7855 664
7778 665
2140 666
3630 667
8670 668
2363 669
2548 670
4508 671
2640 672
5290 673
6651 674
4827 675
7587 676
4485 677
8982 678
215 679
162 680
3085 681
9252 682
1247 683
2128 684
3798 685
8428 686
7301 687
5731 688
7374 689
5769 690
2518 691
1035 692
9263 693
2608 694
8956 695
2654 696
5599 697
6363 698
1865 699
7526 700
8845 701
6118 702
3554 703
6104 704
1717 705
1679 706
3630 707
7416 708
5763 709
8147 710
9201 711
2783 712
1240 713
6931 714
3074 715
3625 716
9185 717
4490 718
3382 719
2450 720
801 721
754 722
5532 723
7314 724
8799 725
8836 726
1566 727
8152 728
3549 729
1798 730
6338 731
5787 732
3998 733
3202 734
2532 735
811 736
464 737
4127 738
6191 739
3690 740
481 741
379 742
3586 743
2217 744
5265 745
5822 746
8686 747
6717 748
661 749
4454 750
5168 751
6504 752
6616 753
4199 754
2558 755
5896 756
2115 757
5491 758
7093 759
9152 760
4631 761
1243 762
1158 763
8073 764
9121 765
1474 766
1356 767
7369 768
8627 769
3511 770
6852 771
719 772
8608 773
1154 774
540 775
7413 776
3150 777
2869 778
4200 779
2565 780
8790 781
8087 782
573 783
5930 784
2166 785
4309 786
6648 787
7798 788
6878 789
6079 790
8880 791
6802 792
9432 793
5174 794
1856 795
1958 796
2379 797
209 798
2387 799
1530 800
6455 801
7720 802
3019 803
985 804
3368 805
8143 806
7657 807
9457 808
3707 809
2652 810
2996 811
3108 812
7668 813
8453 814
4375 815
88 816
1391 817
5496 818
161 819
4039 820
1209 821
799 822
7418 823
4483 824
84 825
6573 826
8534 827
1002 828
4155 829
3777 830
6106 831
7102 832
7286 833
372 834
6042 835
9368 836
3939 837
2740 838
5047 839
4531 840
3221 841
4253 842
8383 843
3676 844
6370 845
5416 846
7978 847
4932 848
8262 849
1832 850
8389 851
4392 852
5743 853
1642 854
3774 855
4105 856
511 857
8527 858
8260 859
4089 860
6953 861
1491 862
8547 863
1841 864
8797 865
7242 866
5854 867
9463 868
5858 869
7533 870
6455 871
5820 872
7889 873
8201 874
437 875
6441 876
327 877
1735 878
2317 879
1112 880
1542 881
4777 882
4616 883
5316 884
1427 885
7631 886
471 887
2710 888
6955 889
782 890
5590 891
2540 892
6723 893
8875 894
6938 895
871 896
2976 897
9201 898
6281 899
5105 900
1219 901
1824 902
747 903
3419 904
8788 905
3964 906
5467 907
3233 908
4567 909
8021 910
5073 911
9015 912
6308 913
517 914
8276 915
3315 916
8546 917
5635 918
2067 919
8922 920
9195 921
696 922
9226 923
9168 924
1048 925
5546 926
4645 927
5717 928
1833 929
2027 930
1526 931
6777 932
2517 933
246 934
8946 935
1558 936
9106 937
7525 938
8324 939
7359 940
4809 941
2481 942
2437 943
8989 944
9312 945
238 946
6216 947
8599 948
4716 949
