950 1450
3251 0
6303 1
1970 2
2379 3
9182 4
8744 5
3414 6
2850 7
9058 8
1300 9
4068 10
5234 11
3875 12
2008 13
9488 14
3916 15
3292 16
7822 17
7799 18
4884 19
8598 20
5363 21
3247 22
2226 23
4798 24
1257 25
9226 26
7480 27
7779 28
1256 29
1083 30
4951 31
1651 32
2359 33
7748 34
7457 35
217 36
5429 37
5509 38
4969 39
7652 40
5802 41
7434 42
3127 43
3366 44
6649 45
8420 46
5028 47
2376 48
3973 49
4078 50
9367 51
2902 52
9390 53
9065 54
2305 55
3095 56
2234 57
2621 58
1522 59
7747 60
2833 61
1543 62
7049 63
518 64
3181 65
6948 66
5156 67
9229 68
6282 69
4115 70
5085 71
4380 72
1012 73
5951 74
4561 75
8585 76
3464 77
8928 78
3925 79
9198 80
7988 81
216 82
7120 83
2340 84
8525 85
5853 86
3625 87
5324 88
7199 89
7047 90
8365 91
9348 92
5541 93
4687 94
5884 95
6082 96
1354 97
3831 98
6448 99
159 100
1180 101
704 102
5561 103
8344 104
8143 105
4856 106
6025 107
4690 108
7584 109
5922 110
5323 111
6885 112
3278 113
2355 114
183 115
6487 116
4521 117
569 118
6021 119
2801 120
1870 121
6289 122
7879 123
1597 124
6783 125
6719 126
7226 127
6306 128
5352 129
473 130
6093 131
1221 132
8966 133
2803 134
889 135
5364 136
6109 137
2491 138
8969 139
152 140
7349 141
598 142
8619 143
8338 144
5254 145
4981 146
5469 147
7074 148
8476 149
2683 150
2704 151
9060 152
4531 153
8882 154
1754 155
1459 156
168 157
7306 158
4781 159
3374 160
9261 161
6787 162
8115 163
3928 164
8661 165
1620 166
55 167
929 168
8467 169
9073 170
9465 171
4955 172
8114 173
703 174
16 175
7451 176
5294 177
966 178
9218 179
7112 180
1542 181
6961 182
2442 183
303 184
5978 185
6389 186
6375 187
3012 188
9386 189
431 190
4572 191
89 192
2289 193
2602 194
7096 195
3983 196
8050 197
5584 198
9125 199
1972 200
1121 201
5000 202
6563 203
5266 204
7794 205
3855 206
9396 207
4667 208
7471 209
3014 210
273 211
922 212
7705 213
7054 214
3966 215
6455 216
6379 217
5324 218
264 219
6892 220
7782 221
4053 222
8169 223
3557 224
1247 225
5646 226
5363 227
8990 228
2797 229
6182 230
3835 231
2382 232
2802 233
2117 234
712 235
1114 236
4218 237
1475 238
4908 239
991 240
4420 241
3585 242
1258 243
4937 244
4775 245
6315 246
3985 247
4976 248
4009 249
6084 250
5858 251
6370 252
6757 253
4800 254
535 255
7088 256
162 257
493 258
4144 259
73 260
7063 261
2838 262
4975 263
6028 264
8344 265
1203 266
5730 267
2210 268
6743 269
8888 270
2056 271
1560 272
5966 273
1250 274
8166 275
6091 276
710 277
4903 278
9089 279
3886 280
6857 281
4922 282
8727 283
7592 284
6612 285
6609 286
8605 287
835 288
657 289
1165 290
5632 291
5455 292
6054 293
6176 294
8625 295
2745 296
7103 297
9258 298
1788 299
5277 300
101 301
7330 302
3455 303
3659 304
8228 305
3446 306
1993 307
2032 308
9174 309
2134 310
8225 311
3304 312
1846 313
8728 314
2018 315
8153 316
2703 317
1062 318
2270 319
8527 320
1128 321
4066 322
6669 323
4532 324
4639 325
9426 326
4930 327
2076 328
5580 329
8315 330
6975 331
2140 332
1291 333
4441 334
5710 335
9237 336
7721 337
1949 338
2682 339
3823 340
7450 341
9262 342
5657 343
4058 344
8726 345
881 346
7313 347
4265 348
1570 349
3399 350
1262 351
7720 352
6146 353
776 354
5324 355
3651 356
7877 357
3125 358
1648 359
6806 360
450 361
8882 362
4980 363
2254 364
3975 365
2806 366
7380 367
7811 368
2164 369
8658 370
8638 371
4588 372
8083 373
6582 374
7624 375
2887 376
343 377
3543 378
6672 379
6330 380
4198 381
5718 382
3839 383
4304 384
5009 385
7938 386
3839 387
118 388
8697 389
9313 390
7686 391
388 392
3325 393
6003 394
4703 395
2271 396
3725 397
6500 398
1146 399
2734 400
4974 401
1488 402
3683 403
6327 404
8245 405
7399 406
2036 407
825 408
2498 409
7090 410
4128 411
9432 412
8059 413
6183 414
1980 415
6458 416
6110 417
380 418
8719 419
9425 420
8726 421
4036 422
3522 423
4261 424
8431 425
1120 426
6840 427
2224 428
2953 429
7576 430
4183 431
3379 432
4131 433
6984 434
2014 435
894 436
5420 437
3758 438
817 439
1507 440
7011 441
3815 442
2385 443
8292 444
8593 445
7511 446
223 447
4313 448
7006 449
6337 450
6186 451
7321 452
4247 453
6566 454
6636 455
4715 456
6795 457
2047 458
9342 459
7211 460
2740 461
492 462
3672 463
6570 464
1618 465
986 466
1251 467
8563 468
5961 469
8179 470
3328 471
518 472
2537 473
8346 474
5175 475
8565 476
6026 477
5223 478
3769 479
8205 480
3307 481
3720 482
7073 483
6635 484
3444 485
155 486
3205 487
3077 488
5087 489
3764 490
1016 491
4986 492
9202 493
1243 494
7840 495
4064 496
1859 497
6574 498
5980 499
6531 500
489 501
894 502
3489 503
7300 504
5115 505
4836 506
7076 507
4228 508
8407 509
5995 510
8310 511
3811 512
8721 513
6429 514
8459 515
3933 516
6828 517
8570 518
2833 519
8486 520
5262 521
2191 522
3553 523
3114 524
186 525
8967 526
1280 527
2015 528
7522 529
2127 530
5092 531
2006 532
80 533
8857 534
5059 535
675 536
2505 537
4434 538
279 539
2571 540
6515 541
318 542
6690 543
9110 544
8207 545
4679 546
4014 547
8414 548
6478 549
617 550
6818 551
428 552
3497 553
5895 554
5135 555
3516 556
8374 557
3674 558
4990 559
1564 560
2878 561
7715 562
3931 563
492 564
9473 565
663 566
2941 567
9135 568
3718 569
1836 570
4364 571
7618 572
1348 573
2796 574
2500 575
805 576
1977 577
6751 578
6215 579
5905 580
6592 581
354 582
3781 583
6528 584
6912 585
2546 586
2828 587
5135 588
8388 589
106 590
7912 591
3369 592
1151 593
2519 594
3864 595
4353 596
8136 597
5404 598
6628 599
6632 600
5960 601
8189 602
212 603
4353 604
6452 605
1665 606
7550 607
8378 608
6169 609
6763 610
7582 611
672 612
7292 613
450 614
8611 615
6714 616
5827 617
6160 618
5149 619
8214 620
6395 621
649 622
522 623
5143 624
4605 625
9041 626
3150 627
8967 628
225 629
2772 630
8546 631
8175 632
288 633
2471 634
6231 635
9382 636
7423 637
6128 638
6483 639
3804 640
1967 641
1278 642
1841 643
2999 644
5973 645
3153 646
7809 647
3209 648
188 649
2378 650
8560 651
8785 652
7909 653
217 654
5480 655
6850 656
6885 657
4195 658
3790 659
8273 660
4347 661
2585 662
2553 663
5983 664
8049 665
3467 666
6705 667
6702 668
1053 669
1662 670
2955 671
8962 672
5735 673
6575 674
8036 675
7299 676
5261 677
749 678
2164 679
8476 680
640 681
2042 682
315 683
8414 684
9366 685
5056 686
816 687
1606 688
2806 689
941 690
5957 691
519 692
6389 693
363 694
5979 695
3767 696
639 697
2230 698
942 699
670 700
2296 701
9198 702
1146 703
9114 704
4334 705
8923 706
3436 707
2126 708
2305 709
6530 710
1911 711
8120 712
271 713
7274 714
7023 715
4460 716
2945 717
5522 718
4486 719
8803 720
447 721
2905 722
2828 723
8983 724
6213 725
6864 726
9372 727
6185 728
5621 729
6505 730
1869 731
3532 732
6183 733
6238 734
9109 735
4805 736
9340 737
1324 738
2535 739
8842 740
788 741
4816 742
2481 743
2513 744
5345 745
4374 746
3433 747
5928 748
326 749
9284 750
7189 751
4404 752
9243 753
7341 754
3458 755
3014 756
8194 757
6812 758
8185 759
9253 760
8577 761
1532 762
4323 763
9056 764
490 765
5102 766
4241 767
6982 768
8887 769
3834 770
1249 771
2272 772
136 773
3001 774
4859 775
794 776
1691 777
3946 778
5851 779
243 780
4882 781
7499 782
6185 783
2577 784
6813 785
2685 786
5200 787
1545 788
6118 789
6505 790
8618 791
1852 792
5377 793
4957 794
7009 795
6686 796
6532 797
3594 798
6234 799
1900 800
858 801
9268 802
5863 803
7783 804
2135 805
6988 806
6486 807
2013 808
8046 809
2170 810
2815 811
1785 812
7813 813
3569 814
2663 815
2322 816
8179 817
5151 818
2749 819
5284 820
2197 821
978 822
7102 823
6575 824
3305 825
1131 826
7641 827
5575 828
564 829
7031 830
6224 831
512 832
283 833
8977 834
2148 835
1584 836
6837 837
1434 838
2951 839
3375 840
2472 841
4055 842
9468 843
4866 844
8795 845
8695 846
6853 847
6888 848
2862 849
631 850
5356 851
1283 852
4500 853
3637 854
141 855
8416 856
3444 857
8585 858
7893 859
1481 860
6936 861
1533 862
1539 863
434 864
3753 865
6491 866
9486 867
1321 868
5009 869
7061 870
7886 871
4485 872
8844 873
2555 874
7390 875
7963 876
4451 877
3675 878
54 879
6957 880
8608 881
2201 882
3877 883
8835 884
348 885
4705 886
2743 887
1819 888
367 889
5198 890
5101 891
3752 892
3955 893
8544 894
3959 895
3694 896
8771 897
4249 898
3279 899
7488 900
9372 901
9041 902
2276 903
6960 904
9441 905
3807 906
5933 907
5567 908
8652 909
3573 910
7595 911
309 912
6558 913
9091 914
8651 915
6399 916
4824 917
3031 918
570 919
3463 920
3120 921
5974 922
8362 923
3532 924
6097 925
7937 926
149 927
2581 928
5130 929
9481 930
2914 931
732 932
1018 933
2724 934
2480 935
8695 936
2818 937
1255 938
6202 939
8273 940
7331 941
677 942
3391 943
5678 944
7610 945
7708 946
5342 947
4223 948
4017 949
