900 1300
6806 0
3132 1
5193 2
2921 3
3591 4
7957 5
2507 6
3705 7
1083 8
8771 9
345 10
7869 11
281 12
5215 13
8724 14
3079 15
5270 16
7307 17
516 18
7615 19
2242 20
232 21
5961 22
5133 23
7680 24
1018 25
1698 26
6937 27
5815 28
6308 29
1499 30
6054 31
7567 32
7798 33
4411 34
1199 35
3186 36
3302 37
755 38
3118 39
3296 40
6228 41
7573 42
3943 43
3974 44
4864 45
2887 46
1185 47
7910 48
8697 49
3492 50
7983 51
4266 52
6205 53
905 54
7412 55
692 56
8977 57
5582 58
5382 59
3156 60
4520 61
4260 62
245 63
3922 64
5816 65
7864 66
3832 67
1944 68
5606 69
8371 70
8691 71
3239 72
2333 73
388 74
4721 75
4850 76
630 77
4509 78
7318 79
8746 80
8888 81
3409 82
5952 83
7133 84
592 85
4889 86
7998 87
1716 88
649 89
1960 90
8408 91
7797 92
7817 93
7188 94
188 95
2638 96
4821 97
101 98
1587 99
8029 100
8491 101
7169 102
7864 103
4576 104
3512 105
2494 106
1113 107
5022 108
298 109
7929 110
2152 111
789 112
5506 113
3180 114
4505 115
8455 116
156 117
5186 118
6933 119
2533 120
3076 121
3100 122
671 123
8510 124
8110 125
3980 126
5149 127
7248 128
4144 129
2024 130
7968 131
312 132
5051 133
5912 134
1143 135
7929 136
7768 137
615 138
2026 139
1541 140
6651 141
8673 142
1297 143
1881 144
2903 145
2517 146
4673 147
6863 148
8481 149
3987 150
7839 151
7823 152
3453 153
7190 154
2180 155
3749 156
7116 157
3210 158
8752 159
97 160
4711 161
6626 162
8645 163
4063 164
2307 165
2655 166
2930 167
2968 168
6585 169
7505 170
5541 171
7716 172
7747 173
1114 174
8094 175
6008 176
3013 177
7519 178
7249 179
4255 180
1511 181
8269 182
6033 183
6619 184
8302 185
1865 186
3551 187
8292 188
5459 189
4976 190
5299 191
5139 192
6964 193
7112 194
8273 195
4000 196
2918 197
7999 198
4205 199
3866 200
7442 201
483 202
2242 203
2297 204
4063 205
2324 206
5863 207
1676 208
7457 209
8673 210
1885 211
1187 212
6821 213
4980 214
6231 215
6595 216
8582 217
5691 218
621 219
8453 220
2511 221
5040 222
6246 223
2947 224
1840 225
8124 226
2661 227
6353 228
3407 229
1866 230
6954 231
447 232
916 233
6805 234
5095 235
3736 236
4628 237
1003 238
2305 239
7702 240
8710 241
6205 242
4247 243
3713 244
2721 245
1009 246
3855 247
25 248
1513 249
5696 250
8886 251
5779 252
6717 253
745 254
8938 255
7237 256
5168 257
4347 258
5534 259
8334 260
6462 261
5832 262
5507 263
4936 264
3548 265
5959 266
5286 267
6755 268
1229 269
3524 270
7184 271
751 272
3085 273
6755 274
8167 275
5533 276
1543 277
7716 278
1421 279
5283 280
6254 281
8425 282
4953 283
1134 284
5185 285
1409 286
2883 287
427 288
7577 289
7243 290
866 291
606 292
6227 293
471 294
3603 295
8539 296
4048 297
3790 298
3460 299
6641 300
6230 301
8039 302
3855 303
4447 304
3035 305
5095 306
8098 307
2913 308
1120 309
7537 310
4981 311
1794 312
1317 313
7373 314
854 315
5254 316
6386 317
5743 318
6111 319
5262 320
6770 321
6377 322
6579 323
2082 324
7912 325
2345 326
243 327
354 328
6041 329
5671 330
2660 331
4998 332
4805 333
1858 334
6675 335
8836 336
1842 337
8536 338
5447 339
5728 340
6363 341
4471 342
1033 343
6306 344
3194 345
4847 346
6425 347
6463 348
1696 349
7571 350
6954 351
3858 352
2248 353
316 354
32 355
5748 356
6 357
847 358
8311 359
5252 360
6903 361
3536 362
1274 363
7630 364
625 365
762 366
8612 367
4373 368
550 369
6873 370
6707 371
6799 372
4508 373
6946 374
746 375
4259 376
1458 377
7849 378
1979 379
6629 380
521 381
919 382
1954 383
27 384
2570 385
4934 386
3750 387
5680 388
769 389
3068 390
294 391
7720 392
1202 393
3090 394
1843 395
6048 396
6048 397
7867 398
2394 399
6507 400
6703 401
7138 402
3946 403
8624 404
5668 405
5491 406
6959 407
5995 408
2491 409
7125 410
1902 411
2619 412
4841 413
8831 414
4673 415
2402 416
8421 417
7676 418
3356 419
1873 420
5807 421
4909 422
5909 423
2757 424
6318 425
4230 426
8189 427
1522 428
7486 429
6052 430
8366 431
6663 432
3965 433
4885 434
5600 435
5637 436
6485 437
2986 438
6278 439
4181 440
396 441
6983 442
1597 443
8748 444
7781 445
7604 446
2321 447
5675 448
159 449
7029 450
357 451
6859 452
3513 453
691 454
2876 455
8935 456
6496 457
5115 458
222 459
1171 460
2182 461
7671 462
6762 463
5464 464
4770 465
8678 466
4489 467
4876 468
7708 469
2385 470
4238 471
2252 472
2612 473
3739 474
5864 475
3612 476
7434 477
8878 478
1010 479
3032 480
5795 481
8836 482
3770 483
5237 484
5367 485
7325 486
8005 487
4961 488
6503 489
2555 490
4291 491
6949 492
5618 493
4853 494
2144 495
3816 496
1882 497
4988 498
7817 499
7676 500
7762 501
6176 502
3567 503
5944 504
2434 505
5799 506
7243 507
1270 508
4469 509
2602 510
2798 511
3358 512
4571 513
1294 514
393 515
7697 516
6069 517
8218 518
4722 519
2643 520
4929 521
8478 522
5065 523
2165 524
8413 525
5415 526
1764 527
943 528
1592 529
3483 530
7807 531
2217 532
7879 533
2723 534
7518 535
4235 536
7306 537
7534 538
1829 539
7238 540
7612 541
3517 542
2514 543
8621 544
2392 545
5678 546
4057 547
630 548
5244 549
4421 550
8678 551
4862 552
3156 553
8076 554
2941 555
6883 556
2894 557
2335 558
4041 559
1398 560
3163 561
5204 562
2622 563
2812 564
8558 565
8493 566
7070 567
6469 568
8666 569
5064 570
1134 571
6997 572
2465 573
4548 574
1447 575
141 576
3945 577
3357 578
5700 579
8979 580
828 581
2888 582
5471 583
3190 584
2145 585
7471 586
5393 587
3970 588
2035 589
7294 590
6059 591
2887 592
5551 593
8065 594
7216 595
8093 596
6496 597
371 598
2932 599
3655 600
8918 601
8906 602
7172 603
2466 604
1074 605
3944 606
5683 607
2666 608
3761 609
3123 610
751 611
4285 612
459 613
1659 614
7960 615
6065 616
6883 617
7998 618
5144 619
6652 620
5732 621
7478 622
1521 623
6813 624
6277 625
985 626
6717 627
3562 628
4607 629
2994 630
1657 631
6458 632
6397 633
3113 634
4850 635
136 636
4515 637
1970 638
4981 639
1269 640
6707 641
8198 642
1005 643
7793 644
8857 645
479 646
3146 647
3581 648
154 649
5690 650
7715 651
1034 652
1372 653
8388 654
1252 655
2858 656
5537 657
6241 658
6219 659
1248 660
8 661
8092 662
487 663
8479 664
8512 665
8923 666
4056 667
3706 668
8638 669
8940 670
5637 671
1058 672
6593 673
4232 674
1044 675
6061 676
71 677
4265 678
3722 679
1962 680
3382 681
6106 682
6234 683
6139 684
8190 685
8576 686
6324 687
256 688
1905 689
3576 690
994 691
1694 692
1222 693
2968 694
6393 695
5829 696
6397 697
4723 698
8847 699
1196 700
2136 701
8987 702
7839 703
8619 704
7257 705
202 706
1649 707
4657 708
6275 709
3705 710
1875 711
5466 712
4837 713
6551 714
3802 715
8988 716
6304 717
8619 718
6676 719
3616 720
2745 721
1681 722
8949 723
4492 724
2072 725
2789 726
8347 727
5143 728
4665 729
3053 730
1153 731
3976 732
6609 733
1512 734
452 735
8690 736
5708 737
2393 738
8234 739
7914 740
2631 741
4272 742
7693 743
4974 744
2448 745
4947 746
4991 747
6666 748
4977 749
895 750
6952 751
8819 752
5446 753
6287 754
8569 755
551 756
3612 757
6678 758
6048 759
7148 760
7821 761
5897 762
2750 763
4784 764
1163 765
6905 766
2813 767
8210 768
8894 769
6233 770
1408 771
2644 772
8904 773
8102 774
7890 775
7727 776
6378 777
7853 778
1324 779
5179 780
8188 781
5665 782
485 783
2767 784
7887 785
3872 786
3211 787
8875 788
2562 789
2950 790
5991 791
1580 792
954 793
1332 794
4321 795
1090 796
3120 797
8628 798
3836 799
2473 800
7055 801
6152 802
8730 803
6788 804
3151 805
8818 806
6438 807
8427 808
7377 809
4312 810
2494 811
8630 812
3357 813
7776 814
4856 815
3916 816
2047 817
8337 818
2402 819
5737 820
8524 821
6031 822
3069 823
5089 824
2054 825
4993 826
5095 827
5465 828
7565 829
2684 830
1429 831
6256 832
1785 833
1541 834
3386 835
1082 836
7416 837
8392 838
7560 839
1020 840
8588 841
3282 842
4397 843
6759 844
6931 845
2566 846
4195 847
7617 848
7041 849
3211 850
3028 851
825 852
7925 853
451 854
5664 855
2068 856
5812 857
5082 858
6114 859
4388 860
8333 861
8159 862
5031 863
6459 864
2527 865
1355 866
138 867
1446 868
3033 869
7708 870
4538 871
6130 872
8176 873
7271 874
5600 875
7374 876
3569 877
703 878
3332 879
5668 880
1322 881
7059 882
4999 883
5763 884
4251 885
1182 886
833 887
1467 888
6897 889
1512 890
3710 891
847 892
4646 893
2603 894
3331 895
1801 896
3164 897
6019 898
3711 899
