900 850
7877 0
3948 1
669 2
4139 3
3679 4
1414 5
2884 6
884 7
5764 8
1774 9
3060 10
1047 11
546 12
3191 13
2682 14
8167 15
6080 16
3098 17
4734 18
2198 19
8371 20
5911 21
3297 22
1912 23
4185 24
2420 25
6371 26
5634 27
3100 28
6058 29
8901 30
3049 31
1035 32
3454 33
1320 34
7088 35
5900 36
6714 37
8895 38
5780 39
1573 40
8267 41
7239 42
672 43
4499 44
4074 45
36 46
3843 47
7681 48
3010 49
4560 50
6046 51
4257 52
1583 53
7928 54
227 55
6780 56
7812 57
3725 58
4121 59
1292 60
5380 61
777 62
4315 63
6055 64
4143 65
4735 66
1553 67
5517 68
605 69
996 70
5541 71
7527 72
1856 73
3849 74
7647 75
5701 76
7475 77
8323 78
7887 79
8327 80
4066 81
5233 82
1850 83
6358 84
1366 85
3829 86
4486 87
5619 88
6195 89
998 90
569 91
1294 92
4497 93
287 94
498 95
5952 96
462 97
2610 98
424 99
6886 100
292 101
5752 102
4965 103
3707 104
8242 105
8455 106
2409 107
2316 108
2411 109
1786 110
2888 111
2738 112
4760 113
4758 114
7638 115
519 116
8860 117
553 118
2800 119
6718 120
313 121
5347 122
2121 123
341 124
1427 125
479 126
3270 127
1652 128
5406 129
4037 130
6196 131
1127 132
7259 133
4791 134
3950 135
5833 136
1341 137
2598 138
6149 139
4287 140
5737 141
2635 142
3752 143
7868 144
5999 145
6821 146
3944 147
7822 148
6636 149
1524 150
6632 151
1636 152
6889 153
1614 154
4948 155
8461 156
5943 157
5053 158
2275 159
1998 160
3565 161
2731 162
980 163
5374 164
1688 165
8165 166
4909 167
8535 168
6491 169
4345 170
909 171
6708 172
1030 173
840 174
2231 175
6907 176
3476 177
2890 178
8147 179
1220 180
8450 181
8251 182
6063 183
4572 184
2604 185
6417 186
4722 187
8476 188
2350 189
5526 190
8177 191
6816 192
623 193
8771 194
424 195
5280 196
229 197
5758 198
449 199
5979 200
4272 201
6248 202
6484 203
3899 204
5767 205
7357 206
7243 207
5752 208
1582 209
4972 210
3937 211
7279 212
8459 213
4608 214
2455 215
8615 216
487 217
6543 218
480 219
6645 220
7782 221
8286 222
7660 223
1824 224
7331 225
23 226
7000 227
1530 228
2771 229
5125 230
6439 231
3729 232
1998 233
7142 234
3821 235
4842 236
6587 237
6052 238
5707 239
7349 240
8324 241
1010 242
4754 243
5933 244
2880 245
990 246
1643 247
4399 248
7935 249
6076 250
4183 251
345 252
4565 253
6986 254
50 255
8147 256
4060 257
6565 258
4243 259
8186 260
8891 261
5596 262
1843 263
5826 264
7876 265
2303 266
1511 267
5714 268
6036 269
8256 270
2793 271
7901 272
2198 273
91 274
6228 275
2852 276
2769 277
1882 278
8843 279
8102 280
5371 281
5720 282
4527 283
8599 284
2836 285
4744 286
1188 287
1562 288
8494 289
901 290
5347 291
2146 292
2084 293
8594 294
8211 295
7993 296
5471 297
2422 298
4595 299
824 300
2426 301
4361 302
3962 303
3337 304
1006 305
5397 306
5338 307
6320 308
3284 309
1908 310
680 311
8406 312
8967 313
5339 314
5555 315
3903 316
1331 317
5365 318
7956 319
4684 320
6804 321
3449 322
8297 323
8373 324
5588 325
3000 326
2435 327
4919 328
8895 329
2687 330
2840 331
8775 332
7322 333
4527 334
8215 335
5138 336
3540 337
1513 338
3697 339
8612 340
5258 341
3605 342
4831 343
880 344
1213 345
4677 346
7547 347
2333 348
3813 349
2597 350
5125 351
3421 352
1216 353
7700 354
5764 355
7689 356
6186 357
5688 358
919 359
5066 360
5368 361
337 362
3342 363
8415 364
5189 365
7123 366
3517 367
2386 368
2177 369
5894 370
1903 371
6400 372
2398 373
8468 374
3465 375
5418 376
8679 377
5715 378
7140 379
7039 380
5491 381
1265 382
4824 383
7977 384
3182 385
6228 386
141 387
7706 388
8968 389
4266 390
5844 391
8022 392
5310 393
1862 394
3467 395
4749 396
6016 397
7878 398
2180 399
5963 400
5284 401
4956 402
6046 403
5154 404
27 405
3796 406
722 407
3925 408
475 409
525 410
489 411
8984 412
3434 413
4492 414
3085 415
254 416
4557 417
5847 418
7602 419
8983 420
7094 421
5717 422
5600 423
2824 424
3578 425
2007 426
7863 427
2880 428
2556 429
7893 430
6218 431
6823 432
8750 433
205 434
4055 435
2141 436
1267 437
4521 438
748 439
1894 440
3550 441
5264 442
7038 443
6236 444
7996 445
512 446
8007 447
4752 448
6493 449
8844 450
6557 451
8232 452
777 453
661 454
8270 455
4288 456
5366 457
5069 458
3650 459
6135 460
7671 461
6354 462
3027 463
2380 464
5871 465
2553 466
4966 467
6291 468
112 469
5055 470
4523 471
138 472
4562 473
5162 474
3455 475
8669 476
6700 477
4961 478
7871 479
3406 480
335 481
418 482
4222 483
3183 484
8792 485
367 486
69 487
3625 488
7603 489
6942 490
2839 491
607 492
2353 493
5750 494
7481 495
7450 496
2913 497
6395 498
8304 499
4997 500
1864 501
3512 502
5898 503
7831 504
1644 505
1281 506
2734 507
4771 508
7623 509
4673 510
2102 511
7147 512
5873 513
3383 514
6748 515
644 516
5727 517
3390 518
5354 519
1216 520
1469 521
2038 522
539 523
5021 524
4315 525
2645 526
927 527
2431 528
3646 529
1967 530
3842 531
2523 532
8824 533
2462 534
8373 535
4155 536
4448 537
4986 538
4711 539
8465 540
8613 541
8467 542
1267 543
6244 544
6714 545
2752 546
8927 547
5752 548
5748 549
659 550
6166 551
1113 552
7499 553
189 554
2570 555
7092 556
1032 557
58 558
7107 559
127 560
590 561
7294 562
2342 563
3239 564
4139 565
5178 566
658 567
3287 568
6207 569
6216 570
2124 571
500 572
6597 573
8549 574
3318 575
8986 576
16 577
2782 578
1466 579
8445 580
8422 581
2315 582
6780 583
4856 584
6160 585
2936 586
6218 587
3022 588
6754 589
3536 590
3794 591
7446 592
8560 593
2022 594
5060 595
5063 596
6354 597
5388 598
8796 599
1041 600
540 601
7148 602
1012 603
5323 604
3366 605
3565 606
6791 607
6472 608
7976 609
3814 610
1890 611
8876 612
7769 613
6486 614
1480 615
4680 616
6672 617
7107 618
4155 619
4521 620
1877 621
428 622
4837 623
199 624
1241 625
3988 626
3870 627
6679 628
2518 629
5501 630
1602 631
2284 632
6999 633
7099 634
281 635
2497 636
7144 637
1541 638
5633 639
8282 640
6064 641
2303 642
7003 643
8013 644
4271 645
2576 646
3774 647
3619 648
5875 649
3733 650
4745 651
1232 652
3969 653
2410 654
1073 655
1494 656
6586 657
5201 658
902 659
617 660
1452 661
5043 662
1188 663
3869 664
1152 665
6572 666
5775 667
5050 668
6627 669
8823 670
7162 671
3460 672
4954 673
3209 674
3630 675
3150 676
3685 677
1003 678
6795 679
1881 680
3756 681
250 682
4730 683
2123 684
6305 685
3846 686
7786 687
8251 688
8293 689
5018 690
5460 691
596 692
5758 693
1007 694
721 695
1232 696
3563 697
1031 698
5513 699
3750 700
6939 701
5892 702
2697 703
1210 704
259 705
4245 706
3236 707
6545 708
6931 709
736 710
7775 711
997 712
3583 713
5948 714
3435 715
6089 716
2898 717
6083 718
5187 719
7416 720
4221 721
154 722
233 723
5287 724
1373 725
5386 726
6666 727
4824 728
5591 729
3355 730
207 731
4235 732
2916 733
323 734
8459 735
4040 736
6802 737
4599 738
7400 739
437 740
192 741
3838 742
8648 743
4672 744
8556 745
2099 746
2112 747
5031 748
4071 749
492 750
5046 751
1970 752
4215 753
3550 754
3351 755
1088 756
2461 757
6967 758
991 759
5755 760
8360 761
3000 762
4235 763
1314 764
4130 765
3440 766
8512 767
8164 768
77 769
2357 770
132 771
7277 772
4347 773
6632 774
6808 775
5922 776
5652 777
7763 778
5084 779
3180 780
245 781
3054 782
6281 783
6591 784
6025 785
7480 786
5597 787
8342 788
6707 789
1454 790
6412 791
714 792
4584 793
7379 794
8016 795
7833 796
5935 797
4873 798
1767 799
999 800
6372 801
8897 802
8056 803
3117 804
8236 805
1455 806
2640 807
5535 808
1978 809
595 810
4109 811
7957 812
6959 813
2962 814
7461 815
4262 816
6799 817
834 818
5340 819
2450 820
6094 821
2502 822
4480 823
4890 824
4042 825
5848 826
8392 827
738 828
4061 829
7027 830
2958 831
8023 832
763 833
7355 834
8557 835
3267 836
7146 837
7078 838
7417 839
571 840
7521 841
8573 842
7876 843
1234 844
6113 845
3037 846
294 847
8107 848
457 849
1738 850
282 851
3545 852
5742 853
7130 854
6393 855
5140 856
190 857
1491 858
2668 859
1932 860
325 861
8818 862
6941 863
2646 864
2896 865
1367 866
6031 867
5351 868
8979 869
6871 870
306 871
973 872
6583 873
3024 874
7597 875
5596 876
3689 877
3791 878
8898 879
1785 880
3317 881
3020 882
3743 883
8435 884
312 885
5188 886
5140 887
1419 888
2903 889
3325 890
3198 891
3156 892
4037 893
1987 894
3111 895
783 896
403 897
5309 898
4462 899
