900 600
5652 0
4944 1
7435 2
501 3
7824 4
5050 5
8430 6
6114 7
7163 8
1713 9
6528 10
468 11
5759 12
6358 13
4095 14
4621 15
245 16
220 17
7369 18
3607 19
5817 20
7657 21
5764 22
306 23
2555 24
7125 25
5185 26
4990 27
2697 28
2637 29
5108 30
2566 31
127 32
7842 33
8387 34
2834 35
442 36
1128 37
7270 38
8569 39
8957 40
4812 41
7591 42
6453 43
7428 44
4626 45
5437 46
7366 47
8289 48
3073 49
8144 50
3096 51
6481 52
6496 53
711 54
4462 55
7221 56
1049 57
7920 58
4509 59
6669 60
1187 61
4082 62
6270 63
7271 64
2720 65
5582 66
8849 67
4314 68
6154 69
1573 70
2601 71
6628 72
3819 73
5887 74
2593 75
2593 76
3589 77
4848 78
7223 79
432 80
30 81
8462 82
8518 83
1468 84
8031 85
4290 86
6277 87
7123 88
5134 89
8705 90
851 91
402 92
5569 93
5364 94
6735 95
6637 96
5387 97
4088 98
3938 99
2479 100
797 101
5419 102
6828 103
6835 104
5572 105
1803 106
96 107
2596 108
157 109
8761 110
3260 111
3488 112
7085 113
5153 114
3391 115
2439 116
8428 117
3580 118
6463 119
2872 120
5140 121
5005 122
1990 123
4292 124
3456 125
4400 126
4062 127
587 128
811 129
7578 130
5168 131
8157 132
7895 133
1706 134
7937 135
6975 136
867 137
8852 138
5675 139
5869 140
6160 141
719 142
931 143
6057 144
1727 145
6589 146
3240 147
4389 148
3063 149
1507 150
7860 151
5380 152
6232 153
6766 154
8395 155
5716 156
8585 157
1517 158
8348 159
5969 160
8156 161
1928 162
178 163
8794 164
8376 165
5567 166
7788 167
8383 168
7167 169
2309 170
8785 171
1199 172
407 173
1863 174
7373 175
8566 176
1926 177
6434 178
6421 179
1580 180
5355 181
6380 182
8787 183
3230 184
2482 185
1863 186
5317 187
8847 188
388 189
3413 190
6821 191
1335 192
425 193
2443 194
3300 195
5831 196
4058 197
4632 198
4008 199
7898 200
7745 201
1790 202
5493 203
8843 204
5759 205
3959 206
2253 207
4465 208
4242 209
6110 210
7693 211
2362 212
3673 213
4735 214
678 215
7342 216
2167 217
1491 218
3525 219
67 220
611 221
3596 222
2965 223
491 224
515 225
7038 226
5222 227
8549 228
325 229
1163 230
4052 231
5177 232
2996 233
4196 234
4855 235
5306 236
5406 237
3552 238
3244 239
6967 240
4007 241
8318 242
2869 243
7192 244
2976 245
562 246
6912 247
2488 248
4646 249
485 250
7393 251
6321 252
7854 253
8206 254
2931 255
3313 256
4696 257
2393 258
4679 259
3936 260
259 261
1860 262
7688 263
1439 264
775 265
2316 266
3624 267
7607 268
603 269
4182 270
5 271
2866 272
7518 273
8646 274
3351 275
5707 276
4503 277
2169 278
933 279
6363 280
1685 281
3759 282
4728 283
2169 284
6129 285
8943 286
8172 287
7950 288
3077 289
2150 290
6202 291
8944 292
8838 293
4372 294
6215 295
2699 296
7434 297
5115 298
1662 299
5491 300
2249 301
276 302
5401 303
6128 304
1174 305
2300 306
7795 307
5277 308
4953 309
4057 310
4248 311
7876 312
6981 313
5695 314
5396 315
6884 316
5292 317
7086 318
5987 319
2385 320
5549 321
5043 322
4499 323
6437 324
6579 325
4458 326
7298 327
153 328
1901 329
8949 330
6966 331
6463 332
1601 333
221 334
680 335
5800 336
8683 337
2406 338
8174 339
4388 340
4668 341
5580 342
4415 343
3783 344
3342 345
2512 346
3966 347
2674 348
6708 349
6746 350
8814 351
2871 352
6830 353
8709 354
3479 355
6056 356
6768 357
8582 358
836 359
3075 360
5972 361
6083 362
4519 363
7193 364
2100 365
366 366
4580 367
7769 368
3188 369
7513 370
2831 371
74 372
7069 373
3225 374
7134 375
3850 376
3855 377
6833 378
5945 379
1869 380
3771 381
8838 382
4048 383
8678 384
6344 385
805 386
2097 387
1878 388
3742 389
2139 390
2119 391
2363 392
8862 393
2147 394
7746 395
7887 396
2038 397
348 398
7797 399
390 400
659 401
5118 402
5496 403
4035 404
7309 405
658 406
8666 407
6095 408
5723 409
8732 410
5404 411
8816 412
4243 413
2319 414
5359 415
2723 416
7479 417
7017 418
7182 419
2441 420
4141 421
7496 422
1101 423
3311 424
1275 425
4728 426
3173 427
3436 428
262 429
5984 430
674 431
7363 432
6629 433
7603 434
7809 435
8433 436
992 437
560 438
1271 439
4560 440
2727 441
5485 442
5118 443
1711 444
549 445
2812 446
152 447
7124 448
7387 449
1591 450
1571 451
8595 452
3878 453
5114 454
5247 455
1245 456
3107 457
4307 458
2388 459
5581 460
6181 461
378 462
344 463
6556 464
3718 465
7605 466
7092 467
1249 468
5442 469
7704 470
8891 471
5724 472
5516 473
4627 474
5031 475
5709 476
881 477
3798 478
636 479
5088 480
3592 481
4620 482
1702 483
1168 484
3394 485
5803 486
6849 487
7969 488
8295 489
3162 490
876 491
1880 492
4768 493
7156 494
8043 495
811 496
6066 497
6200 498
7917 499
1369 500
7454 501
6317 502
3398 503
5183 504
1610 505
1893 506
4899 507
3464 508
8693 509
6379 510
8194 511
1025 512
1390 513
1862 514
8034 515
4420 516
3349 517
7015 518
2942 519
8242 520
7676 521
4619 522
8779 523
8204 524
5054 525
111 526
466 527
3008 528
2242 529
5843 530
8232 531
3472 532
5084 533
3978 534
45 535
4515 536
1479 537
7339 538
1679 539
1079 540
2727 541
2947 542
973 543
3902 544
5214 545
5153 546
6555 547
6914 548
4469 549
3152 550
4022 551
4628 552
737 553
4099 554
4556 555
7286 556
2202 557
4416 558
3861 559
6517 560
7826 561
1409 562
2432 563
1509 564
91 565
2565 566
8000 567
1713 568
8090 569
5215 570
7802 571
5252 572
6163 573
1972 574
8564 575
8876 576
7082 577
2918 578
3124 579
6142 580
4886 581
40 582
992 583
737 584
8487 585
5814 586
2121 587
750 588
4984 589
6836 590
2458 591
7385 592
1577 593
3750 594
4908 595
3022 596
4681 597
8824 598
3296 599
5343 600
3986 601
84 602
1414 603
7443 604
4919 605
8387 606
3786 607
8359 608
3904 609
5121 610
3988 611
6810 612
923 613
147 614
6997 615
770 616
3982 617
7527 618
8879 619
5306 620
1452 621
7703 622
8130 623
1128 624
3311 625
7968 626
946 627
6578 628
6294 629
4902 630
7944 631
1634 632
7254 633
5732 634
287 635
4800 636
7564 637
5121 638
5421 639
134 640
5437 641
365 642
8616 643
5636 644
2215 645
5632 646
2741 647
6928 648
8469 649
6539 650
7566 651
4975 652
8882 653
5796 654
3683 655
356 656
6332 657
7176 658
7185 659
7074 660
7906 661
2510 662
1048 663
4187 664
1167 665
118 666
4262 667
5147 668
6868 669
2421 670
5767 671
2565 672
4325 673
8478 674
6636 675
1362 676
1873 677
7952 678
909 679
5256 680
4805 681
3758 682
8468 683
7534 684
888 685
8737 686
6705 687
7044 688
1682 689
5278 690
5357 691
7484 692
1190 693
3310 694
3172 695
6334 696
2927 697
8792 698
8238 699
7876 700
5325 701
2200 702
1965 703
5942 704
2830 705
368 706
7636 707
4365 708
2291 709
4812 710
8061 711
6244 712
6356 713
7311 714
6791 715
155 716
7174 717
4958 718
4466 719
3869 720
3216 721
5241 722
7838 723
6182 724
1641 725
3568 726
2287 727
3287 728
6325 729
3345 730
6598 731
5152 732
8312 733
3717 734
15 735
4940 736
6899 737
3945 738
5309 739
4572 740
3152 741
3067 742
8433 743
8683 744
5858 745
7167 746
6078 747
901 748
4688 749
3911 750
1817 751
2645 752
2668 753
6383 754
7900 755
1851 756
7032 757
5768 758
3528 759
8740 760
3763 761
236 762
839 763
7926 764
142 765
1874 766
2102 767
3515 768
8094 769
2456 770
8570 771
3842 772
7600 773
573 774
4538 775
2240 776
7754 777
2185 778
350 779
821 780
6850 781
6837 782
2650 783
6199 784
7722 785
4489 786
2150 787
8164 788
6163 789
3463 790
8331 791
4556 792
2726 793
232 794
6209 795
369 796
4409 797
4298 798
5886 799
7328 800
452 801
6775 802
7388 803
263 804
2015 805
5894 806
588 807
713 808
5529 809
7768 810
1321 811
5874 812
8880 813
7429 814
7797 815
948 816
6540 817
6500 818
8430 819
1434 820
1317 821
3082 822
1781 823
917 824
5287 825
4857 826
8434 827
8697 828
4461 829
6703 830
3589 831
2282 832
2137 833
3676 834
1008 835
227 836
559 837
772 838
4646 839
3522 840
6617 841
117 842
594 843
3809 844
3660 845
6740 846
3486 847
5175 848
7859 849
6941 850
5406 851
317 852
7401 853
2368 854
5906 855
5873 856
1029 857
4003 858
7660 859
5594 860
1153 861
7589 862
4449 863
3666 864
1898 865
1681 866
580 867
7043 868
4123 869
4759 870
3795 871
4753 872
60 873
7048 874
6698 875
2974 876
8499 877
2417 878
6972 879
6019 880
160 881
4522 882
5104 883
5159 884
5140 885
8411 886
4000 887
6855 888
3812 889
5554 890
5886 891
5405 892
6643 893
8974 894
5743 895
7884 896
575 897
8124 898
3203 899
