900 100
3147 0
1786 1
3044 2
7634 3
1501 4
3836 5
8380 6
6566 7
971 8
3968 9
6815 10
4741 11
4180 12
4654 13
5225 14
8124 15
477 16
3699 17
1296 18
1714 19
5388 20
6100 21
865 22
1575 23
7426 24
3563 25
7672 26
4650 27
4613 28
3735 29
7700 30
8026 31
6658 32
1518 33
5233 34
2867 35
7153 36
2822 37
3105 38
5946 39
1905 40
4742 41
1638 42
2137 43
953 44
8045 45
6316 46
3402 47
2607 48
3886 49
3255 50
6704 51
645 52
7940 53
5054 54
777 55
1525 56
745 57
2785 58
2825 59
5529 60
2633 61
8678 62
7151 63
8037 64
6407 65
6372 66
1034 67
5179 68
2811 69
280 70
7574 71
8605 72
3272 73
6254 74
5470 75
3576 76
1648 77
5138 78
5901 79
5926 80
8728 81
7684 82
5285 83
959 84
302 85
6772 86
7571 87
2590 88
373 89
4389 90
8200 91
164 92
75 93
4400 94
7 95
3136 96
919 97
3782 98
1208 99
3480 100
6247 101
1378 102
7396 103
2053 104
5757 105
2550 106
5455 107
3613 108
5350 109
3512 110
712 111
8441 112
545 113
7235 114
5051 115
2988 116
2430 117
7035 118
7920 119
2341 120
3011 121
6173 122
5673 123
7338 124
544 125
7357 126
7460 127
2639 128
3063 129
2650 130
3782 131
5665 132
3443 133
695 134
4281 135
5813 136
1486 137
7844 138
5705 139
7295 140
4610 141
7983 142
2626 143
5169 144
8644 145
6704 146
371 147
740 148
6785 149
3750 150
7203 151
1227 152
6892 153
2527 154
2156 155
6783 156
8374 157
7793 158
8446 159
8564 160
3623 161
1617 162
2967 163
7877 164
3752 165
8955 166
1662 167
8892 168
2018 169
6896 170
8646 171
840 172
7939 173
7364 174
7855 175
4051 176
4714 177
3217 178
1079 179
5807 180
978 181
921 182
4010 183
4273 184
7013 185
8195 186
2747 187
1396 188
2161 189
1990 190
7261 191
1384 192
5032 193
8260 194
5604 195
8372 196
7453 197
6955 198
1976 199
5376 200
1314 201
5678 202
5290 203
3471 204
4655 205
7284 206
2824 207
1686 208
6772 209
7149 210
8147 211
2983 212
6767 213
1491 214
275 215
4696 216
5340 217
4692 218
7268 219
704 220
1842 221
7427 222
5915 223
3609 224
5388 225
4016 226
8379 227
8247 228
8963 229
5633 230
1775 231
4011 232
3524 233
4630 234
7917 235
4891 236
753 237
3805 238
5345 239
1329 240
822 241
8631 242
6287 243
4032 244
1076 245
1136 246
4915 247
6127 248
2017 249
1964 250
8975 251
573 252
1797 253
7910 254
8919 255
2586 256
3640 257
2366 258
4833 259
360 260
1949 261
6435 262
3492 263
55 264
4367 265
3007 266
8346 267
5474 268
7830 269
1128 270
4718 271
3925 272
5249 273
107 274
404 275
1915 276
7905 277
4621 278
8098 279
1123 280
3917 281
4335 282
2803 283
4689 284
8792 285
3014 286
660 287
5066 288
2659 289
7731 290
5368 291
4433 292
7604 293
1165 294
2239 295
7464 296
4742 297
1940 298
4132 299
7566 300
6545 301
48 302
71 303
1143 304
1603 305
5876 306
1806 307
124 308
1824 309
3666 310
3146 311
2183 312
705 313
1359 314
2353 315
8665 316
7857 317
1728 318
8062 319
8143 320
4525 321
7929 322
3314 323
5787 324
8398 325
6295 326
1216 327
7917 328
8873 329
5065 330
186 331
7027 332
7330 333
8166 334
562 335
8434 336
8441 337
7117 338
5950 339
3108 340
5603 341
2997 342
1486 343
4411 344
193 345
3142 346
6015 347
3940 348
5301 349
1579 350
3350 351
5061 352
4172 353
5822 354
6537 355
218 356
1301 357
7930 358
5832 359
4768 360
8362 361
2468 362
3704 363
429 364
812 365
5948 366
6869 367
4124 368
6583 369
8958 370
5058 371
4439 372
298 373
8733 374
52 375
221 376
6528 377
6680 378
4231 379
7764 380
4680 381
2427 382
258 383
1119 384
5907 385
8850 386
144 387
8330 388
669 389
3229 390
6854 391
1502 392
8596 393
7610 394
5572 395
681 396
4023 397
3947 398
6066 399
851 400
7574 401
3145 402
1139 403
3561 404
5970 405
496 406
5679 407
5199 408
3171 409
2300 410
1537 411
265 412
7818 413
3045 414
8790 415
3488 416
6347 417
193 418
7468 419
5809 420
1155 421
2619 422
3020 423
5284 424
2434 425
8391 426
844 427
2393 428
4955 429
1827 430
8397 431
3543 432
4888 433
3751 434
6675 435
1522 436
368 437
8479 438
5839 439
80 440
8510 441
977 442
912 443
1106 444
6521 445
67 446
8352 447
4266 448
630 449
1185 450
6273 451
1847 452
7702 453
7492 454
6817 455
363 456
5722 457
4696 458
6308 459
117 460
8601 461
2072 462
197 463
3139 464
5674 465
854 466
4396 467
1249 468
7034 469
2484 470
5913 471
8426 472
5998 473
161 474
2265 475
4919 476
5135 477
2440 478
7720 479
79 480
4177 481
1532 482
277 483
6538 484
6781 485
8938 486
8248 487
4896 488
567 489
7175 490
352 491
6298 492
5590 493
2729 494
656 495
2763 496
5680 497
7225 498
1669 499
4736 500
3956 501
8276 502
6901 503
4275 504
6886 505
3065 506
4825 507
3996 508
5921 509
8793 510
8241 511
6537 512
3624 513
3061 514
2804 515
2190 516
4889 517
1670 518
5449 519
3609 520
3310 521
4219 522
1042 523
2553 524
7512 525
5046 526
503 527
6476 528
886 529
4198 530
613 531
3278 532
3334 533
7974 534
1389 535
175 536
7989 537
1137 538
3512 539
4973 540
4356 541
2789 542
4574 543
7956 544
5388 545
3236 546
3363 547
960 548
4872 549
7086 550
1236 551
3467 552
7734 553
2134 554
884 555
3289 556
8848 557
2731 558
7408 559
5391 560
1219 561
8695 562
6011 563
960 564
6568 565
6829 566
247 567
8822 568
7110 569
2921 570
530 571
7308 572
43 573
5797 574
2646 575
6545 576
6182 577
2921 578
5812 579
5475 580
4435 581
6143 582
4099 583
7036 584
7671 585
2516 586
7928 587
7159 588
7067 589
959 590
1860 591
6578 592
1512 593
5173 594
2220 595
5080 596
2092 597
3034 598
4075 599
3777 600
7840 601
6332 602
5785 603
2651 604
4813 605
7447 606
7227 607
3991 608
6988 609
5566 610
2446 611
1433 612
3365 613
2335 614
5797 615
3679 616
7168 617
345 618
3089 619
8695 620
4681 621
2880 622
2140 623
4934 624
4605 625
8441 626
8931 627
6909 628
6457 629
3242 630
8367 631
5642 632
570 633
6543 634
7585 635
6034 636
5632 637
3488 638
1140 639
1429 640
6356 641
4007 642
8131 643
898 644
1436 645
6505 646
1914 647
8331 648
2701 649
4855 650
8465 651
1985 652
324 653
586 654
4232 655
3487 656
5888 657
6550 658
6537 659
2304 660
5712 661
131 662
2469 663
6807 664
2264 665
3924 666
2833 667
7428 668
8453 669
6022 670
143 671
4209 672
1005 673
3101 674
6450 675
2714 676
139 677
1221 678
2394 679
6503 680
6688 681
2585 682
6049 683
1635 684
4901 685
8101 686
6297 687
2331 688
5176 689
7779 690
8753 691
283 692
8313 693
2910 694
4316 695
1330 696
6304 697
4725 698
4419 699
1667 700
7339 701
6781 702
6289 703
47 704
4807 705
8092 706
6882 707
4013 708
1125 709
7058 710
6057 711
2255 712
6967 713
446 714
4480 715
3722 716
1100 717
584 718
7658 719
1994 720
6349 721
7191 722
8405 723
889 724
6200 725
4444 726
3322 727
7153 728
3302 729
594 730
2623 731
1179 732
7598 733
2426 734
820 735
5252 736
4835 737
1716 738
3008 739
1522 740
5066 741
6025 742
272 743
4486 744
7760 745
7841 746
3768 747
2328 748
3801 749
8049 750
8568 751
4174 752
7128 753
1845 754
8010 755
6945 756
2805 757
8537 758
905 759
1724 760
1078 761
8227 762
7413 763
7765 764
1184 765
1515 766
3996 767
3479 768
3562 769
8745 770
4615 771
6363 772
2636 773
3263 774
2229 775
1721 776
3999 777
2740 778
5576 779
4472 780
1524 781
3823 782
437 783
4838 784
1923 785
766 786
2022 787
4773 788
2148 789
4695 790
7449 791
5175 792
6941 793
330 794
3961 795
3892 796
8530 797
7529 798
8371 799
6635 800
8961 801
4886 802
221 803
2156 804
5864 805
6800 806
900 807
1979 808
6091 809
6973 810
1254 811
7416 812
506 813
825 814
6501 815
8152 816
7343 817
3105 818
1928 819
3394 820
919 821
7924 822
2178 823
5045 824
5564 825
6107 826
5411 827
1673 828
8463 829
2949 830
5765 831
6800 832
1219 833
5243 834
8563 835
1988 836
6681 837
7448 838
8169 839
6254 840
941 841
8664 842
4723 843
8272 844
8533 845
2966 846
2306 847
368 848
6633 849
494 850
4584 851
7480 852
583 853
127 854
6745 855
4406 856
8903 857
8396 858
1721 859
6322 860
594 861
4556 862
4747 863
5935 864
1217 865
276 866
4746 867
4263 868
5222 869
3304 870
2567 871
8577 872
5770 873
5535 874
3310 875
7093 876
7132 877
8624 878
5943 879
5945 880
8693 881
1938 882
8716 883
5542 884
8744 885
5067 886
4137 887
4844 888
5907 889
5723 890
5151 891
8218 892
5471 893
6478 894
3044 895
5487 896
2532 897
540 898
2313 899
