900 500
4168 0
3522 1
5571 2
1967 3
424 4
7728 5
2291 6
3313 7
4201 8
8530 9
8559 10
1656 11
5347 12
2200 13
8455 14
4945 15
3363 16
7801 17
2955 18
5584 19
1380 20
5569 21
3765 22
6174 23
1735 24
3640 25
6598 26
3388 27
3661 28
1526 29
3145 30
1873 31
7927 32
4742 33
521 34
7798 35
4373 36
1955 37
8684 38
8682 39
1313 40
7383 41
5051 42
4047 43
874 44
7912 45
4334 46
324 47
2005 48
5403 49
7092 50
7060 51
8737 52
954 53
2357 54
8599 55
2401 56
7708 57
5392 58
1917 59
8224 60
8024 61
4943 62
1853 63
1312 64
585 65
8750 66
566 67
7536 68
1378 69
1642 70
1678 71
5007 72
2857 73
3935 74
2350 75
1856 76
5646 77
2459 78
3346 79
1840 80
801 81
7697 82
4328 83
2560 84
6945 85
6339 86
3278 87
5740 88
1187 89
1810 90
7440 91
6202 92
4600 93
7290 94
7461 95
5820 96
6226 97
8773 98
5805 99
8481 100
3708 101
1866 102
5063 103
283 104
2676 105
1734 106
1959 107
4318 108
5330 109
3867 110
3716 111
6753 112
987 113
4222 114
503 115
2764 116
4901 117
8620 118
4897 119
4716 120
8567 121
3296 122
7999 123
2893 124
200 125
8471 126
4759 127
3432 128
7767 129
875 130
7105 131
2089 132
5356 133
6801 134
4335 135
280 136
4642 137
951 138
4920 139
2747 140
6554 141
8901 142
2998 143
6304 144
4415 145
8806 146
6764 147
642 148
5778 149
7951 150
5208 151
3977 152
1761 153
8817 154
1275 155
3082 156
2938 157
717 158
3877 159
6785 160
1821 161
2880 162
8337 163
2334 164
5536 165
7012 166
3072 167
8113 168
4997 169
8858 170
227 171
1924 172
8824 173
4424 174
2025 175
3677 176
5597 177
2280 178
6099 179
1996 180
1397 181
1858 182
5221 183
8230 184
6120 185
1802 186
3823 187
6591 188
4012 189
816 190
6353 191
1325 192
7403 193
4691 194
1021 195
5776 196
925 197
1440 198
8238 199
7164 200
1880 201
4439 202
4606 203
3930 204
6718 205
291 206
3421 207
6183 208
7157 209
2736 210
3344 211
6775 212
3626 213
6780 214
2025 215
2849 216
2060 217
4866 218
2729 219
4708 220
4006 221
1768 222
7825 223
4036 224
4929 225
2666 226
5817 227
860 228
1568 229
1542 230
6452 231
8589 232
3990 233
1208 234
988 235
8826 236
8872 237
7182 238
7362 239
5337 240
2718 241
6491 242
5844 243
1019 244
1445 245
4236 246
6915 247
2664 248
3754 249
5343 250
5672 251
8526 252
1269 253
1004 254
3996 255
4454 256
2013 257
2796 258
2042 259
2785 260
5695 261
4192 262
2738 263
4875 264
3282 265
2184 266
6533 267
1064 268
2271 269
7180 270
333 271
2872 272
695 273
3707 274
6025 275
691 276
338 277
4430 278
513 279
2381 280
7148 281
5899 282
3812 283
5653 284
2245 285
5387 286
7038 287
5971 288
4948 289
1483 290
1626 291
4063 292
5193 293
1743 294
3560 295
4067 296
1454 297
2683 298
3837 299
3852 300
3210 301
1334 302
2690 303
4740 304
3459 305
3894 306
5855 307
6313 308
2662 309
7387 310
4870 311
6505 312
321 313
1979 314
7283 315
8323 316
4902 317
2956 318
7010 319
7133 320
4707 321
2422 322
7525 323
1959 324
8513 325
4065 326
621 327
2853 328
7794 329
3949 330
2739 331
3588 332
8841 333
7753 334
982 335
8436 336
4540 337
8751 338
5197 339
254 340
7105 341
2369 342
8384 343
2896 344
7728 345
7331 346
3264 347
4884 348
7174 349
2986 350
5163 351
3015 352
5917 353
3495 354
1763 355
2109 356
6088 357
4417 358
28 359
4633 360
3488 361
1463 362
6104 363
218 364
2800 365
7530 366
6646 367
475 368
5351 369
5052 370
7137 371
5276 372
3111 373
399 374
5713 375
7441 376
7434 377
6554 378
3071 379
6936 380
4997 381
3444 382
1356 383
7307 384
322 385
1933 386
6639 387
4741 388
5892 389
7349 390
1831 391
4183 392
2533 393
7311 394
3563 395
838 396
3931 397
7869 398
6488 399
1619 400
1082 401
6911 402
4245 403
4262 404
4632 405
4980 406
835 407
7079 408
4156 409
5876 410
478 411
2590 412
1336 413
313 414
7659 415
5132 416
8897 417
417 418
4086 419
8770 420
1034 421
4047 422
8451 423
594 424
5325 425
7121 426
8949 427
7784 428
3680 429
7362 430
168 431
7534 432
339 433
6008 434
8774 435
3785 436
6094 437
5385 438
8336 439
7693 440
3259 441
6274 442
8687 443
4426 444
8495 445
6836 446
2982 447
580 448
8544 449
6691 450
3218 451
4116 452
8407 453
6052 454
8794 455
7434 456
8601 457
8326 458
709 459
1689 460
987 461
5614 462
4522 463
3320 464
5817 465
6081 466
6999 467
5736 468
2028 469
1696 470
6543 471
5328 472
5270 473
5767 474
7388 475
3775 476
8999 477
4802 478
2001 479
3913 480
4047 481
6866 482
1896 483
799 484
8255 485
5203 486
6343 487
6707 488
1617 489
3470 490
7228 491
8738 492
3025 493
4750 494
1317 495
5943 496
5545 497
2819 498
972 499
7082 500
6302 501
3729 502
1595 503
2575 504
6188 505
738 506
1007 507
8109 508
3467 509
5044 510
5136 511
3413 512
21 513
2254 514
961 515
3130 516
5759 517
7527 518
8371 519
5193 520
3935 521
1971 522
7302 523
3827 524
5850 525
114 526
2310 527
652 528
3698 529
2381 530
5251 531
476 532
8637 533
5410 534
6599 535
3181 536
4033 537
7658 538
1155 539
2150 540
1263 541
1245 542
5613 543
8037 544
7982 545
1746 546
928 547
7777 548
3326 549
5157 550
3483 551
3266 552
1048 553
422 554
5396 555
6839 556
5499 557
5929 558
3155 559
2363 560
3104 561
868 562
3377 563
8981 564
1534 565
8270 566
1135 567
872 568
1526 569
4879 570
8991 571
3102 572
1576 573
7022 574
3464 575
3295 576
5943 577
3949 578
4684 579
5878 580
1377 581
1977 582
8712 583
1892 584
8485 585
2535 586
6366 587
4748 588
6993 589
6083 590
3275 591
2265 592
6073 593
2153 594
7908 595
6737 596
613 597
8443 598
3742 599
7276 600
391 601
60 602
5892 603
2988 604
2697 605
7690 606
8275 607
1713 608
2642 609
5401 610
8874 611
3323 612
4008 613
3178 614
8448 615
4047 616
2752 617
631 618
4052 619
3399 620
530 621
968 622
6146 623
6156 624
2482 625
1746 626
4685 627
2219 628
6166 629
2046 630
181 631
3879 632
259 633
6366 634
84 635
4591 636
2407 637
8015 638
2635 639
4862 640
3399 641
5413 642
7194 643
6176 644
8191 645
1148 646
417 647
6520 648
110 649
2331 650
6003 651
3591 652
6424 653
67 654
7507 655
1087 656
5914 657
6651 658
4695 659
2287 660
5285 661
1241 662
3468 663
8603 664
6979 665
4064 666
5444 667
7869 668
1996 669
1986 670
8573 671
2276 672
6857 673
6085 674
6657 675
7774 676
8643 677
5306 678
4796 679
2374 680
5204 681
273 682
3750 683
1259 684
4584 685
4473 686
401 687
2017 688
2634 689
3553 690
5020 691
1888 692
7040 693
7104 694
5327 695
5324 696
1996 697
5578 698
6998 699
5599 700
3624 701
1173 702
8042 703
3387 704
3126 705
6233 706
8901 707
3813 708
7988 709
5977 710
5838 711
8268 712
2453 713
4279 714
6950 715
7925 716
2790 717
1428 718
5349 719
1229 720
8502 721
7252 722
2091 723
5026 724
8609 725
4893 726
4778 727
7997 728
4271 729
3609 730
3882 731
3597 732
2358 733
889 734
340 735
7465 736
5525 737
6474 738
3300 739
7700 740
2326 741
7543 742
1114 743
7209 744
3154 745
1501 746
4515 747
4984 748
1355 749
5025 750
8196 751
4174 752
960 753
235 754
3545 755
7093 756
6492 757
1711 758
8944 759
8239 760
1107 761
8371 762
1526 763
4851 764
8414 765
6485 766
368 767
3169 768
1782 769
4982 770
5818 771
7162 772
7049 773
8145 774
31 775
2881 776
4585 777
3798 778
8595 779
3147 780
2741 781
1812 782
8068 783
2713 784
2737 785
1149 786
758 787
3833 788
2415 789
3560 790
2106 791
5285 792
1134 793
1956 794
7698 795
7135 796
3176 797
3605 798
5030 799
4160 800
5654 801
6414 802
1256 803
6352 804
5445 805
3983 806
7387 807
7656 808
6931 809
1216 810
7047 811
3097 812
6531 813
138 814
2453 815
1908 816
1415 817
7135 818
6311 819
1560 820
4786 821
5091 822
5033 823
5799 824
8443 825
6463 826
8107 827
78 828
6791 829
1324 830
8300 831
8453 832
8550 833
4151 834
410 835
4300 836
4819 837
2443 838
6426 839
8588 840
334 841
5013 842
3285 843
2347 844
6075 845
5328 846
1181 847
5194 848
1235 849
6367 850
4417 851
1921 852
4211 853
3722 854
4807 855
6004 856
469 857
4024 858
6456 859
281 860
7569 861
8287 862
6627 863
4094 864
5684 865
4878 866
6959 867
4385 868
3780 869
1146 870
3730 871
8509 872
6716 873
5764 874
292 875
1017 876
1698 877
5364 878
2252 879
8180 880
972 881
2059 882
6519 883
2556 884
4733 885
8765 886
7154 887
7459 888
1283 889
5633 890
4570 891
6672 892
7031 893
146 894
1669 895
3924 896
8088 897
4793 898
4656 899
