950 1000
3661 0
8989 1
8864 2
776 3
8392 4
7101 5
1762 6
3703 7
7408 8
1691 9
2129 10
1285 11
4017 12
9403 13
4922 14
2630 15
999 16
2639 17
8476 18
8369 19
3744 20
4741 21
5217 22
2913 23
3628 24
7230 25
253 26
1857 27
6935 28
4114 29
8451 30
1501 31
1674 32
4547 33
6616 34
7961 35
3540 36
5829 37
4792 38
6259 39
2945 40
5546 41
4316 42
6941 43
6515 44
7836 45
854 46
4109 47
2446 48
7085 49
554 50
7951 51
4188 52
5767 53
3532 54
7007 55
8650 56
1372 57
3864 58
9160 59
3187 60
2463 61
5907 62
7250 63
7229 64
7990 65
2031 66
1244 67
6515 68
2093 69
7542 70
2453 71
9343 72
6350 73
5912 74
8349 75
3518 76
4347 77
521 78
1406 79
5820 80
132 81
4939 82
6206 83
730 84
8541 85
6044 86
6595 87
560 88
1457 89
4311 90
7774 91
1601 92
8498 93
7674 94
6404 95
4776 96
3867 97
5325 98
4430 99
759 100
6065 101
7664 102
2823 103
3288 104
3376 105
4612 106
662 107
3416 108
572 109
7395 110
7003 111
915 112
2680 113
2304 114
85 115
4807 116
7573 117
5471 118
8742 119
3201 120
436 121
7557 122
407 123
5688 124
8682 125
1249 126
6357 127
4322 128
3078 129
207 130
874 131
9071 132
1295 133
5148 134
2045 135
4078 136
2180 137
1746 138
1243 139
2511 140
8043 141
8384 142
3234 143
2731 144
4565 145
6880 146
3094 147
4267 148
3057 149
7641 150
1272 151
2946 152
7474 153
4318 154
8004 155
743 156
1736 157
241 158
5682 159
1442 160
327 161
6771 162
3500 163
9118 164
3500 165
4627 166
3879 167
8205 168
4545 169
673 170
5113 171
7763 172
6746 173
8995 174
6696 175
649 176
5409 177
7975 178
2493 179
934 180
3529 181
3085 182
8899 183
4454 184
5038 185
5880 186
9173 187
233 188
7800 189
6255 190
1209 191
410 192
7181 193
9124 194
4951 195
2503 196
1748 197
2976 198
537 199
5854 200
8073 201
8938 202
4803 203
4917 204
522 205
413 206
9132 207
2451 208
9029 209
768 210
2191 211
5300 212
8604 213
5876 214
6518 215
6746 216
8435 217
5690 218
6392 219
9469 220
2063 221
3210 222
3352 223
2684 224
8454 225
7298 226
5374 227
788 228
1893 229
6118 230
7612 231
3690 232
6651 233
28 234
4876 235
153 236
5304 237
5493 238
558 239
4608 240
507 241
7481 242
5665 243
8779 244
6629 245
1988 246
7123 247
4616 248
3169 249
696 250
1848 251
1187 252
2385 253
8756 254
2513 255
1046 256
4766 257
3251 258
8563 259
4816 260
5453 261
7797 262
8556 263
9232 264
6646 265
6325 266
5832 267
1499 268
7686 269
6218 270
6972 271
4903 272
8319 273
8142 274
105 275
6862 276
7764 277
4185 278
1001 279
5586 280
22 281
3539 282
8259 283
5197 284
4555 285
5296 286
7542 287
5189 288
7900 289
6270 290
4024 291
3344 292
2004 293
7886 294
6242 295
8505 296
7830 297
5778 298
4173 299
2830 300
8315 301
1853 302
3933 303
9008 304
7271 305
1363 306
5981 307
2768 308
1519 309
6783 310
5962 311
9056 312
6439 313
774 314
5453 315
6561 316
7134 317
3630 318
4850 319
2028 320
8174 321
4421 322
8118 323
5030 324
6035 325
7204 326
1883 327
4770 328
9122 329
249 330
456 331
454 332
456 333
3196 334
4762 335
3426 336
1003 337
309 338
8847 339
1742 340
6343 341
5742 342
221 343
1692 344
6411 345
1571 346
738 347
2235 348
2335 349
1455 350
8749 351
6602 352
976 353
4590 354
9096 355
2649 356
5103 357
6753 358
4356 359
876 360
45 361
2878 362
5079 363
6055 364
2749 365
8295 366
2657 367
3132 368
85 369
877 370
2996 371
1324 372
2505 373
533 374
3929 375
5671 376
2684 377
6422 378
2986 379
3951 380
8714 381
50 382
8743 383
7999 384
8112 385
8569 386
98 387
5721 388
5280 389
5913 390
185 391
7987 392
4969 393
7889 394
7420 395
1511 396
3131 397
631 398
1389 399
3758 400
7324 401
5012 402
9057 403
2788 404
6229 405
9228 406
2863 407
8641 408
5964 409
8083 410
5339 411
9482 412
7781 413
4081 414
4757 415
590 416
2508 417
4581 418
6865 419
8927 420
7832 421
744 422
3520 423
2812 424
1577 425
4431 426
3575 427
2156 428
598 429
5064 430
7062 431
3015 432
3642 433
2135 434
74 435
7513 436
266 437
7214 438
6914 439
6492 440
4514 441
3904 442
1250 443
3504 444
8361 445
3289 446
404 447
7827 448
8136 449
5068 450
9264 451
7339 452
5560 453
8430 454
9245 455
7876 456
574 457
843 458
5495 459
4980 460
6099 461
3996 462
7230 463
3257 464
4289 465
5684 466
1292 467
7544 468
1152 469
8768 470
744 471
9060 472
1881 473
7464 474
4312 475
2044 476
8979 477
9322 478
8195 479
4096 480
2730 481
4595 482
7303 483
96 484
2184 485
9182 486
7994 487
2264 488
6296 489
1851 490
5001 491
1651 492
1382 493
615 494
1516 495
3364 496
5625 497
1930 498
1132 499
1047 500
7139 501
1165 502
5078 503
7526 504
6813 505
5784 506
5740 507
8095 508
6176 509
4893 510
5887 511
4288 512
3595 513
3176 514
6197 515
9062 516
8666 517
6053 518
1034 519
3667 520
2546 521
6340 522
2628 523
8591 524
6401 525
5070 526
3165 527
788 528
5787 529
8501 530
3896 531
6960 532
7959 533
3469 534
6617 535
8609 536
5991 537
1238 538
7227 539
4020 540
6714 541
1969 542
6433 543
3320 544
5258 545
4205 546
1419 547
6802 548
6631 549
3343 550
1147 551
8001 552
5701 553
2158 554
9089 555
3305 556
668 557
1903 558
4195 559
3038 560
483 561
7721 562
4557 563
6394 564
8308 565
5326 566
6782 567
2841 568
6365 569
2995 570
1501 571
1214 572
1641 573
4675 574
6965 575
2850 576
4061 577
1938 578
7082 579
2764 580
5665 581
9049 582
1402 583
8187 584
2326 585
7366 586
8291 587
2572 588
2601 589
4890 590
7414 591
1308 592
7101 593
4135 594
9007 595
5032 596
5347 597
4671 598
1068 599
6314 600
6428 601
7414 602
2699 603
4276 604
6098 605
2650 606
8171 607
3441 608
3485 609
5861 610
3058 611
2197 612
1993 613
6709 614
4282 615
6119 616
7068 617
6448 618
7289 619
5864 620
3776 621
1231 622
5622 623
4633 624
7950 625
4226 626
3720 627
1271 628
2564 629
6333 630
8290 631
3212 632
7386 633
298 634
8290 635
8595 636
4437 637
6638 638
4301 639
890 640
2632 641
7627 642
4279 643
229 644
4544 645
703 646
6842 647
1167 648
9372 649
575 650
6742 651
5337 652
7101 653
4445 654
9336 655
9379 656
2244 657
7947 658
3675 659
8409 660
7867 661
8286 662
7586 663
8015 664
7150 665
6398 666
6782 667
3877 668
6228 669
8448 670
6331 671
2029 672
6733 673
4088 674
38 675
3441 676
5255 677
5496 678
3256 679
9064 680
287 681
3257 682
9213 683
6916 684
9452 685
2699 686
1570 687
4260 688
2106 689
5149 690
1070 691
4783 692
6500 693
3297 694
7046 695
2327 696
1932 697
4339 698
7919 699
7347 700
3431 701
8430 702
2714 703
6314 704
3929 705
7069 706
3329 707
9014 708
5123 709
2380 710
3996 711
9098 712
818 713
4267 714
4709 715
4690 716
7012 717
8161 718
3042 719
9428 720
2849 721
7345 722
5558 723
5448 724
3363 725
3822 726
3865 727
1597 728
2353 729
2577 730
6809 731
3731 732
8783 733
7989 734
7134 735
3641 736
6266 737
4558 738
6271 739
7929 740
3914 741
3339 742
4900 743
8982 744
4695 745
2905 746
4570 747
7478 748
2748 749
2036 750
3675 751
2010 752
744 753
2701 754
7771 755
8708 756
8674 757
7051 758
9086 759
7769 760
9130 761
5069 762
4867 763
4001 764
1142 765
6534 766
5251 767
3142 768
4455 769
774 770
1998 771
5272 772
2354 773
1116 774
2632 775
4824 776
6971 777
9120 778
5198 779
7725 780
4813 781
2805 782
6097 783
7011 784
555 785
2207 786
2666 787
628 788
8212 789
2640 790
8196 791
6979 792
7303 793
1623 794
6667 795
4058 796
2383 797
8862 798
2499 799
7859 800
6173 801
7538 802
4778 803
1056 804
484 805
2165 806
7019 807
1820 808
7649 809
5395 810
3663 811
7056 812
3689 813
1996 814
3168 815
6748 816
5170 817
9413 818
7590 819
5398 820
935 821
8866 822
6272 823
639 824
143 825
8326 826
4293 827
8635 828
2107 829
6812 830
1382 831
9161 832
3341 833
6617 834
278 835
2134 836
4888 837
4366 838
1015 839
310 840
6398 841
5480 842
2849 843
1156 844
6875 845
5220 846
8505 847
4297 848
1987 849
7126 850
6574 851
6390 852
696 853
6941 854
2199 855
9057 856
2005 857
2773 858
203 859
240 860
711 861
8938 862
796 863
46 864
3934 865
250 866
7772 867
7362 868
3328 869
3833 870
4968 871
3715 872
8850 873
744 874
6050 875
91 876
2389 877
5478 878
4789 879
4322 880
2988 881
2539 882
608 883
62 884
2581 885
5034 886
4432 887
8222 888
2872 889
8364 890
7693 891
4834 892
3337 893
2612 894
6823 895
6759 896
9399 897
2343 898
5910 899
8325 900
4988 901
8875 902
8719 903
3200 904
7050 905
6380 906
9458 907
4189 908
1077 909
130 910
3841 911
562 912
5303 913
3970 914
2201 915
5796 916
8292 917
4799 918
1793 919
682 920
8242 921
3093 922
3782 923
7349 924
7687 925
3439 926
2983 927
7643 928
7470 929
3757 930
3083 931
6939 932
5116 933
4153 934
1731 935
1754 936
1037 937
2644 938
5807 939
7098 940
1369 941
1299 942
4792 943
841 944
5938 945
118 946
8964 947
1930 948
2628 949
