950 1050
5897 0
6146 1
7631 2
7078 3
7349 4
819 5
4515 6
5231 7
4899 8
4776 9
4820 10
3392 11
8065 12
844 13
5532 14
7589 15
6531 16
9187 17
8750 18
897 19
5774 20
4204 21
4374 22
1458 23
1011 24
8627 25
1551 26
2937 27
7835 28
2991 29
8299 30
5327 31
6687 32
9433 33
8746 34
8228 35
7169 36
3465 37
8496 38
8514 39
5704 40
8023 41
5965 42
4086 43
8724 44
1452 45
3654 46
7988 47
7170 48
7161 49
6129 50
3311 51
1859 52
2216 53
8079 54
2969 55
8535 56
1930 57
4857 58
9014 59
6949 60
8874 61
6331 62
4813 63
4845 64
5620 65
9324 66
4323 67
316 68
2360 69
3928 70
3858 71
5470 72
5150 73
6929 74
18 75
8356 76
2602 77
8258 78
9351 79
1339 80
2854 81
9467 82
798 83
5464 84
9189 85
691 86
6692 87
3603 88
2238 89
7720 90
3842 91
24 92
3276 93
7904 94
1721 95
9449 96
1213 97
4033 98
3610 99
5432 100
5213 101
4722 102
1398 103
8647 104
7670 105
8186 106
8025 107
3212 108
8902 109
6737 110
3817 111
4815 112
4308 113
4832 114
1677 115
4884 116
7992 117
8916 118
2873 119
5051 120
4213 121
1681 122
6494 123
705 124
5351 125
6679 126
7196 127
8336 128
3521 129
5726 130
6659 131
4489 132
7829 133
5565 134
8181 135
8529 136
3952 137
1495 138
7529 139
2290 140
357 141
7630 142
1049 143
2852 144
5436 145
675 146
7649 147
2882 148
8893 149
8839 150
316 151
6212 152
1228 153
832 154
7280 155
5680 156
2974 157
3219 158
7339 159
2718 160
7595 161
5136 162
8357 163
2881 164
368 165
2676 166
5487 167
3250 168
4309 169
4126 170
9425 171
6012 172
8004 173
325 174
6474 175
4861 176
4108 177
6886 178
7327 179
921 180
5347 181
8802 182
7866 183
705 184
6978 185
5910 186
4828 187
4804 188
5021 189
3559 190
7991 191
5426 192
7902 193
2311 194
8663 195
6416 196
2211 197
8479 198
2739 199
1001 200
7178 201
115 202
2250 203
7120 204
5277 205
7910 206
569 207
2059 208
893 209
6114 210
5092 211
1234 212
204 213
5648 214
2815 215
5208 216
6010 217
5006 218
40 219
6154 220
4241 221
7914 222
4264 223
3774 224
1404 225
8920 226
6021 227
565 228
5573 229
6642 230
848 231
1915 232
1304 233
426 234
8679 235
3344 236
4334 237
8028 238
7439 239
9027 240
7193 241
7471 242
5990 243
1863 244
9490 245
4279 246
1534 247
3118 248
8728 249
6351 250
2833 251
8325 252
6602 253
3814 254
7739 255
8156 256
7901 257
92 258
6083 259
5891 260
4310 261
6283 262
5490 263
4538 264
2470 265
8915 266
3181 267
13 268
238 269
3584 270
6005 271
450 272
3572 273
5446 274
5269 275
7709 276
1975 277
3768 278
6198 279
841 280
6108 281
4125 282
2421 283
1261 284
3946 285
8816 286
6927 287
7841 288
7036 289
1052 290
7778 291
917 292
1408 293
498 294
6667 295
6780 296
1379 297
4197 298
146 299
3434 300
7390 301
8281 302
5296 303
8573 304
3109 305
3976 306
6988 307
347 308
1718 309
1159 310
4309 311
8032 312
7647 313
816 314
4765 315
7136 316
8720 317
9034 318
513 319
5212 320
7812 321
2899 322
6831 323
1344 324
465 325
4681 326
5638 327
378 328
656 329
2313 330
7862 331
5388 332
3772 333
5036 334
6863 335
1738 336
8588 337
6584 338
1774 339
1783 340
2638 341
5117 342
1816 343
5320 344
9106 345
4593 346
9120 347
8946 348
1913 349
7037 350
847 351
5112 352
1510 353
4714 354
2340 355
6544 356
5939 357
7965 358
9388 359
7273 360
8031 361
1888 362
1668 363
450 364
54 365
5295 366
8107 367
5450 368
9212 369
6561 370
6540 371
7820 372
1440 373
1573 374
6684 375
1900 376
1064 377
8738 378
5488 379
1555 380
1319 381
997 382
3692 383
5897 384
2822 385
8956 386
9454 387
229 388
5079 389
9253 390
6448 391
7332 392
780 393
7581 394
1605 395
2393 396
6547 397
2315 398
8807 399
5172 400
3851 401
8072 402
3493 403
1389 404
689 405
7051 406
3459 407
2036 408
5556 409
3747 410
3959 411
7632 412
4994 413
7330 414
2168 415
2030 416
6152 417
7977 418
1014 419
9249 420
643 421
7376 422
3948 423
4698 424
5457 425
8639 426
5983 427
3020 428
8466 429
6345 430
2527 431
8130 432
7047 433
2595 434
1550 435
8207 436
7042 437
6676 438
6789 439
847 440
1990 441
7120 442
5028 443
5882 444
5401 445
8683 446
8670 447
6272 448
5551 449
1544 450
1242 451
2995 452
6372 453
2031 454
4274 455
2243 456
3579 457
3564 458
35 459
2272 460
2022 461
5230 462
3130 463
8097 464
3093 465
5555 466
926 467
356 468
9361 469
8833 470
4043 471
61 472
2615 473
7044 474
1942 475
1662 476
3227 477
3895 478
3307 479
7316 480
6348 481
2684 482
6574 483
4752 484
5906 485
181 486
9147 487
731 488
1014 489
1777 490
9146 491
9115 492
8738 493
6390 494
3457 495
2813 496
8167 497
6460 498
6939 499
8336 500
3446 501
8896 502
2604 503
4459 504
402 505
4378 506
412 507
8166 508
2782 509
2307 510
6818 511
6095 512
3595 513
2800 514
480 515
8005 516
7159 517
8972 518
5549 519
3414 520
7348 521
9065 522
7845 523
3429 524
465 525
3289 526
47 527
431 528
3725 529
9377 530
6600 531
8536 532
537 533
1506 534
8546 535
5105 536
7246 537
7995 538
3001 539
7418 540
8320 541
5470 542
9181 543
5785 544
8503 545
4362 546
5370 547
2488 548
1844 549
4312 550
2990 551
5075 552
8673 553
1937 554
4772 555
1752 556
5002 557
982 558
8239 559
4842 560
6649 561
7901 562
1738 563
1498 564
3120 565
749 566
1178 567
1476 568
2113 569
4218 570
5193 571
2350 572
7669 573
2520 574
5955 575
2932 576
5956 577
7415 578
2175 579
5495 580
6029 581
618 582
833 583
5634 584
4336 585
3406 586
243 587
5298 588
3212 589
365 590
2717 591
1892 592
6927 593
6579 594
1053 595
6442 596
7875 597
9079 598
5467 599
4731 600
2887 601
3590 602
6483 603
1036 604
270 605
1123 606
8738 607
4952 608
872 609
5861 610
5397 611
2634 612
7922 613
5340 614
1944 615
9367 616
5782 617
1999 618
1748 619
2968 620
5289 621
3702 622
6481 623
3692 624
5382 625
9365 626
7346 627
896 628
7161 629
3872 630
5551 631
232 632
4197 633
5156 634
7115 635
99 636
5539 637
4682 638
478 639
1165 640
4327 641
5235 642
6198 643
2759 644
5530 645
7046 646
8122 647
1280 648
8607 649
987 650
2647 651
6342 652
5584 653
8655 654
7075 655
5217 656
8567 657
1669 658
1803 659
1335 660
7562 661
1025 662
3683 663
1754 664
5043 665
7240 666
6048 667
2226 668
4661 669
2039 670
1502 671
3040 672
7787 673
5598 674
8282 675
1392 676
8881 677
8422 678
3401 679
5580 680
5285 681
3891 682
1152 683
8146 684
1545 685
7613 686
7077 687
4977 688
2076 689
603 690
6755 691
1410 692
7090 693
8223 694
9263 695
415 696
6991 697
3674 698
9451 699
7842 700
316 701
2540 702
4921 703
3588 704
9352 705
3396 706
7189 707
1135 708
310 709
1473 710
7493 711
8072 712
2144 713
4689 714
3874 715
6668 716
109 717
6300 718
286 719
4445 720
7210 721
7816 722
5186 723
7220 724
4156 725
9365 726
3032 727
6725 728
9380 729
3414 730
5368 731
6449 732
7195 733
2692 734
1247 735
6507 736
1309 737
2037 738
1223 739
3089 740
3846 741
6690 742
1726 743
5710 744
5033 745
536 746
7138 747
1483 748
2274 749
2000 750
4410 751
3059 752
3761 753
6714 754
3559 755
637 756
1672 757
4550 758
966 759
2693 760
8613 761
9241 762
6959 763
2154 764
325 765
3677 766
1878 767
2308 768
1139 769
586 770
7802 771
7195 772
4668 773
716 774
4591 775
8242 776
9055 777
5634 778
4522 779
3362 780
8220 781
8107 782
5749 783
5834 784
7376 785
1301 786
633 787
6738 788
5827 789
1189 790
9247 791
9189 792
8918 793
1843 794
4507 795
680 796
6538 797
380 798
8520 799
7338 800
2651 801
4344 802
5913 803
9393 804
8054 805
142 806
8946 807
3039 808
3495 809
5203 810
7160 811
4936 812
6953 813
7620 814
3309 815
1309 816
1347 817
6588 818
5784 819
6384 820
735 821
1056 822
3045 823
790 824
1003 825
2535 826
6006 827
7799 828
566 829
6222 830
2691 831
6152 832
5500 833
452 834
5226 835
6991 836
8732 837
1207 838
3181 839
7092 840
2572 841
8024 842
5070 843
5738 844
5725 845
6205 846
5451 847
2268 848
4569 849
2439 850
8333 851
2278 852
1626 853
2129 854
5815 855
7010 856
4918 857
8700 858
1777 859
3464 860
2971 861
477 862
7139 863
6701 864
3686 865
1214 866
5128 867
1495 868
8438 869
1084 870
6416 871
6107 872
473 873
455 874
2890 875
7063 876
2077 877
3007 878
5257 879
1629 880
1489 881
5036 882
649 883
6842 884
8285 885
4770 886
4858 887
2675 888
2130 889
7828 890
8762 891
600 892
180 893
805 894
6009 895
1030 896
1267 897
8752 898
7674 899
6375 900
8868 901
1627 902
7967 903
691 904
4781 905
8551 906
7810 907
1477 908
6840 909
5500 910
2637 911
7756 912
5661 913
6932 914
1603 915
8784 916
8242 917
742 918
3410 919
729 920
2691 921
6220 922
3267 923
3442 924
913 925
5478 926
511 927
6630 928
6751 929
3147 930
6613 931
6060 932
2685 933
4903 934
7629 935
2740 936
3731 937
3508 938
8527 939
2324 940
3961 941
8241 942
6788 943
155 944
2669 945
901 946
7414 947
7849 948
5386 949
