950 1600
1164 0
8755 1
4149 2
3683 3
8233 4
5572 5
236 6
6589 7
6819 8
5330 9
7314 10
5731 11
9351 12
3691 13
809 14
604 15
4271 16
7343 17
5382 18
5850 19
8857 20
3928 21
4138 22
2403 23
8660 24
2050 25
3765 26
9018 27
3706 28
4089 29
1815 30
9236 31
3217 32
8738 33
2316 34
3448 35
3592 36
4884 37
1269 38
2596 39
1074 40
328 41
9006 42
7880 43
644 44
8444 45
457 46
5522 47
6830 48
2395 49
6232 50
7984 51
5947 52
5737 53
4567 54
551 55
1002 56
6357 57
6868 58
9140 59
1384 60
4427 61
9404 62
3005 63
4896 64
1395 65
5630 66
6440 67
9486 68
2072 69
3932 70
5638 71
2149 72
3882 73
3233 74
7433 75
1495 76
8104 77
8629 78
6574 79
7216 80
5816 81
9089 82
9388 83
1223 84
2877 85
5698 86
6957 87
5224 88
8044 89
1475 90
1763 91
6922 92
5530 93
3086 94
3290 95
7783 96
8382 97
1313 98
4803 99
6151 100
7280 101
448 102
7601 103
4470 104
6886 105
7812 106
8844 107
2328 108
4934 109
7895 110
6355 111
3882 112
792 113
2404 114
8280 115
8274 116
361 117
7287 118
3078 119
322 120
858 121
6264 122
6698 123
771 124
4285 125
5382 126
1288 127
2076 128
4750 129
984 130
4972 131
4809 132
5591 133
6005 134
891 135
843 136
7484 137
8347 138
7829 139
1313 140
493 141
8849 142
8959 143
1376 144
2259 145
7474 146
4309 147
8063 148
2478 149
6775 150
1357 151
4447 152
7318 153
6520 154
8088 155
3710 156
9151 157
3382 158
2178 159
2968 160
2519 161
9064 162
9344 163
3903 164
2663 165
2328 166
4046 167
2515 168
5232 169
9292 170
6960 171
5138 172
7645 173
84 174
8715 175
8818 176
6713 177
2363 178
6086 179
3387 180
4286 181
72 182
2797 183
2505 184
31 185
3866 186
9393 187
5353 188
1340 189
1762 190
1415 191
7671 192
7802 193
6354 194
9350 195
6165 196
8781 197
3430 198
1868 199
801 200
2334 201
2899 202
4797 203
5933 204
3830 205
5939 206
5720 207
4458 208
3589 209
8057 210
8907 211
3385 212
2451 213
5514 214
3931 215
1847 216
6252 217
1312 218
4222 219
3536 220
3220 221
2674 222
3075 223
1836 224
4472 225
1818 226
3935 227
7568 228
895 229
8878 230
8478 231
7593 232
3519 233
1047 234
4170 235
7783 236
3028 237
969 238
1040 239
8180 240
2373 241
549 242
5852 243
8761 244
253 245
1589 246
7927 247
4055 248
7947 249
7974 250
5644 251
289 252
4787 253
3116 254
2555 255
9343 256
5339 257
9333 258
4847 259
1952 260
6717 261
6476 262
5533 263
5039 264
3055 265
9361 266
8430 267
3838 268
9291 269
9337 270
8380 271
1171 272
3731 273
994 274
2346 275
6978 276
7722 277
2390 278
2082 279
6087 280
4161 281
8806 282
8429 283
1595 284
4372 285
1915 286
3327 287
5643 288
3243 289
6313 290
7211 291
1673 292
4304 293
4213 294
4107 295
8556 296
832 297
5687 298
7266 299
8834 300
2572 301
5411 302
8153 303
9250 304
372 305
4879 306
7053 307
5954 308
1024 309
2056 310
6207 311
2277 312
4834 313
8513 314
5471 315
4965 316
6069 317
8844 318
7070 319
7612 320
2056 321
9085 322
2334 323
8114 324
9097 325
7231 326
2935 327
6327 328
1797 329
3384 330
3560 331
7503 332
3762 333
2482 334
1132 335
8812 336
2333 337
2699 338
4904 339
1662 340
8474 341
8803 342
2193 343
3497 344
1409 345
7667 346
8393 347
364 348
9298 349
8265 350
1781 351
5153 352
8412 353
1802 354
3618 355
8281 356
7757 357
4527 358
6680 359
7266 360
6212 361
5269 362
7290 363
6576 364
1148 365
575 366
3916 367
6419 368
6676 369
3730 370
2603 371
1835 372
2281 373
7081 374
1527 375
7869 376
5658 377
8340 378
8821 379
5749 380
2369 381
4872 382
8530 383
3283 384
7324 385
5032 386
5919 387
7327 388
2525 389
6685 390
7499 391
9303 392
7743 393
9385 394
3222 395
3229 396
5633 397
1915 398
4949 399
8644 400
5574 401
6448 402
5249 403
8224 404
2185 405
3495 406
1171 407
7970 408
672 409
5291 410
5287 411
4855 412
8335 413
6749 414
1363 415
2749 416
6923 417
5193 418
1839 419
1216 420
8926 421
1690 422
2354 423
7945 424
1864 425
1007 426
4862 427
1550 428
3366 429
2486 430
7053 431
5168 432
7856 433
3151 434
6305 435
8738 436
3637 437
5065 438
9104 439
5099 440
6958 441
6306 442
3371 443
1853 444
3198 445
7007 446
152 447
5868 448
9053 449
4616 450
8194 451
6117 452
5707 453
8875 454
1195 455
7741 456
6565 457
7790 458
1809 459
5703 460
803 461
953 462
2157 463
8448 464
7627 465
1908 466
6196 467
3802 468
7428 469
568 470
9271 471
8801 472
560 473
1576 474
7374 475
4719 476
3071 477
8055 478
4099 479
39 480
1630 481
8529 482
1718 483
3550 484
6499 485
8933 486
3476 487
7990 488
6905 489
131 490
2661 491
1788 492
5094 493
3578 494
9469 495
5319 496
4875 497
7407 498
904 499
812 500
8863 501
3891 502
6067 503
5061 504
3321 505
7567 506
4061 507
621 508
9097 509
4204 510
6075 511
8483 512
9270 513
1001 514
368 515
1471 516
3333 517
3237 518
626 519
3624 520
490 521
4574 522
6724 523
1643 524
1649 525
4128 526
5201 527
6305 528
2013 529
5254 530
2728 531
305 532
275 533
15 534
4818 535
7905 536
1226 537
7644 538
490 539
4523 540
3048 541
4151 542
7698 543
2443 544
7100 545
5736 546
2281 547
3362 548
1154 549
2710 550
361 551
1419 552
1522 553
4467 554
6931 555
5153 556
5889 557
8145 558
2666 559
8050 560
8387 561
5757 562
4172 563
8408 564
5899 565
2298 566
6526 567
3290 568
7571 569
2572 570
1298 571
7135 572
8639 573
4003 574
1594 575
4318 576
6154 577
5042 578
2077 579
1964 580
2607 581
5802 582
8488 583
7083 584
4722 585
2092 586
5457 587
1033 588
6841 589
8608 590
4817 591
9387 592
2430 593
2896 594
1609 595
2354 596
3906 597
2921 598
3276 599
3721 600
210 601
2371 602
1773 603
8014 604
7694 605
1264 606
2069 607
2775 608
8339 609
6795 610
6995 611
5295 612
7508 613
3185 614
3643 615
923 616
8213 617
6976 618
6461 619
5181 620
7095 621
6024 622
6071 623
4257 624
2987 625
9276 626
5066 627
4865 628
5964 629
2355 630
384 631
6771 632
6428 633
6536 634
306 635
9345 636
8189 637
6464 638
655 639
9173 640
1375 641
2063 642
466 643
5899 644
8652 645
5194 646
7359 647
2839 648
3958 649
8083 650
7834 651
704 652
2993 653
5037 654
2037 655
3099 656
5165 657
5340 658
6432 659
105 660
3054 661
2351 662
2817 663
1729 664
474 665
8679 666
3410 667
3790 668
6704 669
4960 670
8356 671
8225 672
8391 673
2309 674
2916 675
8115 676
1932 677
4325 678
6495 679
7395 680
4156 681
5675 682
2809 683
7280 684
928 685
2937 686
5891 687
8859 688
6701 689
7429 690
8634 691
6404 692
3958 693
8626 694
377 695
8488 696
7348 697
6453 698
4600 699
5856 700
4618 701
3235 702
340 703
1119 704
3354 705
3197 706
2892 707
760 708
30 709
6594 710
2900 711
4007 712
1186 713
9149 714
3479 715
3080 716
2546 717
474 718
8107 719
8203 720
7101 721
5558 722
7511 723
8899 724
9037 725
8174 726
8358 727
5780 728
2239 729
2361 730
8045 731
618 732
2901 733
5920 734
4984 735
6033 736
1763 737
6473 738
8874 739
8719 740
2973 741
6305 742
9348 743
8086 744
6096 745
2408 746
5479 747
9497 748
4758 749
1263 750
7342 751
1980 752
9236 753
8081 754
8844 755
1781 756
383 757
6301 758
8371 759
4662 760
3127 761
4156 762
1402 763
8569 764
2576 765
1147 766
4810 767
1374 768
2306 769
891 770
4667 771
6165 772
5180 773
271 774
2402 775
96 776
4115 777
1291 778
6906 779
7693 780
4241 781
3493 782
6984 783
139 784
1617 785
1098 786
3048 787
2354 788
5014 789
1294 790
9239 791
9075 792
4392 793
2124 794
3995 795
333 796
5892 797
7998 798
4552 799
7150 800
5075 801
5258 802
8244 803
4652 804
3307 805
2664 806
6697 807
139 808
4866 809
1872 810
2906 811
4607 812
1914 813
7599 814
1370 815
9469 816
5235 817
2104 818
1294 819
4239 820
1422 821
2452 822
4541 823
6226 824
3905 825
6477 826
8214 827
1395 828
6212 829
1426 830
5699 831
1860 832
8323 833
5859 834
1843 835
7101 836
6384 837
4318 838
2390 839
8980 840
3857 841
7581 842
8575 843
218 844
7120 845
2347 846
3558 847
2929 848
7546 849
9140 850
6246 851
1285 852
7137 853
3366 854
1070 855
391 856
155 857
1738 858
916 859
1868 860
3728 861
3124 862
7624 863
8146 864
5113 865
1023 866
7368 867
2567 868
6838 869
3861 870
7960 871
7886 872
981 873
2918 874
8749 875
1415 876
8144 877
6011 878
7238 879
1393 880
8481 881
8389 882
6150 883
7571 884
225 885
7558 886
9410 887
6478 888
4807 889
7284 890
1160 891
6169 892
9336 893
8239 894
7593 895
722 896
4729 897
8074 898
269 899
9343 900
4727 901
1518 902
2008 903
1123 904
3666 905
8614 906
6395 907
5862 908
1168 909
1678 910
9116 911
871 912
2739 913
5021 914
5624 915
229 916
1137 917
3451 918
2560 919
502 920
2958 921
1385 922
4905 923
8570 924
92 925
4790 926
7827 927
3404 928
3462 929
3915 930
36 931
2215 932
790 933
6939 934
4990 935
567 936
9105 937
5917 938
4678 939
1899 940
5736 941
1755 942
1722 943
1990 944
8469 945
4041 946
2305 947
7331 948
4626 949
