950 1250
1982 0
7908 1
1819 2
8751 3
7820 4
7138 5
7876 6
7003 7
9403 8
4083 9
6670 10
2152 11
8642 12
9426 13
7678 14
1537 15
6338 16
7197 17
7787 18
1273 19
6107 20
2622 21
8651 22
578 23
5895 24
4146 25
5550 26
1563 27
721 28
5478 29
5312 30
5041 31
898 32
1799 33
3220 34
7249 35
5317 36
1928 37
1019 38
3975 39
3553 40
146 41
8627 42
1916 43
1682 44
6017 45
6077 46
1325 47
7079 48
467 49
2836 50
6515 51
8442 52
5127 53
366 54
8398 55
6534 56
9191 57
7254 58
6500 59
9426 60
6726 61
7574 62
5332 63
6907 64
7497 65
1941 66
7070 67
3499 68
6022 69
9250 70
9350 71
4344 72
8660 73
1111 74
5190 75
7132 76
7632 77
7271 78
4286 79
4531 80
5258 81
6483 82
6281 83
4111 84
4571 85
2756 86
5159 87
3484 88
5869 89
4107 90
958 91
1573 92
4376 93
2387 94
7675 95
3754 96
8161 97
5762 98
3970 99
8227 100
1070 101
3416 102
899 103
6578 104
9045 105
1492 106
4263 107
2936 108
3333 109
4889 110
3184 111
2195 112
5147 113
3169 114
8255 115
5862 116
9222 117
6709 118
6955 119
4101 120
4295 121
2363 122
9043 123
9020 124
7330 125
7882 126
7536 127
4183 128
6840 129
8906 130
8226 131
5125 132
9154 133
653 134
639 135
7823 136
7245 137
6980 138
7207 139
1477 140
7916 141
2495 142
1619 143
7237 144
208 145
9294 146
8322 147
7510 148
7966 149
2619 150
178 151
6342 152
4558 153
6662 154
8762 155
1089 156
3017 157
422 158
418 159
3349 160
6646 161
2875 162
9202 163
9189 164
417 165
8014 166
4096 167
1129 168
1503 169
4789 170
5210 171
6589 172
955 173
4385 174
7242 175
8732 176
8403 177
2885 178
360 179
2981 180
8320 181
6365 182
4052 183
1190 184
5325 185
3423 186
5572 187
8635 188
6563 189
5291 190
2774 191
2095 192
5863 193
4160 194
7349 195
313 196
8145 197
6804 198
1713 199
5817 200
4646 201
7503 202
3067 203
5780 204
5333 205
2588 206
9181 207
6557 208
1299 209
1094 210
6298 211
551 212
9198 213
3958 214
7358 215
7018 216
1579 217
6867 218
6353 219
6761 220
7956 221
7542 222
933 223
1097 224
6065 225
3311 226
1098 227
409 228
7289 229
4704 230
6386 231
78 232
8463 233
3186 234
3929 235
4485 236
7364 237
7120 238
591 239
2670 240
1949 241
977 242
19 243
5720 244
355 245
7735 246
4596 247
7370 248
8321 249
6781 250
8337 251
7709 252
2717 253
3317 254
6529 255
5880 256
663 257
2931 258
4038 259
271 260
7015 261
15 262
8749 263
3015 264
3306 265
2283 266
739 267
8185 268
853 269
2025 270
8957 271
6543 272
4547 273
7990 274
3694 275
4347 276
3128 277
7423 278
9106 279
305 280
150 281
6070 282
6956 283
916 284
512 285
7014 286
6825 287
4932 288
5102 289
6792 290
4024 291
6115 292
9151 293
7909 294
5643 295
3912 296
6889 297
3045 298
6580 299
8297 300
1257 301
5714 302
7118 303
2076 304
2896 305
4133 306
5949 307
5956 308
3112 309
6388 310
2265 311
8881 312
8823 313
2080 314
4007 315
8411 316
8344 317
6417 318
2104 319
587 320
1565 321
1288 322
6041 323
1940 324
8531 325
5780 326
7755 327
5315 328
6815 329
4517 330
7371 331
1351 332
389 333
5306 334
9464 335
4018 336
1566 337
7984 338
5272 339
1416 340
4044 341
8208 342
4818 343
6264 344
2015 345
4252 346
1946 347
7883 348
5718 349
3992 350
8809 351
337 352
3661 353
5446 354
2412 355
9243 356
5693 357
8269 358
1512 359
7047 360
8226 361
571 362
7300 363
1485 364
9226 365
7775 366
9247 367
317 368
58 369
3568 370
7444 371
7007 372
3332 373
1641 374
6757 375
3551 376
3309 377
1235 378
598 379
246 380
8312 381
5372 382
2359 383
3992 384
5377 385
4861 386
8519 387
2243 388
8392 389
934 390
5294 391
1486 392
2631 393
194 394
2552 395
7221 396
5503 397
4586 398
7375 399
8876 400
7241 401
2185 402
8492 403
3760 404
2247 405
4697 406
8061 407
7349 408
524 409
2122 410
953 411
7892 412
6873 413
6769 414
8482 415
8240 416
9465 417
1530 418
7948 419
2966 420
6293 421
5470 422
7251 423
1468 424
4118 425
3796 426
5360 427
8826 428
148 429
184 430
3285 431
7516 432
7663 433
4453 434
8472 435
3690 436
8558 437
6313 438
5924 439
6164 440
3567 441
3537 442
9188 443
4459 444
5030 445
4935 446
5088 447
1296 448
7698 449
8838 450
7497 451
2111 452
3441 453
6514 454
3198 455
94 456
6104 457
1946 458
6919 459
483 460
6545 461
371 462
5819 463
676 464
7589 465
9372 466
1285 467
8593 468
3801 469
7819 470
7879 471
1077 472
2176 473
7283 474
6641 475
6351 476
8451 477
2536 478
62 479
7104 480
4215 481
3123 482
1153 483
8199 484
8411 485
3479 486
304 487
1356 488
4717 489
3989 490
4978 491
160 492
6544 493
2465 494
6350 495
952 496
2876 497
7988 498
6225 499
6768 500
2326 501
7536 502
8639 503
2109 504
2494 505
2947 506
3119 507
1061 508
5830 509
4019 510
2254 511
3760 512
1051 513
1168 514
3056 515
8271 516
966 517
4208 518
985 519
4402 520
9302 521
4209 522
2732 523
7607 524
4230 525
2789 526
4879 527
991 528
2238 529
6771 530
2995 531
4999 532
9143 533
7013 534
1593 535
700 536
2031 537
4783 538
6294 539
7261 540
6919 541
5183 542
28 543
9187 544
2012 545
8228 546
6204 547
3096 548
833 549
2060 550
1458 551
1643 552
250 553
4853 554
1206 555
1120 556
6433 557
8783 558
4058 559
1091 560
3449 561
9352 562
7418 563
6822 564
8925 565
2990 566
7862 567
8651 568
9493 569
3600 570
5871 571
4500 572
3096 573
7439 574
5646 575
4256 576
3678 577
9014 578
9192 579
6527 580
7963 581
5709 582
1296 583
6509 584
4710 585
2323 586
5328 587
5313 588
3967 589
2933 590
9262 591
9446 592
8356 593
7427 594
7304 595
5189 596
5790 597
7903 598
7609 599
3337 600
6439 601
4276 602
7100 603
8419 604
2971 605
1869 606
2170 607
2363 608
2955 609
5047 610
128 611
6436 612
8730 613
4285 614
4327 615
9482 616
2294 617
4146 618
4912 619
6306 620
7227 621
912 622
257 623
6427 624
3785 625
2840 626
1543 627
6074 628
4577 629
9142 630
4099 631
8263 632
3388 633
220 634
6755 635
8126 636
3384 637
8249 638
458 639
6741 640
3578 641
9474 642
6976 643
1344 644
1785 645
7026 646
3309 647
3342 648
5327 649
1727 650
7521 651
3253 652
7747 653
3593 654
1438 655
8648 656
9268 657
4437 658
8350 659
7285 660
971 661
4293 662
8995 663
4558 664
9412 665
3636 666
1655 667
8910 668
4981 669
2617 670
2056 671
5233 672
1950 673
4667 674
3532 675
24 676
2081 677
3445 678
7445 679
2263 680
868 681
1666 682
228 683
9442 684
6377 685
8133 686
2252 687
4419 688
3960 689
8510 690
9328 691
12 692
5259 693
2631 694
885 695
879 696
7654 697
5313 698
2246 699
8155 700
6708 701
4532 702
1520 703
3055 704
695 705
6416 706
7788 707
886 708
2792 709
7258 710
4327 711
8388 712
6020 713
3419 714
9083 715
6409 716
9173 717
6662 718
51 719
8931 720
6725 721
544 722
644 723
5028 724
7723 725
8654 726
7779 727
8684 728
8905 729
5942 730
1723 731
3350 732
2410 733
3220 734
2691 735
7615 736
4366 737
347 738
1866 739
6457 740
728 741
6553 742
5178 743
3584 744
694 745
3564 746
7329 747
1393 748
4679 749
8539 750
876 751
9306 752
2396 753
9348 754
3833 755
6117 756
9001 757
8048 758
7349 759
4831 760
8009 761
5496 762
4650 763
4977 764
8267 765
106 766
7183 767
5982 768
5333 769
6299 770
6113 771
5771 772
2784 773
8444 774
1069 775
5933 776
2980 777
1694 778
9433 779
6019 780
8754 781
9177 782
6698 783
6112 784
8477 785
5522 786
2438 787
2 788
937 789
3440 790
8152 791
5935 792
9056 793
839 794
6120 795
8620 796
6868 797
4668 798
7411 799
2459 800
4722 801
853 802
3211 803
5854 804
2286 805
1677 806
7700 807
7415 808
656 809
5829 810
5434 811
2176 812
9476 813
7772 814
6657 815
6570 816
2162 817
4145 818
2439 819
5782 820
6305 821
4904 822
8054 823
910 824
9242 825
6878 826
5247 827
7368 828
3945 829
8677 830
3680 831
2097 832
2560 833
6677 834
2975 835
8821 836
2166 837
6803 838
4052 839
6325 840
2060 841
8037 842
4258 843
8600 844
5211 845
5033 846
5868 847
6675 848
8689 849
3835 850
4301 851
5600 852
2412 853
1390 854
4252 855
8414 856
2578 857
7587 858
4361 859
3296 860
2677 861
4427 862
1854 863
232 864
1429 865
1358 866
8384 867
8479 868
808 869
7100 870
253 871
7550 872
1354 873
5156 874
8913 875
9156 876
6964 877
4752 878
968 879
4760 880
3178 881
3555 882
5716 883
7363 884
7941 885
5608 886
5971 887
3040 888
1842 889
6748 890
4471 891
3393 892
1041 893
8678 894
3071 895
2517 896
7010 897
8844 898
6916 899
5562 900
3419 901
5220 902
3816 903
752 904
1878 905
2702 906
4841 907
9345 908
3259 909
7532 910
4181 911
1915 912
5193 913
6911 914
3129 915
6465 916
2498 917
6349 918
5293 919
2413 920
3866 921
1082 922
4890 923
7545 924
4003 925
9227 926
2590 927
7178 928
8393 929
6012 930
6429 931
6567 932
1286 933
3131 934
6844 935
5165 936
6820 937
2641 938
9052 939
9384 940
50 941
9309 942
4722 943
925 944
767 945
4209 946
5012 947
4665 948
4828 949
