84 86
599 26
654 33
232 76
5 14
661 75
583 10
696 68
351 40
516 39
696 57
85 6
119 9
429 60
783 67
409 63
538 49
407 44
498 34
163 82
560 61
417 29
824 31
610 83
72 4
87 62
396 46
64 56
685 65
191 11
643 17
473 15
423 47
690 8
366 12
406 50
236 35
346 55
428 45
204 27
837 77
276 22
494 25
537 30
754 70
796 36
232 71
507 18
733 80
226 32
364 78
42 81
776 48
479 38
200 79
567 59
463 41
357 1
638 43
551 21
670 13
558 66
343 16
475 20
64 74
733 28
539 51
476 58
698 5
163 0
626 42
408 54
340 3
65 52
315 2
222 69
391 64
733 23
714 7
192 37
245 73
341 72
553 19
511 24
314 53
