78 76
753 70
201 5
555 26
113 53
621 25
762 28
602 45
322 52
526 19
415 54
733 41
699 56
96 36
541 76
546 27
139 73
614 18
335 75
710 2
354 11
458 16
759 42
316 30
476 57
546 69
585 3
543 72
151 8
707 46
224 4
524 6
120 24
625 44
714 71
224 10
378 49
42 13
568 67
625 62
204 9
383 74
124 32
462 39
18 35
752 37
309 1
117 64
443 47
102 68
334 65
698 20
341 31
431 66
105 23
611 61
4 38
41 51
254 77
442 40
34 21
106 43
328 60
756 63
153 50
612 55
269 33
439 34
268 12
778 29
378 59
699 7
474 48
126 14
315 0
574 17
580 58
55 22
395 15
