85 87
843 1
23 74
167 21
36 20
277 77
143 45
254 15
733 13
750 78
411 72
723 62
148 53
308 42
801 61
408 23
845 39
27 16
208 9
290 18
593 65
527 83
821 28
180 8
607 79
221 52
835 57
635 32
605 47
262 60
611 63
35 48
499 14
453 25
795 40
733 49
672 36
828 29
786 12
53 50
484 7
751 3
405 73
39 4
693 46
429 76
523 38
241 84
15 67
229 82
151 11
250 37
843 70
821 43
447 27
190 51
584 80
629 30
73 2
588 44
548 0
339 35
179 55
580 59
571 58
331 17
362 26
25 34
218 64
439 31
375 81
581 68
79 66
386 24
130 56
830 33
280 10
122 41
220 22
100 6
567 19
56 5
468 75
243 71
563 69
6 54
