92 94
272 56
139 35
210 17
13 85
549 28
798 38
316 42
779 39
395 75
419 3
836 6
871 54
188 79
605 63
699 43
266 10
501 18
570 41
84 67
823 21
489 88
407 37
858 29
764 7
670 14
35 45
836 22
878 50
299 5
664 40
67 66
550 58
16 26
548 90
63 23
388 27
275 15
389 72
103 24
604 78
100 55
751 49
97 31
356 9
733 80
330 0
914 76
43 59
861 53
610 68
337 33
727 8
869 12
838 91
114 84
357 30
1 57
475 82
337 46
357 71
75 70
664 4
359 32
16 62
440 73
312 81
888 19
142 74
824 52
914 48
557 83
479 60
794 20
891 1
481 51
184 25
49 89
193 64
368 2
145 11
557 65
52 61
478 13
903 44
660 16
275 69
916 47
730 36
344 86
687 34
796 77
12 87
