99 97
649 39
670 33
588 38
592 94
464 23
26 30
836 46
724 18
462 70
2 22
984 97
847 71
947 20
971 74
357 72
844 35
339 84
773 40
46 86
12 73
481 26
132 28
638 21
690 25
722 5
498 92
728 88
438 13
62 29
361 51
303 63
792 59
32 49
358 57
174 36
112 81
550 6
805 53
426 96
688 45
421 7
942 52
676 47
833 82
419 43
880 60
268 58
669 76
19 1
296 69
63 24
389 19
901 79
314 75
259 77
510 68
373 44
67 2
147 10
196 87
466 62
6 11
544 14
743 78
74 55
310 15
590 16
475 80
152 4
364 8
909 12
736 64
63 42
221 27
259 98
200 95
460 17
160 83
513 0
833 48
477 89
627 32
807 34
125 9
914 37
532 50
153 56
326 41
299 65
706 91
833 54
794 66
273 67
246 61
44 93
80 31
76 3
275 90
731 85
