89 91
471 30
167 85
242 36
269 2
601 5
202 10
405 67
51 20
468 22
284 31
246 29
519 83
793 33
95 23
816 58
647 3
672 15
128 32
167 66
48 35
345 19
8 7
670 51
6 9
773 18
745 82
803 41
678 45
409 81
235 64
230 16
461 37
875 28
373 44
416 34
864 39
469 26
536 84
242 53
601 69
522 48
424 11
499 61
455 13
595 88
167 54
668 49
378 56
876 17
231 78
387 75
335 62
352 4
501 59
759 74
594 12
777 63
552 77
800 14
499 24
170 40
165 79
765 38
403 80
612 43
138 46
870 27
267 60
18 72
502 21
374 73
868 25
612 0
23 1
603 6
349 55
580 52
490 65
138 71
639 8
687 76
384 68
603 87
535 70
712 47
340 86
507 50
41 57
803 42
