87 85
868 49
127 48
632 69
166 13
226 74
459 66
235 24
470 61
239 78
293 76
426 86
849 57
44 47
776 59
821 84
236 36
591 50
581 16
697 40
366 26
665 67
173 55
504 20
104 38
21 44
597 37
147 82
436 62
572 63
384 79
34 43
173 29
457 17
211 31
66 58
828 42
14 53
575 35
674 54
241 32
90 22
157 10
578 21
503 23
241 75
217 80
754 33
685 72
748 81
577 7
546 15
6 46
335 39
524 4
713 5
822 28
396 14
395 2
597 71
137 64
777 11
290 51
45 9
169 18
233 52
198 56
672 83
312 45
697 30
202 60
281 3
589 65
836 12
826 73
814 8
621 25
680 0
48 77
625 34
526 70
290 1
644 41
311 85
841 19
824 6
718 68
583 27
