77 79
470 34
511 72
296 10
203 59
594 19
589 73
610 41
455 14
733 74
446 47
331 29
501 53
236 12
13 58
605 63
223 13
547 8
281 18
369 9
648 71
768 67
537 7
121 54
79 0
43 22
200 36
326 68
566 50
377 24
24 62
311 33
401 43
756 3
301 44
485 57
308 1
446 42
38 51
692 69
132 40
477 61
339 23
23 65
747 28
751 56
409 5
636 20
581 4
590 35
194 15
283 32
704 37
675 45
545 55
441 17
610 25
466 52
107 16
769 11
442 70
18 48
106 6
71 26
617 39
556 60
281 46
199 66
267 49
132 76
599 75
605 38
523 64
210 2
97 30
748 27
720 31
760 21
