88 90
842 54
335 6
354 77
461 86
509 5
69 41
311 24
157 53
251 30
222 39
310 37
20 84
437 75
130 42
478 85
145 31
368 61
45 40
750 82
877 34
111 46
581 59
651 76
617 43
879 19
232 62
861 50
750 44
111 22
199 18
743 38
754 29
817 48
819 47
84 23
103 58
22 72
110 17
780 1
788 4
663 66
853 45
830 32
816 56
42 64
380 65
837 2
784 49
147 13
516 28
215 55
366 27
214 79
235 52
384 81
24 67
237 3
800 15
45 78
387 74
409 36
744 83
555 26
269 71
204 9
242 87
185 63
226 80
376 25
365 35
577 10
789 33
627 57
191 73
554 8
754 16
327 51
723 7
168 68
875 21
243 20
329 12
296 0
489 69
431 14
448 11
278 70
456 60
