76 78
524 28
207 66
253 24
443 14
56 13
84 57
5 12
382 52
249 7
354 60
424 31
318 75
221 47
355 36
716 27
179 72
379 68
620 59
653 49
731 73
506 25
61 55
222 16
377 53
127 34
645 54
545 10
196 61
343 70
435 35
703 43
135 29
625 1
539 40
639 9
697 2
312 58
413 5
725 17
403 6
707 26
255 18
225 41
364 42
350 22
235 74
339 20
687 50
329 48
71 19
189 46
608 63
118 0
110 21
21 33
730 56
459 45
331 38
246 65
130 64
417 11
72 44
758 39
196 67
428 51
484 4
464 37
477 15
753 69
163 62
338 32
23 23
394 8
578 30
665 3
45 71
