77 38
65 30
114 164
193 183
101 74
140 21
70 87
54 165
76 185
109 185
183 78
179 138
119 162
94 109
16 42
112 71
72 72
153 199
176 96
11 192
64 127
17 5
18 187
94 17
82 153
133 60
48 158
44 27
26 49
14 189
48 95
20 185
16 115
188 162
124 2
128 201
182 189
79 175
44 171
110 121
112 173
114 30
189 56
172 46
86 14
191 21
194 120
7 139
24 128
161 97
114 24
80 178
29 162
28 188
154 4
62 186
32 83
87 176
71 44
70 58
67 68
138 73
27 94
124 68
102 154
100 7
82 54
116 35
130 200
154 66
136 25
78 26
150 127
184 165
137 43
165 77
134 69
35 62
