102 51
29 49
56 43
198 170
111 195
42 150
9 107
34 88
2 10
62 119
142 176
30 12
64 52
197 98
148 94
151 151
80 42
183 85
168 135
162 161
67 120
40 158
85 137
167 72
62 94
137 146
88 151
97 97
113 62
80 198
96 155
82 130
141 41
42 161
124 19
90 69
117 3
50 149
135 188
62 60
52 164
68 130
72 31
116 194
105 49
169 173
17 171
59 197
105 156
40 72
156 202
128 133
144 149
129 20
11 96
20 44
4 12
94 193
123 7
139 195
135 28
190 125
97 54
91 91
108 40
184 197
15 187
73 192
123 117
187 109
116 49
104 156
90 11
107 59
108 53
46 172
63 77
39 184
75 101
190 9
157 41
190 13
165 24
16 74
175 102
199 56
17 14
163 145
86 116
159 21
141 32
141 112
151 142
68 135
42 49
59 156
25 147
94 11
44 111
156 27
118 140
34 101
148 147
