161 80
127 170
47 116
50 66
91 127
150 147
172 195
166 5
114 159
77 2
89 181
169 11
174 120
79 96
54 39
156 177
117 135
68 136
129 165
109 169
27 113
45 114
163 199
126 28
16 27
104 72
77 170
14 27
87 79
124 68
164 57
43 7
35 163
41 188
181 112
15 102
50 80
162 95
96 148
90 20
164 164
9 32
65 115
198 56
39 31
112 89
126 116
80 162
119 165
134 135
107 42
152 57
126 57
2 114
168 45
150 130
75 79
3 73
24 110
69 64
49 14
41 91
124 9
104 89
105 85
170 146
100 56
1 2
16 111
176 120
42 1
147 169
39 117
116 119
102 59
183 191
189 21
171 181
27 136
195 1
170 113
131 201
52 29
88 156
135 177
140 78
105 179
56 83
105 119
132 32
91 84
195 154
196 184
180 126
58 100
173 77
23 20
65 96
114 75
165 151
114 15
18 54
38 31
103 35
120 166
22 151
188 56
44 186
87 145
41 114
176 190
171 160
163 86
169 199
36 117
178 34
48 125
23 187
86 173
56 65
190 10
169 58
36 189
55 111
27 27
183 81
109 180
150 185
181 22
95 57
60 18
79 13
54 13
38 86
176 120
22 134
48 164
41 33
193 7
117 168
194 46
90 194
149 142
37 86
181 186
130 9
117 1
33 163
135 153
159 80
119 110
168 33
122 159
167 134
160 73
110 68
57 194
32 78
111 146
153 143
81 104
161 1
