135 67
64 37
69 14
145 58
7 21
150 78
6 123
49 148
78 50
46 113
57 178
14 175
154 198
86 84
61 74
142 188
154 137
78 45
75 48
46 109
181 101
168 188
125 154
13 143
143 34
83 4
177 56
130 131
115 16
151 99
45 129
149 167
44 100
33 155
21 85
195 174
25 41
76 149
38 36
185 162
9 65
158 71
164 41
172 173
110 35
47 202
197 61
147 95
125 104
184 139
169 197
49 132
109 195
81 56
19 131
48 185
30 137
102 149
7 127
101 48
10 132
50 21
153 147
59 59
104 86
48 96
38 133
3 175
59 155
57 54
180 83
21 97
9 37
21 116
23 167
126 176
191 119
55 33
200 201
179 62
45 24
10 153
24 35
12 183
129 38
52 57
111 140
10 67
185 99
100 196
56 50
15 194
101 79
161 66
21 19
28 60
84 200
72 66
35 79
8 166
165 156
44 11
164 32
96 31
51 108
127 118
64 41
61 186
165 166
102 107
106 13
54 173
175 149
162 188
145 198
95 59
104 150
88 133
18 182
53 44
38 144
84 33
55 114
123 74
14 15
154 67
159 117
96 162
22 179
190 190
64 106
129 29
91 30
59 57
179 178
9 56
