165 82
26 72
83 44
115 68
105 102
154 161
1 36
177 97
116 83
149 93
59 77
44 173
26 130
89 186
137 133
37 3
171 56
99 24
34 47
98 148
84 71
128 156
58 171
199 93
108 41
58 163
77 56
179 66
159 34
86 80
7 43
124 200
36 93
9 86
54 142
121 100
137 187
166 58
154 124
15 170
89 107
28 144
48 117
65 147
50 128
101 13
189 109
87 149
193 122
179 194
124 160
178 180
104 49
185 180
150 6
110 151
28 41
126 23
151 131
17 93
188 47
137 28
122 202
32 183
2 181
74 105
65 6
81 78
32 120
99 74
165 29
127 200
179 100
139 43
131 16
149 134
151 92
120 126
113 188
89 103
186 158
140 195
136 71
172 41
183 111
26 132
43 81
65 158
23 4
82 75
167 73
101 151
5 35
142 197
36 71
131 176
159 24
97 60
200 109
86 81
70 115
198 24
17 43
87 52
62 143
26 10
106 61
162 4
72 140
153 95
7 112
96 188
166 167
140 24
161 182
76 179
194 34
181 166
52 200
19 115
167 15
26 22
46 43
57 170
146 75
65 113
44 71
40 84
149 128
4 115
143 122
46 196
13 101
170 70
197 141
13 93
137 129
86 132
131 199
167 183
105 201
48 56
98 3
18 35
142 49
169 104
161 80
159 132
190 43
44 34
5 34
70 70
8 100
158 98
115 15
37 108
70 157
156 184
50 73
1 79
6 75
181 20
178 191
27 41
153 174
90 106
