83 41
26 193
187 197
179 105
37 112
69 26
57 97
27 111
68 63
14 19
11 117
138 95
2 110
154 64
153 43
173 74
132 69
37 172
97 71
28 77
182 2
42 187
52 161
140 201
178 170
118 134
26 140
68 187
160 44
79 11
97 76
200 26
181 134
180 175
146 121
153 135
86 95
149 45
123 34
85 57
11 197
61 131
82 179
188 79
82 75
160 16
74 6
66 58
170 202
162 32
62 121
106 156
106 67
75 80
52 1
17 126
19 118
34 102
38 120
169 192
27 55
46 185
190 100
106 99
173 143
64 75
27 76
24 53
54 115
56 87
83 84
40 44
162 135
105 121
71 63
94 155
47 99
177 61
24 51
15 170
47 123
143 112
38 28
39 24
