195 97
135 140
92 14
13 40
99 52
58 150
111 122
74 71
62 84
138 17
185 17
98 178
48 130
23 100
64 198
47 163
161 46
138 79
27 199
129 47
75 153
141 120
141 128
36 44
110 104
192 75
54 62
163 183
26 9
94 160
12 96
158 90
82 83
125 75
112 174
52 54
166 155
194 20
44 51
102 176
137 98
34 188
51 116
194 59
142 41
76 57
188 153
108 200
31 98
172 186
120 136
196 61
158 41
16 137
194 155
105 174
196 172
135 162
137 48
89 142
13 51
117 96
134 87
122 78
62 184
118 55
174 146
78 82
155 32
58 13
62 10
90 20
44 33
71 127
29 103
18 92
22 169
78 33
76 197
196 110
147 182
63 41
22 35
27 174
36 36
173 29
16 35
178 19
119 172
140 165
153 57
97 184
188 157
96 98
54 47
74 192
24 40
110 182
57 167
99 178
26 19
88 109
184 162
95 148
133 25
11 29
111 4
158 138
92 170
14 112
117 81
196 195
156 162
57 86
179 39
131 70
188 24
173 81
147 77
83 147
189 167
52 80
23 82
46 14
144 7
119 179
75 121
74 49
165 145
125 138
80 87
46 39
157 26
162 173
45 115
16 74
25 46
54 143
180 2
38 148
23 104
195 161
168 125
179 30
87 24
154 158
128 125
120 195
183 124
88 91
77 173
1 17
92 89
69 105
57 65
19 158
128 126
157 144
70 162
17 138
119 65
168 48
27 187
53 67
115 196
87 112
57 117
9 23
48 93
108 170
70 114
112 121
44 17
100 89
181 31
200 78
141 198
74 201
115 193
101 162
137 77
162 58
91 63
95 131
144 153
87 170
50 40
27 151
186 116
106 24
98 102
101 73
131 20
2 8
27 150
144 142
