185 92
173 104
61 55
54 183
127 61
129 48
188 42
190 140
133 48
143 122
177 55
113 186
110 146
119 120
29 187
183 149
111 147
171 179
133 84
145 44
155 8
145 154
122 18
109 30
161 62
160 109
185 71
187 81
176 89
60 162
190 30
140 31
170 63
63 139
132 73
160 165
186 42
106 174
115 22
72 4
185 8
158 52
63 29
16 139
103 75
9 147
105 109
58 148
79 168
133 51
122 73
101 194
3 48
83 71
91 178
118 83
56 175
102 140
173 87
88 201
60 136
80 3
187 3
5 171
43 150
106 190
39 161
103 128
88 189
145 191
24 36
46 120
24 68
173 104
9 134
171 126
74 95
93 31
120 115
127 172
137 126
127 6
14 143
20 149
36 34
45 33
133 191
198 74
69 58
19 119
33 87
76 11
20 70
152 99
85 7
85 72
158 193
93 132
165 22
101 96
103 64
56 2
186 19
53 54
8 133
24 151
178 173
166 13
141 118
56 194
89 80
123 12
58 56
40 13
160 121
94 189
16 105
4 188
139 68
10 155
195 174
184 25
25 70
143 127
108 185
125 105
133 177
163 73
115 6
200 187
4 106
149 73
166 170
32 31
108 102
36 178
120 135
142 83
41 55
179 184
31 116
164 105
18 128
188 94
64 5
111 65
15 143
130 17
167 6
13 163
48 40
68 92
45 12
37 24
42 194
75 133
74 171
183 152
108 130
66 172
98 31
36 122
9 186
191 47
173 93
72 139
21 12
137 127
80 193
18 148
142 9
48 87
14 28
6 89
31 40
196 107
68 126
104 134
164 78
143 156
41 51
80 26
40 130
176 201
15 185
177 50
