171 85
102 164
60 46
196 30
154 134
168 49
90 163
37 199
170 149
93 155
186 95
171 118
122 76
153 94
106 119
112 159
131 12
48 187
104 175
139 50
34 52
142 168
4 170
34 5
155 73
185 26
132 105
80 123
51 66
191 78
58 80
134 82
61 179
110 58
7 102
174 140
49 140
94 100
11 42
2 91
124 115
24 185
95 69
112 38
174 111
179 112
66 186
84 115
162 92
105 14
193 25
199 104
39 32
59 26
70 162
141 154
20 83
56 184
157 74
153 161
157 12
110 98
23 161
18 114
174 67
56 57
196 135
104 27
64 50
70 183
52 130
186 40
105 143
136 30
180 158
78 43
76 153
48 155
105 111
47 38
123 16
166 101
168 27
144 116
9 90
19 51
165 181
114 172
37 155
88 11
102 100
70 147
86 171
173 160
21 112
82 201
169 195
158 3
40 62
176 161
21 185
155 175
181 91
98 39
183 47
96 98
4 50
193 19
118 178
55 76
183 86
170 3
20 85
19 19
117 152
108 180
6 79
10 185
58 192
25 155
193 139
79 57
61 142
29 131
100 62
65 15
87 186
79 89
175 69
135 189
86 78
149 148
31 64
88 99
124 202
67 18
77 165
54 124
115 94
110 36
200 85
146 32
47 65
176 135
92 56
98 28
135 5
130 144
41 37
36 47
44 199
54 181
113 68
94 155
74 129
154 14
175 84
88 16
4 164
170 143
44 110
176 26
149 36
51 31
180 193
95 105
196 105
112 133
88 31
158 179
181 59
9 83
