141 70
14 174
32 164
175 99
21 40
53 37
94 61
7 145
55 35
150 175
27 127
96 77
83 121
17 65
160 65
124 5
107 124
99 111
57 15
117 27
132 79
172 48
91 84
27 174
163 100
57 27
119 25
55 2
93 84
109 117
15 63
130 46
155 160
161 121
46 125
8 144
66 107
145 21
135 148
137 36
20 55
111 179
111 5
44 71
35 79
1 164
168 115
18 24
109 22
121 48
169 47
164 171
59 82
9 81
149 60
100 200
70 189
28 198
71 43
39 101
154 118
113 78
109 145
167 173
127 69
4 41
121 178
52 37
12 164
17 164
90 23
6 51
97 113
132 130
5 104
112 86
92 144
153 104
124 39
58 16
102 170
80 177
184 42
160 202
69 197
59 69
46 106
169 108
33 196
182 11
154 66
3 12
163 11
41 182
163 47
89 152
74 54
35 70
23 24
118 16
162 133
66 154
171 123
143 202
183 108
184 132
190 174
71 38
13 49
54 22
142 70
189 66
92 85
174 10
75 57
29 136
144 98
122 14
52 196
20 141
20 112
109 163
95 190
34 124
104 93
187 190
104 134
135 128
92 55
29 52
113 161
77 193
200 154
198 95
89 19
81 46
71 41
13 109
196 172
114 31
170 45
29 200
