162 81
73 99
123 129
198 106
94 132
200 110
132 51
81 15
100 40
124 187
154 130
104 58
84 70
4 175
79 176
26 55
30 85
188 37
180 79
19 80
51 78
160 27
129 171
20 162
136 146
57 118
153 147
54 36
28 53
22 151
166 118
71 29
167 21
20 84
157 162
10 36
84 94
71 139
94 57
109 56
175 33
156 63
94 77
146 146
28 120
148 167
181 131
107 53
194 89
53 190
125 23
144 136
96 186
78 46
58 109
151 142
46 188
166 45
177 42
129 141
42 7
44 99
65 17
93 12
53 3
148 20
40 14
162 123
86 20
20 73
111 180
132 189
193 145
56 81
147 141
181 30
46 135
95 92
195 198
53 175
89 9
35 120
66 70
200 95
197 28
118 202
73 23
189 122
84 174
100 182
21 166
184 135
4 151
67 140
171 164
57 19
145 112
115 123
186 127
137 174
64 124
143 147
33 9
77 74
200 94
141 185
126 137
58 23
160 55
11 194
148 200
113 115
177 194
193 77
131 27
36 172
127 82
100 3
151 140
137 153
152 123
74 55
142 168
21 78
103 5
88 164
11 193
75 100
140 51
89 99
116 106
70 47
32 83
175 3
80 77
194 119
164 48
86 157
59 133
115 132
35 134
70 188
182 127
199 18
72 28
20 122
63 64
34 95
101 130
96 166
51 141
27 170
18 22
92 73
45 53
191 114
18 191
74 21
40 58
58 17
59 130
14 110
113 71
