90 45
74 3
188 153
46 119
49 198
164 1
190 46
45 167
39 24
4 115
83 80
51 7
48 128
47 29
129 165
148 128
67 117
135 45
72 66
165 44
128 165
33 96
82 106
44 162
162 75
117 180
102 33
190 144
27 181
47 120
38 33
8 69
76 134
49 21
52 89
166 162
8 113
65 58
180 42
171 133
43 84
89 47
14 195
11 145
200 36
125 134
80 190
96 37
48 116
164 88
141 11
35 103
149 185
180 33
118 132
166 120
15 17
38 10
101 58
169 92
192 76
10 24
13 87
109 174
102 190
17 122
153 155
97 11
4 8
29 200
14 27
132 75
14 45
178 158
128 16
113 79
34 92
2 96
162 29
152 13
15 51
11 201
131 201
90 127
110 97
1 73
139 145
66 137
94 50
168 157
10 108
