130 65
41 180
192 138
183 56
132 184
25 59
92 76
196 129
196 102
161 161
176 29
96 7
96 187
165 50
99 128
119 67
85 120
4 187
177 24
43 170
25 79
159 118
25 185
25 161
194 58
147 84
68 193
15 38
23 165
87 123
167 156
120 122
189 129
150 195
85 170
84 33
192 45
52 128
167 17
152 96
62 136
40 33
195 117
151 108
16 8
133 130
177 130
197 61
40 145
116 91
82 175
125 154
189 168
103 8
155 17
101 110
150 47
107 120
65 182
49 129
10 170
199 170
79 11
147 7
34 50
65 150
16 180
173 23
158 114
31 66
148 34
148 69
148 36
65 18
107 121
167 120
40 44
170 188
171 89
130 107
191 166
53 75
75 146
22 177
102 139
89 27
125 98
181 118
69 164
118 115
174 24
114 94
129 200
61 95
29 146
152 46
137 150
80 88
88 132
140 128
120 120
23 129
84 186
122 150
179 25
69 124
61 149
166 60
152 150
98 60
93 109
196 74
152 44
150 66
49 134
173 202
112 123
14 157
109 78
84 32
105 156
49 67
9 151
165 84
87 99
169 107
17 152
176 193
193 169
80 88
131 101
