198 99
180 183
177 92
58 18
167 182
169 159
41 77
73 169
182 48
116 138
50 131
19 75
18 188
95 186
35 121
54 170
171 189
183 152
46 156
89 26
178 3
92 32
58 4
193 20
132 37
175 54
43 99
64 50
57 19
156 9
165 154
7 90
161 151
5 104
120 1
121 161
127 48
89 78
167 84
85 185
141 134
144 186
195 89
82 199
188 156
48 38
19 104
162 11
167 141
59 73
70 199
13 35
11 77
66 120
177 153
19 177
55 23
165 153
91 185
114 75
10 187
129 47
191 196
143 171
8 151
74 36
15 7
6 152
173 70
133 127
1 8
87 75
60 40
61 25
98 98
83 169
123 80
144 8
32 158
82 38
72 155
94 186
31 187
2 91
193 195
123 24
172 74
24 137
10 67
194 33
153 131
103 14
39 139
192 148
122 132
100 192
2 171
17 44
195 23
132 180
126 39
137 113
38 27
133 156
130 80
150 99
188 110
53 16
70 22
178 185
5 56
176 99
176 166
164 80
157 172
52 24
104 182
78 162
43 168
147 163
67 80
107 184
82 147
28 21
65 176
11 10
144 20
103 3
132 10
19 7
112 25
157 200
165 81
176 66
161 134
120 32
21 189
114 108
77 188
86 19
20 90
52 128
34 12
36 148
109 195
77 22
184 123
165 133
134 80
104 113
80 51
196 119
104 34
124 127
184 179
14 3
35 200
67 107
155 46
86 120
101 52
16 101
69 176
118 97
187 173
139 26
137 110
24 174
60 59
110 73
109 143
50 195
38 6
191 93
89 87
126 75
3 21
112 116
67 90
86 46
35 8
63 131
78 132
71 54
138 96
141 122
196 105
6 60
196 182
138 170
65 49
196 84
23 126
110 38
92 163
135 85
118 84
60 50
128 124
