80 40
164 52
178 43
186 185
67 127
131 149
53 188
157 133
145 73
124 120
192 130
175 198
60 82
110 114
1 142
180 22
43 65
195 81
165 140
116 156
115 182
68 74
176 66
44 174
3 173
161 202
96 114
139 15
117 49
10 65
16 9
161 75
6 96
178 96
160 17
36 109
89 58
116 96
37 158
106 107
197 82
199 155
93 9
101 19
52 166
199 141
119 56
195 158
176 89
51 48
16 142
88 177
93 108
60 50
57 24
162 12
90 96
121 115
25 99
105 6
42 185
97 80
155 111
152 15
69 16
18 179
197 180
100 76
74 124
5 88
32 129
186 82
178 25
2 194
147 162
182 159
187 168
15 73
10 26
184 48
78 63
