113 56
127 128
42 120
33 51
133 111
84 25
62 113
11 179
35 27
168 180
58 33
32 161
169 169
107 164
30 190
60 111
105 89
115 20
28 184
161 91
168 96
142 179
21 105
176 67
189 123
42 147
147 105
167 58
119 163
33 132
97 117
84 60
27 133
39 73
84 106
100 119
87 42
193 184
36 48
44 89
122 20
113 15
148 115
56 77
104 19
51 179
74 103
106 200
4 65
84 130
141 172
133 131
101 179
164 192
79 34
21 96
79 67
86 177
175 170
114 164
88 161
89 86
186 170
27 37
7 154
23 104
79 105
172 1
45 98
180 115
158 109
95 159
123 182
150 119
92 51
50 149
52 125
31 117
23 13
174 71
158 79
184 91
48 47
199 107
114 92
176 111
200 191
112 151
88 202
13 147
48 107
2 121
128 147
61 157
162 174
40 99
153 111
8 182
158 77
137 45
75 105
145 40
49 149
200 171
125 19
35 178
108 129
24 202
9 18
37 80
147 107
31 72
30 159
153 4
