95 47
67 82
2 55
80 155
163 181
79 138
113 147
126 98
84 107
136 176
3 42
1 94
107 165
129 52
1 86
52 144
194 107
142 83
11 134
18 29
13 157
9 152
138 178
61 202
198 123
47 101
90 185
29 78
25 133
138 165
182 2
65 119
6 135
175 51
177 12
117 114
135 97
36 177
128 75
126 199
92 173
145 4
5 10
9 126
153 115
71 130
58 22
12 155
179 171
33 97
153 139
30 15
128 129
35 66
168 161
6 54
115 5
69 62
59 124
195 120
196 127
96 68
77 70
49 142
197 65
150 135
74 94
113 118
110 63
179 78
71 94
79 27
51 110
17 60
4 60
171 146
70 102
158 172
148 168
162 198
118 107
127 141
188 54
2 126
57 166
146 98
158 145
118 74
199 120
188 101
77 34
173 104
63 101
59 179
96 24
152 94
