93 46
176 150
150 5
140 184
27 34
49 15
119 21
49 118
54 59
77 41
26 63
66 165
59 80
113 9
17 86
2 106
115 96
119 124
157 74
96 45
29 200
70 106
138 152
65 8
147 113
121 97
50 155
194 97
59 189
136 87
88 155
79 93
189 117
156 46
27 83
27 112
96 94
155 138
184 115
186 4
41 142
39 74
195 27
141 199
188 138
18 175
123 82
27 173
147 45
1 64
116 174
176 47
26 168
122 160
85 73
162 60
147 141
10 11
100 72
179 165
156 17
49 179
110 179
12 56
80 201
199 155
11 9
79 128
120 72
124 162
166 34
89 4
11 153
98 199
14 51
22 105
108 64
178 83
169 54
93 95
133 148
83 146
19 16
123 19
199 145
116 188
15 191
181 142
120 64
37 134
101 106
12 187
189 144
21 195
