188 94
154 106
118 175
164 149
62 13
9 104
194 25
124 202
45 146
36 134
131 130
146 113
124 76
165 109
158 86
50 36
98 87
36 95
132 86
2 78
80 175
186 3
156 64
77 93
98 2
87 56
134 82
131 118
22 67
89 190
175 22
103 128
171 164
145 88
17 71
127 127
78 40
10 177
134 18
148 157
147 26
148 113
88 84
134 148
164 163
88 9
189 199
189 159
187 8
91 184
141 146
166 154
41 190
63 37
104 103
147 108
134 151
194 59
177 103
155 136
155 154
147 92
87 123
190 144
171 174
132 70
161 4
26 163
177 188
56 143
34 67
26 56
73 82
45 197
86 116
199 148
199 193
86 159
145 54
68 190
115 91
187 17
9 53
104 171
177 196
148 152
129 117
1 89
32 6
107 22
17 11
105 19
29 8
127 51
97 120
41 54
143 103
15 110
142 134
44 167
68 184
53 27
170 114
82 130
170 99
50 151
76 87
97 63
164 160
132 80
29 49
20 88
73 160
36 116
163 3
66 175
63 15
149 73
4 159
74 163
59 157
114 99
167 49
87 5
124 16
77 38
30 113
9 113
77 112
195 67
180 165
157 160
133 121
141 136
25 112
136 67
139 156
171 173
39 64
99 11
137 56
190 162
34 192
140 14
194 107
175 80
196 109
40 94
128 24
169 176
162 32
32 186
104 9
71 91
178 33
15 50
103 27
92 5
56 181
91 32
179 88
169 28
57 201
69 158
177 180
150 5
54 38
105 22
41 196
138 144
13 16
68 158
103 16
45 128
85 13
67 10
152 107
23 137
178 8
120 78
79 156
163 59
115 120
57 85
174 135
43 125
38 86
95 115
149 198
