175 87
140 66
125 91
43 125
3 102
15 49
186 198
127 188
30 15
101 117
199 76
122 122
5 128
76 16
161 16
166 117
190 175
131 130
36 198
62 71
123 92
1 67
97 149
148 62
122 170
77 133
131 30
89 60
197 177
52 67
48 113
35 84
33 128
59 115
1 112
147 44
47 53
124 87
157 200
180 98
82 19
71 136
64 8
63 18
177 91
81 177
160 133
106 139
22 54
152 193
37 185
3 84
100 137
102 98
94 130
177 21
143 165
168 90
192 160
71 108
174 192
58 51
107 112
19 162
189 66
40 187
195 178
45 53
23 105
198 18
71 128
35 189
127 77
183 61
132 175
111 101
78 166
167 159
78 151
38 146
141 25
100 139
175 195
50 53
181 49
101 127
87 19
22 175
185 113
30 168
188 58
53 45
198 99
92 1
174 96
117 140
95 138
189 174
199 122
76 18
168 170
167 86
62 128
60 35
25 163
169 42
187 79
51 184
181 109
191 18
197 199
170 63
163 177
137 6
167 174
155 124
157 78
69 72
61 126
97 195
133 27
178 175
167 3
99 162
91 99
145 55
155 152
30 154
139 42
34 152
30 151
12 118
94 118
96 10
82 122
11 142
93 140
159 145
192 49
26 12
127 147
6 30
106 88
157 91
126 164
106 28
189 152
101 177
97 87
15 19
104 179
1 197
150 185
180 150
73 152
171 35
90 65
112 3
159 141
169 1
35 159
110 98
147 72
125 121
4 7
154 104
187 150
83 194
186 43
179 94
97 175
152 55
111 41
92 51
19 110
149 39
