186 93
139 123
107 142
141 159
1 10
79 101
80 75
173 147
24 164
106 190
105 50
129 6
87 102
27 161
46 89
88 117
11 124
8 78
59 87
119 70
200 123
77 200
192 89
114 48
22 151
165 200
45 78
52 52
64 196
43 104
172 24
131 78
181 87
196 188
185 71
7 173
19 149
29 147
174 106
164 14
33 33
116 182
110 121
107 23
46 50
161 85
65 13
67 67
58 157
131 198
129 50
156 57
91 196
107 30
2 151
200 54
185 3
77 76
160 201
126 193
25 74
70 59
48 59
146 62
136 11
56 46
23 76
181 136
133 83
16 35
172 173
200 45
193 178
19 191
107 36
150 79
200 14
120 69
124 149
165 144
65 186
75 102
155 99
42 158
109 107
109 104
184 59
92 149
91 75
70 10
149 139
138 186
174 132
144 109
23 101
157 168
71 108
47 4
88 166
80 18
104 180
156 149
105 165
90 93
25 197
118 89
24 106
193 8
160 83
165 132
130 183
198 191
38 155
66 21
186 165
84 86
110 104
164 81
90 125
177 55
180 13
83 135
55 35
4 156
75 15
124 117
152 68
132 150
190 69
197 197
163 77
45 49
155 198
74 50
3 150
121 191
190 182
90 192
152 153
130 50
86 110
105 59
51 75
48 68
41 200
8 14
19 187
54 105
81 74
144 172
97 57
67 57
43 193
193 83
72 124
120 149
40 149
2 111
113 69
130 177
151 202
34 3
121 31
180 60
128 41
31 95
164 116
122 154
24 27
117 196
68 197
45 148
174 89
37 116
129 149
191 66
140 73
99 47
90 4
153 156
68 200
135 169
61 92
191 102
99 41
24 171
91 64
