128 64
30 196
40 150
11 35
82 49
96 116
112 62
55 114
95 28
117 88
2 50
151 115
33 50
112 8
6 11
138 82
109 193
82 16
91 24
109 14
168 73
153 47
82 144
126 160
35 142
93 26
134 161
40 77
112 199
149 109
146 145
51 121
76 146
118 10
179 194
100 132
7 80
47 74
108 52
28 78
68 94
5 138
83 52
97 11
49 93
51 101
15 114
124 159
4 28
141 71
14 171
73 102
8 162
172 19
87 72
169 142
173 38
169 126
144 138
182 123
21 35
73 88
69 5
32 194
157 114
187 74
30 76
148 47
55 98
4 139
131 112
186 194
195 83
193 30
76 64
74 72
125 10
17 32
151 32
130 8
130 50
146 195
105 129
121 176
75 101
71 163
134 136
116 129
103 174
122 153
16 116
3 37
86 11
132 198
72 142
150 125
48 124
119 178
121 67
150 67
28 140
15 197
195 81
114 187
71 179
139 126
90 116
196 101
120 126
7 112
16 49
112 27
148 132
26 61
198 3
60 179
52 201
91 162
43 136
122 39
24 96
15 13
28 19
141 48
102 200
54 166
129 53
143 163
147 179
