103 51
56 154
126 196
98 99
64 170
85 151
173 166
23 141
65 182
13 50
88 33
76 188
79 142
67 168
97 12
136 2
163 170
37 181
137 66
164 198
168 63
185 74
2 187
155 100
155 35
162 183
134 152
76 59
170 177
189 112
70 153
196 140
112 120
70 122
186 91
77 171
62 117
142 114
103 185
151 62
190 90
59 102
200 154
84 195
151 7
90 74
83 80
147 45
13 60
72 58
37 66
193 42
196 42
14 50
107 184
158 45
87 12
70 122
32 184
196 13
185 8
10 37
173 157
170 40
200 1
141 113
28 97
6 110
21 94
192 188
51 91
142 130
145 97
34 133
122 157
185 96
75 74
57 66
124 7
68 76
56 186
171 194
173 75
128 120
30 6
49 192
195 123
90 166
26 156
14 36
104 137
192 100
19 124
176 152
1 18
40 93
90 29
34 149
160 18
140 146
198 19
67 120
68 12
194 128
