196 98
192 78
179 192
130 132
51 27
111 14
165 200
28 75
45 134
39 168
81 86
123 194
164 200
99 139
129 168
8 47
11 83
88 48
168 25
142 25
134 111
23 144
117 127
163 61
182 197
154 130
167 114
57 21
90 150
45 48
153 88
21 45
6 97
82 151
53 173
137 79
26 74
31 35
195 41
84 59
199 127
167 98
90 127
68 28
29 21
59 158
42 139
12 3
192 199
28 127
181 121
22 14
146 137
14 111
78 123
183 48
42 118
67 142
133 60
171 128
28 91
135 114
124 27
82 125
34 42
104 7
162 161
193 138
117 157
99 132
110 34
179 138
84 34
170 53
76 11
132 113
152 87
116 45
63 9
111 156
50 192
188 134
130 101
199 135
61 174
186 98
150 183
26 166
124 56
121 44
72 149
175 152
197 37
110 27
156 43
108 184
181 35
108 148
66 60
171 102
200 128
160 2
196 9
197 202
96 37
70 133
115 192
179 81
183 9
191 7
94 172
184 168
77 127
146 112
82 30
190 37
197 81
192 62
51 103
30 18
55 93
114 3
112 41
103 11
71 94
98 53
131 156
167 1
34 65
146 33
147 51
72 86
175 77
144 35
123 145
80 48
114 181
193 80
123 27
126 114
190 39
16 91
178 122
129 181
161 113
2 43
180 92
11 87
158 200
22 119
109 89
48 87
152 186
158 15
32 104
63 114
22 193
91 128
42 86
45 139
128 117
73 40
107 29
179 121
77 121
124 185
32 65
64 192
190 100
23 131
55 98
65 28
172 21
69 191
29 31
83 142
76 134
95 123
82 139
47 30
172 105
156 118
89 173
146 152
2 79
117 173
169 60
140 86
129 19
120 202
70 169
101 191
123 124
96 45
42 65
57 58
6 37
