108 54
112 148
64 76
97 106
166 156
75 54
49 94
172 174
168 122
125 109
152 186
72 167
78 80
98 8
198 138
138 51
158 194
88 78
106 41
33 122
149 107
187 100
29 59
159 106
129 43
90 13
189 181
56 124
88 55
118 165
175 79
1 55
87 18
87 114
166 64
156 185
156 199
87 8
38 174
32 115
81 162
94 68
195 115
94 185
105 101
83 12
179 117
82 190
133 79
99 79
47 137
81 172
156 40
41 75
49 30
199 31
73 172
39 164
1 119
71 49
114 72
58 113
189 167
52 1
33 3
156 137
157 111
72 51
168 18
100 15
132 60
45 54
166 111
14 153
182 165
44 154
182 145
3 173
13 108
63 169
81 105
115 80
30 169
22 59
94 112
87 30
118 74
133 95
16 37
148 124
178 121
132 96
147 118
27 56
33 159
109 45
6 107
88 25
130 184
12 111
129 98
147 16
157 63
66 25
134 46
86 64
62 199
186 173
83 191
