97 48
73 196
3 103
161 130
101 193
188 158
27 11
187 95
186 60
189 115
77 88
44 92
200 67
141 119
25 40
179 96
113 82
6 193
59 166
170 188
78 49
151 163
72 73
194 58
9 47
56 130
30 24
6 167
186 64
8 3
50 197
62 186
78 101
195 89
103 9
61 47
37 107
188 176
183 55
131 160
3 133
192 23
96 129
86 179
165 10
185 21
75 135
78 52
122 101
36 180
70 169
63 93
171 47
189 118
135 157
151 94
37 109
99 130
157 57
139 9
122 135
11 70
73 100
76 30
174 37
86 16
160 164
121 40
78 144
14 120
27 104
120 45
138 124
160 153
70 188
43 167
130 50
183 40
82 73
115 188
26 130
165 62
150 198
73 75
149 149
194 176
168 151
153 183
178 186
36 122
49 32
16 176
39 67
134 147
2 104
26 197
64 139
154 153
