129 64
155 154
192 9
61 147
121 102
188 134
60 102
147 28
25 142
196 200
50 49
153 104
96 150
170 128
75 144
109 174
168 64
8 43
122 20
38 137
188 60
66 40
91 66
132 137
52 76
175 181
93 157
135 155
174 173
6 71
57 84
37 51
36 166
157 106
22 99
17 190
167 78
165 182
60 37
173 144
121 3
86 9
93 158
8 163
147 127
182 137
121 161
183 68
197 4
46 201
135 83
20 123
131 39
78 152
159 122
72 41
93 54
172 116
180 100
95 46
104 156
124 191
65 144
71 53
131 93
68 96
5 166
31 84
169 179
58 201
193 67
110 43
150 163
36 57
86 187
179 3
65 179
96 123
74 159
21 121
127 93
171 27
44 61
48 171
113 61
199 200
100 109
80 97
193 171
183 41
42 147
48 95
32 195
10 38
90 197
49 36
110 28
130 52
179 14
158 74
5 91
91 65
112 38
55 33
75 78
120 7
43 5
181 35
107 56
177 103
58 9
161 37
95 166
178 5
131 177
7 169
82 155
108 176
180 200
174 138
67 64
28 4
78 57
20 8
33 189
74 166
122 201
108 177
75 181
39 49
