114 57
182 89
138 90
146 47
100 145
182 183
198 134
8 37
56 138
46 52
48 26
158 144
97 9
58 53
112 119
28 183
4 64
71 55
27 13
169 37
76 2
125 181
173 8
46 163
182 8
114 92
124 35
169 174
75 133
136 58
59 191
147 112
175 30
65 45
57 14
190 27
86 112
124 40
43 115
181 80
29 153
109 54
1 75
31 34
115 109
69 107
34 117
109 50
182 55
189 80
120 103
142 147
6 35
82 132
78 95
118 88
132 68
4 55
116 82
119 85
29 160
125 73
35 178
11 12
44 45
23 131
180 201
135 105
148 154
126 40
84 93
115 22
7 67
167 87
53 4
149 176
174 29
134 122
158 93
99 121
98 104
175 54
80 132
133 83
7 70
145 192
64 176
69 106
196 171
89 167
114 126
126 192
188 77
69 148
96 52
102 180
11 194
96 158
200 77
120 107
174 124
107 56
140 93
143 40
152 23
107 64
119 24
113 137
64 59
130 23
70 102
5 82
47 152
100 163
53 198
