71 35
169 139
108 37
41 45
143 159
132 199
27 28
147 191
2 57
184 167
162 51
41 52
197 97
51 145
127 122
135 7
76 191
147 146
116 173
186 80
44 117
61 172
148 91
132 113
112 162
72 83
97 40
159 146
21 141
106 163
185 19
98 64
167 172
31 143
58 83
193 6
3 129
140 128
61 191
30 148
141 143
86 57
148 155
81 152
8 70
124 156
167 116
144 107
168 196
148 77
50 112
200 158
184 133
41 10
136 67
118 69
133 198
57 120
91 173
140 143
82 127
102 118
113 20
124 35
57 179
59 196
27 142
146 60
106 65
61 180
60 96
26 5
