194 97
163 191
17 126
184 32
27 160
131 193
130 38
143 164
184 6
180 101
61 96
46 22
31 151
97 42
82 118
13 200
16 132
95 115
57 150
1 102
28 1
78 131
36 15
116 85
17 32
42 26
9 95
142 75
76 184
59 197
4 128
9 187
169 79
192 71
47 50
165 2
117 137
110 58
113 119
105 176
146 200
3 46
28 57
112 32
171 173
198 36
126 83
125 18
19 34
59 109
141 87
80 74
155 12
168 113
97 161
100 117
112 190
121 13
111 56
24 188
159 116
178 71
167 75
40 44
110 79
60 148
42 38
91 2
41 94
160 20
137 89
168 57
118 103
172 138
34 45
102 153
87 8
56 186
196 163
145 53
64 106
26 144
48 7
67 143
52 77
163 83
178 3
190 90
170 110
40 124
100 66
19 49
84 81
8 101
154 34
50 111
61 38
92 199
50 158
5 195
80 79
159 7
77 200
162 158
150 21
93 4
184 84
161 170
155 53
13 94
33 147
109 7
54 123
134 66
181 185
69 97
143 96
140 17
165 196
50 40
165 137
125 32
84 169
180 104
171 50
45 16
21 56
87 134
131 21
47 162
140 75
129 12
191 56
184 104
36 183
185 181
21 15
63 105
47 144
22 87
57 134
94 71
73 36
99 65
171 172
18 79
103 10
115 138
67 99
25 162
184 48
180 82
58 93
78 56
33 44
153 33
105 191
8 162
7 9
190 5
57 87
79 91
194 107
144 173
106 69
51 16
146 145
121 137
35 48
30 18
10 91
67 19
168 23
78 140
55 37
68 187
93 190
108 189
104 127
147 95
67 195
31 147
96 40
149 191
139 158
72 119
101 189
34 102
82 13
23 8
145 191
164 115
14 186
191 42
157 155
