84 42
175 145
129 100
118 185
155 75
88 159
37 167
158 181
194 43
124 8
173 46
79 26
1 2
8 97
137 119
123 143
121 195
11 93
194 94
124 162
97 160
50 114
52 74
194 78
154 53
38 145
93 131
51 133
27 161
183 25
105 67
97 28
38 76
92 24
181 136
11 94
198 6
139 125
75 26
112 81
28 116
115 146
71 129
62 112
67 173
122 143
163 53
136 174
34 32
88 168
78 128
175 185
177 45
50 111
65 162
73 75
199 188
134 198
54 26
178 47
27 160
99 109
4 10
90 41
80 118
187 169
19 91
178 9
117 62
124 9
85 135
144 74
161 83
90 29
196 68
192 4
28 201
176 174
96 136
183 27
1 52
20 116
17 178
60 156
139 147
