109 54
26 163
45 127
3 193
153 144
104 138
16 191
109 88
12 175
87 48
51 92
181 83
169 33
68 202
106 88
102 92
124 117
178 35
23 145
76 191
130 191
25 37
86 32
149 54
152 200
34 114
121 106
8 63
111 162
87 180
32 38
20 139
85 16
138 135
96 146
155 201
75 93
124 127
88 7
2 45
6 103
152 186
93 97
139 2
163 190
44 30
136 180
85 1
126 31
43 72
86 34
26 166
176 71
84 131
168 141
61 172
38 154
102 17
123 68
177 156
157 201
150 69
26 11
199 98
176 72
88 115
135 146
93 174
172 86
116 121
135 22
139 94
134 111
147 166
167 113
130 36
186 185
53 17
200 112
1 170
57 12
97 102
69 45
2 33
151 108
198 148
153 132
125 129
159 113
124 175
104 142
24 198
66 11
101 123
137 147
73 7
73 164
83 196
101 72
21 80
165 31
125 27
57 34
77 30
8 130
114 30
168 183
152 181
129 38
11 45
