117 58
55 7
8 59
140 91
36 169
136 30
76 144
43 50
30 95
154 138
154 172
50 104
138 192
174 161
103 147
55 111
117 106
165 28
114 138
63 111
183 37
198 103
122 13
24 89
36 133
73 93
198 122
135 200
5 86
88 9
161 71
144 162
105 138
172 179
36 6
83 102
196 119
120 167
128 138
100 91
127 194
190 18
68 3
36 71
16 6
128 165
57 54
121 162
126 149
70 122
52 112
22 57
105 104
53 54
76 94
163 155
98 45
135 79
165 167
159 101
9 144
50 12
51 9
123 21
154 155
180 54
178 122
177 7
190 109
51 112
116 89
7 184
63 163
159 173
29 93
185 68
192 125
8 93
19 116
29 165
29 93
131 78
74 51
115 180
181 43
167 148
85 165
23 44
119 5
200 61
29 102
2 97
136 15
171 154
34 202
123 38
150 68
88 7
179 16
171 139
57 118
121 29
84 41
193 41
26 19
40 51
141 127
39 165
24 12
100 115
163 150
140 12
11 53
181 126
167 163
73 74
129 11
146 124
