164 82
8 96
14 192
7 165
95 152
37 72
141 123
161 22
130 71
69 11
62 180
124 176
82 28
58 73
15 109
7 179
62 124
169 143
50 165
77 62
159 142
84 147
11 138
77 189
152 96
168 158
85 145
73 129
134 201
102 201
69 27
182 138
159 28
177 12
91 130
123 175
155 19
21 199
27 93
74 136
192 68
189 3
50 90
161 6
128 56
180 161
96 28
42 170
21 173
65 20
94 166
36 70
87 143
150 70
91 145
88 5
16 71
3 105
97 125
10 16
78 85
85 142
191 162
131 42
76 78
150 45
32 128
7 52
117 120
45 200
153 192
127 177
131 82
32 166
142 167
136 83
51 131
16 182
177 77
49 153
138 172
156 199
68 33
184 12
194 142
85 183
125 8
17 91
12 188
121 95
175 124
3 23
197 56
84 100
148 85
5 28
107 101
184 31
186 116
6 109
161 20
50 118
121 28
71 85
17 88
157 159
196 99
162 91
42 11
199 175
104 94
199 145
151 31
176 104
117 7
118 11
107 185
21 107
19 134
155 17
168 120
29 29
50 71
182 68
63 145
116 153
92 140
14 143
166 173
112 138
77 154
147 23
10 188
186 61
44 16
194 29
135 72
131 48
13 50
5 85
73 145
162 139
112 149
100 18
163 156
17 37
95 177
146 109
156 10
71 145
62 197
194 52
50 182
40 67
115 76
100 178
105 181
71 100
32 15
41 111
107 36
93 15
13 149
157 96
11 45
