119 59
195 57
119 109
191 67
85 168
120 98
153 80
33 42
91 105
8 39
50 138
48 167
191 66
65 37
108 81
84 170
28 51
60 151
120 113
166 188
143 84
117 31
95 16
98 190
25 5
56 7
185 183
92 177
123 197
166 47
129 133
141 62
76 179
187 132
177 177
46 57
23 125
51 13
195 187
77 103
16 35
35 127
153 76
3 178
44 11
43 90
2 124
166 72
38 84
189 95
106 169
8 170
103 154
123 175
169 78
85 78
189 74
5 68
142 110
153 66
99 32
19 76
115 56
200 52
186 58
45 115
195 95
171 32
180 41
50 37
48 200
164 82
111 104
151 179
188 144
9 99
5 165
191 61
94 15
81 177
118 175
43 82
105 143
166 86
44 51
44 154
42 183
100 8
158 200
38 191
183 36
74 43
106 67
192 33
179 18
161 29
197 194
31 141
175 152
79 132
181 64
109 89
100 47
145 172
167 86
132 169
160 115
149 49
112 161
194 179
84 4
135 13
33 58
162 187
33 42
56 57
6 150
112 169
45 147
101 128
