126 63
43 36
180 125
109 84
151 77
41 91
144 30
74 110
27 155
61 39
142 146
186 87
138 136
63 130
35 128
185 11
156 88
145 89
63 11
142 152
122 25
104 125
91 17
150 71
146 15
109 134
124 113
1 51
72 141
43 95
153 23
92 178
94 120
157 22
77 159
198 61
146 116
47 183
4 120
135 179
15 182
53 86
63 143
152 172
107 148
111 88
36 25
68 8
20 62
193 22
57 37
89 193
132 186
19 6
136 174
192 65
81 99
137 170
88 168
55 74
1 197
10 21
34 99
93 167
41 178
77 67
15 148
29 177
151 38
181 113
65 116
166 28
197 182
9 113
28 108
144 34
20 109
66 66
108 178
172 190
138 24
47 77
186 182
179 5
195 127
41 49
26 90
72 82
180 197
188 73
149 162
165 12
71 82
5 125
187 150
11 48
64 180
171 66
199 99
193 190
196 23
171 163
33 35
70 164
100 197
158 2
138 121
24 110
46 86
8 46
187 48
90 168
140 122
110 34
32 166
193 68
91 42
124 44
69 77
52 7
11 68
84 43
88 24
119 83
59 37
133 98
88 72
