82 41
183 65
129 183
49 82
11 10
181 102
193 168
9 8
138 31
40 178
177 22
96 179
114 28
96 131
134 31
55 68
120 63
128 125
46 121
64 187
95 128
29 51
77 107
87 108
162 75
22 159
162 74
101 178
111 80
159 35
101 47
126 201
31 138
96 129
124 5
180 177
149 60
166 166
173 100
169 86
189 111
141 135
54 29
35 46
127 37
16 153
11 110
145 142
23 89
176 99
130 171
133 187
185 135
69 137
103 87
14 137
183 53
47 186
165 193
181 198
158 135
97 127
137 16
137 67
49 39
121 78
19 9
177 28
157 128
185 48
151 179
158 37
125 2
9 35
122 58
68 191
128 173
97 202
152 42
173 198
26 181
156 137
116 170
