104 52
103 45
107 110
192 146
77 112
159 162
70 172
145 132
93 101
2 141
128 15
175 43
78 86
182 112
13 138
118 29
107 200
111 12
21 127
62 64
139 170
91 117
116 92
71 201
68 98
176 183
187 21
198 91
131 55
12 130
126 117
156 193
161 197
60 173
141 142
20 5
90 39
181 198
92 97
31 41
90 141
48 161
198 144
87 161
88 39
157 77
152 114
77 196
77 182
60 48
186 138
195 84
53 100
79 185
152 81
14 65
44 70
194 10
92 182
119 119
26 186
199 59
24 182
23 201
11 85
144 54
49 49
37 78
128 111
1 36
77 191
10 8
197 53
171 147
151 37
118 148
171 38
141 28
184 43
38 78
104 63
198 143
60 134
6 26
116 109
63 16
27 67
93 104
169 99
96 189
71 21
192 149
49 200
103 69
110 10
93 159
171 111
138 21
130 58
144 159
159 42
46 196
86 56
124 148
95 45
