179 89
85 16
194 56
85 136
6 60
162 182
131 195
197 48
112 139
123 64
45 46
19 147
78 110
87 183
176 111
68 105
148 196
107 110
119 153
97 77
2 40
46 113
6 166
70 193
106 133
65 193
93 153
33 168
34 174
158 102
111 163
150 51
69 130
19 80
88 117
110 131
132 34
65 140
58 91
163 29
5 59
101 99
139 88
127 68
87 43
120 35
165 128
35 169
112 195
88 174
57 50
24 16
9 89
103 39
76 155
153 202
140 51
154 201
106 166
147 148
195 156
111 52
5 180
23 79
83 53
126 38
198 80
52 70
195 2
33 161
79 38
43 117
117 134
157 145
87 172
148 152
78 6
118 8
111 202
128 63
104 115
179 142
21 185
42 30
109 186
96 2
166 174
130 93
122 99
95 68
152 20
73 80
131 128
112 66
24 157
150 87
77 73
114 96
176 62
63 85
3 105
155 41
12 119
16 114
134 18
15 35
90 56
176 124
28 121
78 124
156 156
131 30
191 8
54 193
23 177
147 122
7 111
151 13
145 21
84 158
176 14
72 159
99 165
16 86
138 76
195 71
127 55
131 155
123 81
75 178
38 142
178 108
167 45
107 159
84 134
174 125
116 130
147 186
28 123
162 43
168 9
42 101
36 25
168 36
177 99
42 187
140 172
121 44
199 21
47 70
186 109
16 68
4 172
23 197
11 51
15 110
171 192
78 187
71 178
152 124
184 41
173 177
20 63
100 11
93 81
160 50
125 166
49 65
133 176
57 44
149 64
36 190
115 91
190 97
11 99
149 20
178 169
53 64
140 39
23 87
