105 52
65 34
118 92
43 200
109 3
185 120
178 104
63 45
81 67
10 105
60 5
70 34
2 202
10 20
144 193
189 171
37 99
27 93
24 22
185 132
62 58
95 112
170 154
179 97
168 12
139 150
13 188
145 31
141 109
38 118
183 106
27 50
68 174
190 158
68 181
6 101
132 104
62 90
142 128
98 21
125 66
186 71
134 156
88 106
71 122
46 11
106 21
174 46
144 45
47 166
124 104
182 201
82 31
85 3
127 97
27 93
61 26
174 167
171 52
178 158
90 96
10 17
96 49
16 167
116 46
192 128
76 34
43 120
96 132
136 162
106 193
112 26
32 197
72 49
100 53
138 113
144 113
21 99
112 195
191 91
135 22
1 175
75 161
12 72
28 173
135 64
138 3
44 78
144 106
90 77
27 31
29 167
108 171
97 73
199 155
89 139
115 81
88 134
40 99
147 78
168 156
66 87
172 121
56 95
129 10
82 168
