125 62
139 122
140 202
161 119
42 115
200 129
189 9
59 88
149 106
194 147
154 99
174 153
179 130
9 38
134 86
169 74
32 166
3 149
191 11
10 169
104 194
7 141
19 96
156 198
38 134
43 122
124 130
173 186
52 140
16 173
101 112
126 139
83 35
96 111
40 109
29 124
123 89
34 56
131 32
184 117
79 8
108 143
2 97
152 113
40 64
171 97
1 85
193 146
92 4
103 133
77 57
5 111
11 162
22 133
180 117
107 91
172 41
140 154
158 107
132 64
20 92
65 61
143 176
138 163
161 110
173 77
9 29
59 83
119 43
188 65
72 49
168 8
175 182
66 161
42 37
56 61
81 138
87 20
182 47
21 38
184 50
94 37
116 170
150 146
41 16
40 130
122 86
74 24
69 25
119 182
31 72
111 6
189 81
60 77
130 111
183 175
108 178
162 10
170 22
59 37
123 92
12 83
43 61
187 169
180 149
73 163
145 63
43 122
100 163
90 147
56 141
136 34
123 125
105 134
74 167
26 74
192 98
54 60
113 42
118 106
157 35
178 33
95 37
14 163
141 52
22 163
