91 45
87 103
35 153
15 69
153 7
145 115
77 43
159 85
39 183
174 109
103 106
112 20
113 179
39 150
147 96
12 110
69 27
139 37
132 69
193 159
170 1
200 133
95 62
198 178
81 174
45 147
109 103
118 156
45 118
166 192
186 105
44 173
127 101
191 92
194 135
141 36
45 171
151 164
15 135
94 148
55 103
99 116
175 51
159 142
42 101
62 40
164 113
187 2
75 131
127 24
188 168
98 25
116 34
128 23
172 26
48 155
59 73
88 34
147 26
96 155
172 92
176 145
45 12
109 168
49 38
191 183
200 50
21 171
39 27
14 63
61 91
113 91
37 167
40 187
50 200
3 56
135 67
120 139
14 33
34 93
66 150
137 139
37 71
12 126
36 40
172 82
54 128
105 156
41 176
79 106
110 49
165 44
