140 70
151 167
109 14
156 171
56 178
99 24
24 64
58 116
104 182
188 197
173 158
197 16
29 143
145 197
26 126
195 82
169 180
119 117
60 53
4 42
47 167
141 198
174 199
140 13
54 182
136 113
48 92
168 85
95 19
54 159
41 187
65 81
144 2
129 108
148 190
61 196
49 198
73 148
119 136
91 113
62 5
125 109
168 160
36 33
63 87
192 67
20 197
198 156
116 164
140 16
147 14
116 3
141 195
23 126
136 143
44 155
185 8
63 161
139 175
46 16
3 43
22 36
54 68
61 75
56 49
200 96
192 87
173 17
147 75
36 63
152 5
15 168
187 97
48 67
124 123
73 146
194 177
94 14
136 152
99 84
53 29
2 135
69 161
128 156
2 132
156 123
181 95
193 48
59 92
90 107
142 71
108 158
92 59
130 192
36 112
17 8
126 162
14 95
107 180
11 78
13 56
70 141
30 1
148 65
198 188
167 98
190 165
45 142
5 3
198 152
34 149
20 32
36 28
182 73
75 66
69 132
5 196
65 2
143 153
11 178
62 53
190 85
1 200
50 121
33 12
182 33
43 121
122 41
196 157
75 134
187 107
74 181
136 186
77 115
141 187
190 8
140 143
27 129
142 34
75 158
38 6
