124 62
5 52
28 19
123 95
81 84
165 124
4 187
47 173
76 71
124 83
10 58
152 170
168 87
156 84
45 47
35 162
183 39
28 106
66 72
9 49
101 59
86 32
74 173
25 171
52 24
60 85
120 77
175 9
144 97
18 49
60 130
166 139
150 7
28 97
114 179
7 31
189 7
130 41
125 101
168 187
175 154
36 97
162 187
61 186
53 7
94 89
197 38
111 111
121 8
82 100
138 2
61 92
66 131
49 138
91 100
134 167
148 109
10 98
80 68
135 61
125 67
3 74
190 128
117 157
122 151
144 74
52 47
61 148
169 71
62 164
138 37
145 109
125 3
110 171
156 37
172 81
22 146
134 145
93 163
109 90
197 78
59 70
100 49
3 15
107 45
165 16
63 189
110 154
93 97
138 183
112 122
16 188
157 58
134 129
11 7
89 26
19 75
94 191
101 81
174 46
193 170
4 131
72 162
73 28
34 148
8 109
71 107
141 61
74 51
90 164
12 188
130 102
113 65
180 77
165 100
38 149
81 197
151 86
84 183
117 61
135 19
36 122
172 119
161 39
119 167
