155 77
26 149
68 200
181 153
35 18
125 87
142 158
33 125
100 146
97 178
109 95
72 38
191 31
106 100
132 76
97 137
177 91
196 136
78 8
197 14
77 172
141 143
136 97
147 96
145 66
121 154
132 80
2 183
39 56
86 120
20 126
51 170
98 38
27 80
42 51
46 31
85 140
152 193
117 25
161 107
182 94
19 199
147 145
179 137
10 167
75 175
164 182
180 147
3 118
16 65
133 77
133 117
72 54
65 2
165 139
36 15
76 127
172 115
44 46
163 107
85 174
159 97
170 102
20 176
174 167
98 191
139 151
109 124
65 193
2 37
104 5
140 96
100 77
128 129
43 142
44 110
126 121
150 137
68 163
10 129
175 125
142 77
191 110
90 58
49 165
120 152
102 10
50 123
192 184
97 109
34 149
121 112
151 160
86 117
19 57
8 21
79 78
50 81
70 168
190 141
108 43
187 69
6 130
133 13
21 169
7 72
62 9
173 196
25 98
196 19
39 69
107 33
63 23
74 188
3 103
93 165
42 71
151 62
30 25
155 76
189 19
13 137
55 54
63 77
14 92
84 7
95 106
141 37
11 29
151 103
156 54
137 3
126 83
43 91
93 112
166 68
113 94
53 107
190 7
56 6
1 96
42 11
113 119
50 36
81 189
190 88
15 107
127 92
37 190
81 99
75 113
2 96
108 97
109 193
129 91
17 139
