145 72
4 90
105 22
197 36
146 57
34 60
180 177
21 74
197 66
180 129
2 80
90 188
39 83
32 25
45 84
2 14
11 8
190 80
35 122
40 54
190 77
24 168
195 136
187 104
17 196
116 75
168 112
74 143
25 29
94 39
22 35
178 18
39 150
9 95
2 131
195 126
49 33
153 127
34 69
70 153
71 46
118 139
167 87
100 123
175 9
155 35
131 64
111 75
154 49
183 136
133 145
60 39
56 88
87 36
33 31
100 71
5 114
75 37
153 20
31 4
128 74
146 130
78 34
177 186
63 36
196 84
151 45
144 77
164 76
22 115
133 177
122 76
71 193
73 154
61 75
15 179
79 13
170 46
7 89
153 134
56 198
188 100
16 113
105 129
51 199
193 61
90 202
121 19
32 124
199 104
30 75
35 153
55 26
184 189
173 71
199 198
198 155
186 103
98 37
114 5
197 131
107 142
43 80
143 76
97 103
124 158
42 69
159 102
168 120
177 108
70 169
165 198
159 5
106 67
26 93
175 155
87 7
104 46
125 131
131 67
162 95
121 183
12 8
124 78
54 129
50 169
1 76
177 152
62 88
65 61
52 170
195 94
147 151
95 175
151 126
144 136
14 196
153 118
64 57
24 142
36 6
150 85
156 5
88 137
146 64
190 96
