336 84
2488 290
1394 242
1321 243
2142 194
2140 121
412 248
992 180
83 86
835 178
2344 150
688 282
519 230
3001 161
2521 15
1557 124
1294 102
1931 33
2494 197
3242 111
3270 207
703 272
518 196
2464 313
437 89
1380 16
1940 75
564 7
1730 69
658 12
2626 219
997 5
1192 110
1732 113
305 284
179 312
2953 326
2738 43
2556 28
826 262
1401 179
2188 297
1089 80
2521 17
1535 199
3163 266
2722 115
2378 253
2430 211
1911 268
1965 203
2886 301
1813 6
1401 321
386 112
2727 38
1169 221
2105 288
1567 277
3154 138
2875 101
2685 108
1668 61
728 57
1431 54
3264 125
1361 58
815 37
247 325
2994 18
1820 95
2638 103
785 142
1269 67
2136 259
2118 158
7 105
1930 78
912 169
2427 174
2667 236
2974 173
271 279
1607 171
3281 74
1796 19
1017 3
1261 77
3108 152
1039 131
200 107
2736 327
2019 55
1897 201
2919 53
3251 159
2713 209
1710 163
1400 62
1801 84
2910 145
1195 148
504 9
858 263
1795 212
2309 184
2580 256
983 286
1467 96
2903 52
2433 24
1989 85
1868 170
2796 97
2323 34
1308 72
139 205
1430 200
1019 257
877 296
132 149
2722 302
1499 60
313 8
347 241
468 44
783 2
851 126
1741 298
207 157
1210 318
2390 245
471 189
387 237
698 162
2437 155
2457 280
1868 227
2726 292
2864 232
204 29
734 206
3286 202
57 175
1701 135
2075 191
1114 305
719 167
1503 49
2972 285
1274 140
697 42
1599 274
1467 275
1970 26
100 225
2176 50
2717 322
1540 328
76 251
1927 11
2611 22
2599 130
412 317
1878 226
139 66
153 335
587 265
700 320
649 27
1915 316
2060 91
1405 330
3075 267
1054 82
3262 249
896 216
2036 291
2921 81
91 246
3074 129
912 229
539 333
1759 93
1077 65
2443 281
337 154
245 273
1919 32
278 134
2743 20
2151 269
2150 94
1270 247
2959 198
1983 314
1759 166
1674 293
3289 151
2734 323
2364 39
470 234
2196 13
693 47
227 223
3347 92
1660 117
1651 276
1117 45
814 332
517 88
1360 308
633 31
735 195
1149 240
888 299
1500 87
2053 278
263 79
45 261
2809 244
171 41
2332 35
2390 183
2138 30
1191 311
2319 132
950 264
1180 164
802 25
2830 190
3090 204
433 182
76 133
640 254
788 252
350 160
1625 23
2500 51
2584 289
1578 137
2239 270
525 300
526 192
1910 186
527 208
2458 303
1225 122
777 235
360 76
2729 168
2239 287
1868 193
271 271
2063 177
391 172
282 144
2044 143
1254 165
151 185
2040 116
2706 218
2612 153
3078 146
2991 109
1527 255
3003 233
2576 21
369 215
1760 294
454 217
2702 231
238 141
2246 213
3092 128
1291 14
856 239
1428 176
1848 139
2956 187
2328 258
1797 68
2345 331
816 147
2497 10
1843 309
382 120
2641 283
2862 228
2741 59
1470 106
2533 118
349 73
1625 334
381 329
2396 156
2233 64
2724 90
2644 114
1426 99
1296 307
227 36
695 104
2397 83
395 48
576 188
2004 98
1839 100
1033 210
971 250
494 181
2527 324
2951 4
3140 70
1625 1
2142 304
1470 214
1340 0
3134 306
807 56
1681 319
925 46
480 310
3256 260
450 127
2522 224
1024 295
2287 40
3159 119
2975 222
1827 123
3000 220
1048 315
2433 136
3154 63
2688 71
2314 238
