171 42
224 73
761 85
43 86
1543 55
751 46
705 159
159 108
276 152
1521 12
1395 118
1534 124
1090 83
737 92
1390 72
112 41
551 58
292 104
535 140
1240 138
714 52
952 90
1135 134
1026 147
859 2
1637 114
1322 18
719 63
541 160
79 111
1429 128
124 4
616 45
264 132
1182 34
1404 59
173 139
371 102
1604 15
1595 29
1431 66
1021 120
525 35
459 130
1559 144
1 161
1001 71
864 116
924 27
90 42
419 148
443 91
219 9
1288 3
1709 38
512 145
79 19
1089 165
402 89
907 106
1018 103
657 131
200 39
1346 117
650 125
344 157
781 47
306 50
368 6
398 74
555 151
408 107
618 56
263 136
1206 99
363 13
1085 32
1701 23
1678 62
928 69
734 57
474 65
801 79
1607 93
249 142
1643 16
12 101
850 88
266 64
232 162
498 10
678 155
128 95
1244 168
567 126
1491 0
766 122
818 113
1458 51
210 149
730 119
1481 75
597 77
163 156
123 127
1197 158
851 67
1295 170
1055 61
1673 36
1183 98
1015 14
255 49
1318 17
936 166
309 30
344 76
1259 44
889 164
129 143
1263 87
724 37
1036 109
202 26
1296 54
1168 167
1414 137
913 150
1161 96
209 22
1461 53
576 163
1257 146
1125 60
1163 129
651 112
1294 33
114 115
1519 25
489 8
143 123
275 28
351 1
113 80
12 141
1401 24
92 31
1147 40
1603 121
753 154
237 81
128 78
19 43
1448 68
787 84
704 21
943 110
425 70
731 169
676 94
607 153
535 97
278 5
725 82
893 100
1472 20
49 135
1342 105
907 48
1579 7
1710 133
716 11
