335 83
2962 120
2292 77
216 331
1510 261
475 43
1676 318
2511 311
1833 251
1363 250
2792 273
1371 67
3252 235
2391 183
1255 58
619 334
2251 186
2755 306
2590 281
1072 119
3119 327
2334 303
2883 124
1002 60
1371 237
3122 264
1513 279
424 180
1142 177
1050 85
1829 227
560 209
1331 323
370 103
1364 141
162 118
1491 126
340 101
3283 207
1857 184
3113 63
1441 9
1166 170
2990 12
2479 221
2978 265
3117 275
2107 133
418 217
3238 105
2659 236
907 87
123 244
1977 182
3230 272
1915 212
1044 325
3280 39
2911 10
977 45
2017 131
854 238
181 291
696 18
1037 35
2098 169
1540 93
1617 258
586 106
3234 52
371 78
2190 69
1300 148
2987 111
3185 64
2818 247
1873 245
231 23
385 286
2925 173
2435 65
2961 84
2905 174
1756 175
35 315
2497 220
1393 249
1477 181
281 322
3225 300
2449 320
3169 143
1623 55
3091 297
2345 285
1052 266
1333 42
1432 149
1754 145
1377 158
505 54
1623 234
889 270
1397 30
967 29
1038 75
155 56
1847 171
459 252
1002 328
2949 70
1821 178
1623 228
2420 231
1532 21
2575 208
1158 3
847 214
2354 226
58 147
1599 155
2909 33
1404 28
2083 164
2867 213
542 305
2190 125
2245 232
1749 187
354 294
1648 163
2233 150
2297 240
523 290
2013 204
251 292
1762 151
2900 95
1574 179
3264 222
2607 20
3272 127
530 198
2157 153
2065 79
2196 157
217 68
3033 112
1604 47
2150 146
2033 161
2795 142
2073 333
890 168
157 83
1103 199
2171 329
1063 215
1587 7
2270 48
2277 6
1077 130
3244 14
3343 260
49 110
1733 159
957 246
971 26
1084 321
327 156
2265 314
531 114
2136 192
403 196
3201 188
1336 8
717 19
1702 27
2835 90
3223 61
1728 74
2511 1
727 200
269 17
1424 81
1874 310
3209 138
2286 223
402 96
646 185
1005 100
357 98
1771 317
1309 242
396 210
2017 46
1749 53
2547 256
2039 122
3157 262
849 233
411 191
3341 86
62 257
2716 309
132 22
1253 332
2812 137
2318 154
2536 324
399 259
1676 38
2182 225
2450 72
2015 37
3313 62
1803 203
160 287
2132 205
1696 254
776 216
1885 176
3300 316
2321 2
2382 113
1145 15
2310 16
1459 269
1475 293
1649 296
1620 255
2772 0
1327 230
725 108
1652 268
2403 11
987 167
1964 271
2995 239
1080 123
2914 89
1720 59
2654 144
1859 278
2079 94
3059 189
1289 57
354 88
1731 115
1872 91
2740 132
1532 104
1336 129
1797 276
135 50
2877 152
2693 193
200 263
255 190
948 241
729 99
1863 211
495 107
1636 299
2328 248
1222 304
1418 166
1316 330
1492 313
2930 109
491 289
3051 202
3065 49
2369 102
3033 51
1096 282
445 243
2458 116
861 194
905 36
18 140
2258 139
3311 41
2274 24
370 134
2503 224
1923 4
1808 136
2193 284
3230 218
721 280
1271 32
3262 283
1213 288
372 34
1442 25
1798 253
769 92
1627 307
3016 326
2197 201
1957 135
1189 295
1840 5
932 267
2824 274
1648 73
459 31
500 76
2046 301
1949 40
1867 162
2301 117
2699 312
2852 219
19 277
337 128
731 229
1770 80
3305 319
3104 172
1211 160
2987 13
601 298
356 308
2046 97
1490 197
93 44
2532 66
1202 121
1466 195
2662 165
1880 302
1205 82
2214 71
1901 206
