188 47
366 101
1369 50
608 72
1590 11
1575 166
1383 133
1384 113
341 117
954 175
1133 164
1824 86
1103 15
1358 29
432 121
504 62
780 21
80 173
578 161
213 125
272 126
1245 95
1674 141
179 20
1289 79
1193 169
1864 40
1116 87
1638 92
1326 129
998 186
830 5
312 75
1538 187
776 68
1824 60
1498 6
1126 143
991 59
785 140
1105 74
1063 89
380 155
1 81
1849 54
1030 16
1630 23
1268 34
1630 109
1191 120
166 83
1570 105
1375 179
315 138
1345 151
396 69
1866 178
465 71
416 116
683 55
355 154
1623 99
463 127
1095 42
806 165
165 76
126 146
1613 182
1701 7
1017 159
1587 77
168 180
978 85
868 58
1797 152
1018 41
708 174
1470 112
633 158
738 172
635 157
1633 122
206 35
1838 28
244 61
1396 115
1018 185
405 177
728 43
194 82
847 53
507 66
1367 103
1290 65
838 37
621 167
1083 176
45 142
1869 96
1756 110
1541 114
1853 36
781 46
475 184
1516 19
408 144
895 67
404 136
1300 38
1270 104
1680 168
1079 130
1332 160
1017 131
1861 18
1151 90
317 52
652 132
1807 13
1757 94
1411 111
1373 134
1122 70
770 84
1649 128
1202 24
866 145
1028 150
797 45
1342 12
1187 181
1718 0
302 9
226 88
1203 1
302 107
1263 100
1789 153
1383 32
173 170
799 4
1571 98
1223 147
765 39
1466 22
449 108
1534 51
1867 26
795 171
1551 156
1626 102
628 91
1007 93
1351 31
773 135
393 162
1329 124
1050 97
1086 27
241 137
442 33
1572 163
502 64
212 80
240 56
1569 47
1481 149
514 106
1139 3
1849 139
1029 17
1617 78
1136 183
827 119
996 30
737 44
783 25
1227 8
193 118
1490 148
1016 49
601 10
923 57
1839 63
576 73
1405 14
559 123
85 48
671 2
