303 75
2867 113
2177 36
915 251
2196 201
1383 92
1375 11
2150 182
1451 27
630 72
1553 129
2841 156
2814 86
2820 70
2362 30
2128 120
1866 207
43 61
958 97
945 50
432 200
2714 292
1604 101
891 135
270 198
1400 262
1548 2
2737 94
441 84
2000 215
2524 246
2191 139
2814 64
2547 243
1083 32
2981 297
2817 257
968 249
29 48
1076 6
2553 242
2268 211
2127 202
2846 137
1492 115
1273 168
65 264
168 152
922 172
1707 34
862 3
2983 300
845 93
1679 301
2419 16
1215 192
612 9
2101 140
1084 21
2939 265
481 118
2789 214
997 106
2972 38
2316 213
301 177
951 8
2259 110
1285 232
2005 269
277 218
1948 153
383 15
1850 235
521 240
1632 7
2370 273
2124 20
1081 299
1086 159
737 256
2832 163
1638 236
2437 237
1053 98
1812 25
1 291
768 58
601 158
913 141
1429 225
2553 272
422 132
2155 284
1023 184
2607 165
1525 271
1947 160
2629 60
1897 79
2326 196
379 37
141 13
1543 260
1941 217
1388 228
1800 96
2576 10
1982 197
1781 95
1028 179
963 203
781 100
1048 222
722 55
1763 193
2511 286
1723 125
1860 205
2222 131
1685 134
1138 123
969 278
155 290
2850 174
891 47
215 150
2142 112
530 276
95 231
2426 280
1858 277
345 82
1911 42
1648 62
476 71
1069 145
2540 180
1835 169
1896 239
1304 116
2224 233
2341 31
2138 81
198 45
1477 14
1564 29
407 49
1524 73
2098 295
1000 255
2371 26
1750 275
1191 234
2811 76
247 1
67 181
1142 130
639 281
423 67
2192 167
2594 59
1022 126
1621 65
316 199
287 282
1614 245
1272 109
210 175
1569 204
1572 138
2956 33
2740 210
2909 187
1160 194
1861 298
266 46
752 258
1992 283
1883 102
1155 296
901 287
904 183
1813 188
2002 99
108 252
828 12
2816 56
351 208
709 171
2865 289
1433 216
1797 75
482 147
2417 149
1268 285
2677 154
2726 261
2942 119
254 35
1780 266
1615 122
348 254
58 268
1403 223
1653 19
1502 91
465 227
893 66
2274 111
2915 161
1617 87
1460 69
2617 0
1752 85
1049 248
3008 221
2189 247
528 195
2726 108
2857 22
2677 230
720 83
2364 190
350 77
272 293
1469 143
2766 212
2723 151
2498 209
93 5
2743 127
1157 191
552 267
2471 104
1038 148
1847 17
38 229
2004 155
2815 124
1685 173
1006 117
271 63
547 302
2030 146
2373 4
2546 219
254 263
1477 294
1671 43
503 88
1916 206
1938 164
1692 226
2865 274
2884 57
68 28
2355 51
1703 23
54 121
877 53
565 157
691 250
987 41
2025 44
18 176
750 144
817 128
1086 103
853 189
114 105
526 288
981 136
241 162
1219 224
2410 78
1711 142
500 244
252 186
66 107
821 114
682 24
769 253
489 220
2217 39
2985 241
1100 54
2631 89
2670 40
2782 90
2718 185
371 166
1702 238
1652 170
1784 133
2117 270
399 80
2852 74
1134 178
55 279
1927 68
2895 18
516 259
2275 52
