114 28
959 1
97 25
1084 33
435 85
78 67
411 43
765 65
609 90
950 12
706 23
980 9
641 17
10 39
387 113
526 72
302 76
49 75
755 31
1042 28
742 57
744 66
91 109
108 93
533 35
1032 91
288 84
727 37
802 38
976 102
889 82
685 26
861 63
504 98
982 73
495 16
1064 19
1054 42
342 50
614 89
474 80
124 64
621 68
1084 92
857 53
812 103
444 5
539 7
861 95
845 40
465 22
24 2
190 48
819 10
640 34
78 107
1016 14
302 106
864 87
1019 20
32 15
121 8
928 6
1101 99
397 54
569 24
884 97
699 62
634 58
1004 41
837 74
902 61
778 59
687 0
900 88
841 110
666 51
470 52
244 44
221 100
175 104
210 79
359 69
139 112
272 83
52 32
184 108
617 30
627 101
169 78
727 71
767 55
217 18
1042 60
533 46
546 94
98 27
155 45
91 3
24 77
184 47
47 4
1064 96
1082 49
408 56
477 29
591 105
745 13
985 81
147 111
897 36
260 70
699 11
1031 86
89 21
