235 58
1371 163
2113 202
1357 221
1204 213
19 158
65 204
2146 83
2211 109
941 149
1286 102
2224 37
1259 115
767 187
822 192
172 65
1950 127
2037 3
2023 153
68 130
2228 74
553 29
1156 86
1725 148
2102 119
2246 80
71 108
2277 215
771 136
1652 137
272 54
243 181
2006 122
954 101
2084 69
619 0
1325 150
779 100
540 183
1819 193
288 195
1567 53
1550 67
2310 62
584 191
593 155
443 66
2285 133
830 194
489 81
1974 8
1612 120
287 97
733 20
171 22
1903 92
1862 218
606 32
1874 107
284 95
711 206
2343 47
1633 99
1393 34
1426 106
1289 126
297 128
933 201
1165 26
240 16
2325 15
277 72
2165 146
2198 211
872 220
617 209
422 12
1140 196
753 232
617 225
308 170
1747 25
356 96
564 38
315 71
1565 233
1358 89
325 90
682 173
1706 36
615 186
1232 132
1710 113
714 125
956 19
1321 118
2079 168
865 68
1271 61
88 143
1103 11
1406 64
243 88
1385 111
627 212
20 179
460 145
77 43
407 234
2150 172
91 200
1416 142
1064 227
796 230
686 174
1208 17
1988 123
172 231
214 91
604 57
33 203
1070 228
380 50
373 124
2083 30
905 9
815 134
624 56
2026 129
2168 144
2075 219
2258 159
1795 46
730 27
393 138
2017 45
2113 147
926 41
2075 131
2132 197
163 5
1267 164
656 121
925 114
212 222
1140 198
1862 28
1837 48
2173 217
1114 103
848 177
961 156
1720 40
1129 58
1834 51
2054 18
2149 154
1410 223
2195 178
1877 165
1339 184
1018 141
883 14
2143 162
1459 75
1673 180
2310 39
117 160
1218 70
75 93
434 24
1465 210
2165 6
1243 44
1827 110
722 169
31 189
1026 190
217 167
2042 135
1748 7
1202 55
1666 4
1724 199
1069 79
835 105
964 35
2272 152
1803 224
498 229
2195 77
714 116
2139 21
1936 175
1332 60
499 166
1216 23
151 63
1619 182
1020 78
1282 176
1767 10
1779 31
17 82
756 226
119 13
661 157
1991 112
1062 98
392 84
1657 205
626 117
1882 185
1241 151
1679 207
1529 33
1763 59
705 104
529 171
1315 73
2342 188
1442 140
1630 42
1125 2
1542 49
1935 52
614 208
733 216
1609 85
222 76
736 161
1601 1
10 87
1067 214
118 139
1159 94
