113 28
658 86
188 27
451 98
444 23
36 77
642 71
526 88
120 33
448 36
522 13
698 48
321 68
338 69
570 34
903 104
324 47
126 50
586 73
1011 5
95 39
970 6
946 72
834 99
1013 65
184 24
285 22
333 29
725 1
301 51
1095 92
796 87
125 12
987 40
1035 11
64 63
1040 61
331 56
858 82
470 59
644 43
455 9
298 70
130 17
286 55
500 91
234 95
301 14
832 8
319 52
1108 16
967 79
375 58
484 2
401 3
235 80
658 0
927 31
584 57
469 38
906 26
173 19
480 35
819 42
794 75
678 10
923 96
1115 44
983 100
1024 37
602 105
82 46
861 102
475 20
451 101
598 18
428 84
389 93
888 78
548 67
455 110
688 109
735 53
894 89
181 30
646 45
205 62
347 85
91 83
815 25
728 94
406 15
500 90
43 97
145 4
862 64
783 54
93 21
624 111
441 106
462 81
1082 107
826 60
413 32
52 28
391 112
623 74
617 66
698 108
810 41
40 49
870 7
862 76
664 103
