197 49
990 18
1810 139
238 82
418 26
227 23
335 117
1211 169
443 50
473 56
1887 47
923 116
1958 127
1236 154
31 0
1886 131
197 2
1015 128
1348 69
1152 103
618 144
1420 115
557 38
752 150
243 90
4 80
1157 1
1103 170
622 168
866 186
40 108
264 113
159 176
448 32
1776 9
1902 182
1477 151
313 166
165 73
186 51
1477 10
1736 62
1357 155
792 44
1514 58
1168 75
1176 147
1057 20
214 190
923 104
250 140
262 172
358 53
306 107
930 106
1462 156
259 3
1619 194
145 28
603 137
931 8
986 21
1130 184
45 158
1965 179
408 77
136 148
1761 24
1140 68
1888 145
366 81
398 162
1465 110
207 16
260 134
1923 174
618 34
1026 196
1785 173
196 25
1459 109
1703 142
209 149
412 160
746 124
365 171
1151 99
1165 79
979 83
1406 85
1063 152
293 39
1945 122
148 36
1854 195
712 167
1699 102
36 114
48 161
857 11
658 27
1498 183
8 189
820 97
247 187
1136 71
1560 54
349 13
36 40
465 193
862 191
1361 146
1617 185
1563 46
371 94
914 180
509 165
546 88
1058 19
981 143
1327 52
938 175
419 163
820 136
1226 86
19 12
399 30
591 188
967 65
255 66
1594 121
1713 33
742 57
1130 125
37 60
1550 101
60 37
551 119
589 138
1636 48
819 43
316 133
1007 126
354 89
1671 35
1644 192
1352 59
32 111
706 84
340 159
1493 135
1889 157
1567 153
1679 95
528 112
655 31
805 72
852 178
1213 15
360 14
535 63
1182 78
1608 17
1346 41
1512 181
311 129
346 76
261 87
1409 132
779 118
977 74
1182 120
369 130
1504 6
1068 22
547 93
140 61
1308 98
807 100
1185 164
667 177
620 42
545 4
1433 29
362 45
1695 70
1734 141
1145 64
1220 91
1079 92
1956 55
786 105
942 49
1632 123
896 7
1178 67
1266 5
1078 96
