93 23
929 68
181 1
826 6
549 54
691 10
893 82
173 92
93 13
372 80
803 18
197 48
432 74
889 28
624 71
87 83
160 5
925 17
233 84
930 39
545 23
525 19
397 35
680 79
310 53
17 85
382 33
484 69
676 90
45 30
539 59
861 66
860 3
7 14
746 36
850 20
560 60
541 55
596 52
24 88
619 50
531 57
657 25
319 38
512 58
237 64
605 7
902 72
420 2
640 46
834 65
717 16
267 43
231 41
10 0
887 81
508 22
516 76
153 44
406 4
677 91
720 31
167 34
780 86
844 8
830 29
919 27
376 63
491 56
927 70
430 32
31 26
569 40
567 9
118 67
318 21
110 37
347 89
847 15
307 47
59 87
447 75
724 51
71 73
629 62
179 42
714 61
757 78
285 77
394 11
718 12
259 45
84 24
58 49
