77 19
637 15
745 64
85 57
574 73
485 14
85 56
64 53
474 40
34 59
536 71
494 12
109 3
760 69
148 31
749 30
384 23
38 24
323 34
633 10
411 51
635 25
747 18
188 1
104 21
434 27
159 49
240 6
673 68
36 19
71 26
743 37
243 60
402 76
67 4
554 8
361 67
519 45
71 70
433 13
40 17
609 5
692 66
643 62
390 2
686 61
726 39
17 55
359 44
505 35
191 58
668 16
425 20
297 36
241 50
436 46
751 28
508 32
369 54
243 74
288 72
344 65
429 42
287 0
24 38
650 52
340 43
474 63
478 33
255 41
22 47
434 9
121 75
168 11
537 29
380 48
513 22
488 7
