311 77
2270 93
1066 57
1094 53
1596 254
1943 221
2800 269
951 180
2576 90
106 37
374 305
837 301
457 71
1771 149
1785 253
179 310
1751 58
213 239
1401 82
1348 293
1976 142
2444 154
383 215
2231 280
1665 26
889 87
948 283
2281 4
1863 77
1834 10
1788 202
2537 303
25 121
1661 268
2932 72
896 290
504 66
2494 15
2212 124
1178 262
2711 176
2441 32
304 13
239 127
1526 139
2513 138
130 234
1796 279
2667 64
1339 46
151 278
1670 272
168 69
1720 156
1914 92
1301 108
2535 107
2885 235
431 203
702 210
84 233
2584 126
1869 255
1678 308
2616 289
883 162
729 257
1920 194
2916 298
607 220
3104 117
1918 228
1739 218
1117 83
887 161
2209 143
1080 265
2985 140
2308 104
1544 84
742 153
184 198
2510 14
1052 165
2457 169
295 102
1017 160
1905 277
76 8
2803 246
1857 145
280 122
872 97
1751 91
1772 68
2875 131
1811 28
2144 96
1678 144
3000 183
2815 0
3042 199
1225 271
2501 201
757 61
1572 52
517 200
314 261
839 23
2741 119
773 171
2754 109
114 299
412 116
1549 136
816 54
2979 128
2375 217
2024 185
489 63
2346 25
3071 123
2839 112
1911 59
1562 80
812 150
1729 181
233 179
1038 89
2996 129
2995 152
1183 275
3028 284
2392 292
296 56
2009 76
1288 209
2649 9
1190 230
509 260
2285 204
2911 60
2803 178
490 286
265 222
1166 39
2585 70
2534 74
640 191
1947 38
729 79
1237 101
1644 134
855 163
3091 240
731 309
2813 294
1970 186
1851 48
253 99
562 184
2012 270
1841 62
2303 256
2506 105
224 252
451 304
2318 55
1691 192
340 18
519 148
2547 49
2308 164
1150 7
995 175
2650 245
462 190
2946 94
1515 243
487 177
2606 174
1864 1
2418 2
2223 296
647 231
1045 259
2251 287
2344 12
237 306
3043 103
1782 98
1477 33
1083 297
1118 214
2919 212
943 266
1116 248
1361 100
1968 247
1913 274
2964 35
146 125
1112 249
2534 113
1754 167
2920 47
2054 281
345 216
1162 110
2556 78
1700 182
2033 151
2741 130
1295 208
3040 120
2540 205
455 135
3086 86
877 224
2445 40
504 172
1942 251
332 295
1295 168
1437 158
1790 20
2638 6
1894 211
1400 42
2217 229
2827 206
356 50
1350 223
679 41
281 207
1011 3
1649 285
3001 115
2585 237
2467 264
2799 258
3033 226
2905 189
3049 146
675 34
321 147
2892 133
2720 238
2229 166
1036 67
2257 300
1427 282
1564 95
1358 250
958 81
2281 19
2129 27
378 132
2161 225
1363 75
2541 44
837 30
1835 213
2189 45
1294 141
1909 17
2238 244
576 195
1217 16
874 29
1549 106
685 173
1816 302
1059 236
2090 5
1069 88
2509 232
2588 263
2924 31
1988 227
3047 43
1082 288
2677 157
1468 196
1318 159
1966 85
3108 197
1217 188
268 36
1774 267
3011 193
2774 219
2000 11
1214 22
1622 276
1286 111
2751 273
1770 24
2128 51
2015 118
2973 307
925 114
2327 65
2120 170
2290 242
3006 241
1812 291
165 73
922 21
2817 137
1542 187
2481 155
