186 46
289 13
1849 58
1370 155
1704 120
53 101
1131 99
301 69
347 168
897 42
661 115
1178 93
998 151
363 72
1742 146
22 111
1847 11
1448 90
1581 144
1519 82
1382 125
717 136
276 89
528 139
1187 31
1650 52
1391 175
1051 44
1253 178
983 112
446 162
1590 128
661 80
976 100
1051 25
1717 184
1663 12
122 48
423 55
323 19
162 34
205 153
636 182
1602 97
948 29
167 0
1719 116
1109 163
638 5
1601 49
103 68
532 145
758 160
1599 169
1306 142
833 37
1266 7
1840 170
138 114
559 96
527 26
1477 185
1653 1
696 43
165 119
1608 59
264 140
551 179
83 70
1210 131
1446 150
661 32
161 127
962 174
1224 95
26 91
166 107
1358 45
1052 77
842 94
1519 71
1589 98
1199 63
1554 62
1461 126
912 165
690 138
748 60
525 83
833 6
892 159
1849 40
908 50
754 4
1042 28
1305 78
575 148
1724 47
1560 109
249 20
169 124
528 57
50 173
1166 23
1317 157
426 172
550 166
825 152
1605 180
1133 10
1532 22
785 167
1838 27
793 141
1830 16
506 92
1480 66
1714 147
486 108
1838 133
816 8
1762 154
1159 33
1378 113
718 104
1198 38
1721 46
1337 84
631 30
1310 183
901 3
1842 65
1812 110
407 129
1288 135
1043 73
73 64
370 122
1320 137
1277 35
1196 17
517 87
625 103
206 143
842 117
1550 156
104 81
306 51
986 79
1044 54
1059 9
1355 118
1204 14
290 130
1661 18
1205 76
773 181
1131 56
262 121
1029 75
1418 106
1816 164
224 21
217 41
774 177
1706 132
549 149
1739 176
415 102
1821 85
665 39
1074 15
1774 2
1199 134
320 123
377 53
751 36
526 86
1553 105
678 24
495 88
1141 158
840 67
778 161
43 171
972 61
1364 74
