161 40
1019 11
705 45
1571 2
670 111
390 87
1276 82
296 32
142 14
1093 90
1296 75
114 70
1077 41
716 114
1020 151
454 25
806 145
1141 137
977 1
698 106
554 122
1493 153
367 20
1117 98
1290 123
24 50
176 140
1132 17
751 10
1544 85
466 144
863 39
1244 24
1327 80
145 116
236 35
226 5
734 33
1313 141
356 131
848 21
586 30
51 60
1528 83
881 101
309 46
166 149
1180 103
808 124
634 28
159 67
1558 42
566 130
1239 147
99 117
1054 109
227 52
478 156
1495 96
1061 152
234 59
1058 138
608 4
1512 54
1099 155
746 93
957 108
188 7
230 99
1589 66
378 47
1177 110
1363 34
1176 31
1041 0
1465 69
785 22
82 48
1386 134
154 89
1566 55
1343 76
248 120
1025 73
827 128
793 104
767 97
20 27
1034 72
1520 86
572 146
207 9
418 143
1246 91
741 158
671 49
446 127
621 57
934 61
1260 135
990 15
940 150
847 3
404 79
54 53
705 92
722 63
979 19
216 51
122 36
54 125
1225 65
1028 40
415 44
679 23
761 8
1177 38
77 74
1312 136
1574 58
86 6
416 115
671 88
70 81
1149 26
295 119
1117 43
201 126
188 139
1415 148
173 113
378 12
98 118
5 56
196 84
1098 142
554 157
1070 154
604 100
670 13
1195 105
925 112
1057 159
1280 77
24 29
1461 64
141 102
1248 107
449 78
73 37
370 133
465 95
1524 62
920 132
116 121
298 16
7 18
384 129
888 160
1512 71
1491 68
1122 94
