277 69
2368 13
749 103
2158 183
548 4
1329 18
547 52
682 250
2041 36
1624 153
1195 148
256 202
1722 154
2307 95
195 180
1190 100
908 178
776 15
701 184
2658 71
2001 91
297 199
1356 5
2591 275
723 68
171 197
2626 261
1364 41
1993 74
372 98
2767 79
1136 228
420 17
1126 144
925 157
2491 203
545 165
1154 139
978 11
1946 276
174 87
413 136
1634 31
1436 188
1231 84
1427 2
1521 234
2336 48
219 140
2195 55
2410 200
435 220
2445 152
2199 135
1539 44
2324 173
2395 205
998 274
1695 33
59 45
689 210
2325 123
1852 0
2252 142
2508 60
165 114
1803 72
2479 246
662 134
1101 46
304 191
2543 213
2596 38
2354 225
696 121
922 110
409 34
1059 128
604 83
447 16
1513 156
792 169
69 94
608 58
1038 259
2117 59
125 223
778 76
1525 204
1011 218
2669 151
2127 226
1070 222
1705 185
2168 105
2645 93
859 219
1246 101
1050 187
410 141
2671 252
1488 147
1846 167
1571 227
265 229
1523 63
653 232
2257 239
1922 35
1181 168
2550 162
1796 124
2147 272
832 64
1802 269
1593 192
1654 238
2125 85
1565 231
2230 8
2209 37
1915 271
575 159
2361 214
2101 39
2470 78
965 248
120 175
486 81
94 109
867 243
359 90
547 263
833 171
2465 198
2741 22
1531 56
416 53
2514 126
2474 67
2570 253
1713 125
1428 77
1041 97
1055 257
340 217
2468 245
1232 57
126 6
1808 181
559 221
82 107
925 99
2092 179
2662 224
19 241
632 201
1312 104
201 268
1432 211
1376 49
1636 273
1102 24
1691 137
1767 193
1816 115
711 50
2138 138
2078 129
226 195
1273 249
447 32
1913 172
1310 20
899 176
2037 14
682 189
534 25
1221 120
897 9
58 89
2070 10
1403 61
305 254
456 235
50 258
882 131
200 166
768 27
792 155
487 70
2571 122
2527 266
1845 150
2399 215
1007 182
1084 212
536 247
2291 116
374 65
1633 113
173 196
2061 209
1949 186
2601 149
1356 236
786 117
368 92
1196 12
2504 3
18 244
468 130
1385 54
2078 170
887 133
62 96
1095 163
151 216
396 7
327 265
50 28
135 161
2441 102
1232 40
199 242
1522 127
1310 160
233 207
1596 62
2745 108
2455 23
807 164
24 42
392 158
322 88
2430 230
2326 251
2458 255
2490 240
132 262
2296 69
1079 1
1307 73
2141 233
2322 29
1057 143
2495 256
1275 208
285 119
727 145
1918 267
480 190
1910 75
714 237
1128 30
2683 66
2435 19
128 174
526 47
2260 260
1025 21
1577 112
2749 177
1296 264
1944 111
2153 80
1280 270
2082 51
416 86
2679 146
1003 206
814 132
2368 106
2278 82
1396 43
2767 194
2414 26
237 118
