106 26
751 24
341 1
261 11
23 71
911 66
1046 28
771 46
259 61
347 98
19 88
567 58
795 45
15 74
828 95
650 56
674 102
357 79
627 67
1054 89
367 96
557 59
808 53
923 10
673 35
921 78
740 14
801 25
836 60
945 13
541 94
602 36
1054 9
382 2
864 6
268 62
676 37
454 39
366 43
319 54
35 5
49 31
679 55
804 19
527 76
328 87
617 69
795 103
686 3
568 49
227 29
216 84
257 104
86 41
13 68
583 72
608 33
453 77
1002 48
863 40
965 7
348 86
997 4
30 26
915 15
68 47
374 63
849 93
846 0
80 23
128 82
488 38
420 64
93 16
222 75
39 52
310 51
889 12
10 81
600 18
842 73
854 92
495 91
206 34
919 105
903 30
120 8
329 21
973 100
932 101
561 99
434 22
278 20
389 85
488 57
518 70
547 42
971 17
161 80
939 27
456 32
612 44
317 90
771 83
798 97
707 50
1039 65
