262 65
1784 88
2479 110
1499 55
1320 13
2334 200
376 247
2353 31
1434 132
2214 121
674 172
1595 113
213 228
1414 168
1045 257
1015 231
761 27
2358 220
444 135
1005 101
2041 223
787 120
2166 62
1138 45
2401 61
1305 150
2192 229
2181 105
1592 227
487 122
1732 133
17 222
1026 221
660 125
654 246
1116 15
10 54
2525 10
158 0
895 230
2395 72
2129 68
1309 245
1131 91
1524 57
1689 19
2159 226
1926 207
2107 23
354 162
113 82
249 4
172 66
1695 155
1369 219
358 182
16 104
1307 241
1247 142
761 156
519 234
653 67
1428 196
1345 41
2140 50
224 32
565 192
600 143
1608 218
1116 217
2193 248
1207 159
845 258
2223 153
1744 251
2348 97
1727 232
423 20
387 95
1476 181
1559 74
944 208
37 225
2444 261
888 191
329 146
1590 164
2076 166
63 126
815 238
2035 79
275 148
1102 84
1393 210
2250 194
1209 42
188 90
1983 209
572 30
2470 89
2034 130
257 8
245 154
1904 198
159 18
664 1
1505 260
319 76
1738 216
2421 117
410 35
2236 174
2499 131
656 44
2110 244
211 199
1465 123
182 183
1467 243
1668 69
2012 52
2587 28
2143 165
1149 116
1319 195
813 56
767 184
2091 127
1720 124
1365 140
840 202
238 157
1003 114
512 102
2240 249
66 103
2521 176
1571 204
934 80
876 70
1707 43
1762 136
981 139
2062 109
2127 64
376 224
2351 167
522 9
92 73
537 119
1202 107
2108 11
2285 16
1471 81
1433 86
975 175
954 145
1399 39
678 106
2152 21
851 46
582 134
388 187
1963 96
866 233
2231 48
2117 237
267 236
1846 92
837 14
1656 147
1213 17
1308 77
506 6
2372 71
2110 213
2335 197
2592 3
741 163
2548 111
1663 37
89 179
436 93
797 151
1728 201
2416 185
2112 242
1970 141
2220 53
2037 255
628 144
528 180
1773 254
1261 178
1995 29
2559 100
417 177
848 112
1496 193
463 239
171 78
1330 75
1376 161
2330 252
2275 160
1428 22
79 49
1731 24
821 33
38 190
1549 26
2081 63
1054 211
2586 203
223 99
135 186
2021 7
652 12
933 189
352 108
1164 173
552 59
2493 129
1690 188
2148 169
1113 253
924 51
399 171
979 170
1083 158
1392 58
1416 38
58 256
293 65
920 25
1622 214
1147 240
1211 36
2009 259
405 40
884 250
1203 206
1254 212
1802 85
1527 128
2566 115
1241 149
1867 47
401 5
2582 87
2112 94
1578 118
709 152
2352 60
256 83
1179 34
119 215
1459 2
1068 138
2328 235
742 98
1249 205
394 137
