317 79
2084 140
1168 276
716 296
2559 212
1908 230
1096 302
2973 226
1943 20
1059 169
1195 127
1530 157
190 196
666 164
283 109
831 71
2084 131
2917 70
1045 172
1845 285
299 176
2773 103
2027 139
552 224
2182 108
2712 125
3069 223
2142 5
1228 4
2435 66
109 186
2071 36
1458 117
514 292
534 25
86 161
2211 163
621 85
2444 8
1792 142
1953 190
506 156
2784 146
1308 205
2078 274
2987 10
2701 132
87 33
977 29
2224 9
14 101
466 269
1537 62
2306 53
2344 305
2330 61
2245 41
1769 112
469 277
529 243
3035 214
58 128
1275 102
2707 310
1418 124
2125 123
429 79
1022 182
502 63
123 246
1705 84
528 256
110 229
3034 104
1735 153
2594 81
2519 15
2762 315
1072 253
1250 203
247 122
1278 238
47 239
630 247
2488 43
2034 245
3037 284
772 262
1440 7
932 152
729 197
124 88
3153 69
2397 135
779 110
1026 22
172 158
700 288
915 270
3060 215
1663 31
2198 129
1266 183
540 225
126 0
2648 147
876 314
2437 260
1322 307
1286 259
36 68
385 40
2270 133
1243 57
1479 170
2989 27
1365 38
2663 52
2589 290
1073 264
2250 155
1848 2
866 115
1962 167
1494 184
893 98
2963 271
883 12
2741 107
767 202
122 3
688 249
3008 154
900 275
1662 26
971 165
2374 279
2744 83
2584 65
226 23
66 213
2921 237
1798 28
207 266
2482 64
1972 16
2556 209
772 86
2605 105
1550 282
1190 267
2880 189
1818 222
2579 204
2272 220
734 130
918 295
2292 34
1962 309
820 1
506 56
2243 311
1780 191
70 78
388 231
2239 111
992 187
952 87
1895 126
2495 250
2821 93
1468 221
784 144
2706 60
172 106
2562 89
1347 82
620 210
2660 42
813 244
2991 194
2237 291
1880 35
2850 160
3014 50
2319 149
1479 233
3015 48
442 143
2474 148
2446 121
2963 206
1737 198
2241 32
1835 242
2057 21
1679 145
840 46
118 73
1403 30
946 96
1112 208
386 44
2672 228
768 91
1866 199
1355 77
1012 90
2054 45
486 304
695 192
1270 76
596 241
1509 11
942 301
2007 138
1098 272
2916 263
1843 185
1079 297
1512 118
666 151
1943 134
2894 252
3114 294
1869 174
2609 207
2442 188
2905 261
21 195
1331 177
2183 280
802 193
628 175
1025 287
2775 181
1316 201
1394 273
881 159
3072 173
1031 265
1075 166
1526 235
1161 120
1114 316
1295 251
22 113
2292 150
2298 308
1553 312
1930 268
2301 162
1869 303
2337 116
1440 306
447 283
2253 39
2167 119
2227 200
2175 100
1209 289
2137 94
891 286
65 236
2569 299
3119 51
1905 216
517 92
355 281
1558 232
959 240
1946 114
3127 254
286 14
1082 136
729 178
2586 217
404 141
6 37
3042 218
1078 67
1983 74
2889 248
434 255
987 278
1739 59
842 211
1364 99
2918 13
1792 24
2086 58
1686 47
96 17
1328 313
1992 18
2921 49
628 180
2359 137
1174 168
1254 80
1234 97
1706 234
732 75
953 257
1342 293
2096 227
1249 19
1267 179
801 6
805 54
277 171
2060 298
381 95
517 300
1069 72
1611 55
1783 219
2264 258
