232 58
801 22
1131 150
1386 144
361 129
2120 132
1727 82
1815 145
971 210
2036 100
1513 31
671 183
1304 111
1374 228
142 215
211 0
8 67
13 131
2080 204
704 231
1741 51
1581 123
276 46
1443 9
998 98
1069 193
1152 50
1579 133
348 122
1067 194
176 18
501 44
1112 56
1012 184
1831 207
2279 3
1724 45
1121 166
916 85
2216 118
1382 35
2107 107
1429 30
632 167
1592 96
1755 148
1683 78
1663 43
2277 161
633 136
367 135
1955 73
2005 218
93 127
465 87
1004 103
965 195
2263 24
831 54
2299 226
2160 205
737 141
880 169
1875 105
642 84
1099 99
974 176
1723 48
2045 61
2101 81
143 180
2142 121
2113 74
1987 196
580 7
510 68
1727 15
1811 182
483 158
1934 33
1210 211
678 189
2082 92
1001 202
785 186
1432 230
495 206
1205 177
662 199
564 159
1915 11
1937 93
1936 39
798 188
2043 140
1380 40
479 106
711 203
1783 173
414 70
385 72
937 102
129 1
414 5
1771 83
634 36
296 168
2270 162
1694 23
970 130
713 143
795 76
1696 90
1610 4
524 212
1691 37
2068 47
702 147
1393 229
1378 89
2102 170
1493 227
292 95
2230 79
544 13
461 42
222 175
1146 153
273 117
1098 8
1886 149
1541 25
2308 160
323 151
2186 154
94 198
1491 214
1268 88
183 94
2228 28
2279 190
1593 62
343 217
1549 97
966 174
1470 128
314 69
879 126
1635 165
1468 221
646 223
1549 113
2208 41
51 86
628 59
783 71
484 172
1699 224
1859 19
2113 178
627 138
693 34
2182 115
1949 152
495 164
1487 216
2241 146
393 26
848 110
357 225
2166 181
159 75
727 20
993 222
232 163
161 63
2108 197
1050 112
1910 12
2278 213
2130 65
1493 77
199 91
251 53
1058 16
1253 139
379 104
787 49
1205 209
1265 200
477 58
518 38
2180 52
14 2
757 27
2000 137
42 114
127 29
1241 64
519 109
1203 191
1700 66
2041 219
332 201
342 21
818 108
1308 119
276 116
441 101
813 220
1165 55
1474 6
1995 187
614 60
954 155
751 156
807 57
1393 17
342 134
29 179
2319 142
1080 171
592 124
548 32
398 157
1564 125
1939 185
304 80
1381 208
1356 120
1307 10
1141 192
1194 14
