219 54
872 207
545 104
567 172
126 17
1580 23
861 150
974 101
233 54
366 67
420 167
810 71
1251 127
509 85
1207 151
1392 141
911 159
1368 0
956 33
362 117
390 204
474 42
296 194
433 118
1245 99
182 191
1736 107
1280 111
632 124
526 200
2117 143
1761 136
1805 156
1473 63
1798 75
1665 100
546 84
944 119
587 171
619 60
374 130
712 78
1907 174
621 148
639 120
767 134
1995 152
76 81
25 24
1930 106
2002 93
267 12
1307 45
174 128
1944 51
1148 112
554 44
1328 89
269 20
379 163
1644 209
1615 108
237 7
111 40
1784 3
1279 35
863 95
836 113
1300 186
931 105
1254 92
1301 91
1274 210
150 6
1718 170
321 77
2039 218
1121 103
1228 131
1852 79
1523 184
532 22
1088 46
2046 102
512 11
2188 145
39 213
542 133
717 74
1790 62
1765 98
593 115
698 53
887 179
908 65
780 180
140 76
301 190
238 177
1923 55
2163 147
434 73
868 217
888 30
237 114
607 176
1053 116
7 47
2081 211
458 70
651 202
1171 59
1087 96
1827 43
250 138
1927 94
2184 201
1600 4
826 82
875 164
1674 137
1156 144
190 80
541 185
640 140
345 5
1670 169
1812 183
1744 61
380 198
1248 97
78 193
625 41
1939 15
261 178
257 208
969 153
1243 34
1607 189
1673 157
1734 162
292 122
1671 166
494 56
1263 212
1495 195
1416 86
2023 8
1443 197
800 205
95 13
1987 29
1335 28
1204 126
2184 206
1690 37
1987 19
1483 69
326 58
153 168
416 18
1147 129
293 10
883 160
1241 173
378 188
126 125
1830 215
427 216
1693 149
848 14
1012 203
955 66
2026 158
914 83
1492 139
782 39
452 32
159 26
326 196
669 64
58 123
23 214
1630 90
716 68
1951 25
407 88
794 110
581 27
250 36
1500 199
2118 121
986 161
1882 109
1439 52
623 154
196 155
144 182
1007 146
786 175
1654 49
1054 135
947 16
1621 38
529 2
1667 31
206 21
2077 48
98 142
1005 132
494 192
1952 165
1516 87
776 1
1832 57
89 72
258 181
135 187
888 9
2004 50
