162 40
76 107
1117 99
1256 9
1391 154
86 16
512 104
1452 98
856 44
311 60
1055 36
1421 161
869 117
62 155
1448 147
1153 23
1503 126
639 121
759 51
1329 105
578 101
131 29
167 0
921 133
516 79
1223 157
608 103
802 59
601 31
191 149
1131 114
57 116
1518 45
775 47
158 61
141 7
401 24
670 57
970 1
1541 139
801 53
750 38
1557 4
780 136
1011 5
448 127
1570 12
1534 115
1337 73
1506 138
884 150
135 70
167 67
1430 41
1524 34
1507 123
517 86
115 64
1459 120
1232 10
1531 25
796 27
491 8
791 137
562 159
628 91
1439 39
1487 85
95 129
1312 128
1313 146
3 125
1261 151
599 122
750 142
1410 80
1413 63
231 66
570 55
651 40
1137 102
964 140
190 28
222 134
27 158
727 72
591 118
1240 46
885 49
745 131
800 156
1264 48
780 100
935 135
1319 11
666 18
98 130
419 43
269 94
1385 35
445 143
1432 77
1306 148
1035 108
1251 81
1485 88
1538 78
649 65
118 26
1131 54
880 141
1441 58
849 112
57 153
526 33
225 32
1170 93
596 124
52 74
1600 82
293 109
406 145
1041 42
1044 75
499 160
876 21
1337 87
1192 13
1431 62
382 68
177 3
170 37
620 96
421 50
1330 144
928 56
4 106
663 69
967 110
1131 22
1567 52
1345 111
647 97
1382 95
243 119
714 2
1434 76
318 152
925 19
18 92
229 71
227 6
1035 89
199 17
261 90
1464 14
983 113
994 20
675 84
626 15
201 132
112 83
933 30
