150 37
1466 115
1289 75
269 67
233 120
570 72
543 124
1034 112
184 44
665 34
1402 130
468 110
1385 93
864 90
534 10
1079 108
455 12
773 9
350 1
892 140
525 78
1080 126
302 139
922 95
519 33
276 104
85 92
841 144
264 49
559 86
130 3
141 30
123 129
1362 138
262 55
653 0
1194 134
788 60
630 98
473 137
1155 82
687 17
166 81
833 45
974 69
256 68
777 23
107 57
556 29
613 132
570 74
876 131
160 25
1025 53
1085 118
838 128
1295 135
1392 38
1174 94
1499 41
1402 133
68 46
580 116
551 20
69 48
1254 42
455 62
1465 15
539 14
94 51
1385 77
831 54
733 58
551 117
363 119
337 79
1181 40
470 56
352 125
1360 103
205 87
1178 36
559 61
1414 70
1329 96
1402 122
335 35
143 65
1280 66
586 83
870 31
729 145
827 43
432 73
1262 113
1262 127
952 19
1088 102
438 105
921 5
1433 147
539 4
1201 24
1473 27
540 22
260 146
947 84
1059 21
315 13
1233 106
1108 143
280 123
1134 80
69 136
1212 59
15 37
963 99
1456 91
536 28
552 97
1483 39
1059 109
1373 101
1325 11
1210 85
513 26
1013 148
692 2
1298 89
184 50
477 71
465 88
704 142
351 141
735 16
560 18
544 114
704 100
1286 52
1305 63
533 6
225 107
312 121
939 76
1491 7
21 64
203 8
679 32
1450 149
893 111
43 47
