239 59
2187 102
1178 122
1969 179
1831 170
1752 197
1267 172
1129 214
173 5
170 10
525 219
531 100
1376 89
2191 198
1582 67
908 105
1630 70
295 217
1314 232
2369 150
1307 137
836 133
121 33
2214 119
914 238
1240 147
494 152
2192 38
788 47
1555 234
685 91
272 18
788 75
436 57
1635 207
2350 90
1089 50
2032 184
1061 42
1733 160
2337 40
56 163
317 4
1365 108
526 130
2006 155
57 112
1674 21
1040 11
690 37
1799 69
642 142
1150 166
1693 35
438 82
1976 182
2261 16
1902 109
1555 114
1743 213
775 52
1740 85
36 223
1541 99
665 103
745 233
2218 138
1356 222
1123 189
1734 162
346 158
463 53
684 148
7 194
679 74
2062 19
897 32
681 120
2009 104
644 140
1794 1
2251 210
252 28
2127 180
1503 92
1229 96
1317 87
1178 220
1448 178
62 3
2212 229
989 39
1266 8
744 77
1907 196
2074 41
1612 212
968 86
815 231
673 79
35 27
643 134
1880 7
1925 157
1889 221
1496 146
2309 51
643 143
616 58
1654 73
1855 118
1411 72
1975 159
130 161
1445 22
2073 63
110 25
832 131
110 12
855 139
728 127
718 81
862 204
1085 181
1107 113
687 167
724 201
2124 174
1399 14
282 84
1158 193
1508 173
1428 128
1333 0
889 13
11 76
1441 132
872 206
2291 46
116 183
2199 164
449 56
586 110
1327 59
976 145
500 23
1930 36
2160 169
2171 54
1016 187
2156 107
2299 62
202 209
1907 225
1717 94
263 141
1553 123
2198 64
2289 61
2065 111
1476 195
2167 95
2300 215
2178 235
1856 126
28 228
714 129
1148 60
905 125
583 185
775 216
848 135
1303 211
672 98
83 78
79 29
619 115
351 154
380 191
1676 205
1879 224
1103 236
976 30
1174 171
1580 34
1135 121
1918 208
831 44
46 88
1971 149
902 237
2171 226
2263 17
193 227
1459 203
670 20
2081 24
912 200
1630 6
1978 168
2024 2
2080 192
639 188
863 55
314 106
1976 144
405 151
2257 9
1276 117
584 101
555 176
1496 136
569 71
1154 31
410 15
2130 65
1182 83
2318 199
1154 175
872 124
1425 230
295 68
756 97
1364 48
757 45
711 66
280 177
1280 26
2130 80
172 202
1436 153
860 218
672 93
556 43
1490 49
2330 165
995 186
906 156
54 116
122 190
