163 40
994 51
271 100
1540 16
418 148
198 154
953 149
835 121
910 109
1077 136
328 37
752 53
413 110
831 83
1035 95
605 91
1159 6
661 25
293 29
1492 113
625 31
982 118
942 99
1248 108
1603 133
1465 64
1446 78
1456 76
902 35
260 14
1331 2
220 66
735 107
403 116
396 11
1528 5
269 69
505 55
600 151
857 26
940 67
589 128
1236 33
1010 119
475 56
1006 17
1202 18
1216 80
164 28
417 36
186 144
1154 101
366 93
40 115
661 112
1118 32
1144 94
382 105
1431 103
1512 50
210 15
451 81
50 104
469 75
893 38
665 141
952 40
634 3
473 161
938 92
341 79
1427 156
553 126
357 20
542 106
918 71
450 84
1501 48
1146 82
187 145
1050 7
5 89
1434 147
1274 85
1464 96
1525 44
1081 160
587 4
1488 124
1048 117
1456 90
1202 8
745 43
976 68
68 47
164 24
412 123
643 73
26 9
347 162
1613 150
489 12
395 153
1512 86
134 135
756 63
29 157
706 19
241 143
271 134
1354 159
1372 52
975 13
806 62
620 125
281 127
1587 10
1531 77
1189 21
1456 49
1491 65
527 60
771 114
631 87
906 59
1517 111
348 74
1250 54
480 45
1028 146
1425 120
63 46
311 155
1309 42
1265 130
705 61
486 132
463 102
704 1
376 137
1376 0
1303 41
266 34
910 70
1480 97
981 138
290 30
931 140
1147 122
1552 88
462 129
1056 131
327 98
1101 139
925 58
1540 142
865 22
585 158
754 152
1006 23
1125 27
1309 57
540 39
1208 72
