216 54
213 6
351 169
980 90
743 54
679 62
1613 180
2001 165
1865 206
36 68
1688 48
295 190
366 150
1096 118
1629 209
1361 186
2009 200
1021 14
138 154
97 210
2079 117
499 24
1091 7
1165 85
1349 60
1644 57
384 212
1611 135
1627 45
41 211
1005 142
35 194
350 40
698 110
1838 34
2083 64
462 10
1225 67
45 66
293 99
726 102
287 20
1322 55
687 207
2155 56
547 17
791 73
1727 44
1845 32
172 8
563 126
1744 103
1927 159
663 157
388 164
256 167
1654 47
1887 4
778 69
1296 71
710 75
2133 116
660 93
1577 137
1462 42
1303 33
1490 35
1771 91
1002 204
516 5
3 158
80 134
1721 129
527 77
1974 125
1199 189
507 168
2088 178
329 174
1382 23
953 81
2023 133
1565 79
1908 208
386 170
1459 3
1940 115
2090 166
1942 74
1522 213
515 86
2144 76
2059 41
538 191
1152 22
1027 148
1225 59
1100 89
1737 12
129 84
909 38
734 58
1853 171
648 162
21 43
981 88
1918 100
1859 72
1254 37
1220 16
654 181
1677 31
2062 143
1693 9
1554 193
1213 18
1554 163
929 173
38 111
297 144
1188 13
1583 152
119 105
1320 2
1310 87
1544 131
220 101
1195 176
2098 124
293 136
491 121
1001 205
945 177
1466 63
1399 145
1182 1
559 140
1238 146
1894 187
595 11
979 94
884 149
1139 15
1229 147
423 80
1221 188
1762 182
647 19
1769 53
1004 123
2031 156
1489 179
1468 83
1977 50
895 197
134 104
438 51
2078 184
406 109
484 52
1402 26
1096 0
297 192
272 139
875 95
2140 130
1474 39
280 214
1960 82
559 46
438 108
1002 132
165 128
486 195
1054 97
301 151
1509 61
113 203
731 199
942 202
251 30
1356 27
1486 113
1634 114
802 119
2066 65
236 120
2031 29
296 198
1418 161
1454 155
247 196
1757 28
1914 172
1475 107
586 78
1465 215
1347 141
1214 25
62 183
1451 112
1738 122
581 175
692 70
1492 92
370 21
69 36
1610 127
569 138
67 106
899 201
1068 153
1995 160
1374 185
1101 98
973 96
2056 49
