206 51
1592 121
1449 62
1151 126
484 189
785 20
1229 129
39 2
993 35
544 7
984 13
1958 132
579 8
906 166
1500 201
1272 41
988 74
1017 90
1431 5
757 96
207 135
592 73
1147 171
838 23
1067 53
2025 15
999 70
1478 111
397 21
667 82
1758 117
1002 187
1407 89
1562 146
369 196
887 123
1721 34
6 190
2005 113
1007 120
1665 68
665 61
1922 108
1967 102
1975 14
1438 186
1490 30
1687 177
924 155
826 127
1016 19
1918 63
808 71
697 66
924 81
2009 18
1090 164
338 188
1798 118
1031 195
1601 1
2019 86
927 84
1683 58
380 106
1910 39
1545 17
648 47
1829 80
1401 139
697 99
1368 91
1536 65
1417 3
274 150
1755 78
1494 107
172 185
238 44
2036 144
1462 167
160 184
1325 191
1774 98
1412 131
1687 156
300 46
456 112
1388 122
820 16
1590 142
1113 158
1803 75
1190 10
655 183
1616 31
1630 182
1532 140
447 11
363 4
59 25
1325 147
110 101
1477 87
489 119
610 51
1039 88
1324 148
743 176
1283 149
919 85
1907 179
343 204
1451 45
635 60
1125 109
935 49
940 153
551 24
961 55
1913 0
1865 143
1101 154
255 93
28 137
1531 168
1337 178
1897 170
529 114
1721 110
291 205
1712 50
1409 83
1690 103
1900 38
1600 200
797 151
1385 52
1839 37
607 42
60 202
1239 54
316 92
598 203
1942 138
1018 12
1220 174
1548 76
11 48
450 157
126 193
724 6
486 172
576 64
256 116
1304 163
1228 136
1979 160
1138 40
1703 175
643 28
30 159
1274 69
1229 115
1039 141
644 130
361 79
735 124
732 67
1921 100
1513 26
1968 94
787 180
594 145
801 199
781 77
588 32
1238 29
347 56
1515 197
740 173
386 95
89 9
92 72
1425 133
1794 192
690 59
395 27
417 105
165 33
121 22
1371 97
1281 57
186 162
824 104
1023 128
292 165
386 181
1601 194
41 43
620 125
951 161
182 36
1743 198
1348 134
894 169
447 152
