283 70
1960 225
1982 108
2214 4
1599 281
2537 34
278 87
587 46
1599 194
1525 105
1428 137
928 72
1361 145
1190 175
509 170
717 218
769 128
2048 234
317 11
25 236
2431 93
705 7
2511 274
212 273
1619 86
2063 212
2485 96
1541 23
645 252
2280 257
2523 123
1375 190
1416 215
308 165
1321 168
2030 97
969 136
1986 127
70 42
1031 256
1851 227
2682 6
1265 135
1002 143
2635 36
2678 251
1904 229
1763 162
942 48
2195 187
1947 120
2521 152
636 60
63 282
2294 268
1880 233
1762 223
958 260
2446 267
2714 271
257 263
2637 71
1087 80
683 275
2636 74
2454 43
1220 149
437 177
393 276
212 5
1455 117
447 41
944 243
1170 246
1291 63
2427 202
2609 226
1521 85
2533 211
848 199
1922 178
692 3
2264 241
2726 245
1918 214
183 179
1216 9
4 237
1274 15
2260 98
780 70
1897 217
1493 151
848 132
1332 83
148 55
98 103
2271 208
295 129
694 51
2605 279
1834 259
76 67
1295 45
843 146
277 235
995 228
739 69
82 171
892 54
2073 153
217 33
1487 32
759 116
2745 62
897 100
813 203
58 195
196 242
1057 216
540 99
2652 121
2364 81
2083 1
2053 10
1975 253
1630 191
984 278
2254 125
1407 119
615 56
453 126
645 200
1231 18
1209 73
2593 164
1371 114
2025 219
2028 27
205 144
651 169
713 192
69 173
121 182
2576 95
276 94
987 113
1963 265
1184 16
1182 65
1190 188
751 272
687 31
2768 12
1753 193
1284 266
2486 264
99 255
1295 68
1134 158
1169 35
2384 247
343 204
1228 8
1167 139
677 240
1120 61
2344 20
995 174
827 189
21 160
1447 210
1437 155
1573 102
1606 52
100 244
158 124
464 159
1255 111
823 142
2423 110
2410 209
718 250
660 277
1417 107
497 140
1440 176
1083 122
1551 82
434 79
2105 49
1396 184
2097 58
2007 231
1032 183
1862 115
2651 141
234 197
2571 118
2359 59
596 280
113 106
1116 180
1761 238
1892 21
1421 50
49 90
1144 75
1720 28
1545 157
981 91
1274 213
2348 232
523 154
1399 205
2005 37
942 147
176 39
2524 167
166 207
1326 109
1805 198
2033 248
726 14
1900 92
2817 148
1393 64
603 19
2086 185
1370 104
766 269
2793 221
1729 130
1224 89
2679 101
2723 150
1909 166
2465 84
2041 76
2315 38
1349 134
2422 262
1753 222
2163 206
1858 13
2682 258
326 26
1977 22
2022 30
1436 40
1279 24
431 261
1328 2
314 138
2510 77
2128 220
2120 47
2308 131
739 44
2037 17
2636 112
1606 66
2775 57
339 172
223 181
2761 29
1874 163
448 230
2673 133
1166 78
1181 224
1657 25
1799 270
2345 254
929 88
2810 156
2038 53
1816 249
1023 196
63 0
2587 239
1662 161
2823 201
2823 186
