104 26
316 60
904 88
12 59
81 77
465 50
464 27
176 7
11 20
161 38
642 9
356 78
878 84
794 67
428 26
487 61
175 3
585 6
205 35
141 15
348 90
98 54
751 39
591 5
457 23
259 28
524 47
503 72
273 86
554 58
906 51
1020 43
801 30
417 44
542 74
428 93
6 80
396 41
117 76
328 4
745 0
995 19
607 52
468 94
120 21
496 83
266 49
392 36
205 68
451 24
624 48
545 89
889 8
381 12
148 99
734 1
353 40
200 92
369 11
203 18
591 17
375 95
766 71
247 97
981 37
776 103
663 56
358 62
320 100
354 25
743 34
322 101
391 16
947 69
635 57
372 81
333 96
679 29
833 22
738 65
154 66
1020 53
904 32
795 82
279 102
676 63
795 91
437 73
215 2
10 55
510 33
530 98
74 42
152 46
41 13
1017 87
186 14
871 70
161 85
943 45
984 31
639 64
959 79
375 75
267 10
