279 69
1102 240
970 153
431 241
1820 73
1539 49
2168 163
694 170
2012 246
2269 112
2556 209
843 256
616 202
608 268
1917 17
648 88
1166 204
2721 14
1699 109
2510 145
1502 47
1960 22
123 58
319 228
776 43
1539 38
1688 229
1843 124
162 199
2641 252
1242 91
2556 276
322 82
2523 181
308 254
1430 16
19 105
329 114
763 158
2662 68
620 222
1754 151
2395 6
937 230
2434 269
2393 165
224 122
431 242
2126 72
1310 107
52 186
176 223
1970 212
2541 278
2349 134
110 200
639 62
1381 20
1587 239
1990 79
1723 243
1519 171
804 238
90 7
1867 137
2151 80
983 85
2378 265
1849 111
649 96
1002 180
1378 193
692 160
1188 248
647 236
2278 110
1813 164
769 56
693 18
949 167
2135 102
2315 121
205 108
276 166
2778 262
2781 275
1704 207
1892 235
570 94
1267 66
2366 89
2522 10
1195 63
378 41
2209 74
2319 75
2700 249
862 98
2577 273
2747 213
31 5
877 136
1076 201
1252 8
2723 152
2344 65
1322 1
258 30
1616 61
1849 130
2755 205
1687 208
1193 253
2606 12
2264 224
8 51
2038 141
660 179
1968 104
1512 123
629 261
1570 139
1361 274
854 69
2314 120
1670 176
2356 126
828 53
49 118
2286 39
2458 28
132 37
1164 215
2364 23
92 50
717 48
2180 264
2159 81
2639 60
2762 168
1394 255
1764 260
769 187
2109 138
287 277
1108 0
1599 210
1103 24
391 194
1091 19
1546 192
58 150
2481 119
1310 35
2640 83
134 245
999 71
314 99
2221 3
1044 131
2581 57
820 250
1163 2
1460 129
382 76
1481 174
2408 52
1536 206
1338 218
2159 234
1718 54
1317 29
1719 155
1845 106
1946 257
1949 55
2158 271
959 272
303 195
893 64
337 225
1069 143
1262 211
1814 100
935 95
967 247
100 9
336 263
2360 78
993 267
2120 259
835 36
2380 162
1993 97
58 221
807 46
698 169
306 244
2329 146
1226 93
167 128
1410 232
76 135
1889 216
1643 103
2077 87
1117 125
1665 184
1630 154
820 33
1543 203
2344 191
2331 185
410 90
93 157
1336 34
926 144
824 26
2392 173
1361 197
1257 70
2748 77
2327 178
2251 149
2201 172
443 115
2261 117
869 127
1383 132
1204 4
721 219
2159 13
208 92
312 86
1075 196
75 161
87 217
195 84
1808 175
438 189
2091 148
1421 67
1023 183
2476 25
1101 220
2133 266
1096 190
1817 231
2624 270
935 156
677 214
418 177
578 101
2489 198
1185 59
1448 15
645 140
391 21
1246 32
966 159
1248 133
2322 227
2093 116
3 258
1598 147
1017 42
1884 226
965 45
2312 237
1427 251
2684 142
2276 31
2199 44
588 188
2398 40
2720 11
2179 182
567 113
1985 233
265 27
