286 71
638 220
1703 93
2264 27
1045 236
909 246
1310 87
169 135
2759 80
980 129
47 111
1663 219
1594 19
693 128
827 190
828 210
640 211
2731 120
2754 28
777 180
534 110
1841 149
2203 12
1481 206
812 232
169 233
1558 224
86 171
337 264
729 17
1233 279
1237 251
2113 164
1517 142
549 253
2410 115
1937 201
1013 3
1256 58
1973 217
1017 222
596 273
1242 225
2515 248
613 71
1096 112
852 179
435 114
2632 131
1346 66
1897 181
2328 105
1886 169
1609 261
1484 48
1289 157
2618 49
2389 218
2126 6
2067 176
318 122
1536 173
396 23
2341 91
2667 212
1342 26
28 150
92 79
1029 20
1254 272
506 227
2268 55
2848 257
2416 165
722 4
486 162
803 54
424 174
2517 43
285 242
516 177
1898 15
932 240
1562 33
2773 168
1378 92
514 209
534 226
1137 252
1886 259
1264 83
57 223
2094 185
1491 202
1620 203
869 183
2569 140
2463 22
831 127
1972 5
1723 44
521 256
2262 244
1273 75
165 196
833 270
2340 263
1899 147
47 137
1261 188
2546 13
911 178
1181 72
1903 266
63 216
1514 101
2635 141
687 76
2379 154
2258 7
2836 35
1149 113
42 2
1080 108
1509 163
816 230
1368 170
1576 221
2606 81
503 215
2179 167
1895 155
760 59
945 198
1982 38
255 278
554 245
1339 62
403 65
489 144
943 254
2760 277
624 130
1356 189
1583 136
110 207
2178 70
468 18
1791 260
1045 268
1108 156
1674 121
2464 249
726 134
2826 124
2467 284
176 37
2593 100
2823 98
2083 269
995 41
575 145
2470 199
1468 228
303 96
682 191
2013 231
1346 200
14 104
2746 8
1981 9
1240 229
1165 99
32 97
1916 258
2766 106
408 148
182 132
1352 47
2139 102
1570 138
2318 239
1560 90
1521 10
1301 160
936 274
2165 1
1495 118
66 50
241 30
1136 31
354 25
102 68
2227 152
1160 119
1721 159
2757 109
877 126
2454 46
2652 208
2098 61
2724 235
1448 74
283 34
2416 197
2806 24
1791 238
2177 69
837 107
568 175
451 166
2608 57
1371 89
1454 53
2672 267
606 16
2436 78
2249 85
1537 77
2014 195
1418 11
974 281
39 133
1066 184
1085 153
1698 241
100 73
1074 42
738 276
2621 67
1639 243
1404 271
335 282
1884 82
2717 158
2141 265
511 193
2725 52
2554 84
2049 95
567 60
2117 40
875 194
2149 283
1860 143
2152 86
2840 214
2206 205
208 56
1003 285
335 21
1902 32
1569 146
1340 139
2165 151
1348 262
2706 255
2814 237
1008 125
825 280
2275 88
2229 63
1599 204
2275 29
33 51
240 182
1949 234
1320 45
1838 94
781 117
2190 161
2816 64
2557 187
215 123
2830 247
2261 192
1660 250
1510 186
1675 172
1392 36
1412 275
294 0
1083 14
2464 213
1642 103
2385 116
360 39
