341 85
235 198
2382 270
231 296
2621 185
1865 9
1290 310
2887 292
3030 327
194 151
673 183
267 94
3249 39
1701 174
321 176
1331 72
377 29
1357 258
989 329
2091 24
2727 117
1228 200
2108 336
2527 314
3088 137
2677 108
2648 161
1574 64
1368 208
1567 56
728 209
714 158
2936 249
837 207
209 318
59 265
793 301
1141 182
332 303
31 130
777 313
351 187
2329 48
577 180
1589 136
1210 340
2254 140
348 73
1019 3
2613 192
785 256
1531 53
1262 242
42 222
2855 221
1928 164
2085 63
1787 179
449 93
3100 287
630 95
1066 259
1613 315
3128 104
2946 251
743 75
2840 231
2215 55
2752 204
2383 213
944 100
1880 333
1030 307
3214 25
3109 81
1543 293
2550 188
2774 37
728 232
1809 217
408 59
161 155
1408 121
2423 18
3197 298
1846 144
862 295
2320 31
2144 191
1546 113
515 4
538 65
513 8
1252 273
654 236
2115 230
873 44
485 47
2433 181
775 264
1426 219
905 224
1363 194
2891 284
532 311
2259 321
1980 245
221 227
2212 175
1261 97
589 184
2034 338
3350 38
192 319
3408 172
443 246
1511 124
2957 290
792 21
2080 173
2703 146
1206 19
958 228
2397 68
371 261
942 89
1479 101
400 150
1982 169
240 266
2297 267
2326 196
2511 274
2779 262
626 235
1107 86
2919 275
1175 286
2715 214
1081 237
36 78
2998 252
1710 322
3341 34
1883 229
913 260
1334 103
2969 80
1125 201
2075 240
2584 325
3231 300
3163 305
2451 199
787 16
1056 88
2397 74
2656 247
3367 291
639 277
3204 308
45 225
7 45
2492 159
3283 278
2119 186
3404 71
2176 202
2980 60
2219 58
1056 33
1769 205
3100 156
3105 170
3051 42
625 330
418 335
3012 22
1585 36
2379 160
2850 243
2134 46
1579 281
1267 289
3176 128
1732 70
880 171
1251 328
3185 1
640 283
1942 110
2139 7
2961 145
1838 127
3372 271
1544 141
1424 0
822 57
194 288
2132 269
2944 223
1461 20
224 28
2626 255
2203 134
386 302
1189 112
962 195
2551 153
1421 12
2797 152
2827 82
2808 148
2071 212
2778 218
3051 69
1337 40
1865 49
50 50
1945 126
1181 132
1591 138
265 234
2586 62
1525 26
1518 250
1280 5
3187 323
578 87
3018 268
3237 15
1534 263
2639 332
1658 294
405 279
2209 43
2978 91
3353 85
3323 83
1494 210
635 304
64 331
1350 77
518 90
1123 211
199 123
1441 297
1218 206
467 17
877 253
2176 99
2578 98
2251 226
1562 306
1115 139
1211 317
520 84
932 133
13 119
2037 35
239 157
1274 120
1325 122
2645 177
1975 190
1449 102
1208 163
1286 316
1614 51
773 32
1510 282
3277 154
1304 66
2757 109
1430 244
1494 309
1935 129
675 216
756 280
986 2
1039 178
460 67
2348 14
1830 135
343 220
1748 11
964 241
1294 254
1799 233
640 272
2368 276
618 167
727 320
1712 326
2232 106
1476 312
21 76
2007 118
2120 115
3157 116
122 105
1707 149
2550 131
489 324
3007 339
908 337
224 189
253 193
1065 107
3385 52
723 162
2897 197
1708 203
496 96
3388 238
2323 166
1341 61
1460 27
2180 111
3030 168
2034 79
2870 165
1429 334
1173 54
1629 215
2289 142
1198 92
2961 41
975 248
212 285
2999 143
2700 257
1990 299
2679 125
128 6
1557 114
2279 147
3001 23
2542 10
1993 239
563 30
3304 13
