249 62
1314 194
1100 247
1777 228
647 61
631 205
395 137
911 126
520 64
938 171
2375 93
1097 245
627 121
372 187
1839 144
1785 71
2032 208
394 101
344 58
455 114
1591 145
11 21
332 80
1676 131
1158 8
1743 119
2325 244
432 174
1937 195
1656 165
605 54
2298 183
962 85
1682 46
1654 215
1154 92
34 156
52 166
425 203
2358 189
2281 167
2273 72
1581 190
2274 59
2357 40
880 237
2045 36
1353 198
1493 44
1670 14
1697 98
532 60
2216 97
626 62
2428 113
210 19
2367 76
419 111
1592 50
921 117
528 106
1628 163
903 122
2227 22
815 240
2204 128
2162 142
2345 219
1859 127
258 152
2427 70
2317 107
1247 79
396 37
354 120
442 135
2180 168
32 241
1493 81
223 238
2383 73
2278 204
1401 49
1809 48
1849 138
1996 95
1397 82
840 210
1025 242
1632 86
2190 124
1257 154
1866 202
468 246
1015 140
880 211
2125 83
1749 116
1561 23
878 230
1776 27
787 232
2199 193
2318 234
674 41
1675 51
430 99
1732 66
2471 148
1791 100
1012 239
1380 102
2338 88
1682 5
1576 68
2017 65
1240 30
281 75
1553 3
2258 63
1947 77
1981 69
1297 216
403 115
397 188
860 1
51 200
1007 141
270 173
181 47
1477 28
747 11
1507 17
1211 196
194 13
1496 177
1886 123
2113 235
300 136
401 178
986 221
940 15
343 227
1226 2
2376 78
610 209
701 108
2262 104
769 231
337 38
1080 109
2098 16
420 229
2311 161
1555 139
1604 197
20 223
100 201
2190 105
1039 134
1742 159
186 207
853 132
1586 90
1766 224
955 236
1952 158
2466 248
1797 39
1958 9
2287 0
1466 31
1367 164
1247 217
171 182
1892 179
574 42
888 129
478 26
1185 185
981 214
195 55
498 87
1014 184
1213 192
1900 35
2159 225
1237 12
300 84
1777 155
1222 180
120 149
1034 18
313 146
1215 45
1907 151
789 33
1139 56
1152 112
2334 175
2314 96
648 181
2459 218
1597 226
1737 110
2097 125
1123 10
1394 94
673 199
729 29
1278 133
1587 213
1022 191
47 25
2395 147
222 34
954 143
320 169
1996 150
638 89
428 157
2221 212
133 206
1 24
1613 91
2342 67
2129 160
2083 172
1951 53
1273 243
1143 57
1341 176
1189 6
1815 186
526 170
1349 162
1864 130
2432 32
2151 220
828 233
737 74
637 52
1260 103
111 118
1728 4
427 20
429 153
1191 7
1935 43
2393 222
