137 34
1199 66
521 86
851 58
857 82
1081 101
528 14
1358 112
666 60
253 55
673 69
646 62
1010 15
1195 52
592 20
704 17
1032 54
250 130
493 29
964 115
236 8
592 126
49 134
1283 133
460 63
203 5
924 127
135 10
893 23
879 38
26 136
1085 67
920 121
489 107
777 120
211 59
420 47
747 70
669 110
567 19
1064 96
946 71
1001 123
1044 132
836 37
1010 49
402 27
377 16
1256 131
1228 21
1366 79
1305 30
85 91
298 2
960 89
864 9
120 119
223 6
388 85
1194 100
991 7
606 90
736 72
219 40
151 118
187 75
513 97
417 51
778 13
882 104
86 45
1070 103
840 36
316 31
164 135
1248 64
1053 92
327 28
36 98
542 39
31 78
209 93
448 83
878 56
783 81
85 74
587 43
1241 0
510 117
988 32
481 124
320 99
528 111
146 18
284 48
942 94
990 65
1307 109
832 73
926 113
189 1
799 76
712 12
906 3
1024 57
1333 129
721 53
1204 116
708 26
1147 84
717 44
1026 108
271 42
229 68
486 50
1222 11
1170 128
1203 77
700 88
466 125
1107 105
763 114
1210 4
43 34
187 25
507 122
633 80
1083 24
483 87
844 61
704 41
676 46
1138 33
708 95
1239 35
813 102
1007 22
389 106
