343 85
1504 205
1266 296
890 23
1826 179
505 141
3331 322
2799 150
70 213
2448 114
709 316
3345 261
49 309
1214 14
611 19
1452 112
1074 121
3022 12
667 319
517 193
570 6
1887 175
972 135
196 111
600 304
3046 192
2224 11
1487 247
245 123
2369 5
3395 189
403 152
869 272
2240 95
2577 122
583 138
2983 131
1701 93
3022 44
341 295
1461 308
793 289
2619 285
360 113
1418 318
773 288
1943 78
2613 25
2667 109
1020 161
1882 73
1099 31
1343 340
2080 160
978 255
333 185
2764 84
879 273
1782 80
2809 244
1550 149
2398 28
1689 293
297 328
3370 72
77 173
190 254
3052 196
2406 66
727 3
2337 280
2058 230
3175 191
1063 246
2498 39
3056 140
1857 301
3081 327
1156 117
2069 127
3098 184
1926 180
2503 233
3243 243
562 37
2410 83
2141 154
3312 10
716 99
1079 2
2130 219
417 147
1331 63
968 30
1922 27
216 169
363 212
1845 158
445 221
282 159
264 32
826 265
945 115
2982 55
2275 142
2114 43
1737 94
1165 323
2785 103
8 49
2914 54
2307 228
2968 242
420 164
789 284
1108 50
2878 71
372 46
1522 202
554 181
225 217
3329 305
1303 105
2409 7
1467 59
962 334
3166 76
1868 177
1843 258
2898 321
40 199
3269 137
1388 36
1320 61
1093 331
2177 274
659 271
1890 116
752 104
855 41
258 129
2683 153
948 170
1297 174
933 275
1585 229
1820 188
1862 320
1892 58
301 307
3138 168
1068 13
2916 282
188 35
242 260
2906 227
1768 9
377 56
3066 208
960 124
858 204
503 257
1869 276
1079 34
2047 249
1752 268
60 256
2119 155
2958 313
2338 108
3349 118
191 92
1437 294
2724 290
1609 20
2026 194
1309 186
2339 88
3225 248
1150 144
223 252
3356 232
2653 183
829 145
3114 270
748 57
1189 281
1858 97
2147 240
2568 134
1938 172
2735 167
1835 259
2248 21
1943 310
1687 332
1343 236
2312 126
2900 70
1489 133
2540 231
425 209
2066 195
176 239
1441 337
1199 235
55 15
2812 29
1096 251
254 220
1132 283
1005 250
1450 341
1573 324
572 1
1279 329
394 65
1538 200
640 287
174 226
2974 22
2247 311
2874 325
41 87
298 81
1468 8
1337 211
2546 119
3007 342
1738 336
1827 17
2465 206
1050 201
2888 52
1985 279
1111 223
2948 267
3154 314
3177 330
1161 86
1601 297
3214 162
3172 38
1402 333
2799 62
1845 77
1574 60
1894 156
124 339
2691 210
3005 101
1727 100
3367 102
3258 125
2415 143
816 67
3148 317
1742 266
1667 264
2662 241
841 303
724 130
2504 315
2042 79
2277 292
3153 176
267 291
1243 26
2286 253
3206 4
2079 286
732 300
2754 68
1420 222
711 75
1339 48
1150 42
317 263
847 225
818 335
936 302
2703 237
2261 96
2675 198
409 132
630 47
1604 238
2495 178
1505 207
2490 128
3308 306
3389 146
1520 157
1991 53
1183 203
1867 74
1872 165
1114 45
3248 187
1717 148
2888 234
1670 269
2215 277
2228 278
2924 338
918 298
851 326
2577 91
159 139
978 190
2190 33
1789 40
347 224
462 85
1414 171
2032 24
1629 163
430 262
1937 151
2509 98
201 245
2423 216
1562 89
2681 136
2379 107
3228 106
655 82
617 69
209 312
2817 299
479 182
1592 90
781 218
1311 214
408 16
1616 215
2861 18
2399 197
2451 120
3153 0
477 166
415 110
2945 51
3174 64
