349 87
2168 118
2646 195
291 308
2667 263
2755 185
3488 260
2584 90
3212 223
3282 289
2375 327
1063 243
3251 2
1651 281
2065 177
3245 120
2577 265
3356 45
881 68
26 127
3471 257
1108 205
2954 207
2640 74
994 230
171 32
2983 217
3330 92
940 239
1556 215
958 57
1236 167
620 219
1828 218
2409 305
2870 282
2270 108
184 266
3303 20
3426 158
3111 172
635 15
2288 171
466 58
410 69
2649 105
123 301
1548 51
311 343
2746 109
2704 341
752 264
3249 48
1249 309
31 106
2260 194
2898 297
2873 338
2764 151
2861 132
1866 318
3149 231
896 49
3091 123
2375 144
2067 254
3297 220
1295 276
2642 278
2019 102
1964 294
2953 193
44 259
1189 247
952 280
436 251
2760 147
1255 234
1943 333
3280 299
155 187
276 183
2605 201
2846 99
668 40
1846 100
1519 337
91 81
1731 85
698 8
1105 329
2982 225
17 156
2464 60
2358 325
3269 335
49 159
630 244
1231 342
2702 87
682 270
3013 226
1009 55
2030 86
1185 310
1874 298
2425 184
2073 330
2142 348
3222 293
455 136
1566 94
1980 336
890 211
3323 179
2628 97
823 212
1341 291
1679 83
2453 311
1894 186
811 121
1393 103
836 133
535 287
2511 188
3259 237
2210 324
802 300
3356 203
3193 23
2681 116
3116 153
1334 241
2517 288
2152 339
2949 315
22 192
3200 181
3067 7
3082 88
3176 238
1702 155
554 163
209 21
2303 142
3317 176
2807 71
680 316
3095 258
2920 248
1277 290
3230 59
2557 161
1203 304
902 166
1191 277
3224 39
1705 6
3483 54
1697 175
1932 253
2121 306
283 46
942 56
2752 11
2986 143
14 224
916 202
801 321
1613 64
2193 65
3449 41
896 114
107 91
204 196
321 62
1178 173
661 4
692 16
958 10
969 255
2415 272
1731 28
3008 17
1908 42
3184 89
2753 275
2754 273
439 35
1006 154
1377 18
2640 30
746 43
2401 191
1709 209
133 178
2701 302
282 221
275 182
3203 346
2043 112
198 50
1604 19
1318 206
1107 210
3119 332
1204 101
1613 135
790 117
2599 77
1526 9
2575 80
3298 328
2866 63
2079 38
784 269
2742 240
1846 164
2608 165
1471 129
16 334
2985 98
3296 67
1711 3
2583 228
2135 216
3330 256
3058 169
3275 47
2176 61
2711 95
2195 52
3025 128
570 227
1100 271
1584 26
2141 70
2247 79
1938 160
1809 314
31 323
2950 119
3453 268
759 189
1887 319
2310 283
273 138
956 107
2057 246
3175 0
2655 214
1540 274
775 249
320 170
832 73
3106 33
2923 34
970 340
3168 262
56 29
3462 93
1306 126
912 286
3041 25
1534 200
1677 347
2129 111
355 331
293 157
1759 292
3462 180
2883 22
2533 75
3085 125
869 307
2584 312
982 124
2194 233
3473 146
3198 5
3367 322
2890 242
3118 267
2508 131
3254 150
3226 261
2987 27
1880 24
1251 222
537 37
1155 122
806 1
989 145
938 313
3181 130
1779 229
1601 141
1363 76
2129 295
42 317
175 198
2448 78
2929 13
1210 168
1565 14
3293 232
2574 213
94 36
2794 72
2556 12
1239 345
941 152
1692 197
2279 96
1841 250
1188 190
3026 149
1496 326
2682 82
1954 137
1821 204
351 110
541 174
1912 252
1175 104
2473 236
534 162
891 139
881 245
1459 279
2680 148
2260 303
134 296
105 320
951 53
1766 199
36 235
1736 344
1908 66
2036 115
729 134
584 44
1664 284
947 285
2591 208
2924 113
2371 84
2605 31
1504 140
