278 69
1364 145
1724 209
303 264
1123 171
852 147
2630 133
2681 265
290 169
1381 180
1704 185
38 202
1074 144
1388 52
2479 273
898 241
283 175
2614 254
889 200
1407 267
313 87
172 130
1195 166
1302 261
1972 67
459 259
2471 256
1791 198
1537 0
1245 218
1162 21
1464 137
1162 95
877 88
2636 110
2465 102
1879 15
2496 27
409 75
1720 79
1282 23
1245 225
2361 20
1331 199
1377 155
967 22
1534 134
1167 229
40 234
1688 132
865 60
2541 51
1940 179
148 101
1161 30
445 58
2725 127
1383 257
74 64
1845 89
1235 183
116 120
172 118
579 162
2652 138
1162 38
403 36
1677 233
1448 29
1624 260
2644 49
1338 48
880 227
1377 70
2194 115
1663 86
1431 221
60 277
2398 114
1758 239
2662 143
2397 19
2419 59
620 231
1163 96
2283 173
2289 47
774 205
884 72
2697 32
779 148
635 33
1689 236
2572 6
1378 142
2333 124
411 66
1173 186
488 62
2110 276
1658 269
203 245
290 242
2754 250
162 109
1026 170
593 3
2428 263
1336 129
1691 181
1823 226
2362 69
2335 16
126 167
1654 243
2592 105
2470 213
2438 158
1804 159
370 85
2545 74
671 195
1932 136
2150 235
1101 57
2688 268
1696 217
1379 10
2614 99
1672 28
1194 187
798 150
956 43
1975 100
1729 77
1855 178
1499 182
346 228
907 25
1656 97
798 35
534 172
590 139
1092 215
512 11
1222 98
7 272
1719 224
2647 65
2342 161
2163 194
2022 119
472 152
2417 211
2251 146
2574 157
1086 42
913 56
1416 266
353 214
1994 177
1909 45
1671 61
1443 83
1872 121
914 13
310 116
635 247
2328 90
1132 80
2579 126
1279 232
1594 196
2387 262
1430 14
2708 81
894 258
1 82
1360 104
2457 4
2639 93
1476 255
1871 113
1538 123
2557 248
1476 112
1603 141
1893 252
2100 216
553 7
1686 165
2362 253
794 271
2263 223
2585 191
1534 5
824 91
1373 188
2282 230
419 1
1795 251
398 17
45 50
587 140
684 108
887 189
1766 111
1711 55
1390 249
2149 275
2744 12
1857 26
500 41
1369 151
454 128
1992 78
1262 160
299 190
2024 71
198 2
1038 192
2166 149
645 131
1281 46
876 220
249 34
1054 238
2731 222
2209 107
1392 168
1388 103
180 106
1742 274
1646 197
1621 37
260 31
2775 270
2498 210
796 156
1396 94
1502 207
467 212
578 53
1186 9
1024 206
1406 122
2175 117
588 76
948 54
1765 44
1096 203
2599 40
1957 84
1764 135
2718 246
2085 163
2129 174
2598 237
5 184
2039 24
1402 125
2502 164
1218 8
480 208
369 219
1945 39
472 154
1549 68
1404 193
1614 240
535 204
725 153
2270 244
2279 73
2090 92
1337 201
2453 63
1783 18
2015 176
