295 73
2082 157
1549 9
1483 161
1967 172
1330 179
1858 251
1710 192
1508 109
2145 104
585 93
1769 233
639 127
1355 230
2642 206
1039 15
1761 36
1438 242
289 116
437 273
243 34
361 48
2059 243
1877 59
332 82
1366 72
1067 139
2424 51
1616 96
1952 146
1556 260
1021 203
2848 2
993 162
1509 163
747 150
403 30
1008 183
2657 137
684 66
2552 176
1008 195
898 28
1498 289
460 209
2713 3
364 8
812 148
1810 145
1087 70
1777 177
258 16
1444 214
1099 254
851 60
28 105
1637 71
2428 210
1300 173
1150 226
685 61
1008 118
419 229
1610 257
994 20
509 100
33 125
1933 73
167 193
997 38
1055 102
1471 11
179 130
194 149
2455 171
321 198
2650 7
546 154
2930 204
1655 111
360 49
1892 160
802 80
2105 94
961 122
523 58
942 134
1458 200
1290 202
1306 244
1774 147
33 182
2166 165
2697 138
2933 21
1855 189
1982 232
915 201
1628 77
2350 166
2443 45
430 110
1416 88
808 41
2539 208
2457 22
1391 27
474 136
2084 103
1529 89
1206 250
1477 144
1444 191
2010 142
368 278
72 54
2138 81
360 270
1066 169
923 24
1047 197
1612 99
2805 213
2756 159
1731 188
1298 95
1433 227
2724 253
1650 164
749 156
1859 218
1386 113
925 117
1423 123
2468 76
2894 108
876 199
2819 258
381 170
2065 83
69 132
1091 236
1804 222
16 266
629 220
537 12
366 50
139 290
2767 262
146 68
1764 91
1255 276
420 143
1097 174
2869 14
671 184
657 114
377 223
1875 167
207 32
1369 224
480 4
654 248
1125 288
1075 47
2244 135
943 235
2686 65
246 285
1932 101
1435 168
1469 126
1641 78
804 269
120 225
2059 0
957 140
1130 287
1983 18
208 185
1789 120
544 216
1744 79
543 256
2491 33
2713 1
2441 152
1198 87
2006 40
694 97
2309 268
2669 280
2413 207
833 129
1968 6
76 75
1841 175
975 31
829 281
1752 190
924 272
1223 19
2809 228
529 187
2629 247
1636 86
610 37
1041 10
2180 271
1869 85
397 267
2868 249
2757 52
2122 119
2362 90
1418 131
2884 107
1423 211
2546 57
1788 284
2168 53
2607 255
723 293
131 246
1822 265
1185 261
65 55
2714 153
1669 128
1050 181
2638 43
151 275
1329 277
342 239
2283 151
1837 124
1723 69
1748 56
1931 186
806 286
2110 25
2049 5
2719 219
2281 141
2155 231
754 178
1426 245
754 46
2206 241
2581 44
2799 29
2213 92
2108 291
686 180
2288 115
2823 17
1035 62
118 112
118 221
149 35
372 274
2483 215
285 158
668 23
2486 238
2740 155
2196 283
636 264
155 133
1326 237
1565 39
1547 279
617 263
1637 74
1789 13
437 196
1036 121
52 292
2767 194
682 259
2900 205
1411 294
645 84
1090 64
1063 106
45 63
641 217
2639 26
136 282
1392 98
2940 67
2032 42
2077 240
848 234
664 252
540 212
