175 43
175 91
845 156
210 129
302 92
423 87
558 4
718 135
1632 70
1288 123
1079 25
213 72
1612 154
816 173
1593 160
1526 132
731 2
1358 107
1498 54
1567 90
1506 166
999 80
1701 136
221 86
1035 40
1003 89
14 170
1157 63
636 106
1308 75
344 108
991 61
1684 81
787 73
601 58
465 127
1344 49
1508 82
136 104
622 26
1102 128
144 167
393 105
361 42
852 6
878 76
461 116
41 114
149 16
99 20
1195 67
309 9
1745 143
63 35
737 74
952 147
1066 101
827 168
1214 69
1006 159
1258 93
263 29
1206 145
922 65
965 97
1207 45
58 134
1721 152
836 41
1109 38
415 158
366 172
131 133
566 151
1017 15
129 155
1647 142
701 100
1504 13
1635 77
539 68
1172 1
1519 162
523 59
706 138
29 17
835 52
726 0
1588 37
722 85
401 64
386 117
672 165
1686 131
8 30
1144 95
997 19
893 32
1228 27
1647 51
1199 119
653 55
698 103
1318 174
643 124
1688 48
485 148
149 53
1001 10
693 33
1451 153
1123 18
884 110
212 23
1027 28
817 141
647 43
358 84
635 140
1742 146
1412 39
599 139
947 31
774 99
1439 98
416 60
1619 169
1383 163
1136 34
13 57
33 11
1456 102
1525 171
936 94
1406 46
931 47
1446 56
521 71
972 7
296 144
1534 22
744 21
1042 149
79 78
1426 24
660 118
1202 130
1739 66
1060 36
1216 109
761 8
1361 122
1508 3
1418 157
1495 126
1006 96
500 83
1361 137
1370 150
420 161
598 120
1742 111
1308 50
1168 79
473 164
381 112
455 62
10 125
221 113
1430 88
1407 44
23 5
1391 115
271 12
1486 121
1293 14
