292 73
723 245
307 158
633 15
921 99
2906 176
1932 151
2802 79
2488 124
2469 98
548 260
2310 21
2899 229
277 173
698 185
363 117
1140 285
186 291
208 73
2311 182
2498 95
79 0
172 188
2279 241
2827 7
605 68
382 127
1372 67
1537 287
1698 201
1825 270
449 60
927 149
2437 251
2358 162
1782 179
776 39
765 184
233 155
1162 235
412 212
1599 50
2238 178
2715 5
2829 1
889 213
732 13
2257 62
1329 29
2786 206
1819 156
2810 147
2381 253
1592 200
2755 123
248 81
390 207
841 102
1274 244
2843 105
1095 243
2128 115
844 208
1666 66
2113 180
2064 167
1300 139
1590 161
2531 140
2893 25
2756 17
1397 76
1410 168
816 252
2585 157
2380 191
723 246
830 283
334 276
1019 93
2137 143
1429 30
713 92
776 41
2809 239
313 42
1019 54
957 237
490 57
1549 275
2506 63
2845 77
1214 211
1742 14
2210 175
2760 181
1871 78
1854 3
1659 197
476 146
1852 249
2841 210
2017 242
1921 272
2756 65
1476 269
1984 100
2286 116
953 273
1363 183
2216 193
1409 109
1623 90
857 209
974 248
849 279
2654 165
1092 40
1980 103
1488 11
964 159
462 9
1963 144
1212 128
2233 69
1501 214
1332 56
497 247
1427 22
1216 145
1296 122
356 114
2380 217
894 107
1730 257
2691 74
10 250
463 256
380 170
1241 240
1674 37
1467 223
131 126
2898 187
2338 23
999 136
1215 262
354 43
751 72
1965 12
65 112
939 113
13 59
2489 222
1709 259
418 111
2389 255
2717 225
1354 75
314 36
1440 47
2458 231
2899 83
373 120
930 278
55 84
944 70
844 203
238 137
1897 141
2447 87
2363 236
654 205
2279 49
2329 190
1574 254
2570 28
216 171
215 228
567 268
195 284
2105 163
1111 101
745 216
825 133
1187 125
2518 71
234 8
1197 32
1283 48
2027 64
599 130
900 106
1495 177
890 55
2125 265
1760 4
784 215
2018 154
2842 264
1998 194
2502 26
125 266
1047 35
2503 224
2536 227
2278 199
2637 24
2278 33
122 134
1478 189
372 82
738 94
1473 45
2267 282
1157 38
135 202
2897 198
759 153
1500 271
283 10
1695 2
1412 51
557 274
2254 230
2768 172
224 186
2030 233
300 16
235 219
2816 258
1717 267
64 31
2505 152
2139 96
442 169
879 34
123 88
2801 110
1006 281
2625 44
1360 204
2827 108
1100 18
536 195
2021 280
2726 196
2751 53
1089 135
561 91
2836 119
2158 61
1639 192
2377 221
1686 261
292 290
566 104
1802 218
1479 220
1912 238
1272 86
1457 46
2374 97
772 142
2435 160
2461 289
2804 150
601 20
2103 80
1975 131
2779 263
2756 234
738 6
144 232
893 166
2051 286
1862 129
1286 226
444 89
739 27
2821 132
2 164
2560 288
1499 52
223 138
972 85
1643 148
2248 118
1995 19
2789 58
2854 174
221 277
38 121
