268 67
1694 221
317 107
2443 29
1847 124
1970 174
2215 260
1163 224
1184 249
752 27
792 203
859 34
2107 12
513 257
1745 51
973 178
1969 139
285 179
2197 95
962 250
861 37
1132 127
2375 266
712 15
951 258
1782 90
2294 22
734 44
2647 8
1293 144
2565 93
2022 192
2428 58
221 3
1118 109
2036 82
593 200
1321 39
834 240
2587 233
260 30
1534 234
2171 69
1100 152
224 204
803 136
2315 65
334 185
1499 155
1643 217
2219 52
411 76
539 241
597 156
913 23
181 77
652 106
700 40
1607 88
439 138
1404 159
2168 259
496 120
650 83
1640 14
352 134
620 68
1898 131
2372 161
2471 168
2622 61
2227 263
2500 151
61 48
2628 17
1371 189
1453 84
284 210
1692 199
720 164
185 227
699 130
1566 123
1691 125
21 206
2170 146
392 163
1753 205
2010 20
2273 112
2252 158
1530 108
2494 28
1793 18
578 154
938 197
1438 16
56 141
1869 251
847 66
711 207
1596 115
1008 117
2335 81
1713 222
1955 247
108 228
499 32
929 119
229 114
1004 4
1995 21
1867 177
1651 26
747 104
545 267
2528 129
111 202
809 171
921 193
1853 78
1038 60
813 135
2574 25
422 137
2114 153
548 198
1438 132
2104 7
2186 38
1217 173
2166 225
1704 211
1186 237
1854 11
1697 183
1745 226
1646 6
2369 208
1569 165
871 169
2169 80
1938 261
2046 248
2169 99
2151 167
764 220
2188 231
1784 143
2589 181
1439 182
2161 239
2175 79
2011 121
660 97
516 45
473 262
2121 218
2600 118
2430 41
922 54
181 91
1788 53
2291 188
1917 219
2245 252
2063 9
1697 47
2308 140
1406 35
1968 190
2192 246
1600 242
248 101
1595 13
1167 85
2377 64
1015 265
55 180
1166 10
966 122
886 128
1696 213
201 113
1236 63
2188 96
1238 49
2381 100
1649 145
1163 256
2409 72
2614 59
508 55
1356 19
1244 36
2026 166
2546 31
510 244
437 209
1317 102
802 162
323 89
2660 67
1053 264
1481 148
575 142
2283 187
2673 94
1043 191
1376 172
1947 160
345 98
1691 74
1188 57
2356 157
2073 87
1353 212
913 238
772 71
2600 62
1321 215
927 70
1668 33
91 133
186 75
765 201
312 111
2540 243
282 86
1531 116
340 232
61 110
1591 196
1584 42
992 56
479 126
1484 73
238 186
403 194
741 229
2557 176
2131 255
2583 214
1107 235
255 24
637 223
1961 245
249 147
2280 195
1988 184
875 2
1065 43
2005 230
568 175
1981 254
302 46
1444 216
2117 92
2066 103
459 150
1820 5
1565 1
1702 50
522 105
1370 170
165 236
1992 149
383 253
1054 0
