285 71
250 88
1391 72
1699 97
2253 170
525 256
2606 198
670 148
1624 45
2839 248
621 230
68 126
2408 27
2305 220
691 91
2531 202
663 273
1253 50
918 183
1818 30
185 266
1876 268
2336 111
2196 253
481 116
1382 79
1588 257
2687 184
713 4
509 73
1045 40
1181 135
2198 235
1093 245
1646 35
1384 275
1788 60
107 68
1360 164
968 278
2106 52
1715 0
1998 139
2657 281
2671 101
402 188
1532 55
2073 93
969 119
934 228
2699 180
1915 113
169 201
1829 154
257 284
2478 194
2227 37
2534 28
9 261
2394 213
2844 243
197 169
1897 17
1508 271
1319 206
1100 267
1194 128
901 221
1972 210
2828 174
2510 95
395 162
1252 260
1351 7
2786 166
1286 236
2758 155
279 12
25 121
366 14
2148 160
170 82
1159 100
2512 193
2349 85
216 32
2217 211
1929 171
2305 98
1132 189
280 49
432 238
309 146
818 103
673 33
298 151
513 105
2198 83
2670 246
110 237
940 176
1830 232
2597 226
779 3
1790 241
2699 70
1827 15
1637 66
463 158
2595 118
2623 249
1172 6
2767 109
2574 199
1707 129
1448 42
2051 152
2268 57
1729 74
2581 20
2090 125
554 75
1575 218
630 81
2232 186
505 47
1358 192
2644 187
2012 234
361 168
2216 276
778 277
1177 69
114 190
1995 279
1657 161
2376 26
1118 8
95 58
1913 215
2772 24
1180 214
1707 147
1879 107
397 36
95 43
693 63
945 142
2042 16
1471 10
895 53
2809 136
1375 44
1381 172
1640 117
32 38
2628 175
1288 150
2113 80
191 251
1855 181
1098 104
461 269
1939 165
940 108
2546 23
1660 137
1296 48
732 282
454 196
534 77
2695 65
8 61
1657 280
1704 46
372 122
701 263
2656 185
2562 64
2493 283
2734 272
979 178
282 124
2505 41
1996 157
2837 204
828 240
1251 252
1128 67
1083 258
395 138
316 274
1728 132
940 140
1179 78
2611 182
2205 120
1196 84
2172 233
2303 29
21 96
868 145
82 216
1915 13
1459 225
1154 231
127 112
865 114
1655 89
2728 247
2465 123
2559 223
2289 62
1448 144
1259 242
2743 179
1419 76
1725 255
2297 115
2225 197
1119 167
1288 127
617 244
1065 21
749 222
1204 87
1690 22
1113 270
1183 1
1258 11
904 219
751 39
2070 106
2769 205
2306 212
1197 217
514 203
1693 102
558 31
28 130
413 94
1100 5
504 143
2370 239
1581 153
2564 2
805 209
1337 191
527 90
799 200
2289 133
930 131
419 262
457 56
156 265
240 59
764 254
1257 149
2805 250
2699 134
1055 18
2240 99
2809 9
420 195
2234 207
851 110
2141 92
534 229
1782 177
1792 51
2621 173
358 224
681 156
2733 86
346 19
942 227
1075 71
334 259
2204 163
1347 25
1296 264
1985 34
1406 159
2748 141
2037 208
1052 54
