166 41
1133 79
400 64
526 149
18 127
1590 74
415 87
1332 9
636 123
642 102
1558 43
230 136
366 62
539 108
405 67
1121 30
1083 153
48 111
159 29
1428 31
798 147
763 156
303 91
530 158
1632 16
110 120
1251 103
52 13
304 131
208 89
637 132
490 63
464 44
19 159
1426 137
1149 32
1032 96
1456 118
316 126
958 135
33 38
995 42
614 142
203 80
1019 23
925 143
637 138
893 90
292 47
530 121
573 107
284 53
75 76
700 60
1064 28
1418 61
734 10
307 164
574 88
431 83
43 98
409 25
1052 104
989 69
1484 82
391 6
717 35
871 56
454 165
226 34
760 51
347 78
141 19
1537 145
81 110
475 68
612 116
836 139
1237 155
544 154
1030 50
6 105
221 128
930 93
1421 21
1455 130
921 24
1313 57
1190 141
1364 144
280 75
1294 40
1066 161
1084 41
893 81
446 112
1201 14
1359 95
643 84
56 0
754 148
677 70
530 122
536 92
240 52
886 1
1108 2
842 39
206 151
277 99
28 160
229 115
572 150
91 72
1231 18
1398 119
151 22
1068 129
295 163
643 27
446 71
806 54
408 48
1136 26
746 11
226 100
566 17
656 65
1397 77
1354 94
1520 152
841 45
104 134
577 55
1266 125
1491 20
603 33
1136 46
1144 49
233 117
1462 5
1419 12
1302 58
37 113
706 36
224 124
999 97
910 4
1288 86
573 85
699 157
758 146
446 3
1046 109
236 114
1442 106
945 140
467 162
162 7
909 59
47 133
781 73
961 8
692 15
415 101
86 37
1548 66
