91 22
520 2
474 16
245 13
212 1
499 52
755 18
165 41
605 43
54 51
86 88
463 14
689 60
4 90
558 59
79 3
798 17
637 72
739 87
301 30
466 27
757 76
354 63
741 28
851 15
636 61
874 66
717 82
143 33
561 4
625 54
830 55
818 42
614 56
415 25
701 86
390 71
682 79
219 23
349 10
765 75
876 83
907 8
472 21
108 70
722 36
478 78
10 39
144 49
241 6
702 85
418 50
268 46
526 32
840 29
573 84
329 11
631 37
243 45
273 20
802 73
392 34
642 62
101 67
446 80
467 74
88 24
734 5
539 40
839 47
53 64
58 77
117 81
889 0
617 65
274 58
494 31
132 48
489 22
448 44
476 38
831 35
442 26
900 12
583 69
430 19
449 89
720 57
276 68
489 7
690 9
174 53
