328 82
899 199
1552 160
1488 128
234 234
348 19
2549 212
2493 314
2944 87
1300 174
1493 200
474 263
1141 158
795 58
823 183
1733 179
3144 309
302 20
2061 51
876 44
12 226
2325 114
1435 42
1537 148
2035 68
2929 102
720 236
2321 178
1670 299
1702 141
1431 171
1385 293
2251 232
1168 209
2092 64
343 285
3151 203
291 154
2476 121
2181 2
583 294
2373 239
1047 55
1902 225
1638 164
247 196
183 112
990 288
662 149
706 303
1153 109
1834 242
584 98
353 14
2112 73
618 71
312 266
2406 81
651 5
322 214
3254 282
1757 120
3277 297
2586 28
1435 133
497 323
1952 321
253 254
589 40
278 119
1323 180
2451 300
430 197
1423 251
142 146
1837 94
2262 76
2636 75
1578 37
2619 207
411 246
345 45
2784 49
357 192
1641 198
717 152
3235 21
164 279
790 253
163 187
956 316
2075 273
1512 305
1500 153
2548 22
145 16
1348 318
3222 99
91 69
1708 59
237 18
1525 260
2548 122
593 310
2494 304
1900 186
1965 84
254 268
611 63
493 39
2021 93
1000 224
1473 72
2988 277
1920 3
210 115
1513 107
1774 95
2761 275
1321 221
564 259
2906 313
2930 169
1708 307
1092 27
818 215
861 244
2834 100
930 34
440 193
1342 26
521 223
718 12
3033 43
147 136
1696 126
959 312
2480 118
2833 190
306 67
2871 86
1338 143
2300 53
120 322
1385 272
1684 97
1040 283
3185 147
1209 231
1174 129
874 144
2653 106
1511 46
2107 216
445 195
2233 255
2060 218
571 17
1971 264
3270 47
333 25
1998 56
826 269
197 265
2740 287
2236 308
431 163
142 227
131 165
734 278
3057 8
3067 228
3143 286
2667 139
2715 271
395 238
2067 88
2484 32
1179 79
1423 188
1384 237
440 130
507 241
385 150
776 142
2217 230
1576 23
2874 202
3218 11
548 235
3045 7
449 52
775 194
2784 124
556 220
2430 205
1168 219
702 325
1986 89
2196 4
296 167
2445 201
2609 189
859 175
2967 208
2362 65
2845 135
870 222
2338 170
993 262
173 156
1244 108
2632 85
1862 80
1618 320
1523 250
2097 161
3024 103
2753 151
833 182
2414 36
903 173
3237 15
2955 306
85 290
2644 113
1970 61
1305 302
2101 82
3018 1
1703 54
3121 248
1752 96
1046 140
2730 213
1133 138
331 83
958 127
137 184
194 245
1287 176
1756 74
1938 6
1737 10
672 111
2974 240
793 125
2442 270
340 90
2378 256
1940 247
1341 243
1285 123
1805 301
2109 292
1519 110
478 145
1765 319
2678 38
969 78
954 185
2128 66
3243 157
225 191
1779 50
2467 77
24 177
1614 233
3037 315
1454 9
1615 31
2732 35
907 267
2584 30
2983 48
2389 60
1170 116
1037 276
3183 137
1640 166
415 274
3053 261
963 117
1127 295
2858 33
2780 13
1627 249
1613 258
3023 62
2604 159
2797 29
258 296
2235 131
2491 280
3109 91
618 155
1345 252
2843 132
1178 317
1597 101
1355 134
653 284
1540 204
1557 257
103 211
550 326
399 70
1241 24
1383 206
927 210
917 0
2622 105
2221 217
1551 57
1052 181
584 281
787 311
681 104
1717 229
143 168
2681 92
1405 327
2592 172
2975 291
2844 162
2755 289
1496 324
2366 41
2702 298
