274 68
2291 226
528 137
1091 121
24 248
2038 37
1567 181
1311 61
1804 241
1394 271
799 229
221 7
1623 122
941 32
2470 215
1827 151
508 59
939 90
2555 253
115 104
2464 150
778 148
893 118
755 190
683 230
560 225
2652 158
430 247
603 127
2628 141
1542 195
2694 191
1224 84
1503 33
163 106
2656 125
184 19
1049 88
1146 133
2184 262
1115 160
1417 129
2416 172
218 258
23 49
281 243
2691 162
837 177
2478 58
423 252
188 203
1815 70
1058 167
622 94
739 207
1933 238
2545 80
2657 251
2559 204
2157 159
137 95
1535 60
1551 171
1751 17
2109 31
1238 250
124 123
940 68
483 117
1991 29
1991 47
2724 154
1285 222
1341 170
2366 205
1638 81
1335 233
630 255
2482 188
703 237
1418 74
2586 75
2603 179
774 156
360 132
541 25
334 198
2271 69
1531 270
111 184
85 208
2008 91
260 161
2444 8
299 76
1988 0
2311 260
424 73
609 66
611 103
1884 102
1449 26
2474 56
861 4
597 131
1239 55
1664 183
759 245
59 200
96 45
2391 169
1529 126
2671 5
1899 111
554 87
1923 16
2229 99
2125 36
2522 27
2116 157
1615 168
631 77
2217 220
2484 48
1004 192
637 14
681 142
296 166
1525 97
24 197
182 114
430 224
2153 100
1779 105
880 115
2472 30
239 246
36 143
406 10
234 101
653 145
1152 11
1495 54
1842 51
2250 1
1621 202
2066 144
749 217
1743 128
1918 64
255 35
1792 34
1623 254
1674 263
958 180
813 110
58 213
1328 124
1701 228
1258 41
357 18
2720 82
1407 140
2292 92
2080 71
318 72
1741 216
2201 78
2052 266
1863 135
2059 24
383 219
991 93
1613 231
1617 249
2247 119
1171 175
2375 235
2024 2
2268 130
593 43
578 15
2293 178
1009 221
1989 268
2428 218
668 272
827 257
2138 209
2328 46
1401 182
2110 196
956 116
2633 149
515 12
443 57
519 138
1888 163
1154 112
1114 107
1159 173
2095 50
945 147
584 52
137 214
1176 186
491 240
1758 273
991 120
886 89
1354 38
1523 193
2540 96
2557 22
2139 244
1994 53
1610 23
1909 155
109 227
1186 67
1767 6
790 164
2244 39
136 85
2001 261
2691 139
2295 269
332 239
409 236
1096 83
916 113
2385 152
1510 210
1833 108
2011 165
964 211
703 206
2191 199
965 42
393 256
1017 79
1045 98
1352 20
721 3
1843 86
506 174
1379 13
802 63
2309 212
2615 194
1853 259
2467 189
1644 187
1123 40
1468 234
1575 264
1171 9
1499 65
684 267
75 134
1361 265
1155 242
1256 44
656 62
2012 28
569 176
338 146
800 185
1724 109
2254 223
1749 153
1927 201
2033 21
1960 136
2572 232
