338 84
841 169
1513 175
2992 150
412 93
2212 270
3110 57
3193 300
2510 318
2942 164
2437 140
2670 305
2000 152
2729 166
45 114
77 123
265 103
1036 80
1384 177
1941 148
1254 262
2755 222
469 108
376 302
2241 247
422 235
2396 280
1228 129
3117 14
2335 7
3380 220
2884 306
193 52
1948 219
101 329
2973 258
152 287
1479 147
14 30
168 11
3316 41
479 265
2622 185
1534 221
2517 144
287 4
3165 207
1302 311
1412 297
3258 33
1801 263
672 138
1641 132
2363 0
223 199
268 326
2942 189
2504 216
798 289
1110 266
1873 84
2670 83
3122 291
1140 224
1293 288
2003 158
3289 292
332 6
1372 1
2582 202
1627 160
1775 250
3168 277
2815 42
2731 324
2308 283
3344 314
919 232
2476 243
1074 21
1113 113
2220 186
3317 212
2998 134
1077 75
447 127
3121 112
1237 241
329 237
2324 81
1657 197
2636 281
912 34
957 337
1871 122
1707 137
2624 253
65 267
621 217
957 195
1148 321
2750 200
1361 299
569 5
220 38
1236 74
3032 193
115 196
2286 227
3142 136
585 183
2532 261
1203 64
3168 213
1074 126
352 315
2737 67
2518 133
1916 239
2765 36
2413 188
2432 95
3050 256
1050 286
894 301
1396 293
871 173
2845 130
3062 191
913 46
1809 20
3313 107
3062 69
2580 254
702 211
3039 99
92 304
235 203
1413 31
734 209
390 72
1002 70
1354 3
1812 88
163 163
1041 245
1572 61
2920 28
868 174
1753 246
1001 153
820 276
1186 303
174 205
1982 97
2705 271
798 313
2930 37
530 131
686 225
3258 180
1272 13
115 165
3111 141
2749 101
1867 331
2949 8
1817 63
422 59
2399 2
988 60
811 316
335 125
22 12
3351 181
1743 44
2276 110
3338 124
2663 16
1173 102
3033 65
452 204
1228 32
3371 244
358 317
1294 19
1715 25
724 210
278 269
476 307
976 328
541 228
1372 223
2902 236
844 234
2048 171
1466 176
45 119
1006 90
489 298
258 71
1721 159
1965 231
2047 275
173 282
445 143
1210 172
364 268
993 149
2039 40
2831 105
3060 233
2287 272
1201 78
2026 117
2822 206
2917 115
349 162
1593 325
1865 284
2272 161
1362 230
231 214
1614 208
571 87
1397 198
548 82
2607 145
2845 285
2010 259
178 295
2579 47
76 194
2177 154
1506 279
3321 17
145 35
2207 192
579 111
907 43
2723 312
1787 53
2040 9
3328 290
1112 146
193 86
1226 26
2748 296
1708 226
56 151
2737 100
2105 109
39 238
2392 76
295 39
2412 24
2500 320
765 79
97 128
3181 29
3238 48
1025 332
1734 264
3222 308
2317 229
917 121
2382 179
119 178
1993 27
738 91
483 310
2894 182
2227 104
825 322
968 18
399 118
50 273
469 157
1255 45
1703 73
2216 54
3010 98
1414 142
411 294
3015 106
750 333
1494 23
1990 170
925 89
21 22
1981 201
599 55
1062 190
3098 50
1326 255
2004 68
90 242
2054 49
3371 58
2723 51
499 248
320 330
3044 135
2772 274
1321 96
445 120
1746 335
1069 240
2282 156
2791 215
3285 85
2969 319
828 62
2983 168
462 334
2734 15
2243 309
219 323
2805 260
3350 218
54 187
1830 92
724 10
3226 336
3052 77
2162 257
2351 252
1903 167
123 116
1174 155
254 66
2757 327
608 94
2395 184
1425 278
2811 251
2089 56
1671 139
1649 249
