256 64
1177 100
1436 47
2242 66
2436 42
377 104
1544 227
848 97
220 242
2178 11
1861 3
2331 118
405 221
2124 186
964 134
1207 243
1306 197
2071 59
2091 150
1115 191
58 99
29 33
766 91
1192 153
1033 136
1497 225
1512 230
1085 222
1110 6
2045 10
584 203
1227 55
1752 199
2227 44
1627 169
732 176
2034 152
1757 87
839 40
1265 86
1990 120
2104 121
2004 43
1166 18
2187 238
616 112
1665 132
156 16
632 156
2400 160
26 123
1749 103
230 188
1967 45
1304 41
1550 217
1509 138
2373 165
491 235
1332 17
1053 177
1097 141
648 234
1371 93
708 129
701 2
2170 218
1779 65
669 102
2316 247
107 46
2196 144
1667 211
464 142
747 122
660 233
1105 57
1079 77
1593 185
669 52
2153 79
88 172
1181 175
1000 115
1299 92
170 187
409 22
2008 84
1032 78
2176 180
484 254
1217 109
777 223
2077 105
1942 62
1913 133
240 231
1215 245
2540 131
458 220
1152 229
711 162
1978 88
1534 51
323 96
1326 205
1720 196
1311 204
1379 167
969 67
1096 81
1842 119
1072 127
348 140
922 116
480 101
2535 124
2315 53
570 249
2104 155
641 28
1979 56
877 244
273 159
1658 135
2557 149
2420 26
215 38
2010 106
1548 7
1994 36
728 14
1363 108
1186 251
1534 216
1310 139
818 154
2146 212
1112 166
2294 194
305 69
2036 202
1836 61
1910 151
611 71
634 13
2222 4
880 173
2251 174
253 37
1967 19
1714 164
1870 252
923 224
1231 68
1478 113
1797 64
1210 158
2434 23
1997 80
845 157
2186 147
2477 5
1806 232
305 145
429 207
756 63
937 31
1413 215
23 15
845 190
2452 35
473 209
2030 27
595 170
804 117
2000 161
2509 58
1687 110
2355 128
402 32
819 206
2481 171
63 125
2164 178
2036 111
278 236
2463 248
2406 189
771 21
1435 255
784 148
697 60
433 192
391 137
2350 49
1187 48
2242 213
2219 201
1419 83
2517 12
1050 9
2054 24
1995 8
2384 168
1426 253
1463 90
788 39
126 181
942 193
2453 130
1594 75
65 76
17 200
1240 107
1430 239
870 214
903 163
877 1
1191 50
954 246
417 184
1368 98
1247 54
2082 73
584 210
420 219
547 95
1722 179
1774 74
1335 195
525 29
258 85
1292 228
1165 34
827 250
646 240
2249 237
91 146
249 72
2381 114
505 198
1878 25
2407 89
604 94
1628 82
1218 70
792 208
2165 183
1509 143
77 241
99 182
214 126
640 30
1100 0
1454 20
314 226
