158 39
1086 11
793 19
1003 113
111 100
626 77
187 144
1073 49
1544 4
683 80
979 68
1013 6
1402 46
634 24
977 34
1493 91
1567 112
173 124
476 47
1328 138
937 128
1086 63
1253 131
1517 123
924 121
1456 48
1568 29
1106 148
152 151
8 87
1467 127
391 74
1562 26
39 94
568 108
1350 55
572 42
1219 129
696 153
514 152
1073 31
696 37
589 84
226 27
808 106
1159 88
308 0
1043 111
816 90
991 65
1071 92
330 69
715 130
1121 85
1199 41
347 53
58 93
1316 117
535 72
1151 97
740 81
1082 125
1234 154
50 59
485 119
341 114
1357 78
1087 18
1266 142
1422 137
355 12
278 141
429 20
1480 17
600 9
309 32
989 14
313 38
280 2
536 150
906 109
18 83
282 105
11 36
870 5
707 140
1329 71
1538 110
327 40
336 13
1335 146
687 66
1538 30
281 35
1205 107
1141 57
472 157
1560 156
1081 122
1195 136
625 149
489 95
1563 61
1451 51
901 8
613 116
39 64
50 155
1303 101
639 82
679 103
1373 99
1175 22
1437 76
1226 96
1558 21
1213 58
676 33
962 70
171 132
1181 16
1066 89
1438 67
1206 15
914 60
231 102
320 135
1181 39
752 118
974 126
1500 54
1570 3
740 98
257 145
835 139
1420 10
1409 45
1255 143
575 134
102 25
1373 133
1433 120
884 7
319 23
589 28
1457 56
383 43
133 147
921 86
724 75
501 44
168 79
1274 62
1075 52
1235 73
1321 1
1557 50
1338 104
1490 115
