100 25
794 59
748 71
424 53
909 78
685 21
323 91
165 70
835 5
53 36
8 89
510 65
881 58
528 22
892 25
274 80
54 49
496 54
694 55
383 81
245 28
597 68
5 76
163 96
49 12
844 31
960 93
742 3
191 90
421 51
655 79
149 73
718 46
916 17
344 94
1 19
490 74
132 85
851 15
42 86
728 88
670 26
734 4
743 47
507 1
309 43
962 14
69 39
360 30
312 41
813 35
543 50
881 44
572 56
499 8
289 45
268 24
482 84
60 40
564 62
37 33
289 0
655 2
142 52
793 48
561 29
642 23
341 60
409 18
671 10
805 20
827 7
971 42
446 64
875 38
555 34
434 72
264 97
55 37
604 32
279 16
791 6
148 13
625 92
685 87
242 82
46 61
194 27
966 95
953 66
104 11
163 69
582 63
804 77
512 57
795 83
764 9
505 99
815 98
114 67
199 75
