182 45
579 166
935 7
1242 75
563 17
1206 0
28 31
666 141
1622 171
733 131
360 18
1178 51
421 47
1037 134
196 95
1564 52
303 6
1005 163
1069 63
789 129
1441 10
278 115
568 21
1032 149
1712 73
1742 55
752 120
1664 53
206 58
682 170
808 32
378 132
983 50
545 153
1760 173
628 181
112 157
1694 178
1196 162
79 88
1425 74
137 165
1797 72
464 167
794 169
1639 152
686 161
1555 71
57 107
1571 12
600 116
1130 104
842 118
631 93
1700 110
1131 22
271 101
251 43
865 64
1667 1
812 42
340 123
516 82
1222 80
124 13
356 61
1754 66
1226 37
250 44
1713 28
1509 151
453 159
814 126
1147 35
1478 84
1758 36
1782 177
801 34
105 76
1196 39
1625 24
1386 127
1763 67
478 20
951 122
15 9
1479 27
1124 175
588 78
34 172
307 174
1363 97
114 145
515 60
1249 125
733 23
471 108
289 124
1218 137
834 8
1079 96
1240 117
212 103
1603 30
1807 112
520 69
649 15
288 45
1223 41
1285 143
151 128
1528 26
1816 98
1138 100
342 68
1589 99
117 176
957 160
925 144
425 33
1091 94
1560 56
105 29
447 19
903 62
220 57
779 77
233 111
188 90
1564 86
1765 48
1044 38
496 114
176 2
1326 130
320 46
1730 4
144 146
1661 179
248 83
662 40
987 164
1135 180
840 102
855 85
1455 49
1649 91
748 89
220 156
22 92
623 135
687 168
656 14
314 147
1118 54
1267 59
35 139
1308 121
1537 142
84 109
849 154
781 11
22 138
1137 158
1741 155
536 87
1727 136
450 3
192 133
1452 5
1094 79
119 106
629 81
1571 70
503 25
1056 140
1376 150
1298 16
808 65
719 148
99 119
1158 105
1069 113
