210 52
181 98
1286 144
2098 181
112 52
1337 126
940 141
1600 119
1241 76
202 121
1589 164
1819 103
1197 132
1052 110
400 69
137 84
523 180
638 74
629 138
225 42
1775 66
1974 109
1406 129
595 4
1747 97
2027 105
1015 79
464 10
1644 20
937 23
592 127
412 9
2080 13
2075 85
1489 91
868 86
1533 56
1572 163
409 47
1181 191
1897 7
997 1
824 174
903 137
1979 16
1140 81
1979 124
1491 39
941 122
52 134
490 135
711 54
1838 209
963 115
1551 93
1828 27
1929 195
1600 73
1406 171
1763 104
1350 3
704 190
670 57
1423 58
76 162
311 150
6 177
455 92
845 160
82 95
258 208
149 128
2055 179
453 48
1689 45
1167 153
2011 72
528 107
515 101
722 11
555 204
398 36
1102 130
866 50
678 175
791 197
991 28
2050 143
719 189
559 65
1754 31
1451 0
1812 89
718 133
346 77
2075 140
983 2
2005 111
1692 201
538 178
189 199
930 90
1246 51
1183 83
264 29
1340 176
320 205
391 125
2074 114
1399 159
1388 188
875 183
1236 161
309 68
1869 200
1547 203
183 186
1429 26
1663 41
1433 123
2067 99
1287 192
348 22
1978 131
987 108
1421 19
2016 12
1500 75
1998 167
1223 207
1696 168
327 33
616 102
1126 17
1308 118
1718 166
928 155
1946 46
1044 34
1891 117
1709 49
1978 87
840 145
1926 40
480 61
1457 38
1903 43
2028 71
24 82
2026 116
1638 80
255 96
825 88
1496 67
1885 184
1023 149
531 106
1636 5
1414 60
1401 136
304 32
2067 196
1142 64
289 112
1557 194
169 63
1249 172
914 78
1540 14
1823 142
581 6
587 158
1353 151
1101 62
1440 165
510 55
1246 25
685 206
118 147
434 8
1461 182
358 18
1524 152
1410 169
1374 146
1423 120
295 30
1238 15
1279 157
1641 202
112 44
155 21
1697 148
697 193
339 198
1232 24
63 35
1947 173
1271 154
471 139
807 59
251 113
1764 156
587 100
157 37
1452 53
221 70
305 187
1144 94
1239 170
1359 185
