288 72
434 114
1373 137
1202 242
278 249
81 254
742 22
129 276
499 230
1977 113
1040 194
2850 44
975 169
2343 1
2487 48
2275 208
2842 205
2256 40
129 164
274 144
2403 157
639 209
1592 99
2204 245
1108 117
1320 256
2057 225
2734 221
2771 70
2344 73
1827 149
767 134
1581 184
1963 188
2656 252
1541 130
337 77
2239 251
1204 3
2788 82
1561 111
2481 174
1210 32
1064 277
2613 138
1553 187
2359 92
1733 9
735 101
1724 283
2067 190
1860 193
2131 58
2592 271
2359 49
2408 179
2005 281
2745 54
1505 199
2517 146
1131 20
322 66
2676 47
2745 136
2698 21
2273 112
811 131
217 26
2429 270
427 156
1581 210
1148 192
1585 163
38 160
91 10
2473 167
2208 182
2362 42
2136 45
558 23
997 178
1710 172
16 125
1265 123
2596 260
1721 261
1071 265
1006 282
1267 211
1545 231
2214 87
309 183
1007 259
2016 29
55 214
246 59
621 37
2496 67
794 266
2114 273
2246 132
1760 154
137 181
2389 74
2497 268
974 64
513 267
1514 189
2026 197
2130 96
1235 226
2024 100
409 12
1914 2
233 235
530 95
351 243
2517 116
365 83
1145 81
1308 30
2397 68
2812 19
173 224
1317 13
2048 118
403 247
739 142
2307 5
1001 275
1264 198
329 166
601 79
2780 105
1663 31
1108 279
566 93
1333 103
980 212
1688 97
663 34
1538 127
2417 76
1010 41
2045 106
1960 85
147 14
1351 206
1219 278
1046 173
1118 228
2595 227
1591 78
2190 17
700 195
1827 151
622 4
1611 147
115 102
2682 53
1550 204
1091 27
883 201
251 0
1022 258
416 128
2686 236
2853 238
639 56
1394 250
2033 216
840 69
1775 33
745 119
605 65
2188 50
1590 140
1823 8
1943 176
1717 98
2215 229
1784 153
1692 274
2140 84
1394 244
688 233
831 126
27 203
2146 60
126 55
875 287
2598 264
1557 177
294 170
442 257
2716 18
105 185
1839 222
1785 148
2866 139
2433 223
1237 72
2321 246
1895 159
2219 161
34 165
2152 171
2739 284
776 202
677 109
2391 162
72 39
2754 24
523 25
275 239
1473 120
1224 129
1775 115
2807 86
278 141
112 35
832 234
1427 62
2153 196
1491 152
2114 133
2754 220
1318 15
2652 272
3 217
2691 145
355 240
1912 88
2105 186
1328 150
1368 255
2037 168
1719 121
231 110
2152 46
494 175
486 7
2455 80
45 75
1545 57
2116 91
457 122
582 104
107 11
876 200
962 124
2707 191
1304 94
1468 215
2671 143
1447 108
2542 207
667 253
2063 36
370 262
903 286
1013 107
1446 218
2299 71
1949 16
1173 38
2421 241
203 43
2167 280
811 158
1360 135
710 232
2475 219
1660 269
1958 28
1532 90
2285 285
740 63
2539 51
1812 52
243 213
2640 263
2029 6
706 61
1084 248
2832 155
1750 237
1004 180
1727 89
