127 31
977 52
754 63
333 72
1251 120
75 26
868 60
852 81
1130 61
917 109
238 88
965 3
952 25
839 69
983 15
1138 70
420 101
1109 118
287 84
320 29
239 112
1104 105
596 89
443 18
415 102
505 113
828 47
772 6
1257 41
549 124
202 14
632 122
1029 27
327 42
55 38
1106 58
282 119
1245 31
573 106
716 39
803 21
1064 4
316 36
82 59
308 87
95 96
75 91
215 104
504 1
332 78
761 110
254 12
490 94
42 35
895 32
773 121
1016 100
360 67
1110 45
1202 95
321 71
628 82
876 117
922 107
176 23
96 73
445 48
700 83
386 22
743 17
544 9
1016 10
726 115
206 5
1221 16
689 66
1196 20
757 40
1237 64
843 65
1230 7
724 99
419 98
359 116
563 92
530 53
950 126
569 2
642 28
273 85
348 24
1033 37
489 90
1032 51
582 19
366 75
585 0
1120 103
989 34
222 68
668 33
502 62
858 76
187 30
46 77
895 125
777 79
492 80
499 55
83 54
723 49
663 57
1027 56
1005 108
691 44
1259 86
279 97
775 13
245 8
1142 50
98 46
232 93
866 74
85 123
507 43
18 11
1094 111
566 114
