78 19
717 46
233 28
246 37
404 42
130 13
416 56
752 4
518 0
663 75
720 71
498 34
24 45
605 57
671 10
310 70
709 30
94 53
651 29
53 69
747 11
734 26
43 73
425 7
171 14
352 44
759 62
16 3
728 25
444 18
386 55
471 39
699 60
101 24
672 48
35 59
427 50
371 63
94 76
659 43
588 2
33 61
723 47
6 15
766 67
312 64
432 68
234 65
724 6
632 16
745 58
42 23
426 36
60 74
128 32
345 9
304 27
246 51
702 54
578 21
503 19
64 38
652 8
130 41
327 22
613 72
316 5
206 49
50 1
712 77
618 31
724 33
670 40
271 17
72 12
18 52
468 66
436 35
439 20
