167 41
850 128
746 71
90 84
1587 101
1065 15
911 33
585 163
181 12
974 99
25 69
1458 148
702 51
830 165
292 41
605 118
963 142
1303 74
168 80
1621 50
1482 158
298 117
475 157
716 151
1622 40
1228 65
742 156
1154 0
621 63
1514 161
1378 31
1381 140
1608 10
371 53
1295 64
670 149
572 45
1168 166
1592 154
847 127
1231 120
1567 86
1159 110
793 32
928 96
1556 103
418 72
1643 23
205 59
731 153
1624 100
74 36
1155 38
778 7
1412 146
299 75
1410 106
1351 43
37 139
1046 82
1498 52
566 145
213 109
1090 35
591 107
682 79
1149 97
387 98
564 70
542 16
934 136
1436 134
471 48
28 78
81 83
1608 85
1535 119
768 61
442 3
545 112
239 126
1431 91
847 24
821 164
348 104
1214 125
189 147
1148 95
1452 113
727 92
68 105
237 87
1258 111
1613 28
168 93
1116 42
1261 88
1064 14
159 62
679 21
649 39
620 152
1130 46
94 135
1489 57
1318 2
934 9
697 5
789 122
1310 141
296 133
371 54
1084 1
1498 77
497 8
1116 114
1339 67
431 144
1197 44
1417 58
365 25
1160 37
224 162
387 47
550 49
1344 11
1541 143
1595 132
1328 76
1040 90
1210 102
586 130
1109 121
510 26
781 116
694 129
514 73
1131 115
1184 123
578 34
1012 160
599 56
132 66
308 22
399 27
849 108
169 124
566 20
102 55
428 19
546 81
1517 159
1575 94
448 68
40 30
253 155
1381 29
637 60
460 17
688 6
917 131
1481 4
129 89
1185 138
156 137
387 13
186 150
43 18
