187 46
658 30
960 147
813 3
333 156
962 134
215 0
90 13
1591 157
33 111
377 70
1192 116
1869 12
269 76
571 53
1762 29
81 67
401 27
1307 35
429 93
966 94
1602 37
1672 124
893 112
1417 153
1524 72
1372 105
37 179
137 62
1417 125
682 63
710 91
125 4
1388 149
927 84
1233 131
958 28
810 170
926 9
1237 128
1003 32
93 86
1558 137
1090 47
1065 154
1855 162
1852 39
729 130
79 90
1002 184
1579 19
1148 95
279 132
424 143
1277 56
1252 97
1486 36
1731 172
1221 150
1528 178
335 121
760 145
422 129
53 20
1081 101
385 80
1349 180
1073 144
354 51
904 24
1127 73
44 138
1641 33
217 158
1098 168
135 10
1005 45
720 127
839 40
1598 148
506 163
429 166
1283 173
1082 15
743 55
38 183
1440 85
1805 2
552 186
293 89
669 103
1689 110
1383 171
1311 100
727 176
962 117
1855 113
1607 167
427 135
1005 11
1526 142
540 65
1472 18
266 118
1507 14
1665 23
1281 141
235 151
1657 185
1579 182
1695 68
708 81
550 52
1378 99
891 57
1774 160
161 175
269 109
401 46
1732 49
199 122
248 71
540 123
1472 152
309 159
626 177
542 16
908 7
161 42
614 174
183 61
304 92
593 54
1616 48
826 146
1097 78
1284 44
106 155
1091 79
1250 41
60 164
1853 38
453 5
374 17
470 104
1499 83
449 1
210 140
86 74
1516 165
235 75
1177 59
1582 96
1009 87
467 43
312 114
1193 136
1340 106
91 25
889 108
727 139
379 126
656 26
1314 102
1415 161
758 8
1810 120
1530 107
388 133
738 181
622 98
1817 6
619 22
198 69
1768 21
1241 88
1065 115
1402 119
1610 82
509 66
1518 34
379 169
1432 58
1411 64
1530 60
1337 31
342 77
1013 50
