273 68
2705 159
1025 4
957 206
2281 179
1990 17
1484 260
1023 153
686 37
534 154
901 192
2215 181
1514 208
2416 123
433 68
2183 48
2555 32
2119 107
2288 171
2520 268
618 155
1477 55
1647 233
1521 78
185 35
236 76
2480 151
2392 95
1280 41
2080 45
681 226
818 254
2238 232
2198 209
883 39
1549 113
1840 257
1621 122
265 184
1256 116
1117 136
986 150
1557 210
2645 244
2480 146
2517 110
258 166
1653 144
976 196
392 272
849 67
566 103
1603 31
1321 128
859 215
993 96
1011 134
2511 6
2206 204
1205 26
240 63
2431 100
1376 229
1800 0
88 193
2546 222
2013 49
2557 147
1256 163
150 28
1435 14
754 255
1175 170
2063 172
2013 195
442 248
2440 188
1547 160
1801 218
2141 216
2728 145
1605 212
364 34
366 223
190 102
1404 211
2102 20
2640 178
732 101
969 161
106 22
2156 237
1540 266
2617 127
956 118
2154 246
2489 64
796 71
251 249
1553 148
426 262
2017 227
1338 180
1469 174
1603 81
1956 190
1090 169
1040 94
457 9
2055 271
1020 88
168 56
385 42
1288 36
2037 201
597 133
2538 191
2518 24
1761 59
600 168
1427 132
1050 167
2568 58
871 74
2598 61
635 73
622 242
1912 199
735 62
1570 121
2188 124
2617 1
2018 219
1125 203
2401 3
1884 60
856 86
641 57
715 214
2165 239
1179 8
749 198
249 250
206 187
199 236
1453 54
940 111
577 202
2342 52
2403 112
2520 106
2259 27
2538 115
255 44
2660 19
256 194
898 104
105 90
2372 149
2564 189
138 11
702 224
1795 256
1580 82
2423 241
369 270
1233 87
2454 173
1413 51
1393 130
2014 120
2603 16
2222 66
1305 141
2430 230
1691 251
2727 228
1203 65
2576 23
751 69
1339 7
1988 183
2046 40
797 109
2471 269
1791 99
2591 240
2590 93
1253 129
874 72
1940 177
2550 84
2358 205
120 85
1533 75
2378 156
1270 152
727 70
650 182
1722 126
1502 238
563 38
2014 125
485 43
535 10
1950 53
978 265
2617 13
2548 80
1263 77
2681 231
840 142
1831 247
1666 98
867 259
904 105
681 30
614 252
1778 139
660 117
2027 15
132 46
1790 162
2165 217
720 83
1378 12
1634 245
1919 79
1298 225
55 200
741 89
2154 258
2304 175
275 135
2140 18
2386 131
564 143
885 108
215 29
1925 176
419 119
1125 197
1990 234
1644 2
2484 243
1156 50
2352 21
1342 5
2614 138
2055 164
1551 261
822 221
2022 114
571 263
168 267
813 158
2680 91
973 47
965 137
1948 186
276 25
251 207
2259 253
2214 157
491 235
1236 92
1841 220
2530 264
183 185
2253 97
2681 165
2511 33
1303 140
2378 213
