133 33
1055 106
1301 2
1079 103
523 18
17 112
966 10
328 39
1230 78
744 67
852 12
897 75
809 108
352 35
109 111
1257 73
859 53
518 36
268 82
1284 127
158 80
1326 131
1307 93
421 59
993 60
214 71
102 64
446 113
1044 105
895 22
973 116
1216 16
1049 47
779 50
49 62
944 101
1206 124
228 37
1160 21
404 42
418 30
509 91
283 107
745 132
740 56
536 90
526 52
342 122
63 8
1139 119
1097 61
309 38
115 14
323 34
1295 121
1042 58
770 104
107 5
688 3
160 97
403 49
676 76
450 118
655 40
1133 68
887 26
890 51
19 32
1050 89
1056 66
314 33
1105 63
599 9
155 110
835 125
1317 100
213 7
761 70
69 83
1167 85
624 130
619 48
319 54
512 4
241 94
827 77
617 25
543 92
861 72
1258 45
95 43
469 17
1204 99
643 65
536 46
424 20
878 129
254 0
367 87
503 11
814 24
212 88
225 69
287 81
648 117
5 1
610 109
682 114
1097 120
1106 95
606 13
894 102
1070 19
942 126
61 115
557 79
519 55
855 128
785 96
46 31
19 6
82 28
977 74
560 84
36 86
297 41
1136 98
854 44
1032 15
272 29
1066 23
68 123
578 27
1162 57
