194 48
1895 4
1000 167
1936 17
516 103
435 80
203 150
353 13
261 147
5 122
1421 46
895 181
1173 114
576 77
1322 53
1152 159
226 152
1117 111
1716 37
449 70
1678 27
598 68
1470 75
835 31
866 63
855 107
942 94
1773 54
72 110
126 20
1413 177
426 143
201 184
533 191
1333 163
479 21
1929 84
1515 161
1154 173
1170 12
1010 2
1010 138
667 174
507 137
646 25
890 41
634 44
714 45
998 180
1464 87
923 57
827 156
651 189
1504 166
1395 72
1772 168
1396 18
1680 178
1139 135
764 8
1405 19
984 83
547 14
1320 73
73 64
773 112
1810 160
1187 10
1574 43
1418 113
963 158
645 30
883 109
742 121
1166 47
706 28
370 62
1698 153
353 24
1750 100
477 56
1618 145
82 99
1327 16
577 58
1065 50
1687 146
1550 186
731 7
398 170
248 190
1697 116
633 39
46 36
1463 48
1244 151
47 131
1119 92
501 142
1360 183
127 5
594 133
645 126
214 88
751 140
61 105
421 106
1094 90
1191 3
1462 11
164 155
405 69
1359 34
711 162
334 65
320 66
1228 85
1770 22
735 192
1007 171
666 193
1276 74
969 117
1642 6
1939 175
1650 104
1206 89
1910 165
231 26
1253 139
1687 79
461 40
1473 123
333 59
1184 124
1590 144
861 86
1148 118
583 82
130 9
326 93
992 182
49 97
1076 81
1175 125
1296 35
970 42
509 115
979 51
929 134
81 15
316 128
1548 108
956 179
791 38
1752 49
1403 185
578 149
308 169
1934 141
1787 0
268 78
768 96
25 187
1619 33
578 136
1477 172
256 76
1710 52
1623 130
103 23
1724 120
434 102
1777 127
1480 188
974 60
151 129
1841 29
1026 154
1081 157
1182 98
913 67
1866 1
808 32
494 119
1338 164
1676 132
1223 176
1540 71
313 95
1177 148
943 91
1135 101
135 55
697 61
