289 72
848 197
1835 53
2398 138
1298 194
298 159
1190 206
2172 256
2867 212
1303 81
1168 113
336 226
1270 148
605 140
1085 246
71 27
1776 233
648 64
280 0
1251 283
1165 156
2360 100
671 82
2167 19
2504 80
2823 143
1596 157
1036 155
818 15
386 145
2425 90
1905 222
2776 43
1707 20
1726 136
2655 223
74 147
1433 195
2538 49
806 2
201 3
2046 32
160 186
349 58
606 10
844 154
1279 61
2169 250
41 158
776 146
1566 221
2049 259
333 215
2190 7
2348 112
1188 67
2047 130
2245 209
2249 271
1834 72
1999 141
1122 93
1435 31
2551 227
1949 46
625 6
2200 272
1121 150
561 66
2136 224
1178 170
1569 25
1375 76
799 16
2228 231
2197 237
2793 175
2699 79
1343 281
2845 164
2584 165
1516 134
2632 174
541 190
697 242
2083 240
805 44
2477 183
600 251
227 89
520 96
1959 84
1576 106
978 269
1721 74
237 129
2064 42
818 262
814 265
2265 208
1210 219
2688 119
394 287
189 191
1715 77
2498 13
2464 91
1230 180
1308 34
386 207
1576 68
2815 184
1830 41
1673 268
1763 51
1551 4
2282 21
580 228
605 87
2065 288
638 168
1574 104
1975 8
2635 151
1807 192
1115 137
15 30
95 286
1446 160
969 59
1214 253
1016 24
2475 37
1434 52
570 235
1675 45
2030 285
2117 36
1103 188
1386 5
819 193
1155 26
739 216
38 120
2773 103
489 238
241 260
786 116
819 166
2686 177
2391 131
1876 135
465 118
1785 278
96 204
1743 201
2135 63
376 270
2694 139
228 70
2648 11
2434 218
1963 110
870 33
1868 261
2480 95
707 230
1120 97
977 86
1133 126
416 111
1302 244
907 280
840 172
2536 133
740 48
70 35
1234 65
242 1
82 245
1570 214
506 196
305 229
1002 264
1932 202
586 132
2161 247
236 75
2382 122
1661 92
1049 54
2826 284
810 198
819 47
2086 252
1954 121
2756 109
2759 263
2102 199
599 60
849 187
1760 62
619 232
2739 17
2562 225
967 144
631 14
1821 107
1156 176
2510 279
598 153
552 266
1210 276
987 161
213 142
1248 241
2257 39
1627 55
1888 275
1835 127
2152 69
1418 40
45 99
731 217
612 94
450 9
2259 220
2826 108
2621 282
1994 124
73 88
2305 169
2307 163
1535 56
1493 258
1530 123
1874 28
806 83
2109 205
2190 243
912 23
1282 12
210 249
1746 189
438 234
1471 71
2638 50
2467 185
1629 98
981 211
1711 162
489 273
528 203
1649 102
1156 210
1802 181
2177 248
1952 128
2613 267
446 257
1747 85
459 115
2134 255
841 236
1018 117
2139 114
301 125
2117 213
2242 179
1674 171
2348 73
395 254
2880 101
255 200
2772 167
1930 239
2315 29
2396 173
2493 78
207 277
1644 38
303 149
552 182
2201 18
1509 274
1126 105
24 178
1970 22
1852 57
1187 152
