296 74
799 242
129 160
1104 168
626 212
2543 189
2699 111
1431 271
2336 229
2660 228
2376 274
1751 19
9 121
1460 119
481 70
2627 221
694 28
2070 107
2823 43
2166 261
1060 69
1613 109
704 148
2363 213
2190 132
893 249
744 169
792 250
1970 105
2822 264
2220 25
212 64
52 139
2781 73
1319 185
2873 32
1452 216
2367 77
2879 63
1601 71
59 60
1747 0
175 149
1949 22
2635 196
2802 240
2018 108
2339 54
610 126
319 102
596 78
2183 164
487 162
1167 91
1485 145
1032 50
2034 167
1418 257
807 150
2709 143
2235 74
2059 83
2632 21
1968 92
55 52
458 211
1450 24
1109 165
718 75
164 130
2451 198
2886 193
544 29
1465 118
2435 282
866 231
897 110
1624 187
2525 235
2201 124
2266 16
2675 157
2481 222
1706 125
1055 47
2544 260
1954 84
1366 256
2736 177
1321 123
31 48
1557 103
1883 159
2910 237
985 245
102 215
1122 152
2941 217
1878 99
2414 90
2744 3
2361 247
1466 268
1448 112
1298 23
2446 295
2694 134
835 140
2835 252
842 266
1978 7
2645 202
998 117
365 39
2624 281
1208 203
2322 262
2630 158
1893 146
2465 201
931 55
2212 151
369 200
1223 30
293 13
913 93
1226 59
424 188
1453 122
1954 10
1097 154
404 186
2608 290
206 11
2044 171
2198 20
2590 267
1539 133
1507 258
1627 174
2836 89
223 263
2037 72
1888 291
2093 210
2415 255
2630 223
2621 279
1339 166
1385 292
2779 238
2045 233
483 79
422 179
2546 56
1747 88
2700 97
2489 44
2405 192
2950 272
588 209
880 33
1401 136
1836 40
278 61
2817 254
2768 8
2367 173
274 246
1755 183
1906 205
1369 208
2738 14
1327 42
1362 34
1841 51
197 199
593 232
1203 191
1811 68
324 65
1969 15
361 57
1143 86
1569 176
804 114
2831 175
2922 135
1813 144
1632 270
1484 36
263 226
2780 181
948 58
872 120
1945 278
1453 46
904 106
1963 2
1889 104
1930 197
2015 280
139 283
2544 12
542 41
1960 9
2629 80
228 207
59 230
1267 138
2616 31
1981 285
1149 224
593 156
1278 142
2509 184
1717 67
1904 128
451 27
1385 96
206 127
2011 289
1329 251
2691 116
2031 277
1236 38
1533 239
2883 17
629 182
2553 275
2603 194
1402 284
2516 26
1200 227
252 286
1334 293
1445 161
2431 5
2953 259
1761 81
344 62
2682 214
2786 98
275 82
2057 172
2506 6
103 287
351 49
2773 95
2386 87
2402 236
2034 113
886 115
1488 288
982 53
830 243
882 131
1321 101
2051 190
732 137
1016 294
145 218
138 195
1416 206
776 155
361 37
1050 219
186 244
388 178
1774 94
665 276
36 35
934 170
329 248
500 273
2509 269
924 147
2351 204
2851 129
2564 180
1969 220
832 163
975 265
1924 100
2231 141
353 18
223 253
1773 66
576 241
1587 234
215 85
996 153
1484 76
1661 45
250 4
1853 225
1431 1
