293 73
2056 4
1371 51
2489 223
2625 286
535 268
144 21
2534 212
1091 255
446 206
2515 183
2400 291
315 87
1306 113
620 185
2663 247
539 74
416 52
1500 54
1903 149
881 277
617 109
2815 253
259 80
98 22
1258 232
196 211
2371 288
432 202
1641 145
478 231
2422 84
977 65
2577 141
2731 115
358 94
1602 133
1938 279
2521 166
2079 252
2816 161
1035 282
2792 219
2720 100
310 263
2112 177
82 156
2456 267
441 57
672 193
2763 36
49 79
705 34
198 75
2696 116
2036 110
1463 56
1127 146
1220 228
1221 23
1918 32
2715 126
2103 234
363 47
2334 38
65 224
1416 226
122 86
1480 196
1934 275
2438 152
721 135
1484 266
95 20
2700 96
2243 239
2169 93
2495 43
2258 264
2082 121
2212 209
2344 102
1427 117
826 292
2446 98
2751 285
532 204
2786 194
2376 176
2607 260
1038 40
1481 250
2143 169
23 289
526 242
271 182
2434 106
1216 0
2900 170
263 189
1010 245
871 221
474 151
2104 216
2072 11
1914 280
68 127
2658 265
1992 142
2834 128
98 179
2371 246
238 90
906 138
435 7
1751 143
535 89
1197 191
2775 150
840 270
1978 53
405 124
127 76
2225 132
262 154
1330 198
621 217
2768 220
1151 31
1250 210
112 163
1382 165
1251 1
2546 104
2018 123
460 12
794 259
2313 13
2788 10
364 200
2624 190
2334 112
206 173
126 278
1745 45
473 153
2600 120
885 125
261 66
2720 48
856 42
2364 257
649 199
144 281
2421 184
2232 92
822 157
746 140
2832 129
1574 272
1895 103
1978 2
2268 33
854 233
1726 171
2443 78
2915 160
2105 258
171 136
205 8
2453 19
452 14
1160 148
319 61
2087 28
2851 284
2683 77
1693 178
1255 271
1951 62
1170 105
2126 114
1903 240
2167 186
1817 17
1805 81
1846 91
1208 155
697 46
1337 203
1025 162
1501 215
2632 118
2241 68
2564 108
2749 249
1384 222
340 44
690 107
2241 276
151 192
1904 237
996 3
2180 88
347 236
2793 37
651 208
1484 225
1196 95
2012 238
2263 5
2916 67
2726 70
737 64
2538 243
357 71
1911 175
1733 122
2383 164
2892 72
1496 188
1462 180
1219 167
2729 254
64 18
873 256
2241 195
227 144
2877 41
192 137
2172 25
1112 26
1693 97
1784 181
380 172
2716 16
2866 9
755 134
1322 251
2643 287
847 130
461 213
1865 241
892 63
176 99
1921 139
918 24
1065 27
2768 214
1129 30
435 248
1648 111
2735 159
1811 201
383 174
1408 147
1046 49
1726 119
2346 229
1240 73
2084 235
156 227
764 59
1377 197
449 83
2172 283
1212 55
1986 82
695 101
545 290
1813 207
2166 158
2454 244
1802 261
1611 168
415 131
136 218
2805 29
781 187
419 274
2245 269
2187 85
595 262
2227 60
1912 69
2914 58
74 205
2221 35
37 50
729 15
2303 6
2756 230
360 39
998 273
