226 56
1697 48
1048 160
1186 123
829 70
1205 74
1015 114
297 21
1520 15
1802 139
792 121
780 31
280 105
495 161
1742 148
1054 39
301 196
1034 163
428 193
339 173
473 90
447 37
2228 79
2205 131
1191 125
2235 187
112 203
849 140
2143 62
1399 154
9 194
1260 19
1576 152
1826 35
797 40
1348 185
1938 28
1972 190
855 178
431 92
283 98
1306 155
243 153
1300 179
1446 127
34 147
1792 165
1245 9
1542 146
2173 22
1979 96
384 215
1038 61
2050 25
701 117
788 217
1739 6
963 174
2239 188
66 5
1653 205
243 95
1980 168
730 197
2007 138
208 46
210 219
1828 129
1750 201
2231 54
1729 87
774 20
488 135
643 162
1592 17
2063 80
1184 110
1874 182
1548 64
938 126
829 65
1616 130
2085 106
1383 12
884 107
1925 183
1579 33
899 118
359 157
33 202
1412 8
1438 59
237 149
379 199
834 113
1760 176
1082 164
1436 180
942 186
1072 55
1363 214
886 44
1252 145
36 67
446 34
926 58
399 94
1574 83
457 45
639 209
1304 56
1113 13
1199 84
212 85
1146 41
42 144
1817 189
2238 103
2210 68
1037 4
1614 100
2152 63
2033 82
2255 151
1402 156
1458 89
927 167
446 52
232 57
1176 27
1964 143
1732 207
1825 42
788 211
777 76
2147 221
753 159
1549 51
1515 133
1225 38
279 128
262 86
1220 208
1351 142
1517 11
2234 111
1130 91
1350 112
2040 181
298 93
1759 192
1032 102
291 81
92 200
361 223
196 141
2055 16
266 1
9 136
2167 78
1230 73
1336 69
670 115
1078 206
1550 75
168 36
2058 53
1601 222
814 119
207 26
899 14
400 23
1514 171
1134 204
895 218
2053 191
630 30
1259 47
779 220
978 158
472 132
2143 224
357 49
735 195
1886 50
1055 2
152 120
1284 213
1635 3
85 66
1800 212
2056 225
146 122
1973 32
428 97
2029 177
151 116
239 216
703 169
82 0
859 137
66 18
1096 150
1686 77
260 60
635 124
2108 99
1991 210
1770 10
191 172
640 166
1509 71
1955 43
1016 109
1591 175
987 170
1057 29
1702 104
1209 72
1351 7
1114 24
1149 108
1459 88
1727 134
174 184
257 101
1855 198
