105 26
839 14
95 70
689 4
120 45
363 46
946 42
125 103
825 51
446 39
182 57
268 34
174 67
463 92
908 15
1032 44
991 18
530 89
863 22
651 74
608 97
519 29
359 3
992 63
804 25
985 20
109 36
630 100
710 66
758 33
270 47
782 58
376 99
181 96
894 31
958 52
420 94
920 28
928 26
197 6
649 49
591 65
390 7
834 77
690 38
640 24
64 2
904 60
394 32
716 23
563 0
572 19
104 56
1050 61
115 50
543 17
310 71
701 104
426 91
248 84
306 82
30 75
993 27
821 76
915 81
1004 53
5 11
349 8
205 43
885 72
345 9
2 73
697 48
271 10
203 79
515 102
452 78
140 88
522 101
67 21
174 41
812 87
310 16
218 64
687 59
798 98
324 62
876 12
575 85
989 13
835 1
731 40
580 69
753 5
719 35
18 95
473 83
141 93
786 86
992 90
37 37
148 54
611 68
707 55
56 30
462 80
