245 61
654 32
64 239
629 159
319 185
1959 231
2250 23
697 206
408 163
1933 66
1001 5
2318 174
2295 141
1805 34
2009 64
1143 234
2345 149
1121 30
663 240
264 116
1871 27
962 217
1371 38
482 100
1647 241
1512 58
861 22
1644 142
2357 87
1654 25
1925 114
2201 79
2003 89
1226 1
346 44
1565 171
1811 55
2396 179
1386 189
815 196
2015 16
2404 33
848 54
1115 86
1494 124
869 111
314 68
713 136
1302 175
1151 107
609 162
202 48
1897 143
499 190
36 11
1677 69
872 61
1939 131
2173 123
1347 51
240 71
1923 91
2425 232
1204 229
704 117
1848 164
2162 108
2161 188
796 193
2169 57
2057 65
2113 56
1763 99
234 118
610 211
2028 244
423 140
1086 88
2058 43
951 150
577 97
994 167
1480 70
1505 37
2280 0
1108 221
1130 228
1912 45
560 119
1473 127
1424 28
1228 139
2026 151
2303 237
2437 113
1398 226
1701 102
1655 13
822 223
386 49
2066 96
1416 157
2266 219
1054 176
323 109
2222 147
226 92
1803 148
251 47
530 94
936 144
1161 230
2143 50
1911 182
53 40
108 238
1016 225
36 24
2147 41
193 10
1982 98
2196 243
634 222
423 83
2113 35
2327 39
1115 74
1297 63
794 6
683 29
2441 199
2441 85
2425 133
1424 218
12 31
845 203
613 191
720 135
951 214
1170 9
1746 101
1974 2
1229 80
852 75
91 138
1207 14
693 8
2433 153
1857 216
528 177
869 121
2011 78
2139 7
1413 233
969 173
2045 169
1703 26
393 212
1018 160
1815 110
1732 46
1737 181
1106 129
1853 21
896 104
214 155
125 128
466 67
1382 166
848 19
1896 130
2330 186
1276 62
1011 120
1720 77
1370 93
2071 125
2277 103
917 105
855 220
847 115
962 17
977 184
1222 201
1164 59
451 205
234 12
1423 194
1021 161
1430 145
712 204
1310 197
546 53
1954 52
1372 210
2134 202
1502 72
89 187
1476 76
180 126
305 15
1288 18
1800 4
2131 134
1360 122
611 195
1723 235
386 178
1806 154
125 208
2296 156
1378 106
562 152
1083 192
1526 82
813 200
2264 236
10 95
1651 42
106 168
874 132
251 112
153 227
2298 20
693 183
1118 180
923 215
2421 90
2302 207
1535 73
755 224
364 81
594 137
287 60
1107 165
361 146
1155 170
2357 36
1921 242
1106 209
2351 3
23 84
1956 198
1091 213
2141 158
127 172
