205 51
271 161
776 20
2027 136
1946 81
333 105
2016 135
911 195
637 179
2017 198
164 154
888 76
830 132
1286 170
110 97
921 174
29 58
675 63
1793 104
269 124
798 190
1069 162
1132 78
1562 183
1163 194
531 126
574 191
984 193
401 98
1221 25
207 23
1187 88
542 38
429 93
667 16
478 79
1249 5
1481 178
977 134
1980 158
889 53
1279 166
42 138
1540 120
784 55
644 40
1460 74
1854 18
1756 145
883 83
1904 87
779 15
1688 186
512 44
281 22
163 155
1736 160
1826 27
1608 197
177 48
534 110
726 59
1026 156
902 99
654 72
1099 52
598 144
326 147
919 117
1527 157
1844 118
1257 114
1241 192
1817 56
1190 91
164 176
1867 36
1214 200
2020 33
7 62
429 140
128 29
734 21
552 84
720 141
831 49
20 187
1013 203
1096 159
360 123
1916 150
788 94
114 152
2 204
546 66
821 51
671 35
904 64
90 13
698 121
1587 172
1126 153
1228 31
348 122
1698 92
812 6
1144 196
1589 28
1486 68
738 102
1493 181
1164 106
2024 7
1179 165
172 60
294 143
1688 50
1831 95
1605 45
457 125
1327 39
632 17
335 2
1685 111
1992 30
2049 101
451 80
1693 185
792 109
1905 4
234 113
1869 151
1408 115
490 73
1113 26
1675 34
1208 171
128 182
1061 67
877 10
952 65
997 127
1740 184
1213 103
69 32
1323 85
1986 119
1363 0
623 14
2037 188
1253 57
10 130
814 148
1826 142
1344 9
566 77
1450 180
505 149
1382 24
1797 137
1798 69
299 146
1773 1
1863 86
756 129
1613 133
648 168
2033 175
306 41
789 3
829 90
105 177
1663 71
1591 108
104 43
1964 54
1007 89
574 202
284 12
545 167
888 116
812 96
1755 128
275 82
542 19
583 199
1218 70
1319 169
1168 189
1006 112
646 37
1427 173
315 8
786 163
984 61
707 46
643 42
324 100
888 131
836 201
741 11
1619 107
237 47
633 75
1697 139
1582 164
