320 80
328 274
2677 151
66 188
1209 257
1714 80
981 17
1512 103
1449 187
2968 289
2755 185
1855 87
45 56
3048 197
2664 27
2833 208
3107 88
390 253
2003 52
2261 219
4 62
2286 32
2300 283
1665 234
2134 227
685 287
655 270
2915 92
440 35
191 247
3171 170
206 140
1765 105
2321 296
1590 262
1202 169
2591 301
537 204
1956 167
3156 8
2689 280
406 138
1387 91
465 109
2168 226
675 53
2720 172
1652 16
2190 281
140 298
723 285
731 114
383 200
625 302
2510 295
2933 243
2738 273
2960 146
1337 135
396 74
2298 205
3036 233
2418 41
1853 252
2801 12
448 34
2677 141
2893 89
2817 186
2530 83
516 286
207 228
1530 136
1763 102
2600 307
345 195
78 2
846 143
2053 100
2917 149
1251 18
461 206
2800 224
1084 214
2393 29
356 5
1746 57
1588 9
677 314
2377 309
1413 220
1359 120
1034 242
1631 144
2815 192
1236 306
2547 55
2315 40
777 207
2554 278
361 36
1131 119
590 156
681 277
2346 300
1380 101
2482 203
3154 25
2227 44
1621 254
2305 81
2108 147
408 303
2166 117
917 124
1133 164
2154 6
1955 72
1687 148
1949 313
1145 49
414 275
2163 175
1143 162
2027 11
2148 82
3098 43
140 255
2786 318
265 211
80 47
2403 159
2848 222
1695 181
1189 3
1062 30
3052 93
2656 248
2832 50
180 98
270 304
1261 150
3198 60
2457 294
2694 0
1263 269
2996 316
2869 166
3016 210
2535 209
2750 153
1152 199
325 271
1784 10
2293 299
3014 67
3041 129
2797 258
1765 212
531 244
1413 310
450 38
708 121
308 15
1685 61
489 194
1520 232
2769 139
2821 272
2595 19
1598 221
252 46
486 190
2124 94
2533 263
891 284
414 158
1953 261
254 201
592 26
2107 127
2931 193
2072 63
1427 115
2239 267
2274 319
2330 237
1745 125
2268 215
90 229
1426 86
2381 78
2179 163
26 213
3078 69
2073 264
3048 132
2646 236
2516 276
1539 178
1122 73
2692 23
716 99
1240 179
3143 116
1308 118
2612 70
1147 71
2379 54
1146 51
3152 171
1293 75
2388 184
683 240
670 108
1304 21
1368 24
683 42
997 65
813 246
563 165
233 268
2917 64
309 250
1456 291
1638 137
3167 14
1043 230
124 265
2098 235
1414 292
2988 202
1709 293
2038 177
2125 256
2209 152
1714 20
1255 13
1739 96
910 180
2295 238
2813 288
533 90
2887 251
1116 305
2766 191
53 37
1883 39
1823 128
2807 223
1799 168
1906 112
1454 133
2285 182
2153 7
2388 145
2631 77
2129 249
2154 245
2595 176
2192 155
2324 279
44 198
367 123
2910 189
3110 111
2350 266
846 79
3155 174
2356 312
1537 76
623 104
3126 131
2377 225
1594 134
1022 241
366 308
1111 231
2096 68
999 84
624 317
3167 315
1931 31
323 290
782 95
767 97
1189 259
2361 48
241 260
927 122
1789 45
2598 239
2249 126
2343 1
2639 22
1427 106
908 110
1287 59
80 107
1039 160
2699 216
595 154
2445 297
2504 183
112 282
3007 173
1825 311
843 130
2263 157
1641 4
25 218
2929 142
2063 196
914 58
2365 85
1403 28
58 66
1673 113
485 33
691 217
94 161
