141 35
1078 10
356 119
472 0
316 80
1304 138
404 134
428 93
1212 39
500 55
586 94
1277 42
223 110
781 12
988 76
333 62
289 89
460 23
1045 32
1340 24
370 90
152 106
483 126
17 37
731 72
548 122
1010 6
264 127
1274 53
1370 88
75 4
529 45
771 132
908 51
1357 52
923 3
897 96
64 50
909 2
427 21
1351 13
519 86
503 71
541 85
644 68
770 56
1120 57
276 116
790 44
1168 60
268 82
105 34
524 65
296 120
737 130
363 38
934 58
732 112
53 18
403 33
758 102
753 36
891 95
511 100
296 87
889 75
222 135
1364 131
500 22
212 129
1135 69
611 74
434 61
1044 8
1208 124
1255 104
489 16
769 1
383 67
811 19
253 9
157 41
228 99
297 108
969 26
997 7
659 91
1365 111
1085 11
526 78
580 97
959 83
1119 49
262 40
1317 137
805 109
763 92
367 115
1405 47
1391 64
1395 113
182 35
1189 54
501 14
1218 27
139 48
1245 125
342 29
969 70
77 77
410 73
143 63
867 128
1274 66
1385 98
325 114
1352 43
1242 133
774 121
1120 5
815 81
993 59
866 139
658 25
921 107
620 103
1098 17
746 46
217 28
901 31
346 101
561 136
613 15
175 123
648 117
157 84
494 140
354 118
149 105
707 79
424 20
895 30
