204 51
295 162
1843 85
562 22
895 154
1421 20
1059 147
1676 95
1840 118
545 131
1146 165
1835 106
89 172
555 90
965 62
1691 16
1865 178
1997 133
1077 84
1417 170
18 78
581 83
1623 30
497 143
1966 79
146 151
895 181
1924 198
1871 130
1254 7
1645 92
425 145
1360 183
400 3
619 60
203 63
651 81
1877 117
1977 82
959 175
238 39
324 71
1641 4
647 14
1722 120
1345 168
1551 55
17 132
347 53
633 47
1440 160
90 68
185 50
1728 163
378 6
1690 35
1069 18
1553 19
1308 121
1495 140
515 80
1039 189
187 33
1807 24
1266 141
1906 40
1914 155
6 74
54 41
371 136
262 161
1685 149
378 45
1140 103
802 28
1803 137
936 26
468 64
642 104
524 173
1404 9
41 70
922 119
912 200
1704 29
1823 191
1856 77
1341 164
1757 23
365 72
89 176
446 51
634 146
476 57
1978 109
826 148
1543 76
371 10
1030 153
1119 43
533 127
1191 193
1061 166
1067 150
1755 114
405 2
1744 89
1725 186
1709 116
188 102
1072 197
895 111
1862 159
1868 107
49 188
1650 1
804 152
1715 61
901 157
49 12
698 98
652 38
381 48
1952 174
1145 8
216 17
1137 21
1994 134
361 180
1030 142
1758 139
1506 13
713 124
1446 171
712 73
489 34
1914 59
30 123
1491 32
1870 190
1517 5
370 110
154 195
431 100
1020 91
428 96
576 169
1915 177
113 52
1726 194
810 129
737 42
1116 135
101 11
56 93
508 167
163 182
23 158
216 46
1549 44
1082 112
33 58
1961 187
1557 203
916 87
1125 201
530 138
819 108
391 49
963 75
906 202
285 192
591 94
262 101
314 67
447 126
1149 125
1846 179
1981 144
693 31
1235 56
885 15
1410 115
1236 199
1838 65
1915 97
1642 27
838 86
206 128
1138 37
381 122
994 156
774 36
319 185
1568 196
1549 66
351 184
1464 54
1233 105
852 113
1684 25
758 69
616 0
1593 88
1979 99
