172 43
1291 74
1503 49
919 18
368 78
216 47
1327 138
167 100
684 26
26 141
1494 57
973 132
217 145
1520 79
111 68
224 7
1045 38
1549 122
1512 66
179 105
721 169
1588 53
258 157
533 110
108 165
1561 103
1201 63
230 27
837 72
1293 87
367 126
1647 45
473 154
1073 60
1009 23
1095 6
939 41
883 107
1061 97
107 130
1307 83
285 52
1596 112
866 30
856 59
110 118
410 73
745 82
1597 3
927 0
1228 84
1416 150
158 16
457 98
1170 54
96 25
896 151
1285 42
884 163
1455 28
1321 36
519 77
230 115
743 153
1273 96
586 120
904 89
501 128
269 93
1718 48
511 37
1067 11
1463 35
1234 119
68 137
781 17
910 109
798 76
553 91
313 85
1156 39
209 58
587 1
254 133
508 31
498 62
936 171
801 166
1140 156
697 9
877 22
1420 143
743 140
908 129
620 155
399 15
550 152
1688 162
625 144
1656 19
1625 80
1574 124
1070 34
392 125
538 64
1448 113
1153 136
1186 33
1553 159
156 81
328 65
756 44
1116 43
1534 106
57 50
414 90
171 94
1269 123
1433 29
913 111
768 117
1709 161
654 13
1185 56
891 147
1000 167
195 146
150 21
532 24
209 4
1543 148
854 32
320 164
1427 160
416 71
923 134
998 99
1475 102
51 67
415 5
1327 70
1352 10
233 8
1348 142
395 20
798 12
1074 51
496 135
1169 116
617 92
456 75
1571 55
526 131
1494 40
1706 139
335 95
777 88
879 101
923 61
1399 127
1544 121
1684 158
754 108
1182 168
225 2
1253 170
1683 114
1424 69
835 46
66 104
165 14
538 149
285 86
