231 57
1647 19
1408 28
2268 17
1296 181
774 14
1173 167
156 98
1936 184
681 145
1464 12
345 212
85 201
867 100
342 140
1449 97
209 111
1415 77
1362 30
256 186
135 32
1443 23
437 119
2029 57
2300 69
1580 82
1626 113
1750 192
415 159
2122 229
1184 67
2237 128
868 58
553 190
1754 157
629 7
793 122
770 101
56 197
390 61
659 68
174 130
1426 208
1024 177
1331 110
1680 174
261 92
859 117
1731 171
1043 182
892 153
2073 224
801 210
97 109
1919 8
1602 74
283 193
2028 85
1446 160
114 47
702 189
1730 27
8 35
345 64
2093 37
2099 43
1782 24
2253 144
2078 202
2215 60
705 102
1064 196
1612 89
432 2
82 155
2057 172
946 126
1817 65
1028 41
470 230
601 34
7 54
838 179
1416 96
1332 33
1395 1
1734 3
846 141
45 90
660 20
5 166
2220 26
347 163
706 124
546 36
1440 118
2102 120
1037 40
886 52
65 191
2237 207
953 55
932 13
2177 76
124 105
1758 151
1844 4
58 29
290 213
1416 56
2268 200
2296 48
1959 161
1106 133
813 216
1562 112
2293 218
545 5
1713 176
194 139
1054 223
2007 50
1220 46
694 49
783 79
596 135
427 16
1888 195
2284 44
621 204
1213 11
1759 138
779 45
1083 134
664 169
1772 227
2071 103
627 188
1250 219
227 75
2213 148
344 66
1181 25
466 22
1788 62
2079 127
2081 152
1192 80
501 38
179 53
466 99
695 88
884 178
1385 95
1662 142
858 104
1110 187
1510 162
529 143
1911 220
789 164
20 107
865 21
2149 206
1447 71
118 146
1651 222
1274 156
2156 168
795 10
2278 18
397 199
2241 39
533 158
321 214
212 94
2244 136
1033 226
219 70
1751 87
1399 115
1273 125
2149 83
562 129
306 114
755 154
250 225
243 131
1982 121
359 73
2232 147
2162 137
1554 86
2071 132
1440 59
117 42
2266 175
1220 165
1213 31
978 221
719 180
856 6
1637 106
905 93
1083 149
215 217
312 183
2079 81
1699 63
1093 173
2060 72
872 150
1594 51
1912 108
304 170
1543 15
654 84
2006 91
1501 215
2187 185
2253 205
2152 198
359 0
351 209
1136 116
1086 203
112 211
1308 194
1721 78
69 9
2065 123
651 228
