125 31
133 73
595 86
792 30
428 22
221 91
187 82
479 17
301 13
108 123
311 99
918 115
816 53
352 65
401 61
1165 40
52 100
919 2
775 90
210 97
352 37
451 34
1189 101
788 108
1122 26
787 94
239 118
915 119
111 60
378 55
427 28
891 67
629 93
569 107
532 95
359 25
1100 66
522 29
17 3
17 15
643 92
791 59
99 39
15 84
456 96
32 89
319 83
321 27
208 42
948 80
957 103
75 12
198 10
500 75
1013 49
267 18
1025 19
687 21
698 41
1038 102
798 48
179 51
1233 46
100 56
1217 36
704 77
1188 121
176 0
1147 105
15 8
229 110
467 52
245 32
334 72
439 38
1046 69
392 113
611 54
1023 58
640 71
884 57
267 11
463 7
928 79
413 14
454 35
1073 112
582 124
786 109
869 44
1194 122
426 114
1097 111
99 50
341 45
1051 85
270 1
1136 43
298 33
715 88
91 47
447 98
118 16
203 117
612 63
899 20
1176 68
11 81
519 24
856 70
548 104
946 23
254 5
417 76
418 106
707 120
1114 31
313 74
778 116
941 62
334 6
2 64
769 87
617 9
656 4
1052 78
