170 42
761 12
729 84
499 31
695 42
1401 51
174 86
405 132
927 93
1163 59
1499 28
85 100
1225 97
1555 18
145 9
1477 45
1494 127
1658 66
1475 131
1536 0
1052 43
1560 165
559 169
457 149
1236 151
1092 80
807 35
207 136
1443 20
793 52
844 6
1103 23
365 27
1299 54
437 142
571 90
1574 124
1027 13
941 79
1640 103
1307 24
1605 62
635 102
200 74
1284 139
913 46
396 137
1616 82
328 98
933 115
1426 138
1227 156
86 166
1560 91
1456 10
875 119
1285 92
1262 73
263 95
571 111
1678 67
634 60
727 145
1518 143
599 77
1516 69
1680 129
856 85
534 128
1496 75
787 123
197 96
697 61
531 14
1430 141
447 7
1268 144
32 112
1663 41
314 71
1694 167
824 122
685 76
46 87
31 8
1656 49
615 72
624 133
368 63
580 160
87 15
182 47
89 126
1214 3
620 36
398 17
1503 83
1249 5
1258 104
357 21
1672 26
192 163
958 57
1426 125
5 48
50 101
285 159
1678 33
1103 1
1652 55
655 29
364 158
837 130
1351 44
33 153
1624 30
952 114
1659 168
1578 134
598 146
1398 2
871 113
215 78
221 19
1143 50
973 64
118 155
1323 53
261 117
1691 25
1140 37
1577 107
113 34
1059 135
658 94
377 118
1689 89
1059 154
337 152
1237 58
291 88
1078 40
39 147
1094 120
1168 70
794 157
131 11
304 140
22 121
1383 108
809 148
1323 116
563 105
1375 164
1178 99
133 38
618 32
115 109
311 110
1448 162
327 56
642 81
1064 150
488 65
673 39
510 161
890 106
670 68
362 22
415 4
440 16
