82 20
180 40
691 45
756 37
580 50
354 51
691 80
149 59
299 26
407 73
49 18
250 56
542 68
4 66
199 21
183 39
225 8
262 0
164 15
178 32
275 6
445 28
225 38
658 17
622 79
298 71
119 2
244 60
263 33
430 14
430 52
145 16
37 48
614 76
438 13
359 5
632 35
511 3
32 10
809 75
802 27
647 78
443 61
719 70
492 77
294 74
561 41
757 1
783 29
716 54
501 46
126 58
498 9
10 67
275 22
365 43
816 69
227 81
207 55
574 7
777 62
293 25
442 23
14 44
777 31
193 30
579 49
642 64
718 47
53 4
97 65
63 42
564 34
703 72
561 12
438 20
235 11
510 63
744 24
265 57
147 19
356 53
216 36
