108 27
359 107
30 105
201 66
1017 80
41 51
874 77
477 44
259 60
912 63
94 36
365 57
964 68
78 96
965 64
1035 61
551 2
1071 46
222 94
480 14
685 87
424 71
897 20
54 40
419 31
460 26
882 65
1049 84
313 19
187 45
877 10
908 85
288 49
921 81
1053 41
536 16
789 21
1031 39
127 55
849 11
462 47
496 97
958 78
55 37
296 59
633 92
675 104
2 90
194 34
478 38
514 23
560 32
919 86
466 17
122 5
291 69
110 79
18 43
334 48
150 30
958 58
33 82
96 0
246 25
419 8
829 91
444 9
1001 33
11 70
708 15
622 93
735 101
952 7
536 53
74 24
1047 28
950 27
474 62
736 89
1010 56
537 102
603 50
778 6
289 29
937 52
341 76
848 100
992 106
602 3
1056 73
145 4
120 22
656 103
1042 12
123 75
503 88
456 54
416 95
937 98
415 67
372 72
1064 18
268 42
913 99
12 1
125 74
133 83
1012 35
672 13
