236 59
2339 25
2182 177
609 47
4 65
421 95
63 207
379 149
1080 3
1971 30
2113 79
2251 50
1948 46
1026 86
469 68
1640 96
1241 213
537 52
567 91
2150 0
345 235
328 55
430 189
105 211
2335 83
2262 61
1153 109
684 10
553 178
1482 152
2273 191
1821 141
257 13
799 225
1729 205
1712 127
1965 57
718 135
1322 129
767 1
2236 69
1430 119
2146 186
1438 111
1293 98
198 114
1077 108
1160 214
1870 41
2129 138
984 31
1498 161
1283 158
442 143
1564 35
1640 59
733 142
1859 103
61 97
722 75
1119 34
383 173
834 185
616 39
1364 160
23 84
421 76
669 209
957 155
40 110
2104 70
1955 198
505 100
161 51
32 29
1061 156
1650 128
908 7
915 203
845 230
1082 167
613 165
784 212
829 153
1988 118
1074 122
278 60
1642 223
1925 120
361 133
2045 144
271 87
1052 17
1042 216
1439 99
1222 21
1731 162
851 33
548 169
2353 222
1575 18
1408 104
449 115
2008 139
1132 26
608 117
593 134
2087 200
1133 42
981 190
1464 166
626 146
2133 126
857 233
90 85
1857 210
802 38
1191 175
2329 113
1578 9
1287 196
276 184
1400 168
829 204
69 64
1781 229
1973 44
1749 105
681 195
1828 11
1046 182
306 224
1878 145
1109 194
2224 147
1754 221
594 171
1092 12
976 179
815 66
1725 58
1633 89
1362 94
98 2
381 88
276 157
1339 148
623 183
479 54
1886 92
1667 23
1168 174
1298 219
1137 72
1069 226
155 132
1926 19
180 121
2242 208
620 81
1174 15
1414 123
2194 154
2123 188
925 163
585 53
1020 202
1428 199
548 40
987 36
53 197
2012 80
1869 45
1568 232
1138 107
1875 172
638 93
447 131
2070 101
347 77
2158 24
1702 151
377 218
1049 16
84 217
87 48
1526 130
2329 82
1838 4
1849 170
1114 234
661 192
193 164
2074 102
1495 56
685 22
1856 231
107 137
1220 180
1191 63
1169 159
535 140
1836 193
1608 20
627 116
324 14
1770 37
707 112
879 215
419 71
129 78
646 49
1046 62
1359 73
44 67
617 227
1919 220
363 28
1496 32
2335 8
398 206
2211 5
604 6
2002 74
1410 136
1463 106
467 27
825 176
1517 201
45 125
947 150
942 228
1448 187
185 124
1649 43
286 181
130 90
