260 65
2482 11
2164 126
928 71
1662 0
618 33
2172 195
2433 117
1878 61
319 185
2136 129
389 149
1839 125
306 20
1463 179
723 85
463 57
1562 59
1188 144
2450 84
1446 75
1108 208
476 94
2567 140
2094 148
2197 37
251 44
1410 164
1038 176
914 224
2091 204
958 100
871 202
314 107
1419 244
2033 235
1110 168
90 92
1781 101
1624 32
2307 162
298 8
689 91
1680 238
1370 95
650 137
79 212
811 206
89 122
893 152
2154 156
24 58
1215 142
81 86
466 48
595 81
1248 198
752 255
1672 194
811 161
841 109
2190 213
1497 97
765 177
2067 138
1259 157
1494 46
544 69
2357 119
247 134
2280 116
1141 106
1551 72
1800 12
1949 175
1244 38
1630 243
169 151
952 60
2561 80
884 130
167 105
949 118
763 221
1783 218
2380 186
2186 30
175 200
2456 247
1347 73
1568 239
704 7
871 153
745 90
2192 227
1530 172
548 120
195 220
1714 178
1006 160
2465 42
1759 18
1486 184
1873 226
1127 233
957 231
2085 49
2266 174
789 43
514 121
944 166
1651 16
1658 133
379 39
1838 215
228 214
50 70
2039 187
279 258
767 207
340 259
594 167
1516 108
2227 128
62 234
2318 163
264 40
2593 124
2550 242
875 64
2316 170
1476 67
979 237
503 248
2260 210
1888 35
833 113
1039 19
1030 99
1666 17
1402 159
1670 9
368 82
1993 173
1842 169
497 53
521 56
2223 147
1074 141
2022 155
2203 192
1030 51
1072 150
1966 98
1399 203
2144 79
1787 188
1847 241
228 78
2508 55
1146 24
1361 254
2432 189
1682 230
1828 236
1005 111
1967 136
2037 93
2077 26
1506 250
1844 256
1433 228
2009 196
2463 14
1888 34
2558 199
1728 251
1837 6
1618 222
1661 245
1393 132
244 68
1133 74
1142 15
2142 216
2469 45
1550 190
70 127
1256 223
1850 115
999 5
578 135
832 253
2138 165
1662 114
186 219
1998 232
2233 146
491 193
447 229
2363 63
382 102
2384 2
1446 181
78 145
1274 66
1383 13
541 211
2348 76
337 217
1310 52
1952 96
1675 171
2443 257
224 252
450 139
2503 1
1358 50
1032 154
1688 87
2468 23
1347 3
2125 89
2436 191
2495 29
1710 77
1283 246
509 182
1904 25
559 110
790 104
1388 27
397 41
460 88
2326 131
2047 143
1851 240
23 183
1153 62
998 36
104 54
834 112
659 201
1658 28
1319 158
836 83
858 22
336 180
157 249
2008 47
731 205
1454 225
1132 21
1498 31
949 10
610 197
1503 103
800 209
1547 123
513 4
687 65
