90 22
461 66
336 60
660 40
758 49
846 27
408 51
82 14
623 67
625 38
353 79
533 73
500 56
205 45
406 43
95 9
621 64
443 10
755 33
814 26
267 55
768 74
796 65
189 23
772 44
340 69
436 17
280 78
290 47
251 39
516 5
697 28
354 88
656 8
612 12
778 85
854 77
157 7
148 89
126 11
818 58
314 35
354 75
558 19
765 54
399 29
12 46
672 61
858 3
334 4
270 0
668 87
763 80
58 59
652 86
20 21
28 24
380 53
540 20
531 13
118 34
148 37
327 50
243 18
882 71
610 84
752 1
670 41
376 68
723 42
81 16
495 82
194 81
480 76
433 48
118 63
842 25
266 31
40 36
170 2
372 72
755 83
589 57
709 6
791 52
425 15
28 70
330 32
602 62
484 30
715 22
