310 77
3046 51
548 270
1039 15
275 43
1990 191
2989 76
2767 289
1399 148
2997 164
1958 177
1660 129
964 101
778 172
582 77
2590 186
2992 27
191 165
1375 260
790 4
2900 170
416 185
731 276
1957 255
1979 296
1064 171
2025 7
561 145
590 55
675 180
1881 243
1843 161
277 155
718 268
2552 223
182 118
2032 253
2708 33
1845 174
2448 49
2421 217
3038 302
521 121
1074 293
273 38
2775 65
1521 178
2738 290
838 53
723 176
623 12
1434 156
254 147
404 304
394 277
223 209
2910 117
1674 273
329 154
1507 204
1453 131
1010 107
102 116
779 19
1129 142
655 86
839 300
1650 92
1574 136
1900 219
1297 235
1715 222
118 93
1572 67
1334 127
1100 227
434 45
1573 95
1710 205
3026 20
913 261
2686 11
618 48
1390 278
2985 152
1847 141
256 198
1424 298
633 201
3023 162
878 213
997 98
73 8
1052 60
223 115
1650 183
1896 64
2963 30
2556 280
2684 135
2013 106
1921 166
2498 6
2972 233
2786 10
913 246
430 229
275 46
203 69
695 168
1192 57
106 110
2961 250
2530 108
1208 269
1820 252
1528 307
802 188
337 137
1468 299
2013 128
1322 2
1786 146
2411 105
1501 159
2702 47
2882 124
1206 34
1371 232
2398 122
419 17
2099 153
2367 99
2011 126
1789 249
2758 206
249 195
1425 258
502 272
1254 203
1027 0
1587 224
2183 158
2381 56
367 241
1586 132
694 113
667 216
2252 288
478 5
2306 306
1014 308
540 291
1582 85
903 22
2403 83
503 24
2503 303
1614 282
357 167
1140 292
1052 80
1557 267
1971 301
417 103
1851 238
1177 287
651 73
122 79
3016 157
970 230
2044 215
310 52
273 211
1893 173
1265 295
2050 97
2878 25
54 244
924 182
2073 114
1399 82
2786 32
1450 130
2233 248
2084 234
18 151
1716 207
2148 13
822 89
2052 104
2750 40
1613 259
2545 266
2989 285
2 184
143 75
2532 88
2677 199
1151 133
2864 239
771 194
2348 265
1661 210
2037 228
1399 240
1557 16
1711 254
576 111
1264 264
485 286
2561 202
1241 149
1197 281
528 192
953 251
2249 297
1459 218
846 305
890 62
1852 196
821 284
1367 61
2209 150
391 193
3040 91
460 87
1352 271
662 257
285 140
895 274
852 225
164 74
1369 247
1977 18
2825 119
1945 26
2759 36
2792 37
2122 231
2188 42
3099 294
3066 139
2486 262
1670 143
663 39
2890 59
991 283
2278 71
738 58
331 84
2552 237
2771 81
3075 9
22 50
2479 309
125 189
918 200
2847 160
465 112
2131 123
1502 275
1411 66
526 3
274 190
217 256
646 220
2086 279
2250 214
25 1
1759 28
2922 102
1066 208
200 175
1985 109
1994 100
819 44
710 23
205 96
948 242
707 144
2090 134
1104 263
528 41
1323 90
1720 245
610 212
1966 120
1026 54
1386 78
1091 125
2746 179
2556 138
3010 31
2858 72
969 14
573 68
2843 163
591 35
1627 226
3012 70
2074 169
1597 94
1071 197
298 29
2942 221
1400 21
2425 187
2495 181
1649 236
1709 63
