271 67
1196 42
747 187
149 252
1410 132
1650 195
2678 12
303 267
771 51
479 266
320 213
1894 259
1909 84
2057 23
2055 14
985 264
2697 205
2456 229
1879 58
2500 158
498 117
1415 62
2403 148
1089 255
1868 206
879 39
2694 133
1928 71
314 16
951 175
170 269
772 173
2702 201
1740 7
494 143
440 114
1490 31
594 103
343 157
1753 238
1126 104
2319 123
1093 253
66 43
1747 85
1697 66
1925 30
188 176
706 218
2086 35
2148 108
1332 214
2253 221
413 131
1617 99
765 174
1051 28
548 65
1035 60
575 128
2706 129
1495 181
2241 134
759 126
515 172
1528 74
1954 200
579 156
405 182
779 151
1414 177
2288 250
243 27
201 68
406 231
1586 6
1585 138
1527 49
1256 168
1171 94
9 183
849 258
578 211
1030 86
959 154
1864 61
268 97
735 47
106 186
2038 146
2013 102
580 251
662 125
269 242
2520 197
1184 256
2059 130
250 106
1662 124
2575 188
2640 96
1543 63
1925 244
1059 44
441 171
62 179
416 159
809 239
986 54
419 194
2572 25
1702 136
2104 5
441 166
1301 88
613 164
2377 109
2520 142
1661 75
613 67
1138 236
2510 263
149 78
1145 227
825 268
707 235
762 237
1999 222
922 48
1219 216
2616 110
698 57
2705 224
456 116
345 209
26 196
373 232
1244 254
425 56
1074 145
1097 149
1413 147
435 50
1778 17
141 127
1521 32
2537 170
1000 22
1553 135
250 26
1203 233
1732 77
2211 178
1203 153
1544 64
1222 152
2576 36
1653 144
1310 245
2686 90
1674 160
854 1
499 100
688 189
2313 241
1070 230
1279 24
670 113
1312 13
2587 2
1511 21
145 228
764 246
2176 111
1427 11
2270 59
2013 225
316 220
2634 4
1311 207
1792 257
2670 190
1154 193
716 70
641 92
1261 41
1469 19
506 184
194 139
2296 45
1361 40
1481 202
2495 198
755 79
790 76
534 217
2599 185
2366 161
1512 137
1430 167
2564 33
2511 0
2588 91
784 93
915 73
710 121
2171 52
1256 165
776 262
998 72
1592 260
338 115
563 226
2143 265
2448 53
825 118
2250 81
1137 212
306 120
1264 80
712 9
2319 15
1611 29
874 234
1824 223
257 163
1682 155
2076 180
1843 87
262 270
407 191
1644 98
1258 82
1015 203
915 140
1681 247
1799 20
2399 204
466 240
17 192
839 89
774 219
2094 162
1422 8
2557 249
543 105
1125 38
1915 83
2178 122
696 261
2361 107
576 112
832 10
2627 55
369 141
787 150
821 37
653 208
2031 34
610 46
176 101
845 210
1978 169
2085 69
1803 18
71 215
2680 95
935 199
2267 119
1103 248
86 243
2437 3
