209 52
761 46
1270 71
757 8
1248 50
2082 66
712 63
1707 191
1819 129
1009 6
2023 198
1926 28
360 55
362 180
1705 121
383 56
376 190
469 147
1254 101
391 73
1119 192
517 43
588 133
1127 170
498 98
1680 128
1676 20
667 96
1633 85
1979 185
1786 166
1628 106
426 179
1327 186
1588 113
1784 171
1216 99
2 41
1784 153
1426 200
1376 123
1860 114
1955 140
809 183
1467 52
1216 202
313 67
951 142
1573 59
1060 87
68 32
1101 14
1307 22
1129 33
1452 90
1342 40
2022 194
1620 72
244 31
1451 167
1209 7
1464 89
330 5
296 201
272 95
1904 110
310 21
752 53
283 62
570 4
1045 141
1897 109
86 64
1984 175
301 84
1729 150
559 27
1581 105
999 51
521 68
561 204
1901 91
1068 152
133 151
1501 48
369 124
1629 9
1167 61
1422 138
117 100
71 74
70 69
632 13
1169 57
1069 143
740 75
1535 102
1586 23
810 172
1575 92
1177 17
1361 173
1173 130
1796 1
994 82
846 184
850 161
1844 195
1327 148
1156 187
548 193
48 37
952 139
894 125
128 103
425 19
1200 126
1404 132
1692 208
580 181
1151 76
960 49
516 134
1768 205
605 80
371 3
618 117
1817 156
610 144
1739 189
1135 70
279 118
1104 160
1745 206
1801 58
817 0
1112 34
962 157
768 79
1316 2
222 136
873 36
564 127
649 10
1054 162
1908 149
997 137
815 165
551 111
1367 29
2020 60
231 93
1724 135
572 86
847 38
1018 146
813 15
1017 120
119 30
1237 24
724 178
2051 145
978 18
1169 112
1945 104
849 177
964 159
302 122
1062 78
194 115
2061 207
78 11
149 39
1627 158
1585 169
971 196
222 12
488 197
1955 168
1543 16
732 47
90 88
250 42
1144 77
1316 188
610 94
718 131
1522 81
168 164
229 25
1780 116
1774 44
253 35
1076 155
347 54
1429 97
1060 174
171 45
1257 107
1093 182
156 83
462 65
988 199
1629 154
1715 203
615 176
1262 26
650 108
1339 163
428 119
