147 36
76 144
1418 53
215 94
603 71
912 67
793 129
523 114
1192 95
203 44
224 81
287 69
1325 25
198 35
981 7
524 51
278 85
109 37
402 59
1447 43
1390 68
974 72
212 50
1290 14
101 19
590 30
908 70
688 89
252 138
634 42
828 46
902 130
75 115
974 49
777 141
1072 27
1006 135
836 98
501 18
957 133
971 101
375 110
653 56
561 125
736 48
470 99
248 10
1376 64
1461 87
1328 54
1149 83
940 92
1014 77
1171 40
205 136
565 119
385 6
263 126
294 113
441 3
1295 66
909 23
1132 137
608 45
947 143
863 58
866 90
1247 118
107 13
671 145
120 36
26 24
998 21
503 108
963 75
1270 55
960 52
1354 88
414 20
1259 142
973 84
1164 82
1444 131
1029 62
879 22
627 8
1331 16
96 34
562 106
1398 2
1197 73
902 132
823 146
890 4
1056 91
1451 9
128 28
858 112
733 123
587 120
182 38
1274 79
1208 107
781 60
1307 47
1 65
126 100
1272 117
1404 17
76 31
4 29
1335 93
447 122
1103 96
1367 116
178 57
1366 80
833 86
885 12
961 97
315 127
1001 121
298 33
433 26
797 139
972 63
1335 76
1009 32
1324 1
535 41
560 15
1161 104
716 105
886 124
1301 109
794 39
873 140
243 78
511 111
391 102
1466 128
784 134
54 11
890 5
703 61
1203 0
1232 74
1445 103
