250 62
114 33
2350 69
1562 1
281 119
1569 44
1758 105
814 108
2237 239
478 196
1501 64
2462 235
191 65
2346 45
953 220
2397 140
216 46
944 4
740 121
550 226
2043 207
30 248
777 198
2200 37
1847 60
2099 91
61 39
1587 57
1406 27
2482 205
1806 106
1355 227
1656 22
1178 104
960 102
2308 206
1973 120
2272 42
2208 85
2421 183
1236 132
1482 228
497 139
2260 13
487 234
1096 199
2271 190
1658 237
853 47
1298 114
1714 43
2217 97
42 88
1977 159
762 131
2064 160
518 84
1734 50
836 10
439 79
1003 178
522 83
1371 8
1101 87
923 152
1579 173
1882 229
1844 194
1692 142
554 11
1584 147
509 81
1354 221
494 224
1198 92
2004 107
254 195
716 204
245 148
680 156
1760 124
347 36
958 141
1527 38
1290 134
1859 135
1731 103
35 70
584 40
2229 58
1412 21
1454 185
540 67
776 180
29 175
58 41
2463 249
796 49
2150 157
1179 110
1717 7
1558 176
744 230
2370 136
795 212
42 201
601 247
488 233
1307 66
2316 48
1646 100
41 30
876 9
1702 75
2109 6
1425 161
786 171
2073 53
1494 214
2421 189
2444 19
94 99
733 127
1462 209
2331 74
1332 126
91 170
983 187
1040 18
423 34
576 98
1872 112
1759 182
732 184
1327 231
2138 155
1071 162
765 133
2306 245
1983 169
2283 12
1947 137
1055 168
1534 203
1480 149
1695 118
335 154
713 188
1298 151
515 150
2453 123
79 208
813 232
922 145
2080 113
534 211
492 238
222 165
2009 76
905 96
823 128
2108 68
2265 179
1690 54
2192 242
2370 216
633 177
1117 3
1629 73
1773 61
1120 115
2421 52
2221 78
1095 129
573 223
286 23
20 213
2491 222
583 246
1067 77
8 143
1628 217
1590 59
1674 86
1969 210
819 94
2496 24
1774 174
1654 51
1927 191
908 93
2047 166
1442 2
678 192
904 5
222 0
1487 25
527 15
1469 16
509 117
127 116
1764 63
1300 164
2089 163
1667 240
976 202
2455 28
2039 55
1016 200
1283 225
1886 138
831 244
2453 29
715 109
2269 241
1392 122
2474 219
125 197
675 193
241 172
825 32
2326 167
2378 181
2436 56
675 153
1075 89
774 26
1975 146
324 186
375 95
1693 72
1932 31
2470 35
2414 90
2496 144
246 215
928 125
802 71
2238 82
2077 218
217 17
672 130
2080 20
2370 62
360 236
249 158
375 101
1565 80
730 111
454 14
822 243
