190 47
72 15
494 78
791 34
788 66
547 29
934 5
1273 187
935 115
838 133
956 59
700 9
220 74
278 149
498 71
694 53
678 56
381 6
1185 148
1568 104
305 92
988 42
692 33
96 37
128 111
61 27
357 107
325 177
104 49
172 81
658 17
809 23
794 38
595 2
217 16
1590 135
524 22
679 82
1507 106
377 26
1394 95
1889 144
1745 55
1791 105
1558 161
1524 24
928 166
95 171
1141 67
1017 151
187 11
733 83
436 136
434 101
837 52
1633 19
1651 134
1649 20
1129 112
842 117
266 186
198 138
1873 93
1698 174
517 160
1814 1
547 62
12 129
370 87
134 153
1834 110
669 120
757 90
1783 73
1170 60
897 70
1152 183
997 119
1329 12
1163 137
79 14
133 113
807 103
93 102
1686 4
1270 181
122 94
75 96
318 116
501 75
614 46
1174 167
1487 32
320 168
453 178
394 152
1426 30
475 163
1374 58
1540 130
1305 84
116 109
1387 179
1400 65
1860 182
1832 158
674 47
898 131
519 124
407 44
1111 7
1229 99
1578 21
379 3
480 155
521 176
606 132
1259 0
493 145
1618 45
59 146
1212 114
628 18
960 13
252 36
493 25
1646 185
480 175
1430 184
1566 98
1307 39
853 68
938 125
1493 156
1279 50
961 123
46 10
546 31
1461 54
570 139
255 180
1207 142
64 77
1453 108
1341 170
118 118
1850 122
1133 154
984 188
1767 8
1100 165
503 51
1689 97
957 100
982 140
287 169
1016 159
878 126
1188 35
693 157
634 40
180 28
674 43
973 173
171 164
401 76
1397 80
247 79
1177 150
946 141
766 41
579 89
1435 127
1775 64
1711 69
1609 86
572 72
1267 143
1367 189
1668 48
1415 162
1420 85
1506 128
1641 172
1157 147
146 121
251 63
1619 91
47 88
736 57
229 61
