196 49
332 74
1831 190
1218 72
298 137
1702 88
16 163
243 102
620 23
1790 58
327 108
965 96
1184 180
1525 29
1888 80
1579 75
33 41
969 30
1799 7
210 121
135 62
1932 122
1043 44
1706 27
860 82
771 147
396 107
491 1
582 81
10 179
1818 36
780 174
368 10
240 157
384 168
458 4
1310 162
416 16
1333 165
22 167
1738 129
1278 119
369 93
1330 63
24 148
278 139
425 68
1778 158
244 47
164 8
1093 156
1278 85
1245 159
37 35
1003 57
630 144
1589 46
119 92
1352 104
496 52
1269 67
468 150
425 79
1910 3
1361 73
256 113
712 184
1556 103
608 9
631 39
855 140
1010 105
1479 114
1526 48
1167 135
1241 11
1490 172
910 141
687 20
953 132
251 71
1327 19
1432 131
232 151
920 182
1236 37
494 76
609 38
700 109
421 188
1558 170
300 164
1530 49
1086 45
1590 173
905 6
1087 130
1600 110
995 40
1120 195
1301 152
851 12
1656 160
1195 14
1157 189
1749 127
88 169
1344 194
1096 61
1949 133
1822 99
1138 106
1185 181
525 175
1152 69
1737 111
179 78
26 98
29 100
1271 13
625 191
1704 186
1556 55
572 25
428 91
1123 17
1531 86
1137 176
494 5
618 22
534 117
586 149
1332 65
1783 53
602 138
294 183
1265 70
1458 26
103 60
1320 185
788 95
1251 89
752 136
1888 123
638 161
55 15
1722 66
1107 126
411 24
1472 87
1039 118
606 166
1807 77
1584 64
837 116
406 51
975 0
535 155
154 42
1028 18
838 32
611 31
877 2
73 33
996 34
51 146
643 120
617 112
218 115
1592 128
329 193
1800 192
882 83
998 153
732 134
254 177
1076 56
1379 59
1498 43
1100 125
14 90
47 143
1715 124
72 21
61 142
1342 101
618 178
781 28
1725 54
1922 187
211 97
1607 50
77 94
732 154
1929 84
178 145
508 171
