255 63
408 81
1048 64
162 231
1095 79
2220 142
515 186
2242 28
1097 3
2051 35
1254 18
2347 99
338 42
297 150
491 133
443 21
708 86
1565 120
1373 123
2493 152
2048 78
399 198
443 90
2087 167
1617 48
1584 108
835 190
1256 62
1555 172
2102 59
1001 44
1072 218
1008 138
2298 228
57 52
816 0
2287 157
861 32
260 102
2171 14
641 17
647 23
2501 217
807 161
1805 104
2082 162
449 34
791 165
1086 173
1527 232
2453 26
1307 92
2056 63
679 95
1978 117
463 101
2203 50
1229 83
1003 174
886 155
1076 140
1456 216
1032 69
10 181
1186 24
2484 74
2382 122
2193 125
2305 151
909 53
190 253
938 219
641 169
2515 94
1567 233
209 178
2090 242
1502 230
782 15
579 227
5 115
587 247
1075 183
1678 239
1301 143
2464 40
1285 39
1278 209
1323 156
589 246
164 135
1506 237
2418 222
2284 89
216 205
564 76
2343 55
1008 134
1457 206
908 87
1671 212
1598 71
2188 211
2198 215
90 204
1471 58
2456 243
1428 77
358 146
2534 199
1630 170
1159 158
117 97
859 113
1716 126
942 177
2498 245
1307 2
96 27
2077 107
240 5
1736 251
1112 130
737 38
60 20
1414 193
658 19
2034 98
439 65
1328 250
2516 249
186 31
507 25
739 179
139 235
342 238
1583 82
1227 118
1014 191
122 175
272 6
1942 241
1636 47
235 252
731 60
1079 188
2414 147
1349 73
1123 168
1423 149
2526 84
902 128
2425 12
2188 159
243 109
202 148
872 30
744 112
1020 208
1602 248
589 141
1752 114
1584 56
1970 144
1989 203
471 254
2184 80
195 91
903 176
763 163
1867 85
2057 236
1047 61
2054 223
511 67
1806 145
2419 214
701 213
1834 66
1431 194
2540 96
155 166
606 100
343 105
1060 106
2040 88
1137 68
2126 180
520 46
420 210
2451 37
263 200
2530 224
1596 7
2427 119
1694 22
324 33
118 225
2028 111
2302 132
507 43
1062 1
2052 57
913 93
1024 229
7 13
771 226
1565 220
2548 192
2401 195
1285 221
1674 16
259 139
1956 4
295 110
1491 196
1186 11
1616 160
316 201
1767 41
2248 54
1832 49
810 182
1064 187
2489 197
961 29
2030 131
2414 154
430 10
2131 171
699 103
308 164
1928 9
535 70
1157 116
25 72
480 121
760 51
596 240
1015 136
958 75
1251 124
2 127
353 202
2130 45
1618 129
1941 153
2076 189
1129 8
2132 137
785 234
1716 207
1310 184
1747 36
1919 244
669 185
