111 27
312 45
624 55
70 18
1056 105
713 78
727 58
1013 84
159 53
281 1
618 29
587 66
787 8
530 102
596 10
486 42
541 83
1010 97
743 99
1021 80
700 109
723 33
960 28
510 24
1088 57
931 91
97 37
234 76
958 27
1064 17
949 72
237 63
982 86
96 23
480 82
919 52
527 38
1026 75
276 16
355 41
947 77
351 103
77 4
145 36
757 70
929 107
585 21
20 51
793 79
102 69
303 15
458 100
624 108
91 95
973 9
76 85
667 7
252 50
967 59
184 26
315 11
408 110
850 44
768 47
1007 67
626 60
38 35
1077 13
669 3
869 106
657 49
568 46
263 93
43 81
236 2
361 73
270 25
705 5
1020 30
134 0
913 92
563 94
190 71
128 43
489 34
258 48
704 64
700 74
530 56
1096 31
753 40
422 61
822 20
309 101
915 104
1091 14
964 68
966 39
521 54
290 88
727 32
872 89
828 19
838 98
1008 22
700 62
311 87
504 96
1005 90
376 65
690 6
250 12
