119 29
339 82
485 62
113 26
889 92
1069 69
443 108
38 14
268 99
117 102
456 97
93 9
604 2
78 1
575 32
779 7
1121 8
87 15
167 37
1043 34
595 23
331 93
1108 3
245 68
193 21
264 18
192 65
7 5
1036 96
906 106
237 51
68 24
1138 79
477 40
409 114
1071 60
650 112
507 47
433 38
346 113
804 95
353 10
364 64
934 54
832 89
86 86
1060 100
612 4
1079 48
69 28
580 61
795 19
135 43
450 78
24 35
545 0
703 25
189 70
322 50
565 58
498 98
1030 67
1145 52
1079 49
1080 29
537 87
400 41
707 84
281 117
1111 91
261 109
534 42
809 111
1065 55
365 72
53 115
1135 107
189 80
31 30
697 45
1183 53
428 88
418 17
1038 63
1102 101
768 56
1067 104
681 6
665 90
1164 46
488 116
816 73
308 94
611 16
789 74
677 76
1147 77
511 118
1040 12
374 103
604 36
1081 110
615 44
630 81
490 59
32 27
362 39
660 13
220 71
1187 66
138 20
54 22
763 31
185 105
306 11
302 75
450 85
309 83
96 33
468 57
