164 41
1167 33
896 85
605 68
900 67
828 121
874 0
177 64
762 104
478 42
562 156
1547 21
706 20
135 130
335 46
341 22
1626 160
484 163
194 56
1046 131
1477 119
40 17
734 50
936 11
206 83
1098 40
927 65
927 154
1013 114
913 162
586 36
1605 31
680 118
79 116
478 158
402 149
88 58
1250 82
372 103
30 148
673 49
1190 80
45 35
1540 111
636 122
107 90
615 142
918 57
596 150
1232 106
108 53
818 140
759 61
1608 26
364 7
1194 146
865 101
180 60
83 123
467 29
1287 87
1113 71
424 108
886 138
1083 152
44 27
140 112
205 81
1567 133
1293 132
1219 38
946 9
598 75
538 77
924 23
1223 107
460 155
1574 76
628 115
35 45
667 96
555 89
401 5
1263 97
21 59
1489 73
1593 3
144 109
1197 91
516 139
283 127
1487 128
440 92
667 2
202 30
1159 8
1105 125
495 39
1430 1
712 94
295 10
524 55
1547 63
768 143
1161 105
1586 145
1567 54
94 135
1553 13
689 136
536 47
250 99
419 62
138 151
986 34
551 14
1591 126
365 102
778 70
1058 4
250 95
1380 24
1331 153
1144 52
391 18
1026 137
319 19
400 117
4 69
656 43
344 41
534 15
1480 78
1501 32
1409 141
1530 144
1601 120
1077 51
1447 84
1368 37
414 48
960 113
117 72
46 161
1521 12
1068 16
140 79
585 129
284 100
1627 25
277 157
428 66
1296 6
937 88
131 98
1413 74
389 86
208 134
522 110
819 147
959 44
1552 93
154 124
1543 159
1027 28
