281 70
2325 44
2395 128
1243 256
654 102
1699 103
1045 263
1821 279
2102 74
1178 38
1425 47
2448 196
2804 262
1095 54
435 261
2626 175
2202 122
1784 234
2485 161
1133 250
534 179
451 88
896 135
2571 50
782 20
2297 80
1324 140
2591 277
216 275
167 119
2419 249
1975 121
939 264
2199 91
1300 257
2231 163
582 87
1378 166
1100 160
352 235
1647 76
731 237
1023 228
1610 36
2724 199
2502 219
1891 207
1584 94
608 48
1999 218
1759 34
972 267
1634 230
1210 35
2447 66
626 114
1657 9
181 209
393 200
1757 142
2552 16
1377 63
893 223
2262 8
2620 254
702 70
676 30
1263 139
1350 195
373 113
2120 43
815 274
1805 96
1257 7
1442 33
481 208
269 162
1199 29
2141 75
841 158
831 32
932 110
2773 232
1839 78
468 132
553 69
71 27
2417 174
2024 152
839 153
664 3
1273 268
3 127
1573 222
443 124
992 183
1263 92
2515 280
953 67
2204 138
273 18
154 194
2521 224
2225 269
497 41
2591 210
1454 176
1524 14
2764 185
1595 46
484 193
1771 31
757 0
508 172
697 23
852 236
146 104
707 26
1248 17
2803 107
279 205
732 182
2470 168
2185 10
2018 112
1478 11
846 141
2268 60
497 245
2568 204
2586 266
538 109
2696 83
1902 73
1802 106
802 155
78 180
1109 157
824 206
1201 68
1670 21
1994 71
1716 22
1055 190
1708 159
2484 156
124 72
986 216
1355 144
2021 243
143 81
1162 231
921 61
2563 225
404 244
2323 24
1089 6
154 2
1225 178
688 28
1296 1
1401 272
1607 129
1356 169
1566 55
1006 40
1095 252
465 100
1555 12
1616 77
376 197
1649 62
908 187
768 154
854 239
1854 125
2541 276
975 177
2748 136
956 52
1232 167
1081 115
1146 170
1347 116
2158 221
1384 95
605 134
1537 111
217 64
2157 86
1356 258
2678 53
701 51
1037 126
164 273
2255 186
2001 215
1664 133
1864 171
2212 148
1035 260
1882 85
83 79
1012 241
2720 120
1129 226
1925 90
1836 84
2112 145
1342 278
885 229
2061 59
1892 214
1289 246
303 251
1998 37
1849 247
1196 39
2699 130
1946 42
1552 242
2247 217
2687 184
2329 165
856 181
1841 123
1842 89
1581 191
809 198
2009 25
411 5
1913 131
67 98
864 233
807 117
2248 118
2771 227
1046 248
792 213
1250 164
564 99
2045 58
1906 4
1080 151
821 149
366 150
511 270
1759 49
706 65
2651 253
1617 101
345 97
940 189
760 19
2473 259
490 146
463 45
1646 211
1867 271
2793 240
1574 143
1385 255
1773 13
282 212
2076 108
68 147
980 188
1025 192
348 137
1987 57
1234 220
1102 105
9 56
1974 93
2581 15
505 203
1769 265
360 82
2376 202
839 201
273 238
405 173
