173 43
605 89
1580 139
815 26
711 120
918 168
645 115
738 29
1116 100
508 10
940 93
108 130
1638 33
209 94
791 65
1222 107
354 0
827 87
1410 48
1392 98
825 122
1264 167
938 166
396 90
796 86
1305 3
445 5
860 23
693 147
717 169
1328 151
1532 76
1076 99
389 123
839 41
925 127
1659 102
1253 28
174 51
863 142
92 155
754 131
301 88
1135 119
164 73
1197 104
898 157
778 1
505 112
56 74
41 148
1365 162
694 16
557 32
485 55
435 132
117 150
940 109
1267 25
566 121
1718 50
1411 60
283 95
44 21
623 53
1718 42
1585 105
527 31
963 144
1676 171
1048 135
1009 69
1518 63
217 47
1569 27
398 68
1080 129
251 78
557 79
351 17
1630 138
838 149
172 111
1046 137
843 125
1303 77
788 92
687 145
677 52
1289 170
756 160
480 64
483 72
651 164
656 146
17 81
904 91
1018 165
83 8
752 61
448 62
14 11
1614 7
1496 44
1472 30
469 43
946 19
184 114
1348 82
1365 110
642 141
1118 35
1628 18
986 154
1510 40
202 71
1117 15
340 128
576 45
172 84
85 66
1189 101
1506 117
135 22
925 56
955 9
269 97
13 124
490 57
530 67
929 143
573 83
710 6
1144 158
865 118
532 4
433 161
1643 46
1142 24
99 12
287 49
8 14
439 36
1364 54
626 75
837 159
372 156
1716 37
264 80
413 96
969 103
574 152
746 13
1250 134
58 58
1510 113
870 116
960 59
1486 70
632 133
1014 34
1039 108
1500 126
511 20
9 153
1597 140
1525 2
40 85
1676 38
1103 106
773 163
1673 172
1220 136
1263 39
