135 33
795 19
55 7
206 45
123 87
506 94
279 20
532 72
1349 11
1347 77
709 13
380 91
1335 114
254 28
232 2
1290 61
1179 128
664 44
797 47
429 30
678 54
1150 90
643 71
1018 58
149 122
858 18
1013 96
409 84
1207 43
361 92
928 109
1033 40
731 17
1338 60
60 117
1106 74
845 65
294 37
1127 57
771 66
433 82
1202 124
82 67
1304 9
276 14
936 53
631 123
107 75
597 46
1061 78
897 95
1263 32
905 69
849 83
2 52
755 6
732 1
573 81
1316 21
1330 22
648 130
845 134
77 70
252 107
70 97
1063 36
297 16
327 33
470 113
227 100
282 103
1229 63
651 25
976 26
743 50
812 101
1145 98
327 68
15 108
78 106
109 4
680 119
672 38
462 76
1300 120
784 116
1332 102
1032 51
111 31
786 126
1137 29
690 104
79 27
1212 8
78 15
687 111
469 129
417 34
936 79
1002 64
1027 112
1257 118
502 132
932 133
549 49
1136 3
387 10
905 85
83 86
822 48
368 55
224 73
809 35
648 24
1313 42
949 0
1016 127
1319 121
152 59
451 115
1237 80
898 62
727 12
113 23
886 39
1079 41
318 105
1262 110
1030 88
229 125
1010 131
851 99
1278 93
364 56
1179 89
698 5
