327 81
1588 57
1031 39
1134 24
860 66
342 54
617 85
197 279
2721 118
2214 56
985 14
855 311
1316 29
954 317
2581 321
1424 72
3183 38
914 232
2330 124
1793 227
1305 257
691 318
87 167
145 127
3018 184
503 3
3020 82
6 27
1153 287
1632 67
536 275
2695 114
2950 122
259 20
2897 146
1632 15
564 154
2622 110
1675 243
2315 314
2295 70
1567 255
2544 183
2616 115
82 150
699 37
1106 28
998 88
1669 152
149 190
572 229
30 212
2887 219
574 220
2591 249
1617 41
1 173
1545 202
680 193
2727 299
2024 135
394 240
85 87
2262 62
2404 192
2423 134
2929 153
2539 59
1021 107
2374 23
945 91
2833 79
2910 144
2344 295
1903 230
2803 77
1157 161
1542 181
2860 179
3043 100
1062 10
1383 310
391 244
1571 78
1946 315
2730 282
1828 199
972 102
2897 226
2749 90
1017 61
1592 302
1756 207
2603 65
1064 113
181 120
1832 25
948 74
1376 53
1419 60
125 286
2629 31
106 40
482 76
511 189
959 195
1787 162
2991 9
750 293
1073 141
2163 264
26 256
768 176
1255 19
2486 186
2162 254
2580 64
1246 166
1708 228
914 138
306 291
581 242
1717 300
231 96
1021 133
1085 170
474 278
124 148
2695 298
1068 223
2623 46
519 297
732 147
2078 262
2035 50
859 259
1233 225
1230 210
1171 320
1985 222
299 265
1190 49
400 163
658 248
1631 103
1387 288
595 198
1598 155
1536 33
1073 45
1717 272
2761 137
215 149
3237 294
1968 12
1473 105
497 277
786 86
538 211
1179 94
1058 101
1079 266
2522 36
544 16
2213 132
1507 159
1921 261
2730 204
2492 180
2755 177
1013 236
3208 35
2151 126
1915 21
1173 4
1254 26
1819 157
1537 187
793 117
1497 305
1748 80
3040 111
1 1
734 52
2489 326
3257 218
2267 6
927 164
2086 93
1654 322
476 260
494 108
2836 250
2324 325
246 200
382 81
2033 238
2229 171
1962 178
1347 221
56 292
3241 253
432 128
2963 271
274 68
2461 5
1944 142
385 214
833 309
2230 143
1256 194
2093 237
1908 273
1472 182
425 203
2529 13
811 7
2281 11
1494 172
795 241
2354 208
429 119
760 231
154 191
886 47
2752 196
2993 95
2432 156
2067 280
2400 319
139 313
1915 252
940 0
1344 205
873 30
3250 224
424 73
3030 58
2336 158
1990 246
295 125
961 18
872 17
962 217
51 116
580 251
1111 284
1066 245
2372 247
1334 324
2474 160
880 263
3198 55
313 269
1448 131
2524 98
98 267
456 139
582 268
2769 296
609 281
3167 169
3017 136
1923 44
2839 290
641 42
2002 303
3266 216
2802 71
3055 99
652 69
13 89
2246 22
2625 165
399 43
996 289
2948 213
2380 234
706 235
1275 197
2151 239
193 112
1553 8
1419 274
2271 92
2550 188
2820 185
1808 308
2932 83
1902 285
288 258
965 84
3022 168
2720 32
1995 97
452 304
1873 323
1900 215
594 129
1068 306
2179 201
1180 209
1384 301
1076 307
652 174
2109 63
359 233
157 283
893 130
1062 312
922 106
2075 140
1819 34
780 51
1110 316
2580 270
1584 276
2741 175
2855 123
247 2
3160 206
778 121
2974 109
2033 75
346 104
1219 145
814 151
2375 48
