75 18
339 22
470 44
698 61
304 4
325 20
443 47
259 62
573 0
564 59
166 52
229 1
18 65
277 48
309 10
10 56
139 13
391 17
25 25
703 37
201 64
342 67
402 71
415 45
173 53
24 12
333 28
123 36
195 58
374 40
674 8
578 49
530 63
636 29
67 60
206 66
102 69
451 3
550 6
262 38
325 57
81 41
631 31
709 74
235 35
465 21
215 23
546 33
371 7
140 9
586 42
481 5
742 68
14 16
47 30
544 15
331 73
559 43
717 24
42 27
593 55
183 39
54 51
146 2
181 46
693 70
498 19
473 11
201 18
500 32
227 72
406 54
5 34
181 26
657 14
105 50
