298 74
758 263
2931 165
1506 203
2004 271
2805 118
1052 65
1717 176
2211 254
947 40
985 157
1779 23
2648 284
543 43
1692 236
2653 239
730 211
2706 110
1582 206
361 202
2286 52
2911 150
1365 25
2205 187
2142 83
15 207
2965 268
1733 95
734 124
2863 212
256 112
2690 175
1958 253
1045 0
61 139
2857 249
1501 180
1266 15
2183 250
134 113
2758 1
1887 145
2424 84
1694 255
535 98
237 285
2026 247
1456 73
2318 64
1328 205
1007 7
1095 297
862 155
2707 209
1799 149
1161 69
369 48
2292 123
554 121
2928 111
605 6
1181 246
125 234
1397 102
2125 61
1070 146
2674 192
2748 179
238 242
2616 30
475 13
1228 134
2466 135
1678 201
2175 46
1215 114
2374 137
1108 53
705 9
1218 81
2393 54
1155 117
2268 66
420 223
2968 78
2251 4
1317 18
673 276
2315 231
2426 195
1083 55
490 194
1572 172
1564 20
817 233
2538 256
1168 85
2281 153
1372 100
1140 14
2619 56
1967 35
658 296
2457 91
1539 241
676 109
317 94
579 148
586 218
1260 87
2008 92
1347 63
1898 280
868 251
1162 11
1401 161
977 125
460 274
2391 189
1285 143
1748 174
2898 103
1179 292
2566 229
859 28
2490 36
1086 228
983 262
162 168
2643 286
432 8
866 38
1011 210
2721 58
2600 290
2378 158
2918 76
1116 21
162 289
2834 154
1431 196
2084 226
887 232
2962 257
438 260
2424 273
795 141
134 147
2489 291
827 243
1636 31
2677 122
627 204
1566 3
699 293
846 219
1998 183
2646 215
153 181
2274 264
22 266
2639 277
331 265
2899 221
913 132
2897 41
1443 160
279 230
123 106
786 240
2595 272
2730 199
1896 88
1044 45
2939 127
1871 216
974 107
1811 34
771 193
2881 182
604 74
1597 142
712 173
1125 108
2671 163
648 170
2120 50
2052 16
1546 190
2383 51
2139 144
336 72
2522 67
1916 214
2561 24
706 151
1445 47
1669 248
196 82
1112 245
1462 178
409 278
2618 208
1549 97
2831 80
2113 270
1216 295
1970 105
944 138
2677 62
2755 120
2149 60
823 68
2738 283
2822 140
487 29
395 269
360 96
2297 166
651 93
917 39
1494 90
872 169
1596 59
2171 282
1627 104
2851 167
1357 227
2526 44
2907 259
2772 99
932 89
269 115
1904 70
598 19
1797 213
284 152
2 2
687 79
1628 197
2690 188
1126 191
434 220
2132 217
2476 10
857 287
312 279
2478 198
2814 126
1912 119
2566 133
1535 267
296 129
357 281
1857 128
1739 101
2364 12
989 5
2558 238
1052 164
314 162
2752 275
978 130
1159 156
2092 185
2300 57
2707 42
1324 77
1725 26
113 159
1437 17
819 136
1409 86
706 116
685 252
2081 75
1357 71
1310 258
2960 33
2096 131
2739 222
1060 184
1354 200
1246 294
1034 244
2774 171
165 261
135 224
2566 22
2368 177
2108 288
2208 235
1128 186
654 49
1248 37
2508 225
1471 27
1040 237
2720 32
