83 20
408 66
455 35
175 31
625 82
104 28
346 58
338 18
334 26
359 77
233 16
307 57
552 13
137 11
248 38
328 70
242 1
182 51
368 2
636 27
252 33
619 29
648 20
34 5
107 44
247 9
182 64
352 52
530 23
418 67
99 63
662 4
22 0
471 39
280 55
120 56
148 50
8 42
804 61
343 49
257 37
518 43
760 7
120 19
366 24
781 47
751 60
468 46
192 41
702 10
387 79
495 6
144 53
656 73
479 68
459 34
18 22
775 62
590 65
64 59
87 8
690 80
399 75
734 3
423 78
657 15
66 54
155 48
144 17
352 12
276 32
626 72
738 76
260 71
767 40
503 81
110 69
468 45
350 14
44 36
435 25
748 74
539 30
331 21
