201 50
1507 198
769 183
1073 28
561 70
1384 30
761 128
1472 179
1417 49
1031 111
721 152
815 60
166 99
590 36
532 1
1643 51
834 131
1968 106
344 16
1421 122
42 44
249 191
1579 129
271 93
218 118
1591 53
1255 91
512 193
1099 100
549 200
841 187
797 39
1236 164
1072 86
259 58
579 181
1106 37
1483 165
297 27
1033 98
1869 9
1804 12
185 121
1781 5
716 170
636 173
1007 103
1028 14
998 189
409 108
1332 176
495 26
1672 34
770 92
1479 10
1610 24
1310 55
1289 158
1170 22
177 19
1138 119
925 21
706 87
1862 184
1941 25
1821 61
1990 117
293 73
521 160
442 177
357 52
1079 112
1921 42
1574 46
1050 138
1608 33
1407 185
995 6
1501 66
1431 196
747 199
647 75
498 43
1014 48
145 23
1223 8
1562 59
585 17
1028 161
581 65
1729 188
49 77
911 113
1090 195
1753 153
120 97
1979 140
1193 83
190 124
206 182
1866 162
1081 72
152 84
1518 102
1319 180
1335 31
1932 133
83 79
1828 143
1815 175
1364 45
20 104
146 38
1797 127
1610 149
1404 67
933 186
1537 159
1578 116
1208 105
30 90
463 135
1471 145
649 115
1977 7
1742 82
1095 125
142 194
687 62
1330 95
1217 68
1221 40
710 78
1052 139
951 141
1223 80
1166 114
1734 142
622 41
961 150
1602 50
200 147
315 146
1573 148
486 88
1640 192
551 171
1541 3
446 172
1331 157
955 57
1094 32
1069 29
1172 110
1859 81
661 18
745 144
1965 132
1587 120
1240 154
1903 126
540 13
1409 167
61 178
716 137
1372 85
261 64
1820 130
515 101
1051 63
1707 134
216 197
261 163
483 4
1300 69
1791 174
1053 76
1548 94
670 155
1230 168
1902 151
149 156
1824 71
1478 0
764 35
1966 109
1650 123
318 56
904 20
499 47
827 54
700 169
1661 89
1052 107
1901 11
1939 166
956 136
137 15
1434 190
1400 2
321 96
1761 74
