246 61
32 73
1144 122
1282 89
1757 145
2170 164
2352 33
155 99
49 200
1275 56
403 150
534 112
653 175
1798 95
1573 130
1022 166
1289 197
287 121
1349 5
1184 32
1744 70
2399 165
2406 116
1740 235
136 213
338 228
867 118
1477 55
1709 148
643 22
2158 141
2329 217
65 25
597 152
632 139
1101 236
629 31
1140 154
419 129
699 190
2037 204
1483 26
1947 63
303 181
1799 102
1617 117
2108 147
1100 146
1435 105
355 219
1871 216
698 182
2378 50
147 71
737 207
1038 52
1085 210
1275 191
2407 24
693 201
983 3
2440 115
922 211
966 44
947 157
793 108
37 4
2000 66
278 126
396 188
649 229
1276 110
1942 79
95 2
1544 202
1713 218
677 215
226 124
2344 203
2409 41
1483 14
362 60
740 9
2415 38
1946 186
294 162
1594 109
621 48
2410 234
1238 82
2317 34
1448 69
741 177
964 132
36 239
1980 238
692 233
1125 85
589 133
286 221
1350 6
454 143
1677 189
1829 72
1685 94
2328 87
2402 243
1911 240
1435 57
573 10
280 16
604 114
469 0
2224 192
2384 212
947 59
2315 180
579 178
887 54
1 149
1135 183
462 80
126 173
969 35
1808 81
940 62
1069 120
2438 83
1066 13
523 223
839 40
2433 172
227 92
1046 20
295 131
148 64
1032 137
2310 53
1770 214
2406 47
1502 245
628 209
2077 187
2020 140
955 42
273 231
17 11
2444 15
150 77
2210 93
1013 84
713 91
448 138
890 179
2364 96
203 142
1681 222
2174 206
2021 30
1243 232
1912 43
646 244
1944 113
1424 36
393 21
768 12
827 225
803 168
725 19
691 58
2034 125
683 97
1530 134
323 90
171 107
1295 67
686 195
1825 68
2228 106
1257 17
1630 224
1148 185
859 220
950 101
972 75
324 242
2296 230
285 193
156 153
65 88
1735 7
646 158
582 37
1515 100
1831 205
1356 241
163 227
1592 123
772 51
1509 176
6 61
1097 78
1922 151
2160 98
796 65
355 170
483 160
1381 161
2214 23
995 198
1143 27
1949 196
1599 1
1451 28
1795 163
2206 208
353 86
2255 104
372 237
1299 194
2213 18
2445 184
1040 49
913 155
472 76
861 171
635 119
1220 144
827 39
407 46
1745 74
2221 103
510 111
1034 159
1653 136
102 45
1557 199
967 128
2158 169
1358 167
2309 135
2290 156
2036 226
1261 29
717 127
904 8
92 174
