193 48
1530 41
139 56
743 191
203 109
1080 78
161 91
1310 136
943 161
319 106
1416 89
1560 74
1443 13
1835 10
500 131
1007 37
1915 64
1007 174
143 160
658 93
1104 82
1880 95
1226 101
978 88
160 104
551 8
1369 179
1872 84
1796 189
317 86
1025 34
1748 177
1084 151
1049 52
1256 137
369 132
943 125
938 5
1437 92
1541 115
1524 154
1924 32
1689 99
1761 168
1671 71
520 103
463 65
688 192
1745 63
1723 149
482 170
1837 6
1238 14
438 128
543 23
128 150
976 153
575 142
930 0
714 123
339 152
1780 28
1480 35
271 117
853 21
220 144
534 140
1865 45
1734 9
1646 185
214 24
1197 102
1417 80
603 186
192 143
1195 49
28 180
912 171
923 47
1117 166
445 124
327 139
1406 58
818 31
1921 16
1082 118
1186 69
1689 105
1894 175
423 40
1105 134
1448 51
1411 36
1639 20
1671 25
663 22
1929 73
1653 18
1156 33
715 130
859 38
1523 108
565 110
1568 11
1288 141
282 42
35 55
157 111
455 44
1125 98
1239 29
149 129
589 66
316 3
717 190
287 163
171 114
195 127
704 169
790 17
115 43
1198 157
1511 76
1755 50
1454 107
1841 62
931 15
1092 60
514 178
434 85
588 116
134 68
1764 135
1801 181
551 53
1127 67
729 54
49 48
1577 59
1242 167
940 159
924 1
1322 96
1511 156
591 126
1431 119
1582 7
191 133
448 26
1281 187
1688 94
633 77
1262 162
1457 145
1508 30
1800 27
501 138
92 4
1320 19
485 165
441 81
331 70
38 164
80 158
803 113
352 97
1852 79
897 12
525 46
43 148
1675 100
173 90
1095 2
133 75
67 61
242 183
285 146
624 121
158 155
822 188
1057 182
1005 184
964 72
1412 173
54 87
430 112
56 39
667 176
749 147
531 172
1697 122
171 57
768 120
1647 83
