92 23
205 5
326 2
372 44
557 66
712 19
658 83
587 46
470 33
632 78
832 56
852 23
878 1
772 72
904 47
234 16
343 79
122 65
86 4
644 39
835 88
75 20
650 58
28 82
67 70
357 26
92 34
868 80
328 45
216 36
911 30
680 63
859 27
738 64
276 74
94 18
532 17
741 32
244 29
122 10
374 85
123 13
263 77
609 38
668 15
27 61
30 89
295 81
707 12
250 25
371 9
469 76
60 21
74 87
370 86
703 11
720 31
880 90
686 69
871 14
596 54
1 59
17 75
592 35
11 48
32 43
818 42
704 68
800 55
750 52
750 22
538 40
551 73
659 28
642 67
907 53
289 7
895 60
187 84
675 91
367 50
762 6
348 0
580 24
781 51
486 62
746 8
561 37
826 49
907 41
42 3
494 57
791 71
