269 67
2304 111
111 57
974 12
408 79
124 168
480 217
186 195
1936 266
2491 6
2402 198
1930 148
971 37
1429 175
1951 54
2181 71
1311 109
1589 74
867 201
56 146
148 263
730 19
1901 145
667 192
988 196
1259 265
2288 122
302 61
1099 50
918 55
1354 207
1874 92
25 241
1655 166
1190 172
1559 62
451 140
1327 45
2270 102
2505 48
95 230
863 261
2131 135
644 160
1102 231
1311 15
1109 190
1652 187
984 238
2385 67
17 84
1132 130
2546 11
1213 228
139 149
1765 100
49 46
1642 159
2134 243
1264 110
904 106
142 208
2195 244
1415 132
605 202
1490 171
2689 128
1643 1
1177 169
453 236
2094 179
981 93
1416 123
1750 257
145 252
237 212
987 66
940 258
1313 64
2100 131
1395 5
2042 177
605 220
1789 13
1486 42
2290 156
718 25
2400 58
2478 188
940 222
636 204
907 191
1976 254
636 88
944 120
2231 22
808 52
1881 28
992 86
271 157
987 108
2362 139
2435 82
2650 194
1137 14
2621 181
1884 125
2271 178
190 161
696 255
2444 197
669 267
160 7
2218 143
1717 214
1508 221
1880 76
305 218
1509 229
2453 27
1085 268
372 246
2481 183
448 136
701 26
120 59
1369 56
286 251
196 137
2336 9
2210 114
609 3
403 40
1907 90
1899 242
1065 81
41 250
1448 186
335 185
156 249
2248 193
114 225
232 150
1913 213
110 223
2081 240
1840 53
1247 205
662 99
1132 87
594 36
2133 18
562 162
297 173
2334 95
1838 24
1370 155
1821 47
1958 260
1741 121
559 174
849 133
1017 237
834 200
785 116
1014 224
845 264
1984 34
1391 104
131 226
25 43
2552 154
309 69
2286 211
2215 253
1380 117
926 115
2218 23
1016 184
2139 2
1282 153
1829 259
246 152
1815 129
2560 97
326 103
950 127
1239 256
1919 182
948 105
700 206
404 234
1263 235
68 158
1608 107
970 232
1547 73
544 165
1777 247
2133 31
2563 39
2426 216
583 10
2393 215
1541 262
661 112
1428 134
2263 0
981 141
1042 227
109 32
637 144
2486 70
380 33
2379 167
751 180
212 49
2239 16
2600 163
501 91
833 35
463 4
811 126
2094 101
2392 29
60 147
68 203
937 63
1255 170
898 164
2233 77
2015 72
1939 21
685 199
711 65
147 8
2003 38
2502 94
1813 248
2254 219
919 80
114 20
1643 209
975 75
1883 78
1861 89
1105 17
536 41
2241 142
2591 85
1251 239
2307 210
2627 60
1863 233
2251 68
1664 151
28 30
1995 83
2057 124
1378 189
1715 51
2406 245
1336 98
1155 118
1032 113
1088 119
1334 176
1002 96
1628 138
109 44
