80 20
125 34
190 52
269 50
474 68
153 45
136 58
661 2
357 75
150 47
579 60
306 30
367 51
448 10
561 42
378 37
190 8
95 41
370 14
56 19
24 48
160 31
791 0
702 56
558 59
210 32
800 53
602 27
704 12
544 28
610 1
304 16
279 25
592 18
2 72
786 15
220 67
577 62
192 17
87 70
241 69
611 57
503 38
509 4
670 11
415 39
163 76
653 61
291 9
181 29
344 78
132 64
302 6
702 46
453 65
439 7
435 55
567 33
291 79
700 54
764 44
98 22
74 36
511 26
293 5
452 21
153 20
624 74
59 43
426 13
142 77
330 49
503 40
211 3
477 73
295 66
40 71
605 63
102 24
441 35
792 23
