211 52
88 153
80 87
1931 111
53 97
156 156
1169 176
1831 79
1475 43
366 139
1201 140
209 72
128 58
1334 31
1564 126
1618 192
74 66
1393 152
671 74
1129 47
835 80
194 127
1693 171
51 53
2077 35
1332 18
762 67
1398 119
1949 82
1848 81
1829 138
585 191
1102 62
1017 102
27 28
1132 173
781 100
255 146
1021 26
459 200
983 78
2024 92
2098 159
1375 207
1445 165
159 123
258 37
557 186
60 40
571 5
1759 7
1214 195
1925 151
467 64
1854 22
1992 187
433 86
534 120
98 183
914 61
966 206
985 163
44 25
1103 10
855 13
368 160
1079 60
722 169
613 177
1237 189
1282 182
687 135
2 21
893 172
849 199
893 116
258 148
239 95
569 52
895 181
1603 23
668 11
999 154
1378 91
1519 203
1052 180
2065 164
1656 143
590 170
55 150
2022 51
2026 17
140 149
730 12
685 6
252 133
1408 193
1699 162
2026 190
867 204
144 59
1581 105
232 29
1870 141
555 103
1282 41
532 77
6 157
146 88
409 63
1051 129
455 114
936 36
423 98
1957 188
363 38
1320 110
1919 185
418 132
792 131
1697 117
1556 90
1809 198
817 179
1835 134
1487 93
876 209
939 166
1648 15
2016 137
782 4
141 205
1517 73
442 54
928 3
380 109
1454 84
1757 8
1632 167
893 49
375 14
2074 9
946 106
549 128
846 197
174 42
1668 113
1192 20
897 178
1348 39
38 121
1249 1
81 101
1067 45
96 161
1851 158
1755 0
1034 75
779 145
1483 55
1568 201
47 50
1305 85
1104 107
128 46
773 94
1583 69
2103 19
1762 210
646 34
1408 68
703 44
1316 112
1207 147
2021 30
205 65
2098 208
84 174
788 70
350 24
948 33
1737 2
417 99
520 71
2089 168
1829 96
384 124
932 104
816 27
81 144
1402 130
1818 56
528 89
1920 184
444 155
726 108
1968 125
907 83
2062 136
2029 175
138 202
167 122
1724 16
1489 76
1318 115
355 142
1098 32
1776 118
1 57
1302 48
1828 196
1836 194
