149 37
289 142
1192 135
910 130
356 127
649 118
704 63
1102 138
866 21
130 53
480 101
1024 75
369 22
1086 82
965 94
519 42
840 79
293 116
447 108
451 126
258 107
1446 36
1072 34
866 37
507 60
86 113
193 92
1322 124
594 144
1219 28
160 109
1254 14
1232 74
923 106
872 96
208 120
8 78
917 87
1387 134
1225 1
781 90
1053 0
1341 121
612 140
865 71
594 15
6 5
907 44
1155 97
568 39
311 110
892 2
86 65
275 76
376 7
834 49
327 145
717 55
1252 23
371 128
237 45
223 72
438 100
949 13
704 81
12 57
436 132
1095 114
627 112
204 115
1208 54
1076 119
771 69
723 73
1345 12
1276 136
207 59
781 77
1099 122
194 51
729 29
1094 11
1300 35
1400 26
307 46
143 147
1263 20
304 67
945 61
1306 91
199 131
438 141
849 41
142 148
1282 17
1118 123
978 19
1338 88
475 125
401 129
1074 4
273 146
1410 43
1136 48
528 70
539 111
1071 24
333 137
433 95
1461 52
1079 58
837 40
1470 117
613 86
1279 99
893 30
1276 66
378 62
302 80
1233 98
516 25
1324 8
531 139
830 33
529 16
444 32
481 6
703 103
187 89
490 56
1118 9
469 64
1410 3
365 27
95 104
53 133
616 93
47 31
803 50
1342 47
787 105
1328 10
1113 84
1319 38
1372 68
1033 85
1339 143
929 83
1173 18
87 102
