264 66
2495 1
1142 152
870 47
1993 255
940 232
2582 220
1186 25
618 206
1192 57
2388 212
520 97
2345 114
1196 39
503 126
1773 44
2354 75
2546 7
1576 144
477 94
316 119
142 31
254 36
343 65
901 230
1851 159
325 172
1659 69
1308 133
540 26
1849 63
433 259
1415 107
2070 189
2611 243
2247 176
403 8
1037 216
555 211
1822 18
1162 169
2100 102
2421 62
2121 32
1302 90
708 234
1954 137
1028 60
861 64
1912 48
508 56
1210 51
1697 46
1001 130
2516 43
1630 208
378 141
1429 252
699 147
1902 129
2079 0
324 229
1087 142
51 128
838 34
235 158
524 198
2347 166
2347 77
1328 205
1026 100
959 132
2350 121
1422 79
901 175
852 178
2571 231
1473 135
1428 13
737 84
1044 105
1413 19
1902 151
1897 78
1807 98
106 182
416 140
2522 188
1762 248
2438 122
2159 174
841 233
1491 226
2443 228
1938 156
1787 221
628 110
1303 124
379 207
946 113
1716 256
677 197
1561 58
1027 193
438 262
406 4
866 150
840 95
1726 91
2171 146
1564 15
1904 170
181 86
2579 73
1732 40
655 103
1281 50
1974 204
1324 116
2148 66
2052 209
956 173
156 187
1843 237
842 96
1299 74
346 38
2428 214
563 210
665 118
152 161
2237 167
2572 134
835 17
31 42
2351 149
1423 27
2474 263
1786 41
2329 190
636 168
1084 109
52 202
1070 53
1259 261
2485 225
2457 191
2536 49
1572 215
41 76
639 99
213 45
691 154
1895 35
2629 253
2483 227
1850 22
952 72
673 117
833 92
732 11
2201 184
543 199
2296 181
2093 250
444 83
2143 16
915 196
1852 68
278 101
51 249
551 67
2087 254
1080 200
1619 104
1794 85
1907 89
1731 251
1530 241
1834 143
1369 179
133 162
1071 24
2223 37
1093 70
1211 120
1170 108
2308 136
1316 224
895 10
1807 138
1778 112
1895 185
2021 239
157 33
47 258
470 192
105 180
1378 223
1739 87
512 88
1843 257
1195 219
2587 28
413 30
130 80
337 165
2527 245
1021 123
283 106
1932 246
729 217
827 222
225 82
815 93
805 203
61 171
2234 242
882 160
640 9
1225 127
522 12
1049 177
641 6
738 213
1796 61
817 195
805 139
2405 164
1703 3
415 81
2334 148
643 5
1745 2
164 21
2556 157
1600 153
136 260
1290 238
1909 20
2383 145
1933 23
945 218
750 201
1570 115
1289 183
861 186
1241 131
2328 236
2545 235
2571 54
2550 163
880 14
1505 29
1614 244
2265 111
914 155
224 240
1901 55
2027 71
1200 59
1757 52
1926 194
2568 247
1073 125
