118 29
719 12
428 102
58 55
614 80
512 72
249 106
402 15
687 62
669 34
454 51
51 81
1174 43
956 6
469 42
220 59
974 37
836 84
903 58
1158 92
750 25
904 113
631 98
984 93
1033 18
825 30
106 60
460 11
237 74
438 87
809 69
1015 89
949 22
538 117
362 17
156 114
240 5
72 86
49 50
395 116
739 85
1006 61
246 23
553 95
62 104
1000 94
912 7
37 63
763 40
115 49
155 31
429 24
457 35
894 19
1020 90
1079 110
1113 1
734 29
209 68
16 38
686 78
810 109
13 3
898 107
976 56
60 33
991 28
760 0
344 44
48 39
175 10
589 14
1060 47
348 4
43 66
740 101
694 52
761 65
585 71
933 91
754 83
708 21
135 2
447 13
201 41
691 103
419 76
403 20
822 32
86 108
20 54
1108 100
124 99
337 8
586 9
1018 79
1054 96
1135 115
567 97
206 67
312 75
425 26
53 27
813 48
726 77
682 46
494 82
553 112
202 111
1100 57
1010 45
518 53
740 16
1131 73
39 70
837 105
576 36
261 64
629 88
