301 75
860 104
2788 239
623 136
1327 226
1199 227
73 237
48 167
1718 279
1837 295
409 72
1122 108
1987 229
844 79
455 235
2856 261
1015 33
735 272
1990 210
995 105
458 282
1033 211
1739 90
1639 76
97 87
339 293
149 125
1415 81
163 150
1937 222
2547 153
891 8
19 165
416 160
631 249
1235 209
1005 263
278 236
2262 285
2224 269
832 57
1777 132
937 109
710 298
995 145
2884 2
658 273
2973 7
2654 159
611 225
2209 23
1294 178
2926 63
2863 117
2823 205
2666 288
1250 241
486 194
642 122
2049 213
1432 27
1865 48
438 177
727 99
2825 233
2753 260
1412 60
2360 254
101 247
43 84
2012 140
1882 224
2884 144
36 289
1361 221
1680 257
2464 196
328 195
1806 77
1258 218
2592 124
1148 24
2396 82
2200 220
240 11
2722 188
2652 134
2486 50
1845 65
277 173
358 157
2340 278
2008 131
2782 299
156 37
642 102
410 75
2512 274
1176 256
760 280
194 53
1830 292
2680 190
1385 212
2303 91
339 139
1311 25
2528 242
2048 270
852 106
2252 86
411 45
670 200
2989 112
1695 275
1672 158
1434 267
446 172
2620 40
1182 271
1553 155
784 110
1874 187
1388 183
1061 67
2087 35
785 152
1065 186
2429 135
486 118
929 234
1664 175
2792 74
2446 246
2742 291
534 17
807 219
411 1
2941 9
302 284
763 3
790 128
2628 130
1097 78
1074 243
2601 119
884 59
2282 69
1069 151
560 95
2177 58
498 207
2122 42
862 13
1347 31
207 231
1398 166
476 41
2811 276
2495 20
2017 185
530 250
1202 32
2912 133
296 137
770 259
1960 201
738 296
1366 98
1357 26
647 223
56 238
2403 192
218 80
844 176
2337 0
700 89
597 156
2645 216
2348 214
1335 22
45 228
710 68
1616 286
1661 281
2788 14
2689 49
2460 208
1317 206
430 85
2291 70
1837 61
1440 169
2941 73
1967 83
909 142
445 168
1547 191
2021 264
714 162
2206 16
1913 143
1278 232
551 28
1089 262
356 18
171 202
1232 253
797 103
240 52
1221 21
1763 19
1555 297
688 184
173 230
1844 141
1449 181
6 180
189 56
2168 147
2542 287
822 55
2930 199
1800 129
793 294
658 92
1314 120
845 94
1824 217
2037 268
666 258
2151 245
769 290
103 193
1244 4
927 43
890 111
146 39
1344 6
2276 174
134 115
652 101
501 182
947 116
1979 46
446 164
2741 10
2767 138
1632 127
1423 204
1423 300
2997 265
526 149
1470 30
2079 148
2657 203
2857 170
1076 198
535 121
1559 88
1538 44
1995 215
2117 277
1338 255
222 126
2701 34
1598 251
368 114
1152 71
1905 248
2205 283
1420 161
374 240
1510 146
469 12
1967 29
1035 179
470 54
2806 64
9 197
937 252
2237 266
2045 62
354 66
1898 100
1564 51
664 189
1071 96
2290 171
270 113
1026 36
556 244
398 154
2258 93
2362 38
988 5
2329 123
2189 47
243 97
2298 163
1572 107
450 15
