312 78
733 167
1809 261
1441 166
1614 236
1684 230
162 101
1526 114
118 62
2348 280
10 124
2358 292
1496 216
674 249
509 134
1801 145
173 19
1119 0
1263 206
1341 309
963 240
1451 137
1506 268
2425 176
950 277
626 100
835 112
2542 266
604 130
2331 90
358 2
1458 276
1705 127
1979 47
2026 140
1491 36
180 165
809 260
603 226
516 29
2191 183
2585 5
2281 246
1904 242
647 120
1736 156
1748 217
3022 201
986 48
1869 99
3053 1
2131 26
2408 102
2652 22
2090 304
2697 135
1199 198
1101 27
656 234
2779 35
1195 94
2820 17
2213 262
1174 71
1591 37
2146 294
1535 65
2578 52
2346 14
1807 155
2180 245
1755 60
329 88
2418 222
2849 10
2430 86
2223 171
2028 24
1247 188
46 278
2519 108
2859 38
2499 4
1214 283
1611 195
1485 207
2026 44
812 194
2762 58
2499 74
1278 89
2482 267
2837 299
1568 45
2000 133
925 173
1661 16
766 41
2465 258
2660 95
1533 49
2825 154
598 25
2228 228
2128 12
2317 162
2705 221
1134 285
2564 76
1109 177
686 289
317 57
555 84
511 288
2358 213
1331 77
1491 111
2567 271
101 297
2724 92
2451 18
42 227
2467 287
2083 311
1347 247
1839 180
1182 105
2127 307
3008 87
1845 296
2096 265
1420 118
1171 51
2814 172
1213 109
1205 182
1570 23
1537 143
2236 119
1337 204
1621 191
2749 232
2161 211
258 126
1132 110
1261 220
2793 275
50 55
2168 281
2558 91
2355 163
214 8
1042 169
2510 208
2218 305
684 291
1535 59
2929 70
1822 251
2759 248
1628 73
1111 282
1039 178
660 179
1410 96
1600 64
2624 300
1598 197
1609 225
2227 106
2362 33
2463 121
2319 46
2781 15
1805 149
1599 185
1299 174
916 147
1354 237
592 123
1155 255
2512 298
163 32
3021 151
1081 128
1264 68
487 11
429 141
840 229
1828 168
1579 186
2033 13
3110 273
2040 274
2968 161
2297 175
2216 279
499 184
2600 39
572 97
2511 7
1293 50
457 196
1204 214
901 310
1297 223
480 69
152 6
1075 142
1348 63
73 148
765 75
2093 210
172 290
2550 244
396 9
197 131
1628 160
1330 238
1587 61
2058 40
1834 252
3069 116
330 218
157 136
1054 231
680 164
898 93
2197 56
1659 21
2585 3
845 272
520 235
1317 209
1240 233
2447 98
3010 284
353 54
1639 34
50 269
1639 202
2502 138
3003 306
1113 241
1225 82
2801 66
1027 103
2271 81
2949 107
286 303
2988 72
2964 125
2140 43
1702 80
415 199
2534 239
612 113
730 286
1820 132
2320 181
681 153
3003 270
2377 259
490 31
2206 85
536 122
1288 224
1706 150
988 159
583 144
1352 78
2949 139
1813 192
920 200
1448 117
2823 219
1708 243
1806 152
3052 295
2730 189
583 104
2301 215
2995 253
1862 67
3037 83
2374 187
1182 42
917 301
2467 193
2493 256
189 157
1266 190
516 257
760 203
1335 158
817 254
2067 205
759 250
1845 115
102 79
1229 293
2948 170
1332 20
3024 263
2845 302
2827 53
809 30
1138 129
1718 308
1602 264
2549 146
1933 28
2164 212
