267 66
112 31
290 11
459 86
394 151
1166 74
2557 50
690 135
1836 90
608 221
1259 21
1246 6
1822 8
1647 19
712 172
505 3
2184 130
475 201
1178 178
347 260
1799 82
1358 118
211 245
1250 216
2291 257
1361 34
529 204
2070 119
304 189
773 81
228 0
2461 51
1201 158
580 114
2236 232
1925 144
1189 192
1844 113
351 145
340 212
1701 52
1226 196
2250 108
2221 236
424 203
921 93
1702 84
171 165
2531 18
307 126
352 7
2584 218
1766 87
2084 240
2267 72
659 14
2661 1
2644 117
2041 219
859 254
2599 25
2242 26
1622 55
1113 139
2283 78
1673 110
521 246
1237 12
1079 91
1551 150
1307 250
2489 97
1060 62
1945 251
90 208
1090 224
530 226
2311 122
2566 247
2657 46
1639 129
2326 79
824 157
2302 70
2143 209
1627 166
1172 174
1988 167
1339 211
2454 92
907 255
707 213
437 197
16 241
2658 198
1160 171
1931 10
381 116
376 182
1118 80
283 195
1397 44
2610 200
2510 33
1772 137
1455 180
64 42
1007 170
1532 88
456 149
840 103
905 262
907 105
768 202
1361 27
580 185
1749 235
1861 142
1331 264
648 67
2281 154
2132 102
736 133
1651 109
548 75
2252 13
2593 128
2157 22
2395 259
2162 237
459 160
1947 253
1599 17
2287 152
2109 222
1507 65
1620 156
719 140
1261 63
1766 56
2466 153
729 96
947 161
557 101
2558 124
1723 242
2121 132
634 147
317 40
1111 77
1764 106
2205 43
2508 131
2256 217
1510 30
2242 265
2659 32
485 227
2450 225
1906 223
17 190
2209 207
545 59
480 20
390 127
511 188
1680 24
411 179
1003 175
1440 191
788 89
2374 60
1214 98
1785 54
97 177
666 28
1426 215
2298 231
65 168
110 94
155 214
1404 169
43 183
623 57
2011 123
1060 107
144 69
297 134
1360 16
1129 104
29 205
2435 162
563 163
2443 229
432 206
732 5
247 256
3 48
2393 187
1855 53
571 112
1171 238
1409 252
1596 143
1168 228
579 115
1871 136
2398 193
225 173
1263 38
457 71
1977 100
181 45
1851 266
1089 121
23 68
1553 210
51 261
514 85
896 95
2103 66
589 37
883 243
413 184
1690 199
2593 234
1850 181
2542 164
1434 2
1014 220
817 146
368 73
624 83
501 61
472 263
1552 148
2622 120
1039 239
2620 39
829 249
929 47
2096 4
956 244
1529 159
2538 36
491 125
1297 41
1450 35
1671 194
1128 23
781 186
2176 138
668 76
88 155
640 258
71 64
747 49
914 58
138 9
1867 233
730 15
1064 230
2299 141
1736 29
2445 176
1918 111
2070 248
2205 99
