198 49
1680 92
1123 148
1009 73
1765 18
1905 115
207 172
551 160
704 31
222 118
1410 22
995 32
350 2
1237 43
985 134
992 23
226 84
916 95
1494 168
1468 108
66 112
1004 121
1105 78
168 135
1096 14
530 62
1148 9
81 19
1906 113
406 33
272 11
1582 190
1512 39
1233 91
664 42
1679 27
1445 124
1873 48
129 146
30 16
577 130
1779 163
1467 116
1867 152
124 195
1848 0
1720 136
224 181
226 107
1461 132
142 145
1171 193
1680 6
1444 142
45 50
1147 68
1271 162
986 75
441 143
799 138
516 127
724 20
271 103
549 53
1126 191
1282 125
1092 169
1748 52
608 179
218 147
546 72
669 99
243 57
141 5
1478 126
10 158
622 104
1089 165
1330 46
818 41
970 85
1390 161
759 129
868 184
1447 157
729 114
1436 110
518 10
439 87
1513 177
1979 96
423 82
1591 98
1890 88
734 192
1828 155
807 1
443 8
548 7
17 12
647 120
1731 149
15 79
804 156
863 36
771 37
183 66
751 175
1066 17
809 128
1454 150
1676 183
1896 100
632 80
1246 93
1672 74
842 67
665 173
1682 81
576 182
1222 188
582 119
669 64
120 15
1474 196
489 164
839 26
1281 54
454 97
1603 133
1938 49
928 94
1614 101
1340 51
1123 21
28 65
281 29
384 106
551 4
449 180
1867 69
1809 122
1571 86
955 178
1806 3
1601 24
71 187
101 189
1545 131
1246 102
1356 63
1209 45
1390 89
440 159
1172 186
744 44
857 109
1247 166
639 59
1614 55
417 176
1579 139
1306 194
1852 13
1114 34
827 83
1711 154
1798 167
552 25
426 30
502 144
100 47
382 151
1179 77
1211 35
118 185
1389 90
1979 56
1351 153
304 38
134 71
850 197
1249 174
871 117
1220 111
1345 105
1442 40
407 123
151 137
1558 170
1033 76
1318 141
797 70
1870 58
114 140
154 61
1572 28
1804 60
987 171
