107 26
593 2
482 30
828 94
698 57
473 78
343 50
18 52
449 40
702 69
177 44
81 102
950 8
1027 63
382 1
82 99
149 33
632 72
502 89
754 106
778 96
429 104
840 38
116 13
131 25
1026 103
1004 73
68 29
478 90
222 79
243 100
765 46
277 80
103 87
202 45
366 49
469 53
574 86
274 43
1025 70
140 65
554 56
805 92
932 88
652 75
605 71
9 37
457 105
146 101
846 60
527 61
105 6
502 83
954 9
158 7
48 95
299 55
973 21
436 58
688 3
569 39
498 47
800 48
535 28
949 51
29 26
768 20
746 66
149 10
462 91
588 77
786 15
294 42
308 81
911 31
634 54
246 62
1006 32
241 23
89 85
760 67
997 12
954 18
369 34
653 17
783 76
730 11
453 36
549 4
532 64
908 41
534 93
863 27
925 82
808 59
466 84
470 97
553 74
663 16
756 22
250 68
1069 98
670 14
704 24
896 5
832 35
63 19
906 0
