99 24
447 76
425 80
965 47
127 36
337 42
132 64
897 51
485 52
6 1
931 16
582 8
566 0
372 7
502 46
240 95
886 6
126 39
835 32
551 71
348 43
259 72
90 54
822 85
818 2
689 23
36 21
987 27
603 50
948 63
626 59
943 31
662 70
665 30
766 45
671 28
701 98
608 29
596 96
530 87
277 26
514 73
258 40
304 41
419 24
76 4
121 66
634 60
52 3
730 22
944 92
243 56
269 84
903 83
659 81
470 94
131 97
415 62
650 82
974 49
581 61
597 37
191 67
293 14
583 25
791 78
893 86
25 79
255 90
498 69
723 38
823 88
246 68
981 13
964 33
329 17
647 91
725 35
687 77
78 57
328 20
810 34
851 58
662 10
675 74
106 18
531 44
5 11
871 48
405 15
913 53
869 75
141 19
284 93
527 12
296 65
973 5
782 55
815 89
924 9
