348 87
2222 150
102 36
1218 333
122 295
177 235
2881 225
77 23
3264 193
2742 173
3334 14
2054 328
806 46
2405 264
2593 192
892 70
2974 336
1987 171
438 270
762 255
1122 195
992 252
1811 90
3129 155
724 275
165 67
1212 175
1284 292
1015 165
2605 238
346 164
2302 330
3250 0
1923 303
3370 199
2280 27
551 160
1443 277
25 75
3085 305
2231 325
2896 215
3352 157
3442 56
2032 294
3216 86
403 48
2562 205
2829 103
2710 9
2272 254
525 200
3216 131
2770 33
594 26
886 79
3273 280
495 247
1813 3
2939 64
232 81
922 210
433 231
268 331
632 88
2007 144
2755 337
1880 168
165 73
981 138
1545 293
2286 50
2946 126
2371 190
3420 127
1841 85
1577 347
1534 183
1476 92
279 59
1348 257
3362 41
1861 310
3467 110
2815 262
2555 244
489 189
166 224
3362 71
1467 105
2623 94
2357 343
1785 25
1652 259
3420 186
2457 158
3338 37
673 276
2686 80
1190 261
1634 282
1312 97
2451 176
3420 248
1291 57
1272 222
2881 180
2444 95
2959 20
2410 142
3217 89
3364 166
2731 100
3403 296
1617 326
899 278
564 8
3002 188
436 233
2224 324
1096 216
668 161
250 82
1096 134
2622 319
2789 159
603 197
3340 141
405 345
1630 169
1255 29
1275 145
2935 228
1583 344
3007 54
2075 307
393 214
1973 271
1081 289
3028 237
624 312
3207 269
2447 109
3235 300
1666 249
1594 268
3364 327
1711 76
2597 143
3072 283
1502 316
1219 236
2543 107
50 265
2835 118
3440 181
1807 246
88 65
2686 125
1696 286
882 211
1623 133
815 329
1306 201
3389 267
1855 221
1834 229
1515 220
2386 208
1994 51
2330 108
1400 60
2303 342
756 172
1441 212
2607 213
1951 136
3150 39
3182 28
3131 2
218 146
39 318
751 114
566 69
989 191
2919 322
644 253
2722 230
1914 152
3372 320
3144 272
1940 17
792 309
2985 74
367 194
3478 91
318 35
3026 341
1222 30
1837 339
2373 96
1301 346
1240 135
15 4
1740 274
673 111
385 227
1483 299
280 287
1569 184
975 32
536 38
3197 187
279 98
2509 21
1995 24
1553 13
2548 226
2327 258
2448 47
42 198
1666 281
2718 63
472 163
76 148
611 185
3467 207
2631 123
621 338
2864 132
2830 196
332 285
61 279
1061 297
894 266
3382 151
1655 115
1184 284
2891 243
744 104
2297 61
1965 116
2067 177
1651 66
2623 10
800 203
1925 43
3105 218
2482 178
3200 124
2060 298
1577 290
2311 12
2528 206
3334 154
1124 68
2107 16
2348 99
2769 72
1533 315
2513 52
1466 102
676 149
1681 53
2403 7
798 217
1449 18
1271 87
1960 209
1435 122
173 34
222 42
414 77
3163 45
759 256
765 1
257 49
1288 167
213 304
2890 106
121 288
533 121
3017 113
1996 260
1125 31
900 317
2384 22
986 321
715 174
2731 314
1094 219
2514 273
317 139
2675 223
38 83
738 55
3023 204
974 129
934 19
3349 306
779 128
1183 15
32 5
2427 335
119 334
802 147
2929 78
2854 162
791 308
1690 140
2694 251
1577 340
641 6
2367 232
1097 156
2515 44
3433 137
2727 302
2975 323
176 112
1700 179
2715 263
3461 242
1584 84
244 117
2947 11
3062 170
2517 62
1532 101
3450 313
248 40
487 239
1784 182
871 234
1920 245
973 130
232 202
537 58
3175 119
1546 291
1513 241
353 153
679 93
496 332
184 311
2087 301
2423 240
1152 250
284 120
