165 41
220 128
345 112
184 24
67 72
332 18
341 0
1222 137
5 71
841 12
656 81
1085 157
1120 53
581 59
265 32
1397 57
364 27
1005 164
1383 74
633 103
1280 102
557 148
945 63
1607 65
1327 84
672 124
1103 155
1038 141
891 58
945 125
930 51
946 83
778 154
1460 147
1492 131
958 107
187 76
1423 126
1245 6
265 39
539 22
115 28
803 144
390 36
1650 90
1275 163
1019 77
488 121
266 135
422 101
1374 153
390 31
997 50
441 111
1382 56
892 20
235 60
902 29
1111 134
386 34
380 119
821 99
1293 69
160 98
1504 30
1230 35
573 116
91 21
273 130
1113 143
1551 38
371 26
255 64
1074 138
1379 15
1352 40
288 110
971 114
658 156
353 45
1011 108
1334 42
1124 44
1183 54
123 92
472 118
391 145
1437 115
735 73
1331 78
353 62
1634 161
325 120
1252 33
587 3
147 23
441 46
588 52
1592 66
1064 17
1262 105
78 127
1314 7
60 41
1608 129
285 133
1341 142
1271 25
941 94
161 104
993 123
203 2
551 146
415 95
299 61
1080 96
1155 8
850 5
658 80
441 136
1469 132
630 140
668 16
775 149
545 55
1230 160
633 88
518 117
302 109
827 48
502 93
781 79
62 162
958 13
205 158
1429 67
1284 97
30 82
300 150
1442 152
649 113
519 9
1289 1
756 91
1648 89
1026 100
747 10
1420 122
683 19
1499 87
1503 86
257 4
1470 151
1488 159
409 85
1262 37
827 11
440 75
863 68
222 106
1454 47
106 43
193 139
90 49
1276 70
1386 14
