334 83
1613 158
2411 185
827 97
2733 319
14 287
910 78
3103 126
1999 308
1573 285
3115 6
1343 81
2966 90
1221 216
1763 8
2221 162
1938 121
1361 93
2736 23
750 195
1579 62
2052 37
2183 131
2679 27
1061 204
2148 221
2892 159
1804 60
3251 218
2307 127
807 307
303 207
763 32
1515 29
2242 129
19 297
630 256
2358 61
2557 296
83 192
2216 108
574 113
1292 85
2536 118
155 116
2872 69
1593 188
373 247
651 147
1104 148
1796 163
137 200
1191 7
828 202
1384 301
2988 38
2578 197
3257 326
2023 229
1495 67
2767 164
1961 314
597 332
638 293
2292 119
2640 153
3125 39
3111 77
2669 17
887 33
2169 142
2048 53
2445 172
2222 181
89 49
2922 244
1964 269
2017 294
2169 205
1569 72
699 25
2455 182
1797 252
2245 189
2947 15
1986 313
920 91
2102 255
3220 109
125 184
1860 271
1694 183
1029 152
944 46
2779 168
2864 79
3298 262
1934 52
2465 198
2054 94
178 245
2557 130
2653 10
2884 176
2319 140
2182 47
2469 71
1149 100
681 141
196 43
1062 208
591 330
117 160
1304 68
771 166
1734 258
2086 136
2047 173
902 144
98 134
2068 211
1589 12
2854 299
2819 187
2855 316
1937 298
2494 318
59 224
2419 22
1007 194
2291 291
3066 272
1247 73
1328 83
82 89
426 11
1863 18
3284 110
2394 133
3218 41
2309 275
3243 125
2002 250
335 217
302 324
2998 111
1509 34
2137 270
2156 114
2150 80
985 199
1158 20
2850 74
3185 303
1435 88
60 295
864 209
1955 92
2181 59
1735 261
2095 169
616 99
1851 178
75 177
2679 57
3200 213
1888 105
2443 143
2634 157
3164 249
2481 103
865 282
2746 251
3071 248
3030 315
1235 288
1980 286
2091 240
2282 3
3246 112
3211 257
1729 2
2748 167
1492 300
1892 95
1164 28
1408 4
343 107
117 281
2133 223
1692 42
1103 190
1703 161
966 50
1350 265
1415 65
279 212
1593 232
673 120
3175 70
1299 106
3080 138
2483 87
1729 102
914 14
1829 149
1540 9
2060 327
505 58
1956 320
286 40
2990 273
2374 311
2190 150
334 54
1459 333
435 227
584 101
2397 191
1631 304
1514 48
1400 230
1149 302
620 180
2761 310
518 322
3125 175
1239 128
1535 0
498 266
187 292
883 44
1255 64
1050 309
2242 239
3156 31
486 289
2104 210
2875 84
7 151
25 305
1498 21
1962 35
2713 312
757 231
1772 226
1357 13
367 186
2469 278
3187 215
1095 171
3122 203
2304 1
1602 234
2957 104
389 283
3325 179
9 267
2558 306
1395 137
2630 280
359 96
1263 268
2131 86
1070 264
2360 241
939 165
2066 222
1987 5
742 219
94 36
1990 331
994 132
227 30
877 323
2657 260
187 242
344 75
1865 145
3289 123
1070 228
223 155
1040 82
1668 214
1245 55
1365 284
2349 139
322 253
2864 246
1488 206
2520 263
2618 115
3100 56
2807 24
464 174
2350 279
1915 193
562 276
1553 329
230 274
1678 122
667 117
1989 124
1491 290
3190 237
2509 135
2959 328
1351 259
956 156
1134 238
998 154
257 201
1851 26
3030 45
1357 235
1442 19
136 98
732 321
874 243
1358 63
1270 225
236 317
1099 76
523 254
1169 196
1655 277
1483 233
881 146
341 325
2810 220
2222 66
1881 170
1822 51
456 16
1387 236
