168 42
46 153
71 108
12 87
752 33
1604 119
1170 146
1095 122
1311 132
1600 70
336 126
1139 149
911 5
873 120
683 105
319 28
1527 73
890 110
1483 123
644 144
1143 166
826 6
860 57
3 14
803 21
1080 79
455 161
216 22
445 48
615 129
438 133
1400 63
534 162
1257 88
49 141
864 12
1226 7
975 137
1112 127
408 34
1081 113
365 8
610 42
1080 84
1525 97
838 66
23 163
258 125
581 60
239 64
124 95
1055 93
1104 85
1108 106
1252 94
1318 152
1192 91
63 82
1566 55
1550 135
243 104
791 156
659 59
1025 118
608 112
1097 31
52 76
587 117
789 29
1623 39
1431 81
884 142
828 102
566 158
941 103
600 165
1546 134
833 83
1552 51
828 40
1067 50
25 17
861 4
473 167
936 18
1436 47
81 52
538 23
804 35
1164 36
1088 38
396 159
975 116
721 109
789 43
513 11
520 101
808 139
356 80
735 128
930 61
211 77
665 75
980 13
335 54
1221 62
938 10
119 24
1146 74
1620 100
330 145
576 151
524 121
1420 20
1550 98
954 72
1595 27
418 89
1643 41
690 78
332 68
682 131
1051 160
860 46
438 157
1114 86
548 53
1662 65
1050 115
482 136
1481 1
816 30
687 15
130 0
1606 138
439 124
974 107
1119 16
1396 56
1464 90
1020 71
1283 99
807 140
1178 37
218 9
498 69
168 58
1001 92
1248 25
1615 148
1629 26
382 164
377 96
1414 147
519 49
1124 155
159 2
119 111
753 114
671 19
284 3
331 150
422 45
137 154
1433 32
477 130
1287 67
712 44
1338 143
