138 34
853 84
541 107
1168 11
489 36
872 5
804 38
783 19
34 47
924 103
830 133
1376 39
39 50
871 112
689 86
946 85
1262 135
466 87
210 61
1260 120
833 26
881 18
706 22
999 132
291 62
863 115
601 51
1060 109
36 119
264 66
314 72
1122 29
442 3
1205 63
1070 129
475 48
1346 96
980 28
1160 125
51 45
104 16
413 101
213 77
1127 17
948 44
216 121
696 40
1037 76
498 27
898 37
132 89
304 108
1019 102
1110 9
994 88
1272 74
68 12
1174 78
325 106
26 46
582 81
1227 30
317 100
1167 6
161 65
334 127
96 64
1370 4
783 49
1332 93
222 97
1238 68
786 111
1124 59
1077 118
287 131
208 31
321 73
1322 54
1170 33
1124 57
239 43
299 79
512 82
142 130
263 122
740 92
59 90
199 13
987 113
516 136
977 75
510 123
994 52
519 91
1343 20
167 2
1121 14
1341 23
79 1
909 134
1152 70
593 35
899 0
915 21
1102 58
326 42
162 55
904 128
1030 56
1106 7
1260 95
134 104
713 34
249 15
71 67
145 69
310 71
716 25
800 41
1346 10
429 60
125 98
1120 105
878 53
1055 32
909 114
547 137
624 99
261 117
982 24
756 124
1303 126
227 80
110 83
688 110
678 94
517 8
306 116
