254 63
140 69
1903 36
756 79
541 149
2213 176
2221 235
2495 101
2395 163
1237 185
416 99
1025 67
1193 249
1537 23
1430 100
123 18
2402 200
2119 46
2225 145
1848 135
415 9
2028 65
2264 240
778 247
1879 215
1890 114
2457 103
1243 17
2510 62
421 245
1231 91
1526 97
70 208
1679 182
773 110
523 48
536 31
2484 199
978 179
197 189
134 203
246 20
473 193
1466 209
422 76
1097 53
2230 95
2468 195
1781 206
1917 112
287 237
123 127
726 68
2380 121
523 45
1963 29
257 144
650 116
1748 104
925 194
1593 213
1535 165
730 160
800 167
508 82
1373 172
478 71
1682 250
405 12
2095 129
1698 94
740 6
2214 35
1546 5
1885 173
1042 191
2204 27
818 196
1852 38
1184 130
780 147
656 2
2113 42
502 61
1515 60
212 19
2117 4
282 242
196 253
937 212
1804 34
2166 102
1261 155
54 118
797 198
859 243
1215 59
1697 150
2276 251
714 222
996 22
2505 7
615 120
325 202
2305 117
1542 78
721 0
1237 137
1539 14
2475 119
1509 128
262 44
835 111
1123 174
1831 125
1955 66
1699 246
976 77
1093 216
495 187
2324 83
1945 32
262 80
1844 223
1090 180
47 220
2536 140
590 126
416 123
843 74
1814 177
956 85
1261 232
274 190
864 15
911 88
589 159
381 210
2289 81
2235 33
1847 238
1676 241
1910 192
1311 54
222 183
1599 236
1848 138
965 226
655 134
875 186
2473 197
1611 25
51 1
498 164
788 132
1234 151
308 131
2150 50
222 49
2003 41
2133 207
1853 3
1930 175
2081 136
2354 224
317 225
1028 252
1979 24
1374 133
1680 73
957 219
167 141
1721 142
494 162
744 106
1060 55
1052 107
724 98
2178 86
1389 153
2023 56
366 139
1129 21
489 233
1487 40
874 47
992 8
989 211
1847 51
1666 26
1769 70
1504 158
2357 181
2269 154
2233 109
1007 28
696 157
1213 188
206 239
1400 152
2396 64
2385 89
2354 37
539 248
2066 30
2067 57
712 10
2007 146
1951 171
694 229
1857 169
1284 11
1212 168
1123 90
1460 122
767 217
2149 113
2321 227
2131 39
635 201
1121 205
2004 218
2404 161
609 244
1582 234
1315 231
1410 92
1042 72
2199 52
1074 221
1676 75
159 84
1960 96
2244 184
1058 143
979 170
2112 148
2356 166
458 105
1360 115
2316 63
170 230
1591 204
1884 58
838 156
531 124
2308 43
2056 93
934 228
2094 16
247 87
1603 214
686 13
2101 108
298 178
