272 68
56 195
723 234
1771 31
1185 176
1345 147
1177 142
293 191
1219 46
2503 41
2265 214
814 139
159 242
2675 91
1098 125
792 13
2659 225
2377 48
512 30
1732 207
1632 217
916 141
1641 4
721 116
2225 24
641 260
633 94
2184 200
1802 229
2273 249
1469 220
2679 248
1263 171
943 0
2713 221
684 58
1089 152
2409 49
1109 66
696 253
413 149
1176 86
829 156
2056 39
1807 268
1564 36
203 51
845 75
1226 111
768 244
1692 183
2421 213
2234 232
1068 14
1246 245
2580 77
1737 59
676 201
385 92
1439 150
1767 42
1890 144
1420 108
888 26
659 71
2441 119
2188 180
1571 38
788 193
1709 57
2395 218
1360 1
124 74
1451 157
1671 27
177 173
2276 143
1207 104
1580 162
195 6
2414 5
2395 230
1630 174
1146 28
702 23
1768 118
1485 237
1225 101
2607 240
1338 246
50 265
1221 72
67 78
1669 140
1971 216
2064 82
1504 188
2096 165
2084 209
1980 247
1782 129
2132 223
1109 55
423 154
2324 10
1840 178
2326 18
27 126
1521 113
1041 102
1412 181
2499 270
165 90
1205 168
1982 32
791 100
936 43
1588 19
967 159
1075 2
2033 241
534 131
2019 130
2225 64
394 190
1053 161
2527 228
2243 85
1899 194
2411 89
149 203
952 235
543 255
2144 117
520 231
2535 222
492 79
1013 252
1982 210
661 164
1840 47
536 254
229 61
589 197
352 204
409 236
1926 189
1853 103
302 226
1838 206
2002 34
1019 243
2180 148
1765 106
296 258
2404 262
1897 269
2609 22
216 112
764 132
1672 198
871 182
860 271
2649 76
88 80
517 267
1389 211
330 87
1568 40
2434 257
730 199
1711 35
1321 99
758 37
598 184
717 110
811 115
1298 7
1555 205
1702 70
622 97
2027 95
1640 175
914 155
2499 261
1276 120
996 73
829 81
1789 224
1103 53
1615 166
2302 65
2218 177
2218 12
93 54
1756 263
709 15
827 88
326 158
2648 196
724 8
2199 259
42 160
934 29
1829 3
1877 151
86 63
2237 25
341 68
600 45
212 219
927 145
1513 137
1545 20
1558 67
1298 83
2082 185
1772 208
3 187
1869 192
84 135
296 109
929 98
613 124
313 56
375 264
1842 107
1046 122
755 69
106 128
2545 250
1795 153
1737 170
2613 44
114 123
2011 227
2049 233
1108 179
1190 11
1666 9
2283 84
2689 134
544 16
1912 93
454 146
160 212
1908 172
982 52
747 138
747 21
2117 136
977 121
189 256
1583 239
2254 186
288 167
2643 133
1492 62
686 96
1286 114
1612 50
311 251
710 105
2462 60
707 266
726 202
1283 127
736 17
1413 163
1890 215
1340 238
540 169
325 33
