148 37
832 97
395 138
589 80
915 81
676 82
593 88
436 72
1256 11
1355 86
656 102
782 91
689 16
658 13
315 71
189 69
1210 132
653 73
1128 41
1176 130
150 133
1285 70
326 85
296 63
801 104
1275 112
1391 0
1262 142
744 123
976 121
751 29
1058 3
31 87
995 39
604 115
308 12
427 83
423 42
1027 92
188 90
403 45
176 110
1380 20
96 118
304 124
205 35
1399 95
1272 58
466 62
1167 140
1321 68
442 9
295 43
1408 89
803 146
825 1
224 106
227 8
323 120
1265 5
523 40
1329 79
804 31
1314 24
1029 65
211 37
526 76
1214 59
986 145
489 38
318 105
318 25
1412 98
1170 64
283 114
666 135
1469 143
369 93
1004 101
1120 4
1144 113
389 54
531 55
598 127
1149 147
1054 52
1085 109
1385 7
967 57
880 77
48 60
987 131
1246 136
279 128
647 33
500 56
143 66
1152 84
1059 126
519 46
732 26
1052 94
112 139
599 137
83 44
68 19
730 17
159 134
1418 47
49 116
1283 117
489 144
1362 100
669 122
484 22
976 21
1096 2
192 6
1268 74
545 51
202 107
1388 111
1034 49
1092 96
14 61
1474 32
394 14
483 36
185 28
596 10
980 129
517 30
179 75
239 27
1069 18
916 99
983 141
447 78
1110 50
1276 67
842 53
947 103
466 119
1062 23
1228 108
1280 125
363 34
974 15
19 48
