154 38
1364 43
282 115
270 16
992 59
1220 1
878 151
201 141
549 150
117 21
1422 49
947 51
1405 121
639 36
405 18
454 74
1337 58
1051 41
806 128
669 56
1406 64
1037 133
647 129
1413 5
413 136
1432 60
233 94
1189 47
328 127
314 37
297 138
619 122
1028 3
352 52
503 124
1462 22
510 118
21 83
1118 113
1156 13
1336 140
360 24
261 53
1057 44
1373 89
241 28
852 17
1164 34
1099 135
686 134
1252 12
699 61
893 32
905 103
700 10
750 46
464 109
233 68
1376 132
1081 153
157 106
1476 65
1340 139
853 19
1467 27
1103 93
1058 114
153 11
521 143
1316 42
36 45
618 144
1260 152
273 38
764 148
27 99
1419 120
1253 75
738 96
780 145
1061 87
1330 71
723 108
292 84
539 54
225 97
753 111
629 137
164 107
1427 0
189 66
1448 82
376 125
793 77
397 69
798 105
1058 119
553 26
546 55
1330 33
310 85
47 90
73 20
518 25
1052 131
102 92
1246 116
797 67
219 35
408 104
742 101
709 8
879 9
607 57
87 62
1422 70
373 23
1413 91
349 126
1183 86
1290 146
1306 76
501 7
1022 15
16 110
577 79
1149 147
1327 14
1443 29
1515 48
1142 6
988 142
395 117
647 81
487 40
94 30
837 2
804 63
743 95
1060 123
926 39
501 4
138 130
1013 72
112 78
369 80
704 50
268 31
356 73
558 98
1254 88
65 100
385 112
1147 149
441 102
