229 57
2185 133
312 184
745 222
1393 58
1803 105
1458 72
473 108
1009 221
120 189
1401 103
1888 53
221 68
1958 17
1940 118
1411 194
1564 167
345 11
2129 175
21 65
1205 228
2128 14
1903 52
1916 121
1775 100
79 160
2139 164
150 92
1211 90
1065 9
2211 35
842 190
988 36
645 101
1166 15
667 63
274 60
1544 91
1967 181
1358 0
991 203
2034 166
1371 204
2125 61
1176 88
807 154
2050 94
2205 40
1157 183
214 29
470 217
846 174
2262 149
873 123
1605 191
205 81
1442 89
434 6
2040 87
1966 84
1350 130
1317 192
262 158
1731 107
1574 152
646 12
229 223
1719 148
2211 153
159 159
1634 147
2097 225
1477 165
1476 143
1150 138
770 44
438 41
1445 169
505 55
844 74
2057 140
314 156
2086 170
213 24
272 7
33 126
185 48
847 180
1087 199
2277 97
21 69
2229 37
1961 5
528 73
1981 10
768 26
1651 67
686 185
73 106
832 62
551 193
1018 112
1145 157
1209 145
2055 125
1439 98
165 196
1990 16
204 216
1024 80
1457 27
129 141
1079 227
1257 151
414 135
1608 178
1880 19
134 208
597 75
674 146
498 54
190 172
1696 64
384 211
203 38
427 198
2 132
1797 71
905 2
1940 3
1165 51
1735 220
435 218
1865 173
1148 23
1353 197
2241 120
834 131
1382 179
1133 47
693 213
2120 226
36 43
425 122
1484 114
1896 113
2216 177
1165 163
446 210
84 201
926 82
514 42
1200 209
2160 128
930 127
289 79
1890 4
1485 76
1605 86
87 214
1176 57
225 207
334 96
1392 119
1128 50
1453 176
160 200
2214 46
2170 70
430 95
116 224
1296 162
54 104
1899 134
111 215
1764 161
726 13
2049 116
1325 32
1659 85
1660 83
1986 137
1256 110
2106 102
154 142
1923 168
1482 34
2258 39
369 45
1897 171
1888 136
267 115
453 21
1771 139
897 202
1589 28
541 8
855 31
207 111
1876 186
1566 25
523 49
262 212
543 20
797 206
346 78
1754 56
500 59
1767 33
1135 22
2065 205
2188 18
1623 195
1649 188
1855 30
1279 93
725 99
407 1
961 109
114 144
1263 129
1172 150
1897 117
425 155
1349 219
251 182
26 77
1602 66
976 124
508 187
