251 62
1554 143
672 249
668 69
1921 202
1917 239
580 235
2339 37
585 122
526 189
1146 55
2273 244
469 190
1270 213
881 38
2147 28
2150 132
1424 220
2481 1
1369 240
2419 210
2381 178
1750 231
1918 126
99 104
2353 86
1479 248
1829 36
732 182
1867 47
1440 141
191 247
72 6
191 129
2022 149
21 209
595 61
2172 241
1415 146
1085 17
2503 101
466 64
1897 70
822 78
484 195
2024 66
1432 77
326 39
1828 16
155 74
195 7
1884 99
2460 19
844 201
1605 71
1232 103
1618 82
2390 46
1598 144
2077 112
844 57
1740 2
446 152
1380 30
1878 73
2238 194
473 106
105 142
188 79
933 18
718 204
1160 124
2294 225
1303 75
167 0
67 45
1843 91
443 90
1248 163
2314 191
1865 102
1995 52
987 174
1022 44
237 76
2442 89
1096 81
192 14
1976 175
2161 237
676 200
178 63
1691 31
759 121
2097 148
1539 113
373 54
1370 85
677 228
2169 147
5 68
128 108
708 23
1929 98
17 8
1058 97
1433 212
2059 211
1757 125
385 151
660 229
1760 214
1319 156
2401 217
2020 162
2139 216
650 128
284 123
234 72
2285 179
2332 177
1815 92
1404 165
750 119
2171 83
1497 145
2038 9
2360 43
973 59
2288 139
2337 107
2494 176
945 153
154 150
2114 197
2243 50
1674 230
1 245
1966 206
2173 100
2091 238
1304 130
1812 223
679 193
1648 117
287 84
1215 135
352 3
2380 234
625 131
1926 166
1546 62
1815 109
1560 67
584 40
1102 219
2293 215
989 41
719 88
587 114
846 232
914 180
1147 58
2000 15
1935 80
2305 42
2156 137
2312 118
1141 105
1298 21
1751 185
565 33
2347 172
2036 154
763 111
2293 24
1101 158
249 56
1730 242
405 11
2284 164
1774 205
1097 60
1933 29
1331 183
957 198
173 171
554 53
670 222
1377 170
1310 20
948 96
214 35
335 246
535 12
1476 32
2233 48
767 87
1976 203
2245 188
532 160
1857 199
1841 243
907 120
1122 159
2136 34
503 168
1201 65
2373 127
1168 13
653 22
511 51
143 140
1739 224
2026 187
2261 167
2401 49
759 5
883 138
1603 10
34 181
1122 173
1845 110
2416 184
793 226
2450 26
1686 155
1889 93
1645 233
383 250
188 192
1756 196
2279 4
711 161
1545 94
1029 134
260 27
1805 227
2188 169
1306 157
2429 116
1373 221
1557 186
1064 207
444 208
1834 136
2296 218
2437 25
300 133
1418 115
2008 95
2098 236
