218 54
406 46
1442 115
1327 78
903 33
481 9
1395 26
936 195
1992 131
2178 107
1850 215
151 167
221 64
1712 149
654 59
1118 155
1919 157
2065 179
1236 4
285 194
763 83
1804 186
404 54
1443 36
1056 6
150 121
1164 151
1862 29
1362 134
1697 113
955 105
505 150
1183 13
76 48
1704 98
2157 99
808 49
1862 72
1964 118
1424 138
2122 196
419 86
550 12
410 147
4 133
1815 178
1054 35
1441 14
1527 145
1684 110
1988 77
1399 17
1076 208
1687 130
337 114
2027 139
1229 169
178 93
1792 60
1362 148
1399 104
1088 76
299 65
1378 207
218 94
223 70
217 73
1134 75
980 69
691 216
1796 142
1058 190
106 112
142 47
2032 38
1135 109
1253 22
1445 50
194 2
2075 44
1141 24
278 183
1828 141
2020 152
1809 117
1837 96
1055 10
255 125
410 103
80 122
773 87
632 8
1490 123
728 136
1885 88
1703 124
2055 15
1877 100
478 135
591 192
211 43
627 28
1415 74
1700 187
295 210
1850 177
2036 32
1463 170
1673 25
459 62
1008 168
1804 206
1206 85
999 31
1249 171
1612 7
778 129
1844 56
482 45
1636 127
1663 42
1420 203
1871 19
190 184
1495 217
409 84
453 197
41 209
2123 201
664 162
1222 172
1565 79
1198 175
2067 199
1627 3
1881 185
517 189
142 154
628 111
1142 92
1245 205
2178 165
84 163
1148 57
73 166
2074 41
931 174
2011 5
888 200
1810 159
2025 173
530 164
649 40
402 51
2135 18
1982 160
924 140
1338 63
1440 202
903 188
1217 97
1226 128
878 191
344 211
451 95
1935 137
94 161
574 1
2059 67
1230 198
1849 146
575 212
1038 120
1099 55
1783 101
1773 132
1336 214
2160 20
63 91
1714 58
27 39
1116 71
102 193
1597 156
581 66
1415 106
1140 116
1766 80
485 37
532 89
1100 126
1705 68
1446 180
1853 11
2052 213
510 158
1009 30
1225 61
1659 176
680 81
399 34
1599 16
1128 182
549 102
2133 0
1190 108
2161 144
1235 82
1462 181
512 21
1582 153
848 143
1593 53
104 23
1150 204
1466 27
476 90
1755 52
149 119
