240 60
1688 170
1701 230
1572 16
1968 21
466 108
1013 0
27 105
2259 161
1975 135
1410 139
2290 73
15 112
2334 58
1187 194
1630 143
1596 74
2247 38
603 97
693 142
997 145
1663 26
848 91
1201 96
1995 37
1816 29
189 87
1115 18
1824 239
676 141
1811 71
655 54
723 201
2254 76
402 222
903 24
1063 44
1954 229
2227 25
759 191
538 67
695 179
2052 109
2026 17
1139 211
434 33
2104 238
1954 130
31 163
939 6
1234 35
189 227
979 104
195 189
2064 175
2046 85
2226 217
1518 158
487 150
2320 182
507 218
1688 61
751 49
516 197
1012 14
820 10
266 30
2023 65
1369 152
1803 127
11 69
2039 103
1708 203
1471 212
92 200
418 60
1077 66
1079 157
1345 155
839 88
1894 89
2247 125
1796 50
2015 174
1191 42
2195 149
1170 198
453 138
866 171
1991 204
2016 20
20 206
592 173
269 123
690 15
1306 43
408 132
1811 32
1706 117
1482 110
1182 223
1199 128
455 169
1328 45
474 210
1548 47
1602 129
176 51
795 205
1000 178
2229 214
2323 232
400 9
787 1
1932 48
198 3
1124 137
1582 75
2355 133
587 92
1282 121
1678 228
180 83
55 192
774 181
1346 77
1684 126
1634 98
527 120
826 62
2228 119
2273 86
1025 221
1721 235
1340 207
300 176
1535 80
1837 82
1755 186
21 46
725 219
610 27
638 101
1367 94
1630 234
1000 160
1397 84
1424 124
526 12
1727 22
333 202
1400 63
1518 136
95 34
1691 36
2105 134
680 140
1573 72
7 5
405 199
1154 107
1456 188
1861 4
1134 114
1840 118
1572 185
642 224
1637 39
836 59
1382 53
1335 187
1524 19
1996 208
1856 13
73 195
2384 167
1088 131
1875 177
811 95
491 31
1586 166
1764 215
2188 213
1135 231
119 90
695 7
1874 70
2193 148
1517 81
1749 41
1732 2
2368 56
2126 162
88 28
2324 172
1065 233
249 164
1553 79
1376 122
592 23
2134 64
1294 100
686 116
1752 151
1874 57
1405 144
1390 153
869 115
1788 196
1547 216
380 106
330 180
1975 8
2098 99
692 183
346 111
284 55
1717 11
19 168
190 156
1056 236
1160 146
240 159
479 225
211 102
1191 237
1795 68
1233 93
956 165
1798 52
965 113
2262 220
188 193
351 209
1810 40
667 78
1091 154
1045 147
2122 190
948 184
560 226
