297 74
2289 157
1165 225
2424 294
532 148
2774 52
206 169
2138 254
1972 178
696 109
2387 162
1063 187
139 288
397 172
2143 114
831 227
2468 271
2714 281
2825 212
2620 174
37 22
189 190
1864 8
578 216
443 156
176 160
157 127
897 150
2221 106
2024 25
1489 206
2730 15
755 204
1303 99
860 144
1842 170
1429 221
2336 230
2394 224
2279 252
1657 155
1861 10
372 285
272 182
207 32
1329 23
65 228
1287 4
837 179
1741 171
1889 233
1598 55
103 242
1499 29
2249 163
2676 60
2195 98
523 149
572 291
2730 232
698 76
927 17
1884 72
2287 107
1264 53
1302 184
1285 296
2716 199
1908 113
2292 1
674 30
349 202
323 290
1935 142
2643 21
981 100
2595 131
659 277
636 118
37 183
845 145
171 0
51 180
696 71
2204 192
745 39
1567 46
1269 137
2575 125
1205 191
1812 237
806 188
110 262
2500 13
83 94
2550 80
25 214
2420 135
1898 167
1560 220
2374 215
961 195
518 82
2415 20
796 34
1312 256
2447 64
1627 88
2236 229
523 130
2614 51
2540 42
2762 78
922 38
896 70
1099 287
2456 19
948 75
1354 105
2023 255
290 91
2254 104
1347 102
1496 35
2840 273
107 247
1945 33
2041 278
611 66
1066 189
350 140
1591 240
884 265
2323 6
370 274
338 59
2421 37
2435 68
1435 193
2721 289
2870 126
2301 47
1340 5
2848 49
856 74
2029 63
2398 110
66 116
1586 203
2497 250
2797 213
2352 84
2287 248
3 185
1406 129
1742 217
1090 238
1605 153
108 18
378 117
592 173
1552 121
603 154
1305 36
122 69
340 261
377 2
2629 119
1612 282
730 89
814 90
2970 122
1928 243
2567 77
1367 134
2296 128
2608 211
1165 96
664 50
1204 239
2325 222
110 207
2836 57
1127 276
2627 272
2477 16
2189 257
908 197
970 124
1192 31
868 246
2447 161
1745 166
2287 284
1303 176
676 209
1451 12
2201 138
2011 115
362 200
326 269
1159 266
757 54
2524 97
194 103
1821 141
2861 283
1780 112
893 258
221 3
179 44
1391 249
1019 40
2265 143
2053 24
2047 267
1177 275
993 43
610 268
1759 27
1480 41
1332 175
2588 223
2954 201
846 194
1573 280
2472 270
792 48
1566 236
2586 168
1743 111
2107 11
2072 226
211 208
1727 28
2501 7
957 293
908 245
800 279
217 73
1590 61
2726 56
2753 186
1797 83
2446 147
2495 92
2065 231
467 251
2544 139
919 108
1341 177
1333 198
2832 295
1604 45
2476 263
2038 152
406 85
1691 132
402 165
1974 205
1520 101
358 218
31 259
2214 86
2665 65
957 244
558 260
1853 234
1442 81
1374 241
1311 67
1452 133
2665 159
1364 146
2164 120
372 219
338 235
596 14
1119 93
1944 9
1819 136
663 95
594 151
896 58
12 181
598 210
2323 286
2715 123
804 26
2197 196
2815 79
2380 164
2667 253
1124 292
2208 62
57 87
2254 158
905 264
