252 63
2408 85
168 173
2227 67
2007 29
724 24
1261 212
2038 125
44 162
593 213
1985 96
149 171
560 167
1780 232
298 163
1976 76
2213 200
2284 181
711 63
2413 48
448 215
358 2
2209 93
1040 56
2453 42
577 41
2052 58
1803 126
1342 220
209 198
1371 146
647 114
2215 157
2212 86
2436 69
181 182
2226 248
94 243
1587 160
1214 71
230 66
1074 148
611 90
1043 175
745 10
156 107
1356 37
673 176
101 83
2386 206
1402 38
2463 137
2036 13
284 25
543 32
2151 223
448 211
516 22
139 210
1773 35
566 156
1428 130
397 128
88 99
1200 75
2206 192
1558 1
734 120
13 138
841 183
386 102
2099 188
1971 87
866 57
930 134
1361 237
47 91
883 229
255 124
549 12
1108 222
1566 245
183 197
1403 230
1668 65
1766 193
1863 100
1369 190
1591 92
2412 4
1087 149
1157 111
1801 68
280 84
2118 228
2496 239
315 82
1775 164
2456 204
1780 89
1467 21
2002 201
447 51
2372 119
1326 94
1379 59
1380 235
333 203
388 110
190 132
706 194
2003 9
930 101
1806 47
2483 15
1058 158
1617 144
1893 26
919 227
74 14
1124 219
2069 196
1022 46
1881 20
1518 31
30 43
520 178
1923 23
435 11
1309 40
239 28
2025 179
1444 73
426 113
1244 236
881 45
205 177
1159 8
1285 226
2001 16
1981 53
2001 159
1139 151
1298 122
1169 17
142 155
1141 49
2072 147
2179 145
42 170
945 62
90 5
1504 172
698 185
313 161
632 154
957 208
11 88
2176 52
2258 244
2199 131
2097 121
1093 249
1404 225
1621 140
2154 95
488 221
1346 72
1066 165
2141 77
1280 139
2078 217
428 50
82 150
214 112
1911 209
2138 123
2263 27
67 44
102 3
144 109
472 136
1263 218
803 80
1812 74
2154 64
267 216
869 115
1873 105
757 18
120 233
1038 153
1918 70
584 108
1624 240
1408 189
610 202
980 187
876 242
180 241
859 251
334 166
1458 103
554 6
1395 142
1822 214
1459 116
2086 117
446 0
1216 250
1858 54
1139 169
1069 199
2102 81
1398 118
1217 191
1466 30
1971 186
812 168
1386 106
1190 195
1863 231
110 247
1248 205
2308 238
920 152
1766 55
1208 79
1009 141
849 7
99 39
760 104
1446 143
159 78
2034 135
1134 33
408 207
1752 127
246 246
2293 184
263 98
2051 174
571 34
971 36
791 234
389 133
1275 61
1841 129
231 60
405 224
2420 180
801 19
1516 97
