192 48
577 43
388 125
1289 101
1862 73
743 104
1757 160
1579 35
544 7
761 79
269 157
1286 71
830 174
660 114
555 151
1228 163
800 164
1006 118
1436 135
387 126
194 34
237 92
569 75
1090 1
637 107
623 37
438 167
1773 36
221 93
1569 102
1715 176
1629 143
1060 109
821 11
186 47
527 50
1742 147
394 52
298 108
1792 88
113 181
1021 173
928 98
1524 25
158 64
207 60
1357 27
574 155
1541 85
91 178
1477 106
231 112
259 187
1813 45
1145 146
969 169
71 62
30 31
1290 110
862 0
1405 159
185 78
997 191
1544 120
546 95
1718 16
378 40
359 180
262 116
789 14
1893 55
989 81
112 20
1231 131
991 138
441 177
85 165
836 182
95 166
435 83
1633 28
1874 39
1598 139
685 70
1217 17
152 123
392 122
243 100
109 117
807 137
1803 29
581 162
1077 61
1064 56
1450 183
1755 189
102 175
438 54
113 115
418 134
1075 74
1668 145
1798 13
1680 87
1486 190
1886 179
428 42
274 103
381 18
1747 119
1838 111
1731 26
1656 128
191 9
913 149
69 96
1212 129
1500 10
738 144
608 136
1869 15
916 84
287 8
292 6
1517 94
1629 23
1545 24
1850 86
961 130
1778 113
1887 168
712 141
28 127
706 5
1430 80
643 68
525 65
1773 161
690 30
1507 21
313 142
1352 77
87 124
548 184
1567 153
624 186
695 148
1434 171
582 82
1685 57
818 46
251 97
735 49
1178 154
1085 66
506 3
989 152
831 140
336 170
1847 69
768 59
890 51
509 67
1809 150
1840 172
607 33
1167 58
635 2
821 105
1877 121
1523 48
1143 38
148 185
1887 32
1290 132
395 76
1462 22
223 89
254 133
160 63
527 158
1675 72
829 188
1316 12
1162 4
1362 99
1020 41
393 19
690 44
594 90
993 53
1663 156
1195 91
